Date,prcp(mm/day),srad(W/m2),tmax(C),tmin(C),vp(Pa),flow(mm/day),elev_mean,slope_mean,area,p_mean,pet_mean,aridity,p_seasonality,frac_snow,high_prec_freq,high_prec_dur,low_prec_freq,low_prec_dur,carbonate_rocks_frac,geol_permeability,soil_depth_pelletier,soil_depth_statsgo,soil_porosity,soil_conductivity,max_water_content,sand_frac,silt_frac,clay_frac,frac_forest,lai_max,lai_diff,gvf_max,gvf_diff
1980-01-01,0.3,216.75,-1.55,-1.55,333.37,1.3684840400596632,658.41,27.06629,750.88,3.17552224503765,2.27054970568104,0.715016154973943,0.219528466253919,0.207214753166224,16.85,1.1541095890411,212.45,3.09468317552804,0,-16.0641,4.11759799833194,1.37608385686463,0.451685660266874,1.30108445697626,0.601283991047423,33.3877563865537,51.0347891166449,14.7976986383577,0.969,3.95608738968062,3.43920674799665,0.832442903389189,0.505112958942417
1980-01-02,0.32,200.17,-3.18,-3.18,311.65,1.17298632005114,658.41,27.06629,750.88,3.17552224503765,2.27054970568104,0.715016154973943,0.219528466253919,0.207214753166224,16.85,1.1541095890411,212.45,3.09468317552804,0,-16.0641,4.11759799833194,1.37608385686463,0.451685660266874,1.30108445697626,0.601283991047423,33.3877563865537,51.0347891166449,14.7976986383577,0.969,3.95608738968062,3.43920674799665,0.832442903389189,0.505112958942417
1980-01-03,0.08,176.81,-4.55,-4.55,296.57,0.9774886000426166,658.41,27.06629,750.88,3.17552224503765,2.27054970568104,0.715016154973943,0.219528466253919,0.207214753166224,16.85,1.1541095890411,212.45,3.09468317552804,0,-16.0641,4.11759799833194,1.37608385686463,0.451685660266874,1.30108445697626,0.601283991047423,33.3877563865537,51.0347891166449,14.7976986383577,0.969,3.95608738968062,3.43920674799665,0.832442903389189,0.505112958942417
1980-01-04,1.26,220.99,-9.78,-9.78,181.34,0.8471567867036011,658.41,27.06629,750.88,3.17552224503765,2.27054970568104,0.715016154973943,0.219528466253919,0.207214753166224,16.85,1.1541095890411,212.45,3.09468317552804,0,-16.0641,4.11759799833194,1.37608385686463,0.451685660266874,1.30108445697626,0.601283991047423,33.3877563865537,51.0347891166449,14.7976986383577,0.969,3.95608738968062,3.43920674799665,0.832442903389189,0.505112958942417
1980-01-05,0.69,198.69,-8.87,-8.87,194.56,0.8145738333688473,658.41,27.06629,750.88,3.17552224503765,2.27054970568104,0.715016154973943,0.219528466253919,0.207214753166224,16.85,1.1541095890411,212.45,3.09468317552804,0,-16.0641,4.11759799833194,1.37608385686463,0.451685660266874,1.30108445697626,0.601283991047423,33.3877563865537,51.0347891166449,14.7976986383577,0.969,3.95608738968062,3.43920674799665,0.832442903389189,0.505112958942417
1980-01-06,0.44,223.67,-8.74,-8.74,193.23,0.8145738333688473,658.41,27.06629,750.88,3.17552224503765,2.27054970568104,0.715016154973943,0.219528466253919,0.207214753166224,16.85,1.1541095890411,212.45,3.09468317552804,0,-16.0641,4.11759799833194,1.37608385686463,0.451685660266874,1.30108445697626,0.601283991047423,33.3877563865537,51.0347891166449,14.7976986383577,0.969,3.95608738968062,3.43920674799665,0.832442903389189,0.505112958942417
1980-01-07,0.7,217.6,-5.33,-5.33,250.55,0.8797397400383549,658.41,27.06629,750.88,3.17552224503765,2.27054970568104,0.715016154973943,0.219528466253919,0.207214753166224,16.85,1.1541095890411,212.45,3.09468317552804,0,-16.0641,4.11759799833194,1.37608385686463,0.451685660266874,1.30108445697626,0.601283991047423,33.3877563865537,51.0347891166449,14.7976986383577,0.969,3.95608738968062,3.43920674799665,0.832442903389189,0.505112958942417
1980-01-08,0.16,254.67,-4.95,-4.95,259.75,1.0752374600468781,658.41,27.06629,750.88,3.17552224503765,2.27054970568104,0.715016154973943,0.219528466253919,0.207214753166224,16.85,1.1541095890411,212.45,3.09468317552804,0,-16.0641,4.11759799833194,1.37608385686463,0.451685660266874,1.30108445697626,0.601283991047423,33.3877563865537,51.0347891166449,14.7976986383577,0.969,3.95608738968062,3.43920674799665,0.832442903389189,0.505112958942417
1980-01-09,0.06,247.22,-8.53,-8.53,190.54,1.140403366716386,658.41,27.06629,750.88,3.17552224503765,2.27054970568104,0.715016154973943,0.219528466253919,0.207214753166224,16.85,1.1541095890411,212.45,3.09468317552804,0,-16.0641,4.11759799833194,1.37608385686463,0.451685660266874,1.30108445697626,0.601283991047423,33.3877563865537,51.0347891166449,14.7976986383577,0.969,3.95608738968062,3.43920674799665,0.832442903389189,0.505112958942417
1980-01-10,0.12,292.98,-9.29,-9.29,173.66,0.9774886000426166,658.41,27.06629,750.88,3.17552224503765,2.27054970568104,0.715016154973943,0.219528466253919,0.207214753166224,16.85,1.1541095890411,212.45,3.09468317552804,0,-16.0641,4.11759799833194,1.37608385686463,0.451685660266874,1.30108445697626,0.601283991047423,33.3877563865537,51.0347891166449,14.7976986383577,0.969,3.95608738968062,3.43920674799665,0.832442903389189,0.505112958942417
1980-01-11,5.06,233.95,-2.73,-2.73,277.42,0.8145738333688473,658.41,27.06629,750.88,3.17552224503765,2.27054970568104,0.715016154973943,0.219528466253919,0.207214753166224,16.85,1.1541095890411,212.45,3.09468317552804,0,-16.0641,4.11759799833194,1.37608385686463,0.451685660266874,1.30108445697626,0.601283991047423,33.3877563865537,51.0347891166449,14.7976986383577,0.969,3.95608738968062,3.43920674799665,0.832442903389189,0.505112958942417
1980-01-12,2.3,239.9,-2.76,-2.76,240.98,1.2055692733858938,658.41,27.06629,750.88,3.17552224503765,2.27054970568104,0.715016154973943,0.219528466253919,0.207214753166224,16.85,1.1541095890411,212.45,3.09468317552804,0,-16.0641,4.11759799833194,1.37608385686463,0.451685660266874,1.30108445697626,0.601283991047423,33.3877563865537,51.0347891166449,14.7976986383577,0.969,3.95608738968062,3.43920674799665,0.832442903389189,0.505112958942417
1980-01-13,0.85,230.3,-7.94,-7.94,193.75,1.273993475388877,658.41,27.06629,750.88,3.17552224503765,2.27054970568104,0.715016154973943,0.219528466253919,0.207214753166224,16.85,1.1541095890411,212.45,3.09468317552804,0,-16.0641,4.11759799833194,1.37608385686463,0.451685660266874,1.30108445697626,0.601283991047423,33.3877563865537,51.0347891166449,14.7976986383577,0.969,3.95608738968062,3.43920674799665,0.832442903389189,0.505112958942417
1980-01-14,0.36,219.74,-3.95,-3.95,315.49,0.7037917920306839,658.41,27.06629,750.88,3.17552224503765,2.27054970568104,0.715016154973943,0.219528466253919,0.207214753166224,16.85,1.1541095890411,212.45,3.09468317552804,0,-16.0641,4.11759799833194,1.37608385686463,0.451685660266874,1.30108445697626,0.601283991047423,33.3877563865537,51.0347891166449,14.7976986383577,0.969,3.95608738968062,3.43920674799665,0.832442903389189,0.505112958942417
1980-01-15,0.06,221.6,0.37,0.37,442.32,0.6679505433624546,658.41,27.06629,750.88,3.17552224503765,2.27054970568104,0.715016154973943,0.219528466253919,0.207214753166224,16.85,1.1541095890411,212.45,3.09468317552804,0,-16.0641,4.11759799833194,1.37608385686463,0.451685660266874,1.30108445697626,0.601283991047423,33.3877563865537,51.0347891166449,14.7976986383577,0.969,3.95608738968062,3.43920674799665,0.832442903389189,0.505112958942417
1980-01-16,0.0,307.37,-0.71,-0.71,357.9,0.6190761133603239,658.41,27.06629,750.88,3.17552224503765,2.27054970568104,0.715016154973943,0.219528466253919,0.207214753166224,16.85,1.1541095890411,212.45,3.09468317552804,0,-16.0641,4.11759799833194,1.37608385686463,0.451685660266874,1.30108445697626,0.601283991047423,33.3877563865537,51.0347891166449,14.7976986383577,0.969,3.95608738968062,3.43920674799665,0.832442903389189,0.505112958942417
1980-01-17,0.0,266.26,1.88,1.88,468.71,0.5767182740251438,658.41,27.06629,750.88,3.17552224503765,2.27054970568104,0.715016154973943,0.219528466253919,0.207214753166224,16.85,1.1541095890411,212.45,3.09468317552804,0,-16.0641,4.11759799833194,1.37608385686463,0.451685660266874,1.30108445697626,0.601283991047423,33.3877563865537,51.0347891166449,14.7976986383577,0.969,3.95608738968062,3.43920674799665,0.832442903389189,0.505112958942417
1980-01-18,0.0,169.6,2.37,2.37,552.31,0.6093012273598977,658.41,27.06629,750.88,3.17552224503765,2.27054970568104,0.715016154973943,0.219528466253919,0.207214753166224,16.85,1.1541095890411,212.45,3.09468317552804,0,-16.0641,4.11759799833194,1.37608385686463,0.451685660266874,1.30108445697626,0.601283991047423,33.3877563865537,51.0347891166449,14.7976986383577,0.969,3.95608738968062,3.43920674799665,0.832442903389189,0.505112958942417
1980-01-19,0.02,216.31,-0.11,-0.11,450.59,0.5995263413594715,658.41,27.06629,750.88,3.17552224503765,2.27054970568104,0.715016154973943,0.219528466253919,0.207214753166224,16.85,1.1541095890411,212.45,3.09468317552804,0,-16.0641,4.11759799833194,1.37608385686463,0.451685660266874,1.30108445697626,0.601283991047423,33.3877563865537,51.0347891166449,14.7976986383577,0.969,3.95608738968062,3.43920674799665,0.832442903389189,0.505112958942417
1980-01-20,0.53,136.26,-2.9,-2.9,370.83,0.5245855486895376,658.41,27.06629,750.88,3.17552224503765,2.27054970568104,0.715016154973943,0.219528466253919,0.207214753166224,16.85,1.1541095890411,212.45,3.09468317552804,0,-16.0641,4.11759799833194,1.37608385686463,0.451685660266874,1.30108445697626,0.601283991047423,33.3877563865537,51.0347891166449,14.7976986383577,0.969,3.95608738968062,3.43920674799665,0.832442903389189,0.505112958942417
1980-01-21,0.14,225.18,-4.86,-4.86,303.61,0.4789694140208821,658.41,27.06629,750.88,3.17552224503765,2.27054970568104,0.715016154973943,0.219528466253919,0.207214753166224,16.85,1.1541095890411,212.45,3.09468317552804,0,-16.0641,4.11759799833194,1.37608385686463,0.451685660266874,1.30108445697626,0.601283991047423,33.3877563865537,51.0347891166449,14.7976986383577,0.969,3.95608738968062,3.43920674799665,0.832442903389189,0.505112958942417
1980-01-22,1.46,229.87,-6.18,-6.18,250.12,0.42357839335180053,658.41,27.06629,750.88,3.17552224503765,2.27054970568104,0.715016154973943,0.219528466253919,0.207214753166224,16.85,1.1541095890411,212.45,3.09468317552804,0,-16.0641,4.11759799833194,1.37608385686463,0.451685660266874,1.30108445697626,0.601283991047423,33.3877563865537,51.0347891166449,14.7976986383577,0.969,3.95608738968062,3.43920674799665,0.832442903389189,0.505112958942417
1980-01-23,0.83,229.54,-5.8,-5.8,237.11,0.3909954400170466,658.41,27.06629,750.88,3.17552224503765,2.27054970568104,0.715016154973943,0.219528466253919,0.207214753166224,16.85,1.1541095890411,212.45,3.09468317552804,0,-16.0641,4.11759799833194,1.37608385686463,0.451685660266874,1.30108445697626,0.601283991047423,33.3877563865537,51.0347891166449,14.7976986383577,0.969,3.95608738968062,3.43920674799665,0.832442903389189,0.505112958942417
1980-01-24,0.13,280.76,-10.79,-10.79,158.25,0.3421210100149158,658.41,27.06629,750.88,3.17552224503765,2.27054970568104,0.715016154973943,0.219528466253919,0.207214753166224,16.85,1.1541095890411,212.45,3.09468317552804,0,-16.0641,4.11759799833194,1.37608385686463,0.451685660266874,1.30108445697626,0.601283991047423,33.3877563865537,51.0347891166449,14.7976986383577,0.969,3.95608738968062,3.43920674799665,0.832442903389189,0.505112958942417
1980-01-25,1.52,233.93,-13.08,-13.08,135.6,0.41054521201789895,658.41,27.06629,750.88,3.17552224503765,2.27054970568104,0.715016154973943,0.219528466253919,0.207214753166224,16.85,1.1541095890411,212.45,3.09468317552804,0,-16.0641,4.11759799833194,1.37608385686463,0.451685660266874,1.30108445697626,0.601283991047423,33.3877563865537,51.0347891166449,14.7976986383577,0.969,3.95608738968062,3.43920674799665,0.832442903389189,0.505112958942417
1980-01-26,0.4,283.36,-10.56,-10.56,174.54,0.42357839335180053,658.41,27.06629,750.88,3.17552224503765,2.27054970568104,0.715016154973943,0.219528466253919,0.207214753166224,16.85,1.1541095890411,212.45,3.09468317552804,0,-16.0641,4.11759799833194,1.37608385686463,0.451685660266874,1.30108445697626,0.601283991047423,33.3877563865537,51.0347891166449,14.7976986383577,0.969,3.95608738968062,3.43920674799665,0.832442903389189,0.505112958942417
1980-01-27,0.06,233.66,-7.98,-7.98,220.53,0.3909954400170466,658.41,27.06629,750.88,3.17552224503765,2.27054970568104,0.715016154973943,0.219528466253919,0.207214753166224,16.85,1.1541095890411,212.45,3.09468317552804,0,-16.0641,4.11759799833194,1.37608385686463,0.451685660266874,1.30108445697626,0.601283991047423,33.3877563865537,51.0347891166449,14.7976986383577,0.969,3.95608738968062,3.43920674799665,0.832442903389189,0.505112958942417
1980-01-28,0.03,232.99,-7.81,-7.81,223.23,0.35841248668229275,658.41,27.06629,750.88,3.17552224503765,2.27054970568104,0.715016154973943,0.219528466253919,0.207214753166224,16.85,1.1541095890411,212.45,3.09468317552804,0,-16.0641,4.11759799833194,1.37608385686463,0.451685660266874,1.30108445697626,0.601283991047423,33.3877563865537,51.0347891166449,14.7976986383577,0.969,3.95608738968062,3.43920674799665,0.832442903389189,0.505112958942417
1980-01-29,0.3,210.13,-10.01,-10.01,183.66,0.3258295333475389,658.41,27.06629,750.88,3.17552224503765,2.27054970568104,0.715016154973943,0.219528466253919,0.207214753166224,16.85,1.1541095890411,212.45,3.09468317552804,0,-16.0641,4.11759799833194,1.37608385686463,0.451685660266874,1.30108445697626,0.601283991047423,33.3877563865537,51.0347891166449,14.7976986383577,0.969,3.95608738968062,3.43920674799665,0.832442903389189,0.505112958942417
1980-01-30,0.09,283.38,-11.44,-11.44,154.78,0.29976317067973574,658.41,27.06629,750.88,3.17552224503765,2.27054970568104,0.715016154973943,0.219528466253919,0.207214753166224,16.85,1.1541095890411,212.45,3.09468317552804,0,-16.0641,4.11759799833194,1.37608385686463,0.451685660266874,1.30108445697626,0.601283991047423,33.3877563865537,51.0347891166449,14.7976986383577,0.969,3.95608738968062,3.43920674799665,0.832442903389189,0.505112958942417
1980-01-31,0.0,301.97,-13.05,-13.05,130.78,0.293246580012785,658.41,27.06629,750.88,3.17552224503765,2.27054970568104,0.715016154973943,0.219528466253919,0.207214753166224,16.85,1.1541095890411,212.45,3.09468317552804,0,-16.0641,4.11759799833194,1.37608385686463,0.451685660266874,1.30108445697626,0.601283991047423,33.3877563865537,51.0347891166449,14.7976986383577,0.969,3.95608738968062,3.43920674799665,0.832442903389189,0.505112958942417
1980-02-01,0.0,296.56,-14.28,-14.28,117.99,0.2802133986788834,658.41,27.06629,750.88,3.17552224503765,2.27054970568104,0.715016154973943,0.219528466253919,0.207214753166224,16.85,1.1541095890411,212.45,3.09468317552804,0,-16.0641,4.11759799833194,1.37608385686463,0.451685660266874,1.30108445697626,0.601283991047423,33.3877563865537,51.0347891166449,14.7976986383577,0.969,3.95608738968062,3.43920674799665,0.832442903389189,0.505112958942417
1980-02-02,0.0,310.43,-14.94,-14.94,111.34,0.2671802173449819,658.41,27.06629,750.88,3.17552224503765,2.27054970568104,0.715016154973943,0.219528466253919,0.207214753166224,16.85,1.1541095890411,212.45,3.09468317552804,0,-16.0641,4.11759799833194,1.37608385686463,0.451685660266874,1.30108445697626,0.601283991047423,33.3877563865537,51.0347891166449,14.7976986383577,0.969,3.95608738968062,3.43920674799665,0.832442903389189,0.505112958942417
1980-02-03,0.02,303.48,-14.42,-14.42,119.6,0.25414703601108035,658.41,27.06629,750.88,3.17552224503765,2.27054970568104,0.715016154973943,0.219528466253919,0.207214753166224,16.85,1.1541095890411,212.45,3.09468317552804,0,-16.0641,4.11759799833194,1.37608385686463,0.451685660266874,1.30108445697626,0.601283991047423,33.3877563865537,51.0347891166449,14.7976986383577,0.969,3.95608738968062,3.43920674799665,0.832442903389189,0.505112958942417
1980-02-04,0.0,298.88,-11.48,-11.48,150.13,0.24111385467717877,658.41,27.06629,750.88,3.17552224503765,2.27054970568104,0.715016154973943,0.219528466253919,0.207214753166224,16.85,1.1541095890411,212.45,3.09468317552804,0,-16.0641,4.11759799833194,1.37608385686463,0.451685660266874,1.30108445697626,0.601283991047423,33.3877563865537,51.0347891166449,14.7976986383577,0.969,3.95608738968062,3.43920674799665,0.832442903389189,0.505112958942417
1980-02-05,0.0,360.33,-12.4,-12.4,126.03,0.22808067334327722,658.41,27.06629,750.88,3.17552224503765,2.27054970568104,0.715016154973943,0.219528466253919,0.207214753166224,16.85,1.1541095890411,212.45,3.09468317552804,0,-16.0641,4.11759799833194,1.37608385686463,0.451685660266874,1.30108445697626,0.601283991047423,33.3877563865537,51.0347891166449,14.7976986383577,0.969,3.95608738968062,3.43920674799665,0.832442903389189,0.505112958942417
1980-02-06,0.06,336.24,-9.92,-9.92,145.69,0.22156408267632643,658.41,27.06629,750.88,3.17552224503765,2.27054970568104,0.715016154973943,0.219528466253919,0.207214753166224,16.85,1.1541095890411,212.45,3.09468317552804,0,-16.0641,4.11759799833194,1.37608385686463,0.451685660266874,1.30108445697626,0.601283991047423,33.3877563865537,51.0347891166449,14.7976986383577,0.969,3.95608738968062,3.43920674799665,0.832442903389189,0.505112958942417
1980-02-07,0.03,360.05,-9.42,-9.42,155.24,0.21504749200937565,658.41,27.06629,750.88,3.17552224503765,2.27054970568104,0.715016154973943,0.219528466253919,0.207214753166224,16.85,1.1541095890411,212.45,3.09468317552804,0,-16.0641,4.11759799833194,1.37608385686463,0.451685660266874,1.30108445697626,0.601283991047423,33.3877563865537,51.0347891166449,14.7976986383577,0.969,3.95608738968062,3.43920674799665,0.832442903389189,0.505112958942417
1980-02-08,0.0,351.44,-8.41,-8.41,171.31,0.21504749200937565,658.41,27.06629,750.88,3.17552224503765,2.27054970568104,0.715016154973943,0.219528466253919,0.207214753166224,16.85,1.1541095890411,212.45,3.09468317552804,0,-16.0641,4.11759799833194,1.37608385686463,0.451685660266874,1.30108445697626,0.601283991047423,33.3877563865537,51.0347891166449,14.7976986383577,0.969,3.95608738968062,3.43920674799665,0.832442903389189,0.505112958942417
1980-02-09,0.0,367.3,-9.77,-9.77,152.95,0.21504749200937565,658.41,27.06629,750.88,3.17552224503765,2.27054970568104,0.715016154973943,0.219528466253919,0.207214753166224,16.85,1.1541095890411,212.45,3.09468317552804,0,-16.0641,4.11759799833194,1.37608385686463,0.451685660266874,1.30108445697626,0.601283991047423,33.3877563865537,51.0347891166449,14.7976986383577,0.969,3.95608738968062,3.43920674799665,0.832442903389189,0.505112958942417
1980-02-10,0.0,355.2,-9.62,-9.62,159.51,0.21504749200937565,658.41,27.06629,750.88,3.17552224503765,2.27054970568104,0.715016154973943,0.219528466253919,0.207214753166224,16.85,1.1541095890411,212.45,3.09468317552804,0,-16.0641,4.11759799833194,1.37608385686463,0.451685660266874,1.30108445697626,0.601283991047423,33.3877563865537,51.0347891166449,14.7976986383577,0.969,3.95608738968062,3.43920674799665,0.832442903389189,0.505112958942417
1980-02-11,0.91,280.32,-8.59,-8.59,183.21,0.21504749200937565,658.41,27.06629,750.88,3.17552224503765,2.27054970568104,0.715016154973943,0.219528466253919,0.207214753166224,16.85,1.1541095890411,212.45,3.09468317552804,0,-16.0641,4.11759799833194,1.37608385686463,0.451685660266874,1.30108445697626,0.601283991047423,33.3877563865537,51.0347891166449,14.7976986383577,0.969,3.95608738968062,3.43920674799665,0.832442903389189,0.505112958942417
1980-02-12,0.26,322.24,-7.71,-7.71,195.89,0.21504749200937565,658.41,27.06629,750.88,3.17552224503765,2.27054970568104,0.715016154973943,0.219528466253919,0.207214753166224,16.85,1.1541095890411,212.45,3.09468317552804,0,-16.0641,4.11759799833194,1.37608385686463,0.451685660266874,1.30108445697626,0.601283991047423,33.3877563865537,51.0347891166449,14.7976986383577,0.969,3.95608738968062,3.43920674799665,0.832442903389189,0.505112958942417
1980-02-13,0.0,383.9,-9.42,-9.42,168.95,0.21504749200937565,658.41,27.06629,750.88,3.17552224503765,2.27054970568104,0.715016154973943,0.219528466253919,0.207214753166224,16.85,1.1541095890411,212.45,3.09468317552804,0,-16.0641,4.11759799833194,1.37608385686463,0.451685660266874,1.30108445697626,0.601283991047423,33.3877563865537,51.0347891166449,14.7976986383577,0.969,3.95608738968062,3.43920674799665,0.832442903389189,0.505112958942417
1980-02-14,0.03,304.58,-6.29,-6.29,225.91,0.21504749200937565,658.41,27.06629,750.88,3.17552224503765,2.27054970568104,0.715016154973943,0.219528466253919,0.207214753166224,16.85,1.1541095890411,212.45,3.09468317552804,0,-16.0641,4.11759799833194,1.37608385686463,0.451685660266874,1.30108445697626,0.601283991047423,33.3877563865537,51.0347891166449,14.7976986383577,0.969,3.95608738968062,3.43920674799665,0.832442903389189,0.505112958942417
1980-02-15,7.24,263.79,-6.75,-6.75,229.7,0.21504749200937565,658.41,27.06629,750.88,3.17552224503765,2.27054970568104,0.715016154973943,0.219528466253919,0.207214753166224,16.85,1.1541095890411,212.45,3.09468317552804,0,-16.0641,4.11759799833194,1.37608385686463,0.451685660266874,1.30108445697626,0.601283991047423,33.3877563865537,51.0347891166449,14.7976986383577,0.969,3.95608738968062,3.43920674799665,0.832442903389189,0.505112958942417
1980-02-16,3.73,221.59,-7.63,-7.63,218.79,0.21504749200937565,658.41,27.06629,750.88,3.17552224503765,2.27054970568104,0.715016154973943,0.219528466253919,0.207214753166224,16.85,1.1541095890411,212.45,3.09468317552804,0,-16.0641,4.11759799833194,1.37608385686463,0.451685660266874,1.30108445697626,0.601283991047423,33.3877563865537,51.0347891166449,14.7976986383577,0.969,3.95608738968062,3.43920674799665,0.832442903389189,0.505112958942417
1980-02-17,0.48,363.43,-10.93,-10.93,157.49,0.24763044534412954,658.41,27.06629,750.88,3.17552224503765,2.27054970568104,0.715016154973943,0.219528466253919,0.207214753166224,16.85,1.1541095890411,212.45,3.09468317552804,0,-16.0641,4.11759799833194,1.37608385686463,0.451685660266874,1.30108445697626,0.601283991047423,33.3877563865537,51.0347891166449,14.7976986383577,0.969,3.95608738968062,3.43920674799665,0.832442903389189,0.505112958942417
1980-02-18,0.0,398.83,-10.49,-10.49,158.32,0.3258295333475389,658.41,27.06629,750.88,3.17552224503765,2.27054970568104,0.715016154973943,0.219528466253919,0.207214753166224,16.85,1.1541095890411,212.45,3.09468317552804,0,-16.0641,4.11759799833194,1.37608385686463,0.451685660266874,1.30108445697626,0.601283991047423,33.3877563865537,51.0347891166449,14.7976986383577,0.969,3.95608738968062,3.43920674799665,0.832442903389189,0.505112958942417
1980-02-19,0.0,410.73,-4.98,-4.98,240.78,0.2802133986788834,658.41,27.06629,750.88,3.17552224503765,2.27054970568104,0.715016154973943,0.219528466253919,0.207214753166224,16.85,1.1541095890411,212.45,3.09468317552804,0,-16.0641,4.11759799833194,1.37608385686463,0.451685660266874,1.30108445697626,0.601283991047423,33.3877563865537,51.0347891166449,14.7976986383577,0.969,3.95608738968062,3.43920674799665,0.832442903389189,0.505112958942417
1980-02-20,0.0,402.7,0.96,0.96,385.93,0.22156408267632643,658.41,27.06629,750.88,3.17552224503765,2.27054970568104,0.715016154973943,0.219528466253919,0.207214753166224,16.85,1.1541095890411,212.45,3.09468317552804,0,-16.0641,4.11759799833194,1.37608385686463,0.451685660266874,1.30108445697626,0.601283991047423,33.3877563865537,51.0347891166449,14.7976986383577,0.969,3.95608738968062,3.43920674799665,0.832442903389189,0.505112958942417
1980-02-21,4.67,240.86,3.01,3.01,510.81,0.22156408267632643,658.41,27.06629,750.88,3.17552224503765,2.27054970568104,0.715016154973943,0.219528466253919,0.207214753166224,16.85,1.1541095890411,212.45,3.09468317552804,0,-16.0641,4.11759799833194,1.37608385686463,0.451685660266874,1.30108445697626,0.601283991047423,33.3877563865537,51.0347891166449,14.7976986383577,0.969,3.95608738968062,3.43920674799665,0.832442903389189,0.505112958942417
1980-02-22,1.96,245.37,1.58,1.58,486.24,0.3258295333475389,658.41,27.06629,750.88,3.17552224503765,2.27054970568104,0.715016154973943,0.219528466253919,0.207214753166224,16.85,1.1541095890411,212.45,3.09468317552804,0,-16.0641,4.11759799833194,1.37608385686463,0.451685660266874,1.30108445697626,0.601283991047423,33.3877563865537,51.0347891166449,14.7976986383577,0.969,3.95608738968062,3.43920674799665,0.832442903389189,0.505112958942417
1980-02-23,2.42,228.48,1.11,1.11,473.16,1.4662329000639247,658.41,27.06629,750.88,3.17552224503765,2.27054970568104,0.715016154973943,0.219528466253919,0.207214753166224,16.85,1.1541095890411,212.45,3.09468317552804,0,-16.0641,4.11759799833194,1.37608385686463,0.451685660266874,1.30108445697626,0.601283991047423,33.3877563865537,51.0347891166449,14.7976986383577,0.969,3.95608738968062,3.43920674799665,0.832442903389189,0.505112958942417
1980-02-24,0.6,236.49,-0.28,-0.28,416.74,1.081754050713829,658.41,27.06629,750.88,3.17552224503765,2.27054970568104,0.715016154973943,0.219528466253919,0.207214753166224,16.85,1.1541095890411,212.45,3.09468317552804,0,-16.0641,4.11759799833194,1.37608385686463,0.451685660266874,1.30108445697626,0.601283991047423,33.3877563865537,51.0347891166449,14.7976986383577,0.969,3.95608738968062,3.43920674799665,0.832442903389189,0.505112958942417
1980-02-25,1.04,285.9,-3.37,-3.37,280.86,0.6321092946942254,658.41,27.06629,750.88,3.17552224503765,2.27054970568104,0.715016154973943,0.219528466253919,0.207214753166224,16.85,1.1541095890411,212.45,3.09468317552804,0,-16.0641,4.11759799833194,1.37608385686463,0.451685660266874,1.30108445697626,0.601283991047423,33.3877563865537,51.0347891166449,14.7976986383577,0.969,3.95608738968062,3.43920674799665,0.832442903389189,0.505112958942417
1980-02-26,0.58,333.86,-8.54,-8.54,165.24,0.3909954400170466,658.41,27.06629,750.88,3.17552224503765,2.27054970568104,0.715016154973943,0.219528466253919,0.207214753166224,16.85,1.1541095890411,212.45,3.09468317552804,0,-16.0641,4.11759799833194,1.37608385686463,0.451685660266874,1.30108445697626,0.601283991047423,33.3877563865537,51.0347891166449,14.7976986383577,0.969,3.95608738968062,3.43920674799665,0.832442903389189,0.505112958942417
1980-02-27,0.48,317.04,-10.08,-10.08,148.98,0.3258295333475389,658.41,27.06629,750.88,3.17552224503765,2.27054970568104,0.715016154973943,0.219528466253919,0.207214753166224,16.85,1.1541095890411,212.45,3.09468317552804,0,-16.0641,4.11759799833194,1.37608385686463,0.451685660266874,1.30108445697626,0.601283991047423,33.3877563865537,51.0347891166449,14.7976986383577,0.969,3.95608738968062,3.43920674799665,0.832442903389189,0.505112958942417
1980-02-28,0.1,373.97,-10.29,-10.29,143.09,0.29976317067973574,658.41,27.06629,750.88,3.17552224503765,2.27054970568104,0.715016154973943,0.219528466253919,0.207214753166224,16.85,1.1541095890411,212.45,3.09468317552804,0,-16.0641,4.11759799833194,1.37608385686463,0.451685660266874,1.30108445697626,0.601283991047423,33.3877563865537,51.0347891166449,14.7976986383577,0.969,3.95608738968062,3.43920674799665,0.832442903389189,0.505112958942417
1980-02-29,0.07,395.83,-14.38,-14.38,105.19,0.2867299893458342,658.41,27.06629,750.88,3.17552224503765,2.27054970568104,0.715016154973943,0.219528466253919,0.207214753166224,16.85,1.1541095890411,212.45,3.09468317552804,0,-16.0641,4.11759799833194,1.37608385686463,0.451685660266874,1.30108445697626,0.601283991047423,33.3877563865537,51.0347891166449,14.7976986383577,0.969,3.95608738968062,3.43920674799665,0.832442903389189,0.505112958942417
1980-03-01,0.04,417.78,-18.48,-18.48,67.28,0.2606636266780311,658.41,27.06629,750.88,3.17552224503765,2.27054970568104,0.715016154973943,0.219528466253919,0.207214753166224,16.85,1.1541095890411,212.45,3.09468317552804,0,-16.0641,4.11759799833194,1.37608385686463,0.451685660266874,1.30108445697626,0.601283991047423,33.3877563865537,51.0347891166449,14.7976986383577,0.969,3.95608738968062,3.43920674799665,0.832442903389189,0.505112958942417
1980-03-02,0.0,456.49,-18.68,-18.68,63.89,0.24111385467717877,658.41,27.06629,750.88,3.17552224503765,2.27054970568104,0.715016154973943,0.219528466253919,0.207214753166224,16.85,1.1541095890411,212.45,3.09468317552804,0,-16.0641,4.11759799833194,1.37608385686463,0.451685660266874,1.30108445697626,0.601283991047423,33.3877563865537,51.0347891166449,14.7976986383577,0.969,3.95608738968062,3.43920674799665,0.832442903389189,0.505112958942417
1980-03-03,0.0,466.97,-13.95,-13.95,100.89,0.21504749200937565,658.41,27.06629,750.88,3.17552224503765,2.27054970568104,0.715016154973943,0.219528466253919,0.207214753166224,16.85,1.1541095890411,212.45,3.09468317552804,0,-16.0641,4.11759799833194,1.37608385686463,0.451685660266874,1.30108445697626,0.601283991047423,33.3877563865537,51.0347891166449,14.7976986383577,0.969,3.95608738968062,3.43920674799665,0.832442903389189,0.505112958942417
1980-03-04,0.46,352.11,-5.13,-5.13,224.23,0.2020143106754741,658.41,27.06629,750.88,3.17552224503765,2.27054970568104,0.715016154973943,0.219528466253919,0.207214753166224,16.85,1.1541095890411,212.45,3.09468317552804,0,-16.0641,4.11759799833194,1.37608385686463,0.451685660266874,1.30108445697626,0.601283991047423,33.3877563865537,51.0347891166449,14.7976986383577,0.969,3.95608738968062,3.43920674799665,0.832442903389189,0.505112958942417
1980-03-05,2.33,303.78,-0.27,-0.27,332.45,0.1954977200085233,658.41,27.06629,750.88,3.17552224503765,2.27054970568104,0.715016154973943,0.219528466253919,0.207214753166224,16.85,1.1541095890411,212.45,3.09468317552804,0,-16.0641,4.11759799833194,1.37608385686463,0.451685660266874,1.30108445697626,0.601283991047423,33.3877563865537,51.0347891166449,14.7976986383577,0.969,3.95608738968062,3.43920674799665,0.832442903389189,0.505112958942417
1980-03-06,0.59,443.16,-2.98,-2.98,260.62,0.5213272533560622,658.41,27.06629,750.88,3.17552224503765,2.27054970568104,0.715016154973943,0.219528466253919,0.207214753166224,16.85,1.1541095890411,212.45,3.09468317552804,0,-16.0641,4.11759799833194,1.37608385686463,0.451685660266874,1.30108445697626,0.601283991047423,33.3877563865537,51.0347891166449,14.7976986383577,0.969,3.95608738968062,3.43920674799665,0.832442903389189,0.505112958942417
1980-03-07,17.08,323.72,-0.77,-0.77,347.62,0.45616134668655445,658.41,27.06629,750.88,3.17552224503765,2.27054970568104,0.715016154973943,0.219528466253919,0.207214753166224,16.85,1.1541095890411,212.45,3.09468317552804,0,-16.0641,4.11759799833194,1.37608385686463,0.451685660266874,1.30108445697626,0.601283991047423,33.3877563865537,51.0347891166449,14.7976986383577,0.969,3.95608738968062,3.43920674799665,0.832442903389189,0.505112958942417
1980-03-08,5.12,295.38,2.38,2.38,445.79,6.842420200298316,658.41,27.06629,750.88,3.17552224503765,2.27054970568104,0.715016154973943,0.219528466253919,0.207214753166224,16.85,1.1541095890411,212.45,3.09468317552804,0,-16.0641,4.11759799833194,1.37608385686463,0.451685660266874,1.30108445697626,0.601283991047423,33.3877563865537,51.0347891166449,14.7976986383577,0.969,3.95608738968062,3.43920674799665,0.832442903389189,0.505112958942417
1980-03-09,0.17,461.2,0.27,0.27,329.96,3.4537930534839116,658.41,27.06629,750.88,3.17552224503765,2.27054970568104,0.715016154973943,0.219528466253919,0.207214753166224,16.85,1.1541095890411,212.45,3.09468317552804,0,-16.0641,4.11759799833194,1.37608385686463,0.451685660266874,1.30108445697626,0.601283991047423,33.3877563865537,51.0347891166449,14.7976986383577,0.969,3.95608738968062,3.43920674799665,0.832442903389189,0.505112958942417
1980-03-10,3.32,358.31,-0.81,-0.81,293.74,1.7562211847432343,658.41,27.06629,750.88,3.17552224503765,2.27054970568104,0.715016154973943,0.219528466253919,0.207214753166224,16.85,1.1541095890411,212.45,3.09468317552804,0,-16.0641,4.11759799833194,1.37608385686463,0.451685660266874,1.30108445697626,0.601283991047423,33.3877563865537,51.0347891166449,14.7976986383577,0.969,3.95608738968062,3.43920674799665,0.832442903389189,0.505112958942417
1980-03-11,1.81,378.27,-2.82,-2.82,225.34,2.036434583422118,658.41,27.06629,750.88,3.17552224503765,2.27054970568104,0.715016154973943,0.219528466253919,0.207214753166224,16.85,1.1541095890411,212.45,3.09468317552804,0,-16.0641,4.11759799833194,1.37608385686463,0.451685660266874,1.30108445697626,0.601283991047423,33.3877563865537,51.0347891166449,14.7976986383577,0.969,3.95608738968062,3.43920674799665,0.832442903389189,0.505112958942417
1980-03-12,0.29,416.98,-7.67,-7.67,176.17,1.1045621180481566,658.41,27.06629,750.88,3.17552224503765,2.27054970568104,0.715016154973943,0.219528466253919,0.207214753166224,16.85,1.1541095890411,212.45,3.09468317552804,0,-16.0641,4.11759799833194,1.37608385686463,0.451685660266874,1.30108445697626,0.601283991047423,33.3877563865537,51.0347891166449,14.7976986383577,0.969,3.95608738968062,3.43920674799665,0.832442903389189,0.505112958942417
1980-03-13,12.36,342.69,-8.21,-8.21,196.46,0.9937800767099936,658.41,27.06629,750.88,3.17552224503765,2.27054970568104,0.715016154973943,0.219528466253919,0.207214753166224,16.85,1.1541095890411,212.45,3.09468317552804,0,-16.0641,4.11759799833194,1.37608385686463,0.451685660266874,1.30108445697626,0.601283991047423,33.3877563865537,51.0347891166449,14.7976986383577,0.969,3.95608738968062,3.43920674799665,0.832442903389189,0.505112958942417
1980-03-14,4.16,287.6,-5.28,-5.28,258.11,0.8243487193692732,658.41,27.06629,750.88,3.17552224503765,2.27054970568104,0.715016154973943,0.219528466253919,0.207214753166224,16.85,1.1541095890411,212.45,3.09468317552804,0,-16.0641,4.11759799833194,1.37608385686463,0.451685660266874,1.30108445697626,0.601283991047423,33.3877563865537,51.0347891166449,14.7976986383577,0.969,3.95608738968062,3.43920674799665,0.832442903389189,0.505112958942417
1980-03-15,0.24,435.27,-5.4,-5.4,230.06,0.9546805327082889,658.41,27.06629,750.88,3.17552224503765,2.27054970568104,0.715016154973943,0.219528466253919,0.207214753166224,16.85,1.1541095890411,212.45,3.09468317552804,0,-16.0641,4.11759799833194,1.37608385686463,0.451685660266874,1.30108445697626,0.601283991047423,33.3877563865537,51.0347891166449,14.7976986383577,0.969,3.95608738968062,3.43920674799665,0.832442903389189,0.505112958942417
1980-03-16,0.0,520.44,-4.43,-4.43,238.59,1.2381522267206477,658.41,27.06629,750.88,3.17552224503765,2.27054970568104,0.715016154973943,0.219528466253919,0.207214753166224,16.85,1.1541095890411,212.45,3.09468317552804,0,-16.0641,4.11759799833194,1.37608385686463,0.451685660266874,1.30108445697626,0.601283991047423,33.3877563865537,51.0347891166449,14.7976986383577,0.969,3.95608738968062,3.43920674799665,0.832442903389189,0.505112958942417
1980-03-17,6.11,329.52,3.47,3.47,454.39,2.776067624121031,658.41,27.06629,750.88,3.17552224503765,2.27054970568104,0.715016154973943,0.219528466253919,0.207214753166224,16.85,1.1541095890411,212.45,3.09468317552804,0,-16.0641,4.11759799833194,1.37608385686463,0.451685660266874,1.30108445697626,0.601283991047423,33.3877563865537,51.0347891166449,14.7976986383577,0.969,3.95608738968062,3.43920674799665,0.832442903389189,0.505112958942417
1980-03-18,1.66,484.48,1.93,1.93,366.23,6.940169060302577,658.41,27.06629,750.88,3.17552224503765,2.27054970568104,0.715016154973943,0.219528466253919,0.207214753166224,16.85,1.1541095890411,212.45,3.09468317552804,0,-16.0641,4.11759799833194,1.37608385686463,0.451685660266874,1.30108445697626,0.601283991047423,33.3877563865537,51.0347891166449,14.7976986383577,0.969,3.95608738968062,3.43920674799665,0.832442903389189,0.505112958942417
1980-03-19,0.02,490.89,-0.06,-0.06,347.33,2.978081934796505,658.41,27.06629,750.88,3.17552224503765,2.27054970568104,0.715016154973943,0.219528466253919,0.207214753166224,16.85,1.1541095890411,212.45,3.09468317552804,0,-16.0641,4.11759799833194,1.37608385686463,0.451685660266874,1.30108445697626,0.601283991047423,33.3877563865537,51.0347891166449,14.7976986383577,0.969,3.95608738968062,3.43920674799665,0.832442903389189,0.505112958942417
1980-03-20,0.26,365.27,5.43,5.43,545.33,2.991115116130407,658.41,27.06629,750.88,3.17552224503765,2.27054970568104,0.715016154973943,0.219528466253919,0.207214753166224,16.85,1.1541095890411,212.45,3.09468317552804,0,-16.0641,4.11759799833194,1.37608385686463,0.451685660266874,1.30108445697626,0.601283991047423,33.3877563865537,51.0347891166449,14.7976986383577,0.969,3.95608738968062,3.43920674799665,0.832442903389189,0.505112958942417
1980-03-21,15.51,365.2,6.78,6.78,557.99,6.842420200298316,658.41,27.06629,750.88,3.17552224503765,2.27054970568104,0.715016154973943,0.219528466253919,0.207214753166224,16.85,1.1541095890411,212.45,3.09468317552804,0,-16.0641,4.11759799833194,1.37608385686463,0.451685660266874,1.30108445697626,0.601283991047423,33.3877563865537,51.0347891166449,14.7976986383577,0.969,3.95608738968062,3.43920674799665,0.832442903389189,0.505112958942417
1980-03-22,7.33,339.48,0.9,0.9,382.36,5.473936160238653,658.41,27.06629,750.88,3.17552224503765,2.27054970568104,0.715016154973943,0.219528466253919,0.207214753166224,16.85,1.1541095890411,212.45,3.09468317552804,0,-16.0641,4.11759799833194,1.37608385686463,0.451685660266874,1.30108445697626,0.601283991047423,33.3877563865537,51.0347891166449,14.7976986383577,0.969,3.95608738968062,3.43920674799665,0.832442903389189,0.505112958942417
1980-03-23,0.86,459.44,-1.99,-1.99,329.79,3.35604419347965,658.41,27.06629,750.88,3.17552224503765,2.27054970568104,0.715016154973943,0.219528466253919,0.207214753166224,16.85,1.1541095890411,212.45,3.09468317552804,0,-16.0641,4.11759799833194,1.37608385686463,0.451685660266874,1.30108445697626,0.601283991047423,33.3877563865537,51.0347891166449,14.7976986383577,0.969,3.95608738968062,3.43920674799665,0.832442903389189,0.505112958942417
1980-03-24,2.84,339.22,2.16,2.16,450.14,3.616707820157681,658.41,27.06629,750.88,3.17552224503765,2.27054970568104,0.715016154973943,0.219528466253919,0.207214753166224,16.85,1.1541095890411,212.45,3.09468317552804,0,-16.0641,4.11759799833194,1.37608385686463,0.451685660266874,1.30108445697626,0.601283991047423,33.3877563865537,51.0347891166449,14.7976986383577,0.969,3.95608738968062,3.43920674799665,0.832442903389189,0.505112958942417
1980-03-25,0.8,304.21,1.41,1.41,434.65,3.8773714468357126,658.41,27.06629,750.88,3.17552224503765,2.27054970568104,0.715016154973943,0.219528466253919,0.207214753166224,16.85,1.1541095890411,212.45,3.09468317552804,0,-16.0641,4.11759799833194,1.37608385686463,0.451685660266874,1.30108445697626,0.601283991047423,33.3877563865537,51.0347891166449,14.7976986383577,0.969,3.95608738968062,3.43920674799665,0.832442903389189,0.505112958942417
1980-03-26,0.01,310.13,-0.88,-0.88,372.17,2.6196694481142124,658.41,27.06629,750.88,3.17552224503765,2.27054970568104,0.715016154973943,0.219528466253919,0.207214753166224,16.85,1.1541095890411,212.45,3.09468317552804,0,-16.0641,4.11759799833194,1.37608385686463,0.451685660266874,1.30108445697626,0.601283991047423,33.3877563865537,51.0347891166449,14.7976986383577,0.969,3.95608738968062,3.43920674799665,0.832442903389189,0.505112958942417
1980-03-27,0.02,517.03,-1.58,-1.58,308.28,2.567536722778606,658.41,27.06629,750.88,3.17552224503765,2.27054970568104,0.715016154973943,0.219528466253919,0.207214753166224,16.85,1.1541095890411,212.45,3.09468317552804,0,-16.0641,4.11759799833194,1.37608385686463,0.451685660266874,1.30108445697626,0.601283991047423,33.3877563865537,51.0347891166449,14.7976986383577,0.969,3.95608738968062,3.43920674799665,0.832442903389189,0.505112958942417
1980-03-28,6.5,389.72,2.58,2.58,424.15,3.3234612401448964,658.41,27.06629,750.88,3.17552224503765,2.27054970568104,0.715016154973943,0.219528466253919,0.207214753166224,16.85,1.1541095890411,212.45,3.09468317552804,0,-16.0641,4.11759799833194,1.37608385686463,0.451685660266874,1.30108445697626,0.601283991047423,33.3877563865537,51.0347891166449,14.7976986383577,0.969,3.95608738968062,3.43920674799665,0.832442903389189,0.505112958942417
1980-03-29,7.71,305.12,4.24,4.24,541.76,8.79739740038355,658.41,27.06629,750.88,3.17552224503765,2.27054970568104,0.715016154973943,0.219528466253919,0.207214753166224,16.85,1.1541095890411,212.45,3.09468317552804,0,-16.0641,4.11759799833194,1.37608385686463,0.451685660266874,1.30108445697626,0.601283991047423,33.3877563865537,51.0347891166449,14.7976986383577,0.969,3.95608738968062,3.43920674799665,0.832442903389189,0.505112958942417
1980-03-30,9.82,245.68,2.95,2.95,545.77,6.451424760281269,658.41,27.06629,750.88,3.17552224503765,2.27054970568104,0.715016154973943,0.219528466253919,0.207214753166224,16.85,1.1541095890411,212.45,3.09468317552804,0,-16.0641,4.11759799833194,1.37608385686463,0.451685660266874,1.30108445697626,0.601283991047423,33.3877563865537,51.0347891166449,14.7976986383577,0.969,3.95608738968062,3.43920674799665,0.832442903389189,0.505112958942417
1980-03-31,3.34,223.97,1.73,1.73,512.02,9.97038372043469,658.41,27.06629,750.88,3.17552224503765,2.27054970568104,0.715016154973943,0.219528466253919,0.207214753166224,16.85,1.1541095890411,212.45,3.09468317552804,0,-16.0641,4.11759799833194,1.37608385686463,0.451685660266874,1.30108445697626,0.601283991047423,33.3877563865537,51.0347891166449,14.7976986383577,0.969,3.95608738968062,3.43920674799665,0.832442903389189,0.505112958942417
1980-04-01,1.08,362.5,1.78,1.78,466.62,6.353675900277008,658.41,27.06629,750.88,3.17552224503765,2.27054970568104,0.715016154973943,0.219528466253919,0.207214753166224,16.85,1.1541095890411,212.45,3.09468317552804,0,-16.0641,4.11759799833194,1.37608385686463,0.451685660266874,1.30108445697626,0.601283991047423,33.3877563865537,51.0347891166449,14.7976986383577,0.969,3.95608738968062,3.43920674799665,0.832442903389189,0.505112958942417
1980-04-02,0.4,330.77,3.33,3.33,498.12,4.594196420200298,658.41,27.06629,750.88,3.17552224503765,2.27054970568104,0.715016154973943,0.219528466253919,0.207214753166224,16.85,1.1541095890411,212.45,3.09468317552804,0,-16.0641,4.11759799833194,1.37608385686463,0.451685660266874,1.30108445697626,0.601283991047423,33.3877563865537,51.0347891166449,14.7976986383577,0.969,3.95608738968062,3.43920674799665,0.832442903389189,0.505112958942417
1980-04-03,0.69,420.08,2.87,2.87,443.81,3.6492907734924356,658.41,27.06629,750.88,3.17552224503765,2.27054970568104,0.715016154973943,0.219528466253919,0.207214753166224,16.85,1.1541095890411,212.45,3.09468317552804,0,-16.0641,4.11759799833194,1.37608385686463,0.451685660266874,1.30108445697626,0.601283991047423,33.3877563865537,51.0347891166449,14.7976986383577,0.969,3.95608738968062,3.43920674799665,0.832442903389189,0.505112958942417
1980-04-04,0.76,386.84,7.05,7.05,569.69,3.7470396334966973,658.41,27.06629,750.88,3.17552224503765,2.27054970568104,0.715016154973943,0.219528466253919,0.207214753166224,16.85,1.1541095890411,212.45,3.09468317552804,0,-16.0641,4.11759799833194,1.37608385686463,0.451685660266874,1.30108445697626,0.601283991047423,33.3877563865537,51.0347891166449,14.7976986383577,0.969,3.95608738968062,3.43920674799665,0.832442903389189,0.505112958942417
1980-04-05,0.16,527.42,4.83,4.83,451.66,3.258295333475389,658.41,27.06629,750.88,3.17552224503765,2.27054970568104,0.715016154973943,0.219528466253919,0.207214753166224,16.85,1.1541095890411,212.45,3.09468317552804,0,-16.0641,4.11759799833194,1.37608385686463,0.451685660266874,1.30108445697626,0.601283991047423,33.3877563865537,51.0347891166449,14.7976986383577,0.969,3.95608738968062,3.43920674799665,0.832442903389189,0.505112958942417
1980-04-06,0.0,554.49,4.24,4.24,421.72,2.5870864947794585,658.41,27.06629,750.88,3.17552224503765,2.27054970568104,0.715016154973943,0.219528466253919,0.207214753166224,16.85,1.1541095890411,212.45,3.09468317552804,0,-16.0641,4.11759799833194,1.37608385686463,0.451685660266874,1.30108445697626,0.601283991047423,33.3877563865537,51.0347891166449,14.7976986383577,0.969,3.95608738968062,3.43920674799665,0.832442903389189,0.505112958942417
1980-04-07,0.0,541.69,8.1,8.1,582.93,2.26777355209887,658.41,27.06629,750.88,3.17552224503765,2.27054970568104,0.715016154973943,0.219528466253919,0.207214753166224,16.85,1.1541095890411,212.45,3.09468317552804,0,-16.0641,4.11759799833194,1.37608385686463,0.451685660266874,1.30108445697626,0.601283991047423,33.3877563865537,51.0347891166449,14.7976986383577,0.969,3.95608738968062,3.43920674799665,0.832442903389189,0.505112958942417
1980-04-08,9.95,359.85,10.79,10.79,805.1,2.062500946089921,658.41,27.06629,750.88,3.17552224503765,2.27054970568104,0.715016154973943,0.219528466253919,0.207214753166224,16.85,1.1541095890411,212.45,3.09468317552804,0,-16.0641,4.11759799833194,1.37608385686463,0.451685660266874,1.30108445697626,0.601283991047423,33.3877563865537,51.0347891166449,14.7976986383577,0.969,3.95608738968062,3.43920674799665,0.832442903389189,0.505112958942417
1980-04-09,9.39,354.32,11.77,11.77,848.18,4.268366886852759,658.41,27.06629,750.88,3.17552224503765,2.27054970568104,0.715016154973943,0.219528466253919,0.207214753166224,16.85,1.1541095890411,212.45,3.09468317552804,0,-16.0641,4.11759799833194,1.37608385686463,0.451685660266874,1.30108445697626,0.601283991047423,33.3877563865537,51.0347891166449,14.7976986383577,0.969,3.95608738968062,3.43920674799665,0.832442903389189,0.505112958942417
1980-04-10,2.6,383.03,8.69,8.69,656.89,4.626779373535052,658.41,27.06629,750.88,3.17552224503765,2.27054970568104,0.715016154973943,0.219528466253919,0.207214753166224,16.85,1.1541095890411,212.45,3.09468317552804,0,-16.0641,4.11759799833194,1.37608385686463,0.451685660266874,1.30108445697626,0.601283991047423,33.3877563865537,51.0347891166449,14.7976986383577,0.969,3.95608738968062,3.43920674799665,0.832442903389189,0.505112958942417
1980-04-11,0.76,392.32,4.63,4.63,517.1,3.35604419347965,658.41,27.06629,750.88,3.17552224503765,2.27054970568104,0.715016154973943,0.219528466253919,0.207214753166224,16.85,1.1541095890411,212.45,3.09468317552804,0,-16.0641,4.11759799833194,1.37608385686463,0.451685660266874,1.30108445697626,0.601283991047423,33.3877563865537,51.0347891166449,14.7976986383577,0.969,3.95608738968062,3.43920674799665,0.832442903389189,0.505112958942417
1980-04-12,3.16,356.18,5.52,5.52,578.17,2.971565344129554,658.41,27.06629,750.88,3.17552224503765,2.27054970568104,0.715016154973943,0.219528466253919,0.207214753166224,16.85,1.1541095890411,212.45,3.09468317552804,0,-16.0641,4.11759799833194,1.37608385686463,0.451685660266874,1.30108445697626,0.601283991047423,33.3877563865537,51.0347891166449,14.7976986383577,0.969,3.95608738968062,3.43920674799665,0.832442903389189,0.505112958942417
1980-04-13,7.5,365.08,5.42,5.42,568.09,2.89010796079267,658.41,27.06629,750.88,3.17552224503765,2.27054970568104,0.715016154973943,0.219528466253919,0.207214753166224,16.85,1.1541095890411,212.45,3.09468317552804,0,-16.0641,4.11759799833194,1.37608385686463,0.451685660266874,1.30108445697626,0.601283991047423,33.3877563865537,51.0347891166449,14.7976986383577,0.969,3.95608738968062,3.43920674799665,0.832442903389189,0.505112958942417
1980-04-14,6.39,354.23,4.22,4.22,534.92,3.3886271468144042,658.41,27.06629,750.88,3.17552224503765,2.27054970568104,0.715016154973943,0.219528466253919,0.207214753166224,16.85,1.1541095890411,212.45,3.09468317552804,0,-16.0641,4.11759799833194,1.37608385686463,0.451685660266874,1.30108445697626,0.601283991047423,33.3877563865537,51.0347891166449,14.7976986383577,0.969,3.95608738968062,3.43920674799665,0.832442903389189,0.505112958942417
1980-04-15,5.34,377.19,4.71,4.71,511.41,4.757111186874067,658.41,27.06629,750.88,3.17552224503765,2.27054970568104,0.715016154973943,0.219528466253919,0.207214753166224,16.85,1.1541095890411,212.45,3.09468317552804,0,-16.0641,4.11759799833194,1.37608385686463,0.451685660266874,1.30108445697626,0.601283991047423,33.3877563865537,51.0347891166449,14.7976986383577,0.969,3.95608738968062,3.43920674799665,0.832442903389189,0.505112958942417
1980-04-16,1.29,369.86,-0.13,-0.13,356.87,3.2908782868101425,658.41,27.06629,750.88,3.17552224503765,2.27054970568104,0.715016154973943,0.219528466253919,0.207214753166224,16.85,1.1541095890411,212.45,3.09468317552804,0,-16.0641,4.11759799833194,1.37608385686463,0.451685660266874,1.30108445697626,0.601283991047423,33.3877563865537,51.0347891166449,14.7976986383577,0.969,3.95608738968062,3.43920674799665,0.832442903389189,0.505112958942417
1980-04-17,0.07,521.18,-2.24,-2.24,297.19,2.779325919454507,658.41,27.06629,750.88,3.17552224503765,2.27054970568104,0.715016154973943,0.219528466253919,0.207214753166224,16.85,1.1541095890411,212.45,3.09468317552804,0,-16.0641,4.11759799833194,1.37608385686463,0.451685660266874,1.30108445697626,0.601283991047423,33.3877563865537,51.0347891166449,14.7976986383577,0.969,3.95608738968062,3.43920674799665,0.832442903389189,0.505112958942417
1980-04-18,0.0,553.18,3.49,3.49,415.92,2.4274300234391646,658.41,27.06629,750.88,3.17552224503765,2.27054970568104,0.715016154973943,0.219528466253919,0.207214753166224,16.85,1.1541095890411,212.45,3.09468317552804,0,-16.0641,4.11759799833194,1.37608385686463,0.451685660266874,1.30108445697626,0.601283991047423,33.3877563865537,51.0347891166449,14.7976986383577,0.969,3.95608738968062,3.43920674799665,0.832442903389189,0.505112958942417
1980-04-19,0.0,571.26,5.99,5.99,475.25,2.0527260600894945,658.41,27.06629,750.88,3.17552224503765,2.27054970568104,0.715016154973943,0.219528466253919,0.207214753166224,16.85,1.1541095890411,212.45,3.09468317552804,0,-16.0641,4.11759799833194,1.37608385686463,0.451685660266874,1.30108445697626,0.601283991047423,33.3877563865537,51.0347891166449,14.7976986383577,0.969,3.95608738968062,3.43920674799665,0.832442903389189,0.505112958942417
1980-04-20,0.0,551.9,10.44,10.44,613.26,1.7855458427445128,658.41,27.06629,750.88,3.17552224503765,2.27054970568104,0.715016154973943,0.219528466253919,0.207214753166224,16.85,1.1541095890411,212.45,3.09468317552804,0,-16.0641,4.11759799833194,1.37608385686463,0.451685660266874,1.30108445697626,0.601283991047423,33.3877563865537,51.0347891166449,14.7976986383577,0.969,3.95608738968062,3.43920674799665,0.832442903389189,0.505112958942417
1980-04-21,0.0,568.5,7.96,7.96,487.1,1.5639817600681865,658.41,27.06629,750.88,3.17552224503765,2.27054970568104,0.715016154973943,0.219528466253919,0.207214753166224,16.85,1.1541095890411,212.45,3.09468317552804,0,-16.0641,4.11759799833194,1.37608385686463,0.451685660266874,1.30108445697626,0.601283991047423,33.3877563865537,51.0347891166449,14.7976986383577,0.969,3.95608738968062,3.43920674799665,0.832442903389189,0.505112958942417
1980-04-22,0.0,565.45,6.33,6.33,446.53,1.365225744726188,658.41,27.06629,750.88,3.17552224503765,2.27054970568104,0.715016154973943,0.219528466253919,0.207214753166224,16.85,1.1541095890411,212.45,3.09468317552804,0,-16.0641,4.11759799833194,1.37608385686463,0.451685660266874,1.30108445697626,0.601283991047423,33.3877563865537,51.0347891166449,14.7976986383577,0.969,3.95608738968062,3.43920674799665,0.832442903389189,0.505112958942417
1980-04-23,0.0,573.96,7.76,7.76,459.88,1.2120858640528445,658.41,27.06629,750.88,3.17552224503765,2.27054970568104,0.715016154973943,0.219528466253919,0.207214753166224,16.85,1.1541095890411,212.45,3.09468317552804,0,-16.0641,4.11759799833194,1.37608385686463,0.451685660266874,1.30108445697626,0.601283991047423,33.3877563865537,51.0347891166449,14.7976986383577,0.969,3.95608738968062,3.43920674799665,0.832442903389189,0.505112958942417
1980-04-24,1.3,430.54,7.34,7.34,488.77,1.098045527381206,658.41,27.06629,750.88,3.17552224503765,2.27054970568104,0.715016154973943,0.219528466253919,0.207214753166224,16.85,1.1541095890411,212.45,3.09468317552804,0,-16.0641,4.11759799833194,1.37608385686463,0.451685660266874,1.30108445697626,0.601283991047423,33.3877563865537,51.0347891166449,14.7976986383577,0.969,3.95608738968062,3.43920674799665,0.832442903389189,0.505112958942417
1980-04-25,0.34,482.54,8.0,8.0,577.3,1.081754050713829,658.41,27.06629,750.88,3.17552224503765,2.27054970568104,0.715016154973943,0.219528466253919,0.207214753166224,16.85,1.1541095890411,212.45,3.09468317552804,0,-16.0641,4.11759799833194,1.37608385686463,0.451685660266874,1.30108445697626,0.601283991047423,33.3877563865537,51.0347891166449,14.7976986383577,0.969,3.95608738968062,3.43920674799665,0.832442903389189,0.505112958942417
1980-04-26,0.0,561.88,5.14,5.14,456.87,0.9449056467078627,658.41,27.06629,750.88,3.17552224503765,2.27054970568104,0.715016154973943,0.219528466253919,0.207214753166224,16.85,1.1541095890411,212.45,3.09468317552804,0,-16.0641,4.11759799833194,1.37608385686463,0.451685660266874,1.30108445697626,0.601283991047423,33.3877563865537,51.0347891166449,14.7976986383577,0.969,3.95608738968062,3.43920674799665,0.832442903389189,0.505112958942417
1980-04-27,2.71,399.76,5.77,5.77,561.09,0.8667065587044533,658.41,27.06629,750.88,3.17552224503765,2.27054970568104,0.715016154973943,0.219528466253919,0.207214753166224,16.85,1.1541095890411,212.45,3.09468317552804,0,-16.0641,4.11759799833194,1.37608385686463,0.451685660266874,1.30108445697626,0.601283991047423,33.3877563865537,51.0347891166449,14.7976986383577,0.969,3.95608738968062,3.43920674799665,0.832442903389189,0.505112958942417
1980-04-28,16.23,135.19,7.15,7.15,784.51,1.8832947027487745,658.41,27.06629,750.88,3.17552224503765,2.27054970568104,0.715016154973943,0.219528466253919,0.207214753166224,16.85,1.1541095890411,212.45,3.09468317552804,0,-16.0641,4.11759799833194,1.37608385686463,0.451685660266874,1.30108445697626,0.601283991047423,33.3877563865537,51.0347891166449,14.7976986383577,0.969,3.95608738968062,3.43920674799665,0.832442903389189,0.505112958942417
1980-04-29,4.74,274.24,7.33,7.33,766.14,2.7858425101214572,658.41,27.06629,750.88,3.17552224503765,2.27054970568104,0.715016154973943,0.219528466253919,0.207214753166224,16.85,1.1541095890411,212.45,3.09468317552804,0,-16.0641,4.11759799833194,1.37608385686463,0.451685660266874,1.30108445697626,0.601283991047423,33.3877563865537,51.0347891166449,14.7976986383577,0.969,3.95608738968062,3.43920674799665,0.832442903389189,0.505112958942417
1980-04-30,0.17,449.37,8.62,8.62,754.74,1.951718904751758,658.41,27.06629,750.88,3.17552224503765,2.27054970568104,0.715016154973943,0.219528466253919,0.207214753166224,16.85,1.1541095890411,212.45,3.09468317552804,0,-16.0641,4.11759799833194,1.37608385686463,0.451685660266874,1.30108445697626,0.601283991047423,33.3877563865537,51.0347891166449,14.7976986383577,0.969,3.95608738968062,3.43920674799665,0.832442903389189,0.505112958942417
1980-05-01,0.0,424.61,10.17,10.17,798.76,1.678022096739825,658.41,27.06629,750.88,3.17552224503765,2.27054970568104,0.715016154973943,0.219528466253919,0.207214753166224,16.85,1.1541095890411,212.45,3.09468317552804,0,-16.0641,4.11759799833194,1.37608385686463,0.451685660266874,1.30108445697626,0.601283991047423,33.3877563865537,51.0347891166449,14.7976986383577,0.969,3.95608738968062,3.43920674799665,0.832442903389189,0.505112958942417
1980-05-02,2.79,405.59,9.71,9.71,722.53,1.7008301640741528,658.41,27.06629,750.88,3.17552224503765,2.27054970568104,0.715016154973943,0.219528466253919,0.207214753166224,16.85,1.1541095890411,212.45,3.09468317552804,0,-16.0641,4.11759799833194,1.37608385686463,0.451685660266874,1.30108445697626,0.601283991047423,33.3877563865537,51.0347891166449,14.7976986383577,0.969,3.95608738968062,3.43920674799665,0.832442903389189,0.505112958942417
1980-05-03,0.73,557.4,12.18,12.18,735.77,2.078792422757298,658.41,27.06629,750.88,3.17552224503765,2.27054970568104,0.715016154973943,0.219528466253919,0.207214753166224,16.85,1.1541095890411,212.45,3.09468317552804,0,-16.0641,4.11759799833194,1.37608385686463,0.451685660266874,1.30108445697626,0.601283991047423,33.3877563865537,51.0347891166449,14.7976986383577,0.969,3.95608738968062,3.43920674799665,0.832442903389189,0.505112958942417
1980-05-04,0.0,557.51,12.33,12.33,755.49,1.5151073300660556,658.41,27.06629,750.88,3.17552224503765,2.27054970568104,0.715016154973943,0.219528466253919,0.207214753166224,16.85,1.1541095890411,212.45,3.09468317552804,0,-16.0641,4.11759799833194,1.37608385686463,0.451685660266874,1.30108445697626,0.601283991047423,33.3877563865537,51.0347891166449,14.7976986383577,0.969,3.95608738968062,3.43920674799665,0.832442903389189,0.505112958942417
1980-05-05,0.0,555.18,15.29,15.29,897.15,1.3228679053910077,658.41,27.06629,750.88,3.17552224503765,2.27054970568104,0.715016154973943,0.219528466253919,0.207214753166224,16.85,1.1541095890411,212.45,3.09468317552804,0,-16.0641,4.11759799833194,1.37608385686463,0.451685660266874,1.30108445697626,0.601283991047423,33.3877563865537,51.0347891166449,14.7976986383577,0.969,3.95608738968062,3.43920674799665,0.832442903389189,0.505112958942417
1980-05-06,0.41,417.42,15.85,15.85,877.63,1.2055692733858938,658.41,27.06629,750.88,3.17552224503765,2.27054970568104,0.715016154973943,0.219528466253919,0.207214753166224,16.85,1.1541095890411,212.45,3.09468317552804,0,-16.0641,4.11759799833194,1.37608385686463,0.451685660266874,1.30108445697626,0.601283991047423,33.3877563865537,51.0347891166449,14.7976986383577,0.969,3.95608738968062,3.43920674799665,0.832442903389189,0.505112958942417
1980-05-07,0.11,567.21,9.46,9.46,558.05,1.091528936714255,658.41,27.06629,750.88,3.17552224503765,2.27054970568104,0.715016154973943,0.219528466253919,0.207214753166224,16.85,1.1541095890411,212.45,3.09468317552804,0,-16.0641,4.11759799833194,1.37608385686463,0.451685660266874,1.30108445697626,0.601283991047423,33.3877563865537,51.0347891166449,14.7976986383577,0.969,3.95608738968062,3.43920674799665,0.832442903389189,0.505112958942417
1980-05-08,0.0,560.09,4.74,4.74,442.63,0.9514222373748135,658.41,27.06629,750.88,3.17552224503765,2.27054970568104,0.715016154973943,0.219528466253919,0.207214753166224,16.85,1.1541095890411,212.45,3.09468317552804,0,-16.0641,4.11759799833194,1.37608385686463,0.451685660266874,1.30108445697626,0.601283991047423,33.3877563865537,51.0347891166449,14.7976986383577,0.969,3.95608738968062,3.43920674799665,0.832442903389189,0.505112958942417
1980-05-09,0.0,493.95,5.69,5.69,525.98,0.8667065587044533,658.41,27.06629,750.88,3.17552224503765,2.27054970568104,0.715016154973943,0.219528466253919,0.207214753166224,16.85,1.1541095890411,212.45,3.09468317552804,0,-16.0641,4.11759799833194,1.37608385686463,0.451685660266874,1.30108445697626,0.601283991047423,33.3877563865537,51.0347891166449,14.7976986383577,0.969,3.95608738968062,3.43920674799665,0.832442903389189,0.505112958942417
1980-05-10,0.61,423.72,5.82,5.82,582.7,0.7819908800340932,658.41,27.06629,750.88,3.17552224503765,2.27054970568104,0.715016154973943,0.219528466253919,0.207214753166224,16.85,1.1541095890411,212.45,3.09468317552804,0,-16.0641,4.11759799833194,1.37608385686463,0.451685660266874,1.30108445697626,0.601283991047423,33.3877563865537,51.0347891166449,14.7976986383577,0.969,3.95608738968062,3.43920674799665,0.832442903389189,0.505112958942417
1980-05-11,5.26,363.75,11.91,11.91,903.16,0.7363747453654379,658.41,27.06629,750.88,3.17552224503765,2.27054970568104,0.715016154973943,0.219528466253919,0.207214753166224,16.85,1.1541095890411,212.45,3.09468317552804,0,-16.0641,4.11759799833194,1.37608385686463,0.451685660266874,1.30108445697626,0.601283991047423,33.3877563865537,51.0347891166449,14.7976986383577,0.969,3.95608738968062,3.43920674799665,0.832442903389189,0.505112958942417
1980-05-12,7.47,338.05,13.69,13.69,1047.0,0.7494079266993394,658.41,27.06629,750.88,3.17552224503765,2.27054970568104,0.715016154973943,0.219528466253919,0.207214753166224,16.85,1.1541095890411,212.45,3.09468317552804,0,-16.0641,4.11759799833194,1.37608385686463,0.451685660266874,1.30108445697626,0.601283991047423,33.3877563865537,51.0347891166449,14.7976986383577,0.969,3.95608738968062,3.43920674799665,0.832442903389189,0.505112958942417
1980-05-13,8.78,344.8,14.81,14.81,1061.18,1.065462574046452,658.41,27.06629,750.88,3.17552224503765,2.27054970568104,0.715016154973943,0.219528466253919,0.207214753166224,16.85,1.1541095890411,212.45,3.09468317552804,0,-16.0641,4.11759799833194,1.37608385686463,0.451685660266874,1.30108445697626,0.601283991047423,33.3877563865537,51.0347891166449,14.7976986383577,0.969,3.95608738968062,3.43920674799665,0.832442903389189,0.505112958942417
1980-05-14,2.11,456.68,12.14,12.14,777.77,2.010368220754315,658.41,27.06629,750.88,3.17552224503765,2.27054970568104,0.715016154973943,0.219528466253919,0.207214753166224,16.85,1.1541095890411,212.45,3.09468317552804,0,-16.0641,4.11759799833194,1.37608385686463,0.451685660266874,1.30108445697626,0.601283991047423,33.3877563865537,51.0347891166449,14.7976986383577,0.969,3.95608738968062,3.43920674799665,0.832442903389189,0.505112958942417
1980-05-15,0.06,534.01,6.15,6.15,523.98,1.21534415938632,658.41,27.06629,750.88,3.17552224503765,2.27054970568104,0.715016154973943,0.219528466253919,0.207214753166224,16.85,1.1541095890411,212.45,3.09468317552804,0,-16.0641,4.11759799833194,1.37608385686463,0.451685660266874,1.30108445697626,0.601283991047423,33.3877563865537,51.0347891166449,14.7976986383577,0.969,3.95608738968062,3.43920674799665,0.832442903389189,0.505112958942417
1980-05-16,0.0,575.3,6.68,6.68,542.16,1.0002966673769442,658.41,27.06629,750.88,3.17552224503765,2.27054970568104,0.715016154973943,0.219528466253919,0.207214753166224,16.85,1.1541095890411,212.45,3.09468317552804,0,-16.0641,4.11759799833194,1.37608385686463,0.451685660266874,1.30108445697626,0.601283991047423,33.3877563865537,51.0347891166449,14.7976986383577,0.969,3.95608738968062,3.43920674799665,0.832442903389189,0.505112958942417
1980-05-17,0.88,416.38,10.54,10.54,762.82,0.8797397400383549,658.41,27.06629,750.88,3.17552224503765,2.27054970568104,0.715016154973943,0.219528466253919,0.207214753166224,16.85,1.1541095890411,212.45,3.09468317552804,0,-16.0641,4.11759799833194,1.37608385686463,0.451685660266874,1.30108445697626,0.601283991047423,33.3877563865537,51.0347891166449,14.7976986383577,0.969,3.95608738968062,3.43920674799665,0.832442903389189,0.505112958942417
1980-05-18,2.96,339.93,13.12,13.12,1011.94,0.8797397400383549,658.41,27.06629,750.88,3.17552224503765,2.27054970568104,0.715016154973943,0.219528466253919,0.207214753166224,16.85,1.1541095890411,212.45,3.09468317552804,0,-16.0641,4.11759799833194,1.37608385686463,0.451685660266874,1.30108445697626,0.601283991047423,33.3877563865537,51.0347891166449,14.7976986383577,0.969,3.95608738968062,3.43920674799665,0.832442903389189,0.505112958942417
1980-05-19,1.07,269.87,13.93,13.93,1096.74,0.9416473513743873,658.41,27.06629,750.88,3.17552224503765,2.27054970568104,0.715016154973943,0.219528466253919,0.207214753166224,16.85,1.1541095890411,212.45,3.09468317552804,0,-16.0641,4.11759799833194,1.37608385686463,0.451685660266874,1.30108445697626,0.601283991047423,33.3877563865537,51.0347891166449,14.7976986383577,0.969,3.95608738968062,3.43920674799665,0.832442903389189,0.505112958942417
1980-05-20,1.14,407.91,13.0,13.0,957.67,0.8047989473684211,658.41,27.06629,750.88,3.17552224503765,2.27054970568104,0.715016154973943,0.219528466253919,0.207214753166224,16.85,1.1541095890411,212.45,3.09468317552804,0,-16.0641,4.11759799833194,1.37608385686463,0.451685660266874,1.30108445697626,0.601283991047423,33.3877563865537,51.0347891166449,14.7976986383577,0.969,3.95608738968062,3.43920674799665,0.832442903389189,0.505112958942417
1980-05-21,0.37,359.2,15.76,15.76,1111.94,0.7559245173662902,658.41,27.06629,750.88,3.17552224503765,2.27054970568104,0.715016154973943,0.219528466253919,0.207214753166224,16.85,1.1541095890411,212.45,3.09468317552804,0,-16.0641,4.11759799833194,1.37608385686463,0.451685660266874,1.30108445697626,0.601283991047423,33.3877563865537,51.0347891166449,14.7976986383577,0.969,3.95608738968062,3.43920674799665,0.832442903389189,0.505112958942417
1980-05-22,0.02,548.98,15.3,15.3,974.39,0.6907586106967823,658.41,27.06629,750.88,3.17552224503765,2.27054970568104,0.715016154973943,0.219528466253919,0.207214753166224,16.85,1.1541095890411,212.45,3.09468317552804,0,-16.0641,4.11759799833194,1.37608385686463,0.451685660266874,1.30108445697626,0.601283991047423,33.3877563865537,51.0347891166449,14.7976986383577,0.969,3.95608738968062,3.43920674799665,0.832442903389189,0.505112958942417
1980-05-23,0.0,563.79,17.41,17.41,1043.66,0.5962680460259961,658.41,27.06629,750.88,3.17552224503765,2.27054970568104,0.715016154973943,0.219528466253919,0.207214753166224,16.85,1.1541095890411,212.45,3.09468317552804,0,-16.0641,4.11759799833194,1.37608385686463,0.451685660266874,1.30108445697626,0.601283991047423,33.3877563865537,51.0347891166449,14.7976986383577,0.969,3.95608738968062,3.43920674799665,0.832442903389189,0.505112958942417
1980-05-24,0.0,545.99,19.47,19.47,1158.99,0.5376187300234391,658.41,27.06629,750.88,3.17552224503765,2.27054970568104,0.715016154973943,0.219528466253919,0.207214753166224,16.85,1.1541095890411,212.45,3.09468317552804,0,-16.0641,4.11759799833194,1.37608385686463,0.451685660266874,1.30108445697626,0.601283991047423,33.3877563865537,51.0347891166449,14.7976986383577,0.969,3.95608738968062,3.43920674799665,0.832442903389189,0.505112958942417
1980-05-25,0.0,538.4,17.21,17.21,974.33,0.49526089068825907,658.41,27.06629,750.88,3.17552224503765,2.27054970568104,0.715016154973943,0.219528466253919,0.207214753166224,16.85,1.1541095890411,212.45,3.09468317552804,0,-16.0641,4.11759799833194,1.37608385686463,0.451685660266874,1.30108445697626,0.601283991047423,33.3877563865537,51.0347891166449,14.7976986383577,0.969,3.95608738968062,3.43920674799665,0.832442903389189,0.505112958942417
1980-05-26,0.0,581.1,10.2,10.2,614.18,0.4333532793522267,658.41,27.06629,750.88,3.17552224503765,2.27054970568104,0.715016154973943,0.219528466253919,0.207214753166224,16.85,1.1541095890411,212.45,3.09468317552804,0,-16.0641,4.11759799833194,1.37608385686463,0.451685660266874,1.30108445697626,0.601283991047423,33.3877563865537,51.0347891166449,14.7976986383577,0.969,3.95608738968062,3.43920674799665,0.832442903389189,0.505112958942417
1980-05-27,0.0,573.05,8.47,8.47,598.42,0.39751203068399743,658.41,27.06629,750.88,3.17552224503765,2.27054970568104,0.715016154973943,0.219528466253919,0.207214753166224,16.85,1.1541095890411,212.45,3.09468317552804,0,-16.0641,4.11759799833194,1.37608385686463,0.451685660266874,1.30108445697626,0.601283991047423,33.3877563865537,51.0347891166449,14.7976986383577,0.969,3.95608738968062,3.43920674799665,0.832442903389189,0.505112958942417
1980-05-28,0.0,545.59,11.16,11.16,745.24,0.3714456680161943,658.41,27.06629,750.88,3.17552224503765,2.27054970568104,0.715016154973943,0.219528466253919,0.207214753166224,16.85,1.1541095890411,212.45,3.09468317552804,0,-16.0641,4.11759799833194,1.37608385686463,0.451685660266874,1.30108445697626,0.601283991047423,33.3877563865537,51.0347891166449,14.7976986383577,0.969,3.95608738968062,3.43920674799665,0.832442903389189,0.505112958942417
1980-05-29,0.14,520.98,13.26,13.26,897.75,0.35189589601534194,658.41,27.06629,750.88,3.17552224503765,2.27054970568104,0.715016154973943,0.219528466253919,0.207214753166224,16.85,1.1541095890411,212.45,3.09468317552804,0,-16.0641,4.11759799833194,1.37608385686463,0.451685660266874,1.30108445697626,0.601283991047423,33.3877563865537,51.0347891166449,14.7976986383577,0.969,3.95608738968062,3.43920674799665,0.832442903389189,0.505112958942417
1980-05-30,0.69,382.5,17.68,17.68,1289.08,0.32908782868101427,658.41,27.06629,750.88,3.17552224503765,2.27054970568104,0.715016154973943,0.219528466253919,0.207214753166224,16.85,1.1541095890411,212.45,3.09468317552804,0,-16.0641,4.11759799833194,1.37608385686463,0.451685660266874,1.30108445697626,0.601283991047423,33.3877563865537,51.0347891166449,14.7976986383577,0.969,3.95608738968062,3.43920674799665,0.832442903389189,0.505112958942417
1980-05-31,1.35,317.99,20.19,20.19,1482.23,0.32257123801406345,658.41,27.06629,750.88,3.17552224503765,2.27054970568104,0.715016154973943,0.219528466253919,0.207214753166224,16.85,1.1541095890411,212.45,3.09468317552804,0,-16.0641,4.11759799833194,1.37608385686463,0.451685660266874,1.30108445697626,0.601283991047423,33.3877563865537,51.0347891166449,14.7976986383577,0.969,3.95608738968062,3.43920674799665,0.832442903389189,0.505112958942417
1980-06-01,3.43,401.71,17.17,17.17,1222.04,0.3030214660132111,658.41,27.06629,750.88,3.17552224503765,2.27054970568104,0.715016154973943,0.219528466253919,0.207214753166224,16.85,1.1541095890411,212.45,3.09468317552804,0,-16.0641,4.11759799833194,1.37608385686463,0.451685660266874,1.30108445697626,0.601283991047423,33.3877563865537,51.0347891166449,14.7976986383577,0.969,3.95608738968062,3.43920674799665,0.832442903389189,0.505112958942417
1980-06-02,11.36,313.84,18.92,18.92,1448.82,0.293246580012785,658.41,27.06629,750.88,3.17552224503765,2.27054970568104,0.715016154973943,0.219528466253919,0.207214753166224,16.85,1.1541095890411,212.45,3.09468317552804,0,-16.0641,4.11759799833194,1.37608385686463,0.451685660266874,1.30108445697626,0.601283991047423,33.3877563865537,51.0347891166449,14.7976986383577,0.969,3.95608738968062,3.43920674799665,0.832442903389189,0.505112958942417
1980-06-03,7.83,325.17,18.29,18.29,1349.81,0.7331164500319624,658.41,27.06629,750.88,3.17552224503765,2.27054970568104,0.715016154973943,0.219528466253919,0.207214753166224,16.85,1.1541095890411,212.45,3.09468317552804,0,-16.0641,4.11759799833194,1.37608385686463,0.451685660266874,1.30108445697626,0.601283991047423,33.3877563865537,51.0347891166449,14.7976986383577,0.969,3.95608738968062,3.43920674799665,0.832442903389189,0.505112958942417
1980-06-04,1.33,462.52,14.34,14.34,967.29,0.5930097506925207,658.41,27.06629,750.88,3.17552224503765,2.27054970568104,0.715016154973943,0.219528466253919,0.207214753166224,16.85,1.1541095890411,212.45,3.09468317552804,0,-16.0641,4.11759799833194,1.37608385686463,0.451685660266874,1.30108445697626,0.601283991047423,33.3877563865537,51.0347891166449,14.7976986383577,0.969,3.95608738968062,3.43920674799665,0.832442903389189,0.505112958942417
1980-06-05,0.0,581.27,10.21,10.21,704.8,0.36167078201576813,658.41,27.06629,750.88,3.17552224503765,2.27054970568104,0.715016154973943,0.219528466253919,0.207214753166224,16.85,1.1541095890411,212.45,3.09468317552804,0,-16.0641,4.11759799833194,1.37608385686463,0.451685660266874,1.30108445697626,0.601283991047423,33.3877563865537,51.0347891166449,14.7976986383577,0.969,3.95608738968062,3.43920674799665,0.832442903389189,0.505112958942417
1980-06-06,0.39,403.32,13.01,13.01,967.0,0.3030214660132111,658.41,27.06629,750.88,3.17552224503765,2.27054970568104,0.715016154973943,0.219528466253919,0.207214753166224,16.85,1.1541095890411,212.45,3.09468317552804,0,-16.0641,4.11759799833194,1.37608385686463,0.451685660266874,1.30108445697626,0.601283991047423,33.3877563865537,51.0347891166449,14.7976986383577,0.969,3.95608738968062,3.43920674799665,0.832442903389189,0.505112958942417
1980-06-07,11.9,350.07,17.73,17.73,1254.74,0.293246580012785,658.41,27.06629,750.88,3.17552224503765,2.27054970568104,0.715016154973943,0.219528466253919,0.207214753166224,16.85,1.1541095890411,212.45,3.09468317552804,0,-16.0641,4.11759799833194,1.37608385686463,0.451685660266874,1.30108445697626,0.601283991047423,33.3877563865537,51.0347891166449,14.7976986383577,0.969,3.95608738968062,3.43920674799665,0.832442903389189,0.505112958942417
1980-06-08,6.34,423.77,16.08,16.08,953.56,0.5017774813552098,658.41,27.06629,750.88,3.17552224503765,2.27054970568104,0.715016154973943,0.219528466253919,0.207214753166224,16.85,1.1541095890411,212.45,3.09468317552804,0,-16.0641,4.11759799833194,1.37608385686463,0.451685660266874,1.30108445697626,0.601283991047423,33.3877563865537,51.0347891166449,14.7976986383577,0.969,3.95608738968062,3.43920674799665,0.832442903389189,0.505112958942417
1980-06-09,4.26,400.46,8.69,8.69,660.97,0.42683668868527586,658.41,27.06629,750.88,3.17552224503765,2.27054970568104,0.715016154973943,0.219528466253919,0.207214753166224,16.85,1.1541095890411,212.45,3.09468317552804,0,-16.0641,4.11759799833194,1.37608385686463,0.451685660266874,1.30108445697626,0.601283991047423,33.3877563865537,51.0347891166449,14.7976986383577,0.969,3.95608738968062,3.43920674799665,0.832442903389189,0.505112958942417
1980-06-10,0.94,395.9,6.74,6.74,619.29,0.46593623268698053,658.41,27.06629,750.88,3.17552224503765,2.27054970568104,0.715016154973943,0.219528466253919,0.207214753166224,16.85,1.1541095890411,212.45,3.09468317552804,0,-16.0641,4.11759799833194,1.37608385686463,0.451685660266874,1.30108445697626,0.601283991047423,33.3877563865537,51.0347891166449,14.7976986383577,0.969,3.95608738968062,3.43920674799665,0.832442903389189,0.505112958942417
1980-06-11,0.01,548.38,5.42,5.42,526.97,0.3714456680161943,658.41,27.06629,750.88,3.17552224503765,2.27054970568104,0.715016154973943,0.219528466253919,0.207214753166224,16.85,1.1541095890411,212.45,3.09468317552804,0,-16.0641,4.11759799833194,1.37608385686463,0.451685660266874,1.30108445697626,0.601283991047423,33.3877563865537,51.0347891166449,14.7976986383577,0.969,3.95608738968062,3.43920674799665,0.832442903389189,0.505112958942417
1980-06-12,0.0,582.29,7.99,7.99,582.84,0.3193129426805881,658.41,27.06629,750.88,3.17552224503765,2.27054970568104,0.715016154973943,0.219528466253919,0.207214753166224,16.85,1.1541095890411,212.45,3.09468317552804,0,-16.0641,4.11759799833194,1.37608385686463,0.451685660266874,1.30108445697626,0.601283991047423,33.3877563865537,51.0347891166449,14.7976986383577,0.969,3.95608738968062,3.43920674799665,0.832442903389189,0.505112958942417
1980-06-13,0.0,584.71,12.28,12.28,736.62,0.2834716940123588,658.41,27.06629,750.88,3.17552224503765,2.27054970568104,0.715016154973943,0.219528466253919,0.207214753166224,16.85,1.1541095890411,212.45,3.09468317552804,0,-16.0641,4.11759799833194,1.37608385686463,0.451685660266874,1.30108445697626,0.601283991047423,33.3877563865537,51.0347891166449,14.7976986383577,0.969,3.95608738968062,3.43920674799665,0.832442903389189,0.505112958942417
1980-06-14,0.21,434.19,15.38,15.38,952.39,0.2606636266780311,658.41,27.06629,750.88,3.17552224503765,2.27054970568104,0.715016154973943,0.219528466253919,0.207214753166224,16.85,1.1541095890411,212.45,3.09468317552804,0,-16.0641,4.11759799833194,1.37608385686463,0.451685660266874,1.30108445697626,0.601283991047423,33.3877563865537,51.0347891166449,14.7976986383577,0.969,3.95608738968062,3.43920674799665,0.832442903389189,0.505112958942417
1980-06-15,21.57,395.46,18.23,18.23,1134.24,0.7591828126997655,658.41,27.06629,750.88,3.17552224503765,2.27054970568104,0.715016154973943,0.219528466253919,0.207214753166224,16.85,1.1541095890411,212.45,3.09468317552804,0,-16.0641,4.11759799833194,1.37608385686463,0.451685660266874,1.30108445697626,0.601283991047423,33.3877563865537,51.0347891166449,14.7976986383577,0.969,3.95608738968062,3.43920674799665,0.832442903389189,0.505112958942417
1980-06-16,5.73,507.19,13.12,13.12,823.78,1.17298632005114,658.41,27.06629,750.88,3.17552224503765,2.27054970568104,0.715016154973943,0.219528466253919,0.207214753166224,16.85,1.1541095890411,212.45,3.09468317552804,0,-16.0641,4.11759799833194,1.37608385686463,0.451685660266874,1.30108445697626,0.601283991047423,33.3877563865537,51.0347891166449,14.7976986383577,0.969,3.95608738968062,3.43920674799665,0.832442903389189,0.505112958942417
1980-06-17,0.02,582.29,9.32,9.32,623.29,0.5213272533560622,658.41,27.06629,750.88,3.17552224503765,2.27054970568104,0.715016154973943,0.219528466253919,0.207214753166224,16.85,1.1541095890411,212.45,3.09468317552804,0,-16.0641,4.11759799833194,1.37608385686463,0.451685660266874,1.30108445697626,0.601283991047423,33.3877563865537,51.0347891166449,14.7976986383577,0.969,3.95608738968062,3.43920674799665,0.832442903389189,0.505112958942417
1980-06-18,0.0,585.95,11.46,11.46,708.15,0.39751203068399743,658.41,27.06629,750.88,3.17552224503765,2.27054970568104,0.715016154973943,0.219528466253919,0.207214753166224,16.85,1.1541095890411,212.45,3.09468317552804,0,-16.0641,4.11759799833194,1.37608385686463,0.451685660266874,1.30108445697626,0.601283991047423,33.3877563865537,51.0347891166449,14.7976986383577,0.969,3.95608738968062,3.43920674799665,0.832442903389189,0.505112958942417
1980-06-19,5.48,430.89,14.26,14.26,878.56,0.3388627146814404,658.41,27.06629,750.88,3.17552224503765,2.27054970568104,0.715016154973943,0.219528466253919,0.207214753166224,16.85,1.1541095890411,212.45,3.09468317552804,0,-16.0641,4.11759799833194,1.37608385686463,0.451685660266874,1.30108445697626,0.601283991047423,33.3877563865537,51.0347891166449,14.7976986383577,0.969,3.95608738968062,3.43920674799665,0.832442903389189,0.505112958942417
1980-06-20,6.33,401.24,14.72,14.72,925.97,0.42357839335180053,658.41,27.06629,750.88,3.17552224503765,2.27054970568104,0.715016154973943,0.219528466253919,0.207214753166224,16.85,1.1541095890411,212.45,3.09468317552804,0,-16.0641,4.11759799833194,1.37608385686463,0.451685660266874,1.30108445697626,0.601283991047423,33.3877563865537,51.0347891166449,14.7976986383577,0.969,3.95608738968062,3.43920674799665,0.832442903389189,0.505112958942417
1980-06-21,1.29,523.53,11.94,11.94,801.79,0.49526089068825907,658.41,27.06629,750.88,3.17552224503765,2.27054970568104,0.715016154973943,0.219528466253919,0.207214753166224,16.85,1.1541095890411,212.45,3.09468317552804,0,-16.0641,4.11759799833194,1.37608385686463,0.451685660266874,1.30108445697626,0.601283991047423,33.3877563865537,51.0347891166449,14.7976986383577,0.969,3.95608738968062,3.43920674799665,0.832442903389189,0.505112958942417
1980-06-22,0.0,571.48,13.73,13.73,844.12,0.35189589601534194,658.41,27.06629,750.88,3.17552224503765,2.27054970568104,0.715016154973943,0.219528466253919,0.207214753166224,16.85,1.1541095890411,212.45,3.09468317552804,0,-16.0641,4.11759799833194,1.37608385686463,0.451685660266874,1.30108445697626,0.601283991047423,33.3877563865537,51.0347891166449,14.7976986383577,0.969,3.95608738968062,3.43920674799665,0.832442903389189,0.505112958942417
1980-06-23,0.0,567.53,16.64,16.64,1003.4,0.2899882846793096,658.41,27.06629,750.88,3.17552224503765,2.27054970568104,0.715016154973943,0.219528466253919,0.207214753166224,16.85,1.1541095890411,212.45,3.09468317552804,0,-16.0641,4.11759799833194,1.37608385686463,0.451685660266874,1.30108445697626,0.601283991047423,33.3877563865537,51.0347891166449,14.7976986383577,0.969,3.95608738968062,3.43920674799665,0.832442903389189,0.505112958942417
1980-06-24,0.0,545.55,19.66,19.66,1240.78,0.26392192201150644,658.41,27.06629,750.88,3.17552224503765,2.27054970568104,0.715016154973943,0.219528466253919,0.207214753166224,16.85,1.1541095890411,212.45,3.09468317552804,0,-16.0641,4.11759799833194,1.37608385686463,0.451685660266874,1.30108445697626,0.601283991047423,33.3877563865537,51.0347891166449,14.7976986383577,0.969,3.95608738968062,3.43920674799665,0.832442903389189,0.505112958942417
1980-06-25,0.0,518.38,21.29,21.29,1365.95,0.24111385467717877,658.41,27.06629,750.88,3.17552224503765,2.27054970568104,0.715016154973943,0.219528466253919,0.207214753166224,16.85,1.1541095890411,212.45,3.09468317552804,0,-16.0641,4.11759799833194,1.37608385686463,0.451685660266874,1.30108445697626,0.601283991047423,33.3877563865537,51.0347891166449,14.7976986383577,0.969,3.95608738968062,3.43920674799665,0.832442903389189,0.505112958942417
1980-06-26,0.0,544.42,20.12,20.12,1304.1,0.22808067334327722,658.41,27.06629,750.88,3.17552224503765,2.27054970568104,0.715016154973943,0.219528466253919,0.207214753166224,16.85,1.1541095890411,212.45,3.09468317552804,0,-16.0641,4.11759799833194,1.37608385686463,0.451685660266874,1.30108445697626,0.601283991047423,33.3877563865537,51.0347891166449,14.7976986383577,0.969,3.95608738968062,3.43920674799665,0.832442903389189,0.505112958942417
1980-06-27,0.0,463.81,21.31,21.31,1459.73,0.20853090134242488,658.41,27.06629,750.88,3.17552224503765,2.27054970568104,0.715016154973943,0.219528466253919,0.207214753166224,16.85,1.1541095890411,212.45,3.09468317552804,0,-16.0641,4.11759799833194,1.37608385686463,0.451685660266874,1.30108445697626,0.601283991047423,33.3877563865537,51.0347891166449,14.7976986383577,0.969,3.95608738968062,3.43920674799665,0.832442903389189,0.505112958942417
1980-06-28,1.23,365.16,18.4,18.4,1323.86,0.19875601534199872,658.41,27.06629,750.88,3.17552224503765,2.27054970568104,0.715016154973943,0.219528466253919,0.207214753166224,16.85,1.1541095890411,212.45,3.09468317552804,0,-16.0641,4.11759799833194,1.37608385686463,0.451685660266874,1.30108445697626,0.601283991047423,33.3877563865537,51.0347891166449,14.7976986383577,0.969,3.95608738968062,3.43920674799665,0.832442903389189,0.505112958942417
1980-06-29,12.22,328.93,18.75,18.75,1350.41,0.21830578734285105,658.41,27.06629,750.88,3.17552224503765,2.27054970568104,0.715016154973943,0.219528466253919,0.207214753166224,16.85,1.1541095890411,212.45,3.09468317552804,0,-16.0641,4.11759799833194,1.37608385686463,0.451685660266874,1.30108445697626,0.601283991047423,33.3877563865537,51.0347891166449,14.7976986383577,0.969,3.95608738968062,3.43920674799665,0.832442903389189,0.505112958942417
1980-06-30,3.14,474.11,16.7,16.7,1137.47,0.6646922480289793,658.41,27.06629,750.88,3.17552224503765,2.27054970568104,0.715016154973943,0.219528466253919,0.207214753166224,16.85,1.1541095890411,212.45,3.09468317552804,0,-16.0641,4.11759799833194,1.37608385686463,0.451685660266874,1.30108445697626,0.601283991047423,33.3877563865537,51.0347891166449,14.7976986383577,0.969,3.95608738968062,3.43920674799665,0.832442903389189,0.505112958942417
1980-07-01,0.0,486.26,15.87,15.87,1109.59,0.3258295333475389,658.41,27.06629,750.88,3.17552224503765,2.27054970568104,0.715016154973943,0.219528466253919,0.207214753166224,16.85,1.1541095890411,212.45,3.09468317552804,0,-16.0641,4.11759799833194,1.37608385686463,0.451685660266874,1.30108445697626,0.601283991047423,33.3877563865537,51.0347891166449,14.7976986383577,0.969,3.95608738968062,3.43920674799665,0.832442903389189,0.505112958942417
1980-07-02,0.0,476.81,17.6,17.6,1167.51,0.25414703601108035,658.41,27.06629,750.88,3.17552224503765,2.27054970568104,0.715016154973943,0.219528466253919,0.207214753166224,16.85,1.1541095890411,212.45,3.09468317552804,0,-16.0641,4.11759799833194,1.37608385686463,0.451685660266874,1.30108445697626,0.601283991047423,33.3877563865537,51.0347891166449,14.7976986383577,0.969,3.95608738968062,3.43920674799665,0.832442903389189,0.505112958942417
1980-07-03,0.0,557.78,16.22,16.22,985.12,0.22808067334327722,658.41,27.06629,750.88,3.17552224503765,2.27054970568104,0.715016154973943,0.219528466253919,0.207214753166224,16.85,1.1541095890411,212.45,3.09468317552804,0,-16.0641,4.11759799833194,1.37608385686463,0.451685660266874,1.30108445697626,0.601283991047423,33.3877563865537,51.0347891166449,14.7976986383577,0.969,3.95608738968062,3.43920674799665,0.832442903389189,0.505112958942417
1980-07-04,0.73,440.54,17.11,17.11,1132.99,0.20853090134242488,658.41,27.06629,750.88,3.17552224503765,2.27054970568104,0.715016154973943,0.219528466253919,0.207214753166224,16.85,1.1541095890411,212.45,3.09468317552804,0,-16.0641,4.11759799833194,1.37608385686463,0.451685660266874,1.30108445697626,0.601283991047423,33.3877563865537,51.0347891166449,14.7976986383577,0.969,3.95608738968062,3.43920674799665,0.832442903389189,0.505112958942417
1980-07-05,6.74,333.36,20.49,20.49,1433.51,0.19875601534199872,658.41,27.06629,750.88,3.17552224503765,2.27054970568104,0.715016154973943,0.219528466253919,0.207214753166224,16.85,1.1541095890411,212.45,3.09468317552804,0,-16.0641,4.11759799833194,1.37608385686463,0.451685660266874,1.30108445697626,0.601283991047423,33.3877563865537,51.0347891166449,14.7976986383577,0.969,3.95608738968062,3.43920674799665,0.832442903389189,0.505112958942417
1980-07-06,1.72,503.56,16.08,16.08,1036.83,0.2671802173449819,658.41,27.06629,750.88,3.17552224503765,2.27054970568104,0.715016154973943,0.219528466253919,0.207214753166224,16.85,1.1541095890411,212.45,3.09468317552804,0,-16.0641,4.11759799833194,1.37608385686463,0.451685660266874,1.30108445697626,0.601283991047423,33.3877563865537,51.0347891166449,14.7976986383577,0.969,3.95608738968062,3.43920674799665,0.832442903389189,0.505112958942417
1980-07-07,2.59,424.63,13.69,13.69,924.78,0.2020143106754741,658.41,27.06629,750.88,3.17552224503765,2.27054970568104,0.715016154973943,0.219528466253919,0.207214753166224,16.85,1.1541095890411,212.45,3.09468317552804,0,-16.0641,4.11759799833194,1.37608385686463,0.451685660266874,1.30108445697626,0.601283991047423,33.3877563865537,51.0347891166449,14.7976986383577,0.969,3.95608738968062,3.43920674799665,0.832442903389189,0.505112958942417
1980-07-08,0.73,463.36,17.65,17.65,1135.53,0.1954977200085233,658.41,27.06629,750.88,3.17552224503765,2.27054970568104,0.715016154973943,0.219528466253919,0.207214753166224,16.85,1.1541095890411,212.45,3.09468317552804,0,-16.0641,4.11759799833194,1.37608385686463,0.451685660266874,1.30108445697626,0.601283991047423,33.3877563865537,51.0347891166449,14.7976986383577,0.969,3.95608738968062,3.43920674799665,0.832442903389189,0.505112958942417
1980-07-09,0.01,537.41,17.2,17.2,1065.4,0.19223942467504793,658.41,27.06629,750.88,3.17552224503765,2.27054970568104,0.715016154973943,0.219528466253919,0.207214753166224,16.85,1.1541095890411,212.45,3.09468317552804,0,-16.0641,4.11759799833194,1.37608385686463,0.451685660266874,1.30108445697626,0.601283991047423,33.3877563865537,51.0347891166449,14.7976986383577,0.969,3.95608738968062,3.43920674799665,0.832442903389189,0.505112958942417
1980-07-10,0.0,533.47,17.82,17.82,1097.15,0.17594794800767097,658.41,27.06629,750.88,3.17552224503765,2.27054970568104,0.715016154973943,0.219528466253919,0.207214753166224,16.85,1.1541095890411,212.45,3.09468317552804,0,-16.0641,4.11759799833194,1.37608385686463,0.451685660266874,1.30108445697626,0.601283991047423,33.3877563865537,51.0347891166449,14.7976986383577,0.969,3.95608738968062,3.43920674799665,0.832442903389189,0.505112958942417
1980-07-11,0.13,531.21,18.77,18.77,1080.35,0.15965647134029404,658.41,27.06629,750.88,3.17552224503765,2.27054970568104,0.715016154973943,0.219528466253919,0.207214753166224,16.85,1.1541095890411,212.45,3.09468317552804,0,-16.0641,4.11759799833194,1.37608385686463,0.451685660266874,1.30108445697626,0.601283991047423,33.3877563865537,51.0347891166449,14.7976986383577,0.969,3.95608738968062,3.43920674799665,0.832442903389189,0.505112958942417
1980-07-12,0.04,561.89,16.91,16.91,919.09,0.14988158533986787,658.41,27.06629,750.88,3.17552224503765,2.27054970568104,0.715016154973943,0.219528466253919,0.207214753166224,16.85,1.1541095890411,212.45,3.09468317552804,0,-16.0641,4.11759799833194,1.37608385686463,0.451685660266874,1.30108445697626,0.601283991047423,33.3877563865537,51.0347891166449,14.7976986383577,0.969,3.95608738968062,3.43920674799665,0.832442903389189,0.505112958942417
1980-07-13,0.0,570.57,14.91,14.91,824.74,0.1433649946729171,658.41,27.06629,750.88,3.17552224503765,2.27054970568104,0.715016154973943,0.219528466253919,0.207214753166224,16.85,1.1541095890411,212.45,3.09468317552804,0,-16.0641,4.11759799833194,1.37608385686463,0.451685660266874,1.30108445697626,0.601283991047423,33.3877563865537,51.0347891166449,14.7976986383577,0.969,3.95608738968062,3.43920674799665,0.832442903389189,0.505112958942417
1980-07-14,0.0,572.73,16.77,16.77,955.91,0.13359010867249094,658.41,27.06629,750.88,3.17552224503765,2.27054970568104,0.715016154973943,0.219528466253919,0.207214753166224,16.85,1.1541095890411,212.45,3.09468317552804,0,-16.0641,4.11759799833194,1.37608385686463,0.451685660266874,1.30108445697626,0.601283991047423,33.3877563865537,51.0347891166449,14.7976986383577,0.969,3.95608738968062,3.43920674799665,0.832442903389189,0.505112958942417
1980-07-15,0.07,432.02,20.48,20.48,1378.66,0.13033181333901556,658.41,27.06629,750.88,3.17552224503765,2.27054970568104,0.715016154973943,0.219528466253919,0.207214753166224,16.85,1.1541095890411,212.45,3.09468317552804,0,-16.0641,4.11759799833194,1.37608385686463,0.451685660266874,1.30108445697626,0.601283991047423,33.3877563865537,51.0347891166449,14.7976986383577,0.969,3.95608738968062,3.43920674799665,0.832442903389189,0.505112958942417
1980-07-16,2.75,324.93,24.0,24.0,1816.66,0.13033181333901556,658.41,27.06629,750.88,3.17552224503765,2.27054970568104,0.715016154973943,0.219528466253919,0.207214753166224,16.85,1.1541095890411,212.45,3.09468317552804,0,-16.0641,4.11759799833194,1.37608385686463,0.451685660266874,1.30108445697626,0.601283991047423,33.3877563865537,51.0347891166449,14.7976986383577,0.969,3.95608738968062,3.43920674799665,0.832442903389189,0.505112958942417
1980-07-17,0.77,432.59,22.83,22.83,1587.23,0.13033181333901556,658.41,27.06629,750.88,3.17552224503765,2.27054970568104,0.715016154973943,0.219528466253919,0.207214753166224,16.85,1.1541095890411,212.45,3.09468317552804,0,-16.0641,4.11759799833194,1.37608385686463,0.451685660266874,1.30108445697626,0.601283991047423,33.3877563865537,51.0347891166449,14.7976986383577,0.969,3.95608738968062,3.43920674799665,0.832442903389189,0.505112958942417
1980-07-18,0.01,527.06,19.89,19.89,1290.19,0.13033181333901556,658.41,27.06629,750.88,3.17552224503765,2.27054970568104,0.715016154973943,0.219528466253919,0.207214753166224,16.85,1.1541095890411,212.45,3.09468317552804,0,-16.0641,4.11759799833194,1.37608385686463,0.451685660266874,1.30108445697626,0.601283991047423,33.3877563865537,51.0347891166449,14.7976986383577,0.969,3.95608738968062,3.43920674799665,0.832442903389189,0.505112958942417
1980-07-19,0.2,424.94,21.55,21.55,1502.02,0.12055692733858939,658.41,27.06629,750.88,3.17552224503765,2.27054970568104,0.715016154973943,0.219528466253919,0.207214753166224,16.85,1.1541095890411,212.45,3.09468317552804,0,-16.0641,4.11759799833194,1.37608385686463,0.451685660266874,1.30108445697626,0.601283991047423,33.3877563865537,51.0347891166449,14.7976986383577,0.969,3.95608738968062,3.43920674799665,0.832442903389189,0.505112958942417
1980-07-20,0.05,488.74,23.81,23.81,1702.49,0.11404033667163861,658.41,27.06629,750.88,3.17552224503765,2.27054970568104,0.715016154973943,0.219528466253919,0.207214753166224,16.85,1.1541095890411,212.45,3.09468317552804,0,-16.0641,4.11759799833194,1.37608385686463,0.451685660266874,1.30108445697626,0.601283991047423,33.3877563865537,51.0347891166449,14.7976986383577,0.969,3.95608738968062,3.43920674799665,0.832442903389189,0.505112958942417
1980-07-21,5.26,360.68,25.11,25.11,1853.2,0.11078204133816322,658.41,27.06629,750.88,3.17552224503765,2.27054970568104,0.715016154973943,0.219528466253919,0.207214753166224,16.85,1.1541095890411,212.45,3.09468317552804,0,-16.0641,4.11759799833194,1.37608385686463,0.451685660266874,1.30108445697626,0.601283991047423,33.3877563865537,51.0347891166449,14.7976986383577,0.969,3.95608738968062,3.43920674799665,0.832442903389189,0.505112958942417
1980-07-22,2.01,316.47,22.35,22.35,1651.88,0.13684840400596632,658.41,27.06629,750.88,3.17552224503765,2.27054970568104,0.715016154973943,0.219528466253919,0.207214753166224,16.85,1.1541095890411,212.45,3.09468317552804,0,-16.0641,4.11759799833194,1.37608385686463,0.451685660266874,1.30108445697626,0.601283991047423,33.3877563865537,51.0347891166449,14.7976986383577,0.969,3.95608738968062,3.43920674799665,0.832442903389189,0.505112958942417
1980-07-23,0.21,404.27,18.45,18.45,1306.14,0.13684840400596632,658.41,27.06629,750.88,3.17552224503765,2.27054970568104,0.715016154973943,0.219528466253919,0.207214753166224,16.85,1.1541095890411,212.45,3.09468317552804,0,-16.0641,4.11759799833194,1.37608385686463,0.451685660266874,1.30108445697626,0.601283991047423,33.3877563865537,51.0347891166449,14.7976986383577,0.969,3.95608738968062,3.43920674799665,0.832442903389189,0.505112958942417
1980-07-24,0.01,530.71,17.2,17.2,1056.45,0.11729863200511399,658.41,27.06629,750.88,3.17552224503765,2.27054970568104,0.715016154973943,0.219528466253919,0.207214753166224,16.85,1.1541095890411,212.45,3.09468317552804,0,-16.0641,4.11759799833194,1.37608385686463,0.451685660266874,1.30108445697626,0.601283991047423,33.3877563865537,51.0347891166449,14.7976986383577,0.969,3.95608738968062,3.43920674799665,0.832442903389189,0.505112958942417
1980-07-25,0.0,560.92,17.26,17.26,981.75,0.10752374600468782,658.41,27.06629,750.88,3.17552224503765,2.27054970568104,0.715016154973943,0.219528466253919,0.207214753166224,16.85,1.1541095890411,212.45,3.09468317552804,0,-16.0641,4.11759799833194,1.37608385686463,0.451685660266874,1.30108445697626,0.601283991047423,33.3877563865537,51.0347891166449,14.7976986383577,0.969,3.95608738968062,3.43920674799665,0.832442903389189,0.505112958942417
1980-07-26,0.0,548.61,18.83,18.83,1115.51,0.10100715533773705,658.41,27.06629,750.88,3.17552224503765,2.27054970568104,0.715016154973943,0.219528466253919,0.207214753166224,16.85,1.1541095890411,212.45,3.09468317552804,0,-16.0641,4.11759799833194,1.37608385686463,0.451685660266874,1.30108445697626,0.601283991047423,33.3877563865537,51.0347891166449,14.7976986383577,0.969,3.95608738968062,3.43920674799665,0.832442903389189,0.505112958942417
1980-07-27,0.01,519.52,20.44,20.44,1300.56,0.09774886000426165,658.41,27.06629,750.88,3.17552224503765,2.27054970568104,0.715016154973943,0.219528466253919,0.207214753166224,16.85,1.1541095890411,212.45,3.09468317552804,0,-16.0641,4.11759799833194,1.37608385686463,0.451685660266874,1.30108445697626,0.601283991047423,33.3877563865537,51.0347891166449,14.7976986383577,0.969,3.95608738968062,3.43920674799665,0.832442903389189,0.505112958942417
1980-07-28,8.79,331.06,20.29,20.29,1513.34,0.09774886000426165,658.41,27.06629,750.88,3.17552224503765,2.27054970568104,0.715016154973943,0.219528466253919,0.207214753166224,16.85,1.1541095890411,212.45,3.09468317552804,0,-16.0641,4.11759799833194,1.37608385686463,0.451685660266874,1.30108445697626,0.601283991047423,33.3877563865537,51.0347891166449,14.7976986383577,0.969,3.95608738968062,3.43920674799665,0.832442903389189,0.505112958942417
1980-07-29,7.9,238.31,20.59,20.59,1602.85,0.1433649946729171,658.41,27.06629,750.88,3.17552224503765,2.27054970568104,0.715016154973943,0.219528466253919,0.207214753166224,16.85,1.1541095890411,212.45,3.09468317552804,0,-16.0641,4.11759799833194,1.37608385686463,0.451685660266874,1.30108445697626,0.601283991047423,33.3877563865537,51.0347891166449,14.7976986383577,0.969,3.95608738968062,3.43920674799665,0.832442903389189,0.505112958942417
1980-07-30,1.53,519.86,17.45,17.45,1099.42,0.1694313573407202,658.41,27.06629,750.88,3.17552224503765,2.27054970568104,0.715016154973943,0.219528466253919,0.207214753166224,16.85,1.1541095890411,212.45,3.09468317552804,0,-16.0641,4.11759799833194,1.37608385686463,0.451685660266874,1.30108445697626,0.601283991047423,33.3877563865537,51.0347891166449,14.7976986383577,0.969,3.95608738968062,3.43920674799665,0.832442903389189,0.505112958942417
1980-07-31,0.07,483.89,16.47,16.47,1095.58,0.1466232900063925,658.41,27.06629,750.88,3.17552224503765,2.27054970568104,0.715016154973943,0.219528466253919,0.207214753166224,16.85,1.1541095890411,212.45,3.09468317552804,0,-16.0641,4.11759799833194,1.37608385686463,0.451685660266874,1.30108445697626,0.601283991047423,33.3877563865537,51.0347891166449,14.7976986383577,0.969,3.95608738968062,3.43920674799665,0.832442903389189,0.505112958942417
1980-08-01,0.01,415.2,20.27,20.27,1462.12,0.11729863200511399,658.41,27.06629,750.88,3.17552224503765,2.27054970568104,0.715016154973943,0.219528466253919,0.207214753166224,16.85,1.1541095890411,212.45,3.09468317552804,0,-16.0641,4.11759799833194,1.37608385686463,0.451685660266874,1.30108445697626,0.601283991047423,33.3877563865537,51.0347891166449,14.7976986383577,0.969,3.95608738968062,3.43920674799665,0.832442903389189,0.505112958942417
1980-08-02,25.14,349.37,19.94,19.94,1493.67,0.13359010867249094,658.41,27.06629,750.88,3.17552224503765,2.27054970568104,0.715016154973943,0.219528466253919,0.207214753166224,16.85,1.1541095890411,212.45,3.09468317552804,0,-16.0641,4.11759799833194,1.37608385686463,0.451685660266874,1.30108445697626,0.601283991047423,33.3877563865537,51.0347891166449,14.7976986383577,0.969,3.95608738968062,3.43920674799665,0.832442903389189,0.505112958942417
1980-08-03,10.49,242.83,19.91,19.91,1628.99,0.3453793053483912,658.41,27.06629,750.88,3.17552224503765,2.27054970568104,0.715016154973943,0.219528466253919,0.207214753166224,16.85,1.1541095890411,212.45,3.09468317552804,0,-16.0641,4.11759799833194,1.37608385686463,0.451685660266874,1.30108445697626,0.601283991047423,33.3877563865537,51.0347891166449,14.7976986383577,0.969,3.95608738968062,3.43920674799665,0.832442903389189,0.505112958942417
1980-08-04,1.02,439.18,19.79,19.79,1526.11,0.2671802173449819,658.41,27.06629,750.88,3.17552224503765,2.27054970568104,0.715016154973943,0.219528466253919,0.207214753166224,16.85,1.1541095890411,212.45,3.09468317552804,0,-16.0641,4.11759799833194,1.37608385686463,0.451685660266874,1.30108445697626,0.601283991047423,33.3877563865537,51.0347891166449,14.7976986383577,0.969,3.95608738968062,3.43920674799665,0.832442903389189,0.505112958942417
1980-08-05,5.62,354.85,21.18,21.18,1621.79,0.17920624334114638,658.41,27.06629,750.88,3.17552224503765,2.27054970568104,0.715016154973943,0.219528466253919,0.207214753166224,16.85,1.1541095890411,212.45,3.09468317552804,0,-16.0641,4.11759799833194,1.37608385686463,0.451685660266874,1.30108445697626,0.601283991047423,33.3877563865537,51.0347891166449,14.7976986383577,0.969,3.95608738968062,3.43920674799665,0.832442903389189,0.505112958942417
1980-08-06,1.48,437.89,22.64,22.64,1716.27,0.1694313573407202,658.41,27.06629,750.88,3.17552224503765,2.27054970568104,0.715016154973943,0.219528466253919,0.207214753166224,16.85,1.1541095890411,212.45,3.09468317552804,0,-16.0641,4.11759799833194,1.37608385686463,0.451685660266874,1.30108445697626,0.601283991047423,33.3877563865537,51.0347891166449,14.7976986383577,0.969,3.95608738968062,3.43920674799665,0.832442903389189,0.505112958942417
1980-08-07,6.2,356.04,22.07,22.07,1714.95,0.15965647134029404,658.41,27.06629,750.88,3.17552224503765,2.27054970568104,0.715016154973943,0.219528466253919,0.207214753166224,16.85,1.1541095890411,212.45,3.09468317552804,0,-16.0641,4.11759799833194,1.37608385686463,0.451685660266874,1.30108445697626,0.601283991047423,33.3877563865537,51.0347891166449,14.7976986383577,0.969,3.95608738968062,3.43920674799665,0.832442903389189,0.505112958942417
1980-08-08,4.98,320.83,23.16,23.16,1877.77,0.4040286213509482,658.41,27.06629,750.88,3.17552224503765,2.27054970568104,0.715016154973943,0.219528466253919,0.207214753166224,16.85,1.1541095890411,212.45,3.09468317552804,0,-16.0641,4.11759799833194,1.37608385686463,0.451685660266874,1.30108445697626,0.601283991047423,33.3877563865537,51.0347891166449,14.7976986383577,0.969,3.95608738968062,3.43920674799665,0.832442903389189,0.505112958942417
1980-08-09,0.88,374.66,22.57,22.57,1772.15,0.20853090134242488,658.41,27.06629,750.88,3.17552224503765,2.27054970568104,0.715016154973943,0.219528466253919,0.207214753166224,16.85,1.1541095890411,212.45,3.09468317552804,0,-16.0641,4.11759799833194,1.37608385686463,0.451685660266874,1.30108445697626,0.601283991047423,33.3877563865537,51.0347891166449,14.7976986383577,0.969,3.95608738968062,3.43920674799665,0.832442903389189,0.505112958942417
1980-08-10,3.17,363.67,18.83,18.83,1455.66,0.1726896526741956,658.41,27.06629,750.88,3.17552224503765,2.27054970568104,0.715016154973943,0.219528466253919,0.207214753166224,16.85,1.1541095890411,212.45,3.09468317552804,0,-16.0641,4.11759799833194,1.37608385686463,0.451685660266874,1.30108445697626,0.601283991047423,33.3877563865537,51.0347891166449,14.7976986383577,0.969,3.95608738968062,3.43920674799665,0.832442903389189,0.505112958942417
1980-08-11,2.77,251.57,20.12,20.12,1712.29,0.16617306200724483,658.41,27.06629,750.88,3.17552224503765,2.27054970568104,0.715016154973943,0.219528466253919,0.207214753166224,16.85,1.1541095890411,212.45,3.09468317552804,0,-16.0641,4.11759799833194,1.37608385686463,0.451685660266874,1.30108445697626,0.601283991047423,33.3877563865537,51.0347891166449,14.7976986383577,0.969,3.95608738968062,3.43920674799665,0.832442903389189,0.505112958942417
1980-08-12,1.4,252.53,20.53,20.53,1704.46,0.16617306200724483,658.41,27.06629,750.88,3.17552224503765,2.27054970568104,0.715016154973943,0.219528466253919,0.207214753166224,16.85,1.1541095890411,212.45,3.09468317552804,0,-16.0641,4.11759799833194,1.37608385686463,0.451685660266874,1.30108445697626,0.601283991047423,33.3877563865537,51.0347891166449,14.7976986383577,0.969,3.95608738968062,3.43920674799665,0.832442903389189,0.505112958942417
1980-08-13,7.16,362.84,17.82,17.82,1355.6,0.14988158533986787,658.41,27.06629,750.88,3.17552224503765,2.27054970568104,0.715016154973943,0.219528466253919,0.207214753166224,16.85,1.1541095890411,212.45,3.09468317552804,0,-16.0641,4.11759799833194,1.37608385686463,0.451685660266874,1.30108445697626,0.601283991047423,33.3877563865537,51.0347891166449,14.7976986383577,0.969,3.95608738968062,3.43920674799665,0.832442903389189,0.505112958942417
1980-08-14,13.93,345.73,18.8,18.8,1450.03,0.15639817600681866,658.41,27.06629,750.88,3.17552224503765,2.27054970568104,0.715016154973943,0.219528466253919,0.207214753166224,16.85,1.1541095890411,212.45,3.09468317552804,0,-16.0641,4.11759799833194,1.37608385686463,0.451685660266874,1.30108445697626,0.601283991047423,33.3877563865537,51.0347891166449,14.7976986383577,0.969,3.95608738968062,3.43920674799665,0.832442903389189,0.505112958942417
1980-08-15,3.38,359.01,19.68,19.68,1482.77,0.39751203068399743,658.41,27.06629,750.88,3.17552224503765,2.27054970568104,0.715016154973943,0.219528466253919,0.207214753166224,16.85,1.1541095890411,212.45,3.09468317552804,0,-16.0641,4.11759799833194,1.37608385686463,0.451685660266874,1.30108445697626,0.601283991047423,33.3877563865537,51.0347891166449,14.7976986383577,0.969,3.95608738968062,3.43920674799665,0.832442903389189,0.505112958942417
1980-08-16,0.05,491.17,15.63,15.63,1079.96,0.2671802173449819,658.41,27.06629,750.88,3.17552224503765,2.27054970568104,0.715016154973943,0.219528466253919,0.207214753166224,16.85,1.1541095890411,212.45,3.09468317552804,0,-16.0641,4.11759799833194,1.37608385686463,0.451685660266874,1.30108445697626,0.601283991047423,33.3877563865537,51.0347891166449,14.7976986383577,0.969,3.95608738968062,3.43920674799665,0.832442903389189,0.505112958942417
1980-08-17,1.63,396.43,14.32,14.32,1001.62,0.17920624334114638,658.41,27.06629,750.88,3.17552224503765,2.27054970568104,0.715016154973943,0.219528466253919,0.207214753166224,16.85,1.1541095890411,212.45,3.09468317552804,0,-16.0641,4.11759799833194,1.37608385686463,0.451685660266874,1.30108445697626,0.601283991047423,33.3877563865537,51.0347891166449,14.7976986383577,0.969,3.95608738968062,3.43920674799665,0.832442903389189,0.505112958942417
1980-08-18,0.46,431.86,16.11,16.11,1199.3,0.1726896526741956,658.41,27.06629,750.88,3.17552224503765,2.27054970568104,0.715016154973943,0.219528466253919,0.207214753166224,16.85,1.1541095890411,212.45,3.09468317552804,0,-16.0641,4.11759799833194,1.37608385686463,0.451685660266874,1.30108445697626,0.601283991047423,33.3877563865537,51.0347891166449,14.7976986383577,0.969,3.95608738968062,3.43920674799665,0.832442903389189,0.505112958942417
1980-08-19,0.01,387.92,18.7,18.7,1453.08,0.18246453867462176,658.41,27.06629,750.88,3.17552224503765,2.27054970568104,0.715016154973943,0.219528466253919,0.207214753166224,16.85,1.1541095890411,212.45,3.09468317552804,0,-16.0641,4.11759799833194,1.37608385686463,0.451685660266874,1.30108445697626,0.601283991047423,33.3877563865537,51.0347891166449,14.7976986383577,0.969,3.95608738968062,3.43920674799665,0.832442903389189,0.505112958942417
1980-08-20,0.69,386.05,18.85,18.85,1347.2,0.15313988067334328,658.41,27.06629,750.88,3.17552224503765,2.27054970568104,0.715016154973943,0.219528466253919,0.207214753166224,16.85,1.1541095890411,212.45,3.09468317552804,0,-16.0641,4.11759799833194,1.37608385686463,0.451685660266874,1.30108445697626,0.601283991047423,33.3877563865537,51.0347891166449,14.7976986383577,0.969,3.95608738968062,3.43920674799665,0.832442903389189,0.505112958942417
1980-08-21,0.18,487.61,18.9,18.9,1270.04,0.13359010867249094,658.41,27.06629,750.88,3.17552224503765,2.27054970568104,0.715016154973943,0.219528466253919,0.207214753166224,16.85,1.1541095890411,212.45,3.09468317552804,0,-16.0641,4.11759799833194,1.37608385686463,0.451685660266874,1.30108445697626,0.601283991047423,33.3877563865537,51.0347891166449,14.7976986383577,0.969,3.95608738968062,3.43920674799665,0.832442903389189,0.505112958942417
1980-08-22,0.79,377.67,16.37,16.37,1190.79,0.12707351800554018,658.41,27.06629,750.88,3.17552224503765,2.27054970568104,0.715016154973943,0.219528466253919,0.207214753166224,16.85,1.1541095890411,212.45,3.09468317552804,0,-16.0641,4.11759799833194,1.37608385686463,0.451685660266874,1.30108445697626,0.601283991047423,33.3877563865537,51.0347891166449,14.7976986383577,0.969,3.95608738968062,3.43920674799665,0.832442903389189,0.505112958942417
1980-08-23,0.56,315.63,18.13,18.13,1371.75,0.12055692733858939,658.41,27.06629,750.88,3.17552224503765,2.27054970568104,0.715016154973943,0.219528466253919,0.207214753166224,16.85,1.1541095890411,212.45,3.09468317552804,0,-16.0641,4.11759799833194,1.37608385686463,0.451685660266874,1.30108445697626,0.601283991047423,33.3877563865537,51.0347891166449,14.7976986383577,0.969,3.95608738968062,3.43920674799665,0.832442903389189,0.505112958942417
1980-08-24,0.09,499.73,17.45,17.45,1196.68,0.11729863200511399,658.41,27.06629,750.88,3.17552224503765,2.27054970568104,0.715016154973943,0.219528466253919,0.207214753166224,16.85,1.1541095890411,212.45,3.09468317552804,0,-16.0641,4.11759799833194,1.37608385686463,0.451685660266874,1.30108445697626,0.601283991047423,33.3877563865537,51.0347891166449,14.7976986383577,0.969,3.95608738968062,3.43920674799665,0.832442903389189,0.505112958942417
1980-08-25,0.0,512.64,18.1,18.1,1179.21,0.11078204133816322,658.41,27.06629,750.88,3.17552224503765,2.27054970568104,0.715016154973943,0.219528466253919,0.207214753166224,16.85,1.1541095890411,212.45,3.09468317552804,0,-16.0641,4.11759799833194,1.37608385686463,0.451685660266874,1.30108445697626,0.601283991047423,33.3877563865537,51.0347891166449,14.7976986383577,0.969,3.95608738968062,3.43920674799665,0.832442903389189,0.505112958942417
1980-08-26,0.0,500.6,19.72,19.72,1322.39,0.10426545067121244,658.41,27.06629,750.88,3.17552224503765,2.27054970568104,0.715016154973943,0.219528466253919,0.207214753166224,16.85,1.1541095890411,212.45,3.09468317552804,0,-16.0641,4.11759799833194,1.37608385686463,0.451685660266874,1.30108445697626,0.601283991047423,33.3877563865537,51.0347891166449,14.7976986383577,0.969,3.95608738968062,3.43920674799665,0.832442903389189,0.505112958942417
1980-08-27,0.06,371.96,20.55,20.55,1473.59,0.09774886000426165,658.41,27.06629,750.88,3.17552224503765,2.27054970568104,0.715016154973943,0.219528466253919,0.207214753166224,16.85,1.1541095890411,212.45,3.09468317552804,0,-16.0641,4.11759799833194,1.37608385686463,0.451685660266874,1.30108445697626,0.601283991047423,33.3877563865537,51.0347891166449,14.7976986383577,0.969,3.95608738968062,3.43920674799665,0.832442903389189,0.505112958942417
1980-08-28,0.45,350.58,21.34,21.34,1578.98,0.09774886000426165,658.41,27.06629,750.88,3.17552224503765,2.27054970568104,0.715016154973943,0.219528466253919,0.207214753166224,16.85,1.1541095890411,212.45,3.09468317552804,0,-16.0641,4.11759799833194,1.37608385686463,0.451685660266874,1.30108445697626,0.601283991047423,33.3877563865537,51.0347891166449,14.7976986383577,0.969,3.95608738968062,3.43920674799665,0.832442903389189,0.505112958942417
1980-08-29,0.12,465.06,21.55,21.55,1588.03,0.09774886000426165,658.41,27.06629,750.88,3.17552224503765,2.27054970568104,0.715016154973943,0.219528466253919,0.207214753166224,16.85,1.1541095890411,212.45,3.09468317552804,0,-16.0641,4.11759799833194,1.37608385686463,0.451685660266874,1.30108445697626,0.601283991047423,33.3877563865537,51.0347891166449,14.7976986383577,0.969,3.95608738968062,3.43920674799665,0.832442903389189,0.505112958942417
1980-08-30,4.32,339.56,22.09,22.09,1684.0,0.10100715533773705,658.41,27.06629,750.88,3.17552224503765,2.27054970568104,0.715016154973943,0.219528466253919,0.207214753166224,16.85,1.1541095890411,212.45,3.09468317552804,0,-16.0641,4.11759799833194,1.37608385686463,0.451685660266874,1.30108445697626,0.601283991047423,33.3877563865537,51.0347891166449,14.7976986383577,0.969,3.95608738968062,3.43920674799665,0.832442903389189,0.505112958942417
1980-08-31,1.18,402.0,21.3,21.3,1694.57,0.12055692733858939,658.41,27.06629,750.88,3.17552224503765,2.27054970568104,0.715016154973943,0.219528466253919,0.207214753166224,16.85,1.1541095890411,212.45,3.09468317552804,0,-16.0641,4.11759799833194,1.37608385686463,0.451685660266874,1.30108445697626,0.601283991047423,33.3877563865537,51.0347891166449,14.7976986383577,0.969,3.95608738968062,3.43920674799665,0.832442903389189,0.505112958942417
1980-09-01,14.85,291.57,22.75,22.75,1901.44,0.10100715533773705,658.41,27.06629,750.88,3.17552224503765,2.27054970568104,0.715016154973943,0.219528466253919,0.207214753166224,16.85,1.1541095890411,212.45,3.09468317552804,0,-16.0641,4.11759799833194,1.37608385686463,0.451685660266874,1.30108445697626,0.601283991047423,33.3877563865537,51.0347891166449,14.7976986383577,0.969,3.95608738968062,3.43920674799665,0.832442903389189,0.505112958942417
1980-09-02,8.02,310.0,22.04,22.04,1708.16,0.21830578734285105,658.41,27.06629,750.88,3.17552224503765,2.27054970568104,0.715016154973943,0.219528466253919,0.207214753166224,16.85,1.1541095890411,212.45,3.09468317552804,0,-16.0641,4.11759799833194,1.37608385686463,0.451685660266874,1.30108445697626,0.601283991047423,33.3877563865537,51.0347891166449,14.7976986383577,0.969,3.95608738968062,3.43920674799665,0.832442903389189,0.505112958942417
1980-09-03,1.08,473.97,17.94,17.94,1218.84,0.25740533134455573,658.41,27.06629,750.88,3.17552224503765,2.27054970568104,0.715016154973943,0.219528466253919,0.207214753166224,16.85,1.1541095890411,212.45,3.09468317552804,0,-16.0641,4.11759799833194,1.37608385686463,0.451685660266874,1.30108445697626,0.601283991047423,33.3877563865537,51.0347891166449,14.7976986383577,0.969,3.95608738968062,3.43920674799665,0.832442903389189,0.505112958942417
1980-09-04,0.0,490.75,16.36,16.36,1137.06,0.15639817600681866,658.41,27.06629,750.88,3.17552224503765,2.27054970568104,0.715016154973943,0.219528466253919,0.207214753166224,16.85,1.1541095890411,212.45,3.09468317552804,0,-16.0641,4.11759799833194,1.37608385686463,0.451685660266874,1.30108445697626,0.601283991047423,33.3877563865537,51.0347891166449,14.7976986383577,0.969,3.95608738968062,3.43920674799665,0.832442903389189,0.505112958942417
1980-09-05,0.0,407.71,19.52,19.52,1392.78,0.13033181333901556,658.41,27.06629,750.88,3.17552224503765,2.27054970568104,0.715016154973943,0.219528466253919,0.207214753166224,16.85,1.1541095890411,212.45,3.09468317552804,0,-16.0641,4.11759799833194,1.37608385686463,0.451685660266874,1.30108445697626,0.601283991047423,33.3877563865537,51.0347891166449,14.7976986383577,0.969,3.95608738968062,3.43920674799665,0.832442903389189,0.505112958942417
1980-09-06,0.0,488.22,16.3,16.3,1038.44,0.11729863200511399,658.41,27.06629,750.88,3.17552224503765,2.27054970568104,0.715016154973943,0.219528466253919,0.207214753166224,16.85,1.1541095890411,212.45,3.09468317552804,0,-16.0641,4.11759799833194,1.37608385686463,0.451685660266874,1.30108445697626,0.601283991047423,33.3877563865537,51.0347891166449,14.7976986383577,0.969,3.95608738968062,3.43920674799665,0.832442903389189,0.505112958942417
1980-09-07,0.0,488.16,14.66,14.66,925.39,0.10752374600468782,658.41,27.06629,750.88,3.17552224503765,2.27054970568104,0.715016154973943,0.219528466253919,0.207214753166224,16.85,1.1541095890411,212.45,3.09468317552804,0,-16.0641,4.11759799833194,1.37608385686463,0.451685660266874,1.30108445697626,0.601283991047423,33.3877563865537,51.0347891166449,14.7976986383577,0.969,3.95608738968062,3.43920674799665,0.832442903389189,0.505112958942417
1980-09-08,0.0,470.63,14.47,14.47,960.44,0.10752374600468782,658.41,27.06629,750.88,3.17552224503765,2.27054970568104,0.715016154973943,0.219528466253919,0.207214753166224,16.85,1.1541095890411,212.45,3.09468317552804,0,-16.0641,4.11759799833194,1.37608385686463,0.451685660266874,1.30108445697626,0.601283991047423,33.3877563865537,51.0347891166449,14.7976986383577,0.969,3.95608738968062,3.43920674799665,0.832442903389189,0.505112958942417
1980-09-09,5.14,355.05,15.06,15.06,1003.42,0.10100715533773705,658.41,27.06629,750.88,3.17552224503765,2.27054970568104,0.715016154973943,0.219528466253919,0.207214753166224,16.85,1.1541095890411,212.45,3.09468317552804,0,-16.0641,4.11759799833194,1.37608385686463,0.451685660266874,1.30108445697626,0.601283991047423,33.3877563865537,51.0347891166449,14.7976986383577,0.969,3.95608738968062,3.43920674799665,0.832442903389189,0.505112958942417
1980-09-10,1.36,456.35,14.22,14.22,918.69,0.09774886000426165,658.41,27.06629,750.88,3.17552224503765,2.27054970568104,0.715016154973943,0.219528466253919,0.207214753166224,16.85,1.1541095890411,212.45,3.09468317552804,0,-16.0641,4.11759799833194,1.37608385686463,0.451685660266874,1.30108445697626,0.601283991047423,33.3877563865537,51.0347891166449,14.7976986383577,0.969,3.95608738968062,3.43920674799665,0.832442903389189,0.505112958942417
1980-09-11,0.0,476.18,12.49,12.49,863.42,0.09449056467078627,658.41,27.06629,750.88,3.17552224503765,2.27054970568104,0.715016154973943,0.219528466253919,0.207214753166224,16.85,1.1541095890411,212.45,3.09468317552804,0,-16.0641,4.11759799833194,1.37608385686463,0.451685660266874,1.30108445697626,0.601283991047423,33.3877563865537,51.0347891166449,14.7976986383577,0.969,3.95608738968062,3.43920674799665,0.832442903389189,0.505112958942417
1980-09-12,0.0,436.55,15.4,15.4,1070.56,0.09123226933731088,658.41,27.06629,750.88,3.17552224503765,2.27054970568104,0.715016154973943,0.219528466253919,0.207214753166224,16.85,1.1541095890411,212.45,3.09468317552804,0,-16.0641,4.11759799833194,1.37608385686463,0.451685660266874,1.30108445697626,0.601283991047423,33.3877563865537,51.0347891166449,14.7976986383577,0.969,3.95608738968062,3.43920674799665,0.832442903389189,0.505112958942417
1980-09-13,6.44,342.6,16.7,16.7,1200.01,0.08797397400383548,658.41,27.06629,750.88,3.17552224503765,2.27054970568104,0.715016154973943,0.219528466253919,0.207214753166224,16.85,1.1541095890411,212.45,3.09468317552804,0,-16.0641,4.11759799833194,1.37608385686463,0.451685660266874,1.30108445697626,0.601283991047423,33.3877563865537,51.0347891166449,14.7976986383577,0.969,3.95608738968062,3.43920674799665,0.832442903389189,0.505112958942417
1980-09-14,6.13,282.97,19.28,19.28,1418.81,0.10426545067121244,658.41,27.06629,750.88,3.17552224503765,2.27054970568104,0.715016154973943,0.219528466253919,0.207214753166224,16.85,1.1541095890411,212.45,3.09468317552804,0,-16.0641,4.11759799833194,1.37608385686463,0.451685660266874,1.30108445697626,0.601283991047423,33.3877563865537,51.0347891166449,14.7976986383577,0.969,3.95608738968062,3.43920674799665,0.832442903389189,0.505112958942417
1980-09-15,1.22,347.2,15.32,15.32,1099.79,0.12381522267206477,658.41,27.06629,750.88,3.17552224503765,2.27054970568104,0.715016154973943,0.219528466253919,0.207214753166224,16.85,1.1541095890411,212.45,3.09468317552804,0,-16.0641,4.11759799833194,1.37608385686463,0.451685660266874,1.30108445697626,0.601283991047423,33.3877563865537,51.0347891166449,14.7976986383577,0.969,3.95608738968062,3.43920674799665,0.832442903389189,0.505112958942417
1980-09-16,1.0,343.42,10.88,10.88,853.45,0.10752374600468782,658.41,27.06629,750.88,3.17552224503765,2.27054970568104,0.715016154973943,0.219528466253919,0.207214753166224,16.85,1.1541095890411,212.45,3.09468317552804,0,-16.0641,4.11759799833194,1.37608385686463,0.451685660266874,1.30108445697626,0.601283991047423,33.3877563865537,51.0347891166449,14.7976986383577,0.969,3.95608738968062,3.43920674799665,0.832442903389189,0.505112958942417
1980-09-17,4.25,279.03,14.57,14.57,1091.98,0.10426545067121244,658.41,27.06629,750.88,3.17552224503765,2.27054970568104,0.715016154973943,0.219528466253919,0.207214753166224,16.85,1.1541095890411,212.45,3.09468317552804,0,-16.0641,4.11759799833194,1.37608385686463,0.451685660266874,1.30108445697626,0.601283991047423,33.3877563865537,51.0347891166449,14.7976986383577,0.969,3.95608738968062,3.43920674799665,0.832442903389189,0.505112958942417
1980-09-18,1.05,396.41,12.53,12.53,920.65,0.10752374600468782,658.41,27.06629,750.88,3.17552224503765,2.27054970568104,0.715016154973943,0.219528466253919,0.207214753166224,16.85,1.1541095890411,212.45,3.09468317552804,0,-16.0641,4.11759799833194,1.37608385686463,0.451685660266874,1.30108445697626,0.601283991047423,33.3877563865537,51.0347891166449,14.7976986383577,0.969,3.95608738968062,3.43920674799665,0.832442903389189,0.505112958942417
1980-09-19,0.0,453.41,11.36,11.36,816.36,0.10100715533773705,658.41,27.06629,750.88,3.17552224503765,2.27054970568104,0.715016154973943,0.219528466253919,0.207214753166224,16.85,1.1541095890411,212.45,3.09468317552804,0,-16.0641,4.11759799833194,1.37608385686463,0.451685660266874,1.30108445697626,0.601283991047423,33.3877563865537,51.0347891166449,14.7976986383577,0.969,3.95608738968062,3.43920674799665,0.832442903389189,0.505112958942417
1980-09-20,0.04,394.99,14.97,14.97,1062.85,0.09449056467078627,658.41,27.06629,750.88,3.17552224503765,2.27054970568104,0.715016154973943,0.219528466253919,0.207214753166224,16.85,1.1541095890411,212.45,3.09468317552804,0,-16.0641,4.11759799833194,1.37608385686463,0.451685660266874,1.30108445697626,0.601283991047423,33.3877563865537,51.0347891166449,14.7976986383577,0.969,3.95608738968062,3.43920674799665,0.832442903389189,0.505112958942417
1980-09-21,0.52,300.04,19.44,19.44,1554.66,0.08797397400383548,658.41,27.06629,750.88,3.17552224503765,2.27054970568104,0.715016154973943,0.219528466253919,0.207214753166224,16.85,1.1541095890411,212.45,3.09468317552804,0,-16.0641,4.11759799833194,1.37608385686463,0.451685660266874,1.30108445697626,0.601283991047423,33.3877563865537,51.0347891166449,14.7976986383577,0.969,3.95608738968062,3.43920674799665,0.832442903389189,0.505112958942417
1980-09-22,1.62,221.19,22.66,22.66,1876.84,0.0847156786703601,658.41,27.06629,750.88,3.17552224503765,2.27054970568104,0.715016154973943,0.219528466253919,0.207214753166224,16.85,1.1541095890411,212.45,3.09468317552804,0,-16.0641,4.11759799833194,1.37608385686463,0.451685660266874,1.30108445697626,0.601283991047423,33.3877563865537,51.0347891166449,14.7976986383577,0.969,3.95608738968062,3.43920674799665,0.832442903389189,0.505112958942417
1980-09-23,0.39,406.45,17.84,17.84,1208.2,0.08797397400383548,658.41,27.06629,750.88,3.17552224503765,2.27054970568104,0.715016154973943,0.219528466253919,0.207214753166224,16.85,1.1541095890411,212.45,3.09468317552804,0,-16.0641,4.11759799833194,1.37608385686463,0.451685660266874,1.30108445697626,0.601283991047423,33.3877563865537,51.0347891166449,14.7976986383577,0.969,3.95608738968062,3.43920674799665,0.832442903389189,0.505112958942417
1980-09-24,0.16,324.78,11.05,11.05,802.75,0.08145738333688472,658.41,27.06629,750.88,3.17552224503765,2.27054970568104,0.715016154973943,0.219528466253919,0.207214753166224,16.85,1.1541095890411,212.45,3.09468317552804,0,-16.0641,4.11759799833194,1.37608385686463,0.451685660266874,1.30108445697626,0.601283991047423,33.3877563865537,51.0347891166449,14.7976986383577,0.969,3.95608738968062,3.43920674799665,0.832442903389189,0.505112958942417
1980-09-25,2.39,294.97,10.92,10.92,842.6,0.07819908800340933,658.41,27.06629,750.88,3.17552224503765,2.27054970568104,0.715016154973943,0.219528466253919,0.207214753166224,16.85,1.1541095890411,212.45,3.09468317552804,0,-16.0641,4.11759799833194,1.37608385686463,0.451685660266874,1.30108445697626,0.601283991047423,33.3877563865537,51.0347891166449,14.7976986383577,0.969,3.95608738968062,3.43920674799665,0.832442903389189,0.505112958942417
1980-09-26,0.64,333.38,10.37,10.37,803.47,0.08145738333688472,658.41,27.06629,750.88,3.17552224503765,2.27054970568104,0.715016154973943,0.219528466253919,0.207214753166224,16.85,1.1541095890411,212.45,3.09468317552804,0,-16.0641,4.11759799833194,1.37608385686463,0.451685660266874,1.30108445697626,0.601283991047423,33.3877563865537,51.0347891166449,14.7976986383577,0.969,3.95608738968062,3.43920674799665,0.832442903389189,0.505112958942417
1980-09-27,0.01,432.98,5.73,5.73,567.73,0.07819908800340933,658.41,27.06629,750.88,3.17552224503765,2.27054970568104,0.715016154973943,0.219528466253919,0.207214753166224,16.85,1.1541095890411,212.45,3.09468317552804,0,-16.0641,4.11759799833194,1.37608385686463,0.451685660266874,1.30108445697626,0.601283991047423,33.3877563865537,51.0347891166449,14.7976986383577,0.969,3.95608738968062,3.43920674799665,0.832442903389189,0.505112958942417
1980-09-28,0.0,412.58,8.41,8.41,643.93,0.07494079266993393,658.41,27.06629,750.88,3.17552224503765,2.27054970568104,0.715016154973943,0.219528466253919,0.207214753166224,16.85,1.1541095890411,212.45,3.09468317552804,0,-16.0641,4.11759799833194,1.37608385686463,0.451685660266874,1.30108445697626,0.601283991047423,33.3877563865537,51.0347891166449,14.7976986383577,0.969,3.95608738968062,3.43920674799665,0.832442903389189,0.505112958942417
1980-09-29,0.0,440.78,8.59,8.59,629.76,0.07819908800340933,658.41,27.06629,750.88,3.17552224503765,2.27054970568104,0.715016154973943,0.219528466253919,0.207214753166224,16.85,1.1541095890411,212.45,3.09468317552804,0,-16.0641,4.11759799833194,1.37608385686463,0.451685660266874,1.30108445697626,0.601283991047423,33.3877563865537,51.0347891166449,14.7976986383577,0.969,3.95608738968062,3.43920674799665,0.832442903389189,0.505112958942417
1980-09-30,0.0,411.01,12.75,12.75,838.71,0.07494079266993393,658.41,27.06629,750.88,3.17552224503765,2.27054970568104,0.715016154973943,0.219528466253919,0.207214753166224,16.85,1.1541095890411,212.45,3.09468317552804,0,-16.0641,4.11759799833194,1.37608385686463,0.451685660266874,1.30108445697626,0.601283991047423,33.3877563865537,51.0347891166449,14.7976986383577,0.969,3.95608738968062,3.43920674799665,0.832442903389189,0.505112958942417
1980-10-01,0.24,311.16,13.41,13.41,910.8,0.07494079266993393,658.41,27.06629,750.88,3.17552224503765,2.27054970568104,0.715016154973943,0.219528466253919,0.207214753166224,16.85,1.1541095890411,212.45,3.09468317552804,0,-16.0641,4.11759799833194,1.37608385686463,0.451685660266874,1.30108445697626,0.601283991047423,33.3877563865537,51.0347891166449,14.7976986383577,0.969,3.95608738968062,3.43920674799665,0.832442903389189,0.505112958942417
1980-10-02,1.71,273.16,13.79,13.79,970.59,0.07168249733645855,658.41,27.06629,750.88,3.17552224503765,2.27054970568104,0.715016154973943,0.219528466253919,0.207214753166224,16.85,1.1541095890411,212.45,3.09468317552804,0,-16.0641,4.11759799833194,1.37608385686463,0.451685660266874,1.30108445697626,0.601283991047423,33.3877563865537,51.0347891166449,14.7976986383577,0.969,3.95608738968062,3.43920674799665,0.832442903389189,0.505112958942417
1980-10-03,2.8,254.23,10.07,10.07,828.84,0.07494079266993393,658.41,27.06629,750.88,3.17552224503765,2.27054970568104,0.715016154973943,0.219528466253919,0.207214753166224,16.85,1.1541095890411,212.45,3.09468317552804,0,-16.0641,4.11759799833194,1.37608385686463,0.451685660266874,1.30108445697626,0.601283991047423,33.3877563865537,51.0347891166449,14.7976986383577,0.969,3.95608738968062,3.43920674799665,0.832442903389189,0.505112958942417
1980-10-04,0.68,325.47,9.4,9.4,766.64,0.08145738333688472,658.41,27.06629,750.88,3.17552224503765,2.27054970568104,0.715016154973943,0.219528466253919,0.207214753166224,16.85,1.1541095890411,212.45,3.09468317552804,0,-16.0641,4.11759799833194,1.37608385686463,0.451685660266874,1.30108445697626,0.601283991047423,33.3877563865537,51.0347891166449,14.7976986383577,0.969,3.95608738968062,3.43920674799665,0.832442903389189,0.505112958942417
1980-10-05,0.15,266.15,5.53,5.53,596.33,0.08145738333688472,658.41,27.06629,750.88,3.17552224503765,2.27054970568104,0.715016154973943,0.219528466253919,0.207214753166224,16.85,1.1541095890411,212.45,3.09468317552804,0,-16.0641,4.11759799833194,1.37608385686463,0.451685660266874,1.30108445697626,0.601283991047423,33.3877563865537,51.0347891166449,14.7976986383577,0.969,3.95608738968062,3.43920674799665,0.832442903389189,0.505112958942417
1980-10-06,0.33,270.82,3.75,3.75,540.05,0.07494079266993393,658.41,27.06629,750.88,3.17552224503765,2.27054970568104,0.715016154973943,0.219528466253919,0.207214753166224,16.85,1.1541095890411,212.45,3.09468317552804,0,-16.0641,4.11759799833194,1.37608385686463,0.451685660266874,1.30108445697626,0.601283991047423,33.3877563865537,51.0347891166449,14.7976986383577,0.969,3.95608738968062,3.43920674799665,0.832442903389189,0.505112958942417
1980-10-07,0.08,331.26,6.0,6.0,626.81,0.07494079266993393,658.41,27.06629,750.88,3.17552224503765,2.27054970568104,0.715016154973943,0.219528466253919,0.207214753166224,16.85,1.1541095890411,212.45,3.09468317552804,0,-16.0641,4.11759799833194,1.37608385686463,0.451685660266874,1.30108445697626,0.601283991047423,33.3877563865537,51.0347891166449,14.7976986383577,0.969,3.95608738968062,3.43920674799665,0.832442903389189,0.505112958942417
1980-10-08,0.0,401.78,7.84,7.84,633.74,0.07494079266993393,658.41,27.06629,750.88,3.17552224503765,2.27054970568104,0.715016154973943,0.219528466253919,0.207214753166224,16.85,1.1541095890411,212.45,3.09468317552804,0,-16.0641,4.11759799833194,1.37608385686463,0.451685660266874,1.30108445697626,0.601283991047423,33.3877563865537,51.0347891166449,14.7976986383577,0.969,3.95608738968062,3.43920674799665,0.832442903389189,0.505112958942417
1980-10-09,0.0,379.92,10.9,10.9,704.14,0.07494079266993393,658.41,27.06629,750.88,3.17552224503765,2.27054970568104,0.715016154973943,0.219528466253919,0.207214753166224,16.85,1.1541095890411,212.45,3.09468317552804,0,-16.0641,4.11759799833194,1.37608385686463,0.451685660266874,1.30108445697626,0.601283991047423,33.3877563865537,51.0347891166449,14.7976986383577,0.969,3.95608738968062,3.43920674799665,0.832442903389189,0.505112958942417
1980-10-10,1.73,324.39,4.94,4.94,486.39,0.06842420200298316,658.41,27.06629,750.88,3.17552224503765,2.27054970568104,0.715016154973943,0.219528466253919,0.207214753166224,16.85,1.1541095890411,212.45,3.09468317552804,0,-16.0641,4.11759799833194,1.37608385686463,0.451685660266874,1.30108445697626,0.601283991047423,33.3877563865537,51.0347891166449,14.7976986383577,0.969,3.95608738968062,3.43920674799665,0.832442903389189,0.505112958942417
1980-10-11,1.61,274.44,8.93,8.93,715.54,0.06842420200298316,658.41,27.06629,750.88,3.17552224503765,2.27054970568104,0.715016154973943,0.219528466253919,0.207214753166224,16.85,1.1541095890411,212.45,3.09468317552804,0,-16.0641,4.11759799833194,1.37608385686463,0.451685660266874,1.30108445697626,0.601283991047423,33.3877563865537,51.0347891166449,14.7976986383577,0.969,3.95608738968062,3.43920674799665,0.832442903389189,0.505112958942417
1980-10-12,9.79,213.39,7.94,7.94,720.25,0.0847156786703601,658.41,27.06629,750.88,3.17552224503765,2.27054970568104,0.715016154973943,0.219528466253919,0.207214753166224,16.85,1.1541095890411,212.45,3.09468317552804,0,-16.0641,4.11759799833194,1.37608385686463,0.451685660266874,1.30108445697626,0.601283991047423,33.3877563865537,51.0347891166449,14.7976986383577,0.969,3.95608738968062,3.43920674799665,0.832442903389189,0.505112958942417
1980-10-13,3.45,185.44,3.11,3.11,559.18,0.10426545067121244,658.41,27.06629,750.88,3.17552224503765,2.27054970568104,0.715016154973943,0.219528466253919,0.207214753166224,16.85,1.1541095890411,212.45,3.09468317552804,0,-16.0641,4.11759799833194,1.37608385686463,0.451685660266874,1.30108445697626,0.601283991047423,33.3877563865537,51.0347891166449,14.7976986383577,0.969,3.95608738968062,3.43920674799665,0.832442903389189,0.505112958942417
1980-10-14,1.38,230.25,2.33,2.33,533.23,0.10752374600468782,658.41,27.06629,750.88,3.17552224503765,2.27054970568104,0.715016154973943,0.219528466253919,0.207214753166224,16.85,1.1541095890411,212.45,3.09468317552804,0,-16.0641,4.11759799833194,1.37608385686463,0.451685660266874,1.30108445697626,0.601283991047423,33.3877563865537,51.0347891166449,14.7976986383577,0.969,3.95608738968062,3.43920674799665,0.832442903389189,0.505112958942417
1980-10-15,0.33,282.38,5.5,5.5,643.39,0.09774886000426165,658.41,27.06629,750.88,3.17552224503765,2.27054970568104,0.715016154973943,0.219528466253919,0.207214753166224,16.85,1.1541095890411,212.45,3.09468317552804,0,-16.0641,4.11759799833194,1.37608385686463,0.451685660266874,1.30108445697626,0.601283991047423,33.3877563865537,51.0347891166449,14.7976986383577,0.969,3.95608738968062,3.43920674799665,0.832442903389189,0.505112958942417
1980-10-16,0.01,359.94,9.12,9.12,753.6,0.09774886000426165,658.41,27.06629,750.88,3.17552224503765,2.27054970568104,0.715016154973943,0.219528466253919,0.207214753166224,16.85,1.1541095890411,212.45,3.09468317552804,0,-16.0641,4.11759799833194,1.37608385686463,0.451685660266874,1.30108445697626,0.601283991047423,33.3877563865537,51.0347891166449,14.7976986383577,0.969,3.95608738968062,3.43920674799665,0.832442903389189,0.505112958942417
1980-10-17,5.12,266.54,13.19,13.19,954.73,0.09123226933731088,658.41,27.06629,750.88,3.17552224503765,2.27054970568104,0.715016154973943,0.219528466253919,0.207214753166224,16.85,1.1541095890411,212.45,3.09468317552804,0,-16.0641,4.11759799833194,1.37608385686463,0.451685660266874,1.30108445697626,0.601283991047423,33.3877563865537,51.0347891166449,14.7976986383577,0.969,3.95608738968062,3.43920674799665,0.832442903389189,0.505112958942417
1980-10-18,1.98,226.0,14.9,14.9,1082.82,0.09774886000426165,658.41,27.06629,750.88,3.17552224503765,2.27054970568104,0.715016154973943,0.219528466253919,0.207214753166224,16.85,1.1541095890411,212.45,3.09468317552804,0,-16.0641,4.11759799833194,1.37608385686463,0.451685660266874,1.30108445697626,0.601283991047423,33.3877563865537,51.0347891166449,14.7976986383577,0.969,3.95608738968062,3.43920674799665,0.832442903389189,0.505112958942417
1980-10-19,1.91,250.3,10.16,10.16,796.89,0.10752374600468782,658.41,27.06629,750.88,3.17552224503765,2.27054970568104,0.715016154973943,0.219528466253919,0.207214753166224,16.85,1.1541095890411,212.45,3.09468317552804,0,-16.0641,4.11759799833194,1.37608385686463,0.451685660266874,1.30108445697626,0.601283991047423,33.3877563865537,51.0347891166449,14.7976986383577,0.969,3.95608738968062,3.43920674799665,0.832442903389189,0.505112958942417
1980-10-20,3.73,174.97,6.04,6.04,673.88,0.11404033667163861,658.41,27.06629,750.88,3.17552224503765,2.27054970568104,0.715016154973943,0.219528466253919,0.207214753166224,16.85,1.1541095890411,212.45,3.09468317552804,0,-16.0641,4.11759799833194,1.37608385686463,0.451685660266874,1.30108445697626,0.601283991047423,33.3877563865537,51.0347891166449,14.7976986383577,0.969,3.95608738968062,3.43920674799665,0.832442903389189,0.505112958942417
1980-10-21,1.47,183.56,4.67,4.67,622.41,0.10752374600468782,658.41,27.06629,750.88,3.17552224503765,2.27054970568104,0.715016154973943,0.219528466253919,0.207214753166224,16.85,1.1541095890411,212.45,3.09468317552804,0,-16.0641,4.11759799833194,1.37608385686463,0.451685660266874,1.30108445697626,0.601283991047423,33.3877563865537,51.0347891166449,14.7976986383577,0.969,3.95608738968062,3.43920674799665,0.832442903389189,0.505112958942417
1980-10-22,0.16,323.89,2.87,2.87,471.3,0.10752374600468782,658.41,27.06629,750.88,3.17552224503765,2.27054970568104,0.715016154973943,0.219528466253919,0.207214753166224,16.85,1.1541095890411,212.45,3.09468317552804,0,-16.0641,4.11759799833194,1.37608385686463,0.451685660266874,1.30108445697626,0.601283991047423,33.3877563865537,51.0347891166449,14.7976986383577,0.969,3.95608738968062,3.43920674799665,0.832442903389189,0.505112958942417
1980-10-23,0.0,333.07,0.22,0.22,365.8,0.10100715533773705,658.41,27.06629,750.88,3.17552224503765,2.27054970568104,0.715016154973943,0.219528466253919,0.207214753166224,16.85,1.1541095890411,212.45,3.09468317552804,0,-16.0641,4.11759799833194,1.37608385686463,0.451685660266874,1.30108445697626,0.601283991047423,33.3877563865537,51.0347891166449,14.7976986383577,0.969,3.95608738968062,3.43920674799665,0.832442903389189,0.505112958942417
1980-10-24,2.99,299.76,0.65,0.65,370.25,0.09449056467078627,658.41,27.06629,750.88,3.17552224503765,2.27054970568104,0.715016154973943,0.219528466253919,0.207214753166224,16.85,1.1541095890411,212.45,3.09468317552804,0,-16.0641,4.11759799833194,1.37608385686463,0.451685660266874,1.30108445697626,0.601283991047423,33.3877563865537,51.0347891166449,14.7976986383577,0.969,3.95608738968062,3.43920674799665,0.832442903389189,0.505112958942417
1980-10-25,42.42,256.84,2.84,2.84,483.07,0.62885099936075,658.41,27.06629,750.88,3.17552224503765,2.27054970568104,0.715016154973943,0.219528466253919,0.207214753166224,16.85,1.1541095890411,212.45,3.09468317552804,0,-16.0641,4.11759799833194,1.37608385686463,0.451685660266874,1.30108445697626,0.601283991047423,33.3877563865537,51.0347891166449,14.7976986383577,0.969,3.95608738968062,3.43920674799665,0.832442903389189,0.505112958942417
1980-10-26,12.76,166.35,2.17,2.17,534.76,1.9745269720860854,658.41,27.06629,750.88,3.17552224503765,2.27054970568104,0.715016154973943,0.219528466253919,0.207214753166224,16.85,1.1541095890411,212.45,3.09468317552804,0,-16.0641,4.11759799833194,1.37608385686463,0.451685660266874,1.30108445697626,0.601283991047423,33.3877563865537,51.0347891166449,14.7976986383577,0.969,3.95608738968062,3.43920674799665,0.832442903389189,0.505112958942417
1980-10-27,1.22,109.57,1.03,1.03,535.18,0.7103083826976347,658.41,27.06629,750.88,3.17552224503765,2.27054970568104,0.715016154973943,0.219528466253919,0.207214753166224,16.85,1.1541095890411,212.45,3.09468317552804,0,-16.0641,4.11759799833194,1.37608385686463,0.451685660266874,1.30108445697626,0.601283991047423,33.3877563865537,51.0347891166449,14.7976986383577,0.969,3.95608738968062,3.43920674799665,0.832442903389189,0.505112958942417
1980-10-28,0.35,123.19,0.75,0.75,526.23,0.4887443000213083,658.41,27.06629,750.88,3.17552224503765,2.27054970568104,0.715016154973943,0.219528466253919,0.207214753166224,16.85,1.1541095890411,212.45,3.09468317552804,0,-16.0641,4.11759799833194,1.37608385686463,0.451685660266874,1.30108445697626,0.601283991047423,33.3877563865537,51.0347891166449,14.7976986383577,0.969,3.95608738968062,3.43920674799665,0.832442903389189,0.505112958942417
1980-10-29,0.04,157.75,0.49,0.49,511.09,0.44312816535265287,658.41,27.06629,750.88,3.17552224503765,2.27054970568104,0.715016154973943,0.219528466253919,0.207214753166224,16.85,1.1541095890411,212.45,3.09468317552804,0,-16.0641,4.11759799833194,1.37608385686463,0.451685660266874,1.30108445697626,0.601283991047423,33.3877563865537,51.0347891166449,14.7976986383577,0.969,3.95608738968062,3.43920674799665,0.832442903389189,0.505112958942417
1980-10-30,0.0,244.61,1.16,1.16,505.86,0.3486376006818666,658.41,27.06629,750.88,3.17552224503765,2.27054970568104,0.715016154973943,0.219528466253919,0.207214753166224,16.85,1.1541095890411,212.45,3.09468317552804,0,-16.0641,4.11759799833194,1.37608385686463,0.451685660266874,1.30108445697626,0.601283991047423,33.3877563865537,51.0347891166449,14.7976986383577,0.969,3.95608738968062,3.43920674799665,0.832442903389189,0.505112958942417
1980-10-31,0.0,306.05,3.03,3.03,518.52,0.30953805668016193,658.41,27.06629,750.88,3.17552224503765,2.27054970568104,0.715016154973943,0.219528466253919,0.207214753166224,16.85,1.1541095890411,212.45,3.09468317552804,0,-16.0641,4.11759799833194,1.37608385686463,0.451685660266874,1.30108445697626,0.601283991047423,33.3877563865537,51.0347891166449,14.7976986383577,0.969,3.95608738968062,3.43920674799665,0.832442903389189,0.505112958942417
1980-11-01,0.0,278.17,4.27,4.27,553.92,0.293246580012785,658.41,27.06629,750.88,3.17552224503765,2.27054970568104,0.715016154973943,0.219528466253919,0.207214753166224,16.85,1.1541095890411,212.45,3.09468317552804,0,-16.0641,4.11759799833194,1.37608385686463,0.451685660266874,1.30108445697626,0.601283991047423,33.3877563865537,51.0347891166449,14.7976986383577,0.969,3.95608738968062,3.43920674799665,0.832442903389189,0.505112958942417
1980-11-02,0.0,155.1,1.5,1.5,505.96,0.25740533134455573,658.41,27.06629,750.88,3.17552224503765,2.27054970568104,0.715016154973943,0.219528466253919,0.207214753166224,16.85,1.1541095890411,212.45,3.09468317552804,0,-16.0641,4.11759799833194,1.37608385686463,0.451685660266874,1.30108445697626,0.601283991047423,33.3877563865537,51.0347891166449,14.7976986383577,0.969,3.95608738968062,3.43920674799665,0.832442903389189,0.505112958942417
1980-11-03,0.48,241.3,0.99,0.99,472.8,0.22482237800980182,658.41,27.06629,750.88,3.17552224503765,2.27054970568104,0.715016154973943,0.219528466253919,0.207214753166224,16.85,1.1541095890411,212.45,3.09468317552804,0,-16.0641,4.11759799833194,1.37608385686463,0.451685660266874,1.30108445697626,0.601283991047423,33.3877563865537,51.0347891166449,14.7976986383577,0.969,3.95608738968062,3.43920674799665,0.832442903389189,0.505112958942417
1980-11-04,1.31,174.76,7.24,7.24,726.11,0.21178919667590027,658.41,27.06629,750.88,3.17552224503765,2.27054970568104,0.715016154973943,0.219528466253919,0.207214753166224,16.85,1.1541095890411,212.45,3.09468317552804,0,-16.0641,4.11759799833194,1.37608385686463,0.451685660266874,1.30108445697626,0.601283991047423,33.3877563865537,51.0347891166449,14.7976986383577,0.969,3.95608738968062,3.43920674799665,0.832442903389189,0.505112958942417
1980-11-05,0.73,207.71,5.21,5.21,614.25,0.21178919667590027,658.41,27.06629,750.88,3.17552224503765,2.27054970568104,0.715016154973943,0.219528466253919,0.207214753166224,16.85,1.1541095890411,212.45,3.09468317552804,0,-16.0641,4.11759799833194,1.37608385686463,0.451685660266874,1.30108445697626,0.601283991047423,33.3877563865537,51.0347891166449,14.7976986383577,0.969,3.95608738968062,3.43920674799665,0.832442903389189,0.505112958942417
1980-11-06,2.65,193.57,0.95,0.95,479.87,0.2020143106754741,658.41,27.06629,750.88,3.17552224503765,2.27054970568104,0.715016154973943,0.219528466253919,0.207214753166224,16.85,1.1541095890411,212.45,3.09468317552804,0,-16.0641,4.11759799833194,1.37608385686463,0.451685660266874,1.30108445697626,0.601283991047423,33.3877563865537,51.0347891166449,14.7976986383577,0.969,3.95608738968062,3.43920674799665,0.832442903389189,0.505112958942417
1980-11-07,5.12,211.97,5.64,5.64,639.16,0.20853090134242488,658.41,27.06629,750.88,3.17552224503765,2.27054970568104,0.715016154973943,0.219528466253919,0.207214753166224,16.85,1.1541095890411,212.45,3.09468317552804,0,-16.0641,4.11759799833194,1.37608385686463,0.451685660266874,1.30108445697626,0.601283991047423,33.3877563865537,51.0347891166449,14.7976986383577,0.969,3.95608738968062,3.43920674799665,0.832442903389189,0.505112958942417
1980-11-08,1.55,214.95,6.81,6.81,619.86,0.3193129426805881,658.41,27.06629,750.88,3.17552224503765,2.27054970568104,0.715016154973943,0.219528466253919,0.207214753166224,16.85,1.1541095890411,212.45,3.09468317552804,0,-16.0641,4.11759799833194,1.37608385686463,0.451685660266874,1.30108445697626,0.601283991047423,33.3877563865537,51.0347891166449,14.7976986383577,0.969,3.95608738968062,3.43920674799665,0.832442903389189,0.505112958942417
1980-11-09,8.35,225.69,2.76,2.76,455.48,0.3909954400170466,658.41,27.06629,750.88,3.17552224503765,2.27054970568104,0.715016154973943,0.219528466253919,0.207214753166224,16.85,1.1541095890411,212.45,3.09468317552804,0,-16.0641,4.11759799833194,1.37608385686463,0.451685660266874,1.30108445697626,0.601283991047423,33.3877563865537,51.0347891166449,14.7976986383577,0.969,3.95608738968062,3.43920674799665,0.832442903389189,0.505112958942417
1980-11-10,2.74,218.16,3.32,3.32,471.59,0.6581756573620285,658.41,27.06629,750.88,3.17552224503765,2.27054970568104,0.715016154973943,0.219528466253919,0.207214753166224,16.85,1.1541095890411,212.45,3.09468317552804,0,-16.0641,4.11759799833194,1.37608385686463,0.451685660266874,1.30108445697626,0.601283991047423,33.3877563865537,51.0347891166449,14.7976986383577,0.969,3.95608738968062,3.43920674799665,0.832442903389189,0.505112958942417
1980-11-11,0.15,118.33,-1.58,-1.58,396.04,0.4594196420200298,658.41,27.06629,750.88,3.17552224503765,2.27054970568104,0.715016154973943,0.219528466253919,0.207214753166224,16.85,1.1541095890411,212.45,3.09468317552804,0,-16.0641,4.11759799833194,1.37608385686463,0.451685660266874,1.30108445697626,0.601283991047423,33.3877563865537,51.0347891166449,14.7976986383577,0.969,3.95608738968062,3.43920674799665,0.832442903389189,0.505112958942417
1980-11-12,0.26,141.86,-2.85,-2.85,386.61,0.35189589601534194,658.41,27.06629,750.88,3.17552224503765,2.27054970568104,0.715016154973943,0.219528466253919,0.207214753166224,16.85,1.1541095890411,212.45,3.09468317552804,0,-16.0641,4.11759799833194,1.37608385686463,0.451685660266874,1.30108445697626,0.601283991047423,33.3877563865537,51.0347891166449,14.7976986383577,0.969,3.95608738968062,3.43920674799665,0.832442903389189,0.505112958942417
1980-11-13,0.07,280.2,0.17,0.17,424.43,0.30953805668016193,658.41,27.06629,750.88,3.17552224503765,2.27054970568104,0.715016154973943,0.219528466253919,0.207214753166224,16.85,1.1541095890411,212.45,3.09468317552804,0,-16.0641,4.11759799833194,1.37608385686463,0.451685660266874,1.30108445697626,0.601283991047423,33.3877563865537,51.0347891166449,14.7976986383577,0.969,3.95608738968062,3.43920674799665,0.832442903389189,0.505112958942417
1980-11-14,0.2,202.06,4.75,4.75,557.1,0.293246580012785,658.41,27.06629,750.88,3.17552224503765,2.27054970568104,0.715016154973943,0.219528466253919,0.207214753166224,16.85,1.1541095890411,212.45,3.09468317552804,0,-16.0641,4.11759799833194,1.37608385686463,0.451685660266874,1.30108445697626,0.601283991047423,33.3877563865537,51.0347891166449,14.7976986383577,0.969,3.95608738968062,3.43920674799665,0.832442903389189,0.505112958942417
1980-11-15,0.05,210.2,1.62,1.62,468.63,0.276955103345408,658.41,27.06629,750.88,3.17552224503765,2.27054970568104,0.715016154973943,0.219528466253919,0.207214753166224,16.85,1.1541095890411,212.45,3.09468317552804,0,-16.0641,4.11759799833194,1.37608385686463,0.451685660266874,1.30108445697626,0.601283991047423,33.3877563865537,51.0347891166449,14.7976986383577,0.969,3.95608738968062,3.43920674799665,0.832442903389189,0.505112958942417
1980-11-16,0.0,214.26,-2.71,-2.71,339.56,0.25414703601108035,658.41,27.06629,750.88,3.17552224503765,2.27054970568104,0.715016154973943,0.219528466253919,0.207214753166224,16.85,1.1541095890411,212.45,3.09468317552804,0,-16.0641,4.11759799833194,1.37608385686463,0.451685660266874,1.30108445697626,0.601283991047423,33.3877563865537,51.0347891166449,14.7976986383577,0.969,3.95608738968062,3.43920674799665,0.832442903389189,0.505112958942417
1980-11-17,13.64,244.54,-6.49,-6.49,239.05,0.29650487534626035,658.41,27.06629,750.88,3.17552224503765,2.27054970568104,0.715016154973943,0.219528466253919,0.207214753166224,16.85,1.1541095890411,212.45,3.09468317552804,0,-16.0641,4.11759799833194,1.37608385686463,0.451685660266874,1.30108445697626,0.601283991047423,33.3877563865537,51.0347891166449,14.7976986383577,0.969,3.95608738968062,3.43920674799665,0.832442903389189,0.505112958942417
1980-11-18,4.12,160.62,-5.01,-5.01,306.05,0.452903051353079,658.41,27.06629,750.88,3.17552224503765,2.27054970568104,0.715016154973943,0.219528466253919,0.207214753166224,16.85,1.1541095890411,212.45,3.09468317552804,0,-16.0641,4.11759799833194,1.37608385686463,0.451685660266874,1.30108445697626,0.601283991047423,33.3877563865537,51.0347891166449,14.7976986383577,0.969,3.95608738968062,3.43920674799665,0.832442903389189,0.505112958942417
1980-11-19,0.14,218.14,-3.25,-3.25,356.15,0.24437215001065415,658.41,27.06629,750.88,3.17552224503765,2.27054970568104,0.715016154973943,0.219528466253919,0.207214753166224,16.85,1.1541095890411,212.45,3.09468317552804,0,-16.0641,4.11759799833194,1.37608385686463,0.451685660266874,1.30108445697626,0.601283991047423,33.3877563865537,51.0347891166449,14.7976986383577,0.969,3.95608738968062,3.43920674799665,0.832442903389189,0.505112958942417
1980-11-20,0.0,298.38,-2.91,-2.91,319.96,0.23459726401022798,658.41,27.06629,750.88,3.17552224503765,2.27054970568104,0.715016154973943,0.219528466253919,0.207214753166224,16.85,1.1541095890411,212.45,3.09468317552804,0,-16.0641,4.11759799833194,1.37608385686463,0.451685660266874,1.30108445697626,0.601283991047423,33.3877563865537,51.0347891166449,14.7976986383577,0.969,3.95608738968062,3.43920674799665,0.832442903389189,0.505112958942417
1980-11-21,0.13,254.65,-2.74,-2.74,332.61,0.21504749200937565,658.41,27.06629,750.88,3.17552224503765,2.27054970568104,0.715016154973943,0.219528466253919,0.207214753166224,16.85,1.1541095890411,212.45,3.09468317552804,0,-16.0641,4.11759799833194,1.37608385686463,0.451685660266874,1.30108445697626,0.601283991047423,33.3877563865537,51.0347891166449,14.7976986383577,0.969,3.95608738968062,3.43920674799665,0.832442903389189,0.505112958942417
1980-11-22,0.03,234.43,0.65,0.65,452.36,0.24111385467717877,658.41,27.06629,750.88,3.17552224503765,2.27054970568104,0.715016154973943,0.219528466253919,0.207214753166224,16.85,1.1541095890411,212.45,3.09468317552804,0,-16.0641,4.11759799833194,1.37608385686463,0.451685660266874,1.30108445697626,0.601283991047423,33.3877563865537,51.0347891166449,14.7976986383577,0.969,3.95608738968062,3.43920674799665,0.832442903389189,0.505112958942417
1980-11-23,0.26,238.8,-0.71,-0.71,391.19,0.2313389686767526,658.41,27.06629,750.88,3.17552224503765,2.27054970568104,0.715016154973943,0.219528466253919,0.207214753166224,16.85,1.1541095890411,212.45,3.09468317552804,0,-16.0641,4.11759799833194,1.37608385686463,0.451685660266874,1.30108445697626,0.601283991047423,33.3877563865537,51.0347891166449,14.7976986383577,0.969,3.95608738968062,3.43920674799665,0.832442903389189,0.505112958942417
1980-11-24,8.17,189.13,2.11,2.11,509.43,0.6223344086937993,658.41,27.06629,750.88,3.17552224503765,2.27054970568104,0.715016154973943,0.219528466253919,0.207214753166224,16.85,1.1541095890411,212.45,3.09468317552804,0,-16.0641,4.11759799833194,1.37608385686463,0.451685660266874,1.30108445697626,0.601283991047423,33.3877563865537,51.0347891166449,14.7976986383577,0.969,3.95608738968062,3.43920674799665,0.832442903389189,0.505112958942417
1980-11-25,2.13,200.18,0.43,0.43,464.34,1.5965647134029404,658.41,27.06629,750.88,3.17552224503765,2.27054970568104,0.715016154973943,0.219528466253919,0.207214753166224,16.85,1.1541095890411,212.45,3.09468317552804,0,-16.0641,4.11759799833194,1.37608385686463,0.451685660266874,1.30108445697626,0.601283991047423,33.3877563865537,51.0347891166449,14.7976986383577,0.969,3.95608738968062,3.43920674799665,0.832442903389189,0.505112958942417
1980-11-26,0.0,287.37,-3.42,-3.42,314.05,0.8797397400383549,658.41,27.06629,750.88,3.17552224503765,2.27054970568104,0.715016154973943,0.219528466253919,0.207214753166224,16.85,1.1541095890411,212.45,3.09468317552804,0,-16.0641,4.11759799833194,1.37608385686463,0.451685660266874,1.30108445697626,0.601283991047423,33.3877563865537,51.0347891166449,14.7976986383577,0.969,3.95608738968062,3.43920674799665,0.832442903389189,0.505112958942417
1980-11-27,3.92,213.42,-3.5,-3.5,324.91,0.6386258853611761,658.41,27.06629,750.88,3.17552224503765,2.27054970568104,0.715016154973943,0.219528466253919,0.207214753166224,16.85,1.1541095890411,212.45,3.09468317552804,0,-16.0641,4.11759799833194,1.37608385686463,0.451685660266874,1.30108445697626,0.601283991047423,33.3877563865537,51.0347891166449,14.7976986383577,0.969,3.95608738968062,3.43920674799665,0.832442903389189,0.505112958942417
1980-11-28,2.94,110.96,-1.34,-1.34,442.08,0.6255927040272746,658.41,27.06629,750.88,3.17552224503765,2.27054970568104,0.715016154973943,0.219528466253919,0.207214753166224,16.85,1.1541095890411,212.45,3.09468317552804,0,-16.0641,4.11759799833194,1.37608385686463,0.451685660266874,1.30108445697626,0.601283991047423,33.3877563865537,51.0347891166449,14.7976986383577,0.969,3.95608738968062,3.43920674799665,0.832442903389189,0.505112958942417
1980-11-29,4.42,113.3,-1.62,-1.62,453.9,0.6386258853611761,658.41,27.06629,750.88,3.17552224503765,2.27054970568104,0.715016154973943,0.219528466253919,0.207214753166224,16.85,1.1541095890411,212.45,3.09468317552804,0,-16.0641,4.11759799833194,1.37608385686463,0.451685660266874,1.30108445697626,0.601283991047423,33.3877563865537,51.0347891166449,14.7976986383577,0.969,3.95608738968062,3.43920674799665,0.832442903389189,0.505112958942417
1980-11-30,1.04,189.85,-0.97,-0.97,469.51,0.5669433880247176,658.41,27.06629,750.88,3.17552224503765,2.27054970568104,0.715016154973943,0.219528466253919,0.207214753166224,16.85,1.1541095890411,212.45,3.09468317552804,0,-16.0641,4.11759799833194,1.37608385686463,0.451685660266874,1.30108445697626,0.601283991047423,33.3877563865537,51.0347891166449,14.7976986383577,0.969,3.95608738968062,3.43920674799665,0.832442903389189,0.505112958942417
1980-12-01,0.05,220.96,2.51,2.51,578.72,0.6418841806946515,658.41,27.06629,750.88,3.17552224503765,2.27054970568104,0.715016154973943,0.219528466253919,0.207214753166224,16.85,1.1541095890411,212.45,3.09468317552804,0,-16.0641,4.11759799833194,1.37608385686463,0.451685660266874,1.30108445697626,0.601283991047423,33.3877563865537,51.0347891166449,14.7976986383577,0.969,3.95608738968062,3.43920674799665,0.832442903389189,0.505112958942417
1980-12-02,8.11,195.52,5.5,5.5,633.67,1.316351314724057,658.41,27.06629,750.88,3.17552224503765,2.27054970568104,0.715016154973943,0.219528466253919,0.207214753166224,16.85,1.1541095890411,212.45,3.09468317552804,0,-16.0641,4.11759799833194,1.37608385686463,0.451685660266874,1.30108445697626,0.601283991047423,33.3877563865537,51.0347891166449,14.7976986383577,0.969,3.95608738968062,3.43920674799665,0.832442903389189,0.505112958942417
1980-12-03,2.39,234.36,-1.31,-1.31,310.09,2.020143106754741,658.41,27.06629,750.88,3.17552224503765,2.27054970568104,0.715016154973943,0.219528466253919,0.207214753166224,16.85,1.1541095890411,212.45,3.09468317552804,0,-16.0641,4.11759799833194,1.37608385686463,0.451685660266874,1.30108445697626,0.601283991047423,33.3877563865537,51.0347891166449,14.7976986383577,0.969,3.95608738968062,3.43920674799665,0.832442903389189,0.505112958942417
1980-12-04,0.07,281.79,-8.42,-8.42,176.13,0.9449056467078627,658.41,27.06629,750.88,3.17552224503765,2.27054970568104,0.715016154973943,0.219528466253919,0.207214753166224,16.85,1.1541095890411,212.45,3.09468317552804,0,-16.0641,4.11759799833194,1.37608385686463,0.451685660266874,1.30108445697626,0.601283991047423,33.3877563865537,51.0347891166449,14.7976986383577,0.969,3.95608738968062,3.43920674799665,0.832442903389189,0.505112958942417
1980-12-05,0.0,290.78,-9.13,-9.13,169.35,0.7494079266993394,658.41,27.06629,750.88,3.17552224503765,2.27054970568104,0.715016154973943,0.219528466253919,0.207214753166224,16.85,1.1541095890411,212.45,3.09468317552804,0,-16.0641,4.11759799833194,1.37608385686463,0.451685660266874,1.30108445697626,0.601283991047423,33.3877563865537,51.0347891166449,14.7976986383577,0.969,3.95608738968062,3.43920674799665,0.832442903389189,0.505112958942417
1980-12-06,0.14,231.69,-5.94,-5.94,234.96,0.7494079266993394,658.41,27.06629,750.88,3.17552224503765,2.27054970568104,0.715016154973943,0.219528466253919,0.207214753166224,16.85,1.1541095890411,212.45,3.09468317552804,0,-16.0641,4.11759799833194,1.37608385686463,0.451685660266874,1.30108445697626,0.601283991047423,33.3877563865537,51.0347891166449,14.7976986383577,0.969,3.95608738968062,3.43920674799665,0.832442903389189,0.505112958942417
1980-12-07,1.38,208.54,0.29,0.29,457.52,0.9514222373748135,658.41,27.06629,750.88,3.17552224503765,2.27054970568104,0.715016154973943,0.219528466253919,0.207214753166224,16.85,1.1541095890411,212.45,3.09468317552804,0,-16.0641,4.11759799833194,1.37608385686463,0.451685660266874,1.30108445697626,0.601283991047423,33.3877563865537,51.0347891166449,14.7976986383577,0.969,3.95608738968062,3.43920674799665,0.832442903389189,0.505112958942417
1980-12-08,2.49,183.11,7.0,7.0,732.01,1.1925360920519923,658.41,27.06629,750.88,3.17552224503765,2.27054970568104,0.715016154973943,0.219528466253919,0.207214753166224,16.85,1.1541095890411,212.45,3.09468317552804,0,-16.0641,4.11759799833194,1.37608385686463,0.451685660266874,1.30108445697626,0.601283991047423,33.3877563865537,51.0347891166449,14.7976986383577,0.969,3.95608738968062,3.43920674799665,0.832442903389189,0.505112958942417
1980-12-09,4.54,210.37,5.24,5.24,560.79,1.417358470061794,658.41,27.06629,750.88,3.17552224503765,2.27054970568104,0.715016154973943,0.219528466253919,0.207214753166224,16.85,1.1541095890411,212.45,3.09468317552804,0,-16.0641,4.11759799833194,1.37608385686463,0.451685660266874,1.30108445697626,0.601283991047423,33.3877563865537,51.0347891166449,14.7976986383577,0.969,3.95608738968062,3.43920674799665,0.832442903389189,0.505112958942417
1980-12-10,2.25,102.93,-0.1,-0.1,417.78,1.133886776049435,658.41,27.06629,750.88,3.17552224503765,2.27054970568104,0.715016154973943,0.219528466253919,0.207214753166224,16.85,1.1541095890411,212.45,3.09468317552804,0,-16.0641,4.11759799833194,1.37608385686463,0.451685660266874,1.30108445697626,0.601283991047423,33.3877563865537,51.0347891166449,14.7976986383577,0.969,3.95608738968062,3.43920674799665,0.832442903389189,0.505112958942417
1980-12-11,0.44,227.76,-9.03,-9.03,189.61,0.8471567867036011,658.41,27.06629,750.88,3.17552224503765,2.27054970568104,0.715016154973943,0.219528466253919,0.207214753166224,16.85,1.1541095890411,212.45,3.09468317552804,0,-16.0641,4.11759799833194,1.37608385686463,0.451685660266874,1.30108445697626,0.601283991047423,33.3877563865537,51.0347891166449,14.7976986383577,0.969,3.95608738968062,3.43920674799665,0.832442903389189,0.505112958942417
1980-12-12,0.15,216.6,-7.63,-7.63,211.1,0.7494079266993394,658.41,27.06629,750.88,3.17552224503765,2.27054970568104,0.715016154973943,0.219528466253919,0.207214753166224,16.85,1.1541095890411,212.45,3.09468317552804,0,-16.0641,4.11759799833194,1.37608385686463,0.451685660266874,1.30108445697626,0.601283991047423,33.3877563865537,51.0347891166449,14.7976986383577,0.969,3.95608738968062,3.43920674799665,0.832442903389189,0.505112958942417
1980-12-13,1.75,211.27,-3.41,-3.41,289.05,0.8471567867036011,658.41,27.06629,750.88,3.17552224503765,2.27054970568104,0.715016154973943,0.219528466253919,0.207214753166224,16.85,1.1541095890411,212.45,3.09468317552804,0,-16.0641,4.11759799833194,1.37608385686463,0.451685660266874,1.30108445697626,0.601283991047423,33.3877563865537,51.0347891166449,14.7976986383577,0.969,3.95608738968062,3.43920674799665,0.832442903389189,0.505112958942417
1980-12-14,2.47,204.25,-6.87,-6.87,215.45,0.58649316002557,658.41,27.06629,750.88,3.17552224503765,2.27054970568104,0.715016154973943,0.219528466253919,0.207214753166224,16.85,1.1541095890411,212.45,3.09468317552804,0,-16.0641,4.11759799833194,1.37608385686463,0.451685660266874,1.30108445697626,0.601283991047423,33.3877563865537,51.0347891166449,14.7976986383577,0.969,3.95608738968062,3.43920674799665,0.832442903389189,0.505112958942417
1980-12-15,2.27,221.34,-11.26,-11.26,151.49,0.5213272533560622,658.41,27.06629,750.88,3.17552224503765,2.27054970568104,0.715016154973943,0.219528466253919,0.207214753166224,16.85,1.1541095890411,212.45,3.09468317552804,0,-16.0641,4.11759799833194,1.37608385686463,0.451685660266874,1.30108445697626,0.601283991047423,33.3877563865537,51.0347891166449,14.7976986383577,0.969,3.95608738968062,3.43920674799665,0.832442903389189,0.505112958942417
1980-12-16,0.96,174.31,-8.49,-8.49,202.57,0.5213272533560622,658.41,27.06629,750.88,3.17552224503765,2.27054970568104,0.715016154973943,0.219528466253919,0.207214753166224,16.85,1.1541095890411,212.45,3.09468317552804,0,-16.0641,4.11759799833194,1.37608385686463,0.451685660266874,1.30108445697626,0.601283991047423,33.3877563865537,51.0347891166449,14.7976986383577,0.969,3.95608738968062,3.43920674799665,0.832442903389189,0.505112958942417
1980-12-17,0.13,268.47,-10.94,-10.94,162.3,0.58649316002557,658.41,27.06629,750.88,3.17552224503765,2.27054970568104,0.715016154973943,0.219528466253919,0.207214753166224,16.85,1.1541095890411,212.45,3.09468317552804,0,-16.0641,4.11759799833194,1.37608385686463,0.451685660266874,1.30108445697626,0.601283991047423,33.3877563865537,51.0347891166449,14.7976986383577,0.969,3.95608738968062,3.43920674799665,0.832442903389189,0.505112958942417
1980-12-18,1.71,222.62,-8.19,-8.19,182.37,0.6842420200298316,658.41,27.06629,750.88,3.17552224503765,2.27054970568104,0.715016154973943,0.219528466253919,0.207214753166224,16.85,1.1541095890411,212.45,3.09468317552804,0,-16.0641,4.11759799833194,1.37608385686463,0.451685660266874,1.30108445697626,0.601283991047423,33.3877563865537,51.0347891166449,14.7976986383577,0.969,3.95608738968062,3.43920674799665,0.832442903389189,0.505112958942417
1980-12-19,0.96,221.35,-7.13,-7.13,182.52,0.45616134668655445,658.41,27.06629,750.88,3.17552224503765,2.27054970568104,0.715016154973943,0.219528466253919,0.207214753166224,16.85,1.1541095890411,212.45,3.09468317552804,0,-16.0641,4.11759799833194,1.37608385686463,0.451685660266874,1.30108445697626,0.601283991047423,33.3877563865537,51.0347891166449,14.7976986383577,0.969,3.95608738968062,3.43920674799665,0.832442903389189,0.505112958942417
1980-12-20,0.27,254.96,-14.84,-14.84,94.22,0.2606636266780311,658.41,27.06629,750.88,3.17552224503765,2.27054970568104,0.715016154973943,0.219528466253919,0.207214753166224,16.85,1.1541095890411,212.45,3.09468317552804,0,-16.0641,4.11759799833194,1.37608385686463,0.451685660266874,1.30108445697626,0.601283991047423,33.3877563865537,51.0347891166449,14.7976986383577,0.969,3.95608738968062,3.43920674799665,0.832442903389189,0.505112958942417
1980-12-21,0.04,275.58,-15.3,-15.3,92.13,0.25414703601108035,658.41,27.06629,750.88,3.17552224503765,2.27054970568104,0.715016154973943,0.219528466253919,0.207214753166224,16.85,1.1541095890411,212.45,3.09468317552804,0,-16.0641,4.11759799833194,1.37608385686463,0.451685660266874,1.30108445697626,0.601283991047423,33.3877563865537,51.0347891166449,14.7976986383577,0.969,3.95608738968062,3.43920674799665,0.832442903389189,0.505112958942417
1980-12-22,0.0,281.11,-15.2,-15.2,104.86,0.27369680801193264,658.41,27.06629,750.88,3.17552224503765,2.27054970568104,0.715016154973943,0.219528466253919,0.207214753166224,16.85,1.1541095890411,212.45,3.09468317552804,0,-16.0641,4.11759799833194,1.37608385686463,0.451685660266874,1.30108445697626,0.601283991047423,33.3877563865537,51.0347891166449,14.7976986383577,0.969,3.95608738968062,3.43920674799665,0.832442903389189,0.505112958942417
1980-12-23,0.0,267.54,-8.73,-8.73,195.04,0.24111385467717877,658.41,27.06629,750.88,3.17552224503765,2.27054970568104,0.715016154973943,0.219528466253919,0.207214753166224,16.85,1.1541095890411,212.45,3.09468317552804,0,-16.0641,4.11759799833194,1.37608385686463,0.451685660266874,1.30108445697626,0.601283991047423,33.3877563865537,51.0347891166449,14.7976986383577,0.969,3.95608738968062,3.43920674799665,0.832442903389189,0.505112958942417
1980-12-24,4.94,195.16,-5.72,-5.72,236.08,0.23459726401022798,658.41,27.06629,750.88,3.17552224503765,2.27054970568104,0.715016154973943,0.219528466253919,0.207214753166224,16.85,1.1541095890411,212.45,3.09468317552804,0,-16.0641,4.11759799833194,1.37608385686463,0.451685660266874,1.30108445697626,0.601283991047423,33.3877563865537,51.0347891166449,14.7976986383577,0.969,3.95608738968062,3.43920674799665,0.832442903389189,0.505112958942417
1980-12-25,1.3,294.36,-17.24,-17.24,75.23,0.22808067334327722,658.41,27.06629,750.88,3.17552224503765,2.27054970568104,0.715016154973943,0.219528466253919,0.207214753166224,16.85,1.1541095890411,212.45,3.09468317552804,0,-16.0641,4.11759799833194,1.37608385686463,0.451685660266874,1.30108445697626,0.601283991047423,33.3877563865537,51.0347891166449,14.7976986383577,0.969,3.95608738968062,3.43920674799665,0.832442903389189,0.505112958942417
1980-12-26,0.0,248.19,-14.71,-14.71,110.2,0.22156408267632643,658.41,27.06629,750.88,3.17552224503765,2.27054970568104,0.715016154973943,0.219528466253919,0.207214753166224,16.85,1.1541095890411,212.45,3.09468317552804,0,-16.0641,4.11759799833194,1.37608385686463,0.451685660266874,1.30108445697626,0.601283991047423,33.3877563865537,51.0347891166449,14.7976986383577,0.969,3.95608738968062,3.43920674799665,0.832442903389189,0.505112958942417
1980-12-27,0.0,232.62,-11.04,-11.04,164.67,0.22156408267632643,658.41,27.06629,750.88,3.17552224503765,2.27054970568104,0.715016154973943,0.219528466253919,0.207214753166224,16.85,1.1541095890411,212.45,3.09468317552804,0,-16.0641,4.11759799833194,1.37608385686463,0.451685660266874,1.30108445697626,0.601283991047423,33.3877563865537,51.0347891166449,14.7976986383577,0.969,3.95608738968062,3.43920674799665,0.832442903389189,0.505112958942417
1980-12-28,0.01,288.72,-10.35,-10.35,178.96,0.22808067334327722,658.41,27.06629,750.88,3.17552224503765,2.27054970568104,0.715016154973943,0.219528466253919,0.207214753166224,16.85,1.1541095890411,212.45,3.09468317552804,0,-16.0641,4.11759799833194,1.37608385686463,0.451685660266874,1.30108445697626,0.601283991047423,33.3877563865537,51.0347891166449,14.7976986383577,0.969,3.95608738968062,3.43920674799665,0.832442903389189,0.505112958942417
1980-12-29,1.4,163.54,-0.8,-0.8,395.96,0.22808067334327722,658.41,27.06629,750.88,3.17552224503765,2.27054970568104,0.715016154973943,0.219528466253919,0.207214753166224,16.85,1.1541095890411,212.45,3.09468317552804,0,-16.0641,4.11759799833194,1.37608385686463,0.451685660266874,1.30108445697626,0.601283991047423,33.3877563865537,51.0347891166449,14.7976986383577,0.969,3.95608738968062,3.43920674799665,0.832442903389189,0.505112958942417
1980-12-30,0.85,216.44,-3.87,-3.87,275.66,0.29976317067973574,658.41,27.06629,750.88,3.17552224503765,2.27054970568104,0.715016154973943,0.219528466253919,0.207214753166224,16.85,1.1541095890411,212.45,3.09468317552804,0,-16.0641,4.11759799833194,1.37608385686463,0.451685660266874,1.30108445697626,0.601283991047423,33.3877563865537,51.0347891166449,14.7976986383577,0.969,3.95608738968062,3.43920674799665,0.832442903389189,0.505112958942417
1980-12-31,1.97,215.43,-10.47,-10.47,158.42,0.293246580012785,658.41,27.06629,750.88,3.17552224503765,2.27054970568104,0.715016154973943,0.219528466253919,0.207214753166224,16.85,1.1541095890411,212.45,3.09468317552804,0,-16.0641,4.11759799833194,1.37608385686463,0.451685660266874,1.30108445697626,0.601283991047423,33.3877563865537,51.0347891166449,14.7976986383577,0.969,3.95608738968062,3.43920674799665,0.832442903389189,0.505112958942417
1981-01-01,2.85,190.1,-9.69,-9.69,180.39,0.23459726401022798,658.41,27.06629,750.88,3.17552224503765,2.27054970568104,0.715016154973943,0.219528466253919,0.207214753166224,16.85,1.1541095890411,212.45,3.09468317552804,0,-16.0641,4.11759799833194,1.37608385686463,0.451685660266874,1.30108445697626,0.601283991047423,33.3877563865537,51.0347891166449,14.7976986383577,0.969,3.95608738968062,3.43920674799665,0.832442903389189,0.505112958942417
1981-01-02,1.8,197.17,-9.77,-9.77,175.66,0.22808067334327722,658.41,27.06629,750.88,3.17552224503765,2.27054970568104,0.715016154973943,0.219528466253919,0.207214753166224,16.85,1.1541095890411,212.45,3.09468317552804,0,-16.0641,4.11759799833194,1.37608385686463,0.451685660266874,1.30108445697626,0.601283991047423,33.3877563865537,51.0347891166449,14.7976986383577,0.969,3.95608738968062,3.43920674799665,0.832442903389189,0.505112958942417
1981-01-03,0.63,197.14,-13.36,-13.36,123.1,0.22156408267632643,658.41,27.06629,750.88,3.17552224503765,2.27054970568104,0.715016154973943,0.219528466253919,0.207214753166224,16.85,1.1541095890411,212.45,3.09468317552804,0,-16.0641,4.11759799833194,1.37608385686463,0.451685660266874,1.30108445697626,0.601283991047423,33.3877563865537,51.0347891166449,14.7976986383577,0.969,3.95608738968062,3.43920674799665,0.832442903389189,0.505112958942417
1981-01-04,0.78,230.98,-19.4,-19.4,71.41,0.21504749200937565,658.41,27.06629,750.88,3.17552224503765,2.27054970568104,0.715016154973943,0.219528466253919,0.207214753166224,16.85,1.1541095890411,212.45,3.09468317552804,0,-16.0641,4.11759799833194,1.37608385686463,0.451685660266874,1.30108445697626,0.601283991047423,33.3877563865537,51.0347891166449,14.7976986383577,0.969,3.95608738968062,3.43920674799665,0.832442903389189,0.505112958942417
1981-01-05,0.23,252.75,-14.3,-14.3,117.84,0.21504749200937565,658.41,27.06629,750.88,3.17552224503765,2.27054970568104,0.715016154973943,0.219528466253919,0.207214753166224,16.85,1.1541095890411,212.45,3.09468317552804,0,-16.0641,4.11759799833194,1.37608385686463,0.451685660266874,1.30108445697626,0.601283991047423,33.3877563865537,51.0347891166449,14.7976986383577,0.969,3.95608738968062,3.43920674799665,0.832442903389189,0.505112958942417
1981-01-06,1.71,199.09,-10.5,-10.5,171.01,0.20853090134242488,658.41,27.06629,750.88,3.17552224503765,2.27054970568104,0.715016154973943,0.219528466253919,0.207214753166224,16.85,1.1541095890411,212.45,3.09468317552804,0,-16.0641,4.11759799833194,1.37608385686463,0.451685660266874,1.30108445697626,0.601283991047423,33.3877563865537,51.0347891166449,14.7976986383577,0.969,3.95608738968062,3.43920674799665,0.832442903389189,0.505112958942417
1981-01-07,0.88,203.85,-9.66,-9.66,175.89,0.2020143106754741,658.41,27.06629,750.88,3.17552224503765,2.27054970568104,0.715016154973943,0.219528466253919,0.207214753166224,16.85,1.1541095890411,212.45,3.09468317552804,0,-16.0641,4.11759799833194,1.37608385686463,0.451685660266874,1.30108445697626,0.601283991047423,33.3877563865537,51.0347891166449,14.7976986383577,0.969,3.95608738968062,3.43920674799665,0.832442903389189,0.505112958942417
1981-01-08,0.15,260.98,-13.63,-13.63,120.12,0.1954977200085233,658.41,27.06629,750.88,3.17552224503765,2.27054970568104,0.715016154973943,0.219528466253919,0.207214753166224,16.85,1.1541095890411,212.45,3.09468317552804,0,-16.0641,4.11759799833194,1.37608385686463,0.451685660266874,1.30108445697626,0.601283991047423,33.3877563865537,51.0347891166449,14.7976986383577,0.969,3.95608738968062,3.43920674799665,0.832442903389189,0.505112958942417
1981-01-09,0.09,243.31,-15.15,-15.15,100.6,0.1954977200085233,658.41,27.06629,750.88,3.17552224503765,2.27054970568104,0.715016154973943,0.219528466253919,0.207214753166224,16.85,1.1541095890411,212.45,3.09468317552804,0,-16.0641,4.11759799833194,1.37608385686463,0.451685660266874,1.30108445697626,0.601283991047423,33.3877563865537,51.0347891166449,14.7976986383577,0.969,3.95608738968062,3.43920674799665,0.832442903389189,0.505112958942417
1981-01-10,0.02,264.95,-14.52,-14.52,105.07,0.1954977200085233,658.41,27.06629,750.88,3.17552224503765,2.27054970568104,0.715016154973943,0.219528466253919,0.207214753166224,16.85,1.1541095890411,212.45,3.09468317552804,0,-16.0641,4.11759799833194,1.37608385686463,0.451685660266874,1.30108445697626,0.601283991047423,33.3877563865537,51.0347891166449,14.7976986383577,0.969,3.95608738968062,3.43920674799665,0.832442903389189,0.505112958942417
1981-01-11,0.0,292.79,-19.43,-19.43,64.64,0.18898112934157255,658.41,27.06629,750.88,3.17552224503765,2.27054970568104,0.715016154973943,0.219528466253919,0.207214753166224,16.85,1.1541095890411,212.45,3.09468317552804,0,-16.0641,4.11759799833194,1.37608385686463,0.451685660266874,1.30108445697626,0.601283991047423,33.3877563865537,51.0347891166449,14.7976986383577,0.969,3.95608738968062,3.43920674799665,0.832442903389189,0.505112958942417
1981-01-12,0.0,308.3,-20.67,-20.67,52.48,0.18246453867462176,658.41,27.06629,750.88,3.17552224503765,2.27054970568104,0.715016154973943,0.219528466253919,0.207214753166224,16.85,1.1541095890411,212.45,3.09468317552804,0,-16.0641,4.11759799833194,1.37608385686463,0.451685660266874,1.30108445697626,0.601283991047423,33.3877563865537,51.0347891166449,14.7976986383577,0.969,3.95608738968062,3.43920674799665,0.832442903389189,0.505112958942417
1981-01-13,0.0,308.25,-17.93,-17.93,73.06,0.17594794800767097,658.41,27.06629,750.88,3.17552224503765,2.27054970568104,0.715016154973943,0.219528466253919,0.207214753166224,16.85,1.1541095890411,212.45,3.09468317552804,0,-16.0641,4.11759799833194,1.37608385686463,0.451685660266874,1.30108445697626,0.601283991047423,33.3877563865537,51.0347891166449,14.7976986383577,0.969,3.95608738968062,3.43920674799665,0.832442903389189,0.505112958942417
1981-01-14,0.07,248.72,-12.23,-12.23,144.61,0.16291476667376945,658.41,27.06629,750.88,3.17552224503765,2.27054970568104,0.715016154973943,0.219528466253919,0.207214753166224,16.85,1.1541095890411,212.45,3.09468317552804,0,-16.0641,4.11759799833194,1.37608385686463,0.451685660266874,1.30108445697626,0.601283991047423,33.3877563865537,51.0347891166449,14.7976986383577,0.969,3.95608738968062,3.43920674799665,0.832442903389189,0.505112958942417
1981-01-15,0.1,192.77,-6.85,-6.85,256.22,0.15639817600681866,658.41,27.06629,750.88,3.17552224503765,2.27054970568104,0.715016154973943,0.219528466253919,0.207214753166224,16.85,1.1541095890411,212.45,3.09468317552804,0,-16.0641,4.11759799833194,1.37608385686463,0.451685660266874,1.30108445697626,0.601283991047423,33.3877563865537,51.0347891166449,14.7976986383577,0.969,3.95608738968062,3.43920674799665,0.832442903389189,0.505112958942417
1981-01-16,0.79,145.92,-5.4,-5.4,289.43,0.15313988067334328,658.41,27.06629,750.88,3.17552224503765,2.27054970568104,0.715016154973943,0.219528466253919,0.207214753166224,16.85,1.1541095890411,212.45,3.09468317552804,0,-16.0641,4.11759799833194,1.37608385686463,0.451685660266874,1.30108445697626,0.601283991047423,33.3877563865537,51.0347891166449,14.7976986383577,0.969,3.95608738968062,3.43920674799665,0.832442903389189,0.505112958942417
1981-01-17,0.31,256.86,-9.31,-9.31,179.49,0.14988158533986787,658.41,27.06629,750.88,3.17552224503765,2.27054970568104,0.715016154973943,0.219528466253919,0.207214753166224,16.85,1.1541095890411,212.45,3.09468317552804,0,-16.0641,4.11759799833194,1.37608385686463,0.451685660266874,1.30108445697626,0.601283991047423,33.3877563865537,51.0347891166449,14.7976986383577,0.969,3.95608738968062,3.43920674799665,0.832442903389189,0.505112958942417
1981-01-18,0.49,228.63,-11.75,-11.75,157.09,0.1433649946729171,658.41,27.06629,750.88,3.17552224503765,2.27054970568104,0.715016154973943,0.219528466253919,0.207214753166224,16.85,1.1541095890411,212.45,3.09468317552804,0,-16.0641,4.11759799833194,1.37608385686463,0.451685660266874,1.30108445697626,0.601283991047423,33.3877563865537,51.0347891166449,14.7976986383577,0.969,3.95608738968062,3.43920674799665,0.832442903389189,0.505112958942417
1981-01-19,0.12,289.3,-5.97,-5.97,256.68,0.13033181333901556,658.41,27.06629,750.88,3.17552224503765,2.27054970568104,0.715016154973943,0.219528466253919,0.207214753166224,16.85,1.1541095890411,212.45,3.09468317552804,0,-16.0641,4.11759799833194,1.37608385686463,0.451685660266874,1.30108445697626,0.601283991047423,33.3877563865537,51.0347891166449,14.7976986383577,0.969,3.95608738968062,3.43920674799665,0.832442903389189,0.505112958942417
1981-01-20,0.0,267.39,-2.68,-2.68,318.17,0.12707351800554018,658.41,27.06629,750.88,3.17552224503765,2.27054970568104,0.715016154973943,0.219528466253919,0.207214753166224,16.85,1.1541095890411,212.45,3.09468317552804,0,-16.0641,4.11759799833194,1.37608385686463,0.451685660266874,1.30108445697626,0.601283991047423,33.3877563865537,51.0347891166449,14.7976986383577,0.969,3.95608738968062,3.43920674799665,0.832442903389189,0.505112958942417
1981-01-21,0.0,303.77,-4.97,-4.97,253.9,0.11404033667163861,658.41,27.06629,750.88,3.17552224503765,2.27054970568104,0.715016154973943,0.219528466253919,0.207214753166224,16.85,1.1541095890411,212.45,3.09468317552804,0,-16.0641,4.11759799833194,1.37608385686463,0.451685660266874,1.30108445697626,0.601283991047423,33.3877563865537,51.0347891166449,14.7976986383577,0.969,3.95608738968062,3.43920674799665,0.832442903389189,0.505112958942417
1981-01-22,1.85,228.14,-5.85,-5.85,259.2,0.10426545067121244,658.41,27.06629,750.88,3.17552224503765,2.27054970568104,0.715016154973943,0.219528466253919,0.207214753166224,16.85,1.1541095890411,212.45,3.09468317552804,0,-16.0641,4.11759799833194,1.37608385686463,0.451685660266874,1.30108445697626,0.601283991047423,33.3877563865537,51.0347891166449,14.7976986383577,0.969,3.95608738968062,3.43920674799665,0.832442903389189,0.505112958942417
1981-01-23,2.09,130.88,-3.34,-3.34,361.47,0.09774886000426165,658.41,27.06629,750.88,3.17552224503765,2.27054970568104,0.715016154973943,0.219528466253919,0.207214753166224,16.85,1.1541095890411,212.45,3.09468317552804,0,-16.0641,4.11759799833194,1.37608385686463,0.451685660266874,1.30108445697626,0.601283991047423,33.3877563865537,51.0347891166449,14.7976986383577,0.969,3.95608738968062,3.43920674799665,0.832442903389189,0.505112958942417
1981-01-24,0.65,157.27,-3.76,-3.76,337.08,0.09774886000426165,658.41,27.06629,750.88,3.17552224503765,2.27054970568104,0.715016154973943,0.219528466253919,0.207214753166224,16.85,1.1541095890411,212.45,3.09468317552804,0,-16.0641,4.11759799833194,1.37608385686463,0.451685660266874,1.30108445697626,0.601283991047423,33.3877563865537,51.0347891166449,14.7976986383577,0.969,3.95608738968062,3.43920674799665,0.832442903389189,0.505112958942417
1981-01-25,0.06,339.92,-6.82,-6.82,219.53,0.09774886000426165,658.41,27.06629,750.88,3.17552224503765,2.27054970568104,0.715016154973943,0.219528466253919,0.207214753166224,16.85,1.1541095890411,212.45,3.09468317552804,0,-16.0641,4.11759799833194,1.37608385686463,0.451685660266874,1.30108445697626,0.601283991047423,33.3877563865537,51.0347891166449,14.7976986383577,0.969,3.95608738968062,3.43920674799665,0.832442903389189,0.505112958942417
1981-01-26,0.19,258.97,0.77,0.77,390.58,0.11404033667163861,658.41,27.06629,750.88,3.17552224503765,2.27054970568104,0.715016154973943,0.219528466253919,0.207214753166224,16.85,1.1541095890411,212.45,3.09468317552804,0,-16.0641,4.11759799833194,1.37608385686463,0.451685660266874,1.30108445697626,0.601283991047423,33.3877563865537,51.0347891166449,14.7976986383577,0.969,3.95608738968062,3.43920674799665,0.832442903389189,0.505112958942417
1981-01-27,0.34,230.23,3.28,3.28,487.09,0.16291476667376945,658.41,27.06629,750.88,3.17552224503765,2.27054970568104,0.715016154973943,0.219528466253919,0.207214753166224,16.85,1.1541095890411,212.45,3.09468317552804,0,-16.0641,4.11759799833194,1.37608385686463,0.451685660266874,1.30108445697626,0.601283991047423,33.3877563865537,51.0347891166449,14.7976986383577,0.969,3.95608738968062,3.43920674799665,0.832442903389189,0.505112958942417
1981-01-28,1.4,206.93,-1.71,-1.71,355.8,0.1954977200085233,658.41,27.06629,750.88,3.17552224503765,2.27054970568104,0.715016154973943,0.219528466253919,0.207214753166224,16.85,1.1541095890411,212.45,3.09468317552804,0,-16.0641,4.11759799833194,1.37608385686463,0.451685660266874,1.30108445697626,0.601283991047423,33.3877563865537,51.0347891166449,14.7976986383577,0.969,3.95608738968062,3.43920674799665,0.832442903389189,0.505112958942417
1981-01-29,1.22,236.07,-5.11,-5.11,253.04,0.22808067334327722,658.41,27.06629,750.88,3.17552224503765,2.27054970568104,0.715016154973943,0.219528466253919,0.207214753166224,16.85,1.1541095890411,212.45,3.09468317552804,0,-16.0641,4.11759799833194,1.37608385686463,0.451685660266874,1.30108445697626,0.601283991047423,33.3877563865537,51.0347891166449,14.7976986383577,0.969,3.95608738968062,3.43920674799665,0.832442903389189,0.505112958942417
1981-01-30,0.23,308.0,-11.39,-11.39,145.16,0.18246453867462176,658.41,27.06629,750.88,3.17552224503765,2.27054970568104,0.715016154973943,0.219528466253919,0.207214753166224,16.85,1.1541095890411,212.45,3.09468317552804,0,-16.0641,4.11759799833194,1.37608385686463,0.451685660266874,1.30108445697626,0.601283991047423,33.3877563865537,51.0347891166449,14.7976986383577,0.969,3.95608738968062,3.43920674799665,0.832442903389189,0.505112958942417
1981-01-31,0.01,346.14,-13.12,-13.12,120.53,0.18246453867462176,658.41,27.06629,750.88,3.17552224503765,2.27054970568104,0.715016154973943,0.219528466253919,0.207214753166224,16.85,1.1541095890411,212.45,3.09468317552804,0,-16.0641,4.11759799833194,1.37608385686463,0.451685660266874,1.30108445697626,0.601283991047423,33.3877563865537,51.0347891166449,14.7976986383577,0.969,3.95608738968062,3.43920674799665,0.832442903389189,0.505112958942417
1981-02-01,11.16,281.39,-8.28,-8.28,184.11,0.18898112934157255,658.41,27.06629,750.88,3.17552224503765,2.27054970568104,0.715016154973943,0.219528466253919,0.207214753166224,16.85,1.1541095890411,212.45,3.09468317552804,0,-16.0641,4.11759799833194,1.37608385686463,0.451685660266874,1.30108445697626,0.601283991047423,33.3877563865537,51.0347891166449,14.7976986383577,0.969,3.95608738968062,3.43920674799665,0.832442903389189,0.505112958942417
1981-02-02,7.59,258.45,-3.33,-3.33,268.13,0.1954977200085233,658.41,27.06629,750.88,3.17552224503765,2.27054970568104,0.715016154973943,0.219528466253919,0.207214753166224,16.85,1.1541095890411,212.45,3.09468317552804,0,-16.0641,4.11759799833194,1.37608385686463,0.451685660266874,1.30108445697626,0.601283991047423,33.3877563865537,51.0347891166449,14.7976986383577,0.969,3.95608738968062,3.43920674799665,0.832442903389189,0.505112958942417
1981-02-03,1.24,338.0,-9.94,-9.94,152.81,0.22156408267632643,658.41,27.06629,750.88,3.17552224503765,2.27054970568104,0.715016154973943,0.219528466253919,0.207214753166224,16.85,1.1541095890411,212.45,3.09468317552804,0,-16.0641,4.11759799833194,1.37608385686463,0.451685660266874,1.30108445697626,0.601283991047423,33.3877563865537,51.0347891166449,14.7976986383577,0.969,3.95608738968062,3.43920674799665,0.832442903389189,0.505112958942417
1981-02-04,0.26,237.96,-14.19,-14.19,112.75,0.22156408267632643,658.41,27.06629,750.88,3.17552224503765,2.27054970568104,0.715016154973943,0.219528466253919,0.207214753166224,16.85,1.1541095890411,212.45,3.09468317552804,0,-16.0641,4.11759799833194,1.37608385686463,0.451685660266874,1.30108445697626,0.601283991047423,33.3877563865537,51.0347891166449,14.7976986383577,0.969,3.95608738968062,3.43920674799665,0.832442903389189,0.505112958942417
1981-02-05,0.12,329.09,-15.75,-15.75,102.25,0.22156408267632643,658.41,27.06629,750.88,3.17552224503765,2.27054970568104,0.715016154973943,0.219528466253919,0.207214753166224,16.85,1.1541095890411,212.45,3.09468317552804,0,-16.0641,4.11759799833194,1.37608385686463,0.451685660266874,1.30108445697626,0.601283991047423,33.3877563865537,51.0347891166449,14.7976986383577,0.969,3.95608738968062,3.43920674799665,0.832442903389189,0.505112958942417
1981-02-06,0.48,266.25,-10.95,-10.95,163.29,0.24763044534412954,658.41,27.06629,750.88,3.17552224503765,2.27054970568104,0.715016154973943,0.219528466253919,0.207214753166224,16.85,1.1541095890411,212.45,3.09468317552804,0,-16.0641,4.11759799833194,1.37608385686463,0.451685660266874,1.30108445697626,0.601283991047423,33.3877563865537,51.0347891166449,14.7976986383577,0.969,3.95608738968062,3.43920674799665,0.832442903389189,0.505112958942417
1981-02-07,0.67,272.48,-6.52,-6.52,229.65,0.22808067334327722,658.41,27.06629,750.88,3.17552224503765,2.27054970568104,0.715016154973943,0.219528466253919,0.207214753166224,16.85,1.1541095890411,212.45,3.09468317552804,0,-16.0641,4.11759799833194,1.37608385686463,0.451685660266874,1.30108445697626,0.601283991047423,33.3877563865537,51.0347891166449,14.7976986383577,0.969,3.95608738968062,3.43920674799665,0.832442903389189,0.505112958942417
1981-02-08,2.11,277.51,-5.07,-5.07,239.67,0.22156408267632643,658.41,27.06629,750.88,3.17552224503765,2.27054970568104,0.715016154973943,0.219528466253919,0.207214753166224,16.85,1.1541095890411,212.45,3.09468317552804,0,-16.0641,4.11759799833194,1.37608385686463,0.451685660266874,1.30108445697626,0.601283991047423,33.3877563865537,51.0347891166449,14.7976986383577,0.969,3.95608738968062,3.43920674799665,0.832442903389189,0.505112958942417
1981-02-09,0.52,355.56,-7.27,-7.27,201.03,0.2020143106754741,658.41,27.06629,750.88,3.17552224503765,2.27054970568104,0.715016154973943,0.219528466253919,0.207214753166224,16.85,1.1541095890411,212.45,3.09468317552804,0,-16.0641,4.11759799833194,1.37608385686463,0.451685660266874,1.30108445697626,0.601283991047423,33.3877563865537,51.0347891166449,14.7976986383577,0.969,3.95608738968062,3.43920674799665,0.832442903389189,0.505112958942417
1981-02-10,11.29,285.73,-6.66,-6.66,232.0,0.20853090134242488,658.41,27.06629,750.88,3.17552224503765,2.27054970568104,0.715016154973943,0.219528466253919,0.207214753166224,16.85,1.1541095890411,212.45,3.09468317552804,0,-16.0641,4.11759799833194,1.37608385686463,0.451685660266874,1.30108445697626,0.601283991047423,33.3877563865537,51.0347891166449,14.7976986383577,0.969,3.95608738968062,3.43920674799665,0.832442903389189,0.505112958942417
1981-02-11,9.24,311.57,-0.55,-0.55,306.18,1.6291476667376945,658.41,27.06629,750.88,3.17552224503765,2.27054970568104,0.715016154973943,0.219528466253919,0.207214753166224,16.85,1.1541095890411,212.45,3.09468317552804,0,-16.0641,4.11759799833194,1.37608385686463,0.451685660266874,1.30108445697626,0.601283991047423,33.3877563865537,51.0347891166449,14.7976986383577,0.969,3.95608738968062,3.43920674799665,0.832442903389189,0.505112958942417
1981-02-12,1.68,398.84,-8.05,-8.05,146.65,2.215640826763264,658.41,27.06629,750.88,3.17552224503765,2.27054970568104,0.715016154973943,0.219528466253919,0.207214753166224,16.85,1.1541095890411,212.45,3.09468317552804,0,-16.0641,4.11759799833194,1.37608385686463,0.451685660266874,1.30108445697626,0.601283991047423,33.3877563865537,51.0347891166449,14.7976986383577,0.969,3.95608738968062,3.43920674799665,0.832442903389189,0.505112958942417
1981-02-13,0.01,411.27,-13.23,-13.23,101.42,0.6842420200298316,658.41,27.06629,750.88,3.17552224503765,2.27054970568104,0.715016154973943,0.219528466253919,0.207214753166224,16.85,1.1541095890411,212.45,3.09468317552804,0,-16.0641,4.11759799833194,1.37608385686463,0.451685660266874,1.30108445697626,0.601283991047423,33.3877563865537,51.0347891166449,14.7976986383577,0.969,3.95608738968062,3.43920674799665,0.832442903389189,0.505112958942417
1981-02-14,0.0,414.32,-7.54,-7.54,172.79,0.6516590666950778,658.41,27.06629,750.88,3.17552224503765,2.27054970568104,0.715016154973943,0.219528466253919,0.207214753166224,16.85,1.1541095890411,212.45,3.09468317552804,0,-16.0641,4.11759799833194,1.37608385686463,0.451685660266874,1.30108445697626,0.601283991047423,33.3877563865537,51.0347891166449,14.7976986383577,0.969,3.95608738968062,3.43920674799665,0.832442903389189,0.505112958942417
1981-02-15,0.0,412.09,-1.59,-1.59,283.89,0.6190761133603239,658.41,27.06629,750.88,3.17552224503765,2.27054970568104,0.715016154973943,0.219528466253919,0.207214753166224,16.85,1.1541095890411,212.45,3.09468317552804,0,-16.0641,4.11759799833194,1.37608385686463,0.451685660266874,1.30108445697626,0.601283991047423,33.3877563865537,51.0347891166449,14.7976986383577,0.969,3.95608738968062,3.43920674799665,0.832442903389189,0.505112958942417
1981-02-16,1.94,316.37,2.78,2.78,444.85,0.8471567867036011,658.41,27.06629,750.88,3.17552224503765,2.27054970568104,0.715016154973943,0.219528466253919,0.207214753166224,16.85,1.1541095890411,212.45,3.09468317552804,0,-16.0641,4.11759799833194,1.37608385686463,0.451685660266874,1.30108445697626,0.601283991047423,33.3877563865537,51.0347891166449,14.7976986383577,0.969,3.95608738968062,3.43920674799665,0.832442903389189,0.505112958942417
1981-02-17,0.84,267.71,6.4,6.4,647.76,1.9549772000852332,658.41,27.06629,750.88,3.17552224503765,2.27054970568104,0.715016154973943,0.219528466253919,0.207214753166224,16.85,1.1541095890411,212.45,3.09468317552804,0,-16.0641,4.11759799833194,1.37608385686463,0.451685660266874,1.30108445697626,0.601283991047423,33.3877563865537,51.0347891166449,14.7976986383577,0.969,3.95608738968062,3.43920674799665,0.832442903389189,0.505112958942417
1981-02-18,0.09,304.22,7.47,7.47,724.04,4.887443000213083,658.41,27.06629,750.88,3.17552224503765,2.27054970568104,0.715016154973943,0.219528466253919,0.207214753166224,16.85,1.1541095890411,212.45,3.09468317552804,0,-16.0641,4.11759799833194,1.37608385686463,0.451685660266874,1.30108445697626,0.601283991047423,33.3877563865537,51.0347891166449,14.7976986383577,0.969,3.95608738968062,3.43920674799665,0.832442903389189,0.505112958942417
1981-02-19,14.67,260.98,7.85,7.85,759.98,6.516590666950778,658.41,27.06629,750.88,3.17552224503765,2.27054970568104,0.715016154973943,0.219528466253919,0.207214753166224,16.85,1.1541095890411,212.45,3.09468317552804,0,-16.0641,4.11759799833194,1.37608385686463,0.451685660266874,1.30108445697626,0.601283991047423,33.3877563865537,51.0347891166449,14.7976986383577,0.969,3.95608738968062,3.43920674799665,0.832442903389189,0.505112958942417
1981-02-20,11.04,218.23,8.87,8.87,823.74,16.063395994033666,658.41,27.06629,750.88,3.17552224503765,2.27054970568104,0.715016154973943,0.219528466253919,0.207214753166224,16.85,1.1541095890411,212.45,3.09468317552804,0,-16.0641,4.11759799833194,1.37608385686463,0.451685660266874,1.30108445697626,0.601283991047423,33.3877563865537,51.0347891166449,14.7976986383577,0.969,3.95608738968062,3.43920674799665,0.832442903389189,0.505112958942417
1981-02-21,2.27,211.04,5.99,5.99,712.39,11.501782527168121,658.41,27.06629,750.88,3.17552224503765,2.27054970568104,0.715016154973943,0.219528466253919,0.207214753166224,16.85,1.1541095890411,212.45,3.09468317552804,0,-16.0641,4.11759799833194,1.37608385686463,0.451685660266874,1.30108445697626,0.601283991047423,33.3877563865537,51.0347891166449,14.7976986383577,0.969,3.95608738968062,3.43920674799665,0.832442903389189,0.505112958942417
1981-02-22,1.22,248.99,6.06,6.06,708.14,6.484007713616023,658.41,27.06629,750.88,3.17552224503765,2.27054970568104,0.715016154973943,0.219528466253919,0.207214753166224,16.85,1.1541095890411,212.45,3.09468317552804,0,-16.0641,4.11759799833194,1.37608385686463,0.451685660266874,1.30108445697626,0.601283991047423,33.3877563865537,51.0347891166449,14.7976986383577,0.969,3.95608738968062,3.43920674799665,0.832442903389189,0.505112958942417
1981-02-23,14.54,215.34,7.04,7.04,720.62,7.005334966972085,658.41,27.06629,750.88,3.17552224503765,2.27054970568104,0.715016154973943,0.219528466253919,0.207214753166224,16.85,1.1541095890411,212.45,3.09468317552804,0,-16.0641,4.11759799833194,1.37608385686463,0.451685660266874,1.30108445697626,0.601283991047423,33.3877563865537,51.0347891166449,14.7976986383577,0.969,3.95608738968062,3.43920674799665,0.832442903389189,0.505112958942417
1981-02-24,3.96,303.13,2.88,2.88,509.28,9.05806102706158,658.41,27.06629,750.88,3.17552224503765,2.27054970568104,0.715016154973943,0.219528466253919,0.207214753166224,16.85,1.1541095890411,212.45,3.09468317552804,0,-16.0641,4.11759799833194,1.37608385686463,0.451685660266874,1.30108445697626,0.601283991047423,33.3877563865537,51.0347891166449,14.7976986383577,0.969,3.95608738968062,3.43920674799665,0.832442903389189,0.505112958942417
1981-02-25,0.15,275.64,0.41,0.41,427.41,5.1155236735563605,658.41,27.06629,750.88,3.17552224503765,2.27054970568104,0.715016154973943,0.219528466253919,0.207214753166224,16.85,1.1541095890411,212.45,3.09468317552804,0,-16.0641,4.11759799833194,1.37608385686463,0.451685660266874,1.30108445697626,0.601283991047423,33.3877563865537,51.0347891166449,14.7976986383577,0.969,3.95608738968062,3.43920674799665,0.832442903389189,0.505112958942417
1981-02-26,0.02,183.8,-1.51,-1.51,399.62,3.714456680161943,658.41,27.06629,750.88,3.17552224503765,2.27054970568104,0.715016154973943,0.219528466253919,0.207214753166224,16.85,1.1541095890411,212.45,3.09468317552804,0,-16.0641,4.11759799833194,1.37608385686463,0.451685660266874,1.30108445697626,0.601283991047423,33.3877563865537,51.0347891166449,14.7976986383577,0.969,3.95608738968062,3.43920674799665,0.832442903389189,0.505112958942417
1981-02-27,4.64,326.12,-2.95,-2.95,320.82,2.903141142126571,658.41,27.06629,750.88,3.17552224503765,2.27054970568104,0.715016154973943,0.219528466253919,0.207214753166224,16.85,1.1541095890411,212.45,3.09468317552804,0,-16.0641,4.11759799833194,1.37608385686463,0.451685660266874,1.30108445697626,0.601283991047423,33.3877563865537,51.0347891166449,14.7976986383577,0.969,3.95608738968062,3.43920674799665,0.832442903389189,0.505112958942417
1981-02-28,3.46,353.08,0.86,0.86,389.61,2.7565178521201785,658.41,27.06629,750.88,3.17552224503765,2.27054970568104,0.715016154973943,0.219528466253919,0.207214753166224,16.85,1.1541095890411,212.45,3.09468317552804,0,-16.0641,4.11759799833194,1.37608385686463,0.451685660266874,1.30108445697626,0.601283991047423,33.3877563865537,51.0347891166449,14.7976986383577,0.969,3.95608738968062,3.43920674799665,0.832442903389189,0.505112958942417
1981-03-01,0.59,354.58,2.13,2.13,451.38,2.4372049094395907,658.41,27.06629,750.88,3.17552224503765,2.27054970568104,0.715016154973943,0.219528466253919,0.207214753166224,16.85,1.1541095890411,212.45,3.09468317552804,0,-16.0641,4.11759799833194,1.37608385686463,0.451685660266874,1.30108445697626,0.601283991047423,33.3877563865537,51.0347891166449,14.7976986383577,0.969,3.95608738968062,3.43920674799665,0.832442903389189,0.505112958942417
1981-03-02,1.0,216.05,-1.0,-1.0,384.26,1.977785267419561,658.41,27.06629,750.88,3.17552224503765,2.27054970568104,0.715016154973943,0.219528466253919,0.207214753166224,16.85,1.1541095890411,212.45,3.09468317552804,0,-16.0641,4.11759799833194,1.37608385686463,0.451685660266874,1.30108445697626,0.601283991047423,33.3877563865537,51.0347891166449,14.7976986383577,0.969,3.95608738968062,3.43920674799665,0.832442903389189,0.505112958942417
1981-03-03,0.31,322.72,-6.17,-6.17,239.45,1.6161144854037928,658.41,27.06629,750.88,3.17552224503765,2.27054970568104,0.715016154973943,0.219528466253919,0.207214753166224,16.85,1.1541095890411,212.45,3.09468317552804,0,-16.0641,4.11759799833194,1.37608385686463,0.451685660266874,1.30108445697626,0.601283991047423,33.3877563865537,51.0347891166449,14.7976986383577,0.969,3.95608738968062,3.43920674799665,0.832442903389189,0.505112958942417
1981-03-04,0.26,344.3,-7.32,-7.32,221.29,1.375000630726614,658.41,27.06629,750.88,3.17552224503765,2.27054970568104,0.715016154973943,0.219528466253919,0.207214753166224,16.85,1.1541095890411,212.45,3.09468317552804,0,-16.0641,4.11759799833194,1.37608385686463,0.451685660266874,1.30108445697626,0.601283991047423,33.3877563865537,51.0347891166449,14.7976986383577,0.969,3.95608738968062,3.43920674799665,0.832442903389189,0.505112958942417
1981-03-05,0.16,270.25,-2.79,-2.79,330.66,1.3554508587257617,658.41,27.06629,750.88,3.17552224503765,2.27054970568104,0.715016154973943,0.219528466253919,0.207214753166224,16.85,1.1541095890411,212.45,3.09468317552804,0,-16.0641,4.11759799833194,1.37608385686463,0.451685660266874,1.30108445697626,0.601283991047423,33.3877563865537,51.0347891166449,14.7976986383577,0.969,3.95608738968062,3.43920674799665,0.832442903389189,0.505112958942417
1981-03-06,0.13,314.97,-4.26,-4.26,291.72,1.1925360920519923,658.41,27.06629,750.88,3.17552224503765,2.27054970568104,0.715016154973943,0.219528466253919,0.207214753166224,16.85,1.1541095890411,212.45,3.09468317552804,0,-16.0641,4.11759799833194,1.37608385686463,0.451685660266874,1.30108445697626,0.601283991047423,33.3877563865537,51.0347891166449,14.7976986383577,0.969,3.95608738968062,3.43920674799665,0.832442903389189,0.505112958942417
1981-03-07,1.27,280.2,-5.12,-5.12,288.15,1.0589459833795014,658.41,27.06629,750.88,3.17552224503765,2.27054970568104,0.715016154973943,0.219528466253919,0.207214753166224,16.85,1.1541095890411,212.45,3.09468317552804,0,-16.0641,4.11759799833194,1.37608385686463,0.451685660266874,1.30108445697626,0.601283991047423,33.3877563865537,51.0347891166449,14.7976986383577,0.969,3.95608738968062,3.43920674799665,0.832442903389189,0.505112958942417
1981-03-08,0.48,257.88,-2.81,-2.81,362.95,0.9840051907095674,658.41,27.06629,750.88,3.17552224503765,2.27054970568104,0.715016154973943,0.219528466253919,0.207214753166224,16.85,1.1541095890411,212.45,3.09468317552804,0,-16.0641,4.11759799833194,1.37608385686463,0.451685660266874,1.30108445697626,0.601283991047423,33.3877563865537,51.0347891166449,14.7976986383577,0.969,3.95608738968062,3.43920674799665,0.832442903389189,0.505112958942417
1981-03-09,1.18,195.6,-1.14,-1.14,432.58,0.9318724653739611,658.41,27.06629,750.88,3.17552224503765,2.27054970568104,0.715016154973943,0.219528466253919,0.207214753166224,16.85,1.1541095890411,212.45,3.09468317552804,0,-16.0641,4.11759799833194,1.37608385686463,0.451685660266874,1.30108445697626,0.601283991047423,33.3877563865537,51.0347891166449,14.7976986383577,0.969,3.95608738968062,3.43920674799665,0.832442903389189,0.505112958942417
1981-03-10,0.39,226.73,-0.69,-0.69,436.74,0.8960312167057319,658.41,27.06629,750.88,3.17552224503765,2.27054970568104,0.715016154973943,0.219528466253919,0.207214753166224,16.85,1.1541095890411,212.45,3.09468317552804,0,-16.0641,4.11759799833194,1.37608385686463,0.451685660266874,1.30108445697626,0.601283991047423,33.3877563865537,51.0347891166449,14.7976986383577,0.969,3.95608738968062,3.43920674799665,0.832442903389189,0.505112958942417
1981-03-11,0.49,284.85,-1.86,-1.86,362.53,0.8797397400383549,658.41,27.06629,750.88,3.17552224503765,2.27054970568104,0.715016154973943,0.219528466253919,0.207214753166224,16.85,1.1541095890411,212.45,3.09468317552804,0,-16.0641,4.11759799833194,1.37608385686463,0.451685660266874,1.30108445697626,0.601283991047423,33.3877563865537,51.0347891166449,14.7976986383577,0.969,3.95608738968062,3.43920674799665,0.832442903389189,0.505112958942417
1981-03-12,1.36,366.75,-2.68,-2.68,312.29,0.8471567867036011,658.41,27.06629,750.88,3.17552224503765,2.27054970568104,0.715016154973943,0.219528466253919,0.207214753166224,16.85,1.1541095890411,212.45,3.09468317552804,0,-16.0641,4.11759799833194,1.37608385686463,0.451685660266874,1.30108445697626,0.601283991047423,33.3877563865537,51.0347891166449,14.7976986383577,0.969,3.95608738968062,3.43920674799665,0.832442903389189,0.505112958942417
1981-03-13,0.45,383.01,0.46,0.46,358.58,1.023104734711272,658.41,27.06629,750.88,3.17552224503765,2.27054970568104,0.715016154973943,0.219528466253919,0.207214753166224,16.85,1.1541095890411,212.45,3.09468317552804,0,-16.0641,4.11759799833194,1.37608385686463,0.451685660266874,1.30108445697626,0.601283991047423,33.3877563865537,51.0347891166449,14.7976986383577,0.969,3.95608738968062,3.43920674799665,0.832442903389189,0.505112958942417
1981-03-14,0.1,389.71,-4.65,-4.65,237.38,0.8732231493714042,658.41,27.06629,750.88,3.17552224503765,2.27054970568104,0.715016154973943,0.219528466253919,0.207214753166224,16.85,1.1541095890411,212.45,3.09468317552804,0,-16.0641,4.11759799833194,1.37608385686463,0.451685660266874,1.30108445697626,0.601283991047423,33.3877563865537,51.0347891166449,14.7976986383577,0.969,3.95608738968062,3.43920674799665,0.832442903389189,0.505112958942417
1981-03-15,0.94,391.82,-2.47,-2.47,265.09,0.7656994033667164,658.41,27.06629,750.88,3.17552224503765,2.27054970568104,0.715016154973943,0.219528466253919,0.207214753166224,16.85,1.1541095890411,212.45,3.09468317552804,0,-16.0641,4.11759799833194,1.37608385686463,0.451685660266874,1.30108445697626,0.601283991047423,33.3877563865537,51.0347891166449,14.7976986383577,0.969,3.95608738968062,3.43920674799665,0.832442903389189,0.505112958942417
1981-03-16,0.56,420.08,-0.47,-0.47,279.31,0.948163942041338,658.41,27.06629,750.88,3.17552224503765,2.27054970568104,0.715016154973943,0.219528466253919,0.207214753166224,16.85,1.1541095890411,212.45,3.09468317552804,0,-16.0641,4.11759799833194,1.37608385686463,0.451685660266874,1.30108445697626,0.601283991047423,33.3877563865537,51.0347891166449,14.7976986383577,0.969,3.95608738968062,3.43920674799665,0.832442903389189,0.505112958942417
1981-03-17,0.33,333.36,-6.09,-6.09,206.27,0.7070500873641594,658.41,27.06629,750.88,3.17552224503765,2.27054970568104,0.715016154973943,0.219528466253919,0.207214753166224,16.85,1.1541095890411,212.45,3.09468317552804,0,-16.0641,4.11759799833194,1.37608385686463,0.451685660266874,1.30108445697626,0.601283991047423,33.3877563865537,51.0347891166449,14.7976986383577,0.969,3.95608738968062,3.43920674799665,0.832442903389189,0.505112958942417
1981-03-18,0.15,407.63,-11.23,-11.23,136.85,0.6484007713616023,658.41,27.06629,750.88,3.17552224503765,2.27054970568104,0.715016154973943,0.219528466253919,0.207214753166224,16.85,1.1541095890411,212.45,3.09468317552804,0,-16.0641,4.11759799833194,1.37608385686463,0.451685660266874,1.30108445697626,0.601283991047423,33.3877563865537,51.0347891166449,14.7976986383577,0.969,3.95608738968062,3.43920674799665,0.832442903389189,0.505112958942417
1981-03-19,0.89,359.7,-8.11,-8.11,188.74,0.7559245173662902,658.41,27.06629,750.88,3.17552224503765,2.27054970568104,0.715016154973943,0.219528466253919,0.207214753166224,16.85,1.1541095890411,212.45,3.09468317552804,0,-16.0641,4.11759799833194,1.37608385686463,0.451685660266874,1.30108445697626,0.601283991047423,33.3877563865537,51.0347891166449,14.7976986383577,0.969,3.95608738968062,3.43920674799665,0.832442903389189,0.505112958942417
1981-03-20,4.09,355.71,-7.48,-7.48,198.62,0.6516590666950778,658.41,27.06629,750.88,3.17552224503765,2.27054970568104,0.715016154973943,0.219528466253919,0.207214753166224,16.85,1.1541095890411,212.45,3.09468317552804,0,-16.0641,4.11759799833194,1.37608385686463,0.451685660266874,1.30108445697626,0.601283991047423,33.3877563865537,51.0347891166449,14.7976986383577,0.969,3.95608738968062,3.43920674799665,0.832442903389189,0.505112958942417
1981-03-21,1.02,524.47,-8.53,-8.53,166.14,0.8113155380353717,658.41,27.06629,750.88,3.17552224503765,2.27054970568104,0.715016154973943,0.219528466253919,0.207214753166224,16.85,1.1541095890411,212.45,3.09468317552804,0,-16.0641,4.11759799833194,1.37608385686463,0.451685660266874,1.30108445697626,0.601283991047423,33.3877563865537,51.0347891166449,14.7976986383577,0.969,3.95608738968062,3.43920674799665,0.832442903389189,0.505112958942417
1981-03-22,0.0,515.08,-3.85,-3.85,249.52,0.6484007713616023,658.41,27.06629,750.88,3.17552224503765,2.27054970568104,0.715016154973943,0.219528466253919,0.207214753166224,16.85,1.1541095890411,212.45,3.09468317552804,0,-16.0641,4.11759799833194,1.37608385686463,0.451685660266874,1.30108445697626,0.601283991047423,33.3877563865537,51.0347891166449,14.7976986383577,0.969,3.95608738968062,3.43920674799665,0.832442903389189,0.505112958942417
1981-03-23,0.0,460.27,-0.59,-0.59,345.3,0.6060429320264222,658.41,27.06629,750.88,3.17552224503765,2.27054970568104,0.715016154973943,0.219528466253919,0.207214753166224,16.85,1.1541095890411,212.45,3.09468317552804,0,-16.0641,4.11759799833194,1.37608385686463,0.451685660266874,1.30108445697626,0.601283991047423,33.3877563865537,51.0347891166449,14.7976986383577,0.969,3.95608738968062,3.43920674799665,0.832442903389189,0.505112958942417
1981-03-24,0.04,462.53,-0.15,-0.15,359.11,0.6418841806946515,658.41,27.06629,750.88,3.17552224503765,2.27054970568104,0.715016154973943,0.219528466253919,0.207214753166224,16.85,1.1541095890411,212.45,3.09468317552804,0,-16.0641,4.11759799833194,1.37608385686463,0.451685660266874,1.30108445697626,0.601283991047423,33.3877563865537,51.0347891166449,14.7976986383577,0.969,3.95608738968062,3.43920674799665,0.832442903389189,0.505112958942417
1981-03-25,0.02,459.24,0.7,0.7,370.61,0.6484007713616023,658.41,27.06629,750.88,3.17552224503765,2.27054970568104,0.715016154973943,0.219528466253919,0.207214753166224,16.85,1.1541095890411,212.45,3.09468317552804,0,-16.0641,4.11759799833194,1.37608385686463,0.451685660266874,1.30108445697626,0.601283991047423,33.3877563865537,51.0347891166449,14.7976986383577,0.969,3.95608738968062,3.43920674799665,0.832442903389189,0.505112958942417
1981-03-26,2.2,417.26,0.28,0.28,350.88,0.6353675900277007,658.41,27.06629,750.88,3.17552224503765,2.27054970568104,0.715016154973943,0.219528466253919,0.207214753166224,16.85,1.1541095890411,212.45,3.09468317552804,0,-16.0641,4.11759799833194,1.37608385686463,0.451685660266874,1.30108445697626,0.601283991047423,33.3877563865537,51.0347891166449,14.7976986383577,0.969,3.95608738968062,3.43920674799665,0.832442903389189,0.505112958942417
1981-03-27,2.33,370.29,4.21,4.21,466.03,1.0622042787129766,658.41,27.06629,750.88,3.17552224503765,2.27054970568104,0.715016154973943,0.219528466253919,0.207214753166224,16.85,1.1541095890411,212.45,3.09468317552804,0,-16.0641,4.11759799833194,1.37608385686463,0.451685660266874,1.30108445697626,0.601283991047423,33.3877563865537,51.0347891166449,14.7976986383577,0.969,3.95608738968062,3.43920674799665,0.832442903389189,0.505112958942417
1981-03-28,0.46,550.19,1.89,1.89,371.91,0.8862563307053057,658.41,27.06629,750.88,3.17552224503765,2.27054970568104,0.715016154973943,0.219528466253919,0.207214753166224,16.85,1.1541095890411,212.45,3.09468317552804,0,-16.0641,4.11759799833194,1.37608385686463,0.451685660266874,1.30108445697626,0.601283991047423,33.3877563865537,51.0347891166449,14.7976986383577,0.969,3.95608738968062,3.43920674799665,0.832442903389189,0.505112958942417
1981-03-29,0.5,417.58,8.42,8.42,613.7,0.8438984913701257,658.41,27.06629,750.88,3.17552224503765,2.27054970568104,0.715016154973943,0.219528466253919,0.207214753166224,16.85,1.1541095890411,212.45,3.09468317552804,0,-16.0641,4.11759799833194,1.37608385686463,0.451685660266874,1.30108445697626,0.601283991047423,33.3877563865537,51.0347891166449,14.7976986383577,0.969,3.95608738968062,3.43920674799665,0.832442903389189,0.505112958942417
1981-03-30,9.28,382.14,12.9,12.9,864.99,1.4564580140634986,658.41,27.06629,750.88,3.17552224503765,2.27054970568104,0.715016154973943,0.219528466253919,0.207214753166224,16.85,1.1541095890411,212.45,3.09468317552804,0,-16.0641,4.11759799833194,1.37608385686463,0.451685660266874,1.30108445697626,0.601283991047423,33.3877563865537,51.0347891166449,14.7976986383577,0.969,3.95608738968062,3.43920674799665,0.832442903389189,0.505112958942417
1981-03-31,2.44,416.72,11.71,11.71,841.05,2.121150262092478,658.41,27.06629,750.88,3.17552224503765,2.27054970568104,0.715016154973943,0.219528466253919,0.207214753166224,16.85,1.1541095890411,212.45,3.09468317552804,0,-16.0641,4.11759799833194,1.37608385686463,0.451685660266874,1.30108445697626,0.601283991047423,33.3877563865537,51.0347891166449,14.7976986383577,0.969,3.95608738968062,3.43920674799665,0.832442903389189,0.505112958942417
1981-04-01,4.09,413.78,10.45,10.45,684.0,1.6747638014063497,658.41,27.06629,750.88,3.17552224503765,2.27054970568104,0.715016154973943,0.219528466253919,0.207214753166224,16.85,1.1541095890411,212.45,3.09468317552804,0,-16.0641,4.11759799833194,1.37608385686463,0.451685660266874,1.30108445697626,0.601283991047423,33.3877563865537,51.0347891166449,14.7976986383577,0.969,3.95608738968062,3.43920674799665,0.832442903389189,0.505112958942417
1981-04-02,1.12,509.47,9.31,9.31,609.17,1.9321691327509054,658.41,27.06629,750.88,3.17552224503765,2.27054970568104,0.715016154973943,0.219528466253919,0.207214753166224,16.85,1.1541095890411,212.45,3.09468317552804,0,-16.0641,4.11759799833194,1.37608385686463,0.451685660266874,1.30108445697626,0.601283991047423,33.3877563865537,51.0347891166449,14.7976986383577,0.969,3.95608738968062,3.43920674799665,0.832442903389189,0.505112958942417
1981-04-03,0.01,554.47,9.48,9.48,682.87,1.5542068740677604,658.41,27.06629,750.88,3.17552224503765,2.27054970568104,0.715016154973943,0.219528466253919,0.207214753166224,16.85,1.1541095890411,212.45,3.09468317552804,0,-16.0641,4.11759799833194,1.37608385686463,0.451685660266874,1.30108445697626,0.601283991047423,33.3877563865537,51.0347891166449,14.7976986383577,0.969,3.95608738968062,3.43920674799665,0.832442903389189,0.505112958942417
1981-04-04,1.33,360.13,18.25,18.25,1186.37,1.3945504027274664,658.41,27.06629,750.88,3.17552224503765,2.27054970568104,0.715016154973943,0.219528466253919,0.207214753166224,16.85,1.1541095890411,212.45,3.09468317552804,0,-16.0641,4.11759799833194,1.37608385686463,0.451685660266874,1.30108445697626,0.601283991047423,33.3877563865537,51.0347891166449,14.7976986383577,0.969,3.95608738968062,3.43920674799665,0.832442903389189,0.505112958942417
1981-04-05,0.37,456.57,13.26,13.26,812.75,1.358709154059237,658.41,27.06629,750.88,3.17552224503765,2.27054970568104,0.715016154973943,0.219528466253919,0.207214753166224,16.85,1.1541095890411,212.45,3.09468317552804,0,-16.0641,4.11759799833194,1.37608385686463,0.451685660266874,1.30108445697626,0.601283991047423,33.3877563865537,51.0347891166449,14.7976986383577,0.969,3.95608738968062,3.43920674799665,0.832442903389189,0.505112958942417
1981-04-06,0.02,493.69,3.5,3.5,423.18,1.2186024547197953,658.41,27.06629,750.88,3.17552224503765,2.27054970568104,0.715016154973943,0.219528466253919,0.207214753166224,16.85,1.1541095890411,212.45,3.09468317552804,0,-16.0641,4.11759799833194,1.37608385686463,0.451685660266874,1.30108445697626,0.601283991047423,33.3877563865537,51.0347891166449,14.7976986383577,0.969,3.95608738968062,3.43920674799665,0.832442903389189,0.505112958942417
1981-04-07,0.0,559.28,2.17,2.17,379.89,1.0687208693799275,658.41,27.06629,750.88,3.17552224503765,2.27054970568104,0.715016154973943,0.219528466253919,0.207214753166224,16.85,1.1541095890411,212.45,3.09468317552804,0,-16.0641,4.11759799833194,1.37608385686463,0.451685660266874,1.30108445697626,0.601283991047423,33.3877563865537,51.0347891166449,14.7976986383577,0.969,3.95608738968062,3.43920674799665,0.832442903389189,0.505112958942417
1981-04-08,0.31,434.99,8.8,8.8,629.42,0.9644554187087151,658.41,27.06629,750.88,3.17552224503765,2.27054970568104,0.715016154973943,0.219528466253919,0.207214753166224,16.85,1.1541095890411,212.45,3.09468317552804,0,-16.0641,4.11759799833194,1.37608385686463,0.451685660266874,1.30108445697626,0.601283991047423,33.3877563865537,51.0347891166449,14.7976986383577,0.969,3.95608738968062,3.43920674799665,0.832442903389189,0.505112958942417
1981-04-09,2.32,373.55,13.89,13.89,846.04,0.9449056467078627,658.41,27.06629,750.88,3.17552224503765,2.27054970568104,0.715016154973943,0.219528466253919,0.207214753166224,16.85,1.1541095890411,212.45,3.09468317552804,0,-16.0641,4.11759799833194,1.37608385686463,0.451685660266874,1.30108445697626,0.601283991047423,33.3877563865537,51.0347891166449,14.7976986383577,0.969,3.95608738968062,3.43920674799665,0.832442903389189,0.505112958942417
1981-04-10,0.77,440.85,7.54,7.54,567.51,0.9253558747070104,658.41,27.06629,750.88,3.17552224503765,2.27054970568104,0.715016154973943,0.219528466253919,0.207214753166224,16.85,1.1541095890411,212.45,3.09468317552804,0,-16.0641,4.11759799833194,1.37608385686463,0.451685660266874,1.30108445697626,0.601283991047423,33.3877563865537,51.0347891166449,14.7976986383577,0.969,3.95608738968062,3.43920674799665,0.832442903389189,0.505112958942417
1981-04-11,1.96,370.34,11.58,11.58,776.19,0.8764814447048795,658.41,27.06629,750.88,3.17552224503765,2.27054970568104,0.715016154973943,0.219528466253919,0.207214753166224,16.85,1.1541095890411,212.45,3.09468317552804,0,-16.0641,4.11759799833194,1.37608385686463,0.451685660266874,1.30108445697626,0.601283991047423,33.3877563865537,51.0347891166449,14.7976986383577,0.969,3.95608738968062,3.43920674799665,0.832442903389189,0.505112958942417
1981-04-12,7.91,384.98,10.3,10.3,709.85,0.9514222373748135,658.41,27.06629,750.88,3.17552224503765,2.27054970568104,0.715016154973943,0.219528466253919,0.207214753166224,16.85,1.1541095890411,212.45,3.09468317552804,0,-16.0641,4.11759799833194,1.37608385686463,0.451685660266874,1.30108445697626,0.601283991047423,33.3877563865537,51.0347891166449,14.7976986383577,0.969,3.95608738968062,3.43920674799665,0.832442903389189,0.505112958942417
1981-04-13,7.33,255.23,5.49,5.49,610.91,1.570498350735137,658.41,27.06629,750.88,3.17552224503765,2.27054970568104,0.715016154973943,0.219528466253919,0.207214753166224,16.85,1.1541095890411,212.45,3.09468317552804,0,-16.0641,4.11759799833194,1.37608385686463,0.451685660266874,1.30108445697626,0.601283991047423,33.3877563865537,51.0347891166449,14.7976986383577,0.969,3.95608738968062,3.43920674799665,0.832442903389189,0.505112958942417
1981-04-14,6.32,338.71,4.05,4.05,522.22,1.9289108374174302,658.41,27.06629,750.88,3.17552224503765,2.27054970568104,0.715016154973943,0.219528466253919,0.207214753166224,16.85,1.1541095890411,212.45,3.09468317552804,0,-16.0641,4.11759799833194,1.37608385686463,0.451685660266874,1.30108445697626,0.601283991047423,33.3877563865537,51.0347891166449,14.7976986383577,0.969,3.95608738968062,3.43920674799665,0.832442903389189,0.505112958942417
1981-04-15,1.29,478.1,1.59,1.59,392.49,1.9093610654165778,658.41,27.06629,750.88,3.17552224503765,2.27054970568104,0.715016154973943,0.219528466253919,0.207214753166224,16.85,1.1541095890411,212.45,3.09468317552804,0,-16.0641,4.11759799833194,1.37608385686463,0.451685660266874,1.30108445697626,0.601283991047423,33.3877563865537,51.0347891166449,14.7976986383577,0.969,3.95608738968062,3.43920674799665,0.832442903389189,0.505112958942417
1981-04-16,0.62,443.73,1.72,1.72,403.84,1.5607234647347112,658.41,27.06629,750.88,3.17552224503765,2.27054970568104,0.715016154973943,0.219528466253919,0.207214753166224,16.85,1.1541095890411,212.45,3.09468317552804,0,-16.0641,4.11759799833194,1.37608385686463,0.451685660266874,1.30108445697626,0.601283991047423,33.3877563865537,51.0347891166449,14.7976986383577,0.969,3.95608738968062,3.43920674799665,0.832442903389189,0.505112958942417
1981-04-17,5.06,365.21,8.73,8.73,710.57,1.593306418069465,658.41,27.06629,750.88,3.17552224503765,2.27054970568104,0.715016154973943,0.219528466253919,0.207214753166224,16.85,1.1541095890411,212.45,3.09468317552804,0,-16.0641,4.11759799833194,1.37608385686463,0.451685660266874,1.30108445697626,0.601283991047423,33.3877563865537,51.0347891166449,14.7976986383577,0.969,3.95608738968062,3.43920674799665,0.832442903389189,0.505112958942417
1981-04-18,1.3,404.94,10.37,10.37,761.24,1.8409368634135945,658.41,27.06629,750.88,3.17552224503765,2.27054970568104,0.715016154973943,0.219528466253919,0.207214753166224,16.85,1.1541095890411,212.45,3.09468317552804,0,-16.0641,4.11759799833194,1.37608385686463,0.451685660266874,1.30108445697626,0.601283991047423,33.3877563865537,51.0347891166449,14.7976986383577,0.969,3.95608738968062,3.43920674799665,0.832442903389189,0.505112958942417
1981-04-19,0.47,405.37,5.26,5.26,506.71,1.4303916513956956,658.41,27.06629,750.88,3.17552224503765,2.27054970568104,0.715016154973943,0.219528466253919,0.207214753166224,16.85,1.1541095890411,212.45,3.09468317552804,0,-16.0641,4.11759799833194,1.37608385686463,0.451685660266874,1.30108445697626,0.601283991047423,33.3877563865537,51.0347891166449,14.7976986383577,0.969,3.95608738968062,3.43920674799665,0.832442903389189,0.505112958942417
1981-04-20,0.32,365.25,5.04,5.04,480.37,1.3000598380566801,658.41,27.06629,750.88,3.17552224503765,2.27054970568104,0.715016154973943,0.219528466253919,0.207214753166224,16.85,1.1541095890411,212.45,3.09468317552804,0,-16.0641,4.11759799833194,1.37608385686463,0.451685660266874,1.30108445697626,0.601283991047423,33.3877563865537,51.0347891166449,14.7976986383577,0.969,3.95608738968062,3.43920674799665,0.832442903389189,0.505112958942417
1981-04-21,0.05,536.76,-1.82,-1.82,294.85,1.1534365480502875,658.41,27.06629,750.88,3.17552224503765,2.27054970568104,0.715016154973943,0.219528466253919,0.207214753166224,16.85,1.1541095890411,212.45,3.09468317552804,0,-16.0641,4.11759799833194,1.37608385686463,0.451685660266874,1.30108445697626,0.601283991047423,33.3877563865537,51.0347891166449,14.7976986383577,0.969,3.95608738968062,3.43920674799665,0.832442903389189,0.505112958942417
1981-04-22,6.36,432.68,2.23,2.23,414.98,1.0524293927125505,658.41,27.06629,750.88,3.17552224503765,2.27054970568104,0.715016154973943,0.219528466253919,0.207214753166224,16.85,1.1541095890411,212.45,3.09468317552804,0,-16.0641,4.11759799833194,1.37608385686463,0.451685660266874,1.30108445697626,0.601283991047423,33.3877563865537,51.0347891166449,14.7976986383577,0.969,3.95608738968062,3.43920674799665,0.832442903389189,0.505112958942417
1981-04-23,6.08,385.1,7.94,7.94,648.63,1.4206167653952695,658.41,27.06629,750.88,3.17552224503765,2.27054970568104,0.715016154973943,0.219528466253919,0.207214753166224,16.85,1.1541095890411,212.45,3.09468317552804,0,-16.0641,4.11759799833194,1.37608385686463,0.451685660266874,1.30108445697626,0.601283991047423,33.3877563865537,51.0347891166449,14.7976986383577,0.969,3.95608738968062,3.43920674799665,0.832442903389189,0.505112958942417
1981-04-24,3.44,339.41,7.83,7.83,664.45,1.6128561900703173,658.41,27.06629,750.88,3.17552224503765,2.27054970568104,0.715016154973943,0.219528466253919,0.207214753166224,16.85,1.1541095890411,212.45,3.09468317552804,0,-16.0641,4.11759799833194,1.37608385686463,0.451685660266874,1.30108445697626,0.601283991047423,33.3877563865537,51.0347891166449,14.7976986383577,0.969,3.95608738968062,3.43920674799665,0.832442903389189,0.505112958942417
1981-04-25,0.61,286.35,2.95,2.95,545.32,1.459716309396974,658.41,27.06629,750.88,3.17552224503765,2.27054970568104,0.715016154973943,0.219528466253919,0.207214753166224,16.85,1.1541095890411,212.45,3.09468317552804,0,-16.0641,4.11759799833194,1.37608385686463,0.451685660266874,1.30108445697626,0.601283991047423,33.3877563865537,51.0347891166449,14.7976986383577,0.969,3.95608738968062,3.43920674799665,0.832442903389189,0.505112958942417
1981-04-26,0.13,327.99,3.85,3.85,570.86,1.2544437033880247,658.41,27.06629,750.88,3.17552224503765,2.27054970568104,0.715016154973943,0.219528466253919,0.207214753166224,16.85,1.1541095890411,212.45,3.09468317552804,0,-16.0641,4.11759799833194,1.37608385686463,0.451685660266874,1.30108445697626,0.601283991047423,33.3877563865537,51.0347891166449,14.7976986383577,0.969,3.95608738968062,3.43920674799665,0.832442903389189,0.505112958942417
1981-04-27,0.27,401.86,7.39,7.39,640.35,1.1436616620498614,658.41,27.06629,750.88,3.17552224503765,2.27054970568104,0.715016154973943,0.219528466253919,0.207214753166224,16.85,1.1541095890411,212.45,3.09468317552804,0,-16.0641,4.11759799833194,1.37608385686463,0.451685660266874,1.30108445697626,0.601283991047423,33.3877563865537,51.0347891166449,14.7976986383577,0.969,3.95608738968062,3.43920674799665,0.832442903389189,0.505112958942417
1981-04-28,18.76,386.17,9.9,9.9,766.59,1.3065764287236308,658.41,27.06629,750.88,3.17552224503765,2.27054970568104,0.715016154973943,0.219528466253919,0.207214753166224,16.85,1.1541095890411,212.45,3.09468317552804,0,-16.0641,4.11759799833194,1.37608385686463,0.451685660266874,1.30108445697626,0.601283991047423,33.3877563865537,51.0347891166449,14.7976986383577,0.969,3.95608738968062,3.43920674799665,0.832442903389189,0.505112958942417
1981-04-29,10.03,279.15,11.21,11.21,872.82,4.203200980183251,658.41,27.06629,750.88,3.17552224503765,2.27054970568104,0.715016154973943,0.219528466253919,0.207214753166224,16.85,1.1541095890411,212.45,3.09468317552804,0,-16.0641,4.11759799833194,1.37608385686463,0.451685660266874,1.30108445697626,0.601283991047423,33.3877563865537,51.0347891166449,14.7976986383577,0.969,3.95608738968062,3.43920674799665,0.832442903389189,0.505112958942417
1981-04-30,1.37,503.09,7.29,7.29,617.13,3.3886271468144042,658.41,27.06629,750.88,3.17552224503765,2.27054970568104,0.715016154973943,0.219528466253919,0.207214753166224,16.85,1.1541095890411,212.45,3.09468317552804,0,-16.0641,4.11759799833194,1.37608385686463,0.451685660266874,1.30108445697626,0.601283991047423,33.3877563865537,51.0347891166449,14.7976986383577,0.969,3.95608738968062,3.43920674799665,0.832442903389189,0.505112958942417
1981-05-01,1.82,406.97,6.29,6.29,545.18,2.6424775154485403,658.41,27.06629,750.88,3.17552224503765,2.27054970568104,0.715016154973943,0.219528466253919,0.207214753166224,16.85,1.1541095890411,212.45,3.09468317552804,0,-16.0641,4.11759799833194,1.37608385686463,0.451685660266874,1.30108445697626,0.601283991047423,33.3877563865537,51.0347891166449,14.7976986383577,0.969,3.95608738968062,3.43920674799665,0.832442903389189,0.505112958942417
1981-05-02,0.52,528.62,4.64,4.64,454.49,2.5219205881099507,658.41,27.06629,750.88,3.17552224503765,2.27054970568104,0.715016154973943,0.219528466253919,0.207214753166224,16.85,1.1541095890411,212.45,3.09468317552804,0,-16.0641,4.11759799833194,1.37608385686463,0.451685660266874,1.30108445697626,0.601283991047423,33.3877563865537,51.0347891166449,14.7976986383577,0.969,3.95608738968062,3.43920674799665,0.832442903389189,0.505112958942417
1981-05-03,0.01,579.7,4.45,4.45,432.56,1.9745269720860854,658.41,27.06629,750.88,3.17552224503765,2.27054970568104,0.715016154973943,0.219528466253919,0.207214753166224,16.85,1.1541095890411,212.45,3.09468317552804,0,-16.0641,4.11759799833194,1.37608385686463,0.451685660266874,1.30108445697626,0.601283991047423,33.3877563865537,51.0347891166449,14.7976986383577,0.969,3.95608738968062,3.43920674799665,0.832442903389189,0.505112958942417
1981-05-04,0.0,574.0,9.79,9.79,614.25,1.6975718687406773,658.41,27.06629,750.88,3.17552224503765,2.27054970568104,0.715016154973943,0.219528466253919,0.207214753166224,16.85,1.1541095890411,212.45,3.09468317552804,0,-16.0641,4.11759799833194,1.37608385686463,0.451685660266874,1.30108445697626,0.601283991047423,33.3877563865537,51.0347891166449,14.7976986383577,0.969,3.95608738968062,3.43920674799665,0.832442903389189,0.505112958942417
1981-05-05,1.87,422.84,14.05,14.05,803.38,1.4727494907308758,658.41,27.06629,750.88,3.17552224503765,2.27054970568104,0.715016154973943,0.219528466253919,0.207214753166224,16.85,1.1541095890411,212.45,3.09468317552804,0,-16.0641,4.11759799833194,1.37608385686463,0.451685660266874,1.30108445697626,0.601283991047423,33.3877563865537,51.0347891166449,14.7976986383577,0.969,3.95608738968062,3.43920674799665,0.832442903389189,0.505112958942417
1981-05-06,2.49,422.09,13.99,13.99,746.51,1.4727494907308758,658.41,27.06629,750.88,3.17552224503765,2.27054970568104,0.715016154973943,0.219528466253919,0.207214753166224,16.85,1.1541095890411,212.45,3.09468317552804,0,-16.0641,4.11759799833194,1.37608385686463,0.451685660266874,1.30108445697626,0.601283991047423,33.3877563865537,51.0347891166449,14.7976986383577,0.969,3.95608738968062,3.43920674799665,0.832442903389189,0.505112958942417
1981-05-07,0.53,552.49,5.84,5.84,461.33,1.3196096100575323,658.41,27.06629,750.88,3.17552224503765,2.27054970568104,0.715016154973943,0.219528466253919,0.207214753166224,16.85,1.1541095890411,212.45,3.09468317552804,0,-16.0641,4.11759799833194,1.37608385686463,0.451685660266874,1.30108445697626,0.601283991047423,33.3877563865537,51.0347891166449,14.7976986383577,0.969,3.95608738968062,3.43920674799665,0.832442903389189,0.505112958942417
1981-05-08,0.0,581.22,5.25,5.25,490.89,1.098045527381206,658.41,27.06629,750.88,3.17552224503765,2.27054970568104,0.715016154973943,0.219528466253919,0.207214753166224,16.85,1.1541095890411,212.45,3.09468317552804,0,-16.0641,4.11759799833194,1.37608385686463,0.451685660266874,1.30108445697626,0.601283991047423,33.3877563865537,51.0347891166449,14.7976986383577,0.969,3.95608738968062,3.43920674799665,0.832442903389189,0.505112958942417
1981-05-09,0.0,533.55,11.73,11.73,795.86,0.9579388280417642,658.41,27.06629,750.88,3.17552224503765,2.27054970568104,0.715016154973943,0.219528466253919,0.207214753166224,16.85,1.1541095890411,212.45,3.09468317552804,0,-16.0641,4.11759799833194,1.37608385686463,0.451685660266874,1.30108445697626,0.601283991047423,33.3877563865537,51.0347891166449,14.7976986383577,0.969,3.95608738968062,3.43920674799665,0.832442903389189,0.505112958942417
1981-05-10,6.74,395.99,14.41,14.41,998.64,0.8667065587044533,658.41,27.06629,750.88,3.17552224503765,2.27054970568104,0.715016154973943,0.219528466253919,0.207214753166224,16.85,1.1541095890411,212.45,3.09468317552804,0,-16.0641,4.11759799833194,1.37608385686463,0.451685660266874,1.30108445697626,0.601283991047423,33.3877563865537,51.0347891166449,14.7976986383577,0.969,3.95608738968062,3.43920674799665,0.832442903389189,0.505112958942417
1981-05-11,20.82,326.62,15.5,15.5,1093.88,1.5248822160664819,658.41,27.06629,750.88,3.17552224503765,2.27054970568104,0.715016154973943,0.219528466253919,0.207214753166224,16.85,1.1541095890411,212.45,3.09468317552804,0,-16.0641,4.11759799833194,1.37608385686463,0.451685660266874,1.30108445697626,0.601283991047423,33.3877563865537,51.0347891166449,14.7976986383577,0.969,3.95608738968062,3.43920674799665,0.832442903389189,0.505112958942417
1981-05-12,6.14,383.25,11.47,11.47,797.09,4.300949840187513,658.41,27.06629,750.88,3.17552224503765,2.27054970568104,0.715016154973943,0.219528466253919,0.207214753166224,16.85,1.1541095890411,212.45,3.09468317552804,0,-16.0641,4.11759799833194,1.37608385686463,0.451685660266874,1.30108445697626,0.601283991047423,33.3877563865537,51.0347891166449,14.7976986383577,0.969,3.95608738968062,3.43920674799665,0.832442903389189,0.505112958942417
1981-05-13,0.3,545.46,7.12,7.12,568.3,2.5382120647773276,658.41,27.06629,750.88,3.17552224503765,2.27054970568104,0.715016154973943,0.219528466253919,0.207214753166224,16.85,1.1541095890411,212.45,3.09468317552804,0,-16.0641,4.11759799833194,1.37608385686463,0.451685660266874,1.30108445697626,0.601283991047423,33.3877563865537,51.0347891166449,14.7976986383577,0.969,3.95608738968062,3.43920674799665,0.832442903389189,0.505112958942417
1981-05-14,22.7,436.85,8.58,8.58,643.51,2.0005933347538885,658.41,27.06629,750.88,3.17552224503765,2.27054970568104,0.715016154973943,0.219528466253919,0.207214753166224,16.85,1.1541095890411,212.45,3.09468317552804,0,-16.0641,4.11759799833194,1.37608385686463,0.451685660266874,1.30108445697626,0.601283991047423,33.3877563865537,51.0347891166449,14.7976986383577,0.969,3.95608738968062,3.43920674799665,0.832442903389189,0.505112958942417
1981-05-15,7.94,426.32,13.88,13.88,908.62,8.341236053696996,658.41,27.06629,750.88,3.17552224503765,2.27054970568104,0.715016154973943,0.219528466253919,0.207214753166224,16.85,1.1541095890411,212.45,3.09468317552804,0,-16.0641,4.11759799833194,1.37608385686463,0.451685660266874,1.30108445697626,0.601283991047423,33.3877563865537,51.0347891166449,14.7976986383577,0.969,3.95608738968062,3.43920674799665,0.832442903389189,0.505112958942417
1981-05-16,0.66,377.21,12.03,12.03,848.36,4.887443000213083,658.41,27.06629,750.88,3.17552224503765,2.27054970568104,0.715016154973943,0.219528466253919,0.207214753166224,16.85,1.1541095890411,212.45,3.09468317552804,0,-16.0641,4.11759799833194,1.37608385686463,0.451685660266874,1.30108445697626,0.601283991047423,33.3877563865537,51.0347891166449,14.7976986383577,0.969,3.95608738968062,3.43920674799665,0.832442903389189,0.505112958942417
1981-05-17,0.04,517.71,7.05,7.05,585.73,3.486376006818666,658.41,27.06629,750.88,3.17552224503765,2.27054970568104,0.715016154973943,0.219528466253919,0.207214753166224,16.85,1.1541095890411,212.45,3.09468317552804,0,-16.0641,4.11759799833194,1.37608385686463,0.451685660266874,1.30108445697626,0.601283991047423,33.3877563865537,51.0347891166449,14.7976986383577,0.969,3.95608738968062,3.43920674799665,0.832442903389189,0.505112958942417
1981-05-18,0.0,569.67,5.32,5.32,480.97,2.6457358107820155,658.41,27.06629,750.88,3.17552224503765,2.27054970568104,0.715016154973943,0.219528466253919,0.207214753166224,16.85,1.1541095890411,212.45,3.09468317552804,0,-16.0641,4.11759799833194,1.37608385686463,0.451685660266874,1.30108445697626,0.601283991047423,33.3877563865537,51.0347891166449,14.7976986383577,0.969,3.95608738968062,3.43920674799665,0.832442903389189,0.505112958942417
1981-05-19,0.0,567.47,6.13,6.13,500.16,2.163508101427658,658.41,27.06629,750.88,3.17552224503765,2.27054970568104,0.715016154973943,0.219528466253919,0.207214753166224,16.85,1.1541095890411,212.45,3.09468317552804,0,-16.0641,4.11759799833194,1.37608385686463,0.451685660266874,1.30108445697626,0.601283991047423,33.3877563865537,51.0347891166449,14.7976986383577,0.969,3.95608738968062,3.43920674799665,0.832442903389189,0.505112958942417
1981-05-20,0.0,587.98,7.58,7.58,529.45,1.7953207287449393,658.41,27.06629,750.88,3.17552224503765,2.27054970568104,0.715016154973943,0.219528466253919,0.207214753166224,16.85,1.1541095890411,212.45,3.09468317552804,0,-16.0641,4.11759799833194,1.37608385686463,0.451685660266874,1.30108445697626,0.601283991047423,33.3877563865537,51.0347891166449,14.7976986383577,0.969,3.95608738968062,3.43920674799665,0.832442903389189,0.505112958942417
1981-05-21,0.0,584.46,10.98,10.98,660.34,1.4922992627317277,658.41,27.06629,750.88,3.17552224503765,2.27054970568104,0.715016154973943,0.219528466253919,0.207214753166224,16.85,1.1541095890411,212.45,3.09468317552804,0,-16.0641,4.11759799833194,1.37608385686463,0.451685660266874,1.30108445697626,0.601283991047423,33.3877563865537,51.0347891166449,14.7976986383577,0.969,3.95608738968062,3.43920674799665,0.832442903389189,0.505112958942417
1981-05-22,0.0,570.52,14.63,14.63,796.63,1.2707351800554014,658.41,27.06629,750.88,3.17552224503765,2.27054970568104,0.715016154973943,0.219528466253919,0.207214753166224,16.85,1.1541095890411,212.45,3.09468317552804,0,-16.0641,4.11759799833194,1.37608385686463,0.451685660266874,1.30108445697626,0.601283991047423,33.3877563865537,51.0347891166449,14.7976986383577,0.969,3.95608738968062,3.43920674799665,0.832442903389189,0.505112958942417
1981-05-23,0.0,583.09,13.75,13.75,735.54,1.0784957553803536,658.41,27.06629,750.88,3.17552224503765,2.27054970568104,0.715016154973943,0.219528466253919,0.207214753166224,16.85,1.1541095890411,212.45,3.09468317552804,0,-16.0641,4.11759799833194,1.37608385686463,0.451685660266874,1.30108445697626,0.601283991047423,33.3877563865537,51.0347891166449,14.7976986383577,0.969,3.95608738968062,3.43920674799665,0.832442903389189,0.505112958942417
1981-05-24,0.02,554.7,14.58,14.58,827.42,0.9351307607074366,658.41,27.06629,750.88,3.17552224503765,2.27054970568104,0.715016154973943,0.219528466253919,0.207214753166224,16.85,1.1541095890411,212.45,3.09468317552804,0,-16.0641,4.11759799833194,1.37608385686463,0.451685660266874,1.30108445697626,0.601283991047423,33.3877563865537,51.0347891166449,14.7976986383577,0.969,3.95608738968062,3.43920674799665,0.832442903389189,0.505112958942417
1981-05-25,2.98,406.16,17.56,17.56,1062.38,0.8276070147027488,658.41,27.06629,750.88,3.17552224503765,2.27054970568104,0.715016154973943,0.219528466253919,0.207214753166224,16.85,1.1541095890411,212.45,3.09468317552804,0,-16.0641,4.11759799833194,1.37608385686463,0.451685660266874,1.30108445697626,0.601283991047423,33.3877563865537,51.0347891166449,14.7976986383577,0.969,3.95608738968062,3.43920674799665,0.832442903389189,0.505112958942417
1981-05-26,0.83,528.07,17.04,17.04,1024.59,0.8178321287023226,658.41,27.06629,750.88,3.17552224503765,2.27054970568104,0.715016154973943,0.219528466253919,0.207214753166224,16.85,1.1541095890411,212.45,3.09468317552804,0,-16.0641,4.11759799833194,1.37608385686463,0.451685660266874,1.30108445697626,0.601283991047423,33.3877563865537,51.0347891166449,14.7976986383577,0.969,3.95608738968062,3.43920674799665,0.832442903389189,0.505112958942417
1981-05-27,0.02,483.87,16.39,16.39,1110.39,0.7005334966972085,658.41,27.06629,750.88,3.17552224503765,2.27054970568104,0.715016154973943,0.219528466253919,0.207214753166224,16.85,1.1541095890411,212.45,3.09468317552804,0,-16.0641,4.11759799833194,1.37608385686463,0.451685660266874,1.30108445697626,0.601283991047423,33.3877563865537,51.0347891166449,14.7976986383577,0.969,3.95608738968062,3.43920674799665,0.832442903389189,0.505112958942417
1981-05-28,0.38,305.78,17.64,17.64,1345.56,0.62885099936075,658.41,27.06629,750.88,3.17552224503765,2.27054970568104,0.715016154973943,0.219528466253919,0.207214753166224,16.85,1.1541095890411,212.45,3.09468317552804,0,-16.0641,4.11759799833194,1.37608385686463,0.451685660266874,1.30108445697626,0.601283991047423,33.3877563865537,51.0347891166449,14.7976986383577,0.969,3.95608738968062,3.43920674799665,0.832442903389189,0.505112958942417
1981-05-29,0.69,287.52,17.5,17.5,1335.44,0.5832348646920946,658.41,27.06629,750.88,3.17552224503765,2.27054970568104,0.715016154973943,0.219528466253919,0.207214753166224,16.85,1.1541095890411,212.45,3.09468317552804,0,-16.0641,4.11759799833194,1.37608385686463,0.451685660266874,1.30108445697626,0.601283991047423,33.3877563865537,51.0347891166449,14.7976986383577,0.969,3.95608738968062,3.43920674799665,0.832442903389189,0.505112958942417
1981-05-30,0.72,345.72,16.12,16.12,1139.26,0.54413532069039,658.41,27.06629,750.88,3.17552224503765,2.27054970568104,0.715016154973943,0.219528466253919,0.207214753166224,16.85,1.1541095890411,212.45,3.09468317552804,0,-16.0641,4.11759799833194,1.37608385686463,0.451685660266874,1.30108445697626,0.601283991047423,33.3877563865537,51.0347891166449,14.7976986383577,0.969,3.95608738968062,3.43920674799665,0.832442903389189,0.505112958942417
1981-05-31,0.15,480.7,14.48,14.48,912.29,0.4920025953547837,658.41,27.06629,750.88,3.17552224503765,2.27054970568104,0.715016154973943,0.219528466253919,0.207214753166224,16.85,1.1541095890411,212.45,3.09468317552804,0,-16.0641,4.11759799833194,1.37608385686463,0.451685660266874,1.30108445697626,0.601283991047423,33.3877563865537,51.0347891166449,14.7976986383577,0.969,3.95608738968062,3.43920674799665,0.832442903389189,0.505112958942417
1981-06-01,3.48,435.76,10.46,10.46,725.54,0.41706180268484977,658.41,27.06629,750.88,3.17552224503765,2.27054970568104,0.715016154973943,0.219528466253919,0.207214753166224,16.85,1.1541095890411,212.45,3.09468317552804,0,-16.0641,4.11759799833194,1.37608385686463,0.451685660266874,1.30108445697626,0.601283991047423,33.3877563865537,51.0347891166449,14.7976986383577,0.969,3.95608738968062,3.43920674799665,0.832442903389189,0.505112958942417
1981-06-02,1.76,340.77,13.82,13.82,1056.63,0.4138035073513744,658.41,27.06629,750.88,3.17552224503765,2.27054970568104,0.715016154973943,0.219528466253919,0.207214753166224,16.85,1.1541095890411,212.45,3.09468317552804,0,-16.0641,4.11759799833194,1.37608385686463,0.451685660266874,1.30108445697626,0.601283991047423,33.3877563865537,51.0347891166449,14.7976986383577,0.969,3.95608738968062,3.43920674799665,0.832442903389189,0.505112958942417
1981-06-03,24.28,172.4,15.16,15.16,1346.58,0.9449056467078627,658.41,27.06629,750.88,3.17552224503765,2.27054970568104,0.715016154973943,0.219528466253919,0.207214753166224,16.85,1.1541095890411,212.45,3.09468317552804,0,-16.0641,4.11759799833194,1.37608385686463,0.451685660266874,1.30108445697626,0.601283991047423,33.3877563865537,51.0347891166449,14.7976986383577,0.969,3.95608738968062,3.43920674799665,0.832442903389189,0.505112958942417
1981-06-04,6.63,345.16,17.09,17.09,1349.91,2.8640415981248664,658.41,27.06629,750.88,3.17552224503765,2.27054970568104,0.715016154973943,0.219528466253919,0.207214753166224,16.85,1.1541095890411,212.45,3.09468317552804,0,-16.0641,4.11759799833194,1.37608385686463,0.451685660266874,1.30108445697626,0.601283991047423,33.3877563865537,51.0347891166449,14.7976986383577,0.969,3.95608738968062,3.43920674799665,0.832442903389189,0.505112958942417
1981-06-05,0.24,417.75,16.74,16.74,1214.74,1.0165881440443214,658.41,27.06629,750.88,3.17552224503765,2.27054970568104,0.715016154973943,0.219528466253919,0.207214753166224,16.85,1.1541095890411,212.45,3.09468317552804,0,-16.0641,4.11759799833194,1.37608385686463,0.451685660266874,1.30108445697626,0.601283991047423,33.3877563865537,51.0347891166449,14.7976986383577,0.969,3.95608738968062,3.43920674799665,0.832442903389189,0.505112958942417
1981-06-06,0.06,427.15,19.84,19.84,1357.99,0.7396330406989132,658.41,27.06629,750.88,3.17552224503765,2.27054970568104,0.715016154973943,0.219528466253919,0.207214753166224,16.85,1.1541095890411,212.45,3.09468317552804,0,-16.0641,4.11759799833194,1.37608385686463,0.451685660266874,1.30108445697626,0.601283991047423,33.3877563865537,51.0347891166449,14.7976986383577,0.969,3.95608738968062,3.43920674799665,0.832442903389189,0.505112958942417
1981-06-07,0.0,544.15,15.49,15.49,959.92,0.5897514553590454,658.41,27.06629,750.88,3.17552224503765,2.27054970568104,0.715016154973943,0.219528466253919,0.207214753166224,16.85,1.1541095890411,212.45,3.09468317552804,0,-16.0641,4.11759799833194,1.37608385686463,0.451685660266874,1.30108445697626,0.601283991047423,33.3877563865537,51.0347891166449,14.7976986383577,0.969,3.95608738968062,3.43920674799665,0.832442903389189,0.505112958942417
1981-06-08,13.15,430.04,13.91,13.91,949.96,0.49526089068825907,658.41,27.06629,750.88,3.17552224503765,2.27054970568104,0.715016154973943,0.219528466253919,0.207214753166224,16.85,1.1541095890411,212.45,3.09468317552804,0,-16.0641,4.11759799833194,1.37608385686463,0.451685660266874,1.30108445697626,0.601283991047423,33.3877563865537,51.0347891166449,14.7976986383577,0.969,3.95608738968062,3.43920674799665,0.832442903389189,0.505112958942417
1981-06-09,3.57,422.93,17.81,17.81,1266.23,1.1045621180481566,658.41,27.06629,750.88,3.17552224503765,2.27054970568104,0.715016154973943,0.219528466253919,0.207214753166224,16.85,1.1541095890411,212.45,3.09468317552804,0,-16.0641,4.11759799833194,1.37608385686463,0.451685660266874,1.30108445697626,0.601283991047423,33.3877563865537,51.0347891166449,14.7976986383577,0.969,3.95608738968062,3.43920674799665,0.832442903389189,0.505112958942417
1981-06-10,0.09,384.53,15.15,15.15,1093.56,0.6777254293628808,658.41,27.06629,750.88,3.17552224503765,2.27054970568104,0.715016154973943,0.219528466253919,0.207214753166224,16.85,1.1541095890411,212.45,3.09468317552804,0,-16.0641,4.11759799833194,1.37608385686463,0.451685660266874,1.30108445697626,0.601283991047423,33.3877563865537,51.0347891166449,14.7976986383577,0.969,3.95608738968062,3.43920674799665,0.832442903389189,0.505112958942417
1981-06-11,0.02,527.61,14.15,14.15,982.31,0.5376187300234391,658.41,27.06629,750.88,3.17552224503765,2.27054970568104,0.715016154973943,0.219528466253919,0.207214753166224,16.85,1.1541095890411,212.45,3.09468317552804,0,-16.0641,4.11759799833194,1.37608385686463,0.451685660266874,1.30108445697626,0.601283991047423,33.3877563865537,51.0347891166449,14.7976986383577,0.969,3.95608738968062,3.43920674799665,0.832442903389189,0.505112958942417
1981-06-12,0.0,513.0,16.29,16.29,1091.18,0.452903051353079,658.41,27.06629,750.88,3.17552224503765,2.27054970568104,0.715016154973943,0.219528466253919,0.207214753166224,16.85,1.1541095890411,212.45,3.09468317552804,0,-16.0641,4.11759799833194,1.37608385686463,0.451685660266874,1.30108445697626,0.601283991047423,33.3877563865537,51.0347891166449,14.7976986383577,0.969,3.95608738968062,3.43920674799665,0.832442903389189,0.505112958942417
1981-06-13,10.22,413.11,16.7,16.7,1218.55,0.4040286213509482,658.41,27.06629,750.88,3.17552224503765,2.27054970568104,0.715016154973943,0.219528466253919,0.207214753166224,16.85,1.1541095890411,212.45,3.09468317552804,0,-16.0641,4.11759799833194,1.37608385686463,0.451685660266874,1.30108445697626,0.601283991047423,33.3877563865537,51.0347891166449,14.7976986383577,0.969,3.95608738968062,3.43920674799665,0.832442903389189,0.505112958942417
1981-06-14,16.42,310.37,20.88,20.88,1736.64,0.6581756573620285,658.41,27.06629,750.88,3.17552224503765,2.27054970568104,0.715016154973943,0.219528466253919,0.207214753166224,16.85,1.1541095890411,212.45,3.09468317552804,0,-16.0641,4.11759799833194,1.37608385686463,0.451685660266874,1.30108445697626,0.601283991047423,33.3877563865537,51.0347891166449,14.7976986383577,0.969,3.95608738968062,3.43920674799665,0.832442903389189,0.505112958942417
1981-06-15,5.32,350.88,23.3,23.3,1979.73,1.8767781120818239,658.41,27.06629,750.88,3.17552224503765,2.27054970568104,0.715016154973943,0.219528466253919,0.207214753166224,16.85,1.1541095890411,212.45,3.09468317552804,0,-16.0641,4.11759799833194,1.37608385686463,0.451685660266874,1.30108445697626,0.601283991047423,33.3877563865537,51.0347891166449,14.7976986383577,0.969,3.95608738968062,3.43920674799665,0.832442903389189,0.505112958942417
1981-06-16,6.08,328.29,23.83,23.83,1892.9,0.9872634860430427,658.41,27.06629,750.88,3.17552224503765,2.27054970568104,0.715016154973943,0.219528466253919,0.207214753166224,16.85,1.1541095890411,212.45,3.09468317552804,0,-16.0641,4.11759799833194,1.37608385686463,0.451685660266874,1.30108445697626,0.601283991047423,33.3877563865537,51.0347891166449,14.7976986383577,0.969,3.95608738968062,3.43920674799665,0.832442903389189,0.505112958942417
1981-06-17,1.59,509.07,20.41,20.41,1334.42,0.8797397400383549,658.41,27.06629,750.88,3.17552224503765,2.27054970568104,0.715016154973943,0.219528466253919,0.207214753166224,16.85,1.1541095890411,212.45,3.09468317552804,0,-16.0641,4.11759799833194,1.37608385686463,0.451685660266874,1.30108445697626,0.601283991047423,33.3877563865537,51.0347891166449,14.7976986383577,0.969,3.95608738968062,3.43920674799665,0.832442903389189,0.505112958942417
1981-06-18,0.03,566.43,14.88,14.88,989.44,0.6907586106967823,658.41,27.06629,750.88,3.17552224503765,2.27054970568104,0.715016154973943,0.219528466253919,0.207214753166224,16.85,1.1541095890411,212.45,3.09468317552804,0,-16.0641,4.11759799833194,1.37608385686463,0.451685660266874,1.30108445697626,0.601283991047423,33.3877563865537,51.0347891166449,14.7976986383577,0.969,3.95608738968062,3.43920674799665,0.832442903389189,0.505112958942417
1981-06-19,0.15,480.11,18.06,18.06,1253.48,0.5767182740251438,658.41,27.06629,750.88,3.17552224503765,2.27054970568104,0.715016154973943,0.219528466253919,0.207214753166224,16.85,1.1541095890411,212.45,3.09468317552804,0,-16.0641,4.11759799833194,1.37608385686463,0.451685660266874,1.30108445697626,0.601283991047423,33.3877563865537,51.0347891166449,14.7976986383577,0.969,3.95608738968062,3.43920674799665,0.832442903389189,0.505112958942417
1981-06-20,5.92,364.62,18.55,18.55,1357.25,0.511552367355636,658.41,27.06629,750.88,3.17552224503765,2.27054970568104,0.715016154973943,0.219528466253919,0.207214753166224,16.85,1.1541095890411,212.45,3.09468317552804,0,-16.0641,4.11759799833194,1.37608385686463,0.451685660266874,1.30108445697626,0.601283991047423,33.3877563865537,51.0347891166449,14.7976986383577,0.969,3.95608738968062,3.43920674799665,0.832442903389189,0.505112958942417
1981-06-21,4.85,378.99,17.46,17.46,1355.28,0.5245855486895376,658.41,27.06629,750.88,3.17552224503765,2.27054970568104,0.715016154973943,0.219528466253919,0.207214753166224,16.85,1.1541095890411,212.45,3.09468317552804,0,-16.0641,4.11759799833194,1.37608385686463,0.451685660266874,1.30108445697626,0.601283991047423,33.3877563865537,51.0347891166449,14.7976986383577,0.969,3.95608738968062,3.43920674799665,0.832442903389189,0.505112958942417
1981-06-22,1.26,313.53,19.66,19.66,1500.54,0.5180689580225868,658.41,27.06629,750.88,3.17552224503765,2.27054970568104,0.715016154973943,0.219528466253919,0.207214753166224,16.85,1.1541095890411,212.45,3.09468317552804,0,-16.0641,4.11759799833194,1.37608385686463,0.451685660266874,1.30108445697626,0.601283991047423,33.3877563865537,51.0347891166449,14.7976986383577,0.969,3.95608738968062,3.43920674799665,0.832442903389189,0.505112958942417
1981-06-23,0.1,529.86,15.62,15.62,1087.26,0.42683668868527586,658.41,27.06629,750.88,3.17552224503765,2.27054970568104,0.715016154973943,0.219528466253919,0.207214753166224,16.85,1.1541095890411,212.45,3.09468317552804,0,-16.0641,4.11759799833194,1.37608385686463,0.451685660266874,1.30108445697626,0.601283991047423,33.3877563865537,51.0347891166449,14.7976986383577,0.969,3.95608738968062,3.43920674799665,0.832442903389189,0.505112958942417
1981-06-24,0.16,457.06,15.16,15.16,1117.19,0.3747039633496697,658.41,27.06629,750.88,3.17552224503765,2.27054970568104,0.715016154973943,0.219528466253919,0.207214753166224,16.85,1.1541095890411,212.45,3.09468317552804,0,-16.0641,4.11759799833194,1.37608385686463,0.451685660266874,1.30108445697626,0.601283991047423,33.3877563865537,51.0347891166449,14.7976986383577,0.969,3.95608738968062,3.43920674799665,0.832442903389189,0.505112958942417
1981-06-25,0.07,434.98,18.12,18.12,1303.32,0.3453793053483912,658.41,27.06629,750.88,3.17552224503765,2.27054970568104,0.715016154973943,0.219528466253919,0.207214753166224,16.85,1.1541095890411,212.45,3.09468317552804,0,-16.0641,4.11759799833194,1.37608385686463,0.451685660266874,1.30108445697626,0.601283991047423,33.3877563865537,51.0347891166449,14.7976986383577,0.969,3.95608738968062,3.43920674799665,0.832442903389189,0.505112958942417
1981-06-26,0.01,558.02,14.97,14.97,952.44,0.32257123801406345,658.41,27.06629,750.88,3.17552224503765,2.27054970568104,0.715016154973943,0.219528466253919,0.207214753166224,16.85,1.1541095890411,212.45,3.09468317552804,0,-16.0641,4.11759799833194,1.37608385686463,0.451685660266874,1.30108445697626,0.601283991047423,33.3877563865537,51.0347891166449,14.7976986383577,0.969,3.95608738968062,3.43920674799665,0.832442903389189,0.505112958942417
1981-06-27,0.0,571.93,12.23,12.23,791.71,0.29650487534626035,658.41,27.06629,750.88,3.17552224503765,2.27054970568104,0.715016154973943,0.219528466253919,0.207214753166224,16.85,1.1541095890411,212.45,3.09468317552804,0,-16.0641,4.11759799833194,1.37608385686463,0.451685660266874,1.30108445697626,0.601283991047423,33.3877563865537,51.0347891166449,14.7976986383577,0.969,3.95608738968062,3.43920674799665,0.832442903389189,0.505112958942417
1981-06-28,0.0,581.55,13.67,13.67,855.68,0.276955103345408,658.41,27.06629,750.88,3.17552224503765,2.27054970568104,0.715016154973943,0.219528466253919,0.207214753166224,16.85,1.1541095890411,212.45,3.09468317552804,0,-16.0641,4.11759799833194,1.37608385686463,0.451685660266874,1.30108445697626,0.601283991047423,33.3877563865537,51.0347891166449,14.7976986383577,0.969,3.95608738968062,3.43920674799665,0.832442903389189,0.505112958942417
1981-06-29,0.0,568.07,16.85,16.85,1115.91,0.2671802173449819,658.41,27.06629,750.88,3.17552224503765,2.27054970568104,0.715016154973943,0.219528466253919,0.207214753166224,16.85,1.1541095890411,212.45,3.09468317552804,0,-16.0641,4.11759799833194,1.37608385686463,0.451685660266874,1.30108445697626,0.601283991047423,33.3877563865537,51.0347891166449,14.7976986383577,0.969,3.95608738968062,3.43920674799665,0.832442903389189,0.505112958942417
1981-06-30,11.53,393.69,21.07,21.07,1466.06,0.29650487534626035,658.41,27.06629,750.88,3.17552224503765,2.27054970568104,0.715016154973943,0.219528466253919,0.207214753166224,16.85,1.1541095890411,212.45,3.09468317552804,0,-16.0641,4.11759799833194,1.37608385686463,0.451685660266874,1.30108445697626,0.601283991047423,33.3877563865537,51.0347891166449,14.7976986383577,0.969,3.95608738968062,3.43920674799665,0.832442903389189,0.505112958942417
1981-07-01,7.15,411.39,19.77,19.77,1380.2,0.6321092946942254,658.41,27.06629,750.88,3.17552224503765,2.27054970568104,0.715016154973943,0.219528466253919,0.207214753166224,16.85,1.1541095890411,212.45,3.09468317552804,0,-16.0641,4.11759799833194,1.37608385686463,0.451685660266874,1.30108445697626,0.601283991047423,33.3877563865537,51.0347891166449,14.7976986383577,0.969,3.95608738968062,3.43920674799665,0.832442903389189,0.505112958942417
1981-07-02,14.16,303.17,18.93,18.93,1479.93,0.5832348646920946,658.41,27.06629,750.88,3.17552224503765,2.27054970568104,0.715016154973943,0.219528466253919,0.207214753166224,16.85,1.1541095890411,212.45,3.09468317552804,0,-16.0641,4.11759799833194,1.37608385686463,0.451685660266874,1.30108445697626,0.601283991047423,33.3877563865537,51.0347891166449,14.7976986383577,0.969,3.95608738968062,3.43920674799665,0.832442903389189,0.505112958942417
1981-07-03,3.61,389.05,17.54,17.54,1423.52,0.9579388280417642,658.41,27.06629,750.88,3.17552224503765,2.27054970568104,0.715016154973943,0.219528466253919,0.207214753166224,16.85,1.1541095890411,212.45,3.09468317552804,0,-16.0641,4.11759799833194,1.37608385686463,0.451685660266874,1.30108445697626,0.601283991047423,33.3877563865537,51.0347891166449,14.7976986383577,0.969,3.95608738968062,3.43920674799665,0.832442903389189,0.505112958942417
1981-07-04,0.11,350.76,19.09,19.09,1567.43,0.4854860046878329,658.41,27.06629,750.88,3.17552224503765,2.27054970568104,0.715016154973943,0.219528466253919,0.207214753166224,16.85,1.1541095890411,212.45,3.09468317552804,0,-16.0641,4.11759799833194,1.37608385686463,0.451685660266874,1.30108445697626,0.601283991047423,33.3877563865537,51.0347891166449,14.7976986383577,0.969,3.95608738968062,3.43920674799665,0.832442903389189,0.505112958942417
1981-07-05,2.64,331.03,18.45,18.45,1478.52,0.4138035073513744,658.41,27.06629,750.88,3.17552224503765,2.27054970568104,0.715016154973943,0.219528466253919,0.207214753166224,16.85,1.1541095890411,212.45,3.09468317552804,0,-16.0641,4.11759799833194,1.37608385686463,0.451685660266874,1.30108445697626,0.601283991047423,33.3877563865537,51.0347891166449,14.7976986383577,0.969,3.95608738968062,3.43920674799665,0.832442903389189,0.505112958942417
1981-07-06,0.84,379.53,18.62,18.62,1409.82,0.47571111868740673,658.41,27.06629,750.88,3.17552224503765,2.27054970568104,0.715016154973943,0.219528466253919,0.207214753166224,16.85,1.1541095890411,212.45,3.09468317552804,0,-16.0641,4.11759799833194,1.37608385686463,0.451685660266874,1.30108445697626,0.601283991047423,33.3877563865537,51.0347891166449,14.7976986383577,0.969,3.95608738968062,3.43920674799665,0.832442903389189,0.505112958942417
1981-07-07,0.04,527.79,19.97,19.97,1429.72,0.3421210100149158,658.41,27.06629,750.88,3.17552224503765,2.27054970568104,0.715016154973943,0.219528466253919,0.207214753166224,16.85,1.1541095890411,212.45,3.09468317552804,0,-16.0641,4.11759799833194,1.37608385686463,0.451685660266874,1.30108445697626,0.601283991047423,33.3877563865537,51.0347891166449,14.7976986383577,0.969,3.95608738968062,3.43920674799665,0.832442903389189,0.505112958942417
1981-07-08,0.0,521.71,21.72,21.72,1603.33,0.2834716940123588,658.41,27.06629,750.88,3.17552224503765,2.27054970568104,0.715016154973943,0.219528466253919,0.207214753166224,16.85,1.1541095890411,212.45,3.09468317552804,0,-16.0641,4.11759799833194,1.37608385686463,0.451685660266874,1.30108445697626,0.601283991047423,33.3877563865537,51.0347891166449,14.7976986383577,0.969,3.95608738968062,3.43920674799665,0.832442903389189,0.505112958942417
1981-07-09,0.11,469.73,23.33,23.33,1724.42,0.25414703601108035,658.41,27.06629,750.88,3.17552224503765,2.27054970568104,0.715016154973943,0.219528466253919,0.207214753166224,16.85,1.1541095890411,212.45,3.09468317552804,0,-16.0641,4.11759799833194,1.37608385686463,0.451685660266874,1.30108445697626,0.601283991047423,33.3877563865537,51.0347891166449,14.7976986383577,0.969,3.95608738968062,3.43920674799665,0.832442903389189,0.505112958942417
1981-07-10,0.03,535.5,20.75,20.75,1392.04,0.24763044534412954,658.41,27.06629,750.88,3.17552224503765,2.27054970568104,0.715016154973943,0.219528466253919,0.207214753166224,16.85,1.1541095890411,212.45,3.09468317552804,0,-16.0641,4.11759799833194,1.37608385686463,0.451685660266874,1.30108445697626,0.601283991047423,33.3877563865537,51.0347891166449,14.7976986383577,0.969,3.95608738968062,3.43920674799665,0.832442903389189,0.505112958942417
1981-07-11,0.0,554.58,19.46,19.46,1297.57,0.21504749200937565,658.41,27.06629,750.88,3.17552224503765,2.27054970568104,0.715016154973943,0.219528466253919,0.207214753166224,16.85,1.1541095890411,212.45,3.09468317552804,0,-16.0641,4.11759799833194,1.37608385686463,0.451685660266874,1.30108445697626,0.601283991047423,33.3877563865537,51.0347891166449,14.7976986383577,0.969,3.95608738968062,3.43920674799665,0.832442903389189,0.505112958942417
1981-07-12,0.0,523.16,21.85,21.85,1542.98,0.19875601534199872,658.41,27.06629,750.88,3.17552224503765,2.27054970568104,0.715016154973943,0.219528466253919,0.207214753166224,16.85,1.1541095890411,212.45,3.09468317552804,0,-16.0641,4.11759799833194,1.37608385686463,0.451685660266874,1.30108445697626,0.601283991047423,33.3877563865537,51.0347891166449,14.7976986383577,0.969,3.95608738968062,3.43920674799665,0.832442903389189,0.505112958942417
1981-07-13,0.55,366.48,21.77,21.77,1611.6,0.18572283400809714,658.41,27.06629,750.88,3.17552224503765,2.27054970568104,0.715016154973943,0.219528466253919,0.207214753166224,16.85,1.1541095890411,212.45,3.09468317552804,0,-16.0641,4.11759799833194,1.37608385686463,0.451685660266874,1.30108445697626,0.601283991047423,33.3877563865537,51.0347891166449,14.7976986383577,0.969,3.95608738968062,3.43920674799665,0.832442903389189,0.505112958942417
1981-07-14,0.14,510.0,20.14,20.14,1381.57,0.21178919667590027,658.41,27.06629,750.88,3.17552224503765,2.27054970568104,0.715016154973943,0.219528466253919,0.207214753166224,16.85,1.1541095890411,212.45,3.09468317552804,0,-16.0641,4.11759799833194,1.37608385686463,0.451685660266874,1.30108445697626,0.601283991047423,33.3877563865537,51.0347891166449,14.7976986383577,0.969,3.95608738968062,3.43920674799665,0.832442903389189,0.505112958942417
1981-07-15,0.0,500.14,17.34,17.34,1192.27,0.18246453867462176,658.41,27.06629,750.88,3.17552224503765,2.27054970568104,0.715016154973943,0.219528466253919,0.207214753166224,16.85,1.1541095890411,212.45,3.09468317552804,0,-16.0641,4.11759799833194,1.37608385686463,0.451685660266874,1.30108445697626,0.601283991047423,33.3877563865537,51.0347891166449,14.7976986383577,0.969,3.95608738968062,3.43920674799665,0.832442903389189,0.505112958942417
1981-07-16,0.0,532.88,16.72,16.72,1121.54,0.16617306200724483,658.41,27.06629,750.88,3.17552224503765,2.27054970568104,0.715016154973943,0.219528466253919,0.207214753166224,16.85,1.1541095890411,212.45,3.09468317552804,0,-16.0641,4.11759799833194,1.37608385686463,0.451685660266874,1.30108445697626,0.601283991047423,33.3877563865537,51.0347891166449,14.7976986383577,0.969,3.95608738968062,3.43920674799665,0.832442903389189,0.505112958942417
1981-07-17,0.0,541.13,17.51,17.51,1157.52,0.15965647134029404,658.41,27.06629,750.88,3.17552224503765,2.27054970568104,0.715016154973943,0.219528466253919,0.207214753166224,16.85,1.1541095890411,212.45,3.09468317552804,0,-16.0641,4.11759799833194,1.37608385686463,0.451685660266874,1.30108445697626,0.601283991047423,33.3877563865537,51.0347891166449,14.7976986383577,0.969,3.95608738968062,3.43920674799665,0.832442903389189,0.505112958942417
1981-07-18,0.59,473.41,18.8,18.8,1297.91,0.14988158533986787,658.41,27.06629,750.88,3.17552224503765,2.27054970568104,0.715016154973943,0.219528466253919,0.207214753166224,16.85,1.1541095890411,212.45,3.09468317552804,0,-16.0641,4.11759799833194,1.37608385686463,0.451685660266874,1.30108445697626,0.601283991047423,33.3877563865537,51.0347891166449,14.7976986383577,0.969,3.95608738968062,3.43920674799665,0.832442903389189,0.505112958942417
1981-07-19,12.92,374.33,20.85,20.85,1570.92,0.1433649946729171,658.41,27.06629,750.88,3.17552224503765,2.27054970568104,0.715016154973943,0.219528466253919,0.207214753166224,16.85,1.1541095890411,212.45,3.09468317552804,0,-16.0641,4.11759799833194,1.37608385686463,0.451685660266874,1.30108445697626,0.601283991047423,33.3877563865537,51.0347891166449,14.7976986383577,0.969,3.95608738968062,3.43920674799665,0.832442903389189,0.505112958942417
1981-07-20,9.99,340.8,21.5,21.5,1737.22,0.23459726401022798,658.41,27.06629,750.88,3.17552224503765,2.27054970568104,0.715016154973943,0.219528466253919,0.207214753166224,16.85,1.1541095890411,212.45,3.09468317552804,0,-16.0641,4.11759799833194,1.37608385686463,0.451685660266874,1.30108445697626,0.601283991047423,33.3877563865537,51.0347891166449,14.7976986383577,0.969,3.95608738968062,3.43920674799665,0.832442903389189,0.505112958942417
1981-07-21,8.25,266.71,20.94,20.94,1713.36,0.3877371446835713,658.41,27.06629,750.88,3.17552224503765,2.27054970568104,0.715016154973943,0.219528466253919,0.207214753166224,16.85,1.1541095890411,212.45,3.09468317552804,0,-16.0641,4.11759799833194,1.37608385686463,0.451685660266874,1.30108445697626,0.601283991047423,33.3877563865537,51.0347891166449,14.7976986383577,0.969,3.95608738968062,3.43920674799665,0.832442903389189,0.505112958942417
1981-07-22,1.71,439.75,16.91,16.91,1224.28,0.32908782868101427,658.41,27.06629,750.88,3.17552224503765,2.27054970568104,0.715016154973943,0.219528466253919,0.207214753166224,16.85,1.1541095890411,212.45,3.09468317552804,0,-16.0641,4.11759799833194,1.37608385686463,0.451685660266874,1.30108445697626,0.601283991047423,33.3877563865537,51.0347891166449,14.7976986383577,0.969,3.95608738968062,3.43920674799665,0.832442903389189,0.505112958942417
1981-07-23,0.0,549.2,12.91,12.91,889.53,0.20853090134242488,658.41,27.06629,750.88,3.17552224503765,2.27054970568104,0.715016154973943,0.219528466253919,0.207214753166224,16.85,1.1541095890411,212.45,3.09468317552804,0,-16.0641,4.11759799833194,1.37608385686463,0.451685660266874,1.30108445697626,0.601283991047423,33.3877563865537,51.0347891166449,14.7976986383577,0.969,3.95608738968062,3.43920674799665,0.832442903389189,0.505112958942417
1981-07-24,0.0,544.28,14.45,14.45,1018.47,0.17594794800767097,658.41,27.06629,750.88,3.17552224503765,2.27054970568104,0.715016154973943,0.219528466253919,0.207214753166224,16.85,1.1541095890411,212.45,3.09468317552804,0,-16.0641,4.11759799833194,1.37608385686463,0.451685660266874,1.30108445697626,0.601283991047423,33.3877563865537,51.0347891166449,14.7976986383577,0.969,3.95608738968062,3.43920674799665,0.832442903389189,0.505112958942417
1981-07-25,0.32,343.08,16.93,16.93,1377.6,0.16291476667376945,658.41,27.06629,750.88,3.17552224503765,2.27054970568104,0.715016154973943,0.219528466253919,0.207214753166224,16.85,1.1541095890411,212.45,3.09468317552804,0,-16.0641,4.11759799833194,1.37608385686463,0.451685660266874,1.30108445697626,0.601283991047423,33.3877563865537,51.0347891166449,14.7976986383577,0.969,3.95608738968062,3.43920674799665,0.832442903389189,0.505112958942417
1981-07-26,6.47,208.59,18.82,18.82,1659.04,0.1726896526741956,658.41,27.06629,750.88,3.17552224503765,2.27054970568104,0.715016154973943,0.219528466253919,0.207214753166224,16.85,1.1541095890411,212.45,3.09468317552804,0,-16.0641,4.11759799833194,1.37608385686463,0.451685660266874,1.30108445697626,0.601283991047423,33.3877563865537,51.0347891166449,14.7976986383577,0.969,3.95608738968062,3.43920674799665,0.832442903389189,0.505112958942417
1981-07-27,2.55,297.57,18.15,18.15,1507.8,0.19223942467504793,658.41,27.06629,750.88,3.17552224503765,2.27054970568104,0.715016154973943,0.219528466253919,0.207214753166224,16.85,1.1541095890411,212.45,3.09468317552804,0,-16.0641,4.11759799833194,1.37608385686463,0.451685660266874,1.30108445697626,0.601283991047423,33.3877563865537,51.0347891166449,14.7976986383577,0.969,3.95608738968062,3.43920674799665,0.832442903389189,0.505112958942417
1981-07-28,24.44,325.13,16.8,16.8,1342.45,0.46593623268698053,658.41,27.06629,750.88,3.17552224503765,2.27054970568104,0.715016154973943,0.219528466253919,0.207214753166224,16.85,1.1541095890411,212.45,3.09468317552804,0,-16.0641,4.11759799833194,1.37608385686463,0.451685660266874,1.30108445697626,0.601283991047423,33.3877563865537,51.0347891166449,14.7976986383577,0.969,3.95608738968062,3.43920674799665,0.832442903389189,0.505112958942417
1981-07-29,7.13,268.12,15.61,15.61,1252.89,1.2805100660558277,658.41,27.06629,750.88,3.17552224503765,2.27054970568104,0.715016154973943,0.219528466253919,0.207214753166224,16.85,1.1541095890411,212.45,3.09468317552804,0,-16.0641,4.11759799833194,1.37608385686463,0.451685660266874,1.30108445697626,0.601283991047423,33.3877563865537,51.0347891166449,14.7976986383577,0.969,3.95608738968062,3.43920674799665,0.832442903389189,0.505112958942417
1981-07-30,0.2,538.69,13.45,13.45,1000.31,0.4789694140208821,658.41,27.06629,750.88,3.17552224503765,2.27054970568104,0.715016154973943,0.219528466253919,0.207214753166224,16.85,1.1541095890411,212.45,3.09468317552804,0,-16.0641,4.11759799833194,1.37608385686463,0.451685660266874,1.30108445697626,0.601283991047423,33.3877563865537,51.0347891166449,14.7976986383577,0.969,3.95608738968062,3.43920674799665,0.832442903389189,0.505112958942417
1981-07-31,0.0,539.95,16.89,16.89,1139.04,0.3030214660132111,658.41,27.06629,750.88,3.17552224503765,2.27054970568104,0.715016154973943,0.219528466253919,0.207214753166224,16.85,1.1541095890411,212.45,3.09468317552804,0,-16.0641,4.11759799833194,1.37608385686463,0.451685660266874,1.30108445697626,0.601283991047423,33.3877563865537,51.0347891166449,14.7976986383577,0.969,3.95608738968062,3.43920674799665,0.832442903389189,0.505112958942417
1981-08-01,0.0,540.84,18.38,18.38,1209.35,0.23459726401022798,658.41,27.06629,750.88,3.17552224503765,2.27054970568104,0.715016154973943,0.219528466253919,0.207214753166224,16.85,1.1541095890411,212.45,3.09468317552804,0,-16.0641,4.11759799833194,1.37608385686463,0.451685660266874,1.30108445697626,0.601283991047423,33.3877563865537,51.0347891166449,14.7976986383577,0.969,3.95608738968062,3.43920674799665,0.832442903389189,0.505112958942417
1981-08-02,0.0,521.71,18.66,18.66,1304.82,0.19875601534199872,658.41,27.06629,750.88,3.17552224503765,2.27054970568104,0.715016154973943,0.219528466253919,0.207214753166224,16.85,1.1541095890411,212.45,3.09468317552804,0,-16.0641,4.11759799833194,1.37608385686463,0.451685660266874,1.30108445697626,0.601283991047423,33.3877563865537,51.0347891166449,14.7976986383577,0.969,3.95608738968062,3.43920674799665,0.832442903389189,0.505112958942417
1981-08-03,7.39,356.83,19.55,19.55,1498.88,0.19875601534199872,658.41,27.06629,750.88,3.17552224503765,2.27054970568104,0.715016154973943,0.219528466253919,0.207214753166224,16.85,1.1541095890411,212.45,3.09468317552804,0,-16.0641,4.11759799833194,1.37608385686463,0.451685660266874,1.30108445697626,0.601283991047423,33.3877563865537,51.0347891166449,14.7976986383577,0.969,3.95608738968062,3.43920674799665,0.832442903389189,0.505112958942417
1981-08-04,3.31,354.05,19.99,19.99,1575.85,0.3486376006818666,658.41,27.06629,750.88,3.17552224503765,2.27054970568104,0.715016154973943,0.219528466253919,0.207214753166224,16.85,1.1541095890411,212.45,3.09468317552804,0,-16.0641,4.11759799833194,1.37608385686463,0.451685660266874,1.30108445697626,0.601283991047423,33.3877563865537,51.0347891166449,14.7976986383577,0.969,3.95608738968062,3.43920674799665,0.832442903389189,0.505112958942417
1981-08-05,0.37,371.02,19.94,19.94,1556.47,0.26392192201150644,658.41,27.06629,750.88,3.17552224503765,2.27054970568104,0.715016154973943,0.219528466253919,0.207214753166224,16.85,1.1541095890411,212.45,3.09468317552804,0,-16.0641,4.11759799833194,1.37608385686463,0.451685660266874,1.30108445697626,0.601283991047423,33.3877563865537,51.0347891166449,14.7976986383577,0.969,3.95608738968062,3.43920674799665,0.832442903389189,0.505112958942417
1981-08-06,0.01,479.59,17.29,17.29,1268.19,0.22156408267632643,658.41,27.06629,750.88,3.17552224503765,2.27054970568104,0.715016154973943,0.219528466253919,0.207214753166224,16.85,1.1541095890411,212.45,3.09468317552804,0,-16.0641,4.11759799833194,1.37608385686463,0.451685660266874,1.30108445697626,0.601283991047423,33.3877563865537,51.0347891166449,14.7976986383577,0.969,3.95608738968062,3.43920674799665,0.832442903389189,0.505112958942417
1981-08-07,12.52,392.2,18.0,18.0,1312.85,0.18898112934157255,658.41,27.06629,750.88,3.17552224503765,2.27054970568104,0.715016154973943,0.219528466253919,0.207214753166224,16.85,1.1541095890411,212.45,3.09468317552804,0,-16.0641,4.11759799833194,1.37608385686463,0.451685660266874,1.30108445697626,0.601283991047423,33.3877563865537,51.0347891166449,14.7976986383577,0.969,3.95608738968062,3.43920674799665,0.832442903389189,0.505112958942417
1981-08-08,4.27,350.69,19.1,19.1,1470.73,0.2802133986788834,658.41,27.06629,750.88,3.17552224503765,2.27054970568104,0.715016154973943,0.219528466253919,0.207214753166224,16.85,1.1541095890411,212.45,3.09468317552804,0,-16.0641,4.11759799833194,1.37608385686463,0.451685660266874,1.30108445697626,0.601283991047423,33.3877563865537,51.0347891166449,14.7976986383577,0.969,3.95608738968062,3.43920674799665,0.832442903389189,0.505112958942417
1981-08-09,0.44,351.64,18.92,18.92,1486.05,0.2606636266780311,658.41,27.06629,750.88,3.17552224503765,2.27054970568104,0.715016154973943,0.219528466253919,0.207214753166224,16.85,1.1541095890411,212.45,3.09468317552804,0,-16.0641,4.11759799833194,1.37608385686463,0.451685660266874,1.30108445697626,0.601283991047423,33.3877563865537,51.0347891166449,14.7976986383577,0.969,3.95608738968062,3.43920674799665,0.832442903389189,0.505112958942417
1981-08-10,0.05,486.29,18.77,18.77,1406.73,0.2020143106754741,658.41,27.06629,750.88,3.17552224503765,2.27054970568104,0.715016154973943,0.219528466253919,0.207214753166224,16.85,1.1541095890411,212.45,3.09468317552804,0,-16.0641,4.11759799833194,1.37608385686463,0.451685660266874,1.30108445697626,0.601283991047423,33.3877563865537,51.0347891166449,14.7976986383577,0.969,3.95608738968062,3.43920674799665,0.832442903389189,0.505112958942417
1981-08-11,4.08,340.48,19.67,19.67,1478.27,0.18572283400809714,658.41,27.06629,750.88,3.17552224503765,2.27054970568104,0.715016154973943,0.219528466253919,0.207214753166224,16.85,1.1541095890411,212.45,3.09468317552804,0,-16.0641,4.11759799833194,1.37608385686463,0.451685660266874,1.30108445697626,0.601283991047423,33.3877563865537,51.0347891166449,14.7976986383577,0.969,3.95608738968062,3.43920674799665,0.832442903389189,0.505112958942417
1981-08-12,1.07,501.45,17.43,17.43,1217.8,0.18898112934157255,658.41,27.06629,750.88,3.17552224503765,2.27054970568104,0.715016154973943,0.219528466253919,0.207214753166224,16.85,1.1541095890411,212.45,3.09468317552804,0,-16.0641,4.11759799833194,1.37608385686463,0.451685660266874,1.30108445697626,0.601283991047423,33.3877563865537,51.0347891166449,14.7976986383577,0.969,3.95608738968062,3.43920674799665,0.832442903389189,0.505112958942417
1981-08-13,0.34,485.21,16.59,16.59,1153.29,0.1694313573407202,658.41,27.06629,750.88,3.17552224503765,2.27054970568104,0.715016154973943,0.219528466253919,0.207214753166224,16.85,1.1541095890411,212.45,3.09468317552804,0,-16.0641,4.11759799833194,1.37608385686463,0.451685660266874,1.30108445697626,0.601283991047423,33.3877563865537,51.0347891166449,14.7976986383577,0.969,3.95608738968062,3.43920674799665,0.832442903389189,0.505112958942417
1981-08-14,0.54,360.24,19.17,19.17,1468.77,0.15965647134029404,658.41,27.06629,750.88,3.17552224503765,2.27054970568104,0.715016154973943,0.219528466253919,0.207214753166224,16.85,1.1541095890411,212.45,3.09468317552804,0,-16.0641,4.11759799833194,1.37608385686463,0.451685660266874,1.30108445697626,0.601283991047423,33.3877563865537,51.0347891166449,14.7976986383577,0.969,3.95608738968062,3.43920674799665,0.832442903389189,0.505112958942417
1981-08-15,6.3,258.93,20.12,20.12,1673.44,0.16617306200724483,658.41,27.06629,750.88,3.17552224503765,2.27054970568104,0.715016154973943,0.219528466253919,0.207214753166224,16.85,1.1541095890411,212.45,3.09468317552804,0,-16.0641,4.11759799833194,1.37608385686463,0.451685660266874,1.30108445697626,0.601283991047423,33.3877563865537,51.0347891166449,14.7976986383577,0.969,3.95608738968062,3.43920674799665,0.832442903389189,0.505112958942417
1981-08-16,1.65,250.91,17.19,17.19,1399.54,0.20853090134242488,658.41,27.06629,750.88,3.17552224503765,2.27054970568104,0.715016154973943,0.219528466253919,0.207214753166224,16.85,1.1541095890411,212.45,3.09468317552804,0,-16.0641,4.11759799833194,1.37608385686463,0.451685660266874,1.30108445697626,0.601283991047423,33.3877563865537,51.0347891166449,14.7976986383577,0.969,3.95608738968062,3.43920674799665,0.832442903389189,0.505112958942417
1981-08-17,0.01,530.0,12.2,12.2,865.01,0.17920624334114638,658.41,27.06629,750.88,3.17552224503765,2.27054970568104,0.715016154973943,0.219528466253919,0.207214753166224,16.85,1.1541095890411,212.45,3.09468317552804,0,-16.0641,4.11759799833194,1.37608385686463,0.451685660266874,1.30108445697626,0.601283991047423,33.3877563865537,51.0347891166449,14.7976986383577,0.969,3.95608738968062,3.43920674799665,0.832442903389189,0.505112958942417
1981-08-18,0.0,547.51,12.27,12.27,796.33,0.1466232900063925,658.41,27.06629,750.88,3.17552224503765,2.27054970568104,0.715016154973943,0.219528466253919,0.207214753166224,16.85,1.1541095890411,212.45,3.09468317552804,0,-16.0641,4.11759799833194,1.37608385686463,0.451685660266874,1.30108445697626,0.601283991047423,33.3877563865537,51.0347891166449,14.7976986383577,0.969,3.95608738968062,3.43920674799665,0.832442903389189,0.505112958942417
1981-08-19,0.0,542.17,14.12,14.12,877.77,0.13359010867249094,658.41,27.06629,750.88,3.17552224503765,2.27054970568104,0.715016154973943,0.219528466253919,0.207214753166224,16.85,1.1541095890411,212.45,3.09468317552804,0,-16.0641,4.11759799833194,1.37608385686463,0.451685660266874,1.30108445697626,0.601283991047423,33.3877563865537,51.0347891166449,14.7976986383577,0.969,3.95608738968062,3.43920674799665,0.832442903389189,0.505112958942417
1981-08-20,0.0,531.96,15.64,15.64,963.38,0.12707351800554018,658.41,27.06629,750.88,3.17552224503765,2.27054970568104,0.715016154973943,0.219528466253919,0.207214753166224,16.85,1.1541095890411,212.45,3.09468317552804,0,-16.0641,4.11759799833194,1.37608385686463,0.451685660266874,1.30108445697626,0.601283991047423,33.3877563865537,51.0347891166449,14.7976986383577,0.969,3.95608738968062,3.43920674799665,0.832442903389189,0.505112958942417
1981-08-21,0.0,529.25,15.67,15.67,1019.5,0.11729863200511399,658.41,27.06629,750.88,3.17552224503765,2.27054970568104,0.715016154973943,0.219528466253919,0.207214753166224,16.85,1.1541095890411,212.45,3.09468317552804,0,-16.0641,4.11759799833194,1.37608385686463,0.451685660266874,1.30108445697626,0.601283991047423,33.3877563865537,51.0347891166449,14.7976986383577,0.969,3.95608738968062,3.43920674799665,0.832442903389189,0.505112958942417
1981-08-22,0.0,488.85,17.99,17.99,1224.66,0.11404033667163861,658.41,27.06629,750.88,3.17552224503765,2.27054970568104,0.715016154973943,0.219528466253919,0.207214753166224,16.85,1.1541095890411,212.45,3.09468317552804,0,-16.0641,4.11759799833194,1.37608385686463,0.451685660266874,1.30108445697626,0.601283991047423,33.3877563865537,51.0347891166449,14.7976986383577,0.969,3.95608738968062,3.43920674799665,0.832442903389189,0.505112958942417
1981-08-23,0.74,378.55,17.46,17.46,1212.07,0.10752374600468782,658.41,27.06629,750.88,3.17552224503765,2.27054970568104,0.715016154973943,0.219528466253919,0.207214753166224,16.85,1.1541095890411,212.45,3.09468317552804,0,-16.0641,4.11759799833194,1.37608385686463,0.451685660266874,1.30108445697626,0.601283991047423,33.3877563865537,51.0347891166449,14.7976986383577,0.969,3.95608738968062,3.43920674799665,0.832442903389189,0.505112958942417
1981-08-24,0.5,349.25,16.76,16.76,1230.04,0.10426545067121244,658.41,27.06629,750.88,3.17552224503765,2.27054970568104,0.715016154973943,0.219528466253919,0.207214753166224,16.85,1.1541095890411,212.45,3.09468317552804,0,-16.0641,4.11759799833194,1.37608385686463,0.451685660266874,1.30108445697626,0.601283991047423,33.3877563865537,51.0347891166449,14.7976986383577,0.969,3.95608738968062,3.43920674799665,0.832442903389189,0.505112958942417
1981-08-25,0.09,404.5,16.57,16.57,1203.85,0.10752374600468782,658.41,27.06629,750.88,3.17552224503765,2.27054970568104,0.715016154973943,0.219528466253919,0.207214753166224,16.85,1.1541095890411,212.45,3.09468317552804,0,-16.0641,4.11759799833194,1.37608385686463,0.451685660266874,1.30108445697626,0.601283991047423,33.3877563865537,51.0347891166449,14.7976986383577,0.969,3.95608738968062,3.43920674799665,0.832442903389189,0.505112958942417
1981-08-26,0.0,521.25,14.19,14.19,979.7,0.10426545067121244,658.41,27.06629,750.88,3.17552224503765,2.27054970568104,0.715016154973943,0.219528466253919,0.207214753166224,16.85,1.1541095890411,212.45,3.09468317552804,0,-16.0641,4.11759799833194,1.37608385686463,0.451685660266874,1.30108445697626,0.601283991047423,33.3877563865537,51.0347891166449,14.7976986383577,0.969,3.95608738968062,3.43920674799665,0.832442903389189,0.505112958942417
1981-08-27,0.26,363.37,17.03,17.03,1231.71,0.10100715533773705,658.41,27.06629,750.88,3.17552224503765,2.27054970568104,0.715016154973943,0.219528466253919,0.207214753166224,16.85,1.1541095890411,212.45,3.09468317552804,0,-16.0641,4.11759799833194,1.37608385686463,0.451685660266874,1.30108445697626,0.601283991047423,33.3877563865537,51.0347891166449,14.7976986383577,0.969,3.95608738968062,3.43920674799665,0.832442903389189,0.505112958942417
1981-08-28,2.19,320.02,18.31,18.31,1427.16,0.09774886000426165,658.41,27.06629,750.88,3.17552224503765,2.27054970568104,0.715016154973943,0.219528466253919,0.207214753166224,16.85,1.1541095890411,212.45,3.09468317552804,0,-16.0641,4.11759799833194,1.37608385686463,0.451685660266874,1.30108445697626,0.601283991047423,33.3877563865537,51.0347891166449,14.7976986383577,0.969,3.95608738968062,3.43920674799665,0.832442903389189,0.505112958942417
1981-08-29,1.52,291.69,18.7,18.7,1532.67,0.10426545067121244,658.41,27.06629,750.88,3.17552224503765,2.27054970568104,0.715016154973943,0.219528466253919,0.207214753166224,16.85,1.1541095890411,212.45,3.09468317552804,0,-16.0641,4.11759799833194,1.37608385686463,0.451685660266874,1.30108445697626,0.601283991047423,33.3877563865537,51.0347891166449,14.7976986383577,0.969,3.95608738968062,3.43920674799665,0.832442903389189,0.505112958942417
1981-08-30,1.04,299.85,19.41,19.41,1583.79,0.10100715533773705,658.41,27.06629,750.88,3.17552224503765,2.27054970568104,0.715016154973943,0.219528466253919,0.207214753166224,16.85,1.1541095890411,212.45,3.09468317552804,0,-16.0641,4.11759799833194,1.37608385686463,0.451685660266874,1.30108445697626,0.601283991047423,33.3877563865537,51.0347891166449,14.7976986383577,0.969,3.95608738968062,3.43920674799665,0.832442903389189,0.505112958942417
1981-08-31,0.24,335.95,18.97,18.97,1589.88,0.10100715533773705,658.41,27.06629,750.88,3.17552224503765,2.27054970568104,0.715016154973943,0.219528466253919,0.207214753166224,16.85,1.1541095890411,212.45,3.09468317552804,0,-16.0641,4.11759799833194,1.37608385686463,0.451685660266874,1.30108445697626,0.601283991047423,33.3877563865537,51.0347891166449,14.7976986383577,0.969,3.95608738968062,3.43920674799665,0.832442903389189,0.505112958942417
1981-09-01,2.06,213.69,18.74,18.74,1692.03,0.10426545067121244,658.41,27.06629,750.88,3.17552224503765,2.27054970568104,0.715016154973943,0.219528466253919,0.207214753166224,16.85,1.1541095890411,212.45,3.09468317552804,0,-16.0641,4.11759799833194,1.37608385686463,0.451685660266874,1.30108445697626,0.601283991047423,33.3877563865537,51.0347891166449,14.7976986383577,0.969,3.95608738968062,3.43920674799665,0.832442903389189,0.505112958942417
1981-09-02,14.39,138.01,18.87,18.87,1796.29,0.13033181333901556,658.41,27.06629,750.88,3.17552224503765,2.27054970568104,0.715016154973943,0.219528466253919,0.207214753166224,16.85,1.1541095890411,212.45,3.09468317552804,0,-16.0641,4.11759799833194,1.37608385686463,0.451685660266874,1.30108445697626,0.601283991047423,33.3877563865537,51.0347891166449,14.7976986383577,0.969,3.95608738968062,3.43920674799665,0.832442903389189,0.505112958942417
1981-09-03,7.47,103.12,18.04,18.04,1748.0,0.19875601534199872,658.41,27.06629,750.88,3.17552224503765,2.27054970568104,0.715016154973943,0.219528466253919,0.207214753166224,16.85,1.1541095890411,212.45,3.09468317552804,0,-16.0641,4.11759799833194,1.37608385686463,0.451685660266874,1.30108445697626,0.601283991047423,33.3877563865537,51.0347891166449,14.7976986383577,0.969,3.95608738968062,3.43920674799665,0.832442903389189,0.505112958942417
1981-09-04,11.87,150.66,16.59,16.59,1557.31,0.16617306200724483,658.41,27.06629,750.88,3.17552224503765,2.27054970568104,0.715016154973943,0.219528466253919,0.207214753166224,16.85,1.1541095890411,212.45,3.09468317552804,0,-16.0641,4.11759799833194,1.37608385686463,0.451685660266874,1.30108445697626,0.601283991047423,33.3877563865537,51.0347891166449,14.7976986383577,0.969,3.95608738968062,3.43920674799665,0.832442903389189,0.505112958942417
1981-09-05,6.47,196.59,15.56,15.56,1468.06,0.26392192201150644,658.41,27.06629,750.88,3.17552224503765,2.27054970568104,0.715016154973943,0.219528466253919,0.207214753166224,16.85,1.1541095890411,212.45,3.09468317552804,0,-16.0641,4.11759799833194,1.37608385686463,0.451685660266874,1.30108445697626,0.601283991047423,33.3877563865537,51.0347891166449,14.7976986383577,0.969,3.95608738968062,3.43920674799665,0.832442903389189,0.505112958942417
1981-09-06,1.56,208.95,17.66,17.66,1624.84,0.24763044534412954,658.41,27.06629,750.88,3.17552224503765,2.27054970568104,0.715016154973943,0.219528466253919,0.207214753166224,16.85,1.1541095890411,212.45,3.09468317552804,0,-16.0641,4.11759799833194,1.37608385686463,0.451685660266874,1.30108445697626,0.601283991047423,33.3877563865537,51.0347891166449,14.7976986383577,0.969,3.95608738968062,3.43920674799665,0.832442903389189,0.505112958942417
1981-09-07,2.77,256.59,18.66,18.66,1617.2,0.19875601534199872,658.41,27.06629,750.88,3.17552224503765,2.27054970568104,0.715016154973943,0.219528466253919,0.207214753166224,16.85,1.1541095890411,212.45,3.09468317552804,0,-16.0641,4.11759799833194,1.37608385686463,0.451685660266874,1.30108445697626,0.601283991047423,33.3877563865537,51.0347891166449,14.7976986383577,0.969,3.95608738968062,3.43920674799665,0.832442903389189,0.505112958942417
1981-09-08,9.06,256.42,17.71,17.71,1421.36,0.3127963520136373,658.41,27.06629,750.88,3.17552224503765,2.27054970568104,0.715016154973943,0.219528466253919,0.207214753166224,16.85,1.1541095890411,212.45,3.09468317552804,0,-16.0641,4.11759799833194,1.37608385686463,0.451685660266874,1.30108445697626,0.601283991047423,33.3877563865537,51.0347891166449,14.7976986383577,0.969,3.95608738968062,3.43920674799665,0.832442903389189,0.505112958942417
1981-09-09,2.23,397.94,12.07,12.07,940.39,0.6516590666950778,658.41,27.06629,750.88,3.17552224503765,2.27054970568104,0.715016154973943,0.219528466253919,0.207214753166224,16.85,1.1541095890411,212.45,3.09468317552804,0,-16.0641,4.11759799833194,1.37608385686463,0.451685660266874,1.30108445697626,0.601283991047423,33.3877563865537,51.0347891166449,14.7976986383577,0.969,3.95608738968062,3.43920674799665,0.832442903389189,0.505112958942417
1981-09-10,0.01,490.35,10.58,10.58,838.84,0.3030214660132111,658.41,27.06629,750.88,3.17552224503765,2.27054970568104,0.715016154973943,0.219528466253919,0.207214753166224,16.85,1.1541095890411,212.45,3.09468317552804,0,-16.0641,4.11759799833194,1.37608385686463,0.451685660266874,1.30108445697626,0.601283991047423,33.3877563865537,51.0347891166449,14.7976986383577,0.969,3.95608738968062,3.43920674799665,0.832442903389189,0.505112958942417
1981-09-11,0.0,435.73,15.15,15.15,1161.81,0.22808067334327722,658.41,27.06629,750.88,3.17552224503765,2.27054970568104,0.715016154973943,0.219528466253919,0.207214753166224,16.85,1.1541095890411,212.45,3.09468317552804,0,-16.0641,4.11759799833194,1.37608385686463,0.451685660266874,1.30108445697626,0.601283991047423,33.3877563865537,51.0347891166449,14.7976986383577,0.969,3.95608738968062,3.43920674799665,0.832442903389189,0.505112958942417
1981-09-12,0.0,381.33,17.32,17.32,1295.97,0.20527260600894948,658.41,27.06629,750.88,3.17552224503765,2.27054970568104,0.715016154973943,0.219528466253919,0.207214753166224,16.85,1.1541095890411,212.45,3.09468317552804,0,-16.0641,4.11759799833194,1.37608385686463,0.451685660266874,1.30108445697626,0.601283991047423,33.3877563865537,51.0347891166449,14.7976986383577,0.969,3.95608738968062,3.43920674799665,0.832442903389189,0.505112958942417
1981-09-13,2.53,360.25,15.01,15.01,1071.29,0.18572283400809714,658.41,27.06629,750.88,3.17552224503765,2.27054970568104,0.715016154973943,0.219528466253919,0.207214753166224,16.85,1.1541095890411,212.45,3.09468317552804,0,-16.0641,4.11759799833194,1.37608385686463,0.451685660266874,1.30108445697626,0.601283991047423,33.3877563865537,51.0347891166449,14.7976986383577,0.969,3.95608738968062,3.43920674799665,0.832442903389189,0.505112958942417
1981-09-14,1.56,328.52,18.11,18.11,1320.65,0.18898112934157255,658.41,27.06629,750.88,3.17552224503765,2.27054970568104,0.715016154973943,0.219528466253919,0.207214753166224,16.85,1.1541095890411,212.45,3.09468317552804,0,-16.0641,4.11759799833194,1.37608385686463,0.451685660266874,1.30108445697626,0.601283991047423,33.3877563865537,51.0347891166449,14.7976986383577,0.969,3.95608738968062,3.43920674799665,0.832442903389189,0.505112958942417
1981-09-15,0.29,304.54,17.45,17.45,1320.62,0.17594794800767097,658.41,27.06629,750.88,3.17552224503765,2.27054970568104,0.715016154973943,0.219528466253919,0.207214753166224,16.85,1.1541095890411,212.45,3.09468317552804,0,-16.0641,4.11759799833194,1.37608385686463,0.451685660266874,1.30108445697626,0.601283991047423,33.3877563865537,51.0347891166449,14.7976986383577,0.969,3.95608738968062,3.43920674799665,0.832442903389189,0.505112958942417
1981-09-16,1.37,302.73,13.77,13.77,1087.49,0.15965647134029404,658.41,27.06629,750.88,3.17552224503765,2.27054970568104,0.715016154973943,0.219528466253919,0.207214753166224,16.85,1.1541095890411,212.45,3.09468317552804,0,-16.0641,4.11759799833194,1.37608385686463,0.451685660266874,1.30108445697626,0.601283991047423,33.3877563865537,51.0347891166449,14.7976986383577,0.969,3.95608738968062,3.43920674799665,0.832442903389189,0.505112958942417
1981-09-17,0.37,376.08,13.35,13.35,1029.8,0.15313988067334328,658.41,27.06629,750.88,3.17552224503765,2.27054970568104,0.715016154973943,0.219528466253919,0.207214753166224,16.85,1.1541095890411,212.45,3.09468317552804,0,-16.0641,4.11759799833194,1.37608385686463,0.451685660266874,1.30108445697626,0.601283991047423,33.3877563865537,51.0347891166449,14.7976986383577,0.969,3.95608738968062,3.43920674799665,0.832442903389189,0.505112958942417
1981-09-18,0.0,435.64,11.53,11.53,865.0,0.1433649946729171,658.41,27.06629,750.88,3.17552224503765,2.27054970568104,0.715016154973943,0.219528466253919,0.207214753166224,16.85,1.1541095890411,212.45,3.09468317552804,0,-16.0641,4.11759799833194,1.37608385686463,0.451685660266874,1.30108445697626,0.601283991047423,33.3877563865537,51.0347891166449,14.7976986383577,0.969,3.95608738968062,3.43920674799665,0.832442903389189,0.505112958942417
1981-09-19,1.91,336.94,9.63,9.63,773.39,0.13684840400596632,658.41,27.06629,750.88,3.17552224503765,2.27054970568104,0.715016154973943,0.219528466253919,0.207214753166224,16.85,1.1541095890411,212.45,3.09468317552804,0,-16.0641,4.11759799833194,1.37608385686463,0.451685660266874,1.30108445697626,0.601283991047423,33.3877563865537,51.0347891166449,14.7976986383577,0.969,3.95608738968062,3.43920674799665,0.832442903389189,0.505112958942417
1981-09-20,0.72,344.0,9.77,9.77,789.94,0.13684840400596632,658.41,27.06629,750.88,3.17552224503765,2.27054970568104,0.715016154973943,0.219528466253919,0.207214753166224,16.85,1.1541095890411,212.45,3.09468317552804,0,-16.0641,4.11759799833194,1.37608385686463,0.451685660266874,1.30108445697626,0.601283991047423,33.3877563865537,51.0347891166449,14.7976986383577,0.969,3.95608738968062,3.43920674799665,0.832442903389189,0.505112958942417
1981-09-21,6.35,335.88,7.44,7.44,696.48,0.13359010867249094,658.41,27.06629,750.88,3.17552224503765,2.27054970568104,0.715016154973943,0.219528466253919,0.207214753166224,16.85,1.1541095890411,212.45,3.09468317552804,0,-16.0641,4.11759799833194,1.37608385686463,0.451685660266874,1.30108445697626,0.601283991047423,33.3877563865537,51.0347891166449,14.7976986383577,0.969,3.95608738968062,3.43920674799665,0.832442903389189,0.505112958942417
1981-09-22,3.56,243.74,8.77,8.77,811.57,0.15965647134029404,658.41,27.06629,750.88,3.17552224503765,2.27054970568104,0.715016154973943,0.219528466253919,0.207214753166224,16.85,1.1541095890411,212.45,3.09468317552804,0,-16.0641,4.11759799833194,1.37608385686463,0.451685660266874,1.30108445697626,0.601283991047423,33.3877563865537,51.0347891166449,14.7976986383577,0.969,3.95608738968062,3.43920674799665,0.832442903389189,0.505112958942417
1981-09-23,0.83,261.57,7.05,7.05,744.4,0.1694313573407202,658.41,27.06629,750.88,3.17552224503765,2.27054970568104,0.715016154973943,0.219528466253919,0.207214753166224,16.85,1.1541095890411,212.45,3.09468317552804,0,-16.0641,4.11759799833194,1.37608385686463,0.451685660266874,1.30108445697626,0.601283991047423,33.3877563865537,51.0347891166449,14.7976986383577,0.969,3.95608738968062,3.43920674799665,0.832442903389189,0.505112958942417
1981-09-24,0.09,423.55,7.47,7.47,699.34,0.15639817600681866,658.41,27.06629,750.88,3.17552224503765,2.27054970568104,0.715016154973943,0.219528466253919,0.207214753166224,16.85,1.1541095890411,212.45,3.09468317552804,0,-16.0641,4.11759799833194,1.37608385686463,0.451685660266874,1.30108445697626,0.601283991047423,33.3877563865537,51.0347891166449,14.7976986383577,0.969,3.95608738968062,3.43920674799665,0.832442903389189,0.505112958942417
1981-09-25,0.05,402.72,8.77,8.77,750.08,0.1433649946729171,658.41,27.06629,750.88,3.17552224503765,2.27054970568104,0.715016154973943,0.219528466253919,0.207214753166224,16.85,1.1541095890411,212.45,3.09468317552804,0,-16.0641,4.11759799833194,1.37608385686463,0.451685660266874,1.30108445697626,0.601283991047423,33.3877563865537,51.0347891166449,14.7976986383577,0.969,3.95608738968062,3.43920674799665,0.832442903389189,0.505112958942417
1981-09-26,0.07,328.75,13.95,13.95,1102.47,0.13684840400596632,658.41,27.06629,750.88,3.17552224503765,2.27054970568104,0.715016154973943,0.219528466253919,0.207214753166224,16.85,1.1541095890411,212.45,3.09468317552804,0,-16.0641,4.11759799833194,1.37608385686463,0.451685660266874,1.30108445697626,0.601283991047423,33.3877563865537,51.0347891166449,14.7976986383577,0.969,3.95608738968062,3.43920674799665,0.832442903389189,0.505112958942417
1981-09-27,3.18,247.99,16.82,16.82,1314.26,0.13359010867249094,658.41,27.06629,750.88,3.17552224503765,2.27054970568104,0.715016154973943,0.219528466253919,0.207214753166224,16.85,1.1541095890411,212.45,3.09468317552804,0,-16.0641,4.11759799833194,1.37608385686463,0.451685660266874,1.30108445697626,0.601283991047423,33.3877563865537,51.0347891166449,14.7976986383577,0.969,3.95608738968062,3.43920674799665,0.832442903389189,0.505112958942417
1981-09-28,3.88,320.28,11.18,11.18,839.8,0.13359010867249094,658.41,27.06629,750.88,3.17552224503765,2.27054970568104,0.715016154973943,0.219528466253919,0.207214753166224,16.85,1.1541095890411,212.45,3.09468317552804,0,-16.0641,4.11759799833194,1.37608385686463,0.451685660266874,1.30108445697626,0.601283991047423,33.3877563865537,51.0347891166449,14.7976986383577,0.969,3.95608738968062,3.43920674799665,0.832442903389189,0.505112958942417
1981-09-29,0.98,391.29,5.27,5.27,565.83,0.13033181333901556,658.41,27.06629,750.88,3.17552224503765,2.27054970568104,0.715016154973943,0.219528466253919,0.207214753166224,16.85,1.1541095890411,212.45,3.09468317552804,0,-16.0641,4.11759799833194,1.37608385686463,0.451685660266874,1.30108445697626,0.601283991047423,33.3877563865537,51.0347891166449,14.7976986383577,0.969,3.95608738968062,3.43920674799665,0.832442903389189,0.505112958942417
1981-09-30,12.47,307.8,4.12,4.12,568.75,0.12707351800554018,658.41,27.06629,750.88,3.17552224503765,2.27054970568104,0.715016154973943,0.219528466253919,0.207214753166224,16.85,1.1541095890411,212.45,3.09468317552804,0,-16.0641,4.11759799833194,1.37608385686463,0.451685660266874,1.30108445697626,0.601283991047423,33.3877563865537,51.0347891166449,14.7976986383577,0.969,3.95608738968062,3.43920674799665,0.832442903389189,0.505112958942417
1981-10-01,16.4,300.83,7.44,7.44,702.06,0.5473936160238653,658.41,27.06629,750.88,3.17552224503765,2.27054970568104,0.715016154973943,0.219528466253919,0.207214753166224,16.85,1.1541095890411,212.45,3.09468317552804,0,-16.0641,4.11759799833194,1.37608385686463,0.451685660266874,1.30108445697626,0.601283991047423,33.3877563865537,51.0347891166449,14.7976986383577,0.969,3.95608738968062,3.43920674799665,0.832442903389189,0.505112958942417
1981-10-02,6.62,287.96,7.71,7.71,717.43,0.8601899680375026,658.41,27.06629,750.88,3.17552224503765,2.27054970568104,0.715016154973943,0.219528466253919,0.207214753166224,16.85,1.1541095890411,212.45,3.09468317552804,0,-16.0641,4.11759799833194,1.37608385686463,0.451685660266874,1.30108445697626,0.601283991047423,33.3877563865537,51.0347891166449,14.7976986383577,0.969,3.95608738968062,3.43920674799665,0.832442903389189,0.505112958942417
1981-10-03,1.29,218.8,5.88,5.88,669.68,0.49851918602173445,658.41,27.06629,750.88,3.17552224503765,2.27054970568104,0.715016154973943,0.219528466253919,0.207214753166224,16.85,1.1541095890411,212.45,3.09468317552804,0,-16.0641,4.11759799833194,1.37608385686463,0.451685660266874,1.30108445697626,0.601283991047423,33.3877563865537,51.0347891166449,14.7976986383577,0.969,3.95608738968062,3.43920674799665,0.832442903389189,0.505112958942417
1981-10-04,0.71,302.76,4.21,4.21,595.7,0.41706180268484977,658.41,27.06629,750.88,3.17552224503765,2.27054970568104,0.715016154973943,0.219528466253919,0.207214753166224,16.85,1.1541095890411,212.45,3.09468317552804,0,-16.0641,4.11759799833194,1.37608385686463,0.451685660266874,1.30108445697626,0.601283991047423,33.3877563865537,51.0347891166449,14.7976986383577,0.969,3.95608738968062,3.43920674799665,0.832442903389189,0.505112958942417
1981-10-05,0.33,312.23,8.74,8.74,816.13,0.3486376006818666,658.41,27.06629,750.88,3.17552224503765,2.27054970568104,0.715016154973943,0.219528466253919,0.207214753166224,16.85,1.1541095890411,212.45,3.09468317552804,0,-16.0641,4.11759799833194,1.37608385686463,0.451685660266874,1.30108445697626,0.601283991047423,33.3877563865537,51.0347891166449,14.7976986383577,0.969,3.95608738968062,3.43920674799665,0.832442903389189,0.505112958942417
1981-10-06,11.22,259.88,12.96,12.96,1015.03,0.49851918602173445,658.41,27.06629,750.88,3.17552224503765,2.27054970568104,0.715016154973943,0.219528466253919,0.207214753166224,16.85,1.1541095890411,212.45,3.09468317552804,0,-16.0641,4.11759799833194,1.37608385686463,0.451685660266874,1.30108445697626,0.601283991047423,33.3877563865537,51.0347891166449,14.7976986383577,0.969,3.95608738968062,3.43920674799665,0.832442903389189,0.505112958942417
1981-10-07,10.44,270.02,8.63,8.63,773.77,1.049171097379075,658.41,27.06629,750.88,3.17552224503765,2.27054970568104,0.715016154973943,0.219528466253919,0.207214753166224,16.85,1.1541095890411,212.45,3.09468317552804,0,-16.0641,4.11759799833194,1.37608385686463,0.451685660266874,1.30108445697626,0.601283991047423,33.3877563865537,51.0347891166449,14.7976986383577,0.969,3.95608738968062,3.43920674799665,0.832442903389189,0.505112958942417
1981-10-08,2.12,126.13,5.58,5.58,710.36,1.417358470061794,658.41,27.06629,750.88,3.17552224503765,2.27054970568104,0.715016154973943,0.219528466253919,0.207214753166224,16.85,1.1541095890411,212.45,3.09468317552804,0,-16.0641,4.11759799833194,1.37608385686463,0.451685660266874,1.30108445697626,0.601283991047423,33.3877563865537,51.0347891166449,14.7976986383577,0.969,3.95608738968062,3.43920674799665,0.832442903389189,0.505112958942417
1981-10-09,0.04,282.46,3.93,3.93,620.22,0.8895146260387811,658.41,27.06629,750.88,3.17552224503765,2.27054970568104,0.715016154973943,0.219528466253919,0.207214753166224,16.85,1.1541095890411,212.45,3.09468317552804,0,-16.0641,4.11759799833194,1.37608385686463,0.451685660266874,1.30108445697626,0.601283991047423,33.3877563865537,51.0347891166449,14.7976986383577,0.969,3.95608738968062,3.43920674799665,0.832442903389189,0.505112958942417
1981-10-10,0.0,387.76,4.43,4.43,567.58,0.6907586106967823,658.41,27.06629,750.88,3.17552224503765,2.27054970568104,0.715016154973943,0.219528466253919,0.207214753166224,16.85,1.1541095890411,212.45,3.09468317552804,0,-16.0641,4.11759799833194,1.37608385686463,0.451685660266874,1.30108445697626,0.601283991047423,33.3877563865537,51.0347891166449,14.7976986383577,0.969,3.95608738968062,3.43920674799665,0.832442903389189,0.505112958942417
1981-10-11,0.0,380.33,6.53,6.53,605.73,0.5832348646920946,658.41,27.06629,750.88,3.17552224503765,2.27054970568104,0.715016154973943,0.219528466253919,0.207214753166224,16.85,1.1541095890411,212.45,3.09468317552804,0,-16.0641,4.11759799833194,1.37608385686463,0.451685660266874,1.30108445697626,0.601283991047423,33.3877563865537,51.0347891166449,14.7976986383577,0.969,3.95608738968062,3.43920674799665,0.832442903389189,0.505112958942417
1981-10-12,0.0,396.02,5.19,5.19,514.31,0.5017774813552098,658.41,27.06629,750.88,3.17552224503765,2.27054970568104,0.715016154973943,0.219528466253919,0.207214753166224,16.85,1.1541095890411,212.45,3.09468317552804,0,-16.0641,4.11759799833194,1.37608385686463,0.451685660266874,1.30108445697626,0.601283991047423,33.3877563865537,51.0347891166449,14.7976986383577,0.969,3.95608738968062,3.43920674799665,0.832442903389189,0.505112958942417
1981-10-13,0.0,399.33,5.63,5.63,483.6,0.4366115746857021,658.41,27.06629,750.88,3.17552224503765,2.27054970568104,0.715016154973943,0.219528466253919,0.207214753166224,16.85,1.1541095890411,212.45,3.09468317552804,0,-16.0641,4.11759799833194,1.37608385686463,0.451685660266874,1.30108445697626,0.601283991047423,33.3877563865537,51.0347891166449,14.7976986383577,0.969,3.95608738968062,3.43920674799665,0.832442903389189,0.505112958942417
1981-10-14,0.0,395.08,8.26,8.26,571.02,0.39425373535052205,658.41,27.06629,750.88,3.17552224503765,2.27054970568104,0.715016154973943,0.219528466253919,0.207214753166224,16.85,1.1541095890411,212.45,3.09468317552804,0,-16.0641,4.11759799833194,1.37608385686463,0.451685660266874,1.30108445697626,0.601283991047423,33.3877563865537,51.0347891166449,14.7976986383577,0.969,3.95608738968062,3.43920674799665,0.832442903389189,0.505112958942417
1981-10-15,0.1,285.11,10.53,10.53,732.08,0.35515419134881737,658.41,27.06629,750.88,3.17552224503765,2.27054970568104,0.715016154973943,0.219528466253919,0.207214753166224,16.85,1.1541095890411,212.45,3.09468317552804,0,-16.0641,4.11759799833194,1.37608385686463,0.451685660266874,1.30108445697626,0.601283991047423,33.3877563865537,51.0347891166449,14.7976986383577,0.969,3.95608738968062,3.43920674799665,0.832442903389189,0.505112958942417
1981-10-16,0.03,341.9,9.87,9.87,737.98,0.32908782868101427,658.41,27.06629,750.88,3.17552224503765,2.27054970568104,0.715016154973943,0.219528466253919,0.207214753166224,16.85,1.1541095890411,212.45,3.09468317552804,0,-16.0641,4.11759799833194,1.37608385686463,0.451685660266874,1.30108445697626,0.601283991047423,33.3877563865537,51.0347891166449,14.7976986383577,0.969,3.95608738968062,3.43920674799665,0.832442903389189,0.505112958942417
1981-10-17,0.94,284.34,4.8,4.8,525.26,0.29976317067973574,658.41,27.06629,750.88,3.17552224503765,2.27054970568104,0.715016154973943,0.219528466253919,0.207214753166224,16.85,1.1541095890411,212.45,3.09468317552804,0,-16.0641,4.11759799833194,1.37608385686463,0.451685660266874,1.30108445697626,0.601283991047423,33.3877563865537,51.0347891166449,14.7976986383577,0.969,3.95608738968062,3.43920674799665,0.832442903389189,0.505112958942417
1981-10-18,3.79,248.57,6.55,6.55,628.98,0.30953805668016193,658.41,27.06629,750.88,3.17552224503765,2.27054970568104,0.715016154973943,0.219528466253919,0.207214753166224,16.85,1.1541095890411,212.45,3.09468317552804,0,-16.0641,4.11759799833194,1.37608385686463,0.451685660266874,1.30108445697626,0.601283991047423,33.3877563865537,51.0347891166449,14.7976986383577,0.969,3.95608738968062,3.43920674799665,0.832442903389189,0.505112958942417
1981-10-19,3.22,256.41,4.96,4.96,561.45,0.3421210100149158,658.41,27.06629,750.88,3.17552224503765,2.27054970568104,0.715016154973943,0.219528466253919,0.207214753166224,16.85,1.1541095890411,212.45,3.09468317552804,0,-16.0641,4.11759799833194,1.37608385686463,0.451685660266874,1.30108445697626,0.601283991047423,33.3877563865537,51.0347891166449,14.7976986383577,0.969,3.95608738968062,3.43920674799665,0.832442903389189,0.505112958942417
1981-10-20,0.61,358.37,3.92,3.92,524.29,0.3258295333475389,658.41,27.06629,750.88,3.17552224503765,2.27054970568104,0.715016154973943,0.219528466253919,0.207214753166224,16.85,1.1541095890411,212.45,3.09468317552804,0,-16.0641,4.11759799833194,1.37608385686463,0.451685660266874,1.30108445697626,0.601283991047423,33.3877563865537,51.0347891166449,14.7976986383577,0.969,3.95608738968062,3.43920674799665,0.832442903389189,0.505112958942417
1981-10-21,0.0,325.45,8.63,8.63,742.26,0.2867299893458342,658.41,27.06629,750.88,3.17552224503765,2.27054970568104,0.715016154973943,0.219528466253919,0.207214753166224,16.85,1.1541095890411,212.45,3.09468317552804,0,-16.0641,4.11759799833194,1.37608385686463,0.451685660266874,1.30108445697626,0.601283991047423,33.3877563865537,51.0347891166449,14.7976986383577,0.969,3.95608738968062,3.43920674799665,0.832442903389189,0.505112958942417
1981-10-22,6.64,250.55,9.44,9.44,768.4,0.26392192201150644,658.41,27.06629,750.88,3.17552224503765,2.27054970568104,0.715016154973943,0.219528466253919,0.207214753166224,16.85,1.1541095890411,212.45,3.09468317552804,0,-16.0641,4.11759799833194,1.37608385686463,0.451685660266874,1.30108445697626,0.601283991047423,33.3877563865537,51.0347891166449,14.7976986383577,0.969,3.95608738968062,3.43920674799665,0.832442903389189,0.505112958942417
1981-10-23,4.54,237.07,8.1,8.1,679.44,0.5278438440230129,658.41,27.06629,750.88,3.17552224503765,2.27054970568104,0.715016154973943,0.219528466253919,0.207214753166224,16.85,1.1541095890411,212.45,3.09468317552804,0,-16.0641,4.11759799833194,1.37608385686463,0.451685660266874,1.30108445697626,0.601283991047423,33.3877563865537,51.0347891166449,14.7976986383577,0.969,3.95608738968062,3.43920674799665,0.832442903389189,0.505112958942417
1981-10-24,0.75,255.64,1.19,1.19,451.69,0.5148106626891115,658.41,27.06629,750.88,3.17552224503765,2.27054970568104,0.715016154973943,0.219528466253919,0.207214753166224,16.85,1.1541095890411,212.45,3.09468317552804,0,-16.0641,4.11759799833194,1.37608385686463,0.451685660266874,1.30108445697626,0.601283991047423,33.3877563865537,51.0347891166449,14.7976986383577,0.969,3.95608738968062,3.43920674799665,0.832442903389189,0.505112958942417
1981-10-25,1.76,281.44,0.94,0.94,457.33,0.4007703260174728,658.41,27.06629,750.88,3.17552224503765,2.27054970568104,0.715016154973943,0.219528466253919,0.207214753166224,16.85,1.1541095890411,212.45,3.09468317552804,0,-16.0641,4.11759799833194,1.37608385686463,0.451685660266874,1.30108445697626,0.601283991047423,33.3877563865537,51.0347891166449,14.7976986383577,0.969,3.95608738968062,3.43920674799665,0.832442903389189,0.505112958942417
1981-10-26,30.66,162.91,7.22,7.22,807.21,0.41054521201789895,658.41,27.06629,750.88,3.17552224503765,2.27054970568104,0.715016154973943,0.219528466253919,0.207214753166224,16.85,1.1541095890411,212.45,3.09468317552804,0,-16.0641,4.11759799833194,1.37608385686463,0.451685660266874,1.30108445697626,0.601283991047423,33.3877563865537,51.0347891166449,14.7976986383577,0.969,3.95608738968062,3.43920674799665,0.832442903389189,0.505112958942417
1981-10-27,46.6,159.4,11.49,11.49,1062.61,13.587091540592372,658.41,27.06629,750.88,3.17552224503765,2.27054970568104,0.715016154973943,0.219528466253919,0.207214753166224,16.85,1.1541095890411,212.45,3.09468317552804,0,-16.0641,4.11759799833194,1.37608385686463,0.451685660266874,1.30108445697626,0.601283991047423,33.3877563865537,51.0347891166449,14.7976986383577,0.969,3.95608738968062,3.43920674799665,0.832442903389189,0.505112958942417
1981-10-28,11.18,199.4,10.14,10.14,902.65,24.078802514383124,658.41,27.06629,750.88,3.17552224503765,2.27054970568104,0.715016154973943,0.219528466253919,0.207214753166224,16.85,1.1541095890411,212.45,3.09468317552804,0,-16.0641,4.11759799833194,1.37608385686463,0.451685660266874,1.30108445697626,0.601283991047423,33.3877563865537,51.0347891166449,14.7976986383577,0.969,3.95608738968062,3.43920674799665,0.832442903389189,0.505112958942417
1981-10-29,0.27,260.24,6.25,6.25,691.02,5.995263413594715,658.41,27.06629,750.88,3.17552224503765,2.27054970568104,0.715016154973943,0.219528466253919,0.207214753166224,16.85,1.1541095890411,212.45,3.09468317552804,0,-16.0641,4.11759799833194,1.37608385686463,0.451685660266874,1.30108445697626,0.601283991047423,33.3877563865537,51.0347891166449,14.7976986383577,0.969,3.95608738968062,3.43920674799665,0.832442903389189,0.505112958942417
1981-10-30,0.0,298.01,5.78,5.78,638.21,3.5841248668229277,658.41,27.06629,750.88,3.17552224503765,2.27054970568104,0.715016154973943,0.219528466253919,0.207214753166224,16.85,1.1541095890411,212.45,3.09468317552804,0,-16.0641,4.11759799833194,1.37608385686463,0.451685660266874,1.30108445697626,0.601283991047423,33.3877563865537,51.0347891166449,14.7976986383577,0.969,3.95608738968062,3.43920674799665,0.832442903389189,0.505112958942417
1981-10-31,0.0,308.55,5.94,5.94,626.98,2.6261860387811633,658.41,27.06629,750.88,3.17552224503765,2.27054970568104,0.715016154973943,0.219528466253919,0.207214753166224,16.85,1.1541095890411,212.45,3.09468317552804,0,-16.0641,4.11759799833194,1.37608385686463,0.451685660266874,1.30108445697626,0.601283991047423,33.3877563865537,51.0347891166449,14.7976986383577,0.969,3.95608738968062,3.43920674799665,0.832442903389189,0.505112958942417
1981-11-01,0.0,298.3,7.98,7.98,712.61,2.0755341274238224,658.41,27.06629,750.88,3.17552224503765,2.27054970568104,0.715016154973943,0.219528466253919,0.207214753166224,16.85,1.1541095890411,212.45,3.09468317552804,0,-16.0641,4.11759799833194,1.37608385686463,0.451685660266874,1.30108445697626,0.601283991047423,33.3877563865537,51.0347891166449,14.7976986383577,0.969,3.95608738968062,3.43920674799665,0.832442903389189,0.505112958942417
1981-11-02,0.0,306.13,8.62,8.62,690.44,1.7138633454080545,658.41,27.06629,750.88,3.17552224503765,2.27054970568104,0.715016154973943,0.219528466253919,0.207214753166224,16.85,1.1541095890411,212.45,3.09468317552804,0,-16.0641,4.11759799833194,1.37608385686463,0.451685660266874,1.30108445697626,0.601283991047423,33.3877563865537,51.0347891166449,14.7976986383577,0.969,3.95608738968062,3.43920674799665,0.832442903389189,0.505112958942417
1981-11-03,0.0,319.57,6.35,6.35,548.45,1.423875060728745,658.41,27.06629,750.88,3.17552224503765,2.27054970568104,0.715016154973943,0.219528466253919,0.207214753166224,16.85,1.1541095890411,212.45,3.09468317552804,0,-16.0641,4.11759799833194,1.37608385686463,0.451685660266874,1.30108445697626,0.601283991047423,33.3877563865537,51.0347891166449,14.7976986383577,0.969,3.95608738968062,3.43920674799665,0.832442903389189,0.505112958942417
1981-11-04,0.0,312.19,7.13,7.13,577.51,1.2283773407202214,658.41,27.06629,750.88,3.17552224503765,2.27054970568104,0.715016154973943,0.219528466253919,0.207214753166224,16.85,1.1541095890411,212.45,3.09468317552804,0,-16.0641,4.11759799833194,1.37608385686463,0.451685660266874,1.30108445697626,0.601283991047423,33.3877563865537,51.0347891166449,14.7976986383577,0.969,3.95608738968062,3.43920674799665,0.832442903389189,0.505112958942417
1981-11-05,9.89,230.89,7.97,7.97,624.68,1.1110787087151075,658.41,27.06629,750.88,3.17552224503765,2.27054970568104,0.715016154973943,0.219528466253919,0.207214753166224,16.85,1.1541095890411,212.45,3.09468317552804,0,-16.0641,4.11759799833194,1.37608385686463,0.451685660266874,1.30108445697626,0.601283991047423,33.3877563865537,51.0347891166449,14.7976986383577,0.969,3.95608738968062,3.43920674799665,0.832442903389189,0.505112958942417
1981-11-06,5.48,218.5,7.74,7.74,626.84,2.38833047943746,658.41,27.06629,750.88,3.17552224503765,2.27054970568104,0.715016154973943,0.219528466253919,0.207214753166224,16.85,1.1541095890411,212.45,3.09468317552804,0,-16.0641,4.11759799833194,1.37608385686463,0.451685660266874,1.30108445697626,0.601283991047423,33.3877563865537,51.0347891166449,14.7976986383577,0.969,3.95608738968062,3.43920674799665,0.832442903389189,0.505112958942417
1981-11-07,0.81,187.79,2.19,2.19,479.6,1.678022096739825,658.41,27.06629,750.88,3.17552224503765,2.27054970568104,0.715016154973943,0.219528466253919,0.207214753166224,16.85,1.1541095890411,212.45,3.09468317552804,0,-16.0641,4.11759799833194,1.37608385686463,0.451685660266874,1.30108445697626,0.601283991047423,33.3877563865537,51.0347891166449,14.7976986383577,0.969,3.95608738968062,3.43920674799665,0.832442903389189,0.505112958942417
1981-11-08,0.01,282.18,1.99,1.99,470.94,1.3782589260600893,658.41,27.06629,750.88,3.17552224503765,2.27054970568104,0.715016154973943,0.219528466253919,0.207214753166224,16.85,1.1541095890411,212.45,3.09468317552804,0,-16.0641,4.11759799833194,1.37608385686463,0.451685660266874,1.30108445697626,0.601283991047423,33.3877563865537,51.0347891166449,14.7976986383577,0.969,3.95608738968062,3.43920674799665,0.832442903389189,0.505112958942417
1981-11-09,0.0,262.75,3.86,3.86,501.29,1.2283773407202214,658.41,27.06629,750.88,3.17552224503765,2.27054970568104,0.715016154973943,0.219528466253919,0.207214753166224,16.85,1.1541095890411,212.45,3.09468317552804,0,-16.0641,4.11759799833194,1.37608385686463,0.451685660266874,1.30108445697626,0.601283991047423,33.3877563865537,51.0347891166449,14.7976986383577,0.969,3.95608738968062,3.43920674799665,0.832442903389189,0.505112958942417
1981-11-10,0.0,285.91,-2.25,-2.25,327.64,1.098045527381206,658.41,27.06629,750.88,3.17552224503765,2.27054970568104,0.715016154973943,0.219528466253919,0.207214753166224,16.85,1.1541095890411,212.45,3.09468317552804,0,-16.0641,4.11759799833194,1.37608385686463,0.451685660266874,1.30108445697626,0.601283991047423,33.3877563865537,51.0347891166449,14.7976986383577,0.969,3.95608738968062,3.43920674799665,0.832442903389189,0.505112958942417
1981-11-11,0.0,196.1,0.39,0.39,434.56,1.0556876880460258,658.41,27.06629,750.88,3.17552224503765,2.27054970568104,0.715016154973943,0.219528466253919,0.207214753166224,16.85,1.1541095890411,212.45,3.09468317552804,0,-16.0641,4.11759799833194,1.37608385686463,0.451685660266874,1.30108445697626,0.601283991047423,33.3877563865537,51.0347891166449,14.7976986383577,0.969,3.95608738968062,3.43920674799665,0.832442903389189,0.505112958942417
1981-11-12,0.0,242.04,-1.48,-1.48,370.15,0.9611971233752395,658.41,27.06629,750.88,3.17552224503765,2.27054970568104,0.715016154973943,0.219528466253919,0.207214753166224,16.85,1.1541095890411,212.45,3.09468317552804,0,-16.0641,4.11759799833194,1.37608385686463,0.451685660266874,1.30108445697626,0.601283991047423,33.3877563865537,51.0347891166449,14.7976986383577,0.969,3.95608738968062,3.43920674799665,0.832442903389189,0.505112958942417
1981-11-13,0.0,291.48,-0.75,-0.75,343.7,0.8634482633709779,658.41,27.06629,750.88,3.17552224503765,2.27054970568104,0.715016154973943,0.219528466253919,0.207214753166224,16.85,1.1541095890411,212.45,3.09468317552804,0,-16.0641,4.11759799833194,1.37608385686463,0.451685660266874,1.30108445697626,0.601283991047423,33.3877563865537,51.0347891166449,14.7976986383577,0.969,3.95608738968062,3.43920674799665,0.832442903389189,0.505112958942417
1981-11-14,0.0,281.16,3.29,3.29,453.3,0.8178321287023226,658.41,27.06629,750.88,3.17552224503765,2.27054970568104,0.715016154973943,0.219528466253919,0.207214753166224,16.85,1.1541095890411,212.45,3.09468317552804,0,-16.0641,4.11759799833194,1.37608385686463,0.451685660266874,1.30108445697626,0.601283991047423,33.3877563865537,51.0347891166449,14.7976986383577,0.969,3.95608738968062,3.43920674799665,0.832442903389189,0.505112958942417
1981-11-15,16.6,196.35,4.22,4.22,535.29,0.9742303047091412,658.41,27.06629,750.88,3.17552224503765,2.27054970568104,0.715016154973943,0.219528466253919,0.207214753166224,16.85,1.1541095890411,212.45,3.09468317552804,0,-16.0641,4.11759799833194,1.37608385686463,0.451685660266874,1.30108445697626,0.601283991047423,33.3877563865537,51.0347891166449,14.7976986383577,0.969,3.95608738968062,3.43920674799665,0.832442903389189,0.505112958942417
1981-11-16,5.69,117.17,4.28,4.28,639.78,3.140996701470274,658.41,27.06629,750.88,3.17552224503765,2.27054970568104,0.715016154973943,0.219528466253919,0.207214753166224,16.85,1.1541095890411,212.45,3.09468317552804,0,-16.0641,4.11759799833194,1.37608385686463,0.451685660266874,1.30108445697626,0.601283991047423,33.3877563865537,51.0347891166449,14.7976986383577,0.969,3.95608738968062,3.43920674799665,0.832442903389189,0.505112958942417
1981-11-17,1.34,74.94,3.97,3.97,690.12,1.8832947027487745,658.41,27.06629,750.88,3.17552224503765,2.27054970568104,0.715016154973943,0.219528466253919,0.207214753166224,16.85,1.1541095890411,212.45,3.09468317552804,0,-16.0641,4.11759799833194,1.37608385686463,0.451685660266874,1.30108445697626,0.601283991047423,33.3877563865537,51.0347891166449,14.7976986383577,0.969,3.95608738968062,3.43920674799665,0.832442903389189,0.505112958942417
1981-11-18,1.44,59.64,3.64,3.64,693.63,1.8311619774131684,658.41,27.06629,750.88,3.17552224503765,2.27054970568104,0.715016154973943,0.219528466253919,0.207214753166224,16.85,1.1541095890411,212.45,3.09468317552804,0,-16.0641,4.11759799833194,1.37608385686463,0.451685660266874,1.30108445697626,0.601283991047423,33.3877563865537,51.0347891166449,14.7976986383577,0.969,3.95608738968062,3.43920674799665,0.832442903389189,0.505112958942417
1981-11-19,12.85,92.78,3.5,3.5,669.99,1.752962889409759,658.41,27.06629,750.88,3.17552224503765,2.27054970568104,0.715016154973943,0.219528466253919,0.207214753166224,16.85,1.1541095890411,212.45,3.09468317552804,0,-16.0641,4.11759799833194,1.37608385686463,0.451685660266874,1.30108445697626,0.601283991047423,33.3877563865537,51.0347891166449,14.7976986383577,0.969,3.95608738968062,3.43920674799665,0.832442903389189,0.505112958942417
1981-11-20,3.99,142.33,3.69,3.69,616.22,5.897514553590454,658.41,27.06629,750.88,3.17552224503765,2.27054970568104,0.715016154973943,0.219528466253919,0.207214753166224,16.85,1.1541095890411,212.45,3.09468317552804,0,-16.0641,4.11759799833194,1.37608385686463,0.451685660266874,1.30108445697626,0.601283991047423,33.3877563865537,51.0347891166449,14.7976986383577,0.969,3.95608738968062,3.43920674799665,0.832442903389189,0.505112958942417
1981-11-21,1.45,155.05,0.71,0.71,468.74,3.1018971574685703,658.41,27.06629,750.88,3.17552224503765,2.27054970568104,0.715016154973943,0.219528466253919,0.207214753166224,16.85,1.1541095890411,212.45,3.09468317552804,0,-16.0641,4.11759799833194,1.37608385686463,0.451685660266874,1.30108445697626,0.601283991047423,33.3877563865537,51.0347891166449,14.7976986383577,0.969,3.95608738968062,3.43920674799665,0.832442903389189,0.505112958942417
1981-11-22,0.39,84.75,-2.1,-2.1,413.54,2.433946614106115,658.41,27.06629,750.88,3.17552224503765,2.27054970568104,0.715016154973943,0.219528466253919,0.207214753166224,16.85,1.1541095890411,212.45,3.09468317552804,0,-16.0641,4.11759799833194,1.37608385686463,0.451685660266874,1.30108445697626,0.601283991047423,33.3877563865537,51.0347891166449,14.7976986383577,0.969,3.95608738968062,3.43920674799665,0.832442903389189,0.505112958942417
1981-11-23,0.07,75.33,-3.23,-3.23,384.41,2.010368220754315,658.41,27.06629,750.88,3.17552224503765,2.27054970568104,0.715016154973943,0.219528466253919,0.207214753166224,16.85,1.1541095890411,212.45,3.09468317552804,0,-16.0641,4.11759799833194,1.37608385686463,0.451685660266874,1.30108445697626,0.601283991047423,33.3877563865537,51.0347891166449,14.7976986383577,0.969,3.95608738968062,3.43920674799665,0.832442903389189,0.505112958942417
1981-11-24,0.01,239.43,-5.14,-5.14,289.26,1.7399297080758576,658.41,27.06629,750.88,3.17552224503765,2.27054970568104,0.715016154973943,0.219528466253919,0.207214753166224,16.85,1.1541095890411,212.45,3.09468317552804,0,-16.0641,4.11759799833194,1.37608385686463,0.451685660266874,1.30108445697626,0.601283991047423,33.3877563865537,51.0347891166449,14.7976986383577,0.969,3.95608738968062,3.43920674799665,0.832442903389189,0.505112958942417
1981-11-25,0.0,213.01,-3.55,-3.55,313.62,1.5053324440656295,658.41,27.06629,750.88,3.17552224503765,2.27054970568104,0.715016154973943,0.219528466253919,0.207214753166224,16.85,1.1541095890411,212.45,3.09468317552804,0,-16.0641,4.11759799833194,1.37608385686463,0.451685660266874,1.30108445697626,0.601283991047423,33.3877563865537,51.0347891166449,14.7976986383577,0.969,3.95608738968062,3.43920674799665,0.832442903389189,0.505112958942417
1981-11-26,1.2,220.06,-4.03,-4.03,323.99,1.316351314724057,658.41,27.06629,750.88,3.17552224503765,2.27054970568104,0.715016154973943,0.219528466253919,0.207214753166224,16.85,1.1541095890411,212.45,3.09468317552804,0,-16.0641,4.11759799833194,1.37608385686463,0.451685660266874,1.30108445697626,0.601283991047423,33.3877563865537,51.0347891166449,14.7976986383577,0.969,3.95608738968062,3.43920674799665,0.832442903389189,0.505112958942417
1981-11-27,0.38,199.05,2.08,2.08,520.62,1.4662329000639247,658.41,27.06629,750.88,3.17552224503765,2.27054970568104,0.715016154973943,0.219528466253919,0.207214753166224,16.85,1.1541095890411,212.45,3.09468317552804,0,-16.0641,4.11759799833194,1.37608385686463,0.451685660266874,1.30108445697626,0.601283991047423,33.3877563865537,51.0347891166449,14.7976986383577,0.969,3.95608738968062,3.43920674799665,0.832442903389189,0.505112958942417
1981-11-28,0.86,96.42,1.34,1.34,521.84,1.2707351800554014,658.41,27.06629,750.88,3.17552224503765,2.27054970568104,0.715016154973943,0.219528466253919,0.207214753166224,16.85,1.1541095890411,212.45,3.09468317552804,0,-16.0641,4.11759799833194,1.37608385686463,0.451685660266874,1.30108445697626,0.601283991047423,33.3877563865537,51.0347891166449,14.7976986383577,0.969,3.95608738968062,3.43920674799665,0.832442903389189,0.505112958942417
1981-11-29,0.3,113.47,-1.44,-1.44,422.5,1.1208535947155336,658.41,27.06629,750.88,3.17552224503765,2.27054970568104,0.715016154973943,0.219528466253919,0.207214753166224,16.85,1.1541095890411,212.45,3.09468317552804,0,-16.0641,4.11759799833194,1.37608385686463,0.451685660266874,1.30108445697626,0.601283991047423,33.3877563865537,51.0347891166449,14.7976986383577,0.969,3.95608738968062,3.43920674799665,0.832442903389189,0.505112958942417
1981-11-30,1.15,220.35,-5.07,-5.07,277.99,0.9840051907095674,658.41,27.06629,750.88,3.17552224503765,2.27054970568104,0.715016154973943,0.219528466253919,0.207214753166224,16.85,1.1541095890411,212.45,3.09468317552804,0,-16.0641,4.11759799833194,1.37608385686463,0.451685660266874,1.30108445697626,0.601283991047423,33.3877563865537,51.0347891166449,14.7976986383577,0.969,3.95608738968062,3.43920674799665,0.832442903389189,0.505112958942417
1981-12-01,2.55,210.41,-4.14,-4.14,314.54,0.9286141700404857,658.41,27.06629,750.88,3.17552224503765,2.27054970568104,0.715016154973943,0.219528466253919,0.207214753166224,16.85,1.1541095890411,212.45,3.09468317552804,0,-16.0641,4.11759799833194,1.37608385686463,0.451685660266874,1.30108445697626,0.601283991047423,33.3877563865537,51.0347891166449,14.7976986383577,0.969,3.95608738968062,3.43920674799665,0.832442903389189,0.505112958942417
1981-12-02,0.75,151.66,0.06,0.06,479.78,1.0198464393777966,658.41,27.06629,750.88,3.17552224503765,2.27054970568104,0.715016154973943,0.219528466253919,0.207214753166224,16.85,1.1541095890411,212.45,3.09468317552804,0,-16.0641,4.11759799833194,1.37608385686463,0.451685660266874,1.30108445697626,0.601283991047423,33.3877563865537,51.0347891166449,14.7976986383577,0.969,3.95608738968062,3.43920674799665,0.832442903389189,0.505112958942417
1981-12-03,0.51,154.39,-0.64,-0.64,450.61,1.029621325378223,658.41,27.06629,750.88,3.17552224503765,2.27054970568104,0.715016154973943,0.219528466253919,0.207214753166224,16.85,1.1541095890411,212.45,3.09468317552804,0,-16.0641,4.11759799833194,1.37608385686463,0.451685660266874,1.30108445697626,0.601283991047423,33.3877563865537,51.0347891166449,14.7976986383577,0.969,3.95608738968062,3.43920674799665,0.832442903389189,0.505112958942417
1981-12-04,2.53,200.86,-2.46,-2.46,365.0,0.9253558747070104,658.41,27.06629,750.88,3.17552224503765,2.27054970568104,0.715016154973943,0.219528466253919,0.207214753166224,16.85,1.1541095890411,212.45,3.09468317552804,0,-16.0641,4.11759799833194,1.37608385686463,0.451685660266874,1.30108445697626,0.601283991047423,33.3877563865537,51.0347891166449,14.7976986383577,0.969,3.95608738968062,3.43920674799665,0.832442903389189,0.505112958942417
1981-12-05,1.65,178.44,-2.55,-2.55,359.52,0.905806102706158,658.41,27.06629,750.88,3.17552224503765,2.27054970568104,0.715016154973943,0.219528466253919,0.207214753166224,16.85,1.1541095890411,212.45,3.09468317552804,0,-16.0641,4.11759799833194,1.37608385686463,0.451685660266874,1.30108445697626,0.601283991047423,33.3877563865537,51.0347891166449,14.7976986383577,0.969,3.95608738968062,3.43920674799665,0.832442903389189,0.505112958942417
1981-12-06,0.27,213.97,-4.73,-4.73,317.69,0.8080572427018964,658.41,27.06629,750.88,3.17552224503765,2.27054970568104,0.715016154973943,0.219528466253919,0.207214753166224,16.85,1.1541095890411,212.45,3.09468317552804,0,-16.0641,4.11759799833194,1.37608385686463,0.451685660266874,1.30108445697626,0.601283991047423,33.3877563865537,51.0347891166449,14.7976986383577,0.969,3.95608738968062,3.43920674799665,0.832442903389189,0.505112958942417
1981-12-07,4.59,189.7,-3.59,-3.59,351.38,0.7787325847006179,658.41,27.06629,750.88,3.17552224503765,2.27054970568104,0.715016154973943,0.219528466253919,0.207214753166224,16.85,1.1541095890411,212.45,3.09468317552804,0,-16.0641,4.11759799833194,1.37608385686463,0.451685660266874,1.30108445697626,0.601283991047423,33.3877563865537,51.0347891166449,14.7976986383577,0.969,3.95608738968062,3.43920674799665,0.832442903389189,0.505112958942417
1981-12-08,3.04,166.5,-1.64,-1.64,395.76,0.9774886000426166,658.41,27.06629,750.88,3.17552224503765,2.27054970568104,0.715016154973943,0.219528466253919,0.207214753166224,16.85,1.1541095890411,212.45,3.09468317552804,0,-16.0641,4.11759799833194,1.37608385686463,0.451685660266874,1.30108445697626,0.601283991047423,33.3877563865537,51.0347891166449,14.7976986383577,0.969,3.95608738968062,3.43920674799665,0.832442903389189,0.505112958942417
1981-12-09,1.21,204.74,-5.51,-5.51,278.01,0.9123226933731089,658.41,27.06629,750.88,3.17552224503765,2.27054970568104,0.715016154973943,0.219528466253919,0.207214753166224,16.85,1.1541095890411,212.45,3.09468317552804,0,-16.0641,4.11759799833194,1.37608385686463,0.451685660266874,1.30108445697626,0.601283991047423,33.3877563865537,51.0347891166449,14.7976986383577,0.969,3.95608738968062,3.43920674799665,0.832442903389189,0.505112958942417
1981-12-10,1.44,137.03,-7.53,-7.53,253.19,0.7819908800340932,658.41,27.06629,750.88,3.17552224503765,2.27054970568104,0.715016154973943,0.219528466253919,0.207214753166224,16.85,1.1541095890411,212.45,3.09468317552804,0,-16.0641,4.11759799833194,1.37608385686463,0.451685660266874,1.30108445697626,0.601283991047423,33.3877563865537,51.0347891166449,14.7976986383577,0.969,3.95608738968062,3.43920674799665,0.832442903389189,0.505112958942417
1981-12-11,0.77,164.68,-7.69,-7.69,260.88,0.7819908800340932,658.41,27.06629,750.88,3.17552224503765,2.27054970568104,0.715016154973943,0.219528466253919,0.207214753166224,16.85,1.1541095890411,212.45,3.09468317552804,0,-16.0641,4.11759799833194,1.37608385686463,0.451685660266874,1.30108445697626,0.601283991047423,33.3877563865537,51.0347891166449,14.7976986383577,0.969,3.95608738968062,3.43920674799665,0.832442903389189,0.505112958942417
1981-12-12,0.12,178.59,-6.07,-6.07,296.81,0.7494079266993394,658.41,27.06629,750.88,3.17552224503765,2.27054970568104,0.715016154973943,0.219528466253919,0.207214753166224,16.85,1.1541095890411,212.45,3.09468317552804,0,-16.0641,4.11759799833194,1.37608385686463,0.451685660266874,1.30108445697626,0.601283991047423,33.3877563865537,51.0347891166449,14.7976986383577,0.969,3.95608738968062,3.43920674799665,0.832442903389189,0.505112958942417
1981-12-13,0.0,203.19,-5.81,-5.81,304.51,0.6842420200298316,658.41,27.06629,750.88,3.17552224503765,2.27054970568104,0.715016154973943,0.219528466253919,0.207214753166224,16.85,1.1541095890411,212.45,3.09468317552804,0,-16.0641,4.11759799833194,1.37608385686463,0.451685660266874,1.30108445697626,0.601283991047423,33.3877563865537,51.0347891166449,14.7976986383577,0.969,3.95608738968062,3.43920674799665,0.832442903389189,0.505112958942417
1981-12-14,0.29,158.25,-4.59,-4.59,341.93,0.6712088386959301,658.41,27.06629,750.88,3.17552224503765,2.27054970568104,0.715016154973943,0.219528466253919,0.207214753166224,16.85,1.1541095890411,212.45,3.09468317552804,0,-16.0641,4.11759799833194,1.37608385686463,0.451685660266874,1.30108445697626,0.601283991047423,33.3877563865537,51.0347891166449,14.7976986383577,0.969,3.95608738968062,3.43920674799665,0.832442903389189,0.505112958942417
1981-12-15,0.25,170.07,-3.17,-3.17,382.84,0.6679505433624546,658.41,27.06629,750.88,3.17552224503765,2.27054970568104,0.715016154973943,0.219528466253919,0.207214753166224,16.85,1.1541095890411,212.45,3.09468317552804,0,-16.0641,4.11759799833194,1.37608385686463,0.451685660266874,1.30108445697626,0.601283991047423,33.3877563865537,51.0347891166449,14.7976986383577,0.969,3.95608738968062,3.43920674799665,0.832442903389189,0.505112958942417
1981-12-16,1.04,148.41,-3.5,-3.5,363.98,0.6484007713616023,658.41,27.06629,750.88,3.17552224503765,2.27054970568104,0.715016154973943,0.219528466253919,0.207214753166224,16.85,1.1541095890411,212.45,3.09468317552804,0,-16.0641,4.11759799833194,1.37608385686463,0.451685660266874,1.30108445697626,0.601283991047423,33.3877563865537,51.0347891166449,14.7976986383577,0.969,3.95608738968062,3.43920674799665,0.832442903389189,0.505112958942417
1981-12-17,4.31,185.18,-6.1,-6.1,278.89,0.6125595226933731,658.41,27.06629,750.88,3.17552224503765,2.27054970568104,0.715016154973943,0.219528466253919,0.207214753166224,16.85,1.1541095890411,212.45,3.09468317552804,0,-16.0641,4.11759799833194,1.37608385686463,0.451685660266874,1.30108445697626,0.601283991047423,33.3877563865537,51.0347891166449,14.7976986383577,0.969,3.95608738968062,3.43920674799665,0.832442903389189,0.505112958942417
1981-12-18,1.51,209.16,-8.76,-8.76,204.72,0.5213272533560622,658.41,27.06629,750.88,3.17552224503765,2.27054970568104,0.715016154973943,0.219528466253919,0.207214753166224,16.85,1.1541095890411,212.45,3.09468317552804,0,-16.0641,4.11759799833194,1.37608385686463,0.451685660266874,1.30108445697626,0.601283991047423,33.3877563865537,51.0347891166449,14.7976986383577,0.969,3.95608738968062,3.43920674799665,0.832442903389189,0.505112958942417
1981-12-19,1.07,219.49,-11.61,-11.61,154.73,0.45616134668655445,658.41,27.06629,750.88,3.17552224503765,2.27054970568104,0.715016154973943,0.219528466253919,0.207214753166224,16.85,1.1541095890411,212.45,3.09468317552804,0,-16.0641,4.11759799833194,1.37608385686463,0.451685660266874,1.30108445697626,0.601283991047423,33.3877563865537,51.0347891166449,14.7976986383577,0.969,3.95608738968062,3.43920674799665,0.832442903389189,0.505112958942417
1981-12-20,0.27,253.73,-11.19,-11.19,160.86,0.42357839335180053,658.41,27.06629,750.88,3.17552224503765,2.27054970568104,0.715016154973943,0.219528466253919,0.207214753166224,16.85,1.1541095890411,212.45,3.09468317552804,0,-16.0641,4.11759799833194,1.37608385686463,0.451685660266874,1.30108445697626,0.601283991047423,33.3877563865537,51.0347891166449,14.7976986383577,0.969,3.95608738968062,3.43920674799665,0.832442903389189,0.505112958942417
1981-12-21,1.37,227.88,-11.0,-11.0,163.34,0.3909954400170466,658.41,27.06629,750.88,3.17552224503765,2.27054970568104,0.715016154973943,0.219528466253919,0.207214753166224,16.85,1.1541095890411,212.45,3.09468317552804,0,-16.0641,4.11759799833194,1.37608385686463,0.451685660266874,1.30108445697626,0.601283991047423,33.3877563865537,51.0347891166449,14.7976986383577,0.969,3.95608738968062,3.43920674799665,0.832442903389189,0.505112958942417
1981-12-22,9.66,224.12,-5.45,-5.45,285.58,0.45616134668655445,658.41,27.06629,750.88,3.17552224503765,2.27054970568104,0.715016154973943,0.219528466253919,0.207214753166224,16.85,1.1541095890411,212.45,3.09468317552804,0,-16.0641,4.11759799833194,1.37608385686463,0.451685660266874,1.30108445697626,0.601283991047423,33.3877563865537,51.0347891166449,14.7976986383577,0.969,3.95608738968062,3.43920674799665,0.832442903389189,0.505112958942417
1981-12-23,2.94,209.59,1.27,1.27,477.93,2.1504749200937563,658.41,27.06629,750.88,3.17552224503765,2.27054970568104,0.715016154973943,0.219528466253919,0.207214753166224,16.85,1.1541095890411,212.45,3.09468317552804,0,-16.0641,4.11759799833194,1.37608385686463,0.451685660266874,1.30108445697626,0.601283991047423,33.3877563865537,51.0347891166449,14.7976986383577,0.969,3.95608738968062,3.43920674799665,0.832442903389189,0.505112958942417
1981-12-24,0.13,245.19,-0.46,-0.46,412.78,2.01362651608779,658.41,27.06629,750.88,3.17552224503765,2.27054970568104,0.715016154973943,0.219528466253919,0.207214753166224,16.85,1.1541095890411,212.45,3.09468317552804,0,-16.0641,4.11759799833194,1.37608385686463,0.451685660266874,1.30108445697626,0.601283991047423,33.3877563865537,51.0347891166449,14.7976986383577,0.969,3.95608738968062,3.43920674799665,0.832442903389189,0.505112958942417
1981-12-25,0.0,280.6,-3.99,-3.99,294.76,1.3359010867249093,658.41,27.06629,750.88,3.17552224503765,2.27054970568104,0.715016154973943,0.219528466253919,0.207214753166224,16.85,1.1541095890411,212.45,3.09468317552804,0,-16.0641,4.11759799833194,1.37608385686463,0.451685660266874,1.30108445697626,0.601283991047423,33.3877563865537,51.0347891166449,14.7976986383577,0.969,3.95608738968062,3.43920674799665,0.832442903389189,0.505112958942417
1981-12-26,0.05,264.74,-4.51,-4.51,273.57,1.140403366716386,658.41,27.06629,750.88,3.17552224503765,2.27054970568104,0.715016154973943,0.219528466253919,0.207214753166224,16.85,1.1541095890411,212.45,3.09468317552804,0,-16.0641,4.11759799833194,1.37608385686463,0.451685660266874,1.30108445697626,0.601283991047423,33.3877563865537,51.0347891166449,14.7976986383577,0.969,3.95608738968062,3.43920674799665,0.832442903389189,0.505112958942417
1981-12-27,2.1,216.27,-4.02,-4.02,295.69,1.140403366716386,658.41,27.06629,750.88,3.17552224503765,2.27054970568104,0.715016154973943,0.219528466253919,0.207214753166224,16.85,1.1541095890411,212.45,3.09468317552804,0,-16.0641,4.11759799833194,1.37608385686463,0.451685660266874,1.30108445697626,0.601283991047423,33.3877563865537,51.0347891166449,14.7976986383577,0.969,3.95608738968062,3.43920674799665,0.832442903389189,0.505112958942417
1981-12-28,2.84,221.82,-4.42,-4.42,293.66,1.0752374600468781,658.41,27.06629,750.88,3.17552224503765,2.27054970568104,0.715016154973943,0.219528466253919,0.207214753166224,16.85,1.1541095890411,212.45,3.09468317552804,0,-16.0641,4.11759799833194,1.37608385686463,0.451685660266874,1.30108445697626,0.601283991047423,33.3877563865537,51.0347891166449,14.7976986383577,0.969,3.95608738968062,3.43920674799665,0.832442903389189,0.505112958942417
1981-12-29,0.66,219.36,-3.44,-3.44,317.77,0.9774886000426166,658.41,27.06629,750.88,3.17552224503765,2.27054970568104,0.715016154973943,0.219528466253919,0.207214753166224,16.85,1.1541095890411,212.45,3.09468317552804,0,-16.0641,4.11759799833194,1.37608385686463,0.451685660266874,1.30108445697626,0.601283991047423,33.3877563865537,51.0347891166449,14.7976986383577,0.969,3.95608738968062,3.43920674799665,0.832442903389189,0.505112958942417
1981-12-30,0.02,278.37,-6.33,-6.33,247.6,0.8145738333688473,658.41,27.06629,750.88,3.17552224503765,2.27054970568104,0.715016154973943,0.219528466253919,0.207214753166224,16.85,1.1541095890411,212.45,3.09468317552804,0,-16.0641,4.11759799833194,1.37608385686463,0.451685660266874,1.30108445697626,0.601283991047423,33.3877563865537,51.0347891166449,14.7976986383577,0.969,3.95608738968062,3.43920674799665,0.832442903389189,0.505112958942417
1981-12-31,0.19,223.29,-5.98,-5.98,267.82,0.7819908800340932,658.41,27.06629,750.88,3.17552224503765,2.27054970568104,0.715016154973943,0.219528466253919,0.207214753166224,16.85,1.1541095890411,212.45,3.09468317552804,0,-16.0641,4.11759799833194,1.37608385686463,0.451685660266874,1.30108445697626,0.601283991047423,33.3877563865537,51.0347891166449,14.7976986383577,0.969,3.95608738968062,3.43920674799665,0.832442903389189,0.505112958942417
1982-01-01,0.27,200.81,-2.44,-2.44,347.82,0.8471567867036011,658.41,27.06629,750.88,3.17552224503765,2.27054970568104,0.715016154973943,0.219528466253919,0.207214753166224,16.85,1.1541095890411,212.45,3.09468317552804,0,-16.0641,4.11759799833194,1.37608385686463,0.451685660266874,1.30108445697626,0.601283991047423,33.3877563865537,51.0347891166449,14.7976986383577,0.969,3.95608738968062,3.43920674799665,0.832442903389189,0.505112958942417
1982-01-02,2.11,234.28,-6.9,-6.9,236.43,0.9449056467078627,658.41,27.06629,750.88,3.17552224503765,2.27054970568104,0.715016154973943,0.219528466253919,0.207214753166224,16.85,1.1541095890411,212.45,3.09468317552804,0,-16.0641,4.11759799833194,1.37608385686463,0.451685660266874,1.30108445697626,0.601283991047423,33.3877563865537,51.0347891166449,14.7976986383577,0.969,3.95608738968062,3.43920674799665,0.832442903389189,0.505112958942417
1982-01-03,5.91,212.36,-5.52,-5.52,290.52,1.17298632005114,658.41,27.06629,750.88,3.17552224503765,2.27054970568104,0.715016154973943,0.219528466253919,0.207214753166224,16.85,1.1541095890411,212.45,3.09468317552804,0,-16.0641,4.11759799833194,1.37608385686463,0.451685660266874,1.30108445697626,0.601283991047423,33.3877563865537,51.0347891166449,14.7976986383577,0.969,3.95608738968062,3.43920674799665,0.832442903389189,0.505112958942417
1982-01-04,5.02,211.71,-0.64,-0.64,417.86,1.9549772000852332,658.41,27.06629,750.88,3.17552224503765,2.27054970568104,0.715016154973943,0.219528466253919,0.207214753166224,16.85,1.1541095890411,212.45,3.09468317552804,0,-16.0641,4.11759799833194,1.37608385686463,0.451685660266874,1.30108445697626,0.601283991047423,33.3877563865537,51.0347891166449,14.7976986383577,0.969,3.95608738968062,3.43920674799665,0.832442903389189,0.505112958942417
1982-01-05,2.08,226.39,-1.84,-1.84,354.0,2.818425463456211,658.41,27.06629,750.88,3.17552224503765,2.27054970568104,0.715016154973943,0.219528466253919,0.207214753166224,16.85,1.1541095890411,212.45,3.09468317552804,0,-16.0641,4.11759799833194,1.37608385686463,0.451685660266874,1.30108445697626,0.601283991047423,33.3877563865537,51.0347891166449,14.7976986383577,0.969,3.95608738968062,3.43920674799665,0.832442903389189,0.505112958942417
1982-01-06,4.04,239.85,-4.29,-4.29,273.86,1.6910552780737267,658.41,27.06629,750.88,3.17552224503765,2.27054970568104,0.715016154973943,0.219528466253919,0.207214753166224,16.85,1.1541095890411,212.45,3.09468317552804,0,-16.0641,4.11759799833194,1.37608385686463,0.451685660266874,1.30108445697626,0.601283991047423,33.3877563865537,51.0347891166449,14.7976986383577,0.969,3.95608738968062,3.43920674799665,0.832442903389189,0.505112958942417
1982-01-07,1.6,232.42,-3.45,-3.45,280.94,1.5965647134029404,658.41,27.06629,750.88,3.17552224503765,2.27054970568104,0.715016154973943,0.219528466253919,0.207214753166224,16.85,1.1541095890411,212.45,3.09468317552804,0,-16.0641,4.11759799833194,1.37608385686463,0.451685660266874,1.30108445697626,0.601283991047423,33.3877563865537,51.0347891166449,14.7976986383577,0.969,3.95608738968062,3.43920674799665,0.832442903389189,0.505112958942417
1982-01-08,1.2,219.4,-9.78,-9.78,181.07,1.140403366716386,658.41,27.06629,750.88,3.17552224503765,2.27054970568104,0.715016154973943,0.219528466253919,0.207214753166224,16.85,1.1541095890411,212.45,3.09468317552804,0,-16.0641,4.11759799833194,1.37608385686463,0.451685660266874,1.30108445697626,0.601283991047423,33.3877563865537,51.0347891166449,14.7976986383577,0.969,3.95608738968062,3.43920674799665,0.832442903389189,0.505112958942417
1982-01-09,1.38,213.22,-11.83,-11.83,149.48,1.0100715533773705,658.41,27.06629,750.88,3.17552224503765,2.27054970568104,0.715016154973943,0.219528466253919,0.207214753166224,16.85,1.1541095890411,212.45,3.09468317552804,0,-16.0641,4.11759799833194,1.37608385686463,0.451685660266874,1.30108445697626,0.601283991047423,33.3877563865537,51.0347891166449,14.7976986383577,0.969,3.95608738968062,3.43920674799665,0.832442903389189,0.505112958942417
1982-01-10,0.84,222.76,-17.65,-17.65,88.35,0.9123226933731089,658.41,27.06629,750.88,3.17552224503765,2.27054970568104,0.715016154973943,0.219528466253919,0.207214753166224,16.85,1.1541095890411,212.45,3.09468317552804,0,-16.0641,4.11759799833194,1.37608385686463,0.451685660266874,1.30108445697626,0.601283991047423,33.3877563865537,51.0347891166449,14.7976986383577,0.969,3.95608738968062,3.43920674799665,0.832442903389189,0.505112958942417
1982-01-11,1.05,233.52,-20.62,-20.62,68.91,0.8797397400383549,658.41,27.06629,750.88,3.17552224503765,2.27054970568104,0.715016154973943,0.219528466253919,0.207214753166224,16.85,1.1541095890411,212.45,3.09468317552804,0,-16.0641,4.11759799833194,1.37608385686463,0.451685660266874,1.30108445697626,0.601283991047423,33.3877563865537,51.0347891166449,14.7976986383577,0.969,3.95608738968062,3.43920674799665,0.832442903389189,0.505112958942417
1982-01-12,0.69,231.6,-16.93,-16.93,95.48,0.8471567867036011,658.41,27.06629,750.88,3.17552224503765,2.27054970568104,0.715016154973943,0.219528466253919,0.207214753166224,16.85,1.1541095890411,212.45,3.09468317552804,0,-16.0641,4.11759799833194,1.37608385686463,0.451685660266874,1.30108445697626,0.601283991047423,33.3877563865537,51.0347891166449,14.7976986383577,0.969,3.95608738968062,3.43920674799665,0.832442903389189,0.505112958942417
1982-01-13,1.83,245.17,-14.88,-14.88,118.47,0.8145738333688473,658.41,27.06629,750.88,3.17552224503765,2.27054970568104,0.715016154973943,0.219528466253919,0.207214753166224,16.85,1.1541095890411,212.45,3.09468317552804,0,-16.0641,4.11759799833194,1.37608385686463,0.451685660266874,1.30108445697626,0.601283991047423,33.3877563865537,51.0347891166449,14.7976986383577,0.969,3.95608738968062,3.43920674799665,0.832442903389189,0.505112958942417
1982-01-14,0.61,187.63,-10.31,-10.31,188.08,0.7819908800340932,658.41,27.06629,750.88,3.17552224503765,2.27054970568104,0.715016154973943,0.219528466253919,0.207214753166224,16.85,1.1541095890411,212.45,3.09468317552804,0,-16.0641,4.11759799833194,1.37608385686463,0.451685660266874,1.30108445697626,0.601283991047423,33.3877563865537,51.0347891166449,14.7976986383577,0.969,3.95608738968062,3.43920674799665,0.832442903389189,0.505112958942417
1982-01-15,0.27,179.86,-11.3,-11.3,172.17,0.7168249733645855,658.41,27.06629,750.88,3.17552224503765,2.27054970568104,0.715016154973943,0.219528466253919,0.207214753166224,16.85,1.1541095890411,212.45,3.09468317552804,0,-16.0641,4.11759799833194,1.37608385686463,0.451685660266874,1.30108445697626,0.601283991047423,33.3877563865537,51.0347891166449,14.7976986383577,0.969,3.95608738968062,3.43920674799665,0.832442903389189,0.505112958942417
1982-01-16,0.72,260.81,-14.44,-14.44,95.24,0.58649316002557,658.41,27.06629,750.88,3.17552224503765,2.27054970568104,0.715016154973943,0.219528466253919,0.207214753166224,16.85,1.1541095890411,212.45,3.09468317552804,0,-16.0641,4.11759799833194,1.37608385686463,0.451685660266874,1.30108445697626,0.601283991047423,33.3877563865537,51.0347891166449,14.7976986383577,0.969,3.95608738968062,3.43920674799665,0.832442903389189,0.505112958942417
1982-01-17,0.26,294.34,-19.57,-19.57,54.79,0.553910206690816,658.41,27.06629,750.88,3.17552224503765,2.27054970568104,0.715016154973943,0.219528466253919,0.207214753166224,16.85,1.1541095890411,212.45,3.09468317552804,0,-16.0641,4.11759799833194,1.37608385686463,0.451685660266874,1.30108445697626,0.601283991047423,33.3877563865537,51.0347891166449,14.7976986383577,0.969,3.95608738968062,3.43920674799665,0.832442903389189,0.505112958942417
1982-01-18,0.02,326.33,-21.05,-21.05,57.94,0.553910206690816,658.41,27.06629,750.88,3.17552224503765,2.27054970568104,0.715016154973943,0.219528466253919,0.207214753166224,16.85,1.1541095890411,212.45,3.09468317552804,0,-16.0641,4.11759799833194,1.37608385686463,0.451685660266874,1.30108445697626,0.601283991047423,33.3877563865537,51.0347891166449,14.7976986383577,0.969,3.95608738968062,3.43920674799665,0.832442903389189,0.505112958942417
1982-01-19,0.57,262.83,-14.93,-14.93,111.93,0.553910206690816,658.41,27.06629,750.88,3.17552224503765,2.27054970568104,0.715016154973943,0.219528466253919,0.207214753166224,16.85,1.1541095890411,212.45,3.09468317552804,0,-16.0641,4.11759799833194,1.37608385686463,0.451685660266874,1.30108445697626,0.601283991047423,33.3877563865537,51.0347891166449,14.7976986383577,0.969,3.95608738968062,3.43920674799665,0.832442903389189,0.505112958942417
1982-01-20,2.16,232.53,-9.38,-9.38,184.63,0.553910206690816,658.41,27.06629,750.88,3.17552224503765,2.27054970568104,0.715016154973943,0.219528466253919,0.207214753166224,16.85,1.1541095890411,212.45,3.09468317552804,0,-16.0641,4.11759799833194,1.37608385686463,0.451685660266874,1.30108445697626,0.601283991047423,33.3877563865537,51.0347891166449,14.7976986383577,0.969,3.95608738968062,3.43920674799665,0.832442903389189,0.505112958942417
1982-01-21,3.29,229.67,-10.09,-10.09,168.79,0.5213272533560622,658.41,27.06629,750.88,3.17552224503765,2.27054970568104,0.715016154973943,0.219528466253919,0.207214753166224,16.85,1.1541095890411,212.45,3.09468317552804,0,-16.0641,4.11759799833194,1.37608385686463,0.451685660266874,1.30108445697626,0.601283991047423,33.3877563865537,51.0347891166449,14.7976986383577,0.969,3.95608738968062,3.43920674799665,0.832442903389189,0.505112958942417
1982-01-22,9.14,269.16,-16.8,-16.8,94.79,0.5213272533560622,658.41,27.06629,750.88,3.17552224503765,2.27054970568104,0.715016154973943,0.219528466253919,0.207214753166224,16.85,1.1541095890411,212.45,3.09468317552804,0,-16.0641,4.11759799833194,1.37608385686463,0.451685660266874,1.30108445697626,0.601283991047423,33.3877563865537,51.0347891166449,14.7976986383577,0.969,3.95608738968062,3.43920674799665,0.832442903389189,0.505112958942417
1982-01-23,4.74,274.5,-11.0,-11.0,140.15,0.4887443000213083,658.41,27.06629,750.88,3.17552224503765,2.27054970568104,0.715016154973943,0.219528466253919,0.207214753166224,16.85,1.1541095890411,212.45,3.09468317552804,0,-16.0641,4.11759799833194,1.37608385686463,0.451685660266874,1.30108445697626,0.601283991047423,33.3877563865537,51.0347891166449,14.7976986383577,0.969,3.95608738968062,3.43920674799665,0.832442903389189,0.505112958942417
1982-01-24,0.75,326.32,-8.21,-8.21,161.78,0.4887443000213083,658.41,27.06629,750.88,3.17552224503765,2.27054970568104,0.715016154973943,0.219528466253919,0.207214753166224,16.85,1.1541095890411,212.45,3.09468317552804,0,-16.0641,4.11759799833194,1.37608385686463,0.451685660266874,1.30108445697626,0.601283991047423,33.3877563865537,51.0347891166449,14.7976986383577,0.969,3.95608738968062,3.43920674799665,0.832442903389189,0.505112958942417
1982-01-25,0.02,248.93,-12.56,-12.56,136.83,0.4887443000213083,658.41,27.06629,750.88,3.17552224503765,2.27054970568104,0.715016154973943,0.219528466253919,0.207214753166224,16.85,1.1541095890411,212.45,3.09468317552804,0,-16.0641,4.11759799833194,1.37608385686463,0.451685660266874,1.30108445697626,0.601283991047423,33.3877563865537,51.0347891166449,14.7976986383577,0.969,3.95608738968062,3.43920674799665,0.832442903389189,0.505112958942417
1982-01-26,0.06,275.62,-14.47,-14.47,118.21,0.45616134668655445,658.41,27.06629,750.88,3.17552224503765,2.27054970568104,0.715016154973943,0.219528466253919,0.207214753166224,16.85,1.1541095890411,212.45,3.09468317552804,0,-16.0641,4.11759799833194,1.37608385686463,0.451685660266874,1.30108445697626,0.601283991047423,33.3877563865537,51.0347891166449,14.7976986383577,0.969,3.95608738968062,3.43920674799665,0.832442903389189,0.505112958942417
1982-01-27,0.06,355.55,-13.94,-13.94,115.93,0.45616134668655445,658.41,27.06629,750.88,3.17552224503765,2.27054970568104,0.715016154973943,0.219528466253919,0.207214753166224,16.85,1.1541095890411,212.45,3.09468317552804,0,-16.0641,4.11759799833194,1.37608385686463,0.451685660266874,1.30108445697626,0.601283991047423,33.3877563865537,51.0347891166449,14.7976986383577,0.969,3.95608738968062,3.43920674799665,0.832442903389189,0.505112958942417
1982-01-28,2.18,282.53,-7.01,-7.01,201.16,0.42357839335180053,658.41,27.06629,750.88,3.17552224503765,2.27054970568104,0.715016154973943,0.219528466253919,0.207214753166224,16.85,1.1541095890411,212.45,3.09468317552804,0,-16.0641,4.11759799833194,1.37608385686463,0.451685660266874,1.30108445697626,0.601283991047423,33.3877563865537,51.0347891166449,14.7976986383577,0.969,3.95608738968062,3.43920674799665,0.832442903389189,0.505112958942417
1982-01-29,6.13,279.47,-5.99,-5.99,223.6,0.3909954400170466,658.41,27.06629,750.88,3.17552224503765,2.27054970568104,0.715016154973943,0.219528466253919,0.207214753166224,16.85,1.1541095890411,212.45,3.09468317552804,0,-16.0641,4.11759799833194,1.37608385686463,0.451685660266874,1.30108445697626,0.601283991047423,33.3877563865537,51.0347891166449,14.7976986383577,0.969,3.95608738968062,3.43920674799665,0.832442903389189,0.505112958942417
1982-01-30,12.39,276.63,-3.9,-3.9,278.18,0.3909954400170466,658.41,27.06629,750.88,3.17552224503765,2.27054970568104,0.715016154973943,0.219528466253919,0.207214753166224,16.85,1.1541095890411,212.45,3.09468317552804,0,-16.0641,4.11759799833194,1.37608385686463,0.451685660266874,1.30108445697626,0.601283991047423,33.3877563865537,51.0347891166449,14.7976986383577,0.969,3.95608738968062,3.43920674799665,0.832442903389189,0.505112958942417
1982-01-31,15.61,271.44,-2.27,-2.27,316.22,0.58649316002557,658.41,27.06629,750.88,3.17552224503765,2.27054970568104,0.715016154973943,0.219528466253919,0.207214753166224,16.85,1.1541095890411,212.45,3.09468317552804,0,-16.0641,4.11759799833194,1.37608385686463,0.451685660266874,1.30108445697626,0.601283991047423,33.3877563865537,51.0347891166449,14.7976986383577,0.969,3.95608738968062,3.43920674799665,0.832442903389189,0.505112958942417
1982-02-01,4.43,299.19,-3.79,-3.79,252.03,1.6943135734072021,658.41,27.06629,750.88,3.17552224503765,2.27054970568104,0.715016154973943,0.219528466253919,0.207214753166224,16.85,1.1541095890411,212.45,3.09468317552804,0,-16.0641,4.11759799833194,1.37608385686463,0.451685660266874,1.30108445697626,0.601283991047423,33.3877563865537,51.0347891166449,14.7976986383577,0.969,3.95608738968062,3.43920674799665,0.832442903389189,0.505112958942417
1982-02-02,2.68,307.12,-8.16,-8.16,186.49,1.6291476667376945,658.41,27.06629,750.88,3.17552224503765,2.27054970568104,0.715016154973943,0.219528466253919,0.207214753166224,16.85,1.1541095890411,212.45,3.09468317552804,0,-16.0641,4.11759799833194,1.37608385686463,0.451685660266874,1.30108445697626,0.601283991047423,33.3877563865537,51.0347891166449,14.7976986383577,0.969,3.95608738968062,3.43920674799665,0.832442903389189,0.505112958942417
1982-02-03,4.74,260.14,-2.88,-2.88,310.04,1.5965647134029404,658.41,27.06629,750.88,3.17552224503765,2.27054970568104,0.715016154973943,0.219528466253919,0.207214753166224,16.85,1.1541095890411,212.45,3.09468317552804,0,-16.0641,4.11759799833194,1.37608385686463,0.451685660266874,1.30108445697626,0.601283991047423,33.3877563865537,51.0347891166449,14.7976986383577,0.969,3.95608738968062,3.43920674799665,0.832442903389189,0.505112958942417
1982-02-04,1.08,371.68,-3.94,-3.94,258.45,2.4763044534412955,658.41,27.06629,750.88,3.17552224503765,2.27054970568104,0.715016154973943,0.219528466253919,0.207214753166224,16.85,1.1541095890411,212.45,3.09468317552804,0,-16.0641,4.11759799833194,1.37608385686463,0.451685660266874,1.30108445697626,0.601283991047423,33.3877563865537,51.0347891166449,14.7976986383577,0.969,3.95608738968062,3.43920674799665,0.832442903389189,0.505112958942417
1982-02-05,0.82,295.92,-8.73,-8.73,176.83,1.6291476667376945,658.41,27.06629,750.88,3.17552224503765,2.27054970568104,0.715016154973943,0.219528466253919,0.207214753166224,16.85,1.1541095890411,212.45,3.09468317552804,0,-16.0641,4.11759799833194,1.37608385686463,0.451685660266874,1.30108445697626,0.601283991047423,33.3877563865537,51.0347891166449,14.7976986383577,0.969,3.95608738968062,3.43920674799665,0.832442903389189,0.505112958942417
1982-02-06,0.22,340.83,-8.56,-8.56,181.79,1.2707351800554014,658.41,27.06629,750.88,3.17552224503765,2.27054970568104,0.715016154973943,0.219528466253919,0.207214753166224,16.85,1.1541095890411,212.45,3.09468317552804,0,-16.0641,4.11759799833194,1.37608385686463,0.451685660266874,1.30108445697626,0.601283991047423,33.3877563865537,51.0347891166449,14.7976986383577,0.969,3.95608738968062,3.43920674799665,0.832442903389189,0.505112958942417
1982-02-07,0.47,315.78,-11.75,-11.75,140.94,1.0752374600468781,658.41,27.06629,750.88,3.17552224503765,2.27054970568104,0.715016154973943,0.219528466253919,0.207214753166224,16.85,1.1541095890411,212.45,3.09468317552804,0,-16.0641,4.11759799833194,1.37608385686463,0.451685660266874,1.30108445697626,0.601283991047423,33.3877563865537,51.0347891166449,14.7976986383577,0.969,3.95608738968062,3.43920674799665,0.832442903389189,0.505112958942417
1982-02-08,2.43,298.62,-7.81,-7.81,206.68,0.9123226933731089,658.41,27.06629,750.88,3.17552224503765,2.27054970568104,0.715016154973943,0.219528466253919,0.207214753166224,16.85,1.1541095890411,212.45,3.09468317552804,0,-16.0641,4.11759799833194,1.37608385686463,0.451685660266874,1.30108445697626,0.601283991047423,33.3877563865537,51.0347891166449,14.7976986383577,0.969,3.95608738968062,3.43920674799665,0.832442903389189,0.505112958942417
1982-02-09,2.04,231.86,-5.18,-5.18,263.19,0.8145738333688473,658.41,27.06629,750.88,3.17552224503765,2.27054970568104,0.715016154973943,0.219528466253919,0.207214753166224,16.85,1.1541095890411,212.45,3.09468317552804,0,-16.0641,4.11759799833194,1.37608385686463,0.451685660266874,1.30108445697626,0.601283991047423,33.3877563865537,51.0347891166449,14.7976986383577,0.969,3.95608738968062,3.43920674799665,0.832442903389189,0.505112958942417
1982-02-10,0.38,383.19,-11.03,-11.03,148.73,0.7168249733645855,658.41,27.06629,750.88,3.17552224503765,2.27054970568104,0.715016154973943,0.219528466253919,0.207214753166224,16.85,1.1541095890411,212.45,3.09468317552804,0,-16.0641,4.11759799833194,1.37608385686463,0.451685660266874,1.30108445697626,0.601283991047423,33.3877563865537,51.0347891166449,14.7976986383577,0.969,3.95608738968062,3.43920674799665,0.832442903389189,0.505112958942417
1982-02-11,0.16,337.44,-13.37,-13.37,107.9,0.58649316002557,658.41,27.06629,750.88,3.17552224503765,2.27054970568104,0.715016154973943,0.219528466253919,0.207214753166224,16.85,1.1541095890411,212.45,3.09468317552804,0,-16.0641,4.11759799833194,1.37608385686463,0.451685660266874,1.30108445697626,0.601283991047423,33.3877563865537,51.0347891166449,14.7976986383577,0.969,3.95608738968062,3.43920674799665,0.832442903389189,0.505112958942417
1982-02-12,0.62,312.2,-10.96,-10.96,146.9,0.553910206690816,658.41,27.06629,750.88,3.17552224503765,2.27054970568104,0.715016154973943,0.219528466253919,0.207214753166224,16.85,1.1541095890411,212.45,3.09468317552804,0,-16.0641,4.11759799833194,1.37608385686463,0.451685660266874,1.30108445697626,0.601283991047423,33.3877563865537,51.0347891166449,14.7976986383577,0.969,3.95608738968062,3.43920674799665,0.832442903389189,0.505112958942417
1982-02-13,1.6,241.68,-8.64,-8.64,201.18,0.553910206690816,658.41,27.06629,750.88,3.17552224503765,2.27054970568104,0.715016154973943,0.219528466253919,0.207214753166224,16.85,1.1541095890411,212.45,3.09468317552804,0,-16.0641,4.11759799833194,1.37608385686463,0.451685660266874,1.30108445697626,0.601283991047423,33.3877563865537,51.0347891166449,14.7976986383577,0.969,3.95608738968062,3.43920674799665,0.832442903389189,0.505112958942417
1982-02-14,0.62,324.7,-8.68,-8.68,199.49,0.5213272533560622,658.41,27.06629,750.88,3.17552224503765,2.27054970568104,0.715016154973943,0.219528466253919,0.207214753166224,16.85,1.1541095890411,212.45,3.09468317552804,0,-16.0641,4.11759799833194,1.37608385686463,0.451685660266874,1.30108445697626,0.601283991047423,33.3877563865537,51.0347891166449,14.7976986383577,0.969,3.95608738968062,3.43920674799665,0.832442903389189,0.505112958942417
1982-02-15,0.11,396.37,-1.28,-1.28,328.71,0.5213272533560622,658.41,27.06629,750.88,3.17552224503765,2.27054970568104,0.715016154973943,0.219528466253919,0.207214753166224,16.85,1.1541095890411,212.45,3.09468317552804,0,-16.0641,4.11759799833194,1.37608385686463,0.451685660266874,1.30108445697626,0.601283991047423,33.3877563865537,51.0347891166449,14.7976986383577,0.969,3.95608738968062,3.43920674799665,0.832442903389189,0.505112958942417
1982-02-16,0.01,343.19,3.87,3.87,494.79,2.215640826763264,658.41,27.06629,750.88,3.17552224503765,2.27054970568104,0.715016154973943,0.219528466253919,0.207214753166224,16.85,1.1541095890411,212.45,3.09468317552804,0,-16.0641,4.11759799833194,1.37608385686463,0.451685660266874,1.30108445697626,0.601283991047423,33.3877563865537,51.0347891166449,14.7976986383577,0.969,3.95608738968062,3.43920674799665,0.832442903389189,0.505112958942417
1982-02-17,0.35,281.33,-1.81,-1.81,358.04,3.2908782868101425,658.41,27.06629,750.88,3.17552224503765,2.27054970568104,0.715016154973943,0.219528466253919,0.207214753166224,16.85,1.1541095890411,212.45,3.09468317552804,0,-16.0641,4.11759799833194,1.37608385686463,0.451685660266874,1.30108445697626,0.601283991047423,33.3877563865537,51.0347891166449,14.7976986383577,0.969,3.95608738968062,3.43920674799665,0.832442903389189,0.505112958942417
1982-02-18,1.29,229.94,-2.48,-2.48,370.93,1.8898112934157254,658.41,27.06629,750.88,3.17552224503765,2.27054970568104,0.715016154973943,0.219528466253919,0.207214753166224,16.85,1.1541095890411,212.45,3.09468317552804,0,-16.0641,4.11759799833194,1.37608385686463,0.451685660266874,1.30108445697626,0.601283991047423,33.3877563865537,51.0347891166449,14.7976986383577,0.969,3.95608738968062,3.43920674799665,0.832442903389189,0.505112958942417
1982-02-19,2.34,189.22,-1.5,-1.5,421.22,1.3033181333901556,658.41,27.06629,750.88,3.17552224503765,2.27054970568104,0.715016154973943,0.219528466253919,0.207214753166224,16.85,1.1541095890411,212.45,3.09468317552804,0,-16.0641,4.11759799833194,1.37608385686463,0.451685660266874,1.30108445697626,0.601283991047423,33.3877563865537,51.0347891166449,14.7976986383577,0.969,3.95608738968062,3.43920674799665,0.832442903389189,0.505112958942417
1982-02-20,3.71,213.62,-1.36,-1.36,426.82,1.0426545067121245,658.41,27.06629,750.88,3.17552224503765,2.27054970568104,0.715016154973943,0.219528466253919,0.207214753166224,16.85,1.1541095890411,212.45,3.09468317552804,0,-16.0641,4.11759799833194,1.37608385686463,0.451685660266874,1.30108445697626,0.601283991047423,33.3877563865537,51.0347891166449,14.7976986383577,0.969,3.95608738968062,3.43920674799665,0.832442903389189,0.505112958942417
1982-02-21,2.38,178.58,-0.94,-0.94,435.33,0.9774886000426166,658.41,27.06629,750.88,3.17552224503765,2.27054970568104,0.715016154973943,0.219528466253919,0.207214753166224,16.85,1.1541095890411,212.45,3.09468317552804,0,-16.0641,4.11759799833194,1.37608385686463,0.451685660266874,1.30108445697626,0.601283991047423,33.3877563865537,51.0347891166449,14.7976986383577,0.969,3.95608738968062,3.43920674799665,0.832442903389189,0.505112958942417
1982-02-22,0.51,278.5,-3.0,-3.0,365.5,0.8471567867036011,658.41,27.06629,750.88,3.17552224503765,2.27054970568104,0.715016154973943,0.219528466253919,0.207214753166224,16.85,1.1541095890411,212.45,3.09468317552804,0,-16.0641,4.11759799833194,1.37608385686463,0.451685660266874,1.30108445697626,0.601283991047423,33.3877563865537,51.0347891166449,14.7976986383577,0.969,3.95608738968062,3.43920674799665,0.832442903389189,0.505112958942417
1982-02-23,1.36,294.42,-1.33,-1.33,364.98,0.7494079266993394,658.41,27.06629,750.88,3.17552224503765,2.27054970568104,0.715016154973943,0.219528466253919,0.207214753166224,16.85,1.1541095890411,212.45,3.09468317552804,0,-16.0641,4.11759799833194,1.37608385686463,0.451685660266874,1.30108445697626,0.601283991047423,33.3877563865537,51.0347891166449,14.7976986383577,0.969,3.95608738968062,3.43920674799665,0.832442903389189,0.505112958942417
1982-02-24,4.26,345.63,-4.76,-4.76,235.93,0.6842420200298316,658.41,27.06629,750.88,3.17552224503765,2.27054970568104,0.715016154973943,0.219528466253919,0.207214753166224,16.85,1.1541095890411,212.45,3.09468317552804,0,-16.0641,4.11759799833194,1.37608385686463,0.451685660266874,1.30108445697626,0.601283991047423,33.3877563865537,51.0347891166449,14.7976986383577,0.969,3.95608738968062,3.43920674799665,0.832442903389189,0.505112958942417
1982-02-25,1.1,390.74,-11.27,-11.27,140.13,0.553910206690816,658.41,27.06629,750.88,3.17552224503765,2.27054970568104,0.715016154973943,0.219528466253919,0.207214753166224,16.85,1.1541095890411,212.45,3.09468317552804,0,-16.0641,4.11759799833194,1.37608385686463,0.451685660266874,1.30108445697626,0.601283991047423,33.3877563865537,51.0347891166449,14.7976986383577,0.969,3.95608738968062,3.43920674799665,0.832442903389189,0.505112958942417
1982-02-26,0.02,471.91,-12.48,-12.48,111.85,0.5213272533560622,658.41,27.06629,750.88,3.17552224503765,2.27054970568104,0.715016154973943,0.219528466253919,0.207214753166224,16.85,1.1541095890411,212.45,3.09468317552804,0,-16.0641,4.11759799833194,1.37608385686463,0.451685660266874,1.30108445697626,0.601283991047423,33.3877563865537,51.0347891166449,14.7976986383577,0.969,3.95608738968062,3.43920674799665,0.832442903389189,0.505112958942417
1982-02-27,0.0,477.12,-9.16,-9.16,128.97,0.4887443000213083,658.41,27.06629,750.88,3.17552224503765,2.27054970568104,0.715016154973943,0.219528466253919,0.207214753166224,16.85,1.1541095890411,212.45,3.09468317552804,0,-16.0641,4.11759799833194,1.37608385686463,0.451685660266874,1.30108445697626,0.601283991047423,33.3877563865537,51.0347891166449,14.7976986383577,0.969,3.95608738968062,3.43920674799665,0.832442903389189,0.505112958942417
1982-02-28,0.0,474.69,-7.72,-7.72,153.64,0.45616134668655445,658.41,27.06629,750.88,3.17552224503765,2.27054970568104,0.715016154973943,0.219528466253919,0.207214753166224,16.85,1.1541095890411,212.45,3.09468317552804,0,-16.0641,4.11759799833194,1.37608385686463,0.451685660266874,1.30108445697626,0.601283991047423,33.3877563865537,51.0347891166449,14.7976986383577,0.969,3.95608738968062,3.43920674799665,0.832442903389189,0.505112958942417
1982-03-01,0.03,448.61,-5.92,-5.92,203.31,0.42357839335180053,658.41,27.06629,750.88,3.17552224503765,2.27054970568104,0.715016154973943,0.219528466253919,0.207214753166224,16.85,1.1541095890411,212.45,3.09468317552804,0,-16.0641,4.11759799833194,1.37608385686463,0.451685660266874,1.30108445697626,0.601283991047423,33.3877563865537,51.0347891166449,14.7976986383577,0.969,3.95608738968062,3.43920674799665,0.832442903389189,0.505112958942417
1982-03-02,0.45,293.49,-2.08,-2.08,304.88,0.42357839335180053,658.41,27.06629,750.88,3.17552224503765,2.27054970568104,0.715016154973943,0.219528466253919,0.207214753166224,16.85,1.1541095890411,212.45,3.09468317552804,0,-16.0641,4.11759799833194,1.37608385686463,0.451685660266874,1.30108445697626,0.601283991047423,33.3877563865537,51.0347891166449,14.7976986383577,0.969,3.95608738968062,3.43920674799665,0.832442903389189,0.505112958942417
1982-03-03,0.69,362.02,-9.06,-9.06,169.84,0.35841248668229275,658.41,27.06629,750.88,3.17552224503765,2.27054970568104,0.715016154973943,0.219528466253919,0.207214753166224,16.85,1.1541095890411,212.45,3.09468317552804,0,-16.0641,4.11759799833194,1.37608385686463,0.451685660266874,1.30108445697626,0.601283991047423,33.3877563865537,51.0347891166449,14.7976986383577,0.969,3.95608738968062,3.43920674799665,0.832442903389189,0.505112958942417
1982-03-04,2.97,384.96,-11.6,-11.6,147.39,0.3258295333475389,658.41,27.06629,750.88,3.17552224503765,2.27054970568104,0.715016154973943,0.219528466253919,0.207214753166224,16.85,1.1541095890411,212.45,3.09468317552804,0,-16.0641,4.11759799833194,1.37608385686463,0.451685660266874,1.30108445697626,0.601283991047423,33.3877563865537,51.0347891166449,14.7976986383577,0.969,3.95608738968062,3.43920674799665,0.832442903389189,0.505112958942417
1982-03-05,1.23,354.67,-3.35,-3.35,272.59,0.3127963520136373,658.41,27.06629,750.88,3.17552224503765,2.27054970568104,0.715016154973943,0.219528466253919,0.207214753166224,16.85,1.1541095890411,212.45,3.09468317552804,0,-16.0641,4.11759799833194,1.37608385686463,0.451685660266874,1.30108445697626,0.601283991047423,33.3877563865537,51.0347891166449,14.7976986383577,0.969,3.95608738968062,3.43920674799665,0.832442903389189,0.505112958942417
1982-03-06,4.11,390.47,-5.98,-5.98,208.78,0.30627976134668655,658.41,27.06629,750.88,3.17552224503765,2.27054970568104,0.715016154973943,0.219528466253919,0.207214753166224,16.85,1.1541095890411,212.45,3.09468317552804,0,-16.0641,4.11759799833194,1.37608385686463,0.451685660266874,1.30108445697626,0.601283991047423,33.3877563865537,51.0347891166449,14.7976986383577,0.969,3.95608738968062,3.43920674799665,0.832442903389189,0.505112958942417
1982-03-07,2.74,314.22,-4.21,-4.21,250.31,0.30627976134668655,658.41,27.06629,750.88,3.17552224503765,2.27054970568104,0.715016154973943,0.219528466253919,0.207214753166224,16.85,1.1541095890411,212.45,3.09468317552804,0,-16.0641,4.11759799833194,1.37608385686463,0.451685660266874,1.30108445697626,0.601283991047423,33.3877563865537,51.0347891166449,14.7976986383577,0.969,3.95608738968062,3.43920674799665,0.832442903389189,0.505112958942417
1982-03-08,2.5,392.19,-10.76,-10.76,145.1,0.29976317067973574,658.41,27.06629,750.88,3.17552224503765,2.27054970568104,0.715016154973943,0.219528466253919,0.207214753166224,16.85,1.1541095890411,212.45,3.09468317552804,0,-16.0641,4.11759799833194,1.37608385686463,0.451685660266874,1.30108445697626,0.601283991047423,33.3877563865537,51.0347891166449,14.7976986383577,0.969,3.95608738968062,3.43920674799665,0.832442903389189,0.505112958942417
1982-03-09,1.91,378.95,-8.8,-8.8,160.89,0.293246580012785,658.41,27.06629,750.88,3.17552224503765,2.27054970568104,0.715016154973943,0.219528466253919,0.207214753166224,16.85,1.1541095890411,212.45,3.09468317552804,0,-16.0641,4.11759799833194,1.37608385686463,0.451685660266874,1.30108445697626,0.601283991047423,33.3877563865537,51.0347891166449,14.7976986383577,0.969,3.95608738968062,3.43920674799665,0.832442903389189,0.505112958942417
1982-03-10,0.52,411.03,-8.8,-8.8,175.7,0.35841248668229275,658.41,27.06629,750.88,3.17552224503765,2.27054970568104,0.715016154973943,0.219528466253919,0.207214753166224,16.85,1.1541095890411,212.45,3.09468317552804,0,-16.0641,4.11759799833194,1.37608385686463,0.451685660266874,1.30108445697626,0.601283991047423,33.3877563865537,51.0347891166449,14.7976986383577,0.969,3.95608738968062,3.43920674799665,0.832442903389189,0.505112958942417
1982-03-11,1.08,386.07,1.59,1.59,414.1,0.42357839335180053,658.41,27.06629,750.88,3.17552224503765,2.27054970568104,0.715016154973943,0.219528466253919,0.207214753166224,16.85,1.1541095890411,212.45,3.09468317552804,0,-16.0641,4.11759799833194,1.37608385686463,0.451685660266874,1.30108445697626,0.601283991047423,33.3877563865537,51.0347891166449,14.7976986383577,0.969,3.95608738968062,3.43920674799665,0.832442903389189,0.505112958942417
1982-03-12,0.93,311.11,4.24,4.24,549.93,1.3033181333901556,658.41,27.06629,750.88,3.17552224503765,2.27054970568104,0.715016154973943,0.219528466253919,0.207214753166224,16.85,1.1541095890411,212.45,3.09468317552804,0,-16.0641,4.11759799833194,1.37608385686463,0.451685660266874,1.30108445697626,0.601283991047423,33.3877563865537,51.0347891166449,14.7976986383577,0.969,3.95608738968062,3.43920674799665,0.832442903389189,0.505112958942417
1982-03-13,1.6,355.01,3.63,3.63,520.43,7.819908800340933,658.41,27.06629,750.88,3.17552224503765,2.27054970568104,0.715016154973943,0.219528466253919,0.207214753166224,16.85,1.1541095890411,212.45,3.09468317552804,0,-16.0641,4.11759799833194,1.37608385686463,0.451685660266874,1.30108445697626,0.601283991047423,33.3877563865537,51.0347891166449,14.7976986383577,0.969,3.95608738968062,3.43920674799665,0.832442903389189,0.505112958942417
1982-03-14,1.27,342.44,3.08,3.08,482.52,9.05806102706158,658.41,27.06629,750.88,3.17552224503765,2.27054970568104,0.715016154973943,0.219528466253919,0.207214753166224,16.85,1.1541095890411,212.45,3.09468317552804,0,-16.0641,4.11759799833194,1.37608385686463,0.451685660266874,1.30108445697626,0.601283991047423,33.3877563865537,51.0347891166449,14.7976986383577,0.969,3.95608738968062,3.43920674799665,0.832442903389189,0.505112958942417
1982-03-15,0.24,478.29,0.17,0.17,381.84,5.343604346899637,658.41,27.06629,750.88,3.17552224503765,2.27054970568104,0.715016154973943,0.219528466253919,0.207214753166224,16.85,1.1541095890411,212.45,3.09468317552804,0,-16.0641,4.11759799833194,1.37608385686463,0.451685660266874,1.30108445697626,0.601283991047423,33.3877563865537,51.0347891166449,14.7976986383577,0.969,3.95608738968062,3.43920674799665,0.832442903389189,0.505112958942417
1982-03-16,5.21,290.91,0.65,0.65,452.0,4.040286213509482,658.41,27.06629,750.88,3.17552224503765,2.27054970568104,0.715016154973943,0.219528466253919,0.207214753166224,16.85,1.1541095890411,212.45,3.09468317552804,0,-16.0641,4.11759799833194,1.37608385686463,0.451685660266874,1.30108445697626,0.601283991047423,33.3877563865537,51.0347891166449,14.7976986383577,0.969,3.95608738968062,3.43920674799665,0.832442903389189,0.505112958942417
1982-03-17,1.69,220.11,1.34,1.34,515.97,3.8122055401662047,658.41,27.06629,750.88,3.17552224503765,2.27054970568104,0.715016154973943,0.219528466253919,0.207214753166224,16.85,1.1541095890411,212.45,3.09468317552804,0,-16.0641,4.11759799833194,1.37608385686463,0.451685660266874,1.30108445697626,0.601283991047423,33.3877563865537,51.0347891166449,14.7976986383577,0.969,3.95608738968062,3.43920674799665,0.832442903389189,0.505112958942417
1982-03-18,0.22,300.31,1.03,1.03,475.37,3.4537930534839116,658.41,27.06629,750.88,3.17552224503765,2.27054970568104,0.715016154973943,0.219528466253919,0.207214753166224,16.85,1.1541095890411,212.45,3.09468317552804,0,-16.0641,4.11759799833194,1.37608385686463,0.451685660266874,1.30108445697626,0.601283991047423,33.3877563865537,51.0347891166449,14.7976986383577,0.969,3.95608738968062,3.43920674799665,0.832442903389189,0.505112958942417
1982-03-19,0.04,410.81,0.75,0.75,436.17,3.779622586831451,658.41,27.06629,750.88,3.17552224503765,2.27054970568104,0.715016154973943,0.219528466253919,0.207214753166224,16.85,1.1541095890411,212.45,3.09468317552804,0,-16.0641,4.11759799833194,1.37608385686463,0.451685660266874,1.30108445697626,0.601283991047423,33.3877563865537,51.0347891166449,14.7976986383577,0.969,3.95608738968062,3.43920674799665,0.832442903389189,0.505112958942417
1982-03-20,0.0,436.41,1.19,1.19,458.81,3.486376006818666,658.41,27.06629,750.88,3.17552224503765,2.27054970568104,0.715016154973943,0.219528466253919,0.207214753166224,16.85,1.1541095890411,212.45,3.09468317552804,0,-16.0641,4.11759799833194,1.37608385686463,0.451685660266874,1.30108445697626,0.601283991047423,33.3877563865537,51.0347891166449,14.7976986383577,0.969,3.95608738968062,3.43920674799665,0.832442903389189,0.505112958942417
1982-03-21,0.3,322.59,4.29,4.29,566.27,5.343604346899637,658.41,27.06629,750.88,3.17552224503765,2.27054970568104,0.715016154973943,0.219528466253919,0.207214753166224,16.85,1.1541095890411,212.45,3.09468317552804,0,-16.0641,4.11759799833194,1.37608385686463,0.451685660266874,1.30108445697626,0.601283991047423,33.3877563865537,51.0347891166449,14.7976986383577,0.969,3.95608738968062,3.43920674799665,0.832442903389189,0.505112958942417
1982-03-22,0.14,353.48,1.48,1.48,456.38,5.1155236735563605,658.41,27.06629,750.88,3.17552224503765,2.27054970568104,0.715016154973943,0.219528466253919,0.207214753166224,16.85,1.1541095890411,212.45,3.09468317552804,0,-16.0641,4.11759799833194,1.37608385686463,0.451685660266874,1.30108445697626,0.601283991047423,33.3877563865537,51.0347891166449,14.7976986383577,0.969,3.95608738968062,3.43920674799665,0.832442903389189,0.505112958942417
1982-03-23,0.02,489.85,0.37,0.37,378.53,4.072869166844236,658.41,27.06629,750.88,3.17552224503765,2.27054970568104,0.715016154973943,0.219528466253919,0.207214753166224,16.85,1.1541095890411,212.45,3.09468317552804,0,-16.0641,4.11759799833194,1.37608385686463,0.451685660266874,1.30108445697626,0.601283991047423,33.3877563865537,51.0347891166449,14.7976986383577,0.969,3.95608738968062,3.43920674799665,0.832442903389189,0.505112958942417
1982-03-24,2.62,429.05,2.02,2.02,386.87,4.594196420200298,658.41,27.06629,750.88,3.17552224503765,2.27054970568104,0.715016154973943,0.219528466253919,0.207214753166224,16.85,1.1541095890411,212.45,3.09468317552804,0,-16.0641,4.11759799833194,1.37608385686463,0.451685660266874,1.30108445697626,0.601283991047423,33.3877563865537,51.0347891166449,14.7976986383577,0.969,3.95608738968062,3.43920674799665,0.832442903389189,0.505112958942417
1982-03-25,8.51,415.89,3.88,3.88,421.75,5.278438440230129,658.41,27.06629,750.88,3.17552224503765,2.27054970568104,0.715016154973943,0.219528466253919,0.207214753166224,16.85,1.1541095890411,212.45,3.09468317552804,0,-16.0641,4.11759799833194,1.37608385686463,0.451685660266874,1.30108445697626,0.601283991047423,33.3877563865537,51.0347891166449,14.7976986383577,0.969,3.95608738968062,3.43920674799665,0.832442903389189,0.505112958942417
1982-03-26,2.47,408.81,1.55,1.55,350.8,9.318724653739611,658.41,27.06629,750.88,3.17552224503765,2.27054970568104,0.715016154973943,0.219528466253919,0.207214753166224,16.85,1.1541095890411,212.45,3.09468317552804,0,-16.0641,4.11759799833194,1.37608385686463,0.451685660266874,1.30108445697626,0.601283991047423,33.3877563865537,51.0347891166449,14.7976986383577,0.969,3.95608738968062,3.43920674799665,0.832442903389189,0.505112958942417
1982-03-27,0.11,460.08,-6.4,-6.4,208.65,4.920025953547836,658.41,27.06629,750.88,3.17552224503765,2.27054970568104,0.715016154973943,0.219528466253919,0.207214753166224,16.85,1.1541095890411,212.45,3.09468317552804,0,-16.0641,4.11759799833194,1.37608385686463,0.451685660266874,1.30108445697626,0.601283991047423,33.3877563865537,51.0347891166449,14.7976986383577,0.969,3.95608738968062,3.43920674799665,0.832442903389189,0.505112958942417
1982-03-28,0.04,529.61,-7.57,-7.57,191.92,3.421210100149158,658.41,27.06629,750.88,3.17552224503765,2.27054970568104,0.715016154973943,0.219528466253919,0.207214753166224,16.85,1.1541095890411,212.45,3.09468317552804,0,-16.0641,4.11759799833194,1.37608385686463,0.451685660266874,1.30108445697626,0.601283991047423,33.3877563865537,51.0347891166449,14.7976986383577,0.969,3.95608738968062,3.43920674799665,0.832442903389189,0.505112958942417
1982-03-29,0.5,450.12,-2.5,-2.5,274.0,2.903141142126571,658.41,27.06629,750.88,3.17552224503765,2.27054970568104,0.715016154973943,0.219528466253919,0.207214753166224,16.85,1.1541095890411,212.45,3.09468317552804,0,-16.0641,4.11759799833194,1.37608385686463,0.451685660266874,1.30108445697626,0.601283991047423,33.3877563865537,51.0347891166449,14.7976986383577,0.969,3.95608738968062,3.43920674799665,0.832442903389189,0.505112958942417
1982-03-30,1.72,438.22,4.4,4.4,475.04,2.7662927381206046,658.41,27.06629,750.88,3.17552224503765,2.27054970568104,0.715016154973943,0.219528466253919,0.207214753166224,16.85,1.1541095890411,212.45,3.09468317552804,0,-16.0641,4.11759799833194,1.37608385686463,0.451685660266874,1.30108445697626,0.601283991047423,33.3877563865537,51.0347891166449,14.7976986383577,0.969,3.95608738968062,3.43920674799665,0.832442903389189,0.505112958942417
1982-03-31,4.48,406.01,10.56,10.56,701.17,5.213272533560622,658.41,27.06629,750.88,3.17552224503765,2.27054970568104,0.715016154973943,0.219528466253919,0.207214753166224,16.85,1.1541095890411,212.45,3.09468317552804,0,-16.0641,4.11759799833194,1.37608385686463,0.451685660266874,1.30108445697626,0.601283991047423,33.3877563865537,51.0347891166449,14.7976986383577,0.969,3.95608738968062,3.43920674799665,0.832442903389189,0.505112958942417
1982-04-01,1.08,509.96,5.77,5.77,494.92,6.7772542936288085,658.41,27.06629,750.88,3.17552224503765,2.27054970568104,0.715016154973943,0.219528466253919,0.207214753166224,16.85,1.1541095890411,212.45,3.09468317552804,0,-16.0641,4.11759799833194,1.37608385686463,0.451685660266874,1.30108445697626,0.601283991047423,33.3877563865537,51.0347891166449,14.7976986383577,0.969,3.95608738968062,3.43920674799665,0.832442903389189,0.505112958942417
1982-04-02,2.49,442.03,1.86,1.86,376.94,4.072869166844236,658.41,27.06629,750.88,3.17552224503765,2.27054970568104,0.715016154973943,0.219528466253919,0.207214753166224,16.85,1.1541095890411,212.45,3.09468317552804,0,-16.0641,4.11759799833194,1.37608385686463,0.451685660266874,1.30108445697626,0.601283991047423,33.3877563865537,51.0347891166449,14.7976986383577,0.969,3.95608738968062,3.43920674799665,0.832442903389189,0.505112958942417
1982-04-03,5.86,424.94,4.7,4.7,440.76,4.203200980183251,658.41,27.06629,750.88,3.17552224503765,2.27054970568104,0.715016154973943,0.219528466253919,0.207214753166224,16.85,1.1541095890411,212.45,3.09468317552804,0,-16.0641,4.11759799833194,1.37608385686463,0.451685660266874,1.30108445697626,0.601283991047423,33.3877563865537,51.0347891166449,14.7976986383577,0.969,3.95608738968062,3.43920674799665,0.832442903389189,0.505112958942417
1982-04-04,3.53,433.97,-1.0,-1.0,289.82,4.170618026848498,658.41,27.06629,750.88,3.17552224503765,2.27054970568104,0.715016154973943,0.219528466253919,0.207214753166224,16.85,1.1541095890411,212.45,3.09468317552804,0,-16.0641,4.11759799833194,1.37608385686463,0.451685660266874,1.30108445697626,0.601283991047423,33.3877563865537,51.0347891166449,14.7976986383577,0.969,3.95608738968062,3.43920674799665,0.832442903389189,0.505112958942417
1982-04-05,7.81,409.98,-4.35,-4.35,240.46,3.0465061367994886,658.41,27.06629,750.88,3.17552224503765,2.27054970568104,0.715016154973943,0.219528466253919,0.207214753166224,16.85,1.1541095890411,212.45,3.09468317552804,0,-16.0641,4.11759799833194,1.37608385686463,0.451685660266874,1.30108445697626,0.601283991047423,33.3877563865537,51.0347891166449,14.7976986383577,0.969,3.95608738968062,3.43920674799665,0.832442903389189,0.505112958942417
1982-04-06,4.55,397.61,-5.83,-5.83,217.07,2.6718021734498185,658.41,27.06629,750.88,3.17552224503765,2.27054970568104,0.715016154973943,0.219528466253919,0.207214753166224,16.85,1.1541095890411,212.45,3.09468317552804,0,-16.0641,4.11759799833194,1.37608385686463,0.451685660266874,1.30108445697626,0.601283991047423,33.3877563865537,51.0347891166449,14.7976986383577,0.969,3.95608738968062,3.43920674799665,0.832442903389189,0.505112958942417
1982-04-07,0.7,494.83,-9.31,-9.31,174.81,1.8898112934157254,658.41,27.06629,750.88,3.17552224503765,2.27054970568104,0.715016154973943,0.219528466253919,0.207214753166224,16.85,1.1541095890411,212.45,3.09468317552804,0,-16.0641,4.11759799833194,1.37608385686463,0.451685660266874,1.30108445697626,0.601283991047423,33.3877563865537,51.0347891166449,14.7976986383577,0.969,3.95608738968062,3.43920674799665,0.832442903389189,0.505112958942417
1982-04-08,0.0,566.88,-6.6,-6.6,204.85,1.8246453867462178,658.41,27.06629,750.88,3.17552224503765,2.27054970568104,0.715016154973943,0.219528466253919,0.207214753166224,16.85,1.1541095890411,212.45,3.09468317552804,0,-16.0641,4.11759799833194,1.37608385686463,0.451685660266874,1.30108445697626,0.601283991047423,33.3877563865537,51.0347891166449,14.7976986383577,0.969,3.95608738968062,3.43920674799665,0.832442903389189,0.505112958942417
1982-04-09,0.09,516.78,-3.33,-3.33,270.85,1.7594794800767097,658.41,27.06629,750.88,3.17552224503765,2.27054970568104,0.715016154973943,0.219528466253919,0.207214753166224,16.85,1.1541095890411,212.45,3.09468317552804,0,-16.0641,4.11759799833194,1.37608385686463,0.451685660266874,1.30108445697626,0.601283991047423,33.3877563865537,51.0347891166449,14.7976986383577,0.969,3.95608738968062,3.43920674799665,0.832442903389189,0.505112958942417
1982-04-10,0.23,433.64,-0.41,-0.41,345.32,1.853970044747496,658.41,27.06629,750.88,3.17552224503765,2.27054970568104,0.715016154973943,0.219528466253919,0.207214753166224,16.85,1.1541095890411,212.45,3.09468317552804,0,-16.0641,4.11759799833194,1.37608385686463,0.451685660266874,1.30108445697626,0.601283991047423,33.3877563865537,51.0347891166449,14.7976986383577,0.969,3.95608738968062,3.43920674799665,0.832442903389189,0.505112958942417
1982-04-11,1.1,388.1,0.38,0.38,391.51,2.036434583422118,658.41,27.06629,750.88,3.17552224503765,2.27054970568104,0.715016154973943,0.219528466253919,0.207214753166224,16.85,1.1541095890411,212.45,3.09468317552804,0,-16.0641,4.11759799833194,1.37608385686463,0.451685660266874,1.30108445697626,0.601283991047423,33.3877563865537,51.0347891166449,14.7976986383577,0.969,3.95608738968062,3.43920674799665,0.832442903389189,0.505112958942417
1982-04-12,0.42,412.43,1.33,1.33,439.62,1.8213870914127424,658.41,27.06629,750.88,3.17552224503765,2.27054970568104,0.715016154973943,0.219528466253919,0.207214753166224,16.85,1.1541095890411,212.45,3.09468317552804,0,-16.0641,4.11759799833194,1.37608385686463,0.451685660266874,1.30108445697626,0.601283991047423,33.3877563865537,51.0347891166449,14.7976986383577,0.969,3.95608738968062,3.43920674799665,0.832442903389189,0.505112958942417
1982-04-13,0.25,417.28,5.29,5.29,535.48,2.036434583422118,658.41,27.06629,750.88,3.17552224503765,2.27054970568104,0.715016154973943,0.219528466253919,0.207214753166224,16.85,1.1541095890411,212.45,3.09468317552804,0,-16.0641,4.11759799833194,1.37608385686463,0.451685660266874,1.30108445697626,0.601283991047423,33.3877563865537,51.0347891166449,14.7976986383577,0.969,3.95608738968062,3.43920674799665,0.832442903389189,0.505112958942417
1982-04-14,0.05,567.51,4.32,4.32,446.26,1.9810435627530363,658.41,27.06629,750.88,3.17552224503765,2.27054970568104,0.715016154973943,0.219528466253919,0.207214753166224,16.85,1.1541095890411,212.45,3.09468317552804,0,-16.0641,4.11759799833194,1.37608385686463,0.451685660266874,1.30108445697626,0.601283991047423,33.3877563865537,51.0347891166449,14.7976986383577,0.969,3.95608738968062,3.43920674799665,0.832442903389189,0.505112958942417
1982-04-15,0.0,609.31,5.39,5.39,463.51,1.6943135734072021,658.41,27.06629,750.88,3.17552224503765,2.27054970568104,0.715016154973943,0.219528466253919,0.207214753166224,16.85,1.1541095890411,212.45,3.09468317552804,0,-16.0641,4.11759799833194,1.37608385686463,0.451685660266874,1.30108445697626,0.601283991047423,33.3877563865537,51.0347891166449,14.7976986383577,0.969,3.95608738968062,3.43920674799665,0.832442903389189,0.505112958942417
1982-04-16,0.15,469.72,12.94,12.94,862.48,1.668247210739399,658.41,27.06629,750.88,3.17552224503765,2.27054970568104,0.715016154973943,0.219528466253919,0.207214753166224,16.85,1.1541095890411,212.45,3.09468317552804,0,-16.0641,4.11759799833194,1.37608385686463,0.451685660266874,1.30108445697626,0.601283991047423,33.3877563865537,51.0347891166449,14.7976986383577,0.969,3.95608738968062,3.43920674799665,0.832442903389189,0.505112958942417
1982-04-17,0.66,373.79,18.0,18.0,1162.49,1.7757709567440867,658.41,27.06629,750.88,3.17552224503765,2.27054970568104,0.715016154973943,0.219528466253919,0.207214753166224,16.85,1.1541095890411,212.45,3.09468317552804,0,-16.0641,4.11759799833194,1.37608385686463,0.451685660266874,1.30108445697626,0.601283991047423,33.3877563865537,51.0347891166449,14.7976986383577,0.969,3.95608738968062,3.43920674799665,0.832442903389189,0.505112958942417
1982-04-18,0.16,590.6,9.99,9.99,617.0,1.6975718687406773,658.41,27.06629,750.88,3.17552224503765,2.27054970568104,0.715016154973943,0.219528466253919,0.207214753166224,16.85,1.1541095890411,212.45,3.09468317552804,0,-16.0641,4.11759799833194,1.37608385686463,0.451685660266874,1.30108445697626,0.601283991047423,33.3877563865537,51.0347891166449,14.7976986383577,0.969,3.95608738968062,3.43920674799665,0.832442903389189,0.505112958942417
1982-04-19,0.91,480.57,7.22,7.22,533.68,1.4108418793948432,658.41,27.06629,750.88,3.17552224503765,2.27054970568104,0.715016154973943,0.219528466253919,0.207214753166224,16.85,1.1541095890411,212.45,3.09468317552804,0,-16.0641,4.11759799833194,1.37608385686463,0.451685660266874,1.30108445697626,0.601283991047423,33.3877563865537,51.0347891166449,14.7976986383577,0.969,3.95608738968062,3.43920674799665,0.832442903389189,0.505112958942417
1982-04-20,2.73,435.32,12.94,12.94,762.75,1.2772517707223523,658.41,27.06629,750.88,3.17552224503765,2.27054970568104,0.715016154973943,0.219528466253919,0.207214753166224,16.85,1.1541095890411,212.45,3.09468317552804,0,-16.0641,4.11759799833194,1.37608385686463,0.451685660266874,1.30108445697626,0.601283991047423,33.3877563865537,51.0347891166449,14.7976986383577,0.969,3.95608738968062,3.43920674799665,0.832442903389189,0.505112958942417
1982-04-21,0.67,582.29,8.44,8.44,507.06,1.3326427913914338,658.41,27.06629,750.88,3.17552224503765,2.27054970568104,0.715016154973943,0.219528466253919,0.207214753166224,16.85,1.1541095890411,212.45,3.09468317552804,0,-16.0641,4.11759799833194,1.37608385686463,0.451685660266874,1.30108445697626,0.601283991047423,33.3877563865537,51.0347891166449,14.7976986383577,0.969,3.95608738968062,3.43920674799665,0.832442903389189,0.505112958942417
1982-04-22,0.01,519.34,2.05,2.05,376.0,1.1110787087151075,658.41,27.06629,750.88,3.17552224503765,2.27054970568104,0.715016154973943,0.219528466253919,0.207214753166224,16.85,1.1541095890411,212.45,3.09468317552804,0,-16.0641,4.11759799833194,1.37608385686463,0.451685660266874,1.30108445697626,0.601283991047423,33.3877563865537,51.0347891166449,14.7976986383577,0.969,3.95608738968062,3.43920674799665,0.832442903389189,0.505112958942417
1982-04-23,0.0,605.58,3.46,3.46,400.32,0.9970383720434689,658.41,27.06629,750.88,3.17552224503765,2.27054970568104,0.715016154973943,0.219528466253919,0.207214753166224,16.85,1.1541095890411,212.45,3.09468317552804,0,-16.0641,4.11759799833194,1.37608385686463,0.451685660266874,1.30108445697626,0.601283991047423,33.3877563865537,51.0347891166449,14.7976986383577,0.969,3.95608738968062,3.43920674799665,0.832442903389189,0.505112958942417
1982-04-24,0.0,600.05,9.2,9.2,549.3,0.9220975793735351,658.41,27.06629,750.88,3.17552224503765,2.27054970568104,0.715016154973943,0.219528466253919,0.207214753166224,16.85,1.1541095890411,212.45,3.09468317552804,0,-16.0641,4.11759799833194,1.37608385686463,0.451685660266874,1.30108445697626,0.601283991047423,33.3877563865537,51.0347891166449,14.7976986383577,0.969,3.95608738968062,3.43920674799665,0.832442903389189,0.505112958942417
1982-04-25,0.25,479.5,10.96,10.96,637.71,0.8341236053696995,658.41,27.06629,750.88,3.17552224503765,2.27054970568104,0.715016154973943,0.219528466253919,0.207214753166224,16.85,1.1541095890411,212.45,3.09468317552804,0,-16.0641,4.11759799833194,1.37608385686463,0.451685660266874,1.30108445697626,0.601283991047423,33.3877563865537,51.0347891166449,14.7976986383577,0.969,3.95608738968062,3.43920674799665,0.832442903389189,0.505112958942417
1982-04-26,1.34,430.2,13.85,13.85,827.59,0.8276070147027488,658.41,27.06629,750.88,3.17552224503765,2.27054970568104,0.715016154973943,0.219528466253919,0.207214753166224,16.85,1.1541095890411,212.45,3.09468317552804,0,-16.0641,4.11759799833194,1.37608385686463,0.451685660266874,1.30108445697626,0.601283991047423,33.3877563865537,51.0347891166449,14.7976986383577,0.969,3.95608738968062,3.43920674799665,0.832442903389189,0.505112958942417
1982-04-27,0.42,359.32,10.04,10.04,704.95,0.8438984913701257,658.41,27.06629,750.88,3.17552224503765,2.27054970568104,0.715016154973943,0.219528466253919,0.207214753166224,16.85,1.1541095890411,212.45,3.09468317552804,0,-16.0641,4.11759799833194,1.37608385686463,0.451685660266874,1.30108445697626,0.601283991047423,33.3877563865537,51.0347891166449,14.7976986383577,0.969,3.95608738968062,3.43920674799665,0.832442903389189,0.505112958942417
1982-04-28,0.02,569.32,4.12,4.12,424.84,0.7461496313658639,658.41,27.06629,750.88,3.17552224503765,2.27054970568104,0.715016154973943,0.219528466253919,0.207214753166224,16.85,1.1541095890411,212.45,3.09468317552804,0,-16.0641,4.11759799833194,1.37608385686463,0.451685660266874,1.30108445697626,0.601283991047423,33.3877563865537,51.0347891166449,14.7976986383577,0.969,3.95608738968062,3.43920674799665,0.832442903389189,0.505112958942417
1982-04-29,0.0,617.47,4.29,4.29,381.82,0.6614339526955039,658.41,27.06629,750.88,3.17552224503765,2.27054970568104,0.715016154973943,0.219528466253919,0.207214753166224,16.85,1.1541095890411,212.45,3.09468317552804,0,-16.0641,4.11759799833194,1.37608385686463,0.451685660266874,1.30108445697626,0.601283991047423,33.3877563865537,51.0347891166449,14.7976986383577,0.969,3.95608738968062,3.43920674799665,0.832442903389189,0.505112958942417
1982-04-30,0.0,615.04,7.96,7.96,457.67,0.6093012273598977,658.41,27.06629,750.88,3.17552224503765,2.27054970568104,0.715016154973943,0.219528466253919,0.207214753166224,16.85,1.1541095890411,212.45,3.09468317552804,0,-16.0641,4.11759799833194,1.37608385686463,0.451685660266874,1.30108445697626,0.601283991047423,33.3877563865537,51.0347891166449,14.7976986383577,0.969,3.95608738968062,3.43920674799665,0.832442903389189,0.505112958942417
1982-05-01,0.0,594.07,8.65,8.65,484.0,0.5767182740251438,658.41,27.06629,750.88,3.17552224503765,2.27054970568104,0.715016154973943,0.219528466253919,0.207214753166224,16.85,1.1541095890411,212.45,3.09468317552804,0,-16.0641,4.11759799833194,1.37608385686463,0.451685660266874,1.30108445697626,0.601283991047423,33.3877563865537,51.0347891166449,14.7976986383577,0.969,3.95608738968062,3.43920674799665,0.832442903389189,0.505112958942417
1982-05-02,0.0,607.89,7.69,7.69,439.68,0.5832348646920946,658.41,27.06629,750.88,3.17552224503765,2.27054970568104,0.715016154973943,0.219528466253919,0.207214753166224,16.85,1.1541095890411,212.45,3.09468317552804,0,-16.0641,4.11759799833194,1.37608385686463,0.451685660266874,1.30108445697626,0.601283991047423,33.3877563865537,51.0347891166449,14.7976986383577,0.969,3.95608738968062,3.43920674799665,0.832442903389189,0.505112958942417
1982-05-03,0.0,604.53,8.45,8.45,450.13,0.58649316002557,658.41,27.06629,750.88,3.17552224503765,2.27054970568104,0.715016154973943,0.219528466253919,0.207214753166224,16.85,1.1541095890411,212.45,3.09468317552804,0,-16.0641,4.11759799833194,1.37608385686463,0.451685660266874,1.30108445697626,0.601283991047423,33.3877563865537,51.0347891166449,14.7976986383577,0.969,3.95608738968062,3.43920674799665,0.832442903389189,0.505112958942417
1982-05-04,0.0,614.12,7.8,7.8,416.94,0.5213272533560622,658.41,27.06629,750.88,3.17552224503765,2.27054970568104,0.715016154973943,0.219528466253919,0.207214753166224,16.85,1.1541095890411,212.45,3.09468317552804,0,-16.0641,4.11759799833194,1.37608385686463,0.451685660266874,1.30108445697626,0.601283991047423,33.3877563865537,51.0347891166449,14.7976986383577,0.969,3.95608738968062,3.43920674799665,0.832442903389189,0.505112958942417
1982-05-05,0.0,623.52,9.44,9.44,478.23,0.4594196420200298,658.41,27.06629,750.88,3.17552224503765,2.27054970568104,0.715016154973943,0.219528466253919,0.207214753166224,16.85,1.1541095890411,212.45,3.09468317552804,0,-16.0641,4.11759799833194,1.37608385686463,0.451685660266874,1.30108445697626,0.601283991047423,33.3877563865537,51.0347891166449,14.7976986383577,0.969,3.95608738968062,3.43920674799665,0.832442903389189,0.505112958942417
1982-05-06,1.8,479.1,15.13,15.13,753.2,0.4333532793522267,658.41,27.06629,750.88,3.17552224503765,2.27054970568104,0.715016154973943,0.219528466253919,0.207214753166224,16.85,1.1541095890411,212.45,3.09468317552804,0,-16.0641,4.11759799833194,1.37608385686463,0.451685660266874,1.30108445697626,0.601283991047423,33.3877563865537,51.0347891166449,14.7976986383577,0.969,3.95608738968062,3.43920674799665,0.832442903389189,0.505112958942417
1982-05-07,14.85,444.1,18.53,18.53,955.76,0.41054521201789895,658.41,27.06629,750.88,3.17552224503765,2.27054970568104,0.715016154973943,0.219528466253919,0.207214753166224,16.85,1.1541095890411,212.45,3.09468317552804,0,-16.0641,4.11759799833194,1.37608385686463,0.451685660266874,1.30108445697626,0.601283991047423,33.3877563865537,51.0347891166449,14.7976986383577,0.969,3.95608738968062,3.43920674799665,0.832442903389189,0.505112958942417
1982-05-08,11.75,435.43,16.84,16.84,876.66,2.1081170807585763,658.41,27.06629,750.88,3.17552224503765,2.27054970568104,0.715016154973943,0.219528466253919,0.207214753166224,16.85,1.1541095890411,212.45,3.09468317552804,0,-16.0641,4.11759799833194,1.37608385686463,0.451685660266874,1.30108445697626,0.601283991047423,33.3877563865537,51.0347891166449,14.7976986383577,0.969,3.95608738968062,3.43920674799665,0.832442903389189,0.505112958942417
1982-05-09,2.12,537.56,9.79,9.79,576.86,2.088567308757724,658.41,27.06629,750.88,3.17552224503765,2.27054970568104,0.715016154973943,0.219528466253919,0.207214753166224,16.85,1.1541095890411,212.45,3.09468317552804,0,-16.0641,4.11759799833194,1.37608385686463,0.451685660266874,1.30108445697626,0.601283991047423,33.3877563865537,51.0347891166449,14.7976986383577,0.969,3.95608738968062,3.43920674799665,0.832442903389189,0.505112958942417
1982-05-10,0.01,607.34,7.62,7.62,461.96,1.199052682718943,658.41,27.06629,750.88,3.17552224503765,2.27054970568104,0.715016154973943,0.219528466253919,0.207214753166224,16.85,1.1541095890411,212.45,3.09468317552804,0,-16.0641,4.11759799833194,1.37608385686463,0.451685660266874,1.30108445697626,0.601283991047423,33.3877563865537,51.0347891166449,14.7976986383577,0.969,3.95608738968062,3.43920674799665,0.832442903389189,0.505112958942417
1982-05-11,0.0,618.35,9.85,9.85,543.07,1.0035549627104197,658.41,27.06629,750.88,3.17552224503765,2.27054970568104,0.715016154973943,0.219528466253919,0.207214753166224,16.85,1.1541095890411,212.45,3.09468317552804,0,-16.0641,4.11759799833194,1.37608385686463,0.451685660266874,1.30108445697626,0.601283991047423,33.3877563865537,51.0347891166449,14.7976986383577,0.969,3.95608738968062,3.43920674799665,0.832442903389189,0.505112958942417
1982-05-12,0.1,495.49,15.11,15.11,783.06,0.9025478073726826,658.41,27.06629,750.88,3.17552224503765,2.27054970568104,0.715016154973943,0.219528466253919,0.207214753166224,16.85,1.1541095890411,212.45,3.09468317552804,0,-16.0641,4.11759799833194,1.37608385686463,0.451685660266874,1.30108445697626,0.601283991047423,33.3877563865537,51.0347891166449,14.7976986383577,0.969,3.95608738968062,3.43920674799665,0.832442903389189,0.505112958942417
1982-05-13,0.04,563.9,15.43,15.43,770.75,0.8276070147027488,658.41,27.06629,750.88,3.17552224503765,2.27054970568104,0.715016154973943,0.219528466253919,0.207214753166224,16.85,1.1541095890411,212.45,3.09468317552804,0,-16.0641,4.11759799833194,1.37608385686463,0.451685660266874,1.30108445697626,0.601283991047423,33.3877563865537,51.0347891166449,14.7976986383577,0.969,3.95608738968062,3.43920674799665,0.832442903389189,0.505112958942417
1982-05-14,0.0,582.97,13.13,13.13,645.11,0.7200832686980609,658.41,27.06629,750.88,3.17552224503765,2.27054970568104,0.715016154973943,0.219528466253919,0.207214753166224,16.85,1.1541095890411,212.45,3.09468317552804,0,-16.0641,4.11759799833194,1.37608385686463,0.451685660266874,1.30108445697626,0.601283991047423,33.3877563865537,51.0347891166449,14.7976986383577,0.969,3.95608738968062,3.43920674799665,0.832442903389189,0.505112958942417
1982-05-15,0.0,620.33,11.22,11.22,528.38,0.6418841806946515,658.41,27.06629,750.88,3.17552224503765,2.27054970568104,0.715016154973943,0.219528466253919,0.207214753166224,16.85,1.1541095890411,212.45,3.09468317552804,0,-16.0641,4.11759799833194,1.37608385686463,0.451685660266874,1.30108445697626,0.601283991047423,33.3877563865537,51.0347891166449,14.7976986383577,0.969,3.95608738968062,3.43920674799665,0.832442903389189,0.505112958942417
1982-05-16,0.26,471.42,13.35,13.35,687.91,0.58649316002557,658.41,27.06629,750.88,3.17552224503765,2.27054970568104,0.715016154973943,0.219528466253919,0.207214753166224,16.85,1.1541095890411,212.45,3.09468317552804,0,-16.0641,4.11759799833194,1.37608385686463,0.451685660266874,1.30108445697626,0.601283991047423,33.3877563865537,51.0347891166449,14.7976986383577,0.969,3.95608738968062,3.43920674799665,0.832442903389189,0.505112958942417
1982-05-17,0.13,522.66,16.64,16.64,896.53,0.5408770253569145,658.41,27.06629,750.88,3.17552224503765,2.27054970568104,0.715016154973943,0.219528466253919,0.207214753166224,16.85,1.1541095890411,212.45,3.09468317552804,0,-16.0641,4.11759799833194,1.37608385686463,0.451685660266874,1.30108445697626,0.601283991047423,33.3877563865537,51.0347891166449,14.7976986383577,0.969,3.95608738968062,3.43920674799665,0.832442903389189,0.505112958942417
1982-05-18,0.95,453.18,15.18,15.18,894.22,0.49526089068825907,658.41,27.06629,750.88,3.17552224503765,2.27054970568104,0.715016154973943,0.219528466253919,0.207214753166224,16.85,1.1541095890411,212.45,3.09468317552804,0,-16.0641,4.11759799833194,1.37608385686463,0.451685660266874,1.30108445697626,0.601283991047423,33.3877563865537,51.0347891166449,14.7976986383577,0.969,3.95608738968062,3.43920674799665,0.832442903389189,0.505112958942417
1982-05-19,7.88,400.57,18.66,18.66,1129.62,0.4854860046878329,658.41,27.06629,750.88,3.17552224503765,2.27054970568104,0.715016154973943,0.219528466253919,0.207214753166224,16.85,1.1541095890411,212.45,3.09468317552804,0,-16.0641,4.11759799833194,1.37608385686463,0.451685660266874,1.30108445697626,0.601283991047423,33.3877563865537,51.0347891166449,14.7976986383577,0.969,3.95608738968062,3.43920674799665,0.832442903389189,0.505112958942417
1982-05-20,4.32,348.3,16.53,16.53,1064.16,0.6744671340294054,658.41,27.06629,750.88,3.17552224503765,2.27054970568104,0.715016154973943,0.219528466253919,0.207214753166224,16.85,1.1541095890411,212.45,3.09468317552804,0,-16.0641,4.11759799833194,1.37608385686463,0.451685660266874,1.30108445697626,0.601283991047423,33.3877563865537,51.0347891166449,14.7976986383577,0.969,3.95608738968062,3.43920674799665,0.832442903389189,0.505112958942417
1982-05-21,5.98,367.91,13.62,13.62,910.52,0.5148106626891115,658.41,27.06629,750.88,3.17552224503765,2.27054970568104,0.715016154973943,0.219528466253919,0.207214753166224,16.85,1.1541095890411,212.45,3.09468317552804,0,-16.0641,4.11759799833194,1.37608385686463,0.451685660266874,1.30108445697626,0.601283991047423,33.3877563865537,51.0347891166449,14.7976986383577,0.969,3.95608738968062,3.43920674799665,0.832442903389189,0.505112958942417
1982-05-22,16.77,345.94,12.81,12.81,907.06,0.9644554187087151,658.41,27.06629,750.88,3.17552224503765,2.27054970568104,0.715016154973943,0.219528466253919,0.207214753166224,16.85,1.1541095890411,212.45,3.09468317552804,0,-16.0641,4.11759799833194,1.37608385686463,0.451685660266874,1.30108445697626,0.601283991047423,33.3877563865537,51.0347891166449,14.7976986383577,0.969,3.95608738968062,3.43920674799665,0.832442903389189,0.505112958942417
1982-05-23,6.45,194.49,10.58,10.58,947.77,1.7920624334114639,658.41,27.06629,750.88,3.17552224503765,2.27054970568104,0.715016154973943,0.219528466253919,0.207214753166224,16.85,1.1541095890411,212.45,3.09468317552804,0,-16.0641,4.11759799833194,1.37608385686463,0.451685660266874,1.30108445697626,0.601283991047423,33.3877563865537,51.0347891166449,14.7976986383577,0.969,3.95608738968062,3.43920674799665,0.832442903389189,0.505112958942417
1982-05-24,0.69,382.86,12.61,12.61,976.89,1.476007786064351,658.41,27.06629,750.88,3.17552224503765,2.27054970568104,0.715016154973943,0.219528466253919,0.207214753166224,16.85,1.1541095890411,212.45,3.09468317552804,0,-16.0641,4.11759799833194,1.37608385686463,0.451685660266874,1.30108445697626,0.601283991047423,33.3877563865537,51.0347891166449,14.7976986383577,0.969,3.95608738968062,3.43920674799665,0.832442903389189,0.505112958942417
1982-05-25,0.02,448.69,14.94,14.94,1014.39,1.1208535947155336,658.41,27.06629,750.88,3.17552224503765,2.27054970568104,0.715016154973943,0.219528466253919,0.207214753166224,16.85,1.1541095890411,212.45,3.09468317552804,0,-16.0641,4.11759799833194,1.37608385686463,0.451685660266874,1.30108445697626,0.601283991047423,33.3877563865537,51.0347891166449,14.7976986383577,0.969,3.95608738968062,3.43920674799665,0.832442903389189,0.505112958942417
1982-05-26,1.04,410.39,15.58,15.58,1022.96,0.9253558747070104,658.41,27.06629,750.88,3.17552224503765,2.27054970568104,0.715016154973943,0.219528466253919,0.207214753166224,16.85,1.1541095890411,212.45,3.09468317552804,0,-16.0641,4.11759799833194,1.37608385686463,0.451685660266874,1.30108445697626,0.601283991047423,33.3877563865537,51.0347891166449,14.7976986383577,0.969,3.95608738968062,3.43920674799665,0.832442903389189,0.505112958942417
1982-05-27,4.84,350.97,17.59,17.59,1238.66,0.8080572427018964,658.41,27.06629,750.88,3.17552224503765,2.27054970568104,0.715016154973943,0.219528466253919,0.207214753166224,16.85,1.1541095890411,212.45,3.09468317552804,0,-16.0641,4.11759799833194,1.37608385686463,0.451685660266874,1.30108445697626,0.601283991047423,33.3877563865537,51.0347891166449,14.7976986383577,0.969,3.95608738968062,3.43920674799665,0.832442903389189,0.505112958942417
1982-05-28,7.28,258.42,17.87,17.87,1376.17,1.114337004048583,658.41,27.06629,750.88,3.17552224503765,2.27054970568104,0.715016154973943,0.219528466253919,0.207214753166224,16.85,1.1541095890411,212.45,3.09468317552804,0,-16.0641,4.11759799833194,1.37608385686463,0.451685660266874,1.30108445697626,0.601283991047423,33.3877563865537,51.0347891166449,14.7976986383577,0.969,3.95608738968062,3.43920674799665,0.832442903389189,0.505112958942417
1982-05-29,3.18,329.27,17.37,17.37,1284.46,1.2511854080545493,658.41,27.06629,750.88,3.17552224503765,2.27054970568104,0.715016154973943,0.219528466253919,0.207214753166224,16.85,1.1541095890411,212.45,3.09468317552804,0,-16.0641,4.11759799833194,1.37608385686463,0.451685660266874,1.30108445697626,0.601283991047423,33.3877563865537,51.0347891166449,14.7976986383577,0.969,3.95608738968062,3.43920674799665,0.832442903389189,0.505112958942417
1982-05-30,1.27,275.57,16.35,16.35,1320.46,0.8829980353718304,658.41,27.06629,750.88,3.17552224503765,2.27054970568104,0.715016154973943,0.219528466253919,0.207214753166224,16.85,1.1541095890411,212.45,3.09468317552804,0,-16.0641,4.11759799833194,1.37608385686463,0.451685660266874,1.30108445697626,0.601283991047423,33.3877563865537,51.0347891166449,14.7976986383577,0.969,3.95608738968062,3.43920674799665,0.832442903389189,0.505112958942417
1982-05-31,3.01,301.96,18.81,18.81,1443.01,0.8210904240357979,658.41,27.06629,750.88,3.17552224503765,2.27054970568104,0.715016154973943,0.219528466253919,0.207214753166224,16.85,1.1541095890411,212.45,3.09468317552804,0,-16.0641,4.11759799833194,1.37608385686463,0.451685660266874,1.30108445697626,0.601283991047423,33.3877563865537,51.0347891166449,14.7976986383577,0.969,3.95608738968062,3.43920674799665,0.832442903389189,0.505112958942417
1982-06-01,6.01,347.95,18.12,18.12,1218.64,0.7331164500319624,658.41,27.06629,750.88,3.17552224503765,2.27054970568104,0.715016154973943,0.219528466253919,0.207214753166224,16.85,1.1541095890411,212.45,3.09468317552804,0,-16.0641,4.11759799833194,1.37608385686463,0.451685660266874,1.30108445697626,0.601283991047423,33.3877563865537,51.0347891166449,14.7976986383577,0.969,3.95608738968062,3.43920674799665,0.832442903389189,0.505112958942417
1982-06-02,2.83,435.6,13.6,13.6,835.4,1.1664697293841892,658.41,27.06629,750.88,3.17552224503765,2.27054970568104,0.715016154973943,0.219528466253919,0.207214753166224,16.85,1.1541095890411,212.45,3.09468317552804,0,-16.0641,4.11759799833194,1.37608385686463,0.451685660266874,1.30108445697626,0.601283991047423,33.3877563865537,51.0347891166449,14.7976986383577,0.969,3.95608738968062,3.43920674799665,0.832442903389189,0.505112958942417
1982-06-03,4.76,364.53,11.15,11.15,827.25,0.729858154698487,658.41,27.06629,750.88,3.17552224503765,2.27054970568104,0.715016154973943,0.219528466253919,0.207214753166224,16.85,1.1541095890411,212.45,3.09468317552804,0,-16.0641,4.11759799833194,1.37608385686463,0.451685660266874,1.30108445697626,0.601283991047423,33.3877563865537,51.0347891166449,14.7976986383577,0.969,3.95608738968062,3.43920674799665,0.832442903389189,0.505112958942417
1982-06-04,15.65,301.41,11.8,11.8,992.07,0.7689576987001917,658.41,27.06629,750.88,3.17552224503765,2.27054970568104,0.715016154973943,0.219528466253919,0.207214753166224,16.85,1.1541095890411,212.45,3.09468317552804,0,-16.0641,4.11759799833194,1.37608385686463,0.451685660266874,1.30108445697626,0.601283991047423,33.3877563865537,51.0347891166449,14.7976986383577,0.969,3.95608738968062,3.43920674799665,0.832442903389189,0.505112958942417
1982-06-05,31.76,158.4,12.76,12.76,1169.18,5.734599786916684,658.41,27.06629,750.88,3.17552224503765,2.27054970568104,0.715016154973943,0.219528466253919,0.207214753166224,16.85,1.1541095890411,212.45,3.09468317552804,0,-16.0641,4.11759799833194,1.37608385686463,0.451685660266874,1.30108445697626,0.601283991047423,33.3877563865537,51.0347891166449,14.7976986383577,0.969,3.95608738968062,3.43920674799665,0.832442903389189,0.505112958942417
1982-06-06,8.48,162.96,11.93,11.93,1127.06,11.371450713829105,658.41,27.06629,750.88,3.17552224503765,2.27054970568104,0.715016154973943,0.219528466253919,0.207214753166224,16.85,1.1541095890411,212.45,3.09468317552804,0,-16.0641,4.11759799833194,1.37608385686463,0.451685660266874,1.30108445697626,0.601283991047423,33.3877563865537,51.0347891166449,14.7976986383577,0.969,3.95608738968062,3.43920674799665,0.832442903389189,0.505112958942417
1982-06-07,0.3,469.96,13.88,13.88,1026.35,5.376187300234391,658.41,27.06629,750.88,3.17552224503765,2.27054970568104,0.715016154973943,0.219528466253919,0.207214753166224,16.85,1.1541095890411,212.45,3.09468317552804,0,-16.0641,4.11759799833194,1.37608385686463,0.451685660266874,1.30108445697626,0.601283991047423,33.3877563865537,51.0347891166449,14.7976986383577,0.969,3.95608738968062,3.43920674799665,0.832442903389189,0.505112958942417
1982-06-08,0.0,561.0,14.61,14.61,952.15,3.4537930534839116,658.41,27.06629,750.88,3.17552224503765,2.27054970568104,0.715016154973943,0.219528466253919,0.207214753166224,16.85,1.1541095890411,212.45,3.09468317552804,0,-16.0641,4.11759799833194,1.37608385686463,0.451685660266874,1.30108445697626,0.601283991047423,33.3877563865537,51.0347891166449,14.7976986383577,0.969,3.95608738968062,3.43920674799665,0.832442903389189,0.505112958942417
1982-06-09,0.44,508.47,16.74,16.74,1100.78,2.489337634775197,658.41,27.06629,750.88,3.17552224503765,2.27054970568104,0.715016154973943,0.219528466253919,0.207214753166224,16.85,1.1541095890411,212.45,3.09468317552804,0,-16.0641,4.11759799833194,1.37608385686463,0.451685660266874,1.30108445697626,0.601283991047423,33.3877563865537,51.0347891166449,14.7976986383577,0.969,3.95608738968062,3.43920674799665,0.832442903389189,0.505112958942417
1982-06-10,1.69,371.45,17.67,17.67,1254.21,1.9614937907521839,658.41,27.06629,750.88,3.17552224503765,2.27054970568104,0.715016154973943,0.219528466253919,0.207214753166224,16.85,1.1541095890411,212.45,3.09468317552804,0,-16.0641,4.11759799833194,1.37608385686463,0.451685660266874,1.30108445697626,0.601283991047423,33.3877563865537,51.0347891166449,14.7976986383577,0.969,3.95608738968062,3.43920674799665,0.832442903389189,0.505112958942417
1982-06-11,0.47,400.55,15.73,15.73,1149.45,1.7627377754101854,658.41,27.06629,750.88,3.17552224503765,2.27054970568104,0.715016154973943,0.219528466253919,0.207214753166224,16.85,1.1541095890411,212.45,3.09468317552804,0,-16.0641,4.11759799833194,1.37608385686463,0.451685660266874,1.30108445697626,0.601283991047423,33.3877563865537,51.0347891166449,14.7976986383577,0.969,3.95608738968062,3.43920674799665,0.832442903389189,0.505112958942417
1982-06-12,0.5,395.57,13.11,13.11,1001.22,1.3489342680588108,658.41,27.06629,750.88,3.17552224503765,2.27054970568104,0.715016154973943,0.219528466253919,0.207214753166224,16.85,1.1541095890411,212.45,3.09468317552804,0,-16.0641,4.11759799833194,1.37608385686463,0.451685660266874,1.30108445697626,0.601283991047423,33.3877563865537,51.0347891166449,14.7976986383577,0.969,3.95608738968062,3.43920674799665,0.832442903389189,0.505112958942417
1982-06-13,0.26,286.56,13.82,13.82,1124.6,1.1957943873854677,658.41,27.06629,750.88,3.17552224503765,2.27054970568104,0.715016154973943,0.219528466253919,0.207214753166224,16.85,1.1541095890411,212.45,3.09468317552804,0,-16.0641,4.11759799833194,1.37608385686463,0.451685660266874,1.30108445697626,0.601283991047423,33.3877563865537,51.0347891166449,14.7976986383577,0.969,3.95608738968062,3.43920674799665,0.832442903389189,0.505112958942417
1982-06-14,1.5,386.45,14.65,14.65,1064.38,1.039396211378649,658.41,27.06629,750.88,3.17552224503765,2.27054970568104,0.715016154973943,0.219528466253919,0.207214753166224,16.85,1.1541095890411,212.45,3.09468317552804,0,-16.0641,4.11759799833194,1.37608385686463,0.451685660266874,1.30108445697626,0.601283991047423,33.3877563865537,51.0347891166449,14.7976986383577,0.969,3.95608738968062,3.43920674799665,0.832442903389189,0.505112958942417
1982-06-15,11.92,430.82,14.6,14.6,1018.41,0.8634482633709779,658.41,27.06629,750.88,3.17552224503765,2.27054970568104,0.715016154973943,0.219528466253919,0.207214753166224,16.85,1.1541095890411,212.45,3.09468317552804,0,-16.0641,4.11759799833194,1.37608385686463,0.451685660266874,1.30108445697626,0.601283991047423,33.3877563865537,51.0347891166449,14.7976986383577,0.969,3.95608738968062,3.43920674799665,0.832442903389189,0.505112958942417
1982-06-16,25.65,359.21,17.37,17.37,1271.43,1.7920624334114639,658.41,27.06629,750.88,3.17552224503765,2.27054970568104,0.715016154973943,0.219528466253919,0.207214753166224,16.85,1.1541095890411,212.45,3.09468317552804,0,-16.0641,4.11759799833194,1.37608385686463,0.451685660266874,1.30108445697626,0.601283991047423,33.3877563865537,51.0347891166449,14.7976986383577,0.969,3.95608738968062,3.43920674799665,0.832442903389189,0.505112958942417
1982-06-17,5.95,464.55,15.88,15.88,1152.69,8.63448263370978,658.41,27.06629,750.88,3.17552224503765,2.27054970568104,0.715016154973943,0.219528466253919,0.207214753166224,16.85,1.1541095890411,212.45,3.09468317552804,0,-16.0641,4.11759799833194,1.37608385686463,0.451685660266874,1.30108445697626,0.601283991047423,33.3877563865537,51.0347891166449,14.7976986383577,0.969,3.95608738968062,3.43920674799665,0.832442903389189,0.505112958942417
1982-06-18,2.54,523.08,14.48,14.48,973.36,2.991115116130407,658.41,27.06629,750.88,3.17552224503765,2.27054970568104,0.715016154973943,0.219528466253919,0.207214753166224,16.85,1.1541095890411,212.45,3.09468317552804,0,-16.0641,4.11759799833194,1.37608385686463,0.451685660266874,1.30108445697626,0.601283991047423,33.3877563865537,51.0347891166449,14.7976986383577,0.969,3.95608738968062,3.43920674799665,0.832442903389189,0.505112958942417
1982-06-19,3.69,427.4,15.05,15.05,973.28,2.137441738759855,658.41,27.06629,750.88,3.17552224503765,2.27054970568104,0.715016154973943,0.219528466253919,0.207214753166224,16.85,1.1541095890411,212.45,3.09468317552804,0,-16.0641,4.11759799833194,1.37608385686463,0.451685660266874,1.30108445697626,0.601283991047423,33.3877563865537,51.0347891166449,14.7976986383577,0.969,3.95608738968062,3.43920674799665,0.832442903389189,0.505112958942417
1982-06-20,1.3,415.75,12.88,12.88,951.07,1.811612205412316,658.41,27.06629,750.88,3.17552224503765,2.27054970568104,0.715016154973943,0.219528466253919,0.207214753166224,16.85,1.1541095890411,212.45,3.09468317552804,0,-16.0641,4.11759799833194,1.37608385686463,0.451685660266874,1.30108445697626,0.601283991047423,33.3877563865537,51.0347891166449,14.7976986383577,0.969,3.95608738968062,3.43920674799665,0.832442903389189,0.505112958942417
1982-06-21,1.2,330.08,14.04,14.04,1070.35,1.4694911953974004,658.41,27.06629,750.88,3.17552224503765,2.27054970568104,0.715016154973943,0.219528466253919,0.207214753166224,16.85,1.1541095890411,212.45,3.09468317552804,0,-16.0641,4.11759799833194,1.37608385686463,0.451685660266874,1.30108445697626,0.601283991047423,33.3877563865537,51.0347891166449,14.7976986383577,0.969,3.95608738968062,3.43920674799665,0.832442903389189,0.505112958942417
1982-06-22,1.55,422.49,11.83,11.83,875.5,1.2544437033880247,658.41,27.06629,750.88,3.17552224503765,2.27054970568104,0.715016154973943,0.219528466253919,0.207214753166224,16.85,1.1541095890411,212.45,3.09468317552804,0,-16.0641,4.11759799833194,1.37608385686463,0.451685660266874,1.30108445697626,0.601283991047423,33.3877563865537,51.0347891166449,14.7976986383577,0.969,3.95608738968062,3.43920674799665,0.832442903389189,0.505112958942417
1982-06-23,0.33,515.69,12.49,12.49,883.58,1.1762446153846153,658.41,27.06629,750.88,3.17552224503765,2.27054970568104,0.715016154973943,0.219528466253919,0.207214753166224,16.85,1.1541095890411,212.45,3.09468317552804,0,-16.0641,4.11759799833194,1.37608385686463,0.451685660266874,1.30108445697626,0.601283991047423,33.3877563865537,51.0347891166449,14.7976986383577,0.969,3.95608738968062,3.43920674799665,0.832442903389189,0.505112958942417
1982-06-24,0.0,572.06,12.09,12.09,805.21,0.9546805327082889,658.41,27.06629,750.88,3.17552224503765,2.27054970568104,0.715016154973943,0.219528466253919,0.207214753166224,16.85,1.1541095890411,212.45,3.09468317552804,0,-16.0641,4.11759799833194,1.37608385686463,0.451685660266874,1.30108445697626,0.601283991047423,33.3877563865537,51.0347891166449,14.7976986383577,0.969,3.95608738968062,3.43920674799665,0.832442903389189,0.505112958942417
1982-06-25,0.01,580.13,13.55,13.55,921.63,0.8080572427018964,658.41,27.06629,750.88,3.17552224503765,2.27054970568104,0.715016154973943,0.219528466253919,0.207214753166224,16.85,1.1541095890411,212.45,3.09468317552804,0,-16.0641,4.11759799833194,1.37608385686463,0.451685660266874,1.30108445697626,0.601283991047423,33.3877563865537,51.0347891166449,14.7976986383577,0.969,3.95608738968062,3.43920674799665,0.832442903389189,0.505112958942417
1982-06-26,0.17,338.97,17.46,17.46,1361.2,0.7135666780311101,658.41,27.06629,750.88,3.17552224503765,2.27054970568104,0.715016154973943,0.219528466253919,0.207214753166224,16.85,1.1541095890411,212.45,3.09468317552804,0,-16.0641,4.11759799833194,1.37608385686463,0.451685660266874,1.30108445697626,0.601283991047423,33.3877563865537,51.0347891166449,14.7976986383577,0.969,3.95608738968062,3.43920674799665,0.832442903389189,0.505112958942417
1982-06-27,11.15,363.02,18.86,18.86,1473.81,0.6646922480289793,658.41,27.06629,750.88,3.17552224503765,2.27054970568104,0.715016154973943,0.219528466253919,0.207214753166224,16.85,1.1541095890411,212.45,3.09468317552804,0,-16.0641,4.11759799833194,1.37608385686463,0.451685660266874,1.30108445697626,0.601283991047423,33.3877563865537,51.0347891166449,14.7976986383577,0.969,3.95608738968062,3.43920674799665,0.832442903389189,0.505112958942417
1982-06-28,24.83,394.22,20.14,20.14,1526.12,0.8145738333688473,658.41,27.06629,750.88,3.17552224503765,2.27054970568104,0.715016154973943,0.219528466253919,0.207214753166224,16.85,1.1541095890411,212.45,3.09468317552804,0,-16.0641,4.11759799833194,1.37608385686463,0.451685660266874,1.30108445697626,0.601283991047423,33.3877563865537,51.0347891166449,14.7976986383577,0.969,3.95608738968062,3.43920674799665,0.832442903389189,0.505112958942417
1982-06-29,19.36,312.47,19.93,19.93,1581.48,13.619674493927123,658.41,27.06629,750.88,3.17552224503765,2.27054970568104,0.715016154973943,0.219528466253919,0.207214753166224,16.85,1.1541095890411,212.45,3.09468317552804,0,-16.0641,4.11759799833194,1.37608385686463,0.451685660266874,1.30108445697626,0.601283991047423,33.3877563865537,51.0347891166449,14.7976986383577,0.969,3.95608738968062,3.43920674799665,0.832442903389189,0.505112958942417
1982-06-30,3.59,415.31,16.99,16.99,1266.16,6.027846366929469,658.41,27.06629,750.88,3.17552224503765,2.27054970568104,0.715016154973943,0.219528466253919,0.207214753166224,16.85,1.1541095890411,212.45,3.09468317552804,0,-16.0641,4.11759799833194,1.37608385686463,0.451685660266874,1.30108445697626,0.601283991047423,33.3877563865537,51.0347891166449,14.7976986383577,0.969,3.95608738968062,3.43920674799665,0.832442903389189,0.505112958942417
1982-07-01,0.0,555.62,12.73,12.73,888.04,2.782584214787982,658.41,27.06629,750.88,3.17552224503765,2.27054970568104,0.715016154973943,0.219528466253919,0.207214753166224,16.85,1.1541095890411,212.45,3.09468317552804,0,-16.0641,4.11759799833194,1.37608385686463,0.451685660266874,1.30108445697626,0.601283991047423,33.3877563865537,51.0347891166449,14.7976986383577,0.969,3.95608738968062,3.43920674799665,0.832442903389189,0.505112958942417
1982-07-02,0.53,482.44,12.54,12.54,851.67,1.9745269720860854,658.41,27.06629,750.88,3.17552224503765,2.27054970568104,0.715016154973943,0.219528466253919,0.207214753166224,16.85,1.1541095890411,212.45,3.09468317552804,0,-16.0641,4.11759799833194,1.37608385686463,0.451685660266874,1.30108445697626,0.601283991047423,33.3877563865537,51.0347891166449,14.7976986383577,0.969,3.95608738968062,3.43920674799665,0.832442903389189,0.505112958942417
1982-07-03,0.91,401.41,13.63,13.63,1002.69,1.6258893714042189,658.41,27.06629,750.88,3.17552224503765,2.27054970568104,0.715016154973943,0.219528466253919,0.207214753166224,16.85,1.1541095890411,212.45,3.09468317552804,0,-16.0641,4.11759799833194,1.37608385686463,0.451685660266874,1.30108445697626,0.601283991047423,33.3877563865537,51.0347891166449,14.7976986383577,0.969,3.95608738968062,3.43920674799665,0.832442903389189,0.505112958942417
1982-07-04,0.22,430.65,14.45,14.45,1076.89,1.449941423396548,658.41,27.06629,750.88,3.17552224503765,2.27054970568104,0.715016154973943,0.219528466253919,0.207214753166224,16.85,1.1541095890411,212.45,3.09468317552804,0,-16.0641,4.11759799833194,1.37608385686463,0.451685660266874,1.30108445697626,0.601283991047423,33.3877563865537,51.0347891166449,14.7976986383577,0.969,3.95608738968062,3.43920674799665,0.832442903389189,0.505112958942417
1982-07-05,0.0,574.37,14.54,14.54,1024.16,1.1632114340507136,658.41,27.06629,750.88,3.17552224503765,2.27054970568104,0.715016154973943,0.219528466253919,0.207214753166224,16.85,1.1541095890411,212.45,3.09468317552804,0,-16.0641,4.11759799833194,1.37608385686463,0.451685660266874,1.30108445697626,0.601283991047423,33.3877563865537,51.0347891166449,14.7976986383577,0.969,3.95608738968062,3.43920674799665,0.832442903389189,0.505112958942417
1982-07-06,1.88,399.47,19.18,19.18,1415.72,0.9677137140421904,658.41,27.06629,750.88,3.17552224503765,2.27054970568104,0.715016154973943,0.219528466253919,0.207214753166224,16.85,1.1541095890411,212.45,3.09468317552804,0,-16.0641,4.11759799833194,1.37608385686463,0.451685660266874,1.30108445697626,0.601283991047423,33.3877563865537,51.0347891166449,14.7976986383577,0.969,3.95608738968062,3.43920674799665,0.832442903389189,0.505112958942417
1982-07-07,3.58,392.57,21.71,21.71,1607.17,0.8406401960366502,658.41,27.06629,750.88,3.17552224503765,2.27054970568104,0.715016154973943,0.219528466253919,0.207214753166224,16.85,1.1541095890411,212.45,3.09468317552804,0,-16.0641,4.11759799833194,1.37608385686463,0.451685660266874,1.30108445697626,0.601283991047423,33.3877563865537,51.0347891166449,14.7976986383577,0.969,3.95608738968062,3.43920674799665,0.832442903389189,0.505112958942417
1982-07-08,0.87,482.47,21.79,21.79,1549.89,0.905806102706158,658.41,27.06629,750.88,3.17552224503765,2.27054970568104,0.715016154973943,0.219528466253919,0.207214753166224,16.85,1.1541095890411,212.45,3.09468317552804,0,-16.0641,4.11759799833194,1.37608385686463,0.451685660266874,1.30108445697626,0.601283991047423,33.3877563865537,51.0347891166449,14.7976986383577,0.969,3.95608738968062,3.43920674799665,0.832442903389189,0.505112958942417
1982-07-09,0.02,541.09,19.21,19.21,1292.74,0.6809837246963562,658.41,27.06629,750.88,3.17552224503765,2.27054970568104,0.715016154973943,0.219528466253919,0.207214753166224,16.85,1.1541095890411,212.45,3.09468317552804,0,-16.0641,4.11759799833194,1.37608385686463,0.451685660266874,1.30108445697626,0.601283991047423,33.3877563865537,51.0347891166449,14.7976986383577,0.969,3.95608738968062,3.43920674799665,0.832442903389189,0.505112958942417
1982-07-10,1.82,420.27,18.92,18.92,1309.11,0.5734599786916684,658.41,27.06629,750.88,3.17552224503765,2.27054970568104,0.715016154973943,0.219528466253919,0.207214753166224,16.85,1.1541095890411,212.45,3.09468317552804,0,-16.0641,4.11759799833194,1.37608385686463,0.451685660266874,1.30108445697626,0.601283991047423,33.3877563865537,51.0347891166449,14.7976986383577,0.969,3.95608738968062,3.43920674799665,0.832442903389189,0.505112958942417
1982-07-11,1.41,378.34,20.66,20.66,1584.03,0.5245855486895376,658.41,27.06629,750.88,3.17552224503765,2.27054970568104,0.715016154973943,0.219528466253919,0.207214753166224,16.85,1.1541095890411,212.45,3.09468317552804,0,-16.0641,4.11759799833194,1.37608385686463,0.451685660266874,1.30108445697626,0.601283991047423,33.3877563865537,51.0347891166449,14.7976986383577,0.969,3.95608738968062,3.43920674799665,0.832442903389189,0.505112958942417
1982-07-12,0.26,381.39,20.0,20.0,1568.81,0.5506519113573407,658.41,27.06629,750.88,3.17552224503765,2.27054970568104,0.715016154973943,0.219528466253919,0.207214753166224,16.85,1.1541095890411,212.45,3.09468317552804,0,-16.0641,4.11759799833194,1.37608385686463,0.451685660266874,1.30108445697626,0.601283991047423,33.3877563865537,51.0347891166449,14.7976986383577,0.969,3.95608738968062,3.43920674799665,0.832442903389189,0.505112958942417
1982-07-13,0.0,526.29,18.73,18.73,1315.26,0.452903051353079,658.41,27.06629,750.88,3.17552224503765,2.27054970568104,0.715016154973943,0.219528466253919,0.207214753166224,16.85,1.1541095890411,212.45,3.09468317552804,0,-16.0641,4.11759799833194,1.37608385686463,0.451685660266874,1.30108445697626,0.601283991047423,33.3877563865537,51.0347891166449,14.7976986383577,0.969,3.95608738968062,3.43920674799665,0.832442903389189,0.505112958942417
1982-07-14,0.11,419.51,18.88,18.88,1295.72,0.39751203068399743,658.41,27.06629,750.88,3.17552224503765,2.27054970568104,0.715016154973943,0.219528466253919,0.207214753166224,16.85,1.1541095890411,212.45,3.09468317552804,0,-16.0641,4.11759799833194,1.37608385686463,0.451685660266874,1.30108445697626,0.601283991047423,33.3877563865537,51.0347891166449,14.7976986383577,0.969,3.95608738968062,3.43920674799665,0.832442903389189,0.505112958942417
1982-07-15,0.09,510.63,21.28,21.28,1484.52,0.38122055401662047,658.41,27.06629,750.88,3.17552224503765,2.27054970568104,0.715016154973943,0.219528466253919,0.207214753166224,16.85,1.1541095890411,212.45,3.09468317552804,0,-16.0641,4.11759799833194,1.37608385686463,0.451685660266874,1.30108445697626,0.601283991047423,33.3877563865537,51.0347891166449,14.7976986383577,0.969,3.95608738968062,3.43920674799665,0.832442903389189,0.505112958942417
1982-07-16,1.18,405.51,21.96,21.96,1610.9,0.3453793053483912,658.41,27.06629,750.88,3.17552224503765,2.27054970568104,0.715016154973943,0.219528466253919,0.207214753166224,16.85,1.1541095890411,212.45,3.09468317552804,0,-16.0641,4.11759799833194,1.37608385686463,0.451685660266874,1.30108445697626,0.601283991047423,33.3877563865537,51.0347891166449,14.7976986383577,0.969,3.95608738968062,3.43920674799665,0.832442903389189,0.505112958942417
1982-07-17,6.74,375.93,22.78,22.78,1747.05,0.3258295333475389,658.41,27.06629,750.88,3.17552224503765,2.27054970568104,0.715016154973943,0.219528466253919,0.207214753166224,16.85,1.1541095890411,212.45,3.09468317552804,0,-16.0641,4.11759799833194,1.37608385686463,0.451685660266874,1.30108445697626,0.601283991047423,33.3877563865537,51.0347891166449,14.7976986383577,0.969,3.95608738968062,3.43920674799665,0.832442903389189,0.505112958942417
1982-07-18,3.57,362.48,22.71,22.71,1812.0,0.42357839335180053,658.41,27.06629,750.88,3.17552224503765,2.27054970568104,0.715016154973943,0.219528466253919,0.207214753166224,16.85,1.1541095890411,212.45,3.09468317552804,0,-16.0641,4.11759799833194,1.37608385686463,0.451685660266874,1.30108445697626,0.601283991047423,33.3877563865537,51.0347891166449,14.7976986383577,0.969,3.95608738968062,3.43920674799665,0.832442903389189,0.505112958942417
1982-07-19,6.93,314.29,22.31,22.31,1824.89,0.38122055401662047,658.41,27.06629,750.88,3.17552224503765,2.27054970568104,0.715016154973943,0.219528466253919,0.207214753166224,16.85,1.1541095890411,212.45,3.09468317552804,0,-16.0641,4.11759799833194,1.37608385686463,0.451685660266874,1.30108445697626,0.601283991047423,33.3877563865537,51.0347891166449,14.7976986383577,0.969,3.95608738968062,3.43920674799665,0.832442903389189,0.505112958942417
1982-07-20,11.23,314.81,19.47,19.47,1485.95,0.5506519113573407,658.41,27.06629,750.88,3.17552224503765,2.27054970568104,0.715016154973943,0.219528466253919,0.207214753166224,16.85,1.1541095890411,212.45,3.09468317552804,0,-16.0641,4.11759799833194,1.37608385686463,0.451685660266874,1.30108445697626,0.601283991047423,33.3877563865537,51.0347891166449,14.7976986383577,0.969,3.95608738968062,3.43920674799665,0.832442903389189,0.505112958942417
1982-07-21,2.51,560.58,15.28,15.28,1020.26,0.511552367355636,658.41,27.06629,750.88,3.17552224503765,2.27054970568104,0.715016154973943,0.219528466253919,0.207214753166224,16.85,1.1541095890411,212.45,3.09468317552804,0,-16.0641,4.11759799833194,1.37608385686463,0.451685660266874,1.30108445697626,0.601283991047423,33.3877563865537,51.0347891166449,14.7976986383577,0.969,3.95608738968062,3.43920674799665,0.832442903389189,0.505112958942417
1982-07-22,0.0,558.17,16.74,16.74,1108.93,0.38447884935009585,658.41,27.06629,750.88,3.17552224503765,2.27054970568104,0.715016154973943,0.219528466253919,0.207214753166224,16.85,1.1541095890411,212.45,3.09468317552804,0,-16.0641,4.11759799833194,1.37608385686463,0.451685660266874,1.30108445697626,0.601283991047423,33.3877563865537,51.0347891166449,14.7976986383577,0.969,3.95608738968062,3.43920674799665,0.832442903389189,0.505112958942417
1982-07-23,0.0,487.43,18.53,18.53,1258.34,0.2834716940123588,658.41,27.06629,750.88,3.17552224503765,2.27054970568104,0.715016154973943,0.219528466253919,0.207214753166224,16.85,1.1541095890411,212.45,3.09468317552804,0,-16.0641,4.11759799833194,1.37608385686463,0.451685660266874,1.30108445697626,0.601283991047423,33.3877563865537,51.0347891166449,14.7976986383577,0.969,3.95608738968062,3.43920674799665,0.832442903389189,0.505112958942417
1982-07-24,0.0,564.92,16.15,16.15,1033.31,0.2606636266780311,658.41,27.06629,750.88,3.17552224503765,2.27054970568104,0.715016154973943,0.219528466253919,0.207214753166224,16.85,1.1541095890411,212.45,3.09468317552804,0,-16.0641,4.11759799833194,1.37608385686463,0.451685660266874,1.30108445697626,0.601283991047423,33.3877563865537,51.0347891166449,14.7976986383577,0.969,3.95608738968062,3.43920674799665,0.832442903389189,0.505112958942417
1982-07-25,0.0,557.93,18.16,18.16,1205.11,0.23785555934370337,658.41,27.06629,750.88,3.17552224503765,2.27054970568104,0.715016154973943,0.219528466253919,0.207214753166224,16.85,1.1541095890411,212.45,3.09468317552804,0,-16.0641,4.11759799833194,1.37608385686463,0.451685660266874,1.30108445697626,0.601283991047423,33.3877563865537,51.0347891166449,14.7976986383577,0.969,3.95608738968062,3.43920674799665,0.832442903389189,0.505112958942417
1982-07-26,4.9,377.75,20.85,20.85,1519.71,0.21830578734285105,658.41,27.06629,750.88,3.17552224503765,2.27054970568104,0.715016154973943,0.219528466253919,0.207214753166224,16.85,1.1541095890411,212.45,3.09468317552804,0,-16.0641,4.11759799833194,1.37608385686463,0.451685660266874,1.30108445697626,0.601283991047423,33.3877563865537,51.0347891166449,14.7976986383577,0.969,3.95608738968062,3.43920674799665,0.832442903389189,0.505112958942417
1982-07-27,17.25,357.1,19.02,19.02,1499.0,0.21504749200937565,658.41,27.06629,750.88,3.17552224503765,2.27054970568104,0.715016154973943,0.219528466253919,0.207214753166224,16.85,1.1541095890411,212.45,3.09468317552804,0,-16.0641,4.11759799833194,1.37608385686463,0.451685660266874,1.30108445697626,0.601283991047423,33.3877563865537,51.0347891166449,14.7976986383577,0.969,3.95608738968062,3.43920674799665,0.832442903389189,0.505112958942417
1982-07-28,9.13,223.29,18.73,18.73,1566.67,1.3326427913914338,658.41,27.06629,750.88,3.17552224503765,2.27054970568104,0.715016154973943,0.219528466253919,0.207214753166224,16.85,1.1541095890411,212.45,3.09468317552804,0,-16.0641,4.11759799833194,1.37608385686463,0.451685660266874,1.30108445697626,0.601283991047423,33.3877563865537,51.0347891166449,14.7976986383577,0.969,3.95608738968062,3.43920674799665,0.832442903389189,0.505112958942417
1982-07-29,1.3,502.03,16.04,16.04,1192.03,0.6646922480289793,658.41,27.06629,750.88,3.17552224503765,2.27054970568104,0.715016154973943,0.219528466253919,0.207214753166224,16.85,1.1541095890411,212.45,3.09468317552804,0,-16.0641,4.11759799833194,1.37608385686463,0.451685660266874,1.30108445697626,0.601283991047423,33.3877563865537,51.0347891166449,14.7976986383577,0.969,3.95608738968062,3.43920674799665,0.832442903389189,0.505112958942417
1982-07-30,0.0,532.38,15.85,15.85,1154.2,0.3714456680161943,658.41,27.06629,750.88,3.17552224503765,2.27054970568104,0.715016154973943,0.219528466253919,0.207214753166224,16.85,1.1541095890411,212.45,3.09468317552804,0,-16.0641,4.11759799833194,1.37608385686463,0.451685660266874,1.30108445697626,0.601283991047423,33.3877563865537,51.0347891166449,14.7976986383577,0.969,3.95608738968062,3.43920674799665,0.832442903389189,0.505112958942417
1982-07-31,0.0,461.17,18.61,18.61,1386.72,0.3030214660132111,658.41,27.06629,750.88,3.17552224503765,2.27054970568104,0.715016154973943,0.219528466253919,0.207214753166224,16.85,1.1541095890411,212.45,3.09468317552804,0,-16.0641,4.11759799833194,1.37608385686463,0.451685660266874,1.30108445697626,0.601283991047423,33.3877563865537,51.0347891166449,14.7976986383577,0.969,3.95608738968062,3.43920674799665,0.832442903389189,0.505112958942417
1982-08-01,0.81,454.83,17.91,17.91,1336.96,0.2671802173449819,658.41,27.06629,750.88,3.17552224503765,2.27054970568104,0.715016154973943,0.219528466253919,0.207214753166224,16.85,1.1541095890411,212.45,3.09468317552804,0,-16.0641,4.11759799833194,1.37608385686463,0.451685660266874,1.30108445697626,0.601283991047423,33.3877563865537,51.0347891166449,14.7976986383577,0.969,3.95608738968062,3.43920674799665,0.832442903389189,0.505112958942417
1982-08-02,2.76,361.49,18.15,18.15,1402.01,0.24437215001065415,658.41,27.06629,750.88,3.17552224503765,2.27054970568104,0.715016154973943,0.219528466253919,0.207214753166224,16.85,1.1541095890411,212.45,3.09468317552804,0,-16.0641,4.11759799833194,1.37608385686463,0.451685660266874,1.30108445697626,0.601283991047423,33.3877563865537,51.0347891166449,14.7976986383577,0.969,3.95608738968062,3.43920674799665,0.832442903389189,0.505112958942417
1982-08-03,2.2,331.66,18.58,18.58,1510.24,0.24111385467717877,658.41,27.06629,750.88,3.17552224503765,2.27054970568104,0.715016154973943,0.219528466253919,0.207214753166224,16.85,1.1541095890411,212.45,3.09468317552804,0,-16.0641,4.11759799833194,1.37608385686463,0.451685660266874,1.30108445697626,0.601283991047423,33.3877563865537,51.0347891166449,14.7976986383577,0.969,3.95608738968062,3.43920674799665,0.832442903389189,0.505112958942417
1982-08-04,4.99,357.84,20.35,20.35,1667.74,0.2802133986788834,658.41,27.06629,750.88,3.17552224503765,2.27054970568104,0.715016154973943,0.219528466253919,0.207214753166224,16.85,1.1541095890411,212.45,3.09468317552804,0,-16.0641,4.11759799833194,1.37608385686463,0.451685660266874,1.30108445697626,0.601283991047423,33.3877563865537,51.0347891166449,14.7976986383577,0.969,3.95608738968062,3.43920674799665,0.832442903389189,0.505112958942417
1982-08-05,1.21,377.93,21.72,21.72,1752.73,0.2834716940123588,658.41,27.06629,750.88,3.17552224503765,2.27054970568104,0.715016154973943,0.219528466253919,0.207214753166224,16.85,1.1541095890411,212.45,3.09468317552804,0,-16.0641,4.11759799833194,1.37608385686463,0.451685660266874,1.30108445697626,0.601283991047423,33.3877563865537,51.0347891166449,14.7976986383577,0.969,3.95608738968062,3.43920674799665,0.832442903389189,0.505112958942417
1982-08-06,0.0,493.79,18.28,18.28,1361.31,0.22808067334327722,658.41,27.06629,750.88,3.17552224503765,2.27054970568104,0.715016154973943,0.219528466253919,0.207214753166224,16.85,1.1541095890411,212.45,3.09468317552804,0,-16.0641,4.11759799833194,1.37608385686463,0.451685660266874,1.30108445697626,0.601283991047423,33.3877563865537,51.0347891166449,14.7976986383577,0.969,3.95608738968062,3.43920674799665,0.832442903389189,0.505112958942417
1982-08-07,1.16,406.93,18.77,18.77,1361.12,0.2020143106754741,658.41,27.06629,750.88,3.17552224503765,2.27054970568104,0.715016154973943,0.219528466253919,0.207214753166224,16.85,1.1541095890411,212.45,3.09468317552804,0,-16.0641,4.11759799833194,1.37608385686463,0.451685660266874,1.30108445697626,0.601283991047423,33.3877563865537,51.0347891166449,14.7976986383577,0.969,3.95608738968062,3.43920674799665,0.832442903389189,0.505112958942417
1982-08-08,6.74,326.78,19.71,19.71,1567.78,0.19875601534199872,658.41,27.06629,750.88,3.17552224503765,2.27054970568104,0.715016154973943,0.219528466253919,0.207214753166224,16.85,1.1541095890411,212.45,3.09468317552804,0,-16.0641,4.11759799833194,1.37608385686463,0.451685660266874,1.30108445697626,0.601283991047423,33.3877563865537,51.0347891166449,14.7976986383577,0.969,3.95608738968062,3.43920674799665,0.832442903389189,0.505112958942417
1982-08-09,4.18,296.88,19.85,19.85,1597.68,0.2802133986788834,658.41,27.06629,750.88,3.17552224503765,2.27054970568104,0.715016154973943,0.219528466253919,0.207214753166224,16.85,1.1541095890411,212.45,3.09468317552804,0,-16.0641,4.11759799833194,1.37608385686463,0.451685660266874,1.30108445697626,0.601283991047423,33.3877563865537,51.0347891166449,14.7976986383577,0.969,3.95608738968062,3.43920674799665,0.832442903389189,0.505112958942417
1982-08-10,0.65,453.19,16.22,16.22,1204.58,0.32257123801406345,658.41,27.06629,750.88,3.17552224503765,2.27054970568104,0.715016154973943,0.219528466253919,0.207214753166224,16.85,1.1541095890411,212.45,3.09468317552804,0,-16.0641,4.11759799833194,1.37608385686463,0.451685660266874,1.30108445697626,0.601283991047423,33.3877563865537,51.0347891166449,14.7976986383577,0.969,3.95608738968062,3.43920674799665,0.832442903389189,0.505112958942417
1982-08-11,0.0,517.89,13.44,13.44,939.81,0.2508887406776049,658.41,27.06629,750.88,3.17552224503765,2.27054970568104,0.715016154973943,0.219528466253919,0.207214753166224,16.85,1.1541095890411,212.45,3.09468317552804,0,-16.0641,4.11759799833194,1.37608385686463,0.451685660266874,1.30108445697626,0.601283991047423,33.3877563865537,51.0347891166449,14.7976986383577,0.969,3.95608738968062,3.43920674799665,0.832442903389189,0.505112958942417
1982-08-12,0.0,523.6,11.66,11.66,842.82,0.21504749200937565,658.41,27.06629,750.88,3.17552224503765,2.27054970568104,0.715016154973943,0.219528466253919,0.207214753166224,16.85,1.1541095890411,212.45,3.09468317552804,0,-16.0641,4.11759799833194,1.37608385686463,0.451685660266874,1.30108445697626,0.601283991047423,33.3877563865537,51.0347891166449,14.7976986383577,0.969,3.95608738968062,3.43920674799665,0.832442903389189,0.505112958942417
1982-08-13,0.0,499.34,12.53,12.53,959.26,0.19875601534199872,658.41,27.06629,750.88,3.17552224503765,2.27054970568104,0.715016154973943,0.219528466253919,0.207214753166224,16.85,1.1541095890411,212.45,3.09468317552804,0,-16.0641,4.11759799833194,1.37608385686463,0.451685660266874,1.30108445697626,0.601283991047423,33.3877563865537,51.0347891166449,14.7976986383577,0.969,3.95608738968062,3.43920674799665,0.832442903389189,0.505112958942417
1982-08-14,0.0,444.61,14.93,14.93,1121.95,0.19223942467504793,658.41,27.06629,750.88,3.17552224503765,2.27054970568104,0.715016154973943,0.219528466253919,0.207214753166224,16.85,1.1541095890411,212.45,3.09468317552804,0,-16.0641,4.11759799833194,1.37608385686463,0.451685660266874,1.30108445697626,0.601283991047423,33.3877563865537,51.0347891166449,14.7976986383577,0.969,3.95608738968062,3.43920674799665,0.832442903389189,0.505112958942417
1982-08-15,0.0,532.05,15.07,15.07,1054.57,0.18246453867462176,658.41,27.06629,750.88,3.17552224503765,2.27054970568104,0.715016154973943,0.219528466253919,0.207214753166224,16.85,1.1541095890411,212.45,3.09468317552804,0,-16.0641,4.11759799833194,1.37608385686463,0.451685660266874,1.30108445697626,0.601283991047423,33.3877563865537,51.0347891166449,14.7976986383577,0.969,3.95608738968062,3.43920674799665,0.832442903389189,0.505112958942417
1982-08-16,1.04,411.75,17.24,17.24,1193.25,0.1694313573407202,658.41,27.06629,750.88,3.17552224503765,2.27054970568104,0.715016154973943,0.219528466253919,0.207214753166224,16.85,1.1541095890411,212.45,3.09468317552804,0,-16.0641,4.11759799833194,1.37608385686463,0.451685660266874,1.30108445697626,0.601283991047423,33.3877563865537,51.0347891166449,14.7976986383577,0.969,3.95608738968062,3.43920674799665,0.832442903389189,0.505112958942417
1982-08-17,1.44,353.79,17.87,17.87,1251.82,0.16617306200724483,658.41,27.06629,750.88,3.17552224503765,2.27054970568104,0.715016154973943,0.219528466253919,0.207214753166224,16.85,1.1541095890411,212.45,3.09468317552804,0,-16.0641,4.11759799833194,1.37608385686463,0.451685660266874,1.30108445697626,0.601283991047423,33.3877563865537,51.0347891166449,14.7976986383577,0.969,3.95608738968062,3.43920674799665,0.832442903389189,0.505112958942417
1982-08-18,0.31,530.96,14.43,14.43,981.37,0.18246453867462176,658.41,27.06629,750.88,3.17552224503765,2.27054970568104,0.715016154973943,0.219528466253919,0.207214753166224,16.85,1.1541095890411,212.45,3.09468317552804,0,-16.0641,4.11759799833194,1.37608385686463,0.451685660266874,1.30108445697626,0.601283991047423,33.3877563865537,51.0347891166449,14.7976986383577,0.969,3.95608738968062,3.43920674799665,0.832442903389189,0.505112958942417
1982-08-19,4.84,396.13,15.21,15.21,1071.11,0.15965647134029404,658.41,27.06629,750.88,3.17552224503765,2.27054970568104,0.715016154973943,0.219528466253919,0.207214753166224,16.85,1.1541095890411,212.45,3.09468317552804,0,-16.0641,4.11759799833194,1.37608385686463,0.451685660266874,1.30108445697626,0.601283991047423,33.3877563865537,51.0347891166449,14.7976986383577,0.969,3.95608738968062,3.43920674799665,0.832442903389189,0.505112958942417
1982-08-20,7.06,314.15,17.36,17.36,1305.91,0.18898112934157255,658.41,27.06629,750.88,3.17552224503765,2.27054970568104,0.715016154973943,0.219528466253919,0.207214753166224,16.85,1.1541095890411,212.45,3.09468317552804,0,-16.0641,4.11759799833194,1.37608385686463,0.451685660266874,1.30108445697626,0.601283991047423,33.3877563865537,51.0347891166449,14.7976986383577,0.969,3.95608738968062,3.43920674799665,0.832442903389189,0.505112958942417
1982-08-21,1.98,333.27,13.88,13.88,1032.87,0.2313389686767526,658.41,27.06629,750.88,3.17552224503765,2.27054970568104,0.715016154973943,0.219528466253919,0.207214753166224,16.85,1.1541095890411,212.45,3.09468317552804,0,-16.0641,4.11759799833194,1.37608385686463,0.451685660266874,1.30108445697626,0.601283991047423,33.3877563865537,51.0347891166449,14.7976986383577,0.969,3.95608738968062,3.43920674799665,0.832442903389189,0.505112958942417
1982-08-22,0.83,388.52,8.93,8.93,779.16,0.17920624334114638,658.41,27.06629,750.88,3.17552224503765,2.27054970568104,0.715016154973943,0.219528466253919,0.207214753166224,16.85,1.1541095890411,212.45,3.09468317552804,0,-16.0641,4.11759799833194,1.37608385686463,0.451685660266874,1.30108445697626,0.601283991047423,33.3877563865537,51.0347891166449,14.7976986383577,0.969,3.95608738968062,3.43920674799665,0.832442903389189,0.505112958942417
1982-08-23,2.38,361.36,13.53,13.53,1070.04,0.15313988067334328,658.41,27.06629,750.88,3.17552224503765,2.27054970568104,0.715016154973943,0.219528466253919,0.207214753166224,16.85,1.1541095890411,212.45,3.09468317552804,0,-16.0641,4.11759799833194,1.37608385686463,0.451685660266874,1.30108445697626,0.601283991047423,33.3877563865537,51.0347891166449,14.7976986383577,0.969,3.95608738968062,3.43920674799665,0.832442903389189,0.505112958942417
1982-08-24,1.46,335.06,16.54,16.54,1309.27,0.1726896526741956,658.41,27.06629,750.88,3.17552224503765,2.27054970568104,0.715016154973943,0.219528466253919,0.207214753166224,16.85,1.1541095890411,212.45,3.09468317552804,0,-16.0641,4.11759799833194,1.37608385686463,0.451685660266874,1.30108445697626,0.601283991047423,33.3877563865537,51.0347891166449,14.7976986383577,0.969,3.95608738968062,3.43920674799665,0.832442903389189,0.505112958942417
1982-08-25,1.2,298.79,17.06,17.06,1321.06,0.15965647134029404,658.41,27.06629,750.88,3.17552224503765,2.27054970568104,0.715016154973943,0.219528466253919,0.207214753166224,16.85,1.1541095890411,212.45,3.09468317552804,0,-16.0641,4.11759799833194,1.37608385686463,0.451685660266874,1.30108445697626,0.601283991047423,33.3877563865537,51.0347891166449,14.7976986383577,0.969,3.95608738968062,3.43920674799665,0.832442903389189,0.505112958942417
1982-08-26,0.26,516.76,14.51,14.51,1044.85,0.15965647134029404,658.41,27.06629,750.88,3.17552224503765,2.27054970568104,0.715016154973943,0.219528466253919,0.207214753166224,16.85,1.1541095890411,212.45,3.09468317552804,0,-16.0641,4.11759799833194,1.37608385686463,0.451685660266874,1.30108445697626,0.601283991047423,33.3877563865537,51.0347891166449,14.7976986383577,0.969,3.95608738968062,3.43920674799665,0.832442903389189,0.505112958942417
1982-08-27,0.15,384.63,16.7,16.7,1150.25,0.1401066993394417,658.41,27.06629,750.88,3.17552224503765,2.27054970568104,0.715016154973943,0.219528466253919,0.207214753166224,16.85,1.1541095890411,212.45,3.09468317552804,0,-16.0641,4.11759799833194,1.37608385686463,0.451685660266874,1.30108445697626,0.601283991047423,33.3877563865537,51.0347891166449,14.7976986383577,0.969,3.95608738968062,3.43920674799665,0.832442903389189,0.505112958942417
1982-08-28,0.07,481.94,10.85,10.85,720.83,0.12707351800554018,658.41,27.06629,750.88,3.17552224503765,2.27054970568104,0.715016154973943,0.219528466253919,0.207214753166224,16.85,1.1541095890411,212.45,3.09468317552804,0,-16.0641,4.11759799833194,1.37608385686463,0.451685660266874,1.30108445697626,0.601283991047423,33.3877563865537,51.0347891166449,14.7976986383577,0.969,3.95608738968062,3.43920674799665,0.832442903389189,0.505112958942417
1982-08-29,0.32,402.25,7.69,7.69,626.96,0.12381522267206477,658.41,27.06629,750.88,3.17552224503765,2.27054970568104,0.715016154973943,0.219528466253919,0.207214753166224,16.85,1.1541095890411,212.45,3.09468317552804,0,-16.0641,4.11759799833194,1.37608385686463,0.451685660266874,1.30108445697626,0.601283991047423,33.3877563865537,51.0347891166449,14.7976986383577,0.969,3.95608738968062,3.43920674799665,0.832442903389189,0.505112958942417
1982-08-30,0.85,385.13,13.3,13.3,993.96,0.12055692733858939,658.41,27.06629,750.88,3.17552224503765,2.27054970568104,0.715016154973943,0.219528466253919,0.207214753166224,16.85,1.1541095890411,212.45,3.09468317552804,0,-16.0641,4.11759799833194,1.37608385686463,0.451685660266874,1.30108445697626,0.601283991047423,33.3877563865537,51.0347891166449,14.7976986383577,0.969,3.95608738968062,3.43920674799665,0.832442903389189,0.505112958942417
1982-08-31,2.11,314.58,17.52,17.52,1396.19,0.11729863200511399,658.41,27.06629,750.88,3.17552224503765,2.27054970568104,0.715016154973943,0.219528466253919,0.207214753166224,16.85,1.1541095890411,212.45,3.09468317552804,0,-16.0641,4.11759799833194,1.37608385686463,0.451685660266874,1.30108445697626,0.601283991047423,33.3877563865537,51.0347891166449,14.7976986383577,0.969,3.95608738968062,3.43920674799665,0.832442903389189,0.505112958942417
1982-09-01,3.76,288.88,18.97,18.97,1587.54,0.12055692733858939,658.41,27.06629,750.88,3.17552224503765,2.27054970568104,0.715016154973943,0.219528466253919,0.207214753166224,16.85,1.1541095890411,212.45,3.09468317552804,0,-16.0641,4.11759799833194,1.37608385686463,0.451685660266874,1.30108445697626,0.601283991047423,33.3877563865537,51.0347891166449,14.7976986383577,0.969,3.95608738968062,3.43920674799665,0.832442903389189,0.505112958942417
1982-09-02,3.23,259.13,19.24,19.24,1555.45,0.18246453867462176,658.41,27.06629,750.88,3.17552224503765,2.27054970568104,0.715016154973943,0.219528466253919,0.207214753166224,16.85,1.1541095890411,212.45,3.09468317552804,0,-16.0641,4.11759799833194,1.37608385686463,0.451685660266874,1.30108445697626,0.601283991047423,33.3877563865537,51.0347891166449,14.7976986383577,0.969,3.95608738968062,3.43920674799665,0.832442903389189,0.505112958942417
1982-09-03,0.73,377.15,14.38,14.38,1086.94,0.18572283400809714,658.41,27.06629,750.88,3.17552224503765,2.27054970568104,0.715016154973943,0.219528466253919,0.207214753166224,16.85,1.1541095890411,212.45,3.09468317552804,0,-16.0641,4.11759799833194,1.37608385686463,0.451685660266874,1.30108445697626,0.601283991047423,33.3877563865537,51.0347891166449,14.7976986383577,0.969,3.95608738968062,3.43920674799665,0.832442903389189,0.505112958942417
1982-09-04,0.03,437.47,12.49,12.49,922.29,0.15313988067334328,658.41,27.06629,750.88,3.17552224503765,2.27054970568104,0.715016154973943,0.219528466253919,0.207214753166224,16.85,1.1541095890411,212.45,3.09468317552804,0,-16.0641,4.11759799833194,1.37608385686463,0.451685660266874,1.30108445697626,0.601283991047423,33.3877563865537,51.0347891166449,14.7976986383577,0.969,3.95608738968062,3.43920674799665,0.832442903389189,0.505112958942417
1982-09-05,0.03,431.18,12.34,12.34,848.08,0.13359010867249094,658.41,27.06629,750.88,3.17552224503765,2.27054970568104,0.715016154973943,0.219528466253919,0.207214753166224,16.85,1.1541095890411,212.45,3.09468317552804,0,-16.0641,4.11759799833194,1.37608385686463,0.451685660266874,1.30108445697626,0.601283991047423,33.3877563865537,51.0347891166449,14.7976986383577,0.969,3.95608738968062,3.43920674799665,0.832442903389189,0.505112958942417
1982-09-06,0.26,417.97,14.14,14.14,879.67,0.12381522267206477,658.41,27.06629,750.88,3.17552224503765,2.27054970568104,0.715016154973943,0.219528466253919,0.207214753166224,16.85,1.1541095890411,212.45,3.09468317552804,0,-16.0641,4.11759799833194,1.37608385686463,0.451685660266874,1.30108445697626,0.601283991047423,33.3877563865537,51.0347891166449,14.7976986383577,0.969,3.95608738968062,3.43920674799665,0.832442903389189,0.505112958942417
1982-09-07,0.07,488.2,13.28,13.28,849.68,0.11404033667163861,658.41,27.06629,750.88,3.17552224503765,2.27054970568104,0.715016154973943,0.219528466253919,0.207214753166224,16.85,1.1541095890411,212.45,3.09468317552804,0,-16.0641,4.11759799833194,1.37608385686463,0.451685660266874,1.30108445697626,0.601283991047423,33.3877563865537,51.0347891166449,14.7976986383577,0.969,3.95608738968062,3.43920674799665,0.832442903389189,0.505112958942417
1982-09-08,0.0,478.3,13.0,13.0,872.84,0.10752374600468782,658.41,27.06629,750.88,3.17552224503765,2.27054970568104,0.715016154973943,0.219528466253919,0.207214753166224,16.85,1.1541095890411,212.45,3.09468317552804,0,-16.0641,4.11759799833194,1.37608385686463,0.451685660266874,1.30108445697626,0.601283991047423,33.3877563865537,51.0347891166449,14.7976986383577,0.969,3.95608738968062,3.43920674799665,0.832442903389189,0.505112958942417
1982-09-09,0.0,487.58,14.52,14.52,919.19,0.10752374600468782,658.41,27.06629,750.88,3.17552224503765,2.27054970568104,0.715016154973943,0.219528466253919,0.207214753166224,16.85,1.1541095890411,212.45,3.09468317552804,0,-16.0641,4.11759799833194,1.37608385686463,0.451685660266874,1.30108445697626,0.601283991047423,33.3877563865537,51.0347891166449,14.7976986383577,0.969,3.95608738968062,3.43920674799665,0.832442903389189,0.505112958942417
1982-09-10,0.0,487.27,15.77,15.77,976.19,0.10426545067121244,658.41,27.06629,750.88,3.17552224503765,2.27054970568104,0.715016154973943,0.219528466253919,0.207214753166224,16.85,1.1541095890411,212.45,3.09468317552804,0,-16.0641,4.11759799833194,1.37608385686463,0.451685660266874,1.30108445697626,0.601283991047423,33.3877563865537,51.0347891166449,14.7976986383577,0.969,3.95608738968062,3.43920674799665,0.832442903389189,0.505112958942417
1982-09-11,0.0,472.06,17.14,17.14,1107.38,0.10100715533773705,658.41,27.06629,750.88,3.17552224503765,2.27054970568104,0.715016154973943,0.219528466253919,0.207214753166224,16.85,1.1541095890411,212.45,3.09468317552804,0,-16.0641,4.11759799833194,1.37608385686463,0.451685660266874,1.30108445697626,0.601283991047423,33.3877563865537,51.0347891166449,14.7976986383577,0.969,3.95608738968062,3.43920674799665,0.832442903389189,0.505112958942417
1982-09-12,0.0,455.03,18.99,18.99,1280.89,0.09774886000426165,658.41,27.06629,750.88,3.17552224503765,2.27054970568104,0.715016154973943,0.219528466253919,0.207214753166224,16.85,1.1541095890411,212.45,3.09468317552804,0,-16.0641,4.11759799833194,1.37608385686463,0.451685660266874,1.30108445697626,0.601283991047423,33.3877563865537,51.0347891166449,14.7976986383577,0.969,3.95608738968062,3.43920674799665,0.832442903389189,0.505112958942417
1982-09-13,0.89,341.03,19.75,19.75,1385.86,0.09449056467078627,658.41,27.06629,750.88,3.17552224503765,2.27054970568104,0.715016154973943,0.219528466253919,0.207214753166224,16.85,1.1541095890411,212.45,3.09468317552804,0,-16.0641,4.11759799833194,1.37608385686463,0.451685660266874,1.30108445697626,0.601283991047423,33.3877563865537,51.0347891166449,14.7976986383577,0.969,3.95608738968062,3.43920674799665,0.832442903389189,0.505112958942417
1982-09-14,4.98,322.86,20.47,20.47,1496.11,0.09449056467078627,658.41,27.06629,750.88,3.17552224503765,2.27054970568104,0.715016154973943,0.219528466253919,0.207214753166224,16.85,1.1541095890411,212.45,3.09468317552804,0,-16.0641,4.11759799833194,1.37608385686463,0.451685660266874,1.30108445697626,0.601283991047423,33.3877563865537,51.0347891166449,14.7976986383577,0.969,3.95608738968062,3.43920674799665,0.832442903389189,0.505112958942417
1982-09-15,1.68,262.34,20.12,20.12,1558.0,0.11078204133816322,658.41,27.06629,750.88,3.17552224503765,2.27054970568104,0.715016154973943,0.219528466253919,0.207214753166224,16.85,1.1541095890411,212.45,3.09468317552804,0,-16.0641,4.11759799833194,1.37608385686463,0.451685660266874,1.30108445697626,0.601283991047423,33.3877563865537,51.0347891166449,14.7976986383577,0.969,3.95608738968062,3.43920674799665,0.832442903389189,0.505112958942417
1982-09-16,0.11,284.58,16.65,16.65,1303.53,0.11404033667163861,658.41,27.06629,750.88,3.17552224503765,2.27054970568104,0.715016154973943,0.219528466253919,0.207214753166224,16.85,1.1541095890411,212.45,3.09468317552804,0,-16.0641,4.11759799833194,1.37608385686463,0.451685660266874,1.30108445697626,0.601283991047423,33.3877563865537,51.0347891166449,14.7976986383577,0.969,3.95608738968062,3.43920674799665,0.832442903389189,0.505112958942417
1982-09-17,0.33,311.61,12.31,12.31,953.99,0.09774886000426165,658.41,27.06629,750.88,3.17552224503765,2.27054970568104,0.715016154973943,0.219528466253919,0.207214753166224,16.85,1.1541095890411,212.45,3.09468317552804,0,-16.0641,4.11759799833194,1.37608385686463,0.451685660266874,1.30108445697626,0.601283991047423,33.3877563865537,51.0347891166449,14.7976986383577,0.969,3.95608738968062,3.43920674799665,0.832442903389189,0.505112958942417
1982-09-18,0.32,302.84,11.51,11.51,846.27,0.09774886000426165,658.41,27.06629,750.88,3.17552224503765,2.27054970568104,0.715016154973943,0.219528466253919,0.207214753166224,16.85,1.1541095890411,212.45,3.09468317552804,0,-16.0641,4.11759799833194,1.37608385686463,0.451685660266874,1.30108445697626,0.601283991047423,33.3877563865537,51.0347891166449,14.7976986383577,0.969,3.95608738968062,3.43920674799665,0.832442903389189,0.505112958942417
1982-09-19,0.3,363.02,7.91,7.91,620.69,0.09449056467078627,658.41,27.06629,750.88,3.17552224503765,2.27054970568104,0.715016154973943,0.219528466253919,0.207214753166224,16.85,1.1541095890411,212.45,3.09468317552804,0,-16.0641,4.11759799833194,1.37608385686463,0.451685660266874,1.30108445697626,0.601283991047423,33.3877563865537,51.0347891166449,14.7976986383577,0.969,3.95608738968062,3.43920674799665,0.832442903389189,0.505112958942417
1982-09-20,1.74,348.98,10.15,10.15,707.84,0.09449056467078627,658.41,27.06629,750.88,3.17552224503765,2.27054970568104,0.715016154973943,0.219528466253919,0.207214753166224,16.85,1.1541095890411,212.45,3.09468317552804,0,-16.0641,4.11759799833194,1.37608385686463,0.451685660266874,1.30108445697626,0.601283991047423,33.3877563865537,51.0347891166449,14.7976986383577,0.969,3.95608738968062,3.43920674799665,0.832442903389189,0.505112958942417
1982-09-21,4.69,316.39,12.12,12.12,886.17,0.09449056467078627,658.41,27.06629,750.88,3.17552224503765,2.27054970568104,0.715016154973943,0.219528466253919,0.207214753166224,16.85,1.1541095890411,212.45,3.09468317552804,0,-16.0641,4.11759799833194,1.37608385686463,0.451685660266874,1.30108445697626,0.601283991047423,33.3877563865537,51.0347891166449,14.7976986383577,0.969,3.95608738968062,3.43920674799665,0.832442903389189,0.505112958942417
1982-09-22,8.41,214.55,12.64,12.64,1031.87,0.12381522267206477,658.41,27.06629,750.88,3.17552224503765,2.27054970568104,0.715016154973943,0.219528466253919,0.207214753166224,16.85,1.1541095890411,212.45,3.09468317552804,0,-16.0641,4.11759799833194,1.37608385686463,0.451685660266874,1.30108445697626,0.601283991047423,33.3877563865537,51.0347891166449,14.7976986383577,0.969,3.95608738968062,3.43920674799665,0.832442903389189,0.505112958942417
1982-09-23,2.03,217.22,9.91,9.91,926.89,0.15313988067334328,658.41,27.06629,750.88,3.17552224503765,2.27054970568104,0.715016154973943,0.219528466253919,0.207214753166224,16.85,1.1541095890411,212.45,3.09468317552804,0,-16.0641,4.11759799833194,1.37608385686463,0.451685660266874,1.30108445697626,0.601283991047423,33.3877563865537,51.0347891166449,14.7976986383577,0.969,3.95608738968062,3.43920674799665,0.832442903389189,0.505112958942417
1982-09-24,0.03,390.52,10.65,10.65,892.02,0.12381522267206477,658.41,27.06629,750.88,3.17552224503765,2.27054970568104,0.715016154973943,0.219528466253919,0.207214753166224,16.85,1.1541095890411,212.45,3.09468317552804,0,-16.0641,4.11759799833194,1.37608385686463,0.451685660266874,1.30108445697626,0.601283991047423,33.3877563865537,51.0347891166449,14.7976986383577,0.969,3.95608738968062,3.43920674799665,0.832442903389189,0.505112958942417
1982-09-25,5.88,291.73,12.97,12.97,982.97,0.11729863200511399,658.41,27.06629,750.88,3.17552224503765,2.27054970568104,0.715016154973943,0.219528466253919,0.207214753166224,16.85,1.1541095890411,212.45,3.09468317552804,0,-16.0641,4.11759799833194,1.37608385686463,0.451685660266874,1.30108445697626,0.601283991047423,33.3877563865537,51.0347891166449,14.7976986383577,0.969,3.95608738968062,3.43920674799665,0.832442903389189,0.505112958942417
1982-09-26,11.43,278.8,11.66,11.66,949.87,0.13033181333901556,658.41,27.06629,750.88,3.17552224503765,2.27054970568104,0.715016154973943,0.219528466253919,0.207214753166224,16.85,1.1541095890411,212.45,3.09468317552804,0,-16.0641,4.11759799833194,1.37608385686463,0.451685660266874,1.30108445697626,0.601283991047423,33.3877563865537,51.0347891166449,14.7976986383577,0.969,3.95608738968062,3.43920674799665,0.832442903389189,0.505112958942417
1982-09-27,4.32,160.41,12.13,12.13,1088.27,0.3193129426805881,658.41,27.06629,750.88,3.17552224503765,2.27054970568104,0.715016154973943,0.219528466253919,0.207214753166224,16.85,1.1541095890411,212.45,3.09468317552804,0,-16.0641,4.11759799833194,1.37608385686463,0.451685660266874,1.30108445697626,0.601283991047423,33.3877563865537,51.0347891166449,14.7976986383577,0.969,3.95608738968062,3.43920674799665,0.832442903389189,0.505112958942417
1982-09-28,1.31,154.94,11.63,11.63,1102.58,0.2020143106754741,658.41,27.06629,750.88,3.17552224503765,2.27054970568104,0.715016154973943,0.219528466253919,0.207214753166224,16.85,1.1541095890411,212.45,3.09468317552804,0,-16.0641,4.11759799833194,1.37608385686463,0.451685660266874,1.30108445697626,0.601283991047423,33.3877563865537,51.0347891166449,14.7976986383577,0.969,3.95608738968062,3.43920674799665,0.832442903389189,0.505112958942417
1982-09-29,0.23,302.11,13.26,13.26,1083.75,0.15965647134029404,658.41,27.06629,750.88,3.17552224503765,2.27054970568104,0.715016154973943,0.219528466253919,0.207214753166224,16.85,1.1541095890411,212.45,3.09468317552804,0,-16.0641,4.11759799833194,1.37608385686463,0.451685660266874,1.30108445697626,0.601283991047423,33.3877563865537,51.0347891166449,14.7976986383577,0.969,3.95608738968062,3.43920674799665,0.832442903389189,0.505112958942417
1982-09-30,0.0,414.36,12.9,12.9,911.56,0.1401066993394417,658.41,27.06629,750.88,3.17552224503765,2.27054970568104,0.715016154973943,0.219528466253919,0.207214753166224,16.85,1.1541095890411,212.45,3.09468317552804,0,-16.0641,4.11759799833194,1.37608385686463,0.451685660266874,1.30108445697626,0.601283991047423,33.3877563865537,51.0347891166449,14.7976986383577,0.969,3.95608738968062,3.43920674799665,0.832442903389189,0.505112958942417
1982-10-01,0.0,417.54,14.41,14.41,907.12,0.13033181333901556,658.41,27.06629,750.88,3.17552224503765,2.27054970568104,0.715016154973943,0.219528466253919,0.207214753166224,16.85,1.1541095890411,212.45,3.09468317552804,0,-16.0641,4.11759799833194,1.37608385686463,0.451685660266874,1.30108445697626,0.601283991047423,33.3877563865537,51.0347891166449,14.7976986383577,0.969,3.95608738968062,3.43920674799665,0.832442903389189,0.505112958942417
1982-10-02,0.08,373.03,13.28,13.28,856.47,0.11404033667163861,658.41,27.06629,750.88,3.17552224503765,2.27054970568104,0.715016154973943,0.219528466253919,0.207214753166224,16.85,1.1541095890411,212.45,3.09468317552804,0,-16.0641,4.11759799833194,1.37608385686463,0.451685660266874,1.30108445697626,0.601283991047423,33.3877563865537,51.0347891166449,14.7976986383577,0.969,3.95608738968062,3.43920674799665,0.832442903389189,0.505112958942417
1982-10-03,0.07,388.73,12.66,12.66,799.28,0.10752374600468782,658.41,27.06629,750.88,3.17552224503765,2.27054970568104,0.715016154973943,0.219528466253919,0.207214753166224,16.85,1.1541095890411,212.45,3.09468317552804,0,-16.0641,4.11759799833194,1.37608385686463,0.451685660266874,1.30108445697626,0.601283991047423,33.3877563865537,51.0347891166449,14.7976986383577,0.969,3.95608738968062,3.43920674799665,0.832442903389189,0.505112958942417
1982-10-04,0.01,400.24,13.62,13.62,848.26,0.10426545067121244,658.41,27.06629,750.88,3.17552224503765,2.27054970568104,0.715016154973943,0.219528466253919,0.207214753166224,16.85,1.1541095890411,212.45,3.09468317552804,0,-16.0641,4.11759799833194,1.37608385686463,0.451685660266874,1.30108445697626,0.601283991047423,33.3877563865537,51.0347891166449,14.7976986383577,0.969,3.95608738968062,3.43920674799665,0.832442903389189,0.505112958942417
1982-10-05,0.0,416.09,12.13,12.13,757.1,0.09774886000426165,658.41,27.06629,750.88,3.17552224503765,2.27054970568104,0.715016154973943,0.219528466253919,0.207214753166224,16.85,1.1541095890411,212.45,3.09468317552804,0,-16.0641,4.11759799833194,1.37608385686463,0.451685660266874,1.30108445697626,0.601283991047423,33.3877563865537,51.0347891166449,14.7976986383577,0.969,3.95608738968062,3.43920674799665,0.832442903389189,0.505112958942417
1982-10-06,0.51,375.41,14.05,14.05,870.07,0.09123226933731088,658.41,27.06629,750.88,3.17552224503765,2.27054970568104,0.715016154973943,0.219528466253919,0.207214753166224,16.85,1.1541095890411,212.45,3.09468317552804,0,-16.0641,4.11759799833194,1.37608385686463,0.451685660266874,1.30108445697626,0.601283991047423,33.3877563865537,51.0347891166449,14.7976986383577,0.969,3.95608738968062,3.43920674799665,0.832442903389189,0.505112958942417
1982-10-07,1.98,273.64,15.38,15.38,1063.87,0.09123226933731088,658.41,27.06629,750.88,3.17552224503765,2.27054970568104,0.715016154973943,0.219528466253919,0.207214753166224,16.85,1.1541095890411,212.45,3.09468317552804,0,-16.0641,4.11759799833194,1.37608385686463,0.451685660266874,1.30108445697626,0.601283991047423,33.3877563865537,51.0347891166449,14.7976986383577,0.969,3.95608738968062,3.43920674799665,0.832442903389189,0.505112958942417
1982-10-08,0.51,355.5,15.75,15.75,1069.8,0.09774886000426165,658.41,27.06629,750.88,3.17552224503765,2.27054970568104,0.715016154973943,0.219528466253919,0.207214753166224,16.85,1.1541095890411,212.45,3.09468317552804,0,-16.0641,4.11759799833194,1.37608385686463,0.451685660266874,1.30108445697626,0.601283991047423,33.3877563865537,51.0347891166449,14.7976986383577,0.969,3.95608738968062,3.43920674799665,0.832442903389189,0.505112958942417
1982-10-09,0.01,365.39,12.98,12.98,913.39,0.09774886000426165,658.41,27.06629,750.88,3.17552224503765,2.27054970568104,0.715016154973943,0.219528466253919,0.207214753166224,16.85,1.1541095890411,212.45,3.09468317552804,0,-16.0641,4.11759799833194,1.37608385686463,0.451685660266874,1.30108445697626,0.601283991047423,33.3877563865537,51.0347891166449,14.7976986383577,0.969,3.95608738968062,3.43920674799665,0.832442903389189,0.505112958942417
1982-10-10,1.1,217.72,11.5,11.5,930.52,0.09123226933731088,658.41,27.06629,750.88,3.17552224503765,2.27054970568104,0.715016154973943,0.219528466253919,0.207214753166224,16.85,1.1541095890411,212.45,3.09468317552804,0,-16.0641,4.11759799833194,1.37608385686463,0.451685660266874,1.30108445697626,0.601283991047423,33.3877563865537,51.0347891166449,14.7976986383577,0.969,3.95608738968062,3.43920674799665,0.832442903389189,0.505112958942417
1982-10-11,3.38,173.95,9.1,9.1,884.02,0.09123226933731088,658.41,27.06629,750.88,3.17552224503765,2.27054970568104,0.715016154973943,0.219528466253919,0.207214753166224,16.85,1.1541095890411,212.45,3.09468317552804,0,-16.0641,4.11759799833194,1.37608385686463,0.451685660266874,1.30108445697626,0.601283991047423,33.3877563865537,51.0347891166449,14.7976986383577,0.969,3.95608738968062,3.43920674799665,0.832442903389189,0.505112958942417
1982-10-12,0.82,231.15,9.62,9.62,914.58,0.10426545067121244,658.41,27.06629,750.88,3.17552224503765,2.27054970568104,0.715016154973943,0.219528466253919,0.207214753166224,16.85,1.1541095890411,212.45,3.09468317552804,0,-16.0641,4.11759799833194,1.37608385686463,0.451685660266874,1.30108445697626,0.601283991047423,33.3877563865537,51.0347891166449,14.7976986383577,0.969,3.95608738968062,3.43920674799665,0.832442903389189,0.505112958942417
1982-10-13,1.15,199.78,9.7,9.7,890.26,0.09774886000426165,658.41,27.06629,750.88,3.17552224503765,2.27054970568104,0.715016154973943,0.219528466253919,0.207214753166224,16.85,1.1541095890411,212.45,3.09468317552804,0,-16.0641,4.11759799833194,1.37608385686463,0.451685660266874,1.30108445697626,0.601283991047423,33.3877563865537,51.0347891166449,14.7976986383577,0.969,3.95608738968062,3.43920674799665,0.832442903389189,0.505112958942417
1982-10-14,3.45,217.79,8.26,8.26,802.31,0.09774886000426165,658.41,27.06629,750.88,3.17552224503765,2.27054970568104,0.715016154973943,0.219528466253919,0.207214753166224,16.85,1.1541095890411,212.45,3.09468317552804,0,-16.0641,4.11759799833194,1.37608385686463,0.451685660266874,1.30108445697626,0.601283991047423,33.3877563865537,51.0347891166449,14.7976986383577,0.969,3.95608738968062,3.43920674799665,0.832442903389189,0.505112958942417
1982-10-15,5.24,166.32,7.61,7.61,772.46,0.10752374600468782,658.41,27.06629,750.88,3.17552224503765,2.27054970568104,0.715016154973943,0.219528466253919,0.207214753166224,16.85,1.1541095890411,212.45,3.09468317552804,0,-16.0641,4.11759799833194,1.37608385686463,0.451685660266874,1.30108445697626,0.601283991047423,33.3877563865537,51.0347891166449,14.7976986383577,0.969,3.95608738968062,3.43920674799665,0.832442903389189,0.505112958942417
1982-10-16,1.5,232.51,4.27,4.27,583.71,0.11404033667163861,658.41,27.06629,750.88,3.17552224503765,2.27054970568104,0.715016154973943,0.219528466253919,0.207214753166224,16.85,1.1541095890411,212.45,3.09468317552804,0,-16.0641,4.11759799833194,1.37608385686463,0.451685660266874,1.30108445697626,0.601283991047423,33.3877563865537,51.0347891166449,14.7976986383577,0.969,3.95608738968062,3.43920674799665,0.832442903389189,0.505112958942417
1982-10-17,0.09,291.45,2.01,2.01,472.74,0.10752374600468782,658.41,27.06629,750.88,3.17552224503765,2.27054970568104,0.715016154973943,0.219528466253919,0.207214753166224,16.85,1.1541095890411,212.45,3.09468317552804,0,-16.0641,4.11759799833194,1.37608385686463,0.451685660266874,1.30108445697626,0.601283991047423,33.3877563865537,51.0347891166449,14.7976986383577,0.969,3.95608738968062,3.43920674799665,0.832442903389189,0.505112958942417
1982-10-18,0.0,380.26,2.35,2.35,427.25,0.10426545067121244,658.41,27.06629,750.88,3.17552224503765,2.27054970568104,0.715016154973943,0.219528466253919,0.207214753166224,16.85,1.1541095890411,212.45,3.09468317552804,0,-16.0641,4.11759799833194,1.37608385686463,0.451685660266874,1.30108445697626,0.601283991047423,33.3877563865537,51.0347891166449,14.7976986383577,0.969,3.95608738968062,3.43920674799665,0.832442903389189,0.505112958942417
1982-10-19,0.71,339.87,7.73,7.73,592.63,0.09774886000426165,658.41,27.06629,750.88,3.17552224503765,2.27054970568104,0.715016154973943,0.219528466253919,0.207214753166224,16.85,1.1541095890411,212.45,3.09468317552804,0,-16.0641,4.11759799833194,1.37608385686463,0.451685660266874,1.30108445697626,0.601283991047423,33.3877563865537,51.0347891166449,14.7976986383577,0.969,3.95608738968062,3.43920674799665,0.832442903389189,0.505112958942417
1982-10-20,5.13,268.15,10.8,10.8,738.1,0.10426545067121244,658.41,27.06629,750.88,3.17552224503765,2.27054970568104,0.715016154973943,0.219528466253919,0.207214753166224,16.85,1.1541095890411,212.45,3.09468317552804,0,-16.0641,4.11759799833194,1.37608385686463,0.451685660266874,1.30108445697626,0.601283991047423,33.3877563865537,51.0347891166449,14.7976986383577,0.969,3.95608738968062,3.43920674799665,0.832442903389189,0.505112958942417
1982-10-21,1.46,280.78,9.31,9.31,684.21,0.11404033667163861,658.41,27.06629,750.88,3.17552224503765,2.27054970568104,0.715016154973943,0.219528466253919,0.207214753166224,16.85,1.1541095890411,212.45,3.09468317552804,0,-16.0641,4.11759799833194,1.37608385686463,0.451685660266874,1.30108445697626,0.601283991047423,33.3877563865537,51.0347891166449,14.7976986383577,0.969,3.95608738968062,3.43920674799665,0.832442903389189,0.505112958942417
1982-10-22,0.04,220.15,2.73,2.73,511.96,0.11404033667163861,658.41,27.06629,750.88,3.17552224503765,2.27054970568104,0.715016154973943,0.219528466253919,0.207214753166224,16.85,1.1541095890411,212.45,3.09468317552804,0,-16.0641,4.11759799833194,1.37608385686463,0.451685660266874,1.30108445697626,0.601283991047423,33.3877563865537,51.0347891166449,14.7976986383577,0.969,3.95608738968062,3.43920674799665,0.832442903389189,0.505112958942417
1982-10-23,0.0,276.98,0.96,0.96,443.83,0.10752374600468782,658.41,27.06629,750.88,3.17552224503765,2.27054970568104,0.715016154973943,0.219528466253919,0.207214753166224,16.85,1.1541095890411,212.45,3.09468317552804,0,-16.0641,4.11759799833194,1.37608385686463,0.451685660266874,1.30108445697626,0.601283991047423,33.3877563865537,51.0347891166449,14.7976986383577,0.969,3.95608738968062,3.43920674799665,0.832442903389189,0.505112958942417
1982-10-24,0.0,352.86,0.82,0.82,365.55,0.10426545067121244,658.41,27.06629,750.88,3.17552224503765,2.27054970568104,0.715016154973943,0.219528466253919,0.207214753166224,16.85,1.1541095890411,212.45,3.09468317552804,0,-16.0641,4.11759799833194,1.37608385686463,0.451685660266874,1.30108445697626,0.601283991047423,33.3877563865537,51.0347891166449,14.7976986383577,0.969,3.95608738968062,3.43920674799665,0.832442903389189,0.505112958942417
1982-10-25,0.0,345.57,1.39,1.39,370.28,0.09774886000426165,658.41,27.06629,750.88,3.17552224503765,2.27054970568104,0.715016154973943,0.219528466253919,0.207214753166224,16.85,1.1541095890411,212.45,3.09468317552804,0,-16.0641,4.11759799833194,1.37608385686463,0.451685660266874,1.30108445697626,0.601283991047423,33.3877563865537,51.0347891166449,14.7976986383577,0.969,3.95608738968062,3.43920674799665,0.832442903389189,0.505112958942417
1982-10-26,0.0,348.45,3.37,3.37,406.85,0.09774886000426165,658.41,27.06629,750.88,3.17552224503765,2.27054970568104,0.715016154973943,0.219528466253919,0.207214753166224,16.85,1.1541095890411,212.45,3.09468317552804,0,-16.0641,4.11759799833194,1.37608385686463,0.451685660266874,1.30108445697626,0.601283991047423,33.3877563865537,51.0347891166449,14.7976986383577,0.969,3.95608738968062,3.43920674799665,0.832442903389189,0.505112958942417
1982-10-27,0.0,347.3,5.15,5.15,437.28,0.09774886000426165,658.41,27.06629,750.88,3.17552224503765,2.27054970568104,0.715016154973943,0.219528466253919,0.207214753166224,16.85,1.1541095890411,212.45,3.09468317552804,0,-16.0641,4.11759799833194,1.37608385686463,0.451685660266874,1.30108445697626,0.601283991047423,33.3877563865537,51.0347891166449,14.7976986383577,0.969,3.95608738968062,3.43920674799665,0.832442903389189,0.505112958942417
1982-10-28,0.0,342.57,6.56,6.56,485.7,0.09774886000426165,658.41,27.06629,750.88,3.17552224503765,2.27054970568104,0.715016154973943,0.219528466253919,0.207214753166224,16.85,1.1541095890411,212.45,3.09468317552804,0,-16.0641,4.11759799833194,1.37608385686463,0.451685660266874,1.30108445697626,0.601283991047423,33.3877563865537,51.0347891166449,14.7976986383577,0.969,3.95608738968062,3.43920674799665,0.832442903389189,0.505112958942417
1982-10-29,1.04,253.79,9.42,9.42,621.5,0.09123226933731088,658.41,27.06629,750.88,3.17552224503765,2.27054970568104,0.715016154973943,0.219528466253919,0.207214753166224,16.85,1.1541095890411,212.45,3.09468317552804,0,-16.0641,4.11759799833194,1.37608385686463,0.451685660266874,1.30108445697626,0.601283991047423,33.3877563865537,51.0347891166449,14.7976986383577,0.969,3.95608738968062,3.43920674799665,0.832442903389189,0.505112958942417
1982-10-30,4.05,237.37,9.83,9.83,709.78,0.09123226933731088,658.41,27.06629,750.88,3.17552224503765,2.27054970568104,0.715016154973943,0.219528466253919,0.207214753166224,16.85,1.1541095890411,212.45,3.09468317552804,0,-16.0641,4.11759799833194,1.37608385686463,0.451685660266874,1.30108445697626,0.601283991047423,33.3877563865537,51.0347891166449,14.7976986383577,0.969,3.95608738968062,3.43920674799665,0.832442903389189,0.505112958942417
1982-10-31,10.01,206.25,10.92,10.92,875.27,0.09774886000426165,658.41,27.06629,750.88,3.17552224503765,2.27054970568104,0.715016154973943,0.219528466253919,0.207214753166224,16.85,1.1541095890411,212.45,3.09468317552804,0,-16.0641,4.11759799833194,1.37608385686463,0.451685660266874,1.30108445697626,0.601283991047423,33.3877563865537,51.0347891166449,14.7976986383577,0.969,3.95608738968062,3.43920674799665,0.832442903389189,0.505112958942417
1982-11-01,3.81,202.88,13.0,13.0,1082.22,0.3388627146814404,658.41,27.06629,750.88,3.17552224503765,2.27054970568104,0.715016154973943,0.219528466253919,0.207214753166224,16.85,1.1541095890411,212.45,3.09468317552804,0,-16.0641,4.11759799833194,1.37608385686463,0.451685660266874,1.30108445697626,0.601283991047423,33.3877563865537,51.0347891166449,14.7976986383577,0.969,3.95608738968062,3.43920674799665,0.832442903389189,0.505112958942417
1982-11-02,10.34,202.71,15.55,15.55,1212.4,0.25740533134455573,658.41,27.06629,750.88,3.17552224503765,2.27054970568104,0.715016154973943,0.219528466253919,0.207214753166224,16.85,1.1541095890411,212.45,3.09468317552804,0,-16.0641,4.11759799833194,1.37608385686463,0.451685660266874,1.30108445697626,0.601283991047423,33.3877563865537,51.0347891166449,14.7976986383577,0.969,3.95608738968062,3.43920674799665,0.832442903389189,0.505112958942417
1982-11-03,22.42,193.86,14.76,14.76,1116.86,0.19223942467504793,658.41,27.06629,750.88,3.17552224503765,2.27054970568104,0.715016154973943,0.219528466253919,0.207214753166224,16.85,1.1541095890411,212.45,3.09468317552804,0,-16.0641,4.11759799833194,1.37608385686463,0.451685660266874,1.30108445697626,0.601283991047423,33.3877563865537,51.0347891166449,14.7976986383577,0.969,3.95608738968062,3.43920674799665,0.832442903389189,0.505112958942417
1982-11-04,12.46,184.63,10.87,10.87,865.91,2.407880251438312,658.41,27.06629,750.88,3.17552224503765,2.27054970568104,0.715016154973943,0.219528466253919,0.207214753166224,16.85,1.1541095890411,212.45,3.09468317552804,0,-16.0641,4.11759799833194,1.37608385686463,0.451685660266874,1.30108445697626,0.601283991047423,33.3877563865537,51.0347891166449,14.7976986383577,0.969,3.95608738968062,3.43920674799665,0.832442903389189,0.505112958942417
1982-11-05,2.02,225.11,3.03,3.03,513.63,2.215640826763264,658.41,27.06629,750.88,3.17552224503765,2.27054970568104,0.715016154973943,0.219528466253919,0.207214753166224,16.85,1.1541095890411,212.45,3.09468317552804,0,-16.0641,4.11759799833194,1.37608385686463,0.451685660266874,1.30108445697626,0.601283991047423,33.3877563865537,51.0347891166449,14.7976986383577,0.969,3.95608738968062,3.43920674799665,0.832442903389189,0.505112958942417
1982-11-06,0.03,183.08,-0.43,-0.43,427.49,0.9155809887065842,658.41,27.06629,750.88,3.17552224503765,2.27054970568104,0.715016154973943,0.219528466253919,0.207214753166224,16.85,1.1541095890411,212.45,3.09468317552804,0,-16.0641,4.11759799833194,1.37608385686463,0.451685660266874,1.30108445697626,0.601283991047423,33.3877563865537,51.0347891166449,14.7976986383577,0.969,3.95608738968062,3.43920674799665,0.832442903389189,0.505112958942417
1982-11-07,0.0,293.99,1.14,1.14,452.05,0.6255927040272746,658.41,27.06629,750.88,3.17552224503765,2.27054970568104,0.715016154973943,0.219528466253919,0.207214753166224,16.85,1.1541095890411,212.45,3.09468317552804,0,-16.0641,4.11759799833194,1.37608385686463,0.451685660266874,1.30108445697626,0.601283991047423,33.3877563865537,51.0347891166449,14.7976986383577,0.969,3.95608738968062,3.43920674799665,0.832442903389189,0.505112958942417
1982-11-08,0.0,281.24,6.19,6.19,589.88,0.49526089068825907,658.41,27.06629,750.88,3.17552224503765,2.27054970568104,0.715016154973943,0.219528466253919,0.207214753166224,16.85,1.1541095890411,212.45,3.09468317552804,0,-16.0641,4.11759799833194,1.37608385686463,0.451685660266874,1.30108445697626,0.601283991047423,33.3877563865537,51.0347891166449,14.7976986383577,0.969,3.95608738968062,3.43920674799665,0.832442903389189,0.505112958942417
1982-11-09,0.0,292.96,4.39,4.39,491.11,0.4040286213509482,658.41,27.06629,750.88,3.17552224503765,2.27054970568104,0.715016154973943,0.219528466253919,0.207214753166224,16.85,1.1541095890411,212.45,3.09468317552804,0,-16.0641,4.11759799833194,1.37608385686463,0.451685660266874,1.30108445697626,0.601283991047423,33.3877563865537,51.0347891166449,14.7976986383577,0.969,3.95608738968062,3.43920674799665,0.832442903389189,0.505112958942417
1982-11-10,1.31,180.92,2.46,2.46,494.96,0.3486376006818666,658.41,27.06629,750.88,3.17552224503765,2.27054970568104,0.715016154973943,0.219528466253919,0.207214753166224,16.85,1.1541095890411,212.45,3.09468317552804,0,-16.0641,4.11759799833194,1.37608385686463,0.451685660266874,1.30108445697626,0.601283991047423,33.3877563865537,51.0347891166449,14.7976986383577,0.969,3.95608738968062,3.43920674799665,0.832442903389189,0.505112958942417
1982-11-11,3.77,162.6,4.18,4.18,642.55,0.35841248668229275,658.41,27.06629,750.88,3.17552224503765,2.27054970568104,0.715016154973943,0.219528466253919,0.207214753166224,16.85,1.1541095890411,212.45,3.09468317552804,0,-16.0641,4.11759799833194,1.37608385686463,0.451685660266874,1.30108445697626,0.601283991047423,33.3877563865537,51.0347891166449,14.7976986383577,0.969,3.95608738968062,3.43920674799665,0.832442903389189,0.505112958942417
1982-11-12,5.32,193.09,9.38,9.38,798.94,0.48222770935435755,658.41,27.06629,750.88,3.17552224503765,2.27054970568104,0.715016154973943,0.219528466253919,0.207214753166224,16.85,1.1541095890411,212.45,3.09468317552804,0,-16.0641,4.11759799833194,1.37608385686463,0.451685660266874,1.30108445697626,0.601283991047423,33.3877563865537,51.0347891166449,14.7976986383577,0.969,3.95608738968062,3.43920674799665,0.832442903389189,0.505112958942417
1982-11-13,1.51,205.92,6.25,6.25,579.79,0.9155809887065842,658.41,27.06629,750.88,3.17552224503765,2.27054970568104,0.715016154973943,0.219528466253919,0.207214753166224,16.85,1.1541095890411,212.45,3.09468317552804,0,-16.0641,4.11759799833194,1.37608385686463,0.451685660266874,1.30108445697626,0.601283991047423,33.3877563865537,51.0347891166449,14.7976986383577,0.969,3.95608738968062,3.43920674799665,0.832442903389189,0.505112958942417
1982-11-14,0.82,106.16,0.39,0.39,440.25,0.6255927040272746,658.41,27.06629,750.88,3.17552224503765,2.27054970568104,0.715016154973943,0.219528466253919,0.207214753166224,16.85,1.1541095890411,212.45,3.09468317552804,0,-16.0641,4.11759799833194,1.37608385686463,0.451685660266874,1.30108445697626,0.601283991047423,33.3877563865537,51.0347891166449,14.7976986383577,0.969,3.95608738968062,3.43920674799665,0.832442903389189,0.505112958942417
1982-11-15,0.27,155.29,-3.02,-3.02,352.15,0.5082940720221607,658.41,27.06629,750.88,3.17552224503765,2.27054970568104,0.715016154973943,0.219528466253919,0.207214753166224,16.85,1.1541095890411,212.45,3.09468317552804,0,-16.0641,4.11759799833194,1.37608385686463,0.451685660266874,1.30108445697626,0.601283991047423,33.3877563865537,51.0347891166449,14.7976986383577,0.969,3.95608738968062,3.43920674799665,0.832442903389189,0.505112958942417
1982-11-16,0.02,298.58,-4.34,-4.34,274.3,0.44312816535265287,658.41,27.06629,750.88,3.17552224503765,2.27054970568104,0.715016154973943,0.219528466253919,0.207214753166224,16.85,1.1541095890411,212.45,3.09468317552804,0,-16.0641,4.11759799833194,1.37608385686463,0.451685660266874,1.30108445697626,0.601283991047423,33.3877563865537,51.0347891166449,14.7976986383577,0.969,3.95608738968062,3.43920674799665,0.832442903389189,0.505112958942417
1982-11-17,0.0,262.6,1.25,1.25,407.65,0.41706180268484977,658.41,27.06629,750.88,3.17552224503765,2.27054970568104,0.715016154973943,0.219528466253919,0.207214753166224,16.85,1.1541095890411,212.45,3.09468317552804,0,-16.0641,4.11759799833194,1.37608385686463,0.451685660266874,1.30108445697626,0.601283991047423,33.3877563865537,51.0347891166449,14.7976986383577,0.969,3.95608738968062,3.43920674799665,0.832442903389189,0.505112958942417
1982-11-18,0.0,266.98,3.23,3.23,466.01,0.39425373535052205,658.41,27.06629,750.88,3.17552224503765,2.27054970568104,0.715016154973943,0.219528466253919,0.207214753166224,16.85,1.1541095890411,212.45,3.09468317552804,0,-16.0641,4.11759799833194,1.37608385686463,0.451685660266874,1.30108445697626,0.601283991047423,33.3877563865537,51.0347891166449,14.7976986383577,0.969,3.95608738968062,3.43920674799665,0.832442903389189,0.505112958942417
1982-11-19,0.76,186.99,4.61,4.61,572.89,0.35841248668229275,658.41,27.06629,750.88,3.17552224503765,2.27054970568104,0.715016154973943,0.219528466253919,0.207214753166224,16.85,1.1541095890411,212.45,3.09468317552804,0,-16.0641,4.11759799833194,1.37608385686463,0.451685660266874,1.30108445697626,0.601283991047423,33.3877563865537,51.0347891166449,14.7976986383577,0.969,3.95608738968062,3.43920674799665,0.832442903389189,0.505112958942417
1982-11-20,2.88,88.15,6.31,6.31,763.13,0.3388627146814404,658.41,27.06629,750.88,3.17552224503765,2.27054970568104,0.715016154973943,0.219528466253919,0.207214753166224,16.85,1.1541095890411,212.45,3.09468317552804,0,-16.0641,4.11759799833194,1.37608385686463,0.451685660266874,1.30108445697626,0.601283991047423,33.3877563865537,51.0347891166449,14.7976986383577,0.969,3.95608738968062,3.43920674799665,0.832442903389189,0.505112958942417
1982-11-21,8.11,108.27,7.24,7.24,834.34,0.3714456680161943,658.41,27.06629,750.88,3.17552224503765,2.27054970568104,0.715016154973943,0.219528466253919,0.207214753166224,16.85,1.1541095890411,212.45,3.09468317552804,0,-16.0641,4.11759799833194,1.37608385686463,0.451685660266874,1.30108445697626,0.601283991047423,33.3877563865537,51.0347891166449,14.7976986383577,0.969,3.95608738968062,3.43920674799665,0.832442903389189,0.505112958942417
1982-11-22,11.47,111.56,7.54,7.54,843.13,0.8797397400383549,658.41,27.06629,750.88,3.17552224503765,2.27054970568104,0.715016154973943,0.219528466253919,0.207214753166224,16.85,1.1541095890411,212.45,3.09468317552804,0,-16.0641,4.11759799833194,1.37608385686463,0.451685660266874,1.30108445697626,0.601283991047423,33.3877563865537,51.0347891166449,14.7976986383577,0.969,3.95608738968062,3.43920674799665,0.832442903389189,0.505112958942417
1982-11-23,4.9,144.02,8.57,8.57,820.66,2.9943734114638825,658.41,27.06629,750.88,3.17552224503765,2.27054970568104,0.715016154973943,0.219528466253919,0.207214753166224,16.85,1.1541095890411,212.45,3.09468317552804,0,-16.0641,4.11759799833194,1.37608385686463,0.451685660266874,1.30108445697626,0.601283991047423,33.3877563865537,51.0347891166449,14.7976986383577,0.969,3.95608738968062,3.43920674799665,0.832442903389189,0.505112958942417
1982-11-24,1.07,194.35,4.4,4.4,507.73,2.215640826763264,658.41,27.06629,750.88,3.17552224503765,2.27054970568104,0.715016154973943,0.219528466253919,0.207214753166224,16.85,1.1541095890411,212.45,3.09468317552804,0,-16.0641,4.11759799833194,1.37608385686463,0.451685660266874,1.30108445697626,0.601283991047423,33.3877563865537,51.0347891166449,14.7976986383577,0.969,3.95608738968062,3.43920674799665,0.832442903389189,0.505112958942417
1982-11-25,1.0,195.87,-1.19,-1.19,367.06,1.5509485787342852,658.41,27.06629,750.88,3.17552224503765,2.27054970568104,0.715016154973943,0.219528466253919,0.207214753166224,16.85,1.1541095890411,212.45,3.09468317552804,0,-16.0641,4.11759799833194,1.37608385686463,0.451685660266874,1.30108445697626,0.601283991047423,33.3877563865537,51.0347891166449,14.7976986383577,0.969,3.95608738968062,3.43920674799665,0.832442903389189,0.505112958942417
1982-11-26,3.38,127.1,-1.69,-1.69,388.02,1.2902849520562538,658.41,27.06629,750.88,3.17552224503765,2.27054970568104,0.715016154973943,0.219528466253919,0.207214753166224,16.85,1.1541095890411,212.45,3.09468317552804,0,-16.0641,4.11759799833194,1.37608385686463,0.451685660266874,1.30108445697626,0.601283991047423,33.3877563865537,51.0347891166449,14.7976986383577,0.969,3.95608738968062,3.43920674799665,0.832442903389189,0.505112958942417
1982-11-27,1.9,212.35,-4.99,-4.99,274.32,1.133886776049435,658.41,27.06629,750.88,3.17552224503765,2.27054970568104,0.715016154973943,0.219528466253919,0.207214753166224,16.85,1.1541095890411,212.45,3.09468317552804,0,-16.0641,4.11759799833194,1.37608385686463,0.451685660266874,1.30108445697626,0.601283991047423,33.3877563865537,51.0347891166449,14.7976986383577,0.969,3.95608738968062,3.43920674799665,0.832442903389189,0.505112958942417
1982-11-28,5.48,229.86,-6.82,-6.82,245.21,1.023104734711272,658.41,27.06629,750.88,3.17552224503765,2.27054970568104,0.715016154973943,0.219528466253919,0.207214753166224,16.85,1.1541095890411,212.45,3.09468317552804,0,-16.0641,4.11759799833194,1.37608385686463,0.451685660266874,1.30108445697626,0.601283991047423,33.3877563865537,51.0347891166449,14.7976986383577,0.969,3.95608738968062,3.43920674799665,0.832442903389189,0.505112958942417
1982-11-29,1.85,197.35,0.57,0.57,469.9,2.6685438781163433,658.41,27.06629,750.88,3.17552224503765,2.27054970568104,0.715016154973943,0.219528466253919,0.207214753166224,16.85,1.1541095890411,212.45,3.09468317552804,0,-16.0641,4.11759799833194,1.37608385686463,0.451685660266874,1.30108445697626,0.601283991047423,33.3877563865537,51.0347891166449,14.7976986383577,0.969,3.95608738968062,3.43920674799665,0.832442903389189,0.505112958942417
1982-11-30,0.13,205.18,3.48,3.48,610.61,1.710605050074579,658.41,27.06629,750.88,3.17552224503765,2.27054970568104,0.715016154973943,0.219528466253919,0.207214753166224,16.85,1.1541095890411,212.45,3.09468317552804,0,-16.0641,4.11759799833194,1.37608385686463,0.451685660266874,1.30108445697626,0.601283991047423,33.3877563865537,51.0347891166449,14.7976986383577,0.969,3.95608738968062,3.43920674799665,0.832442903389189,0.505112958942417
1982-12-01,0.05,199.91,5.53,5.53,691.25,1.417358470061794,658.41,27.06629,750.88,3.17552224503765,2.27054970568104,0.715016154973943,0.219528466253919,0.207214753166224,16.85,1.1541095890411,212.45,3.09468317552804,0,-16.0641,4.11759799833194,1.37608385686463,0.451685660266874,1.30108445697626,0.601283991047423,33.3877563865537,51.0347891166449,14.7976986383577,0.969,3.95608738968062,3.43920674799665,0.832442903389189,0.505112958942417
1982-12-02,0.01,223.31,9.76,9.76,880.73,1.2707351800554014,658.41,27.06629,750.88,3.17552224503765,2.27054970568104,0.715016154973943,0.219528466253919,0.207214753166224,16.85,1.1541095890411,212.45,3.09468317552804,0,-16.0641,4.11759799833194,1.37608385686463,0.451685660266874,1.30108445697626,0.601283991047423,33.3877563865537,51.0347891166449,14.7976986383577,0.969,3.95608738968062,3.43920674799665,0.832442903389189,0.505112958942417
1982-12-03,0.3,179.69,13.41,13.41,1116.61,1.1534365480502875,658.41,27.06629,750.88,3.17552224503765,2.27054970568104,0.715016154973943,0.219528466253919,0.207214753166224,16.85,1.1541095890411,212.45,3.09468317552804,0,-16.0641,4.11759799833194,1.37608385686463,0.451685660266874,1.30108445697626,0.601283991047423,33.3877563865537,51.0347891166449,14.7976986383577,0.969,3.95608738968062,3.43920674799665,0.832442903389189,0.505112958942417
1982-12-04,0.16,127.56,13.04,13.04,1124.18,1.0784957553803536,658.41,27.06629,750.88,3.17552224503765,2.27054970568104,0.715016154973943,0.219528466253919,0.207214753166224,16.85,1.1541095890411,212.45,3.09468317552804,0,-16.0641,4.11759799833194,1.37608385686463,0.451685660266874,1.30108445697626,0.601283991047423,33.3877563865537,51.0347891166449,14.7976986383577,0.969,3.95608738968062,3.43920674799665,0.832442903389189,0.505112958942417
1982-12-05,2.18,165.75,10.82,10.82,921.75,1.0035549627104197,658.41,27.06629,750.88,3.17552224503765,2.27054970568104,0.715016154973943,0.219528466253919,0.207214753166224,16.85,1.1541095890411,212.45,3.09468317552804,0,-16.0641,4.11759799833194,1.37608385686463,0.451685660266874,1.30108445697626,0.601283991047423,33.3877563865537,51.0347891166449,14.7976986383577,0.969,3.95608738968062,3.43920674799665,0.832442903389189,0.505112958942417
1982-12-06,0.96,166.7,10.41,10.41,812.21,1.1534365480502875,658.41,27.06629,750.88,3.17552224503765,2.27054970568104,0.715016154973943,0.219528466253919,0.207214753166224,16.85,1.1541095890411,212.45,3.09468317552804,0,-16.0641,4.11759799833194,1.37608385686463,0.451685660266874,1.30108445697626,0.601283991047423,33.3877563865537,51.0347891166449,14.7976986383577,0.969,3.95608738968062,3.43920674799665,0.832442903389189,0.505112958942417
1982-12-07,0.1,218.79,2.81,2.81,493.96,0.9155809887065842,658.41,27.06629,750.88,3.17552224503765,2.27054970568104,0.715016154973943,0.219528466253919,0.207214753166224,16.85,1.1541095890411,212.45,3.09468317552804,0,-16.0641,4.11759799833194,1.37608385686463,0.451685660266874,1.30108445697626,0.601283991047423,33.3877563865537,51.0347891166449,14.7976986383577,0.969,3.95608738968062,3.43920674799665,0.832442903389189,0.505112958942417
1982-12-08,0.71,162.03,0.45,0.45,401.09,0.8113155380353717,658.41,27.06629,750.88,3.17552224503765,2.27054970568104,0.715016154973943,0.219528466253919,0.207214753166224,16.85,1.1541095890411,212.45,3.09468317552804,0,-16.0641,4.11759799833194,1.37608385686463,0.451685660266874,1.30108445697626,0.601283991047423,33.3877563865537,51.0347891166449,14.7976986383577,0.969,3.95608738968062,3.43920674799665,0.832442903389189,0.505112958942417
1982-12-09,1.84,224.01,-4.87,-4.87,225.02,0.7168249733645855,658.41,27.06629,750.88,3.17552224503765,2.27054970568104,0.715016154973943,0.219528466253919,0.207214753166224,16.85,1.1541095890411,212.45,3.09468317552804,0,-16.0641,4.11759799833194,1.37608385686463,0.451685660266874,1.30108445697626,0.601283991047423,33.3877563865537,51.0347891166449,14.7976986383577,0.969,3.95608738968062,3.43920674799665,0.832442903389189,0.505112958942417
1982-12-10,1.58,220.62,-10.23,-10.23,158.92,0.58649316002557,658.41,27.06629,750.88,3.17552224503765,2.27054970568104,0.715016154973943,0.219528466253919,0.207214753166224,16.85,1.1541095890411,212.45,3.09468317552804,0,-16.0641,4.11759799833194,1.37608385686463,0.451685660266874,1.30108445697626,0.601283991047423,33.3877563865537,51.0347891166449,14.7976986383577,0.969,3.95608738968062,3.43920674799665,0.832442903389189,0.505112958942417
1982-12-11,1.62,180.43,-6.27,-6.27,243.23,0.58649316002557,658.41,27.06629,750.88,3.17552224503765,2.27054970568104,0.715016154973943,0.219528466253919,0.207214753166224,16.85,1.1541095890411,212.45,3.09468317552804,0,-16.0641,4.11759799833194,1.37608385686463,0.451685660266874,1.30108445697626,0.601283991047423,33.3877563865537,51.0347891166449,14.7976986383577,0.969,3.95608738968062,3.43920674799665,0.832442903389189,0.505112958942417
1982-12-12,0.56,208.29,-9.17,-9.17,179.05,0.553910206690816,658.41,27.06629,750.88,3.17552224503765,2.27054970568104,0.715016154973943,0.219528466253919,0.207214753166224,16.85,1.1541095890411,212.45,3.09468317552804,0,-16.0641,4.11759799833194,1.37608385686463,0.451685660266874,1.30108445697626,0.601283991047423,33.3877563865537,51.0347891166449,14.7976986383577,0.969,3.95608738968062,3.43920674799665,0.832442903389189,0.505112958942417
1982-12-13,0.06,284.87,-12.22,-12.22,138.6,0.45616134668655445,658.41,27.06629,750.88,3.17552224503765,2.27054970568104,0.715016154973943,0.219528466253919,0.207214753166224,16.85,1.1541095890411,212.45,3.09468317552804,0,-16.0641,4.11759799833194,1.37608385686463,0.451685660266874,1.30108445697626,0.601283991047423,33.3877563865537,51.0347891166449,14.7976986383577,0.969,3.95608738968062,3.43920674799665,0.832442903389189,0.505112958942417
1982-12-14,1.69,249.27,-4.85,-4.85,289.76,0.553910206690816,658.41,27.06629,750.88,3.17552224503765,2.27054970568104,0.715016154973943,0.219528466253919,0.207214753166224,16.85,1.1541095890411,212.45,3.09468317552804,0,-16.0641,4.11759799833194,1.37608385686463,0.451685660266874,1.30108445697626,0.601283991047423,33.3877563865537,51.0347891166449,14.7976986383577,0.969,3.95608738968062,3.43920674799665,0.832442903389189,0.505112958942417
1982-12-15,6.94,120.93,2.08,2.08,551.0,0.6255927040272746,658.41,27.06629,750.88,3.17552224503765,2.27054970568104,0.715016154973943,0.219528466253919,0.207214753166224,16.85,1.1541095890411,212.45,3.09468317552804,0,-16.0641,4.11759799833194,1.37608385686463,0.451685660266874,1.30108445697626,0.601283991047423,33.3877563865537,51.0347891166449,14.7976986383577,0.969,3.95608738968062,3.43920674799665,0.832442903389189,0.505112958942417
1982-12-16,2.13,156.34,2.88,2.88,537.92,1.5281405113999573,658.41,27.06629,750.88,3.17552224503765,2.27054970568104,0.715016154973943,0.219528466253919,0.207214753166224,16.85,1.1541095890411,212.45,3.09468317552804,0,-16.0641,4.11759799833194,1.37608385686463,0.451685660266874,1.30108445697626,0.601283991047423,33.3877563865537,51.0347891166449,14.7976986383577,0.969,3.95608738968062,3.43920674799665,0.832442903389189,0.505112958942417
1982-12-17,0.14,232.95,-4.04,-4.04,269.14,0.9840051907095674,658.41,27.06629,750.88,3.17552224503765,2.27054970568104,0.715016154973943,0.219528466253919,0.207214753166224,16.85,1.1541095890411,212.45,3.09468317552804,0,-16.0641,4.11759799833194,1.37608385686463,0.451685660266874,1.30108445697626,0.601283991047423,33.3877563865537,51.0347891166449,14.7976986383577,0.969,3.95608738968062,3.43920674799665,0.832442903389189,0.505112958942417
1982-12-18,0.41,224.64,-8.49,-8.49,179.78,0.6516590666950778,658.41,27.06629,750.88,3.17552224503765,2.27054970568104,0.715016154973943,0.219528466253919,0.207214753166224,16.85,1.1541095890411,212.45,3.09468317552804,0,-16.0641,4.11759799833194,1.37608385686463,0.451685660266874,1.30108445697626,0.601283991047423,33.3877563865537,51.0347891166449,14.7976986383577,0.969,3.95608738968062,3.43920674799665,0.832442903389189,0.505112958942417
1982-12-19,3.91,187.91,-5.99,-5.99,260.38,1.17298632005114,658.41,27.06629,750.88,3.17552224503765,2.27054970568104,0.715016154973943,0.219528466253919,0.207214753166224,16.85,1.1541095890411,212.45,3.09468317552804,0,-16.0641,4.11759799833194,1.37608385686463,0.451685660266874,1.30108445697626,0.601283991047423,33.3877563865537,51.0347891166449,14.7976986383577,0.969,3.95608738968062,3.43920674799665,0.832442903389189,0.505112958942417
1982-12-20,7.26,154.45,-3.61,-3.61,350.3,0.7819908800340932,658.41,27.06629,750.88,3.17552224503765,2.27054970568104,0.715016154973943,0.219528466253919,0.207214753166224,16.85,1.1541095890411,212.45,3.09468317552804,0,-16.0641,4.11759799833194,1.37608385686463,0.451685660266874,1.30108445697626,0.601283991047423,33.3877563865537,51.0347891166449,14.7976986383577,0.969,3.95608738968062,3.43920674799665,0.832442903389189,0.505112958942417
1982-12-21,4.17,118.62,-2.9,-2.9,385.12,0.7950240613679949,658.41,27.06629,750.88,3.17552224503765,2.27054970568104,0.715016154973943,0.219528466253919,0.207214753166224,16.85,1.1541095890411,212.45,3.09468317552804,0,-16.0641,4.11759799833194,1.37608385686463,0.451685660266874,1.30108445697626,0.601283991047423,33.3877563865537,51.0347891166449,14.7976986383577,0.969,3.95608738968062,3.43920674799665,0.832442903389189,0.505112958942417
1982-12-22,5.79,165.14,-3.86,-3.86,353.99,0.7331164500319624,658.41,27.06629,750.88,3.17552224503765,2.27054970568104,0.715016154973943,0.219528466253919,0.207214753166224,16.85,1.1541095890411,212.45,3.09468317552804,0,-16.0641,4.11759799833194,1.37608385686463,0.451685660266874,1.30108445697626,0.601283991047423,33.3877563865537,51.0347891166449,14.7976986383577,0.969,3.95608738968062,3.43920674799665,0.832442903389189,0.505112958942417
1982-12-23,1.78,190.98,-1.27,-1.27,432.98,0.7624411080332409,658.41,27.06629,750.88,3.17552224503765,2.27054970568104,0.715016154973943,0.219528466253919,0.207214753166224,16.85,1.1541095890411,212.45,3.09468317552804,0,-16.0641,4.11759799833194,1.37608385686463,0.451685660266874,1.30108445697626,0.601283991047423,33.3877563865537,51.0347891166449,14.7976986383577,0.969,3.95608738968062,3.43920674799665,0.832442903389189,0.505112958942417
1982-12-24,1.18,197.27,4.61,4.61,634.34,2.029917992755167,658.41,27.06629,750.88,3.17552224503765,2.27054970568104,0.715016154973943,0.219528466253919,0.207214753166224,16.85,1.1541095890411,212.45,3.09468317552804,0,-16.0641,4.11759799833194,1.37608385686463,0.451685660266874,1.30108445697626,0.601283991047423,33.3877563865537,51.0347891166449,14.7976986383577,0.969,3.95608738968062,3.43920674799665,0.832442903389189,0.505112958942417
1982-12-25,4.43,209.05,6.9,6.9,675.36,4.203200980183251,658.41,27.06629,750.88,3.17552224503765,2.27054970568104,0.715016154973943,0.219528466253919,0.207214753166224,16.85,1.1541095890411,212.45,3.09468317552804,0,-16.0641,4.11759799833194,1.37608385686463,0.451685660266874,1.30108445697626,0.601283991047423,33.3877563865537,51.0347891166449,14.7976986383577,0.969,3.95608738968062,3.43920674799665,0.832442903389189,0.505112958942417
1982-12-26,1.53,246.22,6.12,6.12,565.47,4.52903051353079,658.41,27.06629,750.88,3.17552224503765,2.27054970568104,0.715016154973943,0.219528466253919,0.207214753166224,16.85,1.1541095890411,212.45,3.09468317552804,0,-16.0641,4.11759799833194,1.37608385686463,0.451685660266874,1.30108445697626,0.601283991047423,33.3877563865537,51.0347891166449,14.7976986383577,0.969,3.95608738968062,3.43920674799665,0.832442903389189,0.505112958942417
1982-12-27,0.77,208.5,0.11,0.11,417.29,2.844491826124014,658.41,27.06629,750.88,3.17552224503765,2.27054970568104,0.715016154973943,0.219528466253919,0.207214753166224,16.85,1.1541095890411,212.45,3.09468317552804,0,-16.0641,4.11759799833194,1.37608385686463,0.451685660266874,1.30108445697626,0.601283991047423,33.3877563865537,51.0347891166449,14.7976986383577,0.969,3.95608738968062,3.43920674799665,0.832442903389189,0.505112958942417
1982-12-28,0.2,235.5,5.16,5.16,588.06,2.6978685361176216,658.41,27.06629,750.88,3.17552224503765,2.27054970568104,0.715016154973943,0.219528466253919,0.207214753166224,16.85,1.1541095890411,212.45,3.09468317552804,0,-16.0641,4.11759799833194,1.37608385686463,0.451685660266874,1.30108445697626,0.601283991047423,33.3877563865537,51.0347891166449,14.7976986383577,0.969,3.95608738968062,3.43920674799665,0.832442903389189,0.505112958942417
1982-12-29,0.07,242.4,5.14,5.14,495.01,2.1081170807585763,658.41,27.06629,750.88,3.17552224503765,2.27054970568104,0.715016154973943,0.219528466253919,0.207214753166224,16.85,1.1541095890411,212.45,3.09468317552804,0,-16.0641,4.11759799833194,1.37608385686463,0.451685660266874,1.30108445697626,0.601283991047423,33.3877563865537,51.0347891166449,14.7976986383577,0.969,3.95608738968062,3.43920674799665,0.832442903389189,0.505112958942417
1982-12-30,0.02,222.46,-3.11,-3.11,296.26,1.6877969827402515,658.41,27.06629,750.88,3.17552224503765,2.27054970568104,0.715016154973943,0.219528466253919,0.207214753166224,16.85,1.1541095890411,212.45,3.09468317552804,0,-16.0641,4.11759799833194,1.37608385686463,0.451685660266874,1.30108445697626,0.601283991047423,33.3877563865537,51.0347891166449,14.7976986383577,0.969,3.95608738968062,3.43920674799665,0.832442903389189,0.505112958942417
1982-12-31,0.0,269.56,-7.08,-7.08,216.89,1.3033181333901556,658.41,27.06629,750.88,3.17552224503765,2.27054970568104,0.715016154973943,0.219528466253919,0.207214753166224,16.85,1.1541095890411,212.45,3.09468317552804,0,-16.0641,4.11759799833194,1.37608385686463,0.451685660266874,1.30108445697626,0.601283991047423,33.3877563865537,51.0347891166449,14.7976986383577,0.969,3.95608738968062,3.43920674799665,0.832442903389189,0.505112958942417
1983-01-01,0.0,257.67,-4.36,-4.36,281.21,1.17298632005114,658.41,27.06629,750.88,3.17552224503765,2.27054970568104,0.715016154973943,0.219528466253919,0.207214753166224,16.85,1.1541095890411,212.45,3.09468317552804,0,-16.0641,4.11759799833194,1.37608385686463,0.451685660266874,1.30108445697626,0.601283991047423,33.3877563865537,51.0347891166449,14.7976986383577,0.969,3.95608738968062,3.43920674799665,0.832442903389189,0.505112958942417
1983-01-02,0.0,163.49,-2.16,-2.16,376.31,1.114337004048583,658.41,27.06629,750.88,3.17552224503765,2.27054970568104,0.715016154973943,0.219528466253919,0.207214753166224,16.85,1.1541095890411,212.45,3.09468317552804,0,-16.0641,4.11759799833194,1.37608385686463,0.451685660266874,1.30108445697626,0.601283991047423,33.3877563865537,51.0347891166449,14.7976986383577,0.969,3.95608738968062,3.43920674799665,0.832442903389189,0.505112958942417
1983-01-03,0.0,175.88,-3.85,-3.85,334.78,1.0035549627104197,658.41,27.06629,750.88,3.17552224503765,2.27054970568104,0.715016154973943,0.219528466253919,0.207214753166224,16.85,1.1541095890411,212.45,3.09468317552804,0,-16.0641,4.11759799833194,1.37608385686463,0.451685660266874,1.30108445697626,0.601283991047423,33.3877563865537,51.0347891166449,14.7976986383577,0.969,3.95608738968062,3.43920674799665,0.832442903389189,0.505112958942417
1983-01-04,0.0,262.69,-5.63,-5.63,266.63,0.7819908800340932,658.41,27.06629,750.88,3.17552224503765,2.27054970568104,0.715016154973943,0.219528466253919,0.207214753166224,16.85,1.1541095890411,212.45,3.09468317552804,0,-16.0641,4.11759799833194,1.37608385686463,0.451685660266874,1.30108445697626,0.601283991047423,33.3877563865537,51.0347891166449,14.7976986383577,0.969,3.95608738968062,3.43920674799665,0.832442903389189,0.505112958942417
1983-01-05,0.0,248.78,-2.63,-2.63,337.5,0.7168249733645855,658.41,27.06629,750.88,3.17552224503765,2.27054970568104,0.715016154973943,0.219528466253919,0.207214753166224,16.85,1.1541095890411,212.45,3.09468317552804,0,-16.0641,4.11759799833194,1.37608385686463,0.451685660266874,1.30108445697626,0.601283991047423,33.3877563865537,51.0347891166449,14.7976986383577,0.969,3.95608738968062,3.43920674799665,0.832442903389189,0.505112958942417
1983-01-06,0.48,149.78,-1.38,-1.38,410.52,0.7168249733645855,658.41,27.06629,750.88,3.17552224503765,2.27054970568104,0.715016154973943,0.219528466253919,0.207214753166224,16.85,1.1541095890411,212.45,3.09468317552804,0,-16.0641,4.11759799833194,1.37608385686463,0.451685660266874,1.30108445697626,0.601283991047423,33.3877563865537,51.0347891166449,14.7976986383577,0.969,3.95608738968062,3.43920674799665,0.832442903389189,0.505112958942417
1983-01-07,0.79,146.46,-0.89,-0.89,435.69,0.7331164500319624,658.41,27.06629,750.88,3.17552224503765,2.27054970568104,0.715016154973943,0.219528466253919,0.207214753166224,16.85,1.1541095890411,212.45,3.09468317552804,0,-16.0641,4.11759799833194,1.37608385686463,0.451685660266874,1.30108445697626,0.601283991047423,33.3877563865537,51.0347891166449,14.7976986383577,0.969,3.95608738968062,3.43920674799665,0.832442903389189,0.505112958942417
1983-01-08,0.17,178.39,-2.48,-2.48,370.21,0.6679505433624546,658.41,27.06629,750.88,3.17552224503765,2.27054970568104,0.715016154973943,0.219528466253919,0.207214753166224,16.85,1.1541095890411,212.45,3.09468317552804,0,-16.0641,4.11759799833194,1.37608385686463,0.451685660266874,1.30108445697626,0.601283991047423,33.3877563865537,51.0347891166449,14.7976986383577,0.969,3.95608738968062,3.43920674799665,0.832442903389189,0.505112958942417
1983-01-09,2.13,231.14,-5.58,-5.58,264.6,0.5213272533560622,658.41,27.06629,750.88,3.17552224503765,2.27054970568104,0.715016154973943,0.219528466253919,0.207214753166224,16.85,1.1541095890411,212.45,3.09468317552804,0,-16.0641,4.11759799833194,1.37608385686463,0.451685660266874,1.30108445697626,0.601283991047423,33.3877563865537,51.0347891166449,14.7976986383577,0.969,3.95608738968062,3.43920674799665,0.832442903389189,0.505112958942417
1983-01-10,2.28,190.02,-1.05,-1.05,397.28,0.5930097506925207,658.41,27.06629,750.88,3.17552224503765,2.27054970568104,0.715016154973943,0.219528466253919,0.207214753166224,16.85,1.1541095890411,212.45,3.09468317552804,0,-16.0641,4.11759799833194,1.37608385686463,0.451685660266874,1.30108445697626,0.601283991047423,33.3877563865537,51.0347891166449,14.7976986383577,0.969,3.95608738968062,3.43920674799665,0.832442903389189,0.505112958942417
1983-01-11,2.03,182.5,-0.12,-0.12,424.82,0.8276070147027488,658.41,27.06629,750.88,3.17552224503765,2.27054970568104,0.715016154973943,0.219528466253919,0.207214753166224,16.85,1.1541095890411,212.45,3.09468317552804,0,-16.0641,4.11759799833194,1.37608385686463,0.451685660266874,1.30108445697626,0.601283991047423,33.3877563865537,51.0347891166449,14.7976986383577,0.969,3.95608738968062,3.43920674799665,0.832442903389189,0.505112958942417
1983-01-12,0.58,224.22,-4.6,-4.6,269.87,0.7168249733645855,658.41,27.06629,750.88,3.17552224503765,2.27054970568104,0.715016154973943,0.219528466253919,0.207214753166224,16.85,1.1541095890411,212.45,3.09468317552804,0,-16.0641,4.11759799833194,1.37608385686463,0.451685660266874,1.30108445697626,0.601283991047423,33.3877563865537,51.0347891166449,14.7976986383577,0.969,3.95608738968062,3.43920674799665,0.832442903389189,0.505112958942417
1983-01-13,0.41,260.12,-8.42,-8.42,206.7,0.5213272533560622,658.41,27.06629,750.88,3.17552224503765,2.27054970568104,0.715016154973943,0.219528466253919,0.207214753166224,16.85,1.1541095890411,212.45,3.09468317552804,0,-16.0641,4.11759799833194,1.37608385686463,0.451685660266874,1.30108445697626,0.601283991047423,33.3877563865537,51.0347891166449,14.7976986383577,0.969,3.95608738968062,3.43920674799665,0.832442903389189,0.505112958942417
1983-01-14,2.74,211.93,-4.79,-4.79,297.97,0.5213272533560622,658.41,27.06629,750.88,3.17552224503765,2.27054970568104,0.715016154973943,0.219528466253919,0.207214753166224,16.85,1.1541095890411,212.45,3.09468317552804,0,-16.0641,4.11759799833194,1.37608385686463,0.451685660266874,1.30108445697626,0.601283991047423,33.3877563865537,51.0347891166449,14.7976986383577,0.969,3.95608738968062,3.43920674799665,0.832442903389189,0.505112958942417
1983-01-15,3.26,140.5,-2.38,-2.38,375.53,0.5506519113573407,658.41,27.06629,750.88,3.17552224503765,2.27054970568104,0.715016154973943,0.219528466253919,0.207214753166224,16.85,1.1541095890411,212.45,3.09468317552804,0,-16.0641,4.11759799833194,1.37608385686463,0.451685660266874,1.30108445697626,0.601283991047423,33.3877563865537,51.0347891166449,14.7976986383577,0.969,3.95608738968062,3.43920674799665,0.832442903389189,0.505112958942417
1983-01-16,1.53,207.72,-5.71,-5.71,269.48,0.4887443000213083,658.41,27.06629,750.88,3.17552224503765,2.27054970568104,0.715016154973943,0.219528466253919,0.207214753166224,16.85,1.1541095890411,212.45,3.09468317552804,0,-16.0641,4.11759799833194,1.37608385686463,0.451685660266874,1.30108445697626,0.601283991047423,33.3877563865537,51.0347891166449,14.7976986383577,0.969,3.95608738968062,3.43920674799665,0.832442903389189,0.505112958942417
1983-01-17,0.24,232.75,-9.67,-9.67,188.96,0.3909954400170466,658.41,27.06629,750.88,3.17552224503765,2.27054970568104,0.715016154973943,0.219528466253919,0.207214753166224,16.85,1.1541095890411,212.45,3.09468317552804,0,-16.0641,4.11759799833194,1.37608385686463,0.451685660266874,1.30108445697626,0.601283991047423,33.3877563865537,51.0347891166449,14.7976986383577,0.969,3.95608738968062,3.43920674799665,0.832442903389189,0.505112958942417
1983-01-18,0.08,213.98,-12.86,-12.86,144.24,0.3258295333475389,658.41,27.06629,750.88,3.17552224503765,2.27054970568104,0.715016154973943,0.219528466253919,0.207214753166224,16.85,1.1541095890411,212.45,3.09468317552804,0,-16.0641,4.11759799833194,1.37608385686463,0.451685660266874,1.30108445697626,0.601283991047423,33.3877563865537,51.0347891166449,14.7976986383577,0.969,3.95608738968062,3.43920674799665,0.832442903389189,0.505112958942417
1983-01-19,0.09,248.5,-15.85,-15.85,110.7,0.3258295333475389,658.41,27.06629,750.88,3.17552224503765,2.27054970568104,0.715016154973943,0.219528466253919,0.207214753166224,16.85,1.1541095890411,212.45,3.09468317552804,0,-16.0641,4.11759799833194,1.37608385686463,0.451685660266874,1.30108445697626,0.601283991047423,33.3877563865537,51.0347891166449,14.7976986383577,0.969,3.95608738968062,3.43920674799665,0.832442903389189,0.505112958942417
1983-01-20,0.02,320.75,-14.93,-14.93,103.03,0.42357839335180053,658.41,27.06629,750.88,3.17552224503765,2.27054970568104,0.715016154973943,0.219528466253919,0.207214753166224,16.85,1.1541095890411,212.45,3.09468317552804,0,-16.0641,4.11759799833194,1.37608385686463,0.451685660266874,1.30108445697626,0.601283991047423,33.3877563865537,51.0347891166449,14.7976986383577,0.969,3.95608738968062,3.43920674799665,0.832442903389189,0.505112958942417
1983-01-21,1.69,260.61,-10.7,-10.7,131.0,0.45616134668655445,658.41,27.06629,750.88,3.17552224503765,2.27054970568104,0.715016154973943,0.219528466253919,0.207214753166224,16.85,1.1541095890411,212.45,3.09468317552804,0,-16.0641,4.11759799833194,1.37608385686463,0.451685660266874,1.30108445697626,0.601283991047423,33.3877563865537,51.0347891166449,14.7976986383577,0.969,3.95608738968062,3.43920674799665,0.832442903389189,0.505112958942417
1983-01-22,3.5,255.64,-6.47,-6.47,210.77,0.3909954400170466,658.41,27.06629,750.88,3.17552224503765,2.27054970568104,0.715016154973943,0.219528466253919,0.207214753166224,16.85,1.1541095890411,212.45,3.09468317552804,0,-16.0641,4.11759799833194,1.37608385686463,0.451685660266874,1.30108445697626,0.601283991047423,33.3877563865537,51.0347891166449,14.7976986383577,0.969,3.95608738968062,3.43920674799665,0.832442903389189,0.505112958942417
1983-01-23,3.53,195.69,-1.84,-1.84,372.65,0.41706180268484977,658.41,27.06629,750.88,3.17552224503765,2.27054970568104,0.715016154973943,0.219528466253919,0.207214753166224,16.85,1.1541095890411,212.45,3.09468317552804,0,-16.0641,4.11759799833194,1.37608385686463,0.451685660266874,1.30108445697626,0.601283991047423,33.3877563865537,51.0347891166449,14.7976986383577,0.969,3.95608738968062,3.43920674799665,0.832442903389189,0.505112958942417
1983-01-24,0.84,150.83,-0.97,-0.97,442.78,0.5082940720221607,658.41,27.06629,750.88,3.17552224503765,2.27054970568104,0.715016154973943,0.219528466253919,0.207214753166224,16.85,1.1541095890411,212.45,3.09468317552804,0,-16.0641,4.11759799833194,1.37608385686463,0.451685660266874,1.30108445697626,0.601283991047423,33.3877563865537,51.0347891166449,14.7976986383577,0.969,3.95608738968062,3.43920674799665,0.832442903389189,0.505112958942417
1983-01-25,0.59,125.35,-1.97,-1.97,402.62,0.48222770935435755,658.41,27.06629,750.88,3.17552224503765,2.27054970568104,0.715016154973943,0.219528466253919,0.207214753166224,16.85,1.1541095890411,212.45,3.09468317552804,0,-16.0641,4.11759799833194,1.37608385686463,0.451685660266874,1.30108445697626,0.601283991047423,33.3877563865537,51.0347891166449,14.7976986383577,0.969,3.95608738968062,3.43920674799665,0.832442903389189,0.505112958942417
1983-01-26,0.72,259.71,-8.5,-8.5,198.71,0.3909954400170466,658.41,27.06629,750.88,3.17552224503765,2.27054970568104,0.715016154973943,0.219528466253919,0.207214753166224,16.85,1.1541095890411,212.45,3.09468317552804,0,-16.0641,4.11759799833194,1.37608385686463,0.451685660266874,1.30108445697626,0.601283991047423,33.3877563865537,51.0347891166449,14.7976986383577,0.969,3.95608738968062,3.43920674799665,0.832442903389189,0.505112958942417
1983-01-27,0.18,306.35,-7.97,-7.97,206.55,0.4040286213509482,658.41,27.06629,750.88,3.17552224503765,2.27054970568104,0.715016154973943,0.219528466253919,0.207214753166224,16.85,1.1541095890411,212.45,3.09468317552804,0,-16.0641,4.11759799833194,1.37608385686463,0.451685660266874,1.30108445697626,0.601283991047423,33.3877563865537,51.0347891166449,14.7976986383577,0.969,3.95608738968062,3.43920674799665,0.832442903389189,0.505112958942417
1983-01-28,0.01,298.86,-4.85,-4.85,273.84,0.3909954400170466,658.41,27.06629,750.88,3.17552224503765,2.27054970568104,0.715016154973943,0.219528466253919,0.207214753166224,16.85,1.1541095890411,212.45,3.09468317552804,0,-16.0641,4.11759799833194,1.37608385686463,0.451685660266874,1.30108445697626,0.601283991047423,33.3877563865537,51.0347891166449,14.7976986383577,0.969,3.95608738968062,3.43920674799665,0.832442903389189,0.505112958942417
1983-01-29,0.44,273.69,-3.91,-3.91,263.34,0.3258295333475389,658.41,27.06629,750.88,3.17552224503765,2.27054970568104,0.715016154973943,0.219528466253919,0.207214753166224,16.85,1.1541095890411,212.45,3.09468317552804,0,-16.0641,4.11759799833194,1.37608385686463,0.451685660266874,1.30108445697626,0.601283991047423,33.3877563865537,51.0347891166449,14.7976986383577,0.969,3.95608738968062,3.43920674799665,0.832442903389189,0.505112958942417
1983-01-30,1.01,235.68,-1.11,-1.11,362.92,0.3909954400170466,658.41,27.06629,750.88,3.17552224503765,2.27054970568104,0.715016154973943,0.219528466253919,0.207214753166224,16.85,1.1541095890411,212.45,3.09468317552804,0,-16.0641,4.11759799833194,1.37608385686463,0.451685660266874,1.30108445697626,0.601283991047423,33.3877563865537,51.0347891166449,14.7976986383577,0.969,3.95608738968062,3.43920674799665,0.832442903389189,0.505112958942417
1983-01-31,0.35,159.44,-1.1,-1.1,426.43,0.38122055401662047,658.41,27.06629,750.88,3.17552224503765,2.27054970568104,0.715016154973943,0.219528466253919,0.207214753166224,16.85,1.1541095890411,212.45,3.09468317552804,0,-16.0641,4.11759799833194,1.37608385686463,0.451685660266874,1.30108445697626,0.601283991047423,33.3877563865537,51.0347891166449,14.7976986383577,0.969,3.95608738968062,3.43920674799665,0.832442903389189,0.505112958942417
1983-02-01,3.89,180.84,-1.52,-1.52,429.03,0.3714456680161943,658.41,27.06629,750.88,3.17552224503765,2.27054970568104,0.715016154973943,0.219528466253919,0.207214753166224,16.85,1.1541095890411,212.45,3.09468317552804,0,-16.0641,4.11759799833194,1.37608385686463,0.451685660266874,1.30108445697626,0.601283991047423,33.3877563865537,51.0347891166449,14.7976986383577,0.969,3.95608738968062,3.43920674799665,0.832442903389189,0.505112958942417
1983-02-02,7.7,233.22,0.83,0.83,470.58,0.6549173620285531,658.41,27.06629,750.88,3.17552224503765,2.27054970568104,0.715016154973943,0.219528466253919,0.207214753166224,16.85,1.1541095890411,212.45,3.09468317552804,0,-16.0641,4.11759799833194,1.37608385686463,0.451685660266874,1.30108445697626,0.601283991047423,33.3877563865537,51.0347891166449,14.7976986383577,0.969,3.95608738968062,3.43920674799665,0.832442903389189,0.505112958942417
1983-02-03,3.46,245.96,1.73,1.73,450.52,5.213272533560622,658.41,27.06629,750.88,3.17552224503765,2.27054970568104,0.715016154973943,0.219528466253919,0.207214753166224,16.85,1.1541095890411,212.45,3.09468317552804,0,-16.0641,4.11759799833194,1.37608385686463,0.451685660266874,1.30108445697626,0.601283991047423,33.3877563865537,51.0347891166449,14.7976986383577,0.969,3.95608738968062,3.43920674799665,0.832442903389189,0.505112958942417
1983-02-04,0.69,253.99,-3.48,-3.48,285.95,2.34597264010228,658.41,27.06629,750.88,3.17552224503765,2.27054970568104,0.715016154973943,0.219528466253919,0.207214753166224,16.85,1.1541095890411,212.45,3.09468317552804,0,-16.0641,4.11759799833194,1.37608385686463,0.451685660266874,1.30108445697626,0.601283991047423,33.3877563865537,51.0347891166449,14.7976986383577,0.969,3.95608738968062,3.43920674799665,0.832442903389189,0.505112958942417
1983-02-05,0.23,278.0,-9.34,-9.34,177.59,1.4988158533986788,658.41,27.06629,750.88,3.17552224503765,2.27054970568104,0.715016154973943,0.219528466253919,0.207214753166224,16.85,1.1541095890411,212.45,3.09468317552804,0,-16.0641,4.11759799833194,1.37608385686463,0.451685660266874,1.30108445697626,0.601283991047423,33.3877563865537,51.0347891166449,14.7976986383577,0.969,3.95608738968062,3.43920674799665,0.832442903389189,0.505112958942417
1983-02-06,1.64,260.5,-8.15,-8.15,211.43,1.3684840400596632,658.41,27.06629,750.88,3.17552224503765,2.27054970568104,0.715016154973943,0.219528466253919,0.207214753166224,16.85,1.1541095890411,212.45,3.09468317552804,0,-16.0641,4.11759799833194,1.37608385686463,0.451685660266874,1.30108445697626,0.601283991047423,33.3877563865537,51.0347891166449,14.7976986383577,0.969,3.95608738968062,3.43920674799665,0.832442903389189,0.505112958942417
1983-02-07,2.59,184.31,-5.37,-5.37,287.71,1.2381522267206477,658.41,27.06629,750.88,3.17552224503765,2.27054970568104,0.715016154973943,0.219528466253919,0.207214753166224,16.85,1.1541095890411,212.45,3.09468317552804,0,-16.0641,4.11759799833194,1.37608385686463,0.451685660266874,1.30108445697626,0.601283991047423,33.3877563865537,51.0347891166449,14.7976986383577,0.969,3.95608738968062,3.43920674799665,0.832442903389189,0.505112958942417
1983-02-08,0.61,245.22,-5.87,-5.87,266.77,1.107820413381632,658.41,27.06629,750.88,3.17552224503765,2.27054970568104,0.715016154973943,0.219528466253919,0.207214753166224,16.85,1.1541095890411,212.45,3.09468317552804,0,-16.0641,4.11759799833194,1.37608385686463,0.451685660266874,1.30108445697626,0.601283991047423,33.3877563865537,51.0347891166449,14.7976986383577,0.969,3.95608738968062,3.43920674799665,0.832442903389189,0.505112958942417
1983-02-09,0.01,355.56,-9.15,-9.15,173.7,1.0752374600468781,658.41,27.06629,750.88,3.17552224503765,2.27054970568104,0.715016154973943,0.219528466253919,0.207214753166224,16.85,1.1541095890411,212.45,3.09468317552804,0,-16.0641,4.11759799833194,1.37608385686463,0.451685660266874,1.30108445697626,0.601283991047423,33.3877563865537,51.0347891166449,14.7976986383577,0.969,3.95608738968062,3.43920674799665,0.832442903389189,0.505112958942417
1983-02-10,0.0,388.37,-14.45,-14.45,98.64,0.8145738333688473,658.41,27.06629,750.88,3.17552224503765,2.27054970568104,0.715016154973943,0.219528466253919,0.207214753166224,16.85,1.1541095890411,212.45,3.09468317552804,0,-16.0641,4.11759799833194,1.37608385686463,0.451685660266874,1.30108445697626,0.601283991047423,33.3877563865537,51.0347891166449,14.7976986383577,0.969,3.95608738968062,3.43920674799665,0.832442903389189,0.505112958942417
1983-02-11,0.0,366.04,-10.93,-10.93,137.28,0.7819908800340932,658.41,27.06629,750.88,3.17552224503765,2.27054970568104,0.715016154973943,0.219528466253919,0.207214753166224,16.85,1.1541095890411,212.45,3.09468317552804,0,-16.0641,4.11759799833194,1.37608385686463,0.451685660266874,1.30108445697626,0.601283991047423,33.3877563865537,51.0347891166449,14.7976986383577,0.969,3.95608738968062,3.43920674799665,0.832442903389189,0.505112958942417
1983-02-12,0.0,391.49,-10.74,-10.74,130.15,0.7168249733645855,658.41,27.06629,750.88,3.17552224503765,2.27054970568104,0.715016154973943,0.219528466253919,0.207214753166224,16.85,1.1541095890411,212.45,3.09468317552804,0,-16.0641,4.11759799833194,1.37608385686463,0.451685660266874,1.30108445697626,0.601283991047423,33.3877563865537,51.0347891166449,14.7976986383577,0.969,3.95608738968062,3.43920674799665,0.832442903389189,0.505112958942417
1983-02-13,0.0,400.2,-8.78,-8.78,139.3,0.58649316002557,658.41,27.06629,750.88,3.17552224503765,2.27054970568104,0.715016154973943,0.219528466253919,0.207214753166224,16.85,1.1541095890411,212.45,3.09468317552804,0,-16.0641,4.11759799833194,1.37608385686463,0.451685660266874,1.30108445697626,0.601283991047423,33.3877563865537,51.0347891166449,14.7976986383577,0.969,3.95608738968062,3.43920674799665,0.832442903389189,0.505112958942417
1983-02-14,0.0,400.99,-3.07,-3.07,223.07,0.6516590666950778,658.41,27.06629,750.88,3.17552224503765,2.27054970568104,0.715016154973943,0.219528466253919,0.207214753166224,16.85,1.1541095890411,212.45,3.09468317552804,0,-16.0641,4.11759799833194,1.37608385686463,0.451685660266874,1.30108445697626,0.601283991047423,33.3877563865537,51.0347891166449,14.7976986383577,0.969,3.95608738968062,3.43920674799665,0.832442903389189,0.505112958942417
1983-02-15,0.0,351.15,-0.73,-0.73,330.86,0.6190761133603239,658.41,27.06629,750.88,3.17552224503765,2.27054970568104,0.715016154973943,0.219528466253919,0.207214753166224,16.85,1.1541095890411,212.45,3.09468317552804,0,-16.0641,4.11759799833194,1.37608385686463,0.451685660266874,1.30108445697626,0.601283991047423,33.3877563865537,51.0347891166449,14.7976986383577,0.969,3.95608738968062,3.43920674799665,0.832442903389189,0.505112958942417
1983-02-16,0.0,296.97,-0.64,-0.64,405.08,0.5799765693586192,658.41,27.06629,750.88,3.17552224503765,2.27054970568104,0.715016154973943,0.219528466253919,0.207214753166224,16.85,1.1541095890411,212.45,3.09468317552804,0,-16.0641,4.11759799833194,1.37608385686463,0.451685660266874,1.30108445697626,0.601283991047423,33.3877563865537,51.0347891166449,14.7976986383577,0.969,3.95608738968062,3.43920674799665,0.832442903389189,0.505112958942417
1983-02-17,0.0,248.62,0.94,0.94,475.74,0.5799765693586192,658.41,27.06629,750.88,3.17552224503765,2.27054970568104,0.715016154973943,0.219528466253919,0.207214753166224,16.85,1.1541095890411,212.45,3.09468317552804,0,-16.0641,4.11759799833194,1.37608385686463,0.451685660266874,1.30108445697626,0.601283991047423,33.3877563865537,51.0347891166449,14.7976986383577,0.969,3.95608738968062,3.43920674799665,0.832442903389189,0.505112958942417
1983-02-18,0.0,328.19,0.87,0.87,428.09,0.553910206690816,658.41,27.06629,750.88,3.17552224503765,2.27054970568104,0.715016154973943,0.219528466253919,0.207214753166224,16.85,1.1541095890411,212.45,3.09468317552804,0,-16.0641,4.11759799833194,1.37608385686463,0.451685660266874,1.30108445697626,0.601283991047423,33.3877563865537,51.0347891166449,14.7976986383577,0.969,3.95608738968062,3.43920674799665,0.832442903389189,0.505112958942417
1983-02-19,0.0,395.04,-0.4,-0.4,341.22,0.58649316002557,658.41,27.06629,750.88,3.17552224503765,2.27054970568104,0.715016154973943,0.219528466253919,0.207214753166224,16.85,1.1541095890411,212.45,3.09468317552804,0,-16.0641,4.11759799833194,1.37608385686463,0.451685660266874,1.30108445697626,0.601283991047423,33.3877563865537,51.0347891166449,14.7976986383577,0.969,3.95608738968062,3.43920674799665,0.832442903389189,0.505112958942417
1983-02-20,0.0,415.19,1.53,1.53,353.01,0.58649316002557,658.41,27.06629,750.88,3.17552224503765,2.27054970568104,0.715016154973943,0.219528466253919,0.207214753166224,16.85,1.1541095890411,212.45,3.09468317552804,0,-16.0641,4.11759799833194,1.37608385686463,0.451685660266874,1.30108445697626,0.601283991047423,33.3877563865537,51.0347891166449,14.7976986383577,0.969,3.95608738968062,3.43920674799665,0.832442903389189,0.505112958942417
1983-02-21,0.0,407.26,4.56,4.56,436.48,0.6516590666950778,658.41,27.06629,750.88,3.17552224503765,2.27054970568104,0.715016154973943,0.219528466253919,0.207214753166224,16.85,1.1541095890411,212.45,3.09468317552804,0,-16.0641,4.11759799833194,1.37608385686463,0.451685660266874,1.30108445697626,0.601283991047423,33.3877563865537,51.0347891166449,14.7976986383577,0.969,3.95608738968062,3.43920674799665,0.832442903389189,0.505112958942417
1983-02-22,0.0,392.27,5.26,5.26,497.35,0.7787325847006179,658.41,27.06629,750.88,3.17552224503765,2.27054970568104,0.715016154973943,0.219528466253919,0.207214753166224,16.85,1.1541095890411,212.45,3.09468317552804,0,-16.0641,4.11759799833194,1.37608385686463,0.451685660266874,1.30108445697626,0.601283991047423,33.3877563865537,51.0347891166449,14.7976986383577,0.969,3.95608738968062,3.43920674799665,0.832442903389189,0.505112958942417
1983-02-23,0.89,269.12,4.42,4.42,514.04,0.8471567867036011,658.41,27.06629,750.88,3.17552224503765,2.27054970568104,0.715016154973943,0.219528466253919,0.207214753166224,16.85,1.1541095890411,212.45,3.09468317552804,0,-16.0641,4.11759799833194,1.37608385686463,0.451685660266874,1.30108445697626,0.601283991047423,33.3877563865537,51.0347891166449,14.7976986383577,0.969,3.95608738968062,3.43920674799665,0.832442903389189,0.505112958942417
1983-02-24,2.72,217.2,-0.06,-0.06,400.75,0.7461496313658639,658.41,27.06629,750.88,3.17552224503765,2.27054970568104,0.715016154973943,0.219528466253919,0.207214753166224,16.85,1.1541095890411,212.45,3.09468317552804,0,-16.0641,4.11759799833194,1.37608385686463,0.451685660266874,1.30108445697626,0.601283991047423,33.3877563865537,51.0347891166449,14.7976986383577,0.969,3.95608738968062,3.43920674799665,0.832442903389189,0.505112958942417
1983-02-25,1.11,237.72,-3.79,-3.79,295.94,0.7005334966972085,658.41,27.06629,750.88,3.17552224503765,2.27054970568104,0.715016154973943,0.219528466253919,0.207214753166224,16.85,1.1541095890411,212.45,3.09468317552804,0,-16.0641,4.11759799833194,1.37608385686463,0.451685660266874,1.30108445697626,0.601283991047423,33.3877563865537,51.0347891166449,14.7976986383577,0.969,3.95608738968062,3.43920674799665,0.832442903389189,0.505112958942417
1983-02-26,0.12,365.39,-7.0,-7.0,208.45,0.58649316002557,658.41,27.06629,750.88,3.17552224503765,2.27054970568104,0.715016154973943,0.219528466253919,0.207214753166224,16.85,1.1541095890411,212.45,3.09468317552804,0,-16.0641,4.11759799833194,1.37608385686463,0.451685660266874,1.30108445697626,0.601283991047423,33.3877563865537,51.0347891166449,14.7976986383577,0.969,3.95608738968062,3.43920674799665,0.832442903389189,0.505112958942417
1983-02-27,0.0,444.66,-5.83,-5.83,188.99,0.58649316002557,658.41,27.06629,750.88,3.17552224503765,2.27054970568104,0.715016154973943,0.219528466253919,0.207214753166224,16.85,1.1541095890411,212.45,3.09468317552804,0,-16.0641,4.11759799833194,1.37608385686463,0.451685660266874,1.30108445697626,0.601283991047423,33.3877563865537,51.0347891166449,14.7976986383577,0.969,3.95608738968062,3.43920674799665,0.832442903389189,0.505112958942417
1983-02-28,0.0,444.68,0.93,0.93,295.42,0.6516590666950778,658.41,27.06629,750.88,3.17552224503765,2.27054970568104,0.715016154973943,0.219528466253919,0.207214753166224,16.85,1.1541095890411,212.45,3.09468317552804,0,-16.0641,4.11759799833194,1.37608385686463,0.451685660266874,1.30108445697626,0.601283991047423,33.3877563865537,51.0347891166449,14.7976986383577,0.969,3.95608738968062,3.43920674799665,0.832442903389189,0.505112958942417
1983-03-01,0.0,429.08,3.52,3.52,368.0,0.7331164500319624,658.41,27.06629,750.88,3.17552224503765,2.27054970568104,0.715016154973943,0.219528466253919,0.207214753166224,16.85,1.1541095890411,212.45,3.09468317552804,0,-16.0641,4.11759799833194,1.37608385686463,0.451685660266874,1.30108445697626,0.601283991047423,33.3877563865537,51.0347891166449,14.7976986383577,0.969,3.95608738968062,3.43920674799665,0.832442903389189,0.505112958942417
1983-03-02,0.0,429.83,2.15,2.15,362.52,0.7005334966972085,658.41,27.06629,750.88,3.17552224503765,2.27054970568104,0.715016154973943,0.219528466253919,0.207214753166224,16.85,1.1541095890411,212.45,3.09468317552804,0,-16.0641,4.11759799833194,1.37608385686463,0.451685660266874,1.30108445697626,0.601283991047423,33.3877563865537,51.0347891166449,14.7976986383577,0.969,3.95608738968062,3.43920674799665,0.832442903389189,0.505112958942417
1983-03-03,0.31,315.13,3.69,3.69,451.79,0.6679505433624546,658.41,27.06629,750.88,3.17552224503765,2.27054970568104,0.715016154973943,0.219528466253919,0.207214753166224,16.85,1.1541095890411,212.45,3.09468317552804,0,-16.0641,4.11759799833194,1.37608385686463,0.451685660266874,1.30108445697626,0.601283991047423,33.3877563865537,51.0347891166449,14.7976986383577,0.969,3.95608738968062,3.43920674799665,0.832442903389189,0.505112958942417
1983-03-04,0.09,413.64,6.71,6.71,508.17,0.7005334966972085,658.41,27.06629,750.88,3.17552224503765,2.27054970568104,0.715016154973943,0.219528466253919,0.207214753166224,16.85,1.1541095890411,212.45,3.09468317552804,0,-16.0641,4.11759799833194,1.37608385686463,0.451685660266874,1.30108445697626,0.601283991047423,33.3877563865537,51.0347891166449,14.7976986383577,0.969,3.95608738968062,3.43920674799665,0.832442903389189,0.505112958942417
1983-03-05,0.15,399.89,9.01,9.01,571.07,0.7461496313658639,658.41,27.06629,750.88,3.17552224503765,2.27054970568104,0.715016154973943,0.219528466253919,0.207214753166224,16.85,1.1541095890411,212.45,3.09468317552804,0,-16.0641,4.11759799833194,1.37608385686463,0.451685660266874,1.30108445697626,0.601283991047423,33.3877563865537,51.0347891166449,14.7976986383577,0.969,3.95608738968062,3.43920674799665,0.832442903389189,0.505112958942417
1983-03-06,0.39,304.37,9.88,9.88,689.17,0.7168249733645855,658.41,27.06629,750.88,3.17552224503765,2.27054970568104,0.715016154973943,0.219528466253919,0.207214753166224,16.85,1.1541095890411,212.45,3.09468317552804,0,-16.0641,4.11759799833194,1.37608385686463,0.451685660266874,1.30108445697626,0.601283991047423,33.3877563865537,51.0347891166449,14.7976986383577,0.969,3.95608738968062,3.43920674799665,0.832442903389189,0.505112958942417
1983-03-07,0.21,297.02,10.43,10.43,766.77,0.7624411080332409,658.41,27.06629,750.88,3.17552224503765,2.27054970568104,0.715016154973943,0.219528466253919,0.207214753166224,16.85,1.1541095890411,212.45,3.09468317552804,0,-16.0641,4.11759799833194,1.37608385686463,0.451685660266874,1.30108445697626,0.601283991047423,33.3877563865537,51.0347891166449,14.7976986383577,0.969,3.95608738968062,3.43920674799665,0.832442903389189,0.505112958942417
1983-03-08,2.2,268.31,7.22,7.22,649.56,0.7461496313658639,658.41,27.06629,750.88,3.17552224503765,2.27054970568104,0.715016154973943,0.219528466253919,0.207214753166224,16.85,1.1541095890411,212.45,3.09468317552804,0,-16.0641,4.11759799833194,1.37608385686463,0.451685660266874,1.30108445697626,0.601283991047423,33.3877563865537,51.0347891166449,14.7976986383577,0.969,3.95608738968062,3.43920674799665,0.832442903389189,0.505112958942417
1983-03-09,9.74,179.83,4.35,4.35,594.47,0.7461496313658639,658.41,27.06629,750.88,3.17552224503765,2.27054970568104,0.715016154973943,0.219528466253919,0.207214753166224,16.85,1.1541095890411,212.45,3.09468317552804,0,-16.0641,4.11759799833194,1.37608385686463,0.451685660266874,1.30108445697626,0.601283991047423,33.3877563865537,51.0347891166449,14.7976986383577,0.969,3.95608738968062,3.43920674799665,0.832442903389189,0.505112958942417
1983-03-10,16.22,182.42,2.24,2.24,520.17,1.3554508587257617,658.41,27.06629,750.88,3.17552224503765,2.27054970568104,0.715016154973943,0.219528466253919,0.207214753166224,16.85,1.1541095890411,212.45,3.09468317552804,0,-16.0641,4.11759799833194,1.37608385686463,0.451685660266874,1.30108445697626,0.601283991047423,33.3877563865537,51.0347891166449,14.7976986383577,0.969,3.95608738968062,3.43920674799665,0.832442903389189,0.505112958942417
1983-03-11,4.46,200.7,-1.01,-1.01,400.2,2.1341834434263793,658.41,27.06629,750.88,3.17552224503765,2.27054970568104,0.715016154973943,0.219528466253919,0.207214753166224,16.85,1.1541095890411,212.45,3.09468317552804,0,-16.0641,4.11759799833194,1.37608385686463,0.451685660266874,1.30108445697626,0.601283991047423,33.3877563865537,51.0347891166449,14.7976986383577,0.969,3.95608738968062,3.43920674799665,0.832442903389189,0.505112958942417
1983-03-12,0.22,307.68,-2.93,-2.93,316.37,1.5737566460686125,658.41,27.06629,750.88,3.17552224503765,2.27054970568104,0.715016154973943,0.219528466253919,0.207214753166224,16.85,1.1541095890411,212.45,3.09468317552804,0,-16.0641,4.11759799833194,1.37608385686463,0.451685660266874,1.30108445697626,0.601283991047423,33.3877563865537,51.0347891166449,14.7976986383577,0.969,3.95608738968062,3.43920674799665,0.832442903389189,0.505112958942417
1983-03-13,0.0,456.92,-3.3,-3.3,264.96,1.417358470061794,658.41,27.06629,750.88,3.17552224503765,2.27054970568104,0.715016154973943,0.219528466253919,0.207214753166224,16.85,1.1541095890411,212.45,3.09468317552804,0,-16.0641,4.11759799833194,1.37608385686463,0.451685660266874,1.30108445697626,0.601283991047423,33.3877563865537,51.0347891166449,14.7976986383577,0.969,3.95608738968062,3.43920674799665,0.832442903389189,0.505112958942417
1983-03-14,0.0,463.11,0.41,0.41,339.36,1.5737566460686125,658.41,27.06629,750.88,3.17552224503765,2.27054970568104,0.715016154973943,0.219528466253919,0.207214753166224,16.85,1.1541095890411,212.45,3.09468317552804,0,-16.0641,4.11759799833194,1.37608385686463,0.451685660266874,1.30108445697626,0.601283991047423,33.3877563865537,51.0347891166449,14.7976986383577,0.969,3.95608738968062,3.43920674799665,0.832442903389189,0.505112958942417
1983-03-15,0.0,368.98,3.35,3.35,460.14,2.1081170807585763,658.41,27.06629,750.88,3.17552224503765,2.27054970568104,0.715016154973943,0.219528466253919,0.207214753166224,16.85,1.1541095890411,212.45,3.09468317552804,0,-16.0641,4.11759799833194,1.37608385686463,0.451685660266874,1.30108445697626,0.601283991047423,33.3877563865537,51.0347891166449,14.7976986383577,0.969,3.95608738968062,3.43920674799665,0.832442903389189,0.505112958942417
1983-03-16,0.0,409.26,2.56,2.56,426.01,1.902844474749627,658.41,27.06629,750.88,3.17552224503765,2.27054970568104,0.715016154973943,0.219528466253919,0.207214753166224,16.85,1.1541095890411,212.45,3.09468317552804,0,-16.0641,4.11759799833194,1.37608385686463,0.451685660266874,1.30108445697626,0.601283991047423,33.3877563865537,51.0347891166449,14.7976986383577,0.969,3.95608738968062,3.43920674799665,0.832442903389189,0.505112958942417
1983-03-17,1.15,335.37,2.38,2.38,429.15,1.977785267419561,658.41,27.06629,750.88,3.17552224503765,2.27054970568104,0.715016154973943,0.219528466253919,0.207214753166224,16.85,1.1541095890411,212.45,3.09468317552804,0,-16.0641,4.11759799833194,1.37608385686463,0.451685660266874,1.30108445697626,0.601283991047423,33.3877563865537,51.0347891166449,14.7976986383577,0.969,3.95608738968062,3.43920674799665,0.832442903389189,0.505112958942417
1983-03-18,3.36,271.29,4.12,4.12,566.13,1.8050956147453652,658.41,27.06629,750.88,3.17552224503765,2.27054970568104,0.715016154973943,0.219528466253919,0.207214753166224,16.85,1.1541095890411,212.45,3.09468317552804,0,-16.0641,4.11759799833194,1.37608385686463,0.451685660266874,1.30108445697626,0.601283991047423,33.3877563865537,51.0347891166449,14.7976986383577,0.969,3.95608738968062,3.43920674799665,0.832442903389189,0.505112958942417
1983-03-19,5.15,208.71,7.28,7.28,710.46,2.407880251438312,658.41,27.06629,750.88,3.17552224503765,2.27054970568104,0.715016154973943,0.219528466253919,0.207214753166224,16.85,1.1541095890411,212.45,3.09468317552804,0,-16.0641,4.11759799833194,1.37608385686463,0.451685660266874,1.30108445697626,0.601283991047423,33.3877563865537,51.0347891166449,14.7976986383577,0.969,3.95608738968062,3.43920674799665,0.832442903389189,0.505112958942417
1983-03-20,6.42,286.54,3.14,3.14,500.69,2.7858425101214572,658.41,27.06629,750.88,3.17552224503765,2.27054970568104,0.715016154973943,0.219528466253919,0.207214753166224,16.85,1.1541095890411,212.45,3.09468317552804,0,-16.0641,4.11759799833194,1.37608385686463,0.451685660266874,1.30108445697626,0.601283991047423,33.3877563865537,51.0347891166449,14.7976986383577,0.969,3.95608738968062,3.43920674799665,0.832442903389189,0.505112958942417
1983-03-21,10.42,193.89,0.22,0.22,417.87,4.822277093543575,658.41,27.06629,750.88,3.17552224503765,2.27054970568104,0.715016154973943,0.219528466253919,0.207214753166224,16.85,1.1541095890411,212.45,3.09468317552804,0,-16.0641,4.11759799833194,1.37608385686463,0.451685660266874,1.30108445697626,0.601283991047423,33.3877563865537,51.0347891166449,14.7976986383577,0.969,3.95608738968062,3.43920674799665,0.832442903389189,0.505112958942417
1983-03-22,2.89,326.37,-3.68,-3.68,282.23,5.767182740251438,658.41,27.06629,750.88,3.17552224503765,2.27054970568104,0.715016154973943,0.219528466253919,0.207214753166224,16.85,1.1541095890411,212.45,3.09468317552804,0,-16.0641,4.11759799833194,1.37608385686463,0.451685660266874,1.30108445697626,0.601283991047423,33.3877563865537,51.0347891166449,14.7976986383577,0.969,3.95608738968062,3.43920674799665,0.832442903389189,0.505112958942417
1983-03-23,0.14,403.58,-6.94,-6.94,209.25,3.5841248668229277,658.41,27.06629,750.88,3.17552224503765,2.27054970568104,0.715016154973943,0.219528466253919,0.207214753166224,16.85,1.1541095890411,212.45,3.09468317552804,0,-16.0641,4.11759799833194,1.37608385686463,0.451685660266874,1.30108445697626,0.601283991047423,33.3877563865537,51.0347891166449,14.7976986383577,0.969,3.95608738968062,3.43920674799665,0.832442903389189,0.505112958942417
1983-03-24,0.0,475.78,-7.4,-7.4,182.98,2.606636266780311,658.41,27.06629,750.88,3.17552224503765,2.27054970568104,0.715016154973943,0.219528466253919,0.207214753166224,16.85,1.1541095890411,212.45,3.09468317552804,0,-16.0641,4.11759799833194,1.37608385686463,0.451685660266874,1.30108445697626,0.601283991047423,33.3877563865537,51.0347891166449,14.7976986383577,0.969,3.95608738968062,3.43920674799665,0.832442903389189,0.505112958942417
1983-03-25,0.0,519.63,-8.05,-8.05,156.44,1.6943135734072021,658.41,27.06629,750.88,3.17552224503765,2.27054970568104,0.715016154973943,0.219528466253919,0.207214753166224,16.85,1.1541095890411,212.45,3.09468317552804,0,-16.0641,4.11759799833194,1.37608385686463,0.451685660266874,1.30108445697626,0.601283991047423,33.3877563865537,51.0347891166449,14.7976986383577,0.969,3.95608738968062,3.43920674799665,0.832442903389189,0.505112958942417
1983-03-26,3.08,416.55,-5.25,-5.25,201.49,1.6943135734072021,658.41,27.06629,750.88,3.17552224503765,2.27054970568104,0.715016154973943,0.219528466253919,0.207214753166224,16.85,1.1541095890411,212.45,3.09468317552804,0,-16.0641,4.11759799833194,1.37608385686463,0.451685660266874,1.30108445697626,0.601283991047423,33.3877563865537,51.0347891166449,14.7976986383577,0.969,3.95608738968062,3.43920674799665,0.832442903389189,0.505112958942417
1983-03-27,6.69,364.73,0.96,0.96,371.0,1.7822875474110376,658.41,27.06629,750.88,3.17552224503765,2.27054970568104,0.715016154973943,0.219528466253919,0.207214753166224,16.85,1.1541095890411,212.45,3.09468317552804,0,-16.0641,4.11759799833194,1.37608385686463,0.451685660266874,1.30108445697626,0.601283991047423,33.3877563865537,51.0347891166449,14.7976986383577,0.969,3.95608738968062,3.43920674799665,0.832442903389189,0.505112958942417
1983-03-28,1.99,253.96,1.37,1.37,428.41,1.902844474749627,658.41,27.06629,750.88,3.17552224503765,2.27054970568104,0.715016154973943,0.219528466253919,0.207214753166224,16.85,1.1541095890411,212.45,3.09468317552804,0,-16.0641,4.11759799833194,1.37608385686463,0.451685660266874,1.30108445697626,0.601283991047423,33.3877563865537,51.0347891166449,14.7976986383577,0.969,3.95608738968062,3.43920674799665,0.832442903389189,0.505112958942417
1983-03-29,0.12,467.09,-2.38,-2.38,279.91,2.3524892307692307,658.41,27.06629,750.88,3.17552224503765,2.27054970568104,0.715016154973943,0.219528466253919,0.207214753166224,16.85,1.1541095890411,212.45,3.09468317552804,0,-16.0641,4.11759799833194,1.37608385686463,0.451685660266874,1.30108445697626,0.601283991047423,33.3877563865537,51.0347891166449,14.7976986383577,0.969,3.95608738968062,3.43920674799665,0.832442903389189,0.505112958942417
1983-03-30,0.0,523.68,-5.09,-5.09,206.96,1.827903682079693,658.41,27.06629,750.88,3.17552224503765,2.27054970568104,0.715016154973943,0.219528466253919,0.207214753166224,16.85,1.1541095890411,212.45,3.09468317552804,0,-16.0641,4.11759799833194,1.37608385686463,0.451685660266874,1.30108445697626,0.601283991047423,33.3877563865537,51.0347891166449,14.7976986383577,0.969,3.95608738968062,3.43920674799665,0.832442903389189,0.505112958942417
1983-03-31,0.0,522.24,-1.89,-1.89,251.87,1.5965647134029404,658.41,27.06629,750.88,3.17552224503765,2.27054970568104,0.715016154973943,0.219528466253919,0.207214753166224,16.85,1.1541095890411,212.45,3.09468317552804,0,-16.0641,4.11759799833194,1.37608385686463,0.451685660266874,1.30108445697626,0.601283991047423,33.3877563865537,51.0347891166449,14.7976986383577,0.969,3.95608738968062,3.43920674799665,0.832442903389189,0.505112958942417
1983-04-01,0.0,536.55,-0.45,-0.45,276.35,1.4629746047304493,658.41,27.06629,750.88,3.17552224503765,2.27054970568104,0.715016154973943,0.219528466253919,0.207214753166224,16.85,1.1541095890411,212.45,3.09468317552804,0,-16.0641,4.11759799833194,1.37608385686463,0.451685660266874,1.30108445697626,0.601283991047423,33.3877563865537,51.0347891166449,14.7976986383577,0.969,3.95608738968062,3.43920674799665,0.832442903389189,0.505112958942417
1983-04-02,6.08,415.36,2.3,2.3,379.82,1.3554508587257617,658.41,27.06629,750.88,3.17552224503765,2.27054970568104,0.715016154973943,0.219528466253919,0.207214753166224,16.85,1.1541095890411,212.45,3.09468317552804,0,-16.0641,4.11759799833194,1.37608385686463,0.451685660266874,1.30108445697626,0.601283991047423,33.3877563865537,51.0347891166449,14.7976986383577,0.969,3.95608738968062,3.43920674799665,0.832442903389189,0.505112958942417
1983-04-03,2.71,318.13,4.68,4.68,550.1,2.1081170807585763,658.41,27.06629,750.88,3.17552224503765,2.27054970568104,0.715016154973943,0.219528466253919,0.207214753166224,16.85,1.1541095890411,212.45,3.09468317552804,0,-16.0641,4.11759799833194,1.37608385686463,0.451685660266874,1.30108445697626,0.601283991047423,33.3877563865537,51.0347891166449,14.7976986383577,0.969,3.95608738968062,3.43920674799665,0.832442903389189,0.505112958942417
1983-04-04,0.42,249.94,4.02,4.02,578.29,2.029917992755167,658.41,27.06629,750.88,3.17552224503765,2.27054970568104,0.715016154973943,0.219528466253919,0.207214753166224,16.85,1.1541095890411,212.45,3.09468317552804,0,-16.0641,4.11759799833194,1.37608385686463,0.451685660266874,1.30108445697626,0.601283991047423,33.3877563865537,51.0347891166449,14.7976986383577,0.969,3.95608738968062,3.43920674799665,0.832442903389189,0.505112958942417
1983-04-05,1.03,378.88,3.99,3.99,511.63,1.710605050074579,658.41,27.06629,750.88,3.17552224503765,2.27054970568104,0.715016154973943,0.219528466253919,0.207214753166224,16.85,1.1541095890411,212.45,3.09468317552804,0,-16.0641,4.11759799833194,1.37608385686463,0.451685660266874,1.30108445697626,0.601283991047423,33.3877563865537,51.0347891166449,14.7976986383577,0.969,3.95608738968062,3.43920674799665,0.832442903389189,0.505112958942417
1983-04-06,2.52,367.52,3.09,3.09,502.02,1.5737566460686125,658.41,27.06629,750.88,3.17552224503765,2.27054970568104,0.715016154973943,0.219528466253919,0.207214753166224,16.85,1.1541095890411,212.45,3.09468317552804,0,-16.0641,4.11759799833194,1.37608385686463,0.451685660266874,1.30108445697626,0.601283991047423,33.3877563865537,51.0347891166449,14.7976986383577,0.969,3.95608738968062,3.43920674799665,0.832442903389189,0.505112958942417
1983-04-07,6.79,275.73,7.2,7.2,701.98,1.710605050074579,658.41,27.06629,750.88,3.17552224503765,2.27054970568104,0.715016154973943,0.219528466253919,0.207214753166224,16.85,1.1541095890411,212.45,3.09468317552804,0,-16.0641,4.11759799833194,1.37608385686463,0.451685660266874,1.30108445697626,0.601283991047423,33.3877563865537,51.0347891166449,14.7976986383577,0.969,3.95608738968062,3.43920674799665,0.832442903389189,0.505112958942417
1983-04-08,3.2,301.73,6.9,6.9,647.82,2.7565178521201785,658.41,27.06629,750.88,3.17552224503765,2.27054970568104,0.715016154973943,0.219528466253919,0.207214753166224,16.85,1.1541095890411,212.45,3.09468317552804,0,-16.0641,4.11759799833194,1.37608385686463,0.451685660266874,1.30108445697626,0.601283991047423,33.3877563865537,51.0347891166449,14.7976986383577,0.969,3.95608738968062,3.43920674799665,0.832442903389189,0.505112958942417
1983-04-09,3.58,385.68,3.84,3.84,489.9,2.189574464095461,658.41,27.06629,750.88,3.17552224503765,2.27054970568104,0.715016154973943,0.219528466253919,0.207214753166224,16.85,1.1541095890411,212.45,3.09468317552804,0,-16.0641,4.11759799833194,1.37608385686463,0.451685660266874,1.30108445697626,0.601283991047423,33.3877563865537,51.0347891166449,14.7976986383577,0.969,3.95608738968062,3.43920674799665,0.832442903389189,0.505112958942417
1983-04-10,3.92,304.0,5.25,5.25,578.97,2.241707189431067,658.41,27.06629,750.88,3.17552224503765,2.27054970568104,0.715016154973943,0.219528466253919,0.207214753166224,16.85,1.1541095890411,212.45,3.09468317552804,0,-16.0641,4.11759799833194,1.37608385686463,0.451685660266874,1.30108445697626,0.601283991047423,33.3877563865537,51.0347891166449,14.7976986383577,0.969,3.95608738968062,3.43920674799665,0.832442903389189,0.505112958942417
1983-04-11,1.39,289.27,3.71,3.71,547.74,2.8151671681227355,658.41,27.06629,750.88,3.17552224503765,2.27054970568104,0.715016154973943,0.219528466253919,0.207214753166224,16.85,1.1541095890411,212.45,3.09468317552804,0,-16.0641,4.11759799833194,1.37608385686463,0.451685660266874,1.30108445697626,0.601283991047423,33.3877563865537,51.0347891166449,14.7976986383577,0.969,3.95608738968062,3.43920674799665,0.832442903389189,0.505112958942417
1983-04-12,0.24,286.58,2.58,2.58,502.38,2.215640826763264,658.41,27.06629,750.88,3.17552224503765,2.27054970568104,0.715016154973943,0.219528466253919,0.207214753166224,16.85,1.1541095890411,212.45,3.09468317552804,0,-16.0641,4.11759799833194,1.37608385686463,0.451685660266874,1.30108445697626,0.601283991047423,33.3877563865537,51.0347891166449,14.7976986383577,0.969,3.95608738968062,3.43920674799665,0.832442903389189,0.505112958942417
1983-04-13,3.31,459.5,2.82,2.82,434.69,1.951718904751758,658.41,27.06629,750.88,3.17552224503765,2.27054970568104,0.715016154973943,0.219528466253919,0.207214753166224,16.85,1.1541095890411,212.45,3.09468317552804,0,-16.0641,4.11759799833194,1.37608385686463,0.451685660266874,1.30108445697626,0.601283991047423,33.3877563865537,51.0347891166449,14.7976986383577,0.969,3.95608738968062,3.43920674799665,0.832442903389189,0.505112958942417
1983-04-14,15.34,336.7,7.8,7.8,642.95,1.7334131174089067,658.41,27.06629,750.88,3.17552224503765,2.27054970568104,0.715016154973943,0.219528466253919,0.207214753166224,16.85,1.1541095890411,212.45,3.09468317552804,0,-16.0641,4.11759799833194,1.37608385686463,0.451685660266874,1.30108445697626,0.601283991047423,33.3877563865537,51.0347891166449,14.7976986383577,0.969,3.95608738968062,3.43920674799665,0.832442903389189,0.505112958942417
1983-04-15,9.49,339.07,5.0,5.0,555.65,3.1800962454719794,658.41,27.06629,750.88,3.17552224503765,2.27054970568104,0.715016154973943,0.219528466253919,0.207214753166224,16.85,1.1541095890411,212.45,3.09468317552804,0,-16.0641,4.11759799833194,1.37608385686463,0.451685660266874,1.30108445697626,0.601283991047423,33.3877563865537,51.0347891166449,14.7976986383577,0.969,3.95608738968062,3.43920674799665,0.832442903389189,0.505112958942417
1983-04-16,2.13,360.53,2.54,2.54,444.22,5.278438440230129,658.41,27.06629,750.88,3.17552224503765,2.27054970568104,0.715016154973943,0.219528466253919,0.207214753166224,16.85,1.1541095890411,212.45,3.09468317552804,0,-16.0641,4.11759799833194,1.37608385686463,0.451685660266874,1.30108445697626,0.601283991047423,33.3877563865537,51.0347891166449,14.7976986383577,0.969,3.95608738968062,3.43920674799665,0.832442903389189,0.505112958942417
1983-04-17,2.44,433.31,-1.11,-1.11,324.67,3.147513292137225,658.41,27.06629,750.88,3.17552224503765,2.27054970568104,0.715016154973943,0.219528466253919,0.207214753166224,16.85,1.1541095890411,212.45,3.09468317552804,0,-16.0641,4.11759799833194,1.37608385686463,0.451685660266874,1.30108445697626,0.601283991047423,33.3877563865537,51.0347891166449,14.7976986383577,0.969,3.95608738968062,3.43920674799665,0.832442903389189,0.505112958942417
1983-04-18,1.74,325.53,-0.37,-0.37,377.14,2.7858425101214572,658.41,27.06629,750.88,3.17552224503765,2.27054970568104,0.715016154973943,0.219528466253919,0.207214753166224,16.85,1.1541095890411,212.45,3.09468317552804,0,-16.0641,4.11759799833194,1.37608385686463,0.451685660266874,1.30108445697626,0.601283991047423,33.3877563865537,51.0347891166449,14.7976986383577,0.969,3.95608738968062,3.43920674799665,0.832442903389189,0.505112958942417
1983-04-19,3.12,272.09,-2.86,-2.86,344.7,2.6392192201150646,658.41,27.06629,750.88,3.17552224503765,2.27054970568104,0.715016154973943,0.219528466253919,0.207214753166224,16.85,1.1541095890411,212.45,3.09468317552804,0,-16.0641,4.11759799833194,1.37608385686463,0.451685660266874,1.30108445697626,0.601283991047423,33.3877563865537,51.0347891166449,14.7976986383577,0.969,3.95608738968062,3.43920674799665,0.832442903389189,0.505112958942417
1983-04-20,1.2,299.64,-2.99,-2.99,345.38,2.215640826763264,658.41,27.06629,750.88,3.17552224503765,2.27054970568104,0.715016154973943,0.219528466253919,0.207214753166224,16.85,1.1541095890411,212.45,3.09468317552804,0,-16.0641,4.11759799833194,1.37608385686463,0.451685660266874,1.30108445697626,0.601283991047423,33.3877563865537,51.0347891166449,14.7976986383577,0.969,3.95608738968062,3.43920674799665,0.832442903389189,0.505112958942417
1983-04-21,0.12,530.86,-0.03,-0.03,375.85,2.0038516300873637,658.41,27.06629,750.88,3.17552224503765,2.27054970568104,0.715016154973943,0.219528466253919,0.207214753166224,16.85,1.1541095890411,212.45,3.09468317552804,0,-16.0641,4.11759799833194,1.37608385686463,0.451685660266874,1.30108445697626,0.601283991047423,33.3877563865537,51.0347891166449,14.7976986383577,0.969,3.95608738968062,3.43920674799665,0.832442903389189,0.505112958942417
1983-04-22,0.91,480.57,3.23,3.23,422.82,2.407880251438312,658.41,27.06629,750.88,3.17552224503765,2.27054970568104,0.715016154973943,0.219528466253919,0.207214753166224,16.85,1.1541095890411,212.45,3.09468317552804,0,-16.0641,4.11759799833194,1.37608385686463,0.451685660266874,1.30108445697626,0.601283991047423,33.3877563865537,51.0347891166449,14.7976986383577,0.969,3.95608738968062,3.43920674799665,0.832442903389189,0.505112958942417
1983-04-23,3.34,441.48,5.16,5.16,446.29,2.271031847432346,658.41,27.06629,750.88,3.17552224503765,2.27054970568104,0.715016154973943,0.219528466253919,0.207214753166224,16.85,1.1541095890411,212.45,3.09468317552804,0,-16.0641,4.11759799833194,1.37608385686463,0.451685660266874,1.30108445697626,0.601283991047423,33.3877563865537,51.0347891166449,14.7976986383577,0.969,3.95608738968062,3.43920674799665,0.832442903389189,0.505112958942417
1983-04-24,8.54,357.89,5.1,5.1,515.18,3.147513292137225,658.41,27.06629,750.88,3.17552224503765,2.27054970568104,0.715016154973943,0.219528466253919,0.207214753166224,16.85,1.1541095890411,212.45,3.09468317552804,0,-16.0641,4.11759799833194,1.37608385686463,0.451685660266874,1.30108445697626,0.601283991047423,33.3877563865537,51.0347891166449,14.7976986383577,0.969,3.95608738968062,3.43920674799665,0.832442903389189,0.505112958942417
1983-04-25,3.37,210.82,0.24,0.24,450.64,3.5515419134881734,658.41,27.06629,750.88,3.17552224503765,2.27054970568104,0.715016154973943,0.219528466253919,0.207214753166224,16.85,1.1541095890411,212.45,3.09468317552804,0,-16.0641,4.11759799833194,1.37608385686463,0.451685660266874,1.30108445697626,0.601283991047423,33.3877563865537,51.0347891166449,14.7976986383577,0.969,3.95608738968062,3.43920674799665,0.832442903389189,0.505112958942417
1983-04-26,0.35,568.07,3.48,3.48,477.21,3.1800962454719794,658.41,27.06629,750.88,3.17552224503765,2.27054970568104,0.715016154973943,0.219528466253919,0.207214753166224,16.85,1.1541095890411,212.45,3.09468317552804,0,-16.0641,4.11759799833194,1.37608385686463,0.451685660266874,1.30108445697626,0.601283991047423,33.3877563865537,51.0347891166449,14.7976986383577,0.969,3.95608738968062,3.43920674799665,0.832442903389189,0.505112958942417
1983-04-27,0.0,560.65,11.24,11.24,694.99,2.8738164841252924,658.41,27.06629,750.88,3.17552224503765,2.27054970568104,0.715016154973943,0.219528466253919,0.207214753166224,16.85,1.1541095890411,212.45,3.09468317552804,0,-16.0641,4.11759799833194,1.37608385686463,0.451685660266874,1.30108445697626,0.601283991047423,33.3877563865537,51.0347891166449,14.7976986383577,0.969,3.95608738968062,3.43920674799665,0.832442903389189,0.505112958942417
1983-04-28,1.36,431.33,14.11,14.11,805.01,2.3524892307692307,658.41,27.06629,750.88,3.17552224503765,2.27054970568104,0.715016154973943,0.219528466253919,0.207214753166224,16.85,1.1541095890411,212.45,3.09468317552804,0,-16.0641,4.11759799833194,1.37608385686463,0.451685660266874,1.30108445697626,0.601283991047423,33.3877563865537,51.0347891166449,14.7976986383577,0.969,3.95608738968062,3.43920674799665,0.832442903389189,0.505112958942417
1983-04-29,12.77,415.82,14.53,14.53,876.77,2.05598435542297,658.41,27.06629,750.88,3.17552224503765,2.27054970568104,0.715016154973943,0.219528466253919,0.207214753166224,16.85,1.1541095890411,212.45,3.09468317552804,0,-16.0641,4.11759799833194,1.37608385686463,0.451685660266874,1.30108445697626,0.601283991047423,33.3877563865537,51.0347891166449,14.7976986383577,0.969,3.95608738968062,3.43920674799665,0.832442903389189,0.505112958942417
1983-04-30,10.55,362.79,14.07,14.07,996.02,5.734599786916684,658.41,27.06629,750.88,3.17552224503765,2.27054970568104,0.715016154973943,0.219528466253919,0.207214753166224,16.85,1.1541095890411,212.45,3.09468317552804,0,-16.0641,4.11759799833194,1.37608385686463,0.451685660266874,1.30108445697626,0.601283991047423,33.3877563865537,51.0347891166449,14.7976986383577,0.969,3.95608738968062,3.43920674799665,0.832442903389189,0.505112958942417
1983-05-01,9.65,317.36,13.31,13.31,1070.89,4.854860046878329,658.41,27.06629,750.88,3.17552224503765,2.27054970568104,0.715016154973943,0.219528466253919,0.207214753166224,16.85,1.1541095890411,212.45,3.09468317552804,0,-16.0641,4.11759799833194,1.37608385686463,0.451685660266874,1.30108445697626,0.601283991047423,33.3877563865537,51.0347891166449,14.7976986383577,0.969,3.95608738968062,3.43920674799665,0.832442903389189,0.505112958942417
1983-05-02,8.43,329.29,14.56,14.56,1168.14,6.2885099936075,658.41,27.06629,750.88,3.17552224503765,2.27054970568104,0.715016154973943,0.219528466253919,0.207214753166224,16.85,1.1541095890411,212.45,3.09468317552804,0,-16.0641,4.11759799833194,1.37608385686463,0.451685660266874,1.30108445697626,0.601283991047423,33.3877563865537,51.0347891166449,14.7976986383577,0.969,3.95608738968062,3.43920674799665,0.832442903389189,0.505112958942417
1983-05-03,3.6,318.57,15.26,15.26,1125.73,5.473936160238653,658.41,27.06629,750.88,3.17552224503765,2.27054970568104,0.715016154973943,0.219528466253919,0.207214753166224,16.85,1.1541095890411,212.45,3.09468317552804,0,-16.0641,4.11759799833194,1.37608385686463,0.451685660266874,1.30108445697626,0.601283991047423,33.3877563865537,51.0347891166449,14.7976986383577,0.969,3.95608738968062,3.43920674799665,0.832442903389189,0.505112958942417
1983-05-04,1.6,418.44,9.85,9.85,719.89,4.463864606861282,658.41,27.06629,750.88,3.17552224503765,2.27054970568104,0.715016154973943,0.219528466253919,0.207214753166224,16.85,1.1541095890411,212.45,3.09468317552804,0,-16.0641,4.11759799833194,1.37608385686463,0.451685660266874,1.30108445697626,0.601283991047423,33.3877563865537,51.0347891166449,14.7976986383577,0.969,3.95608738968062,3.43920674799665,0.832442903389189,0.505112958942417
1983-05-05,0.32,462.91,7.25,7.25,584.54,3.421210100149158,658.41,27.06629,750.88,3.17552224503765,2.27054970568104,0.715016154973943,0.219528466253919,0.207214753166224,16.85,1.1541095890411,212.45,3.09468317552804,0,-16.0641,4.11759799833194,1.37608385686463,0.451685660266874,1.30108445697626,0.601283991047423,33.3877563865537,51.0347891166449,14.7976986383577,0.969,3.95608738968062,3.43920674799665,0.832442903389189,0.505112958942417
1983-05-06,0.01,587.05,5.35,5.35,522.22,2.7858425101214572,658.41,27.06629,750.88,3.17552224503765,2.27054970568104,0.715016154973943,0.219528466253919,0.207214753166224,16.85,1.1541095890411,212.45,3.09468317552804,0,-16.0641,4.11759799833194,1.37608385686463,0.451685660266874,1.30108445697626,0.601283991047423,33.3877563865537,51.0347891166449,14.7976986383577,0.969,3.95608738968062,3.43920674799665,0.832442903389189,0.505112958942417
1983-05-07,1.56,461.72,14.2,14.2,844.56,2.241707189431067,658.41,27.06629,750.88,3.17552224503765,2.27054970568104,0.715016154973943,0.219528466253919,0.207214753166224,16.85,1.1541095890411,212.45,3.09468317552804,0,-16.0641,4.11759799833194,1.37608385686463,0.451685660266874,1.30108445697626,0.601283991047423,33.3877563865537,51.0347891166449,14.7976986383577,0.969,3.95608738968062,3.43920674799665,0.832442903389189,0.505112958942417
1983-05-08,4.44,431.54,12.71,12.71,685.55,2.029917992755167,658.41,27.06629,750.88,3.17552224503765,2.27054970568104,0.715016154973943,0.219528466253919,0.207214753166224,16.85,1.1541095890411,212.45,3.09468317552804,0,-16.0641,4.11759799833194,1.37608385686463,0.451685660266874,1.30108445697626,0.601283991047423,33.3877563865537,51.0347891166449,14.7976986383577,0.969,3.95608738968062,3.43920674799665,0.832442903389189,0.505112958942417
1983-05-09,1.12,501.54,5.12,5.12,466.81,2.163508101427658,658.41,27.06629,750.88,3.17552224503765,2.27054970568104,0.715016154973943,0.219528466253919,0.207214753166224,16.85,1.1541095890411,212.45,3.09468317552804,0,-16.0641,4.11759799833194,1.37608385686463,0.451685660266874,1.30108445697626,0.601283991047423,33.3877563865537,51.0347891166449,14.7976986383577,0.969,3.95608738968062,3.43920674799665,0.832442903389189,0.505112958942417
1983-05-10,0.02,569.69,3.58,3.58,425.45,1.6421808480715958,658.41,27.06629,750.88,3.17552224503765,2.27054970568104,0.715016154973943,0.219528466253919,0.207214753166224,16.85,1.1541095890411,212.45,3.09468317552804,0,-16.0641,4.11759799833194,1.37608385686463,0.451685660266874,1.30108445697626,0.601283991047423,33.3877563865537,51.0347891166449,14.7976986383577,0.969,3.95608738968062,3.43920674799665,0.832442903389189,0.505112958942417
1983-05-11,0.0,581.13,5.51,5.51,458.04,1.3978086980609417,658.41,27.06629,750.88,3.17552224503765,2.27054970568104,0.715016154973943,0.219528466253919,0.207214753166224,16.85,1.1541095890411,212.45,3.09468317552804,0,-16.0641,4.11759799833194,1.37608385686463,0.451685660266874,1.30108445697626,0.601283991047423,33.3877563865537,51.0347891166449,14.7976986383577,0.969,3.95608738968062,3.43920674799665,0.832442903389189,0.505112958942417
1983-05-12,0.0,579.32,7.0,7.0,503.2,1.2511854080545493,658.41,27.06629,750.88,3.17552224503765,2.27054970568104,0.715016154973943,0.219528466253919,0.207214753166224,16.85,1.1541095890411,212.45,3.09468317552804,0,-16.0641,4.11759799833194,1.37608385686463,0.451685660266874,1.30108445697626,0.601283991047423,33.3877563865537,51.0347891166449,14.7976986383577,0.969,3.95608738968062,3.43920674799665,0.832442903389189,0.505112958942417
1983-05-13,0.5,484.95,9.32,9.32,601.21,1.133886776049435,658.41,27.06629,750.88,3.17552224503765,2.27054970568104,0.715016154973943,0.219528466253919,0.207214753166224,16.85,1.1541095890411,212.45,3.09468317552804,0,-16.0641,4.11759799833194,1.37608385686463,0.451685660266874,1.30108445697626,0.601283991047423,33.3877563865537,51.0347891166449,14.7976986383577,0.969,3.95608738968062,3.43920674799665,0.832442903389189,0.505112958942417
1983-05-14,3.9,432.59,13.63,13.63,796.44,1.023104734711272,658.41,27.06629,750.88,3.17552224503765,2.27054970568104,0.715016154973943,0.219528466253919,0.207214753166224,16.85,1.1541095890411,212.45,3.09468317552804,0,-16.0641,4.11759799833194,1.37608385686463,0.451685660266874,1.30108445697626,0.601283991047423,33.3877563865537,51.0347891166449,14.7976986383577,0.969,3.95608738968062,3.43920674799665,0.832442903389189,0.505112958942417
1983-05-15,6.16,408.82,14.74,14.74,857.92,1.023104734711272,658.41,27.06629,750.88,3.17552224503765,2.27054970568104,0.715016154973943,0.219528466253919,0.207214753166224,16.85,1.1541095890411,212.45,3.09468317552804,0,-16.0641,4.11759799833194,1.37608385686463,0.451685660266874,1.30108445697626,0.601283991047423,33.3877563865537,51.0347891166449,14.7976986383577,0.969,3.95608738968062,3.43920674799665,0.832442903389189,0.505112958942417
1983-05-16,1.42,442.22,7.39,7.39,590.47,1.2707351800554014,658.41,27.06629,750.88,3.17552224503765,2.27054970568104,0.715016154973943,0.219528466253919,0.207214753166224,16.85,1.1541095890411,212.45,3.09468317552804,0,-16.0641,4.11759799833194,1.37608385686463,0.451685660266874,1.30108445697626,0.601283991047423,33.3877563865537,51.0347891166449,14.7976986383577,0.969,3.95608738968062,3.43920674799665,0.832442903389189,0.505112958942417
1983-05-17,0.02,567.99,2.69,2.69,403.58,1.0035549627104197,658.41,27.06629,750.88,3.17552224503765,2.27054970568104,0.715016154973943,0.219528466253919,0.207214753166224,16.85,1.1541095890411,212.45,3.09468317552804,0,-16.0641,4.11759799833194,1.37608385686463,0.451685660266874,1.30108445697626,0.601283991047423,33.3877563865537,51.0347891166449,14.7976986383577,0.969,3.95608738968062,3.43920674799665,0.832442903389189,0.505112958942417
1983-05-18,1.29,490.13,5.45,5.45,512.17,0.8634482633709779,658.41,27.06629,750.88,3.17552224503765,2.27054970568104,0.715016154973943,0.219528466253919,0.207214753166224,16.85,1.1541095890411,212.45,3.09468317552804,0,-16.0641,4.11759799833194,1.37608385686463,0.451685660266874,1.30108445697626,0.601283991047423,33.3877563865537,51.0347891166449,14.7976986383577,0.969,3.95608738968062,3.43920674799665,0.832442903389189,0.505112958942417
1983-05-19,5.26,360.39,11.1,11.1,845.54,0.7787325847006179,658.41,27.06629,750.88,3.17552224503765,2.27054970568104,0.715016154973943,0.219528466253919,0.207214753166224,16.85,1.1541095890411,212.45,3.09468317552804,0,-16.0641,4.11759799833194,1.37608385686463,0.451685660266874,1.30108445697626,0.601283991047423,33.3877563865537,51.0347891166449,14.7976986383577,0.969,3.95608738968062,3.43920674799665,0.832442903389189,0.505112958942417
1983-05-20,1.32,473.56,12.91,12.91,902.04,0.9677137140421904,658.41,27.06629,750.88,3.17552224503765,2.27054970568104,0.715016154973943,0.219528466253919,0.207214753166224,16.85,1.1541095890411,212.45,3.09468317552804,0,-16.0641,4.11759799833194,1.37608385686463,0.451685660266874,1.30108445697626,0.601283991047423,33.3877563865537,51.0347891166449,14.7976986383577,0.969,3.95608738968062,3.43920674799665,0.832442903389189,0.505112958942417
1983-05-21,2.42,458.24,12.29,12.29,823.55,0.8113155380353717,658.41,27.06629,750.88,3.17552224503765,2.27054970568104,0.715016154973943,0.219528466253919,0.207214753166224,16.85,1.1541095890411,212.45,3.09468317552804,0,-16.0641,4.11759799833194,1.37608385686463,0.451685660266874,1.30108445697626,0.601283991047423,33.3877563865537,51.0347891166449,14.7976986383577,0.969,3.95608738968062,3.43920674799665,0.832442903389189,0.505112958942417
1983-05-22,10.84,377.81,12.28,12.28,945.36,0.8276070147027488,658.41,27.06629,750.88,3.17552224503765,2.27054970568104,0.715016154973943,0.219528466253919,0.207214753166224,16.85,1.1541095890411,212.45,3.09468317552804,0,-16.0641,4.11759799833194,1.37608385686463,0.451685660266874,1.30108445697626,0.601283991047423,33.3877563865537,51.0347891166449,14.7976986383577,0.969,3.95608738968062,3.43920674799665,0.832442903389189,0.505112958942417
1983-05-23,5.59,297.15,15.01,15.01,1130.64,1.710605050074579,658.41,27.06629,750.88,3.17552224503765,2.27054970568104,0.715016154973943,0.219528466253919,0.207214753166224,16.85,1.1541095890411,212.45,3.09468317552804,0,-16.0641,4.11759799833194,1.37608385686463,0.451685660266874,1.30108445697626,0.601283991047423,33.3877563865537,51.0347891166449,14.7976986383577,0.969,3.95608738968062,3.43920674799665,0.832442903389189,0.505112958942417
1983-05-24,1.39,398.18,11.33,11.33,824.48,1.3554508587257617,658.41,27.06629,750.88,3.17552224503765,2.27054970568104,0.715016154973943,0.219528466253919,0.207214753166224,16.85,1.1541095890411,212.45,3.09468317552804,0,-16.0641,4.11759799833194,1.37608385686463,0.451685660266874,1.30108445697626,0.601283991047423,33.3877563865537,51.0347891166449,14.7976986383577,0.969,3.95608738968062,3.43920674799665,0.832442903389189,0.505112958942417
1983-05-25,1.04,435.67,9.4,9.4,650.43,1.0784957553803536,658.41,27.06629,750.88,3.17552224503765,2.27054970568104,0.715016154973943,0.219528466253919,0.207214753166224,16.85,1.1541095890411,212.45,3.09468317552804,0,-16.0641,4.11759799833194,1.37608385686463,0.451685660266874,1.30108445697626,0.601283991047423,33.3877563865537,51.0347891166449,14.7976986383577,0.969,3.95608738968062,3.43920674799665,0.832442903389189,0.505112958942417
1983-05-26,0.27,523.38,9.73,9.73,638.76,1.039396211378649,658.41,27.06629,750.88,3.17552224503765,2.27054970568104,0.715016154973943,0.219528466253919,0.207214753166224,16.85,1.1541095890411,212.45,3.09468317552804,0,-16.0641,4.11759799833194,1.37608385686463,0.451685660266874,1.30108445697626,0.601283991047423,33.3877563865537,51.0347891166449,14.7976986383577,0.969,3.95608738968062,3.43920674799665,0.832442903389189,0.505112958942417
1983-05-27,0.07,466.1,5.2,5.2,493.46,0.9155809887065842,658.41,27.06629,750.88,3.17552224503765,2.27054970568104,0.715016154973943,0.219528466253919,0.207214753166224,16.85,1.1541095890411,212.45,3.09468317552804,0,-16.0641,4.11759799833194,1.37608385686463,0.451685660266874,1.30108445697626,0.601283991047423,33.3877563865537,51.0347891166449,14.7976986383577,0.969,3.95608738968062,3.43920674799665,0.832442903389189,0.505112958942417
1983-05-28,2.59,440.4,6.69,6.69,581.19,0.8276070147027488,658.41,27.06629,750.88,3.17552224503765,2.27054970568104,0.715016154973943,0.219528466253919,0.207214753166224,16.85,1.1541095890411,212.45,3.09468317552804,0,-16.0641,4.11759799833194,1.37608385686463,0.451685660266874,1.30108445697626,0.601283991047423,33.3877563865537,51.0347891166449,14.7976986383577,0.969,3.95608738968062,3.43920674799665,0.832442903389189,0.505112958942417
1983-05-29,7.69,343.07,10.85,10.85,867.66,0.8113155380353717,658.41,27.06629,750.88,3.17552224503765,2.27054970568104,0.715016154973943,0.219528466253919,0.207214753166224,16.85,1.1541095890411,212.45,3.09468317552804,0,-16.0641,4.11759799833194,1.37608385686463,0.451685660266874,1.30108445697626,0.601283991047423,33.3877563865537,51.0347891166449,14.7976986383577,0.969,3.95608738968062,3.43920674799665,0.832442903389189,0.505112958942417
1983-05-30,2.53,378.53,12.65,12.65,926.2,1.0035549627104197,658.41,27.06629,750.88,3.17552224503765,2.27054970568104,0.715016154973943,0.219528466253919,0.207214753166224,16.85,1.1541095890411,212.45,3.09468317552804,0,-16.0641,4.11759799833194,1.37608385686463,0.451685660266874,1.30108445697626,0.601283991047423,33.3877563865537,51.0347891166449,14.7976986383577,0.969,3.95608738968062,3.43920674799665,0.832442903389189,0.505112958942417
1983-05-31,0.75,396.09,11.71,11.71,812.92,0.7950240613679949,658.41,27.06629,750.88,3.17552224503765,2.27054970568104,0.715016154973943,0.219528466253919,0.207214753166224,16.85,1.1541095890411,212.45,3.09468317552804,0,-16.0641,4.11759799833194,1.37608385686463,0.451685660266874,1.30108445697626,0.601283991047423,33.3877563865537,51.0347891166449,14.7976986383577,0.969,3.95608738968062,3.43920674799665,0.832442903389189,0.505112958942417
1983-06-01,0.15,533.58,9.1,9.1,671.4,0.7168249733645855,658.41,27.06629,750.88,3.17552224503765,2.27054970568104,0.715016154973943,0.219528466253919,0.207214753166224,16.85,1.1541095890411,212.45,3.09468317552804,0,-16.0641,4.11759799833194,1.37608385686463,0.451685660266874,1.30108445697626,0.601283991047423,33.3877563865537,51.0347891166449,14.7976986383577,0.969,3.95608738968062,3.43920674799665,0.832442903389189,0.505112958942417
1983-06-02,0.89,469.81,8.9,8.9,646.93,0.6549173620285531,658.41,27.06629,750.88,3.17552224503765,2.27054970568104,0.715016154973943,0.219528466253919,0.207214753166224,16.85,1.1541095890411,212.45,3.09468317552804,0,-16.0641,4.11759799833194,1.37608385686463,0.451685660266874,1.30108445697626,0.601283991047423,33.3877563865537,51.0347891166449,14.7976986383577,0.969,3.95608738968062,3.43920674799665,0.832442903389189,0.505112958942417
1983-06-03,3.09,436.73,10.26,10.26,752.13,0.5799765693586192,658.41,27.06629,750.88,3.17552224503765,2.27054970568104,0.715016154973943,0.219528466253919,0.207214753166224,16.85,1.1541095890411,212.45,3.09468317552804,0,-16.0641,4.11759799833194,1.37608385686463,0.451685660266874,1.30108445697626,0.601283991047423,33.3877563865537,51.0347891166449,14.7976986383577,0.969,3.95608738968062,3.43920674799665,0.832442903389189,0.505112958942417
1983-06-04,0.82,421.84,14.55,14.55,1054.82,0.6093012273598977,658.41,27.06629,750.88,3.17552224503765,2.27054970568104,0.715016154973943,0.219528466253919,0.207214753166224,16.85,1.1541095890411,212.45,3.09468317552804,0,-16.0641,4.11759799833194,1.37608385686463,0.451685660266874,1.30108445697626,0.601283991047423,33.3877563865537,51.0347891166449,14.7976986383577,0.969,3.95608738968062,3.43920674799665,0.832442903389189,0.505112958942417
1983-06-05,1.51,408.35,14.71,14.71,1042.63,0.5669433880247176,658.41,27.06629,750.88,3.17552224503765,2.27054970568104,0.715016154973943,0.219528466253919,0.207214753166224,16.85,1.1541095890411,212.45,3.09468317552804,0,-16.0641,4.11759799833194,1.37608385686463,0.451685660266874,1.30108445697626,0.601283991047423,33.3877563865537,51.0347891166449,14.7976986383577,0.969,3.95608738968062,3.43920674799665,0.832442903389189,0.505112958942417
1983-06-06,3.89,387.2,16.63,16.63,1092.98,0.5376187300234391,658.41,27.06629,750.88,3.17552224503765,2.27054970568104,0.715016154973943,0.219528466253919,0.207214753166224,16.85,1.1541095890411,212.45,3.09468317552804,0,-16.0641,4.11759799833194,1.37608385686463,0.451685660266874,1.30108445697626,0.601283991047423,33.3877563865537,51.0347891166449,14.7976986383577,0.969,3.95608738968062,3.43920674799665,0.832442903389189,0.505112958942417
1983-06-07,0.92,552.69,12.99,12.99,809.83,0.5506519113573407,658.41,27.06629,750.88,3.17552224503765,2.27054970568104,0.715016154973943,0.219528466253919,0.207214753166224,16.85,1.1541095890411,212.45,3.09468317552804,0,-16.0641,4.11759799833194,1.37608385686463,0.451685660266874,1.30108445697626,0.601283991047423,33.3877563865537,51.0347891166449,14.7976986383577,0.969,3.95608738968062,3.43920674799665,0.832442903389189,0.505112958942417
1983-06-08,0.0,562.76,10.04,10.04,647.62,0.44312816535265287,658.41,27.06629,750.88,3.17552224503765,2.27054970568104,0.715016154973943,0.219528466253919,0.207214753166224,16.85,1.1541095890411,212.45,3.09468317552804,0,-16.0641,4.11759799833194,1.37608385686463,0.451685660266874,1.30108445697626,0.601283991047423,33.3877563865537,51.0347891166449,14.7976986383577,0.969,3.95608738968062,3.43920674799665,0.832442903389189,0.505112958942417
1983-06-09,0.06,498.41,9.64,9.64,631.88,0.39425373535052205,658.41,27.06629,750.88,3.17552224503765,2.27054970568104,0.715016154973943,0.219528466253919,0.207214753166224,16.85,1.1541095890411,212.45,3.09468317552804,0,-16.0641,4.11759799833194,1.37608385686463,0.451685660266874,1.30108445697626,0.601283991047423,33.3877563865537,51.0347891166449,14.7976986383577,0.969,3.95608738968062,3.43920674799665,0.832442903389189,0.505112958942417
1983-06-10,0.67,414.32,15.08,15.08,958.13,0.3486376006818666,658.41,27.06629,750.88,3.17552224503765,2.27054970568104,0.715016154973943,0.219528466253919,0.207214753166224,16.85,1.1541095890411,212.45,3.09468317552804,0,-16.0641,4.11759799833194,1.37608385686463,0.451685660266874,1.30108445697626,0.601283991047423,33.3877563865537,51.0347891166449,14.7976986383577,0.969,3.95608738968062,3.43920674799665,0.832442903389189,0.505112958942417
1983-06-11,0.17,561.7,16.99,16.99,1027.66,0.3258295333475389,658.41,27.06629,750.88,3.17552224503765,2.27054970568104,0.715016154973943,0.219528466253919,0.207214753166224,16.85,1.1541095890411,212.45,3.09468317552804,0,-16.0641,4.11759799833194,1.37608385686463,0.451685660266874,1.30108445697626,0.601283991047423,33.3877563865537,51.0347891166449,14.7976986383577,0.969,3.95608738968062,3.43920674799665,0.832442903389189,0.505112958942417
1983-06-12,0.0,562.38,18.36,18.36,1089.03,0.30627976134668655,658.41,27.06629,750.88,3.17552224503765,2.27054970568104,0.715016154973943,0.219528466253919,0.207214753166224,16.85,1.1541095890411,212.45,3.09468317552804,0,-16.0641,4.11759799833194,1.37608385686463,0.451685660266874,1.30108445697626,0.601283991047423,33.3877563865537,51.0347891166449,14.7976986383577,0.969,3.95608738968062,3.43920674799665,0.832442903389189,0.505112958942417
1983-06-13,0.0,561.42,19.2,19.2,1131.26,0.276955103345408,658.41,27.06629,750.88,3.17552224503765,2.27054970568104,0.715016154973943,0.219528466253919,0.207214753166224,16.85,1.1541095890411,212.45,3.09468317552804,0,-16.0641,4.11759799833194,1.37608385686463,0.451685660266874,1.30108445697626,0.601283991047423,33.3877563865537,51.0347891166449,14.7976986383577,0.969,3.95608738968062,3.43920674799665,0.832442903389189,0.505112958942417
1983-06-14,0.0,560.31,19.61,19.61,1184.56,0.25740533134455573,658.41,27.06629,750.88,3.17552224503765,2.27054970568104,0.715016154973943,0.219528466253919,0.207214753166224,16.85,1.1541095890411,212.45,3.09468317552804,0,-16.0641,4.11759799833194,1.37608385686463,0.451685660266874,1.30108445697626,0.601283991047423,33.3877563865537,51.0347891166449,14.7976986383577,0.969,3.95608738968062,3.43920674799665,0.832442903389189,0.505112958942417
1983-06-15,0.27,425.85,20.68,20.68,1344.39,0.24763044534412954,658.41,27.06629,750.88,3.17552224503765,2.27054970568104,0.715016154973943,0.219528466253919,0.207214753166224,16.85,1.1541095890411,212.45,3.09468317552804,0,-16.0641,4.11759799833194,1.37608385686463,0.451685660266874,1.30108445697626,0.601283991047423,33.3877563865537,51.0347891166449,14.7976986383577,0.969,3.95608738968062,3.43920674799665,0.832442903389189,0.505112958942417
1983-06-16,4.79,384.51,21.35,21.35,1474.16,0.3388627146814404,658.41,27.06629,750.88,3.17552224503765,2.27054970568104,0.715016154973943,0.219528466253919,0.207214753166224,16.85,1.1541095890411,212.45,3.09468317552804,0,-16.0641,4.11759799833194,1.37608385686463,0.451685660266874,1.30108445697626,0.601283991047423,33.3877563865537,51.0347891166449,14.7976986383577,0.969,3.95608738968062,3.43920674799665,0.832442903389189,0.505112958942417
1983-06-17,10.78,390.53,20.36,20.36,1407.3,0.5799765693586192,658.41,27.06629,750.88,3.17552224503765,2.27054970568104,0.715016154973943,0.219528466253919,0.207214753166224,16.85,1.1541095890411,212.45,3.09468317552804,0,-16.0641,4.11759799833194,1.37608385686463,0.451685660266874,1.30108445697626,0.601283991047423,33.3877563865537,51.0347891166449,14.7976986383577,0.969,3.95608738968062,3.43920674799665,0.832442903389189,0.505112958942417
1983-06-18,10.63,388.89,19.73,19.73,1388.92,1.023104734711272,658.41,27.06629,750.88,3.17552224503765,2.27054970568104,0.715016154973943,0.219528466253919,0.207214753166224,16.85,1.1541095890411,212.45,3.09468317552804,0,-16.0641,4.11759799833194,1.37608385686463,0.451685660266874,1.30108445697626,0.601283991047423,33.3877563865537,51.0347891166449,14.7976986383577,0.969,3.95608738968062,3.43920674799665,0.832442903389189,0.505112958942417
1983-06-19,7.34,350.43,19.49,19.49,1448.28,0.8276070147027488,658.41,27.06629,750.88,3.17552224503765,2.27054970568104,0.715016154973943,0.219528466253919,0.207214753166224,16.85,1.1541095890411,212.45,3.09468317552804,0,-16.0641,4.11759799833194,1.37608385686463,0.451685660266874,1.30108445697626,0.601283991047423,33.3877563865537,51.0347891166449,14.7976986383577,0.969,3.95608738968062,3.43920674799665,0.832442903389189,0.505112958942417
1983-06-20,2.36,279.7,17.81,17.81,1388.67,0.5930097506925207,658.41,27.06629,750.88,3.17552224503765,2.27054970568104,0.715016154973943,0.219528466253919,0.207214753166224,16.85,1.1541095890411,212.45,3.09468317552804,0,-16.0641,4.11759799833194,1.37608385686463,0.451685660266874,1.30108445697626,0.601283991047423,33.3877563865537,51.0347891166449,14.7976986383577,0.969,3.95608738968062,3.43920674799665,0.832442903389189,0.505112958942417
1983-06-21,0.26,512.5,17.42,17.42,1172.43,0.5506519113573407,658.41,27.06629,750.88,3.17552224503765,2.27054970568104,0.715016154973943,0.219528466253919,0.207214753166224,16.85,1.1541095890411,212.45,3.09468317552804,0,-16.0641,4.11759799833194,1.37608385686463,0.451685660266874,1.30108445697626,0.601283991047423,33.3877563865537,51.0347891166449,14.7976986383577,0.969,3.95608738968062,3.43920674799665,0.832442903389189,0.505112958942417
1983-06-22,0.0,564.37,17.6,17.6,1051.96,0.3714456680161943,658.41,27.06629,750.88,3.17552224503765,2.27054970568104,0.715016154973943,0.219528466253919,0.207214753166224,16.85,1.1541095890411,212.45,3.09468317552804,0,-16.0641,4.11759799833194,1.37608385686463,0.451685660266874,1.30108445697626,0.601283991047423,33.3877563865537,51.0347891166449,14.7976986383577,0.969,3.95608738968062,3.43920674799665,0.832442903389189,0.505112958942417
1983-06-23,0.0,568.57,18.52,18.52,1098.24,0.3160546473471127,658.41,27.06629,750.88,3.17552224503765,2.27054970568104,0.715016154973943,0.219528466253919,0.207214753166224,16.85,1.1541095890411,212.45,3.09468317552804,0,-16.0641,4.11759799833194,1.37608385686463,0.451685660266874,1.30108445697626,0.601283991047423,33.3877563865537,51.0347891166449,14.7976986383577,0.969,3.95608738968062,3.43920674799665,0.832442903389189,0.505112958942417
1983-06-24,0.53,495.42,19.55,19.55,1216.92,0.276955103345408,658.41,27.06629,750.88,3.17552224503765,2.27054970568104,0.715016154973943,0.219528466253919,0.207214753166224,16.85,1.1541095890411,212.45,3.09468317552804,0,-16.0641,4.11759799833194,1.37608385686463,0.451685660266874,1.30108445697626,0.601283991047423,33.3877563865537,51.0347891166449,14.7976986383577,0.969,3.95608738968062,3.43920674799665,0.832442903389189,0.505112958942417
1983-06-25,0.14,523.79,16.8,16.8,1024.29,0.24763044534412954,658.41,27.06629,750.88,3.17552224503765,2.27054970568104,0.715016154973943,0.219528466253919,0.207214753166224,16.85,1.1541095890411,212.45,3.09468317552804,0,-16.0641,4.11759799833194,1.37608385686463,0.451685660266874,1.30108445697626,0.601283991047423,33.3877563865537,51.0347891166449,14.7976986383577,0.969,3.95608738968062,3.43920674799665,0.832442903389189,0.505112958942417
1983-06-26,6.4,485.88,14.51,14.51,957.75,0.22808067334327722,658.41,27.06629,750.88,3.17552224503765,2.27054970568104,0.715016154973943,0.219528466253919,0.207214753166224,16.85,1.1541095890411,212.45,3.09468317552804,0,-16.0641,4.11759799833194,1.37608385686463,0.451685660266874,1.30108445697626,0.601283991047423,33.3877563865537,51.0347891166449,14.7976986383577,0.969,3.95608738968062,3.43920674799665,0.832442903389189,0.505112958942417
1983-06-27,27.02,388.26,21.59,21.59,1479.58,0.21830578734285105,658.41,27.06629,750.88,3.17552224503765,2.27054970568104,0.715016154973943,0.219528466253919,0.207214753166224,16.85,1.1541095890411,212.45,3.09468317552804,0,-16.0641,4.11759799833194,1.37608385686463,0.451685660266874,1.30108445697626,0.601283991047423,33.3877563865537,51.0347891166449,14.7976986383577,0.969,3.95608738968062,3.43920674799665,0.832442903389189,0.505112958942417
1983-06-28,21.07,325.05,18.81,18.81,1410.59,2.4925959301086724,658.41,27.06629,750.88,3.17552224503765,2.27054970568104,0.715016154973943,0.219528466253919,0.207214753166224,16.85,1.1541095890411,212.45,3.09468317552804,0,-16.0641,4.11759799833194,1.37608385686463,0.451685660266874,1.30108445697626,0.601283991047423,33.3877563865537,51.0347891166449,14.7976986383577,0.969,3.95608738968062,3.43920674799665,0.832442903389189,0.505112958942417
1983-06-29,5.97,405.04,17.16,17.16,1240.31,1.6877969827402515,658.41,27.06629,750.88,3.17552224503765,2.27054970568104,0.715016154973943,0.219528466253919,0.207214753166224,16.85,1.1541095890411,212.45,3.09468317552804,0,-16.0641,4.11759799833194,1.37608385686463,0.451685660266874,1.30108445697626,0.601283991047423,33.3877563865537,51.0347891166449,14.7976986383577,0.969,3.95608738968062,3.43920674799665,0.832442903389189,0.505112958942417
1983-06-30,0.57,557.19,14.83,14.83,1068.87,0.8276070147027488,658.41,27.06629,750.88,3.17552224503765,2.27054970568104,0.715016154973943,0.219528466253919,0.207214753166224,16.85,1.1541095890411,212.45,3.09468317552804,0,-16.0641,4.11759799833194,1.37608385686463,0.451685660266874,1.30108445697626,0.601283991047423,33.3877563865537,51.0347891166449,14.7976986383577,0.969,3.95608738968062,3.43920674799665,0.832442903389189,0.505112958942417
1983-07-01,0.45,394.1,19.75,19.75,1521.05,0.6386258853611761,658.41,27.06629,750.88,3.17552224503765,2.27054970568104,0.715016154973943,0.219528466253919,0.207214753166224,16.85,1.1541095890411,212.45,3.09468317552804,0,-16.0641,4.11759799833194,1.37608385686463,0.451685660266874,1.30108445697626,0.601283991047423,33.3877563865537,51.0347891166449,14.7976986383577,0.969,3.95608738968062,3.43920674799665,0.832442903389189,0.505112958942417
1983-07-02,2.28,362.92,21.91,21.91,1676.47,0.5376187300234391,658.41,27.06629,750.88,3.17552224503765,2.27054970568104,0.715016154973943,0.219528466253919,0.207214753166224,16.85,1.1541095890411,212.45,3.09468317552804,0,-16.0641,4.11759799833194,1.37608385686463,0.451685660266874,1.30108445697626,0.601283991047423,33.3877563865537,51.0347891166449,14.7976986383577,0.969,3.95608738968062,3.43920674799665,0.832442903389189,0.505112958942417
1983-07-03,1.42,434.33,22.03,22.03,1651.0,0.44312816535265287,658.41,27.06629,750.88,3.17552224503765,2.27054970568104,0.715016154973943,0.219528466253919,0.207214753166224,16.85,1.1541095890411,212.45,3.09468317552804,0,-16.0641,4.11759799833194,1.37608385686463,0.451685660266874,1.30108445697626,0.601283991047423,33.3877563865537,51.0347891166449,14.7976986383577,0.969,3.95608738968062,3.43920674799665,0.832442903389189,0.505112958942417
1983-07-04,1.17,353.59,23.15,23.15,1773.09,0.38122055401662047,658.41,27.06629,750.88,3.17552224503765,2.27054970568104,0.715016154973943,0.219528466253919,0.207214753166224,16.85,1.1541095890411,212.45,3.09468317552804,0,-16.0641,4.11759799833194,1.37608385686463,0.451685660266874,1.30108445697626,0.601283991047423,33.3877563865537,51.0347891166449,14.7976986383577,0.969,3.95608738968062,3.43920674799665,0.832442903389189,0.505112958942417
1983-07-05,0.25,437.2,20.8,20.8,1500.97,0.3258295333475389,658.41,27.06629,750.88,3.17552224503765,2.27054970568104,0.715016154973943,0.219528466253919,0.207214753166224,16.85,1.1541095890411,212.45,3.09468317552804,0,-16.0641,4.11759799833194,1.37608385686463,0.451685660266874,1.30108445697626,0.601283991047423,33.3877563865537,51.0347891166449,14.7976986383577,0.969,3.95608738968062,3.43920674799665,0.832442903389189,0.505112958942417
1983-07-06,0.0,468.02,15.17,15.17,1039.62,0.29650487534626035,658.41,27.06629,750.88,3.17552224503765,2.27054970568104,0.715016154973943,0.219528466253919,0.207214753166224,16.85,1.1541095890411,212.45,3.09468317552804,0,-16.0641,4.11759799833194,1.37608385686463,0.451685660266874,1.30108445697626,0.601283991047423,33.3877563865537,51.0347891166449,14.7976986383577,0.969,3.95608738968062,3.43920674799665,0.832442903389189,0.505112958942417
1983-07-07,0.0,566.38,11.83,11.83,808.69,0.276955103345408,658.41,27.06629,750.88,3.17552224503765,2.27054970568104,0.715016154973943,0.219528466253919,0.207214753166224,16.85,1.1541095890411,212.45,3.09468317552804,0,-16.0641,4.11759799833194,1.37608385686463,0.451685660266874,1.30108445697626,0.601283991047423,33.3877563865537,51.0347891166449,14.7976986383577,0.969,3.95608738968062,3.43920674799665,0.832442903389189,0.505112958942417
1983-07-08,0.01,519.32,15.15,15.15,976.25,0.24763044534412954,658.41,27.06629,750.88,3.17552224503765,2.27054970568104,0.715016154973943,0.219528466253919,0.207214753166224,16.85,1.1541095890411,212.45,3.09468317552804,0,-16.0641,4.11759799833194,1.37608385686463,0.451685660266874,1.30108445697626,0.601283991047423,33.3877563865537,51.0347891166449,14.7976986383577,0.969,3.95608738968062,3.43920674799665,0.832442903389189,0.505112958942417
1983-07-09,0.0,509.38,15.92,15.92,1026.88,0.22808067334327722,658.41,27.06629,750.88,3.17552224503765,2.27054970568104,0.715016154973943,0.219528466253919,0.207214753166224,16.85,1.1541095890411,212.45,3.09468317552804,0,-16.0641,4.11759799833194,1.37608385686463,0.451685660266874,1.30108445697626,0.601283991047423,33.3877563865537,51.0347891166449,14.7976986383577,0.969,3.95608738968062,3.43920674799665,0.832442903389189,0.505112958942417
1983-07-10,0.0,569.28,14.01,14.01,857.62,0.21830578734285105,658.41,27.06629,750.88,3.17552224503765,2.27054970568104,0.715016154973943,0.219528466253919,0.207214753166224,16.85,1.1541095890411,212.45,3.09468317552804,0,-16.0641,4.11759799833194,1.37608385686463,0.451685660266874,1.30108445697626,0.601283991047423,33.3877563865537,51.0347891166449,14.7976986383577,0.969,3.95608738968062,3.43920674799665,0.832442903389189,0.505112958942417
1983-07-11,0.0,574.88,15.16,15.16,955.19,0.2020143106754741,658.41,27.06629,750.88,3.17552224503765,2.27054970568104,0.715016154973943,0.219528466253919,0.207214753166224,16.85,1.1541095890411,212.45,3.09468317552804,0,-16.0641,4.11759799833194,1.37608385686463,0.451685660266874,1.30108445697626,0.601283991047423,33.3877563865537,51.0347891166449,14.7976986383577,0.969,3.95608738968062,3.43920674799665,0.832442903389189,0.505112958942417
1983-07-12,0.0,543.64,20.28,20.28,1257.54,0.18572283400809714,658.41,27.06629,750.88,3.17552224503765,2.27054970568104,0.715016154973943,0.219528466253919,0.207214753166224,16.85,1.1541095890411,212.45,3.09468317552804,0,-16.0641,4.11759799833194,1.37608385686463,0.451685660266874,1.30108445697626,0.601283991047423,33.3877563865537,51.0347891166449,14.7976986383577,0.969,3.95608738968062,3.43920674799665,0.832442903389189,0.505112958942417
1983-07-13,0.0,551.85,19.25,19.25,1161.02,0.17594794800767097,658.41,27.06629,750.88,3.17552224503765,2.27054970568104,0.715016154973943,0.219528466253919,0.207214753166224,16.85,1.1541095890411,212.45,3.09468317552804,0,-16.0641,4.11759799833194,1.37608385686463,0.451685660266874,1.30108445697626,0.601283991047423,33.3877563865537,51.0347891166449,14.7976986383577,0.969,3.95608738968062,3.43920674799665,0.832442903389189,0.505112958942417
1983-07-14,0.0,562.16,18.56,18.56,1146.43,0.15965647134029404,658.41,27.06629,750.88,3.17552224503765,2.27054970568104,0.715016154973943,0.219528466253919,0.207214753166224,16.85,1.1541095890411,212.45,3.09468317552804,0,-16.0641,4.11759799833194,1.37608385686463,0.451685660266874,1.30108445697626,0.601283991047423,33.3877563865537,51.0347891166449,14.7976986383577,0.969,3.95608738968062,3.43920674799665,0.832442903389189,0.505112958942417
1983-07-15,0.0,540.79,21.8,21.8,1450.73,0.15313988067334328,658.41,27.06629,750.88,3.17552224503765,2.27054970568104,0.715016154973943,0.219528466253919,0.207214753166224,16.85,1.1541095890411,212.45,3.09468317552804,0,-16.0641,4.11759799833194,1.37608385686463,0.451685660266874,1.30108445697626,0.601283991047423,33.3877563865537,51.0347891166449,14.7976986383577,0.969,3.95608738968062,3.43920674799665,0.832442903389189,0.505112958942417
1983-07-16,0.0,482.02,23.98,23.98,1681.93,0.1433649946729171,658.41,27.06629,750.88,3.17552224503765,2.27054970568104,0.715016154973943,0.219528466253919,0.207214753166224,16.85,1.1541095890411,212.45,3.09468317552804,0,-16.0641,4.11759799833194,1.37608385686463,0.451685660266874,1.30108445697626,0.601283991047423,33.3877563865537,51.0347891166449,14.7976986383577,0.969,3.95608738968062,3.43920674799665,0.832442903389189,0.505112958942417
1983-07-17,1.18,400.66,21.57,21.57,1546.65,0.13684840400596632,658.41,27.06629,750.88,3.17552224503765,2.27054970568104,0.715016154973943,0.219528466253919,0.207214753166224,16.85,1.1541095890411,212.45,3.09468317552804,0,-16.0641,4.11759799833194,1.37608385686463,0.451685660266874,1.30108445697626,0.601283991047423,33.3877563865537,51.0347891166449,14.7976986383577,0.969,3.95608738968062,3.43920674799665,0.832442903389189,0.505112958942417
1983-07-18,0.46,424.34,23.83,23.83,1758.72,0.13684840400596632,658.41,27.06629,750.88,3.17552224503765,2.27054970568104,0.715016154973943,0.219528466253919,0.207214753166224,16.85,1.1541095890411,212.45,3.09468317552804,0,-16.0641,4.11759799833194,1.37608385686463,0.451685660266874,1.30108445697626,0.601283991047423,33.3877563865537,51.0347891166449,14.7976986383577,0.969,3.95608738968062,3.43920674799665,0.832442903389189,0.505112958942417
1983-07-19,1.84,375.95,21.03,21.03,1516.54,0.13684840400596632,658.41,27.06629,750.88,3.17552224503765,2.27054970568104,0.715016154973943,0.219528466253919,0.207214753166224,16.85,1.1541095890411,212.45,3.09468317552804,0,-16.0641,4.11759799833194,1.37608385686463,0.451685660266874,1.30108445697626,0.601283991047423,33.3877563865537,51.0347891166449,14.7976986383577,0.969,3.95608738968062,3.43920674799665,0.832442903389189,0.505112958942417
1983-07-20,5.52,345.49,19.92,19.92,1505.65,0.1433649946729171,658.41,27.06629,750.88,3.17552224503765,2.27054970568104,0.715016154973943,0.219528466253919,0.207214753166224,16.85,1.1541095890411,212.45,3.09468317552804,0,-16.0641,4.11759799833194,1.37608385686463,0.451685660266874,1.30108445697626,0.601283991047423,33.3877563865537,51.0347891166449,14.7976986383577,0.969,3.95608738968062,3.43920674799665,0.832442903389189,0.505112958942417
1983-07-21,4.64,359.96,20.69,20.69,1455.54,0.1433649946729171,658.41,27.06629,750.88,3.17552224503765,2.27054970568104,0.715016154973943,0.219528466253919,0.207214753166224,16.85,1.1541095890411,212.45,3.09468317552804,0,-16.0641,4.11759799833194,1.37608385686463,0.451685660266874,1.30108445697626,0.601283991047423,33.3877563865537,51.0347891166449,14.7976986383577,0.969,3.95608738968062,3.43920674799665,0.832442903389189,0.505112958942417
1983-07-22,0.87,540.09,16.85,16.85,1035.66,0.13684840400596632,658.41,27.06629,750.88,3.17552224503765,2.27054970568104,0.715016154973943,0.219528466253919,0.207214753166224,16.85,1.1541095890411,212.45,3.09468317552804,0,-16.0641,4.11759799833194,1.37608385686463,0.451685660266874,1.30108445697626,0.601283991047423,33.3877563865537,51.0347891166449,14.7976986383577,0.969,3.95608738968062,3.43920674799665,0.832442903389189,0.505112958942417
1983-07-23,16.46,426.75,15.04,15.04,996.64,0.13684840400596632,658.41,27.06629,750.88,3.17552224503765,2.27054970568104,0.715016154973943,0.219528466253919,0.207214753166224,16.85,1.1541095890411,212.45,3.09468317552804,0,-16.0641,4.11759799833194,1.37608385686463,0.451685660266874,1.30108445697626,0.601283991047423,33.3877563865537,51.0347891166449,14.7976986383577,0.969,3.95608738968062,3.43920674799665,0.832442903389189,0.505112958942417
1983-07-24,4.33,437.38,18.97,18.97,1327.26,0.276955103345408,658.41,27.06629,750.88,3.17552224503765,2.27054970568104,0.715016154973943,0.219528466253919,0.207214753166224,16.85,1.1541095890411,212.45,3.09468317552804,0,-16.0641,4.11759799833194,1.37608385686463,0.451685660266874,1.30108445697626,0.601283991047423,33.3877563865537,51.0347891166449,14.7976986383577,0.969,3.95608738968062,3.43920674799665,0.832442903389189,0.505112958942417
1983-07-25,0.0,529.46,17.29,17.29,1119.95,0.19223942467504793,658.41,27.06629,750.88,3.17552224503765,2.27054970568104,0.715016154973943,0.219528466253919,0.207214753166224,16.85,1.1541095890411,212.45,3.09468317552804,0,-16.0641,4.11759799833194,1.37608385686463,0.451685660266874,1.30108445697626,0.601283991047423,33.3877563865537,51.0347891166449,14.7976986383577,0.969,3.95608738968062,3.43920674799665,0.832442903389189,0.505112958942417
1983-07-26,0.0,552.18,17.24,17.24,1046.24,0.15313988067334328,658.41,27.06629,750.88,3.17552224503765,2.27054970568104,0.715016154973943,0.219528466253919,0.207214753166224,16.85,1.1541095890411,212.45,3.09468317552804,0,-16.0641,4.11759799833194,1.37608385686463,0.451685660266874,1.30108445697626,0.601283991047423,33.3877563865537,51.0347891166449,14.7976986383577,0.969,3.95608738968062,3.43920674799665,0.832442903389189,0.505112958942417
1983-07-27,0.0,557.28,18.14,18.14,1111.48,0.13684840400596632,658.41,27.06629,750.88,3.17552224503765,2.27054970568104,0.715016154973943,0.219528466253919,0.207214753166224,16.85,1.1541095890411,212.45,3.09468317552804,0,-16.0641,4.11759799833194,1.37608385686463,0.451685660266874,1.30108445697626,0.601283991047423,33.3877563865537,51.0347891166449,14.7976986383577,0.969,3.95608738968062,3.43920674799665,0.832442903389189,0.505112958942417
1983-07-28,2.07,403.96,20.06,20.06,1394.91,0.13033181333901556,658.41,27.06629,750.88,3.17552224503765,2.27054970568104,0.715016154973943,0.219528466253919,0.207214753166224,16.85,1.1541095890411,212.45,3.09468317552804,0,-16.0641,4.11759799833194,1.37608385686463,0.451685660266874,1.30108445697626,0.601283991047423,33.3877563865537,51.0347891166449,14.7976986383577,0.969,3.95608738968062,3.43920674799665,0.832442903389189,0.505112958942417
1983-07-29,6.85,285.25,22.03,22.03,1813.76,0.13684840400596632,658.41,27.06629,750.88,3.17552224503765,2.27054970568104,0.715016154973943,0.219528466253919,0.207214753166224,16.85,1.1541095890411,212.45,3.09468317552804,0,-16.0641,4.11759799833194,1.37608385686463,0.451685660266874,1.30108445697626,0.601283991047423,33.3877563865537,51.0347891166449,14.7976986383577,0.969,3.95608738968062,3.43920674799665,0.832442903389189,0.505112958942417
1983-07-30,9.77,314.11,22.85,22.85,1876.15,0.2671802173449819,658.41,27.06629,750.88,3.17552224503765,2.27054970568104,0.715016154973943,0.219528466253919,0.207214753166224,16.85,1.1541095890411,212.45,3.09468317552804,0,-16.0641,4.11759799833194,1.37608385686463,0.451685660266874,1.30108445697626,0.601283991047423,33.3877563865537,51.0347891166449,14.7976986383577,0.969,3.95608738968062,3.43920674799665,0.832442903389189,0.505112958942417
1983-07-31,2.85,351.54,22.01,22.01,1721.72,0.276955103345408,658.41,27.06629,750.88,3.17552224503765,2.27054970568104,0.715016154973943,0.219528466253919,0.207214753166224,16.85,1.1541095890411,212.45,3.09468317552804,0,-16.0641,4.11759799833194,1.37608385686463,0.451685660266874,1.30108445697626,0.601283991047423,33.3877563865537,51.0347891166449,14.7976986383577,0.969,3.95608738968062,3.43920674799665,0.832442903389189,0.505112958942417
1983-08-01,5.55,307.99,21.3,21.3,1646.01,0.22808067334327722,658.41,27.06629,750.88,3.17552224503765,2.27054970568104,0.715016154973943,0.219528466253919,0.207214753166224,16.85,1.1541095890411,212.45,3.09468317552804,0,-16.0641,4.11759799833194,1.37608385686463,0.451685660266874,1.30108445697626,0.601283991047423,33.3877563865537,51.0347891166449,14.7976986383577,0.969,3.95608738968062,3.43920674799665,0.832442903389189,0.505112958942417
1983-08-02,1.41,468.39,19.31,19.31,1363.66,0.2020143106754741,658.41,27.06629,750.88,3.17552224503765,2.27054970568104,0.715016154973943,0.219528466253919,0.207214753166224,16.85,1.1541095890411,212.45,3.09468317552804,0,-16.0641,4.11759799833194,1.37608385686463,0.451685660266874,1.30108445697626,0.601283991047423,33.3877563865537,51.0347891166449,14.7976986383577,0.969,3.95608738968062,3.43920674799665,0.832442903389189,0.505112958942417
1983-08-03,0.67,410.6,18.21,18.21,1244.55,0.15965647134029404,658.41,27.06629,750.88,3.17552224503765,2.27054970568104,0.715016154973943,0.219528466253919,0.207214753166224,16.85,1.1541095890411,212.45,3.09468317552804,0,-16.0641,4.11759799833194,1.37608385686463,0.451685660266874,1.30108445697626,0.601283991047423,33.3877563865537,51.0347891166449,14.7976986383577,0.969,3.95608738968062,3.43920674799665,0.832442903389189,0.505112958942417
1983-08-04,4.33,366.15,19.87,19.87,1458.54,0.1433649946729171,658.41,27.06629,750.88,3.17552224503765,2.27054970568104,0.715016154973943,0.219528466253919,0.207214753166224,16.85,1.1541095890411,212.45,3.09468317552804,0,-16.0641,4.11759799833194,1.37608385686463,0.451685660266874,1.30108445697626,0.601283991047423,33.3877563865537,51.0347891166449,14.7976986383577,0.969,3.95608738968062,3.43920674799665,0.832442903389189,0.505112958942417
1983-08-05,1.58,325.75,21.43,21.43,1678.26,0.1694313573407202,658.41,27.06629,750.88,3.17552224503765,2.27054970568104,0.715016154973943,0.219528466253919,0.207214753166224,16.85,1.1541095890411,212.45,3.09468317552804,0,-16.0641,4.11759799833194,1.37608385686463,0.451685660266874,1.30108445697626,0.601283991047423,33.3877563865537,51.0347891166449,14.7976986383577,0.969,3.95608738968062,3.43920674799665,0.832442903389189,0.505112958942417
1983-08-06,0.16,416.17,21.62,21.62,1648.02,0.23785555934370337,658.41,27.06629,750.88,3.17552224503765,2.27054970568104,0.715016154973943,0.219528466253919,0.207214753166224,16.85,1.1541095890411,212.45,3.09468317552804,0,-16.0641,4.11759799833194,1.37608385686463,0.451685660266874,1.30108445697626,0.601283991047423,33.3877563865537,51.0347891166449,14.7976986383577,0.969,3.95608738968062,3.43920674799665,0.832442903389189,0.505112958942417
1983-08-07,0.22,377.68,20.89,20.89,1538.84,0.1694313573407202,658.41,27.06629,750.88,3.17552224503765,2.27054970568104,0.715016154973943,0.219528466253919,0.207214753166224,16.85,1.1541095890411,212.45,3.09468317552804,0,-16.0641,4.11759799833194,1.37608385686463,0.451685660266874,1.30108445697626,0.601283991047423,33.3877563865537,51.0347891166449,14.7976986383577,0.969,3.95608738968062,3.43920674799665,0.832442903389189,0.505112958942417
1983-08-08,0.46,379.11,21.69,21.69,1504.25,0.1433649946729171,658.41,27.06629,750.88,3.17552224503765,2.27054970568104,0.715016154973943,0.219528466253919,0.207214753166224,16.85,1.1541095890411,212.45,3.09468317552804,0,-16.0641,4.11759799833194,1.37608385686463,0.451685660266874,1.30108445697626,0.601283991047423,33.3877563865537,51.0347891166449,14.7976986383577,0.969,3.95608738968062,3.43920674799665,0.832442903389189,0.505112958942417
1983-08-09,0.34,450.13,19.32,19.32,1255.98,0.13033181333901556,658.41,27.06629,750.88,3.17552224503765,2.27054970568104,0.715016154973943,0.219528466253919,0.207214753166224,16.85,1.1541095890411,212.45,3.09468317552804,0,-16.0641,4.11759799833194,1.37608385686463,0.451685660266874,1.30108445697626,0.601283991047423,33.3877563865537,51.0347891166449,14.7976986383577,0.969,3.95608738968062,3.43920674799665,0.832442903389189,0.505112958942417
1983-08-10,2.22,399.56,15.53,15.53,1055.36,0.12381522267206477,658.41,27.06629,750.88,3.17552224503765,2.27054970568104,0.715016154973943,0.219528466253919,0.207214753166224,16.85,1.1541095890411,212.45,3.09468317552804,0,-16.0641,4.11759799833194,1.37608385686463,0.451685660266874,1.30108445697626,0.601283991047423,33.3877563865537,51.0347891166449,14.7976986383577,0.969,3.95608738968062,3.43920674799665,0.832442903389189,0.505112958942417
1983-08-11,6.31,331.43,16.83,16.83,1239.05,0.11404033667163861,658.41,27.06629,750.88,3.17552224503765,2.27054970568104,0.715016154973943,0.219528466253919,0.207214753166224,16.85,1.1541095890411,212.45,3.09468317552804,0,-16.0641,4.11759799833194,1.37608385686463,0.451685660266874,1.30108445697626,0.601283991047423,33.3877563865537,51.0347891166449,14.7976986383577,0.969,3.95608738968062,3.43920674799665,0.832442903389189,0.505112958942417
1983-08-12,3.7,253.43,15.09,15.09,1178.09,0.13684840400596632,658.41,27.06629,750.88,3.17552224503765,2.27054970568104,0.715016154973943,0.219528466253919,0.207214753166224,16.85,1.1541095890411,212.45,3.09468317552804,0,-16.0641,4.11759799833194,1.37608385686463,0.451685660266874,1.30108445697626,0.601283991047423,33.3877563865537,51.0347891166449,14.7976986383577,0.969,3.95608738968062,3.43920674799665,0.832442903389189,0.505112958942417
1983-08-13,0.58,487.27,12.32,12.32,891.63,0.13684840400596632,658.41,27.06629,750.88,3.17552224503765,2.27054970568104,0.715016154973943,0.219528466253919,0.207214753166224,16.85,1.1541095890411,212.45,3.09468317552804,0,-16.0641,4.11759799833194,1.37608385686463,0.451685660266874,1.30108445697626,0.601283991047423,33.3877563865537,51.0347891166449,14.7976986383577,0.969,3.95608738968062,3.43920674799665,0.832442903389189,0.505112958942417
1983-08-14,0.0,549.22,12.73,12.73,824.75,0.12381522267206477,658.41,27.06629,750.88,3.17552224503765,2.27054970568104,0.715016154973943,0.219528466253919,0.207214753166224,16.85,1.1541095890411,212.45,3.09468317552804,0,-16.0641,4.11759799833194,1.37608385686463,0.451685660266874,1.30108445697626,0.601283991047423,33.3877563865537,51.0347891166449,14.7976986383577,0.969,3.95608738968062,3.43920674799665,0.832442903389189,0.505112958942417
1983-08-15,0.0,528.93,15.54,15.54,980.52,0.11404033667163861,658.41,27.06629,750.88,3.17552224503765,2.27054970568104,0.715016154973943,0.219528466253919,0.207214753166224,16.85,1.1541095890411,212.45,3.09468317552804,0,-16.0641,4.11759799833194,1.37608385686463,0.451685660266874,1.30108445697626,0.601283991047423,33.3877563865537,51.0347891166449,14.7976986383577,0.969,3.95608738968062,3.43920674799665,0.832442903389189,0.505112958942417
1983-08-16,0.18,482.38,17.33,17.33,1122.3,0.10752374600468782,658.41,27.06629,750.88,3.17552224503765,2.27054970568104,0.715016154973943,0.219528466253919,0.207214753166224,16.85,1.1541095890411,212.45,3.09468317552804,0,-16.0641,4.11759799833194,1.37608385686463,0.451685660266874,1.30108445697626,0.601283991047423,33.3877563865537,51.0347891166449,14.7976986383577,0.969,3.95608738968062,3.43920674799665,0.832442903389189,0.505112958942417
1983-08-17,3.01,386.32,19.21,19.21,1343.54,0.10426545067121244,658.41,27.06629,750.88,3.17552224503765,2.27054970568104,0.715016154973943,0.219528466253919,0.207214753166224,16.85,1.1541095890411,212.45,3.09468317552804,0,-16.0641,4.11759799833194,1.37608385686463,0.451685660266874,1.30108445697626,0.601283991047423,33.3877563865537,51.0347891166449,14.7976986383577,0.969,3.95608738968062,3.43920674799665,0.832442903389189,0.505112958942417
1983-08-18,1.09,358.77,22.31,22.31,1674.43,0.10752374600468782,658.41,27.06629,750.88,3.17552224503765,2.27054970568104,0.715016154973943,0.219528466253919,0.207214753166224,16.85,1.1541095890411,212.45,3.09468317552804,0,-16.0641,4.11759799833194,1.37608385686463,0.451685660266874,1.30108445697626,0.601283991047423,33.3877563865537,51.0347891166449,14.7976986383577,0.969,3.95608738968062,3.43920674799665,0.832442903389189,0.505112958942417
1983-08-19,0.08,490.17,20.97,20.97,1538.22,0.10752374600468782,658.41,27.06629,750.88,3.17552224503765,2.27054970568104,0.715016154973943,0.219528466253919,0.207214753166224,16.85,1.1541095890411,212.45,3.09468317552804,0,-16.0641,4.11759799833194,1.37608385686463,0.451685660266874,1.30108445697626,0.601283991047423,33.3877563865537,51.0347891166449,14.7976986383577,0.969,3.95608738968062,3.43920674799665,0.832442903389189,0.505112958942417
1983-08-20,0.0,416.82,23.39,23.39,1696.82,0.09774886000426165,658.41,27.06629,750.88,3.17552224503765,2.27054970568104,0.715016154973943,0.219528466253919,0.207214753166224,16.85,1.1541095890411,212.45,3.09468317552804,0,-16.0641,4.11759799833194,1.37608385686463,0.451685660266874,1.30108445697626,0.601283991047423,33.3877563865537,51.0347891166449,14.7976986383577,0.969,3.95608738968062,3.43920674799665,0.832442903389189,0.505112958942417
1983-08-21,0.68,393.06,17.45,17.45,1156.28,0.09123226933731088,658.41,27.06629,750.88,3.17552224503765,2.27054970568104,0.715016154973943,0.219528466253919,0.207214753166224,16.85,1.1541095890411,212.45,3.09468317552804,0,-16.0641,4.11759799833194,1.37608385686463,0.451685660266874,1.30108445697626,0.601283991047423,33.3877563865537,51.0347891166449,14.7976986383577,0.969,3.95608738968062,3.43920674799665,0.832442903389189,0.505112958942417
1983-08-22,1.28,382.62,18.97,18.97,1285.31,0.0847156786703601,658.41,27.06629,750.88,3.17552224503765,2.27054970568104,0.715016154973943,0.219528466253919,0.207214753166224,16.85,1.1541095890411,212.45,3.09468317552804,0,-16.0641,4.11759799833194,1.37608385686463,0.451685660266874,1.30108445697626,0.601283991047423,33.3877563865537,51.0347891166449,14.7976986383577,0.969,3.95608738968062,3.43920674799665,0.832442903389189,0.505112958942417
1983-08-23,0.35,407.69,20.43,20.43,1428.88,0.09123226933731088,658.41,27.06629,750.88,3.17552224503765,2.27054970568104,0.715016154973943,0.219528466253919,0.207214753166224,16.85,1.1541095890411,212.45,3.09468317552804,0,-16.0641,4.11759799833194,1.37608385686463,0.451685660266874,1.30108445697626,0.601283991047423,33.3877563865537,51.0347891166449,14.7976986383577,0.969,3.95608738968062,3.43920674799665,0.832442903389189,0.505112958942417
1983-08-24,0.01,510.53,17.42,17.42,1143.91,0.0847156786703601,658.41,27.06629,750.88,3.17552224503765,2.27054970568104,0.715016154973943,0.219528466253919,0.207214753166224,16.85,1.1541095890411,212.45,3.09468317552804,0,-16.0641,4.11759799833194,1.37608385686463,0.451685660266874,1.30108445697626,0.601283991047423,33.3877563865537,51.0347891166449,14.7976986383577,0.969,3.95608738968062,3.43920674799665,0.832442903389189,0.505112958942417
1983-08-25,0.96,384.09,19.52,19.52,1307.3,0.07819908800340933,658.41,27.06629,750.88,3.17552224503765,2.27054970568104,0.715016154973943,0.219528466253919,0.207214753166224,16.85,1.1541095890411,212.45,3.09468317552804,0,-16.0641,4.11759799833194,1.37608385686463,0.451685660266874,1.30108445697626,0.601283991047423,33.3877563865537,51.0347891166449,14.7976986383577,0.969,3.95608738968062,3.43920674799665,0.832442903389189,0.505112958942417
1983-08-26,3.98,358.34,21.19,21.19,1510.41,0.0847156786703601,658.41,27.06629,750.88,3.17552224503765,2.27054970568104,0.715016154973943,0.219528466253919,0.207214753166224,16.85,1.1541095890411,212.45,3.09468317552804,0,-16.0641,4.11759799833194,1.37608385686463,0.451685660266874,1.30108445697626,0.601283991047423,33.3877563865537,51.0347891166449,14.7976986383577,0.969,3.95608738968062,3.43920674799665,0.832442903389189,0.505112958942417
1983-08-27,8.72,348.84,22.06,22.06,1639.49,0.15313988067334328,658.41,27.06629,750.88,3.17552224503765,2.27054970568104,0.715016154973943,0.219528466253919,0.207214753166224,16.85,1.1541095890411,212.45,3.09468317552804,0,-16.0641,4.11759799833194,1.37608385686463,0.451685660266874,1.30108445697626,0.601283991047423,33.3877563865537,51.0347891166449,14.7976986383577,0.969,3.95608738968062,3.43920674799665,0.832442903389189,0.505112958942417
1983-08-28,28.45,335.95,21.88,21.88,1616.09,0.1433649946729171,658.41,27.06629,750.88,3.17552224503765,2.27054970568104,0.715016154973943,0.219528466253919,0.207214753166224,16.85,1.1541095890411,212.45,3.09468317552804,0,-16.0641,4.11759799833194,1.37608385686463,0.451685660266874,1.30108445697626,0.601283991047423,33.3877563865537,51.0347891166449,14.7976986383577,0.969,3.95608738968062,3.43920674799665,0.832442903389189,0.505112958942417
1983-08-29,11.35,348.53,19.93,19.93,1451.27,0.39425373535052205,658.41,27.06629,750.88,3.17552224503765,2.27054970568104,0.715016154973943,0.219528466253919,0.207214753166224,16.85,1.1541095890411,212.45,3.09468317552804,0,-16.0641,4.11759799833194,1.37608385686463,0.451685660266874,1.30108445697626,0.601283991047423,33.3877563865537,51.0347891166449,14.7976986383577,0.969,3.95608738968062,3.43920674799665,0.832442903389189,0.505112958942417
1983-08-30,12.43,319.67,18.56,18.56,1420.47,0.21178919667590027,658.41,27.06629,750.88,3.17552224503765,2.27054970568104,0.715016154973943,0.219528466253919,0.207214753166224,16.85,1.1541095890411,212.45,3.09468317552804,0,-16.0641,4.11759799833194,1.37608385686463,0.451685660266874,1.30108445697626,0.601283991047423,33.3877563865537,51.0347891166449,14.7976986383577,0.969,3.95608738968062,3.43920674799665,0.832442903389189,0.505112958942417
1983-08-31,5.59,283.94,18.17,18.17,1409.78,0.4300949840187513,658.41,27.06629,750.88,3.17552224503765,2.27054970568104,0.715016154973943,0.219528466253919,0.207214753166224,16.85,1.1541095890411,212.45,3.09468317552804,0,-16.0641,4.11759799833194,1.37608385686463,0.451685660266874,1.30108445697626,0.601283991047423,33.3877563865537,51.0347891166449,14.7976986383577,0.969,3.95608738968062,3.43920674799665,0.832442903389189,0.505112958942417
1983-09-01,0.69,474.02,16.1,16.1,1117.86,0.3160546473471127,658.41,27.06629,750.88,3.17552224503765,2.27054970568104,0.715016154973943,0.219528466253919,0.207214753166224,16.85,1.1541095890411,212.45,3.09468317552804,0,-16.0641,4.11759799833194,1.37608385686463,0.451685660266874,1.30108445697626,0.601283991047423,33.3877563865537,51.0347891166449,14.7976986383577,0.969,3.95608738968062,3.43920674799665,0.832442903389189,0.505112958942417
1983-09-02,0.0,501.18,15.91,15.91,1037.31,0.17594794800767097,658.41,27.06629,750.88,3.17552224503765,2.27054970568104,0.715016154973943,0.219528466253919,0.207214753166224,16.85,1.1541095890411,212.45,3.09468317552804,0,-16.0641,4.11759799833194,1.37608385686463,0.451685660266874,1.30108445697626,0.601283991047423,33.3877563865537,51.0347891166449,14.7976986383577,0.969,3.95608738968062,3.43920674799665,0.832442903389189,0.505112958942417
1983-09-03,0.09,406.09,17.48,17.48,1156.51,0.1433649946729171,658.41,27.06629,750.88,3.17552224503765,2.27054970568104,0.715016154973943,0.219528466253919,0.207214753166224,16.85,1.1541095890411,212.45,3.09468317552804,0,-16.0641,4.11759799833194,1.37608385686463,0.451685660266874,1.30108445697626,0.601283991047423,33.3877563865537,51.0347891166449,14.7976986383577,0.969,3.95608738968062,3.43920674799665,0.832442903389189,0.505112958942417
1983-09-04,0.29,394.76,18.68,18.68,1298.54,0.13033181333901556,658.41,27.06629,750.88,3.17552224503765,2.27054970568104,0.715016154973943,0.219528466253919,0.207214753166224,16.85,1.1541095890411,212.45,3.09468317552804,0,-16.0641,4.11759799833194,1.37608385686463,0.451685660266874,1.30108445697626,0.601283991047423,33.3877563865537,51.0347891166449,14.7976986383577,0.969,3.95608738968062,3.43920674799665,0.832442903389189,0.505112958942417
1983-09-05,4.52,339.53,20.26,20.26,1517.55,0.11404033667163861,658.41,27.06629,750.88,3.17552224503765,2.27054970568104,0.715016154973943,0.219528466253919,0.207214753166224,16.85,1.1541095890411,212.45,3.09468317552804,0,-16.0641,4.11759799833194,1.37608385686463,0.451685660266874,1.30108445697626,0.601283991047423,33.3877563865537,51.0347891166449,14.7976986383577,0.969,3.95608738968062,3.43920674799665,0.832442903389189,0.505112958942417
1983-09-06,5.02,301.47,21.81,21.81,1715.24,0.11404033667163861,658.41,27.06629,750.88,3.17552224503765,2.27054970568104,0.715016154973943,0.219528466253919,0.207214753166224,16.85,1.1541095890411,212.45,3.09468317552804,0,-16.0641,4.11759799833194,1.37608385686463,0.451685660266874,1.30108445697626,0.601283991047423,33.3877563865537,51.0347891166449,14.7976986383577,0.969,3.95608738968062,3.43920674799665,0.832442903389189,0.505112958942417
1983-09-07,1.06,376.61,20.08,20.08,1466.49,0.12381522267206477,658.41,27.06629,750.88,3.17552224503765,2.27054970568104,0.715016154973943,0.219528466253919,0.207214753166224,16.85,1.1541095890411,212.45,3.09468317552804,0,-16.0641,4.11759799833194,1.37608385686463,0.451685660266874,1.30108445697626,0.601283991047423,33.3877563865537,51.0347891166449,14.7976986383577,0.969,3.95608738968062,3.43920674799665,0.832442903389189,0.505112958942417
1983-09-08,0.01,488.64,14.51,14.51,971.71,0.11404033667163861,658.41,27.06629,750.88,3.17552224503765,2.27054970568104,0.715016154973943,0.219528466253919,0.207214753166224,16.85,1.1541095890411,212.45,3.09468317552804,0,-16.0641,4.11759799833194,1.37608385686463,0.451685660266874,1.30108445697626,0.601283991047423,33.3877563865537,51.0347891166449,14.7976986383577,0.969,3.95608738968062,3.43920674799665,0.832442903389189,0.505112958942417
1983-09-09,0.0,482.79,16.09,16.09,1077.55,0.10426545067121244,658.41,27.06629,750.88,3.17552224503765,2.27054970568104,0.715016154973943,0.219528466253919,0.207214753166224,16.85,1.1541095890411,212.45,3.09468317552804,0,-16.0641,4.11759799833194,1.37608385686463,0.451685660266874,1.30108445697626,0.601283991047423,33.3877563865537,51.0347891166449,14.7976986383577,0.969,3.95608738968062,3.43920674799665,0.832442903389189,0.505112958942417
1983-09-10,0.06,381.53,20.16,20.16,1421.25,0.09774886000426165,658.41,27.06629,750.88,3.17552224503765,2.27054970568104,0.715016154973943,0.219528466253919,0.207214753166224,16.85,1.1541095890411,212.45,3.09468317552804,0,-16.0641,4.11759799833194,1.37608385686463,0.451685660266874,1.30108445697626,0.601283991047423,33.3877563865537,51.0347891166449,14.7976986383577,0.969,3.95608738968062,3.43920674799665,0.832442903389189,0.505112958942417
1983-09-11,0.33,322.84,21.48,21.48,1529.87,0.09123226933731088,658.41,27.06629,750.88,3.17552224503765,2.27054970568104,0.715016154973943,0.219528466253919,0.207214753166224,16.85,1.1541095890411,212.45,3.09468317552804,0,-16.0641,4.11759799833194,1.37608385686463,0.451685660266874,1.30108445697626,0.601283991047423,33.3877563865537,51.0347891166449,14.7976986383577,0.969,3.95608738968062,3.43920674799665,0.832442903389189,0.505112958942417
1983-09-12,1.11,364.39,16.69,16.69,1150.79,0.0847156786703601,658.41,27.06629,750.88,3.17552224503765,2.27054970568104,0.715016154973943,0.219528466253919,0.207214753166224,16.85,1.1541095890411,212.45,3.09468317552804,0,-16.0641,4.11759799833194,1.37608385686463,0.451685660266874,1.30108445697626,0.601283991047423,33.3877563865537,51.0347891166449,14.7976986383577,0.969,3.95608738968062,3.43920674799665,0.832442903389189,0.505112958942417
1983-09-13,1.85,330.56,13.39,13.39,935.83,0.0847156786703601,658.41,27.06629,750.88,3.17552224503765,2.27054970568104,0.715016154973943,0.219528466253919,0.207214753166224,16.85,1.1541095890411,212.45,3.09468317552804,0,-16.0641,4.11759799833194,1.37608385686463,0.451685660266874,1.30108445697626,0.601283991047423,33.3877563865537,51.0347891166449,14.7976986383577,0.969,3.95608738968062,3.43920674799665,0.832442903389189,0.505112958942417
1983-09-14,0.42,459.56,10.43,10.43,741.55,0.0847156786703601,658.41,27.06629,750.88,3.17552224503765,2.27054970568104,0.715016154973943,0.219528466253919,0.207214753166224,16.85,1.1541095890411,212.45,3.09468317552804,0,-16.0641,4.11759799833194,1.37608385686463,0.451685660266874,1.30108445697626,0.601283991047423,33.3877563865537,51.0347891166449,14.7976986383577,0.969,3.95608738968062,3.43920674799665,0.832442903389189,0.505112958942417
1983-09-15,1.35,400.0,9.12,9.12,673.81,0.0847156786703601,658.41,27.06629,750.88,3.17552224503765,2.27054970568104,0.715016154973943,0.219528466253919,0.207214753166224,16.85,1.1541095890411,212.45,3.09468317552804,0,-16.0641,4.11759799833194,1.37608385686463,0.451685660266874,1.30108445697626,0.601283991047423,33.3877563865537,51.0347891166449,14.7976986383577,0.969,3.95608738968062,3.43920674799665,0.832442903389189,0.505112958942417
1983-09-16,6.67,279.9,10.87,10.87,883.07,0.0847156786703601,658.41,27.06629,750.88,3.17552224503765,2.27054970568104,0.715016154973943,0.219528466253919,0.207214753166224,16.85,1.1541095890411,212.45,3.09468317552804,0,-16.0641,4.11759799833194,1.37608385686463,0.451685660266874,1.30108445697626,0.601283991047423,33.3877563865537,51.0347891166449,14.7976986383577,0.969,3.95608738968062,3.43920674799665,0.832442903389189,0.505112958942417
1983-09-17,1.85,265.09,12.29,12.29,1002.55,0.10752374600468782,658.41,27.06629,750.88,3.17552224503765,2.27054970568104,0.715016154973943,0.219528466253919,0.207214753166224,16.85,1.1541095890411,212.45,3.09468317552804,0,-16.0641,4.11759799833194,1.37608385686463,0.451685660266874,1.30108445697626,0.601283991047423,33.3877563865537,51.0347891166449,14.7976986383577,0.969,3.95608738968062,3.43920674799665,0.832442903389189,0.505112958942417
1983-09-18,0.06,445.93,12.76,12.76,979.28,0.10426545067121244,658.41,27.06629,750.88,3.17552224503765,2.27054970568104,0.715016154973943,0.219528466253919,0.207214753166224,16.85,1.1541095890411,212.45,3.09468317552804,0,-16.0641,4.11759799833194,1.37608385686463,0.451685660266874,1.30108445697626,0.601283991047423,33.3877563865537,51.0347891166449,14.7976986383577,0.969,3.95608738968062,3.43920674799665,0.832442903389189,0.505112958942417
1983-09-19,0.0,407.23,19.62,19.62,1422.51,0.09123226933731088,658.41,27.06629,750.88,3.17552224503765,2.27054970568104,0.715016154973943,0.219528466253919,0.207214753166224,16.85,1.1541095890411,212.45,3.09468317552804,0,-16.0641,4.11759799833194,1.37608385686463,0.451685660266874,1.30108445697626,0.601283991047423,33.3877563865537,51.0347891166449,14.7976986383577,0.969,3.95608738968062,3.43920674799665,0.832442903389189,0.505112958942417
1983-09-20,4.12,349.88,20.08,20.08,1407.42,0.0847156786703601,658.41,27.06629,750.88,3.17552224503765,2.27054970568104,0.715016154973943,0.219528466253919,0.207214753166224,16.85,1.1541095890411,212.45,3.09468317552804,0,-16.0641,4.11759799833194,1.37608385686463,0.451685660266874,1.30108445697626,0.601283991047423,33.3877563865537,51.0347891166449,14.7976986383577,0.969,3.95608738968062,3.43920674799665,0.832442903389189,0.505112958942417
1983-09-21,19.01,314.02,17.48,17.48,1175.8,0.13033181333901556,658.41,27.06629,750.88,3.17552224503765,2.27054970568104,0.715016154973943,0.219528466253919,0.207214753166224,16.85,1.1541095890411,212.45,3.09468317552804,0,-16.0641,4.11759799833194,1.37608385686463,0.451685660266874,1.30108445697626,0.601283991047423,33.3877563865537,51.0347891166449,14.7976986383577,0.969,3.95608738968062,3.43920674799665,0.832442903389189,0.505112958942417
1983-09-22,6.21,278.58,10.69,10.69,834.91,0.3160546473471127,658.41,27.06629,750.88,3.17552224503765,2.27054970568104,0.715016154973943,0.219528466253919,0.207214753166224,16.85,1.1541095890411,212.45,3.09468317552804,0,-16.0641,4.11759799833194,1.37608385686463,0.451685660266874,1.30108445697626,0.601283991047423,33.3877563865537,51.0347891166449,14.7976986383577,0.969,3.95608738968062,3.43920674799665,0.832442903389189,0.505112958942417
1983-09-23,1.53,261.39,6.22,6.22,655.48,0.17920624334114638,658.41,27.06629,750.88,3.17552224503765,2.27054970568104,0.715016154973943,0.219528466253919,0.207214753166224,16.85,1.1541095890411,212.45,3.09468317552804,0,-16.0641,4.11759799833194,1.37608385686463,0.451685660266874,1.30108445697626,0.601283991047423,33.3877563865537,51.0347891166449,14.7976986383577,0.969,3.95608738968062,3.43920674799665,0.832442903389189,0.505112958942417
1983-09-24,0.3,438.27,5.33,5.33,559.55,0.1466232900063925,658.41,27.06629,750.88,3.17552224503765,2.27054970568104,0.715016154973943,0.219528466253919,0.207214753166224,16.85,1.1541095890411,212.45,3.09468317552804,0,-16.0641,4.11759799833194,1.37608385686463,0.451685660266874,1.30108445697626,0.601283991047423,33.3877563865537,51.0347891166449,14.7976986383577,0.969,3.95608738968062,3.43920674799665,0.832442903389189,0.505112958942417
1983-09-25,0.11,376.58,7.35,7.35,604.15,0.13033181333901556,658.41,27.06629,750.88,3.17552224503765,2.27054970568104,0.715016154973943,0.219528466253919,0.207214753166224,16.85,1.1541095890411,212.45,3.09468317552804,0,-16.0641,4.11759799833194,1.37608385686463,0.451685660266874,1.30108445697626,0.601283991047423,33.3877563865537,51.0347891166449,14.7976986383577,0.969,3.95608738968062,3.43920674799665,0.832442903389189,0.505112958942417
1983-09-26,0.03,421.1,10.55,10.55,771.09,0.11078204133816322,658.41,27.06629,750.88,3.17552224503765,2.27054970568104,0.715016154973943,0.219528466253919,0.207214753166224,16.85,1.1541095890411,212.45,3.09468317552804,0,-16.0641,4.11759799833194,1.37608385686463,0.451685660266874,1.30108445697626,0.601283991047423,33.3877563865537,51.0347891166449,14.7976986383577,0.969,3.95608738968062,3.43920674799665,0.832442903389189,0.505112958942417
1983-09-27,0.0,414.16,12.68,12.68,875.56,0.11404033667163861,658.41,27.06629,750.88,3.17552224503765,2.27054970568104,0.715016154973943,0.219528466253919,0.207214753166224,16.85,1.1541095890411,212.45,3.09468317552804,0,-16.0641,4.11759799833194,1.37608385686463,0.451685660266874,1.30108445697626,0.601283991047423,33.3877563865537,51.0347891166449,14.7976986383577,0.969,3.95608738968062,3.43920674799665,0.832442903389189,0.505112958942417
1983-09-28,0.0,417.32,12.7,12.7,850.17,0.11078204133816322,658.41,27.06629,750.88,3.17552224503765,2.27054970568104,0.715016154973943,0.219528466253919,0.207214753166224,16.85,1.1541095890411,212.45,3.09468317552804,0,-16.0641,4.11759799833194,1.37608385686463,0.451685660266874,1.30108445697626,0.601283991047423,33.3877563865537,51.0347891166449,14.7976986383577,0.969,3.95608738968062,3.43920674799665,0.832442903389189,0.505112958942417
1983-09-29,0.26,355.96,11.86,11.86,771.05,0.10100715533773705,658.41,27.06629,750.88,3.17552224503765,2.27054970568104,0.715016154973943,0.219528466253919,0.207214753166224,16.85,1.1541095890411,212.45,3.09468317552804,0,-16.0641,4.11759799833194,1.37608385686463,0.451685660266874,1.30108445697626,0.601283991047423,33.3877563865537,51.0347891166449,14.7976986383577,0.969,3.95608738968062,3.43920674799665,0.832442903389189,0.505112958942417
1983-09-30,0.09,406.83,11.54,11.54,786.49,0.10100715533773705,658.41,27.06629,750.88,3.17552224503765,2.27054970568104,0.715016154973943,0.219528466253919,0.207214753166224,16.85,1.1541095890411,212.45,3.09468317552804,0,-16.0641,4.11759799833194,1.37608385686463,0.451685660266874,1.30108445697626,0.601283991047423,33.3877563865537,51.0347891166449,14.7976986383577,0.969,3.95608738968062,3.43920674799665,0.832442903389189,0.505112958942417
1983-10-01,0.0,357.57,15.27,15.27,1081.29,0.09123226933731088,658.41,27.06629,750.88,3.17552224503765,2.27054970568104,0.715016154973943,0.219528466253919,0.207214753166224,16.85,1.1541095890411,212.45,3.09468317552804,0,-16.0641,4.11759799833194,1.37608385686463,0.451685660266874,1.30108445697626,0.601283991047423,33.3877563865537,51.0347891166449,14.7976986383577,0.969,3.95608738968062,3.43920674799665,0.832442903389189,0.505112958942417
1983-10-02,0.13,314.13,14.66,14.66,1060.39,0.09123226933731088,658.41,27.06629,750.88,3.17552224503765,2.27054970568104,0.715016154973943,0.219528466253919,0.207214753166224,16.85,1.1541095890411,212.45,3.09468317552804,0,-16.0641,4.11759799833194,1.37608385686463,0.451685660266874,1.30108445697626,0.601283991047423,33.3877563865537,51.0347891166449,14.7976986383577,0.969,3.95608738968062,3.43920674799665,0.832442903389189,0.505112958942417
1983-10-03,2.28,302.75,14.93,14.93,1045.7,0.09123226933731088,658.41,27.06629,750.88,3.17552224503765,2.27054970568104,0.715016154973943,0.219528466253919,0.207214753166224,16.85,1.1541095890411,212.45,3.09468317552804,0,-16.0641,4.11759799833194,1.37608385686463,0.451685660266874,1.30108445697626,0.601283991047423,33.3877563865537,51.0347891166449,14.7976986383577,0.969,3.95608738968062,3.43920674799665,0.832442903389189,0.505112958942417
1983-10-04,6.5,255.92,16.44,16.44,1233.99,0.09123226933731088,658.41,27.06629,750.88,3.17552224503765,2.27054970568104,0.715016154973943,0.219528466253919,0.207214753166224,16.85,1.1541095890411,212.45,3.09468317552804,0,-16.0641,4.11759799833194,1.37608385686463,0.451685660266874,1.30108445697626,0.601283991047423,33.3877563865537,51.0347891166449,14.7976986383577,0.969,3.95608738968062,3.43920674799665,0.832442903389189,0.505112958942417
1983-10-05,8.76,173.5,15.06,15.06,1236.64,0.12055692733858939,658.41,27.06629,750.88,3.17552224503765,2.27054970568104,0.715016154973943,0.219528466253919,0.207214753166224,16.85,1.1541095890411,212.45,3.09468317552804,0,-16.0641,4.11759799833194,1.37608385686463,0.451685660266874,1.30108445697626,0.601283991047423,33.3877563865537,51.0347891166449,14.7976986383577,0.969,3.95608738968062,3.43920674799665,0.832442903389189,0.505112958942417
1983-10-06,2.32,241.82,11.26,11.26,924.3,0.15965647134029404,658.41,27.06629,750.88,3.17552224503765,2.27054970568104,0.715016154973943,0.219528466253919,0.207214753166224,16.85,1.1541095890411,212.45,3.09468317552804,0,-16.0641,4.11759799833194,1.37608385686463,0.451685660266874,1.30108445697626,0.601283991047423,33.3877563865537,51.0347891166449,14.7976986383577,0.969,3.95608738968062,3.43920674799665,0.832442903389189,0.505112958942417
1983-10-07,0.25,331.47,8.04,8.04,675.42,0.13033181333901556,658.41,27.06629,750.88,3.17552224503765,2.27054970568104,0.715016154973943,0.219528466253919,0.207214753166224,16.85,1.1541095890411,212.45,3.09468317552804,0,-16.0641,4.11759799833194,1.37608385686463,0.451685660266874,1.30108445697626,0.601283991047423,33.3877563865537,51.0347891166449,14.7976986383577,0.969,3.95608738968062,3.43920674799665,0.832442903389189,0.505112958942417
1983-10-08,0.8,296.87,10.56,10.56,759.12,0.11404033667163861,658.41,27.06629,750.88,3.17552224503765,2.27054970568104,0.715016154973943,0.219528466253919,0.207214753166224,16.85,1.1541095890411,212.45,3.09468317552804,0,-16.0641,4.11759799833194,1.37608385686463,0.451685660266874,1.30108445697626,0.601283991047423,33.3877563865537,51.0347891166449,14.7976986383577,0.969,3.95608738968062,3.43920674799665,0.832442903389189,0.505112958942417
1983-10-09,0.23,335.7,10.25,10.25,752.59,0.10752374600468782,658.41,27.06629,750.88,3.17552224503765,2.27054970568104,0.715016154973943,0.219528466253919,0.207214753166224,16.85,1.1541095890411,212.45,3.09468317552804,0,-16.0641,4.11759799833194,1.37608385686463,0.451685660266874,1.30108445697626,0.601283991047423,33.3877563865537,51.0347891166449,14.7976986383577,0.969,3.95608738968062,3.43920674799665,0.832442903389189,0.505112958942417
1983-10-10,0.33,287.48,6.2,6.2,638.05,0.10752374600468782,658.41,27.06629,750.88,3.17552224503765,2.27054970568104,0.715016154973943,0.219528466253919,0.207214753166224,16.85,1.1541095890411,212.45,3.09468317552804,0,-16.0641,4.11759799833194,1.37608385686463,0.451685660266874,1.30108445697626,0.601283991047423,33.3877563865537,51.0347891166449,14.7976986383577,0.969,3.95608738968062,3.43920674799665,0.832442903389189,0.505112958942417
1983-10-11,1.22,216.19,8.82,8.82,857.88,0.09774886000426165,658.41,27.06629,750.88,3.17552224503765,2.27054970568104,0.715016154973943,0.219528466253919,0.207214753166224,16.85,1.1541095890411,212.45,3.09468317552804,0,-16.0641,4.11759799833194,1.37608385686463,0.451685660266874,1.30108445697626,0.601283991047423,33.3877563865537,51.0347891166449,14.7976986383577,0.969,3.95608738968062,3.43920674799665,0.832442903389189,0.505112958942417
1983-10-12,7.8,204.73,12.5,12.5,1150.13,0.09774886000426165,658.41,27.06629,750.88,3.17552224503765,2.27054970568104,0.715016154973943,0.219528466253919,0.207214753166224,16.85,1.1541095890411,212.45,3.09468317552804,0,-16.0641,4.11759799833194,1.37608385686463,0.451685660266874,1.30108445697626,0.601283991047423,33.3877563865537,51.0347891166449,14.7976986383577,0.969,3.95608738968062,3.43920674799665,0.832442903389189,0.505112958942417
1983-10-13,13.75,198.58,16.7,16.7,1343.83,0.11404033667163861,658.41,27.06629,750.88,3.17552224503765,2.27054970568104,0.715016154973943,0.219528466253919,0.207214753166224,16.85,1.1541095890411,212.45,3.09468317552804,0,-16.0641,4.11759799833194,1.37608385686463,0.451685660266874,1.30108445697626,0.601283991047423,33.3877563865537,51.0347891166449,14.7976986383577,0.969,3.95608738968062,3.43920674799665,0.832442903389189,0.505112958942417
1983-10-14,3.39,369.81,11.29,11.29,815.06,0.36818737268271895,658.41,27.06629,750.88,3.17552224503765,2.27054970568104,0.715016154973943,0.219528466253919,0.207214753166224,16.85,1.1541095890411,212.45,3.09468317552804,0,-16.0641,4.11759799833194,1.37608385686463,0.451685660266874,1.30108445697626,0.601283991047423,33.3877563865537,51.0347891166449,14.7976986383577,0.969,3.95608738968062,3.43920674799665,0.832442903389189,0.505112958942417
1983-10-15,0.08,284.54,9.04,9.04,737.1,0.21830578734285105,658.41,27.06629,750.88,3.17552224503765,2.27054970568104,0.715016154973943,0.219528466253919,0.207214753166224,16.85,1.1541095890411,212.45,3.09468317552804,0,-16.0641,4.11759799833194,1.37608385686463,0.451685660266874,1.30108445697626,0.601283991047423,33.3877563865537,51.0347891166449,14.7976986383577,0.969,3.95608738968062,3.43920674799665,0.832442903389189,0.505112958942417
1983-10-16,0.0,382.63,6.1,6.1,581.35,0.15965647134029404,658.41,27.06629,750.88,3.17552224503765,2.27054970568104,0.715016154973943,0.219528466253919,0.207214753166224,16.85,1.1541095890411,212.45,3.09468317552804,0,-16.0641,4.11759799833194,1.37608385686463,0.451685660266874,1.30108445697626,0.601283991047423,33.3877563865537,51.0347891166449,14.7976986383577,0.969,3.95608738968062,3.43920674799665,0.832442903389189,0.505112958942417
1983-10-17,0.8,289.83,9.92,9.92,731.51,0.1401066993394417,658.41,27.06629,750.88,3.17552224503765,2.27054970568104,0.715016154973943,0.219528466253919,0.207214753166224,16.85,1.1541095890411,212.45,3.09468317552804,0,-16.0641,4.11759799833194,1.37608385686463,0.451685660266874,1.30108445697626,0.601283991047423,33.3877563865537,51.0347891166449,14.7976986383577,0.969,3.95608738968062,3.43920674799665,0.832442903389189,0.505112958942417
1983-10-18,3.28,266.49,7.37,7.37,621.22,0.13359010867249094,658.41,27.06629,750.88,3.17552224503765,2.27054970568104,0.715016154973943,0.219528466253919,0.207214753166224,16.85,1.1541095890411,212.45,3.09468317552804,0,-16.0641,4.11759799833194,1.37608385686463,0.451685660266874,1.30108445697626,0.601283991047423,33.3877563865537,51.0347891166449,14.7976986383577,0.969,3.95608738968062,3.43920674799665,0.832442903389189,0.505112958942417
1983-10-19,0.82,306.53,4.16,4.16,527.02,0.1401066993394417,658.41,27.06629,750.88,3.17552224503765,2.27054970568104,0.715016154973943,0.219528466253919,0.207214753166224,16.85,1.1541095890411,212.45,3.09468317552804,0,-16.0641,4.11759799833194,1.37608385686463,0.451685660266874,1.30108445697626,0.601283991047423,33.3877563865537,51.0347891166449,14.7976986383577,0.969,3.95608738968062,3.43920674799665,0.832442903389189,0.505112958942417
1983-10-20,0.0,358.5,4.02,4.02,480.1,0.1401066993394417,658.41,27.06629,750.88,3.17552224503765,2.27054970568104,0.715016154973943,0.219528466253919,0.207214753166224,16.85,1.1541095890411,212.45,3.09468317552804,0,-16.0641,4.11759799833194,1.37608385686463,0.451685660266874,1.30108445697626,0.601283991047423,33.3877563865537,51.0347891166449,14.7976986383577,0.969,3.95608738968062,3.43920674799665,0.832442903389189,0.505112958942417
1983-10-21,1.05,298.83,3.15,3.15,428.14,0.12707351800554018,658.41,27.06629,750.88,3.17552224503765,2.27054970568104,0.715016154973943,0.219528466253919,0.207214753166224,16.85,1.1541095890411,212.45,3.09468317552804,0,-16.0641,4.11759799833194,1.37608385686463,0.451685660266874,1.30108445697626,0.601283991047423,33.3877563865537,51.0347891166449,14.7976986383577,0.969,3.95608738968062,3.43920674799665,0.832442903389189,0.505112958942417
1983-10-22,4.91,265.12,3.14,3.14,478.71,0.11729863200511399,658.41,27.06629,750.88,3.17552224503765,2.27054970568104,0.715016154973943,0.219528466253919,0.207214753166224,16.85,1.1541095890411,212.45,3.09468317552804,0,-16.0641,4.11759799833194,1.37608385686463,0.451685660266874,1.30108445697626,0.601283991047423,33.3877563865537,51.0347891166449,14.7976986383577,0.969,3.95608738968062,3.43920674799665,0.832442903389189,0.505112958942417
1983-10-23,3.63,165.19,5.77,5.77,697.8,0.13684840400596632,658.41,27.06629,750.88,3.17552224503765,2.27054970568104,0.715016154973943,0.219528466253919,0.207214753166224,16.85,1.1541095890411,212.45,3.09468317552804,0,-16.0641,4.11759799833194,1.37608385686463,0.451685660266874,1.30108445697626,0.601283991047423,33.3877563865537,51.0347891166449,14.7976986383577,0.969,3.95608738968062,3.43920674799665,0.832442903389189,0.505112958942417
1983-10-24,1.66,68.73,6.06,6.06,799.1,0.15965647134029404,658.41,27.06629,750.88,3.17552224503765,2.27054970568104,0.715016154973943,0.219528466253919,0.207214753166224,16.85,1.1541095890411,212.45,3.09468317552804,0,-16.0641,4.11759799833194,1.37608385686463,0.451685660266874,1.30108445697626,0.601283991047423,33.3877563865537,51.0347891166449,14.7976986383577,0.969,3.95608738968062,3.43920674799665,0.832442903389189,0.505112958942417
1983-10-25,1.92,80.1,5.28,5.28,759.57,0.15639817600681866,658.41,27.06629,750.88,3.17552224503765,2.27054970568104,0.715016154973943,0.219528466253919,0.207214753166224,16.85,1.1541095890411,212.45,3.09468317552804,0,-16.0641,4.11759799833194,1.37608385686463,0.451685660266874,1.30108445697626,0.601283991047423,33.3877563865537,51.0347891166449,14.7976986383577,0.969,3.95608738968062,3.43920674799665,0.832442903389189,0.505112958942417
1983-10-26,1.42,182.95,4.37,4.37,652.46,0.15313988067334328,658.41,27.06629,750.88,3.17552224503765,2.27054970568104,0.715016154973943,0.219528466253919,0.207214753166224,16.85,1.1541095890411,212.45,3.09468317552804,0,-16.0641,4.11759799833194,1.37608385686463,0.451685660266874,1.30108445697626,0.601283991047423,33.3877563865537,51.0347891166449,14.7976986383577,0.969,3.95608738968062,3.43920674799665,0.832442903389189,0.505112958942417
1983-10-27,1.23,181.33,3.51,3.51,609.78,0.15313988067334328,658.41,27.06629,750.88,3.17552224503765,2.27054970568104,0.715016154973943,0.219528466253919,0.207214753166224,16.85,1.1541095890411,212.45,3.09468317552804,0,-16.0641,4.11759799833194,1.37608385686463,0.451685660266874,1.30108445697626,0.601283991047423,33.3877563865537,51.0347891166449,14.7976986383577,0.969,3.95608738968062,3.43920674799665,0.832442903389189,0.505112958942417
1983-10-28,0.33,302.76,7.28,7.28,659.68,0.1401066993394417,658.41,27.06629,750.88,3.17552224503765,2.27054970568104,0.715016154973943,0.219528466253919,0.207214753166224,16.85,1.1541095890411,212.45,3.09468317552804,0,-16.0641,4.11759799833194,1.37608385686463,0.451685660266874,1.30108445697626,0.601283991047423,33.3877563865537,51.0347891166449,14.7976986383577,0.969,3.95608738968062,3.43920674799665,0.832442903389189,0.505112958942417
1983-10-29,0.04,320.37,8.45,8.45,577.8,0.13359010867249094,658.41,27.06629,750.88,3.17552224503765,2.27054970568104,0.715016154973943,0.219528466253919,0.207214753166224,16.85,1.1541095890411,212.45,3.09468317552804,0,-16.0641,4.11759799833194,1.37608385686463,0.451685660266874,1.30108445697626,0.601283991047423,33.3877563865537,51.0347891166449,14.7976986383577,0.969,3.95608738968062,3.43920674799665,0.832442903389189,0.505112958942417
1983-10-30,0.01,335.73,1.24,1.24,348.46,0.13033181333901556,658.41,27.06629,750.88,3.17552224503765,2.27054970568104,0.715016154973943,0.219528466253919,0.207214753166224,16.85,1.1541095890411,212.45,3.09468317552804,0,-16.0641,4.11759799833194,1.37608385686463,0.451685660266874,1.30108445697626,0.601283991047423,33.3877563865537,51.0347891166449,14.7976986383577,0.969,3.95608738968062,3.43920674799665,0.832442903389189,0.505112958942417
1983-10-31,0.44,303.36,1.86,1.86,366.46,0.12707351800554018,658.41,27.06629,750.88,3.17552224503765,2.27054970568104,0.715016154973943,0.219528466253919,0.207214753166224,16.85,1.1541095890411,212.45,3.09468317552804,0,-16.0641,4.11759799833194,1.37608385686463,0.451685660266874,1.30108445697626,0.601283991047423,33.3877563865537,51.0347891166449,14.7976986383577,0.969,3.95608738968062,3.43920674799665,0.832442903389189,0.505112958942417
1983-11-01,3.02,253.26,5.52,5.52,524.11,0.11729863200511399,658.41,27.06629,750.88,3.17552224503765,2.27054970568104,0.715016154973943,0.219528466253919,0.207214753166224,16.85,1.1541095890411,212.45,3.09468317552804,0,-16.0641,4.11759799833194,1.37608385686463,0.451685660266874,1.30108445697626,0.601283991047423,33.3877563865537,51.0347891166449,14.7976986383577,0.969,3.95608738968062,3.43920674799665,0.832442903389189,0.505112958942417
1983-11-02,4.04,212.9,10.58,10.58,810.59,0.12381522267206477,658.41,27.06629,750.88,3.17552224503765,2.27054970568104,0.715016154973943,0.219528466253919,0.207214753166224,16.85,1.1541095890411,212.45,3.09468317552804,0,-16.0641,4.11759799833194,1.37608385686463,0.451685660266874,1.30108445697626,0.601283991047423,33.3877563865537,51.0347891166449,14.7976986383577,0.969,3.95608738968062,3.43920674799665,0.832442903389189,0.505112958942417
1983-11-03,2.79,211.81,8.23,8.23,696.43,0.1401066993394417,658.41,27.06629,750.88,3.17552224503765,2.27054970568104,0.715016154973943,0.219528466253919,0.207214753166224,16.85,1.1541095890411,212.45,3.09468317552804,0,-16.0641,4.11759799833194,1.37608385686463,0.451685660266874,1.30108445697626,0.601283991047423,33.3877563865537,51.0347891166449,14.7976986383577,0.969,3.95608738968062,3.43920674799665,0.832442903389189,0.505112958942417
1983-11-04,3.81,192.91,1.36,1.36,452.8,0.15313988067334328,658.41,27.06629,750.88,3.17552224503765,2.27054970568104,0.715016154973943,0.219528466253919,0.207214753166224,16.85,1.1541095890411,212.45,3.09468317552804,0,-16.0641,4.11759799833194,1.37608385686463,0.451685660266874,1.30108445697626,0.601283991047423,33.3877563865537,51.0347891166449,14.7976986383577,0.969,3.95608738968062,3.43920674799665,0.832442903389189,0.505112958942417
1983-11-05,1.41,133.12,-0.42,-0.42,448.13,0.1694313573407202,658.41,27.06629,750.88,3.17552224503765,2.27054970568104,0.715016154973943,0.219528466253919,0.207214753166224,16.85,1.1541095890411,212.45,3.09468317552804,0,-16.0641,4.11759799833194,1.37608385686463,0.451685660266874,1.30108445697626,0.601283991047423,33.3877563865537,51.0347891166449,14.7976986383577,0.969,3.95608738968062,3.43920674799665,0.832442903389189,0.505112958942417
1983-11-06,0.38,122.07,0.43,0.43,513.91,0.18246453867462176,658.41,27.06629,750.88,3.17552224503765,2.27054970568104,0.715016154973943,0.219528466253919,0.207214753166224,16.85,1.1541095890411,212.45,3.09468317552804,0,-16.0641,4.11759799833194,1.37608385686463,0.451685660266874,1.30108445697626,0.601283991047423,33.3877563865537,51.0347891166449,14.7976986383577,0.969,3.95608738968062,3.43920674799665,0.832442903389189,0.505112958942417
1983-11-07,0.06,226.53,3.14,3.14,580.23,0.21830578734285105,658.41,27.06629,750.88,3.17552224503765,2.27054970568104,0.715016154973943,0.219528466253919,0.207214753166224,16.85,1.1541095890411,212.45,3.09468317552804,0,-16.0641,4.11759799833194,1.37608385686463,0.451685660266874,1.30108445697626,0.601283991047423,33.3877563865537,51.0347891166449,14.7976986383577,0.969,3.95608738968062,3.43920674799665,0.832442903389189,0.505112958942417
1983-11-08,0.0,299.66,4.9,4.9,554.09,0.20853090134242488,658.41,27.06629,750.88,3.17552224503765,2.27054970568104,0.715016154973943,0.219528466253919,0.207214753166224,16.85,1.1541095890411,212.45,3.09468317552804,0,-16.0641,4.11759799833194,1.37608385686463,0.451685660266874,1.30108445697626,0.601283991047423,33.3877563865537,51.0347891166449,14.7976986383577,0.969,3.95608738968062,3.43920674799665,0.832442903389189,0.505112958942417
1983-11-09,3.29,244.14,8.01,8.01,636.95,0.18572283400809714,658.41,27.06629,750.88,3.17552224503765,2.27054970568104,0.715016154973943,0.219528466253919,0.207214753166224,16.85,1.1541095890411,212.45,3.09468317552804,0,-16.0641,4.11759799833194,1.37608385686463,0.451685660266874,1.30108445697626,0.601283991047423,33.3877563865537,51.0347891166449,14.7976986383577,0.969,3.95608738968062,3.43920674799665,0.832442903389189,0.505112958942417
1983-11-10,16.08,182.63,8.05,8.05,703.16,0.27369680801193264,658.41,27.06629,750.88,3.17552224503765,2.27054970568104,0.715016154973943,0.219528466253919,0.207214753166224,16.85,1.1541095890411,212.45,3.09468317552804,0,-16.0641,4.11759799833194,1.37608385686463,0.451685660266874,1.30108445697626,0.601283991047423,33.3877563865537,51.0347891166449,14.7976986383577,0.969,3.95608738968062,3.43920674799665,0.832442903389189,0.505112958942417
1983-11-11,13.57,164.1,4.59,4.59,591.3,1.5737566460686125,658.41,27.06629,750.88,3.17552224503765,2.27054970568104,0.715016154973943,0.219528466253919,0.207214753166224,16.85,1.1541095890411,212.45,3.09468317552804,0,-16.0641,4.11759799833194,1.37608385686463,0.451685660266874,1.30108445697626,0.601283991047423,33.3877563865537,51.0347891166449,14.7976986383577,0.969,3.95608738968062,3.43920674799665,0.832442903389189,0.505112958942417
1983-11-12,2.54,213.17,-1.04,-1.04,385.03,1.417358470061794,658.41,27.06629,750.88,3.17552224503765,2.27054970568104,0.715016154973943,0.219528466253919,0.207214753166224,16.85,1.1541095890411,212.45,3.09468317552804,0,-16.0641,4.11759799833194,1.37608385686463,0.451685660266874,1.30108445697626,0.601283991047423,33.3877563865537,51.0347891166449,14.7976986383577,0.969,3.95608738968062,3.43920674799665,0.832442903389189,0.505112958942417
1983-11-13,0.03,250.68,-4.41,-4.41,281.49,0.729858154698487,658.41,27.06629,750.88,3.17552224503765,2.27054970568104,0.715016154973943,0.219528466253919,0.207214753166224,16.85,1.1541095890411,212.45,3.09468317552804,0,-16.0641,4.11759799833194,1.37608385686463,0.451685660266874,1.30108445697626,0.601283991047423,33.3877563865537,51.0347891166449,14.7976986383577,0.969,3.95608738968062,3.43920674799665,0.832442903389189,0.505112958942417
1983-11-14,2.15,252.81,-3.34,-3.34,293.53,0.5669433880247176,658.41,27.06629,750.88,3.17552224503765,2.27054970568104,0.715016154973943,0.219528466253919,0.207214753166224,16.85,1.1541095890411,212.45,3.09468317552804,0,-16.0641,4.11759799833194,1.37608385686463,0.451685660266874,1.30108445697626,0.601283991047423,33.3877563865537,51.0347891166449,14.7976986383577,0.969,3.95608738968062,3.43920674799665,0.832442903389189,0.505112958942417
1983-11-15,10.78,208.41,-1.42,-1.42,387.25,0.6549173620285531,658.41,27.06629,750.88,3.17552224503765,2.27054970568104,0.715016154973943,0.219528466253919,0.207214753166224,16.85,1.1541095890411,212.45,3.09468317552804,0,-16.0641,4.11759799833194,1.37608385686463,0.451685660266874,1.30108445697626,0.601283991047423,33.3877563865537,51.0347891166449,14.7976986383577,0.969,3.95608738968062,3.43920674799665,0.832442903389189,0.505112958942417
1983-11-16,5.43,130.09,1.03,1.03,513.74,1.5965647134029404,658.41,27.06629,750.88,3.17552224503765,2.27054970568104,0.715016154973943,0.219528466253919,0.207214753166224,16.85,1.1541095890411,212.45,3.09468317552804,0,-16.0641,4.11759799833194,1.37608385686463,0.451685660266874,1.30108445697626,0.601283991047423,33.3877563865537,51.0347891166449,14.7976986383577,0.969,3.95608738968062,3.43920674799665,0.832442903389189,0.505112958942417
1983-11-17,0.82,136.0,-1.19,-1.19,449.75,1.133886776049435,658.41,27.06629,750.88,3.17552224503765,2.27054970568104,0.715016154973943,0.219528466253919,0.207214753166224,16.85,1.1541095890411,212.45,3.09468317552804,0,-16.0641,4.11759799833194,1.37608385686463,0.451685660266874,1.30108445697626,0.601283991047423,33.3877563865537,51.0347891166449,14.7976986383577,0.969,3.95608738968062,3.43920674799665,0.832442903389189,0.505112958942417
1983-11-18,0.03,237.88,-0.54,-0.54,458.32,0.7950240613679949,658.41,27.06629,750.88,3.17552224503765,2.27054970568104,0.715016154973943,0.219528466253919,0.207214753166224,16.85,1.1541095890411,212.45,3.09468317552804,0,-16.0641,4.11759799833194,1.37608385686463,0.451685660266874,1.30108445697626,0.601283991047423,33.3877563865537,51.0347891166449,14.7976986383577,0.969,3.95608738968062,3.43920674799665,0.832442903389189,0.505112958942417
1983-11-19,1.65,146.53,2.68,2.68,595.88,0.8276070147027488,658.41,27.06629,750.88,3.17552224503765,2.27054970568104,0.715016154973943,0.219528466253919,0.207214753166224,16.85,1.1541095890411,212.45,3.09468317552804,0,-16.0641,4.11759799833194,1.37608385686463,0.451685660266874,1.30108445697626,0.601283991047423,33.3877563865537,51.0347891166449,14.7976986383577,0.969,3.95608738968062,3.43920674799665,0.832442903389189,0.505112958942417
1983-11-20,5.91,199.45,5.4,5.4,665.29,0.8960312167057319,658.41,27.06629,750.88,3.17552224503765,2.27054970568104,0.715016154973943,0.219528466253919,0.207214753166224,16.85,1.1541095890411,212.45,3.09468317552804,0,-16.0641,4.11759799833194,1.37608385686463,0.451685660266874,1.30108445697626,0.601283991047423,33.3877563865537,51.0347891166449,14.7976986383577,0.969,3.95608738968062,3.43920674799665,0.832442903389189,0.505112958942417
1983-11-21,1.59,247.87,6.32,6.32,692.15,1.5965647134029404,658.41,27.06629,750.88,3.17552224503765,2.27054970568104,0.715016154973943,0.219528466253919,0.207214753166224,16.85,1.1541095890411,212.45,3.09468317552804,0,-16.0641,4.11759799833194,1.37608385686463,0.451685660266874,1.30108445697626,0.601283991047423,33.3877563865537,51.0347891166449,14.7976986383577,0.969,3.95608738968062,3.43920674799665,0.832442903389189,0.505112958942417
1983-11-22,0.27,216.8,7.89,7.89,762.15,1.114337004048583,658.41,27.06629,750.88,3.17552224503765,2.27054970568104,0.715016154973943,0.219528466253919,0.207214753166224,16.85,1.1541095890411,212.45,3.09468317552804,0,-16.0641,4.11759799833194,1.37608385686463,0.451685660266874,1.30108445697626,0.601283991047423,33.3877563865537,51.0347891166449,14.7976986383577,0.969,3.95608738968062,3.43920674799665,0.832442903389189,0.505112958942417
1983-11-23,0.41,199.5,5.55,5.55,608.65,0.8960312167057319,658.41,27.06629,750.88,3.17552224503765,2.27054970568104,0.715016154973943,0.219528466253919,0.207214753166224,16.85,1.1541095890411,212.45,3.09468317552804,0,-16.0641,4.11759799833194,1.37608385686463,0.451685660266874,1.30108445697626,0.601283991047423,33.3877563865537,51.0347891166449,14.7976986383577,0.969,3.95608738968062,3.43920674799665,0.832442903389189,0.505112958942417
1983-11-24,6.41,176.92,5.65,5.65,597.83,0.8471567867036011,658.41,27.06629,750.88,3.17552224503765,2.27054970568104,0.715016154973943,0.219528466253919,0.207214753166224,16.85,1.1541095890411,212.45,3.09468317552804,0,-16.0641,4.11759799833194,1.37608385686463,0.451685660266874,1.30108445697626,0.601283991047423,33.3877563865537,51.0347891166449,14.7976986383577,0.969,3.95608738968062,3.43920674799665,0.832442903389189,0.505112958942417
1983-11-25,2.11,161.18,1.28,1.28,471.45,0.9840051907095674,658.41,27.06629,750.88,3.17552224503765,2.27054970568104,0.715016154973943,0.219528466253919,0.207214753166224,16.85,1.1541095890411,212.45,3.09468317552804,0,-16.0641,4.11759799833194,1.37608385686463,0.451685660266874,1.30108445697626,0.601283991047423,33.3877563865537,51.0347891166449,14.7976986383577,0.969,3.95608738968062,3.43920674799665,0.832442903389189,0.505112958942417
1983-11-26,0.27,201.23,1.92,1.92,510.88,0.9286141700404857,658.41,27.06629,750.88,3.17552224503765,2.27054970568104,0.715016154973943,0.219528466253919,0.207214753166224,16.85,1.1541095890411,212.45,3.09468317552804,0,-16.0641,4.11759799833194,1.37608385686463,0.451685660266874,1.30108445697626,0.601283991047423,33.3877563865537,51.0347891166449,14.7976986383577,0.969,3.95608738968062,3.43920674799665,0.832442903389189,0.505112958942417
1983-11-27,3.92,137.77,2.92,2.92,566.0,0.9774886000426166,658.41,27.06629,750.88,3.17552224503765,2.27054970568104,0.715016154973943,0.219528466253919,0.207214753166224,16.85,1.1541095890411,212.45,3.09468317552804,0,-16.0641,4.11759799833194,1.37608385686463,0.451685660266874,1.30108445697626,0.601283991047423,33.3877563865537,51.0347891166449,14.7976986383577,0.969,3.95608738968062,3.43920674799665,0.832442903389189,0.505112958942417
1983-11-28,8.81,118.19,1.81,1.81,541.39,2.1928327594289363,658.41,27.06629,750.88,3.17552224503765,2.27054970568104,0.715016154973943,0.219528466253919,0.207214753166224,16.85,1.1541095890411,212.45,3.09468317552804,0,-16.0641,4.11759799833194,1.37608385686463,0.451685660266874,1.30108445697626,0.601283991047423,33.3877563865537,51.0347891166449,14.7976986383577,0.969,3.95608738968062,3.43920674799665,0.832442903389189,0.505112958942417
1983-11-29,2.27,121.5,0.87,0.87,503.98,2.241707189431067,658.41,27.06629,750.88,3.17552224503765,2.27054970568104,0.715016154973943,0.219528466253919,0.207214753166224,16.85,1.1541095890411,212.45,3.09468317552804,0,-16.0641,4.11759799833194,1.37608385686463,0.451685660266874,1.30108445697626,0.601283991047423,33.3877563865537,51.0347891166449,14.7976986383577,0.969,3.95608738968062,3.43920674799665,0.832442903389189,0.505112958942417
1983-11-30,0.59,70.32,-1.09,-1.09,450.47,1.4825243767313019,658.41,27.06629,750.88,3.17552224503765,2.27054970568104,0.715016154973943,0.219528466253919,0.207214753166224,16.85,1.1541095890411,212.45,3.09468317552804,0,-16.0641,4.11759799833194,1.37608385686463,0.451685660266874,1.30108445697626,0.601283991047423,33.3877563865537,51.0347891166449,14.7976986383577,0.969,3.95608738968062,3.43920674799665,0.832442903389189,0.505112958942417
1983-12-01,0.24,144.52,-3.13,-3.13,371.1,1.2120858640528445,658.41,27.06629,750.88,3.17552224503765,2.27054970568104,0.715016154973943,0.219528466253919,0.207214753166224,16.85,1.1541095890411,212.45,3.09468317552804,0,-16.0641,4.11759799833194,1.37608385686463,0.451685660266874,1.30108445697626,0.601283991047423,33.3877563865537,51.0347891166449,14.7976986383577,0.969,3.95608738968062,3.43920674799665,0.832442903389189,0.505112958942417
1983-12-02,0.26,165.53,-4.45,-4.45,331.65,1.0589459833795014,658.41,27.06629,750.88,3.17552224503765,2.27054970568104,0.715016154973943,0.219528466253919,0.207214753166224,16.85,1.1541095890411,212.45,3.09468317552804,0,-16.0641,4.11759799833194,1.37608385686463,0.451685660266874,1.30108445697626,0.601283991047423,33.3877563865537,51.0347891166449,14.7976986383577,0.969,3.95608738968062,3.43920674799665,0.832442903389189,0.505112958942417
1983-12-03,3.18,156.09,-3.9,-3.9,345.71,0.9514222373748135,658.41,27.06629,750.88,3.17552224503765,2.27054970568104,0.715016154973943,0.219528466253919,0.207214753166224,16.85,1.1541095890411,212.45,3.09468317552804,0,-16.0641,4.11759799833194,1.37608385686463,0.451685660266874,1.30108445697626,0.601283991047423,33.3877563865537,51.0347891166449,14.7976986383577,0.969,3.95608738968062,3.43920674799665,0.832442903389189,0.505112958942417
1983-12-04,5.7,191.22,-3.17,-3.17,371.91,0.8960312167057319,658.41,27.06629,750.88,3.17552224503765,2.27054970568104,0.715016154973943,0.219528466253919,0.207214753166224,16.85,1.1541095890411,212.45,3.09468317552804,0,-16.0641,4.11759799833194,1.37608385686463,0.451685660266874,1.30108445697626,0.601283991047423,33.3877563865537,51.0347891166449,14.7976986383577,0.969,3.95608738968062,3.43920674799665,0.832442903389189,0.505112958942417
1983-12-05,3.01,119.44,0.16,0.16,515.02,0.9840051907095674,658.41,27.06629,750.88,3.17552224503765,2.27054970568104,0.715016154973943,0.219528466253919,0.207214753166224,16.85,1.1541095890411,212.45,3.09468317552804,0,-16.0641,4.11759799833194,1.37608385686463,0.451685660266874,1.30108445697626,0.601283991047423,33.3877563865537,51.0347891166449,14.7976986383577,0.969,3.95608738968062,3.43920674799665,0.832442903389189,0.505112958942417
1983-12-06,5.76,144.62,1.62,1.62,549.08,1.827903682079693,658.41,27.06629,750.88,3.17552224503765,2.27054970568104,0.715016154973943,0.219528466253919,0.207214753166224,16.85,1.1541095890411,212.45,3.09468317552804,0,-16.0641,4.11759799833194,1.37608385686463,0.451685660266874,1.30108445697626,0.601283991047423,33.3877563865537,51.0347891166449,14.7976986383577,0.969,3.95608738968062,3.43920674799665,0.832442903389189,0.505112958942417
1983-12-07,3.41,217.77,-0.76,-0.76,370.09,2.5512452461112294,658.41,27.06629,750.88,3.17552224503765,2.27054970568104,0.715016154973943,0.219528466253919,0.207214753166224,16.85,1.1541095890411,212.45,3.09468317552804,0,-16.0641,4.11759799833194,1.37608385686463,0.451685660266874,1.30108445697626,0.601283991047423,33.3877563865537,51.0347891166449,14.7976986383577,0.969,3.95608738968062,3.43920674799665,0.832442903389189,0.505112958942417
1983-12-08,0.97,230.99,-7.13,-7.13,218.03,1.5737566460686125,658.41,27.06629,750.88,3.17552224503765,2.27054970568104,0.715016154973943,0.219528466253919,0.207214753166224,16.85,1.1541095890411,212.45,3.09468317552804,0,-16.0641,4.11759799833194,1.37608385686463,0.451685660266874,1.30108445697626,0.601283991047423,33.3877563865537,51.0347891166449,14.7976986383577,0.969,3.95608738968062,3.43920674799665,0.832442903389189,0.505112958942417
1983-12-09,2.15,198.17,-5.9,-5.9,273.04,1.417358470061794,658.41,27.06629,750.88,3.17552224503765,2.27054970568104,0.715016154973943,0.219528466253919,0.207214753166224,16.85,1.1541095890411,212.45,3.09468317552804,0,-16.0641,4.11759799833194,1.37608385686463,0.451685660266874,1.30108445697626,0.601283991047423,33.3877563865537,51.0347891166449,14.7976986383577,0.969,3.95608738968062,3.43920674799665,0.832442903389189,0.505112958942417
1983-12-10,0.54,201.99,-2.95,-2.95,358.04,1.2902849520562538,658.41,27.06629,750.88,3.17552224503765,2.27054970568104,0.715016154973943,0.219528466253919,0.207214753166224,16.85,1.1541095890411,212.45,3.09468317552804,0,-16.0641,4.11759799833194,1.37608385686463,0.451685660266874,1.30108445697626,0.601283991047423,33.3877563865537,51.0347891166449,14.7976986383577,0.969,3.95608738968062,3.43920674799665,0.832442903389189,0.505112958942417
1983-12-11,3.27,213.5,-4.4,-4.4,329.3,1.1534365480502875,658.41,27.06629,750.88,3.17552224503765,2.27054970568104,0.715016154973943,0.219528466253919,0.207214753166224,16.85,1.1541095890411,212.45,3.09468317552804,0,-16.0641,4.11759799833194,1.37608385686463,0.451685660266874,1.30108445697626,0.601283991047423,33.3877563865537,51.0347891166449,14.7976986383577,0.969,3.95608738968062,3.43920674799665,0.832442903389189,0.505112958942417
1983-12-12,18.78,146.26,-0.49,-0.49,472.72,2.7565178521201785,658.41,27.06629,750.88,3.17552224503765,2.27054970568104,0.715016154973943,0.219528466253919,0.207214753166224,16.85,1.1541095890411,212.45,3.09468317552804,0,-16.0641,4.11759799833194,1.37608385686463,0.451685660266874,1.30108445697626,0.601283991047423,33.3877563865537,51.0347891166449,14.7976986383577,0.969,3.95608738968062,3.43920674799665,0.832442903389189,0.505112958942417
1983-12-13,22.64,133.11,0.58,0.58,523.62,9.188392840400596,658.41,27.06629,750.88,3.17552224503765,2.27054970568104,0.715016154973943,0.219528466253919,0.207214753166224,16.85,1.1541095890411,212.45,3.09468317552804,0,-16.0641,4.11759799833194,1.37608385686463,0.451685660266874,1.30108445697626,0.601283991047423,33.3877563865537,51.0347891166449,14.7976986383577,0.969,3.95608738968062,3.43920674799665,0.832442903389189,0.505112958942417
1983-12-14,5.66,154.39,-0.13,-0.13,501.18,13.228679053910076,658.41,27.06629,750.88,3.17552224503765,2.27054970568104,0.715016154973943,0.219528466253919,0.207214753166224,16.85,1.1541095890411,212.45,3.09468317552804,0,-16.0641,4.11759799833194,1.37608385686463,0.451685660266874,1.30108445697626,0.601283991047423,33.3877563865537,51.0347891166449,14.7976986383577,0.969,3.95608738968062,3.43920674799665,0.832442903389189,0.505112958942417
1983-12-15,0.46,168.74,1.8,1.8,545.8,6.223344086937993,658.41,27.06629,750.88,3.17552224503765,2.27054970568104,0.715016154973943,0.219528466253919,0.207214753166224,16.85,1.1541095890411,212.45,3.09468317552804,0,-16.0641,4.11759799833194,1.37608385686463,0.451685660266874,1.30108445697626,0.601283991047423,33.3877563865537,51.0347891166449,14.7976986383577,0.969,3.95608738968062,3.43920674799665,0.832442903389189,0.505112958942417
1983-12-16,0.42,174.95,-0.72,-0.72,425.26,4.235783933518006,658.41,27.06629,750.88,3.17552224503765,2.27054970568104,0.715016154973943,0.219528466253919,0.207214753166224,16.85,1.1541095890411,212.45,3.09468317552804,0,-16.0641,4.11759799833194,1.37608385686463,0.451685660266874,1.30108445697626,0.601283991047423,33.3877563865537,51.0347891166449,14.7976986383577,0.969,3.95608738968062,3.43920674799665,0.832442903389189,0.505112958942417
1983-12-17,0.19,177.36,-4.77,-4.77,312.14,3.026956364798636,658.41,27.06629,750.88,3.17552224503765,2.27054970568104,0.715016154973943,0.219528466253919,0.207214753166224,16.85,1.1541095890411,212.45,3.09468317552804,0,-16.0641,4.11759799833194,1.37608385686463,0.451685660266874,1.30108445697626,0.601283991047423,33.3877563865537,51.0347891166449,14.7976986383577,0.969,3.95608738968062,3.43920674799665,0.832442903389189,0.505112958942417
1983-12-18,0.48,149.54,-6.91,-6.91,260.85,2.271031847432346,658.41,27.06629,750.88,3.17552224503765,2.27054970568104,0.715016154973943,0.219528466253919,0.207214753166224,16.85,1.1541095890411,212.45,3.09468317552804,0,-16.0641,4.11759799833194,1.37608385686463,0.451685660266874,1.30108445697626,0.601283991047423,33.3877563865537,51.0347891166449,14.7976986383577,0.969,3.95608738968062,3.43920674799665,0.832442903389189,0.505112958942417
1983-12-19,0.13,250.2,-10.65,-10.65,168.96,1.837678568080119,658.41,27.06629,750.88,3.17552224503765,2.27054970568104,0.715016154973943,0.219528466253919,0.207214753166224,16.85,1.1541095890411,212.45,3.09468317552804,0,-16.0641,4.11759799833194,1.37608385686463,0.451685660266874,1.30108445697626,0.601283991047423,33.3877563865537,51.0347891166449,14.7976986383577,0.969,3.95608738968062,3.43920674799665,0.832442903389189,0.505112958942417
1983-12-20,2.0,221.26,-14.57,-14.57,114.89,1.3033181333901556,658.41,27.06629,750.88,3.17552224503765,2.27054970568104,0.715016154973943,0.219528466253919,0.207214753166224,16.85,1.1541095890411,212.45,3.09468317552804,0,-16.0641,4.11759799833194,1.37608385686463,0.451685660266874,1.30108445697626,0.601283991047423,33.3877563865537,51.0347891166449,14.7976986383577,0.969,3.95608738968062,3.43920674799665,0.832442903389189,0.505112958942417
1983-12-21,6.9,225.48,-15.62,-15.62,114.4,1.140403366716386,658.41,27.06629,750.88,3.17552224503765,2.27054970568104,0.715016154973943,0.219528466253919,0.207214753166224,16.85,1.1541095890411,212.45,3.09468317552804,0,-16.0641,4.11759799833194,1.37608385686463,0.451685660266874,1.30108445697626,0.601283991047423,33.3877563865537,51.0347891166449,14.7976986383577,0.969,3.95608738968062,3.43920674799665,0.832442903389189,0.505112958942417
1983-12-22,5.39,226.53,-6.85,-6.85,209.62,1.0100715533773705,658.41,27.06629,750.88,3.17552224503765,2.27054970568104,0.715016154973943,0.219528466253919,0.207214753166224,16.85,1.1541095890411,212.45,3.09468317552804,0,-16.0641,4.11759799833194,1.37608385686463,0.451685660266874,1.30108445697626,0.601283991047423,33.3877563865537,51.0347891166449,14.7976986383577,0.969,3.95608738968062,3.43920674799665,0.832442903389189,0.505112958942417
1983-12-23,1.4,229.07,-7.28,-7.28,174.61,0.9123226933731089,658.41,27.06629,750.88,3.17552224503765,2.27054970568104,0.715016154973943,0.219528466253919,0.207214753166224,16.85,1.1541095890411,212.45,3.09468317552804,0,-16.0641,4.11759799833194,1.37608385686463,0.451685660266874,1.30108445697626,0.601283991047423,33.3877563865537,51.0347891166449,14.7976986383577,0.969,3.95608738968062,3.43920674799665,0.832442903389189,0.505112958942417
1983-12-24,2.22,219.52,-13.53,-13.53,112.8,0.8471567867036011,658.41,27.06629,750.88,3.17552224503765,2.27054970568104,0.715016154973943,0.219528466253919,0.207214753166224,16.85,1.1541095890411,212.45,3.09468317552804,0,-16.0641,4.11759799833194,1.37608385686463,0.451685660266874,1.30108445697626,0.601283991047423,33.3877563865537,51.0347891166449,14.7976986383577,0.969,3.95608738968062,3.43920674799665,0.832442903389189,0.505112958942417
1983-12-25,0.89,184.7,-18.68,-18.68,83.72,0.7819908800340932,658.41,27.06629,750.88,3.17552224503765,2.27054970568104,0.715016154973943,0.219528466253919,0.207214753166224,16.85,1.1541095890411,212.45,3.09468317552804,0,-16.0641,4.11759799833194,1.37608385686463,0.451685660266874,1.30108445697626,0.601283991047423,33.3877563865537,51.0347891166449,14.7976986383577,0.969,3.95608738968062,3.43920674799665,0.832442903389189,0.505112958942417
1983-12-26,0.11,261.05,-19.91,-19.91,75.91,0.7168249733645855,658.41,27.06629,750.88,3.17552224503765,2.27054970568104,0.715016154973943,0.219528466253919,0.207214753166224,16.85,1.1541095890411,212.45,3.09468317552804,0,-16.0641,4.11759799833194,1.37608385686463,0.451685660266874,1.30108445697626,0.601283991047423,33.3877563865537,51.0347891166449,14.7976986383577,0.969,3.95608738968062,3.43920674799665,0.832442903389189,0.505112958942417
1983-12-27,1.64,241.98,-15.65,-15.65,111.4,0.6516590666950778,658.41,27.06629,750.88,3.17552224503765,2.27054970568104,0.715016154973943,0.219528466253919,0.207214753166224,16.85,1.1541095890411,212.45,3.09468317552804,0,-16.0641,4.11759799833194,1.37608385686463,0.451685660266874,1.30108445697626,0.601283991047423,33.3877563865537,51.0347891166449,14.7976986383577,0.969,3.95608738968062,3.43920674799665,0.832442903389189,0.505112958942417
1983-12-28,3.83,231.58,-9.14,-9.14,178.59,0.6190761133603239,658.41,27.06629,750.88,3.17552224503765,2.27054970568104,0.715016154973943,0.219528466253919,0.207214753166224,16.85,1.1541095890411,212.45,3.09468317552804,0,-16.0641,4.11759799833194,1.37608385686463,0.451685660266874,1.30108445697626,0.601283991047423,33.3877563865537,51.0347891166449,14.7976986383577,0.969,3.95608738968062,3.43920674799665,0.832442903389189,0.505112958942417
1983-12-29,0.98,249.39,-6.74,-6.74,195.57,0.58649316002557,658.41,27.06629,750.88,3.17552224503765,2.27054970568104,0.715016154973943,0.219528466253919,0.207214753166224,16.85,1.1541095890411,212.45,3.09468317552804,0,-16.0641,4.11759799833194,1.37608385686463,0.451685660266874,1.30108445697626,0.601283991047423,33.3877563865537,51.0347891166449,14.7976986383577,0.969,3.95608738968062,3.43920674799665,0.832442903389189,0.505112958942417
1983-12-30,0.02,284.95,-14.08,-14.08,113.34,0.553910206690816,658.41,27.06629,750.88,3.17552224503765,2.27054970568104,0.715016154973943,0.219528466253919,0.207214753166224,16.85,1.1541095890411,212.45,3.09468317552804,0,-16.0641,4.11759799833194,1.37608385686463,0.451685660266874,1.30108445697626,0.601283991047423,33.3877563865537,51.0347891166449,14.7976986383577,0.969,3.95608738968062,3.43920674799665,0.832442903389189,0.505112958942417
1983-12-31,0.09,273.35,-13.35,-13.35,126.26,0.5213272533560622,658.41,27.06629,750.88,3.17552224503765,2.27054970568104,0.715016154973943,0.219528466253919,0.207214753166224,16.85,1.1541095890411,212.45,3.09468317552804,0,-16.0641,4.11759799833194,1.37608385686463,0.451685660266874,1.30108445697626,0.601283991047423,33.3877563865537,51.0347891166449,14.7976986383577,0.969,3.95608738968062,3.43920674799665,0.832442903389189,0.505112958942417
1984-01-01,0.11,256.29,-8.29,-8.29,211.55,0.4887443000213083,658.41,27.06629,750.88,3.17552224503765,2.27054970568104,0.715016154973943,0.219528466253919,0.207214753166224,16.85,1.1541095890411,212.45,3.09468317552804,0,-16.0641,4.11759799833194,1.37608385686463,0.451685660266874,1.30108445697626,0.601283991047423,33.3877563865537,51.0347891166449,14.7976986383577,0.969,3.95608738968062,3.43920674799665,0.832442903389189,0.505112958942417
1984-01-02,0.12,200.41,-4.86,-4.86,305.31,0.45616134668655445,658.41,27.06629,750.88,3.17552224503765,2.27054970568104,0.715016154973943,0.219528466253919,0.207214753166224,16.85,1.1541095890411,212.45,3.09468317552804,0,-16.0641,4.11759799833194,1.37608385686463,0.451685660266874,1.30108445697626,0.601283991047423,33.3877563865537,51.0347891166449,14.7976986383577,0.969,3.95608738968062,3.43920674799665,0.832442903389189,0.505112958942417
1984-01-03,0.02,175.66,-3.76,-3.76,362.49,0.42357839335180053,658.41,27.06629,750.88,3.17552224503765,2.27054970568104,0.715016154973943,0.219528466253919,0.207214753166224,16.85,1.1541095890411,212.45,3.09468317552804,0,-16.0641,4.11759799833194,1.37608385686463,0.451685660266874,1.30108445697626,0.601283991047423,33.3877563865537,51.0347891166449,14.7976986383577,0.969,3.95608738968062,3.43920674799665,0.832442903389189,0.505112958942417
1984-01-04,0.06,152.37,-2.25,-2.25,423.42,0.3909954400170466,658.41,27.06629,750.88,3.17552224503765,2.27054970568104,0.715016154973943,0.219528466253919,0.207214753166224,16.85,1.1541095890411,212.45,3.09468317552804,0,-16.0641,4.11759799833194,1.37608385686463,0.451685660266874,1.30108445697626,0.601283991047423,33.3877563865537,51.0347891166449,14.7976986383577,0.969,3.95608738968062,3.43920674799665,0.832442903389189,0.505112958942417
1984-01-05,0.41,123.91,-0.81,-0.81,481.6,0.35841248668229275,658.41,27.06629,750.88,3.17552224503765,2.27054970568104,0.715016154973943,0.219528466253919,0.207214753166224,16.85,1.1541095890411,212.45,3.09468317552804,0,-16.0641,4.11759799833194,1.37608385686463,0.451685660266874,1.30108445697626,0.601283991047423,33.3877563865537,51.0347891166449,14.7976986383577,0.969,3.95608738968062,3.43920674799665,0.832442903389189,0.505112958942417
1984-01-06,0.72,112.17,-0.75,-0.75,462.61,0.35841248668229275,658.41,27.06629,750.88,3.17552224503765,2.27054970568104,0.715016154973943,0.219528466253919,0.207214753166224,16.85,1.1541095890411,212.45,3.09468317552804,0,-16.0641,4.11759799833194,1.37608385686463,0.451685660266874,1.30108445697626,0.601283991047423,33.3877563865537,51.0347891166449,14.7976986383577,0.969,3.95608738968062,3.43920674799665,0.832442903389189,0.505112958942417
1984-01-07,0.53,230.23,-6.42,-6.42,238.1,0.3258295333475389,658.41,27.06629,750.88,3.17552224503765,2.27054970568104,0.715016154973943,0.219528466253919,0.207214753166224,16.85,1.1541095890411,212.45,3.09468317552804,0,-16.0641,4.11759799833194,1.37608385686463,0.451685660266874,1.30108445697626,0.601283991047423,33.3877563865537,51.0347891166449,14.7976986383577,0.969,3.95608738968062,3.43920674799665,0.832442903389189,0.505112958942417
1984-01-08,2.95,240.49,-10.99,-10.99,146.64,0.3193129426805881,658.41,27.06629,750.88,3.17552224503765,2.27054970568104,0.715016154973943,0.219528466253919,0.207214753166224,16.85,1.1541095890411,212.45,3.09468317552804,0,-16.0641,4.11759799833194,1.37608385686463,0.451685660266874,1.30108445697626,0.601283991047423,33.3877563865537,51.0347891166449,14.7976986383577,0.969,3.95608738968062,3.43920674799665,0.832442903389189,0.505112958942417
1984-01-09,9.3,204.08,-8.67,-8.67,210.15,0.3193129426805881,658.41,27.06629,750.88,3.17552224503765,2.27054970568104,0.715016154973943,0.219528466253919,0.207214753166224,16.85,1.1541095890411,212.45,3.09468317552804,0,-16.0641,4.11759799833194,1.37608385686463,0.451685660266874,1.30108445697626,0.601283991047423,33.3877563865537,51.0347891166449,14.7976986383577,0.969,3.95608738968062,3.43920674799665,0.832442903389189,0.505112958942417
1984-01-10,4.56,167.91,-6.85,-6.85,250.29,0.3127963520136373,658.41,27.06629,750.88,3.17552224503765,2.27054970568104,0.715016154973943,0.219528466253919,0.207214753166224,16.85,1.1541095890411,212.45,3.09468317552804,0,-16.0641,4.11759799833194,1.37608385686463,0.451685660266874,1.30108445697626,0.601283991047423,33.3877563865537,51.0347891166449,14.7976986383577,0.969,3.95608738968062,3.43920674799665,0.832442903389189,0.505112958942417
1984-01-11,0.77,267.33,-13.93,-13.93,111.96,0.30627976134668655,658.41,27.06629,750.88,3.17552224503765,2.27054970568104,0.715016154973943,0.219528466253919,0.207214753166224,16.85,1.1541095890411,212.45,3.09468317552804,0,-16.0641,4.11759799833194,1.37608385686463,0.451685660266874,1.30108445697626,0.601283991047423,33.3877563865537,51.0347891166449,14.7976986383577,0.969,3.95608738968062,3.43920674799665,0.832442903389189,0.505112958942417
1984-01-12,0.05,305.6,-18.71,-18.71,65.5,0.30627976134668655,658.41,27.06629,750.88,3.17552224503765,2.27054970568104,0.715016154973943,0.219528466253919,0.207214753166224,16.85,1.1541095890411,212.45,3.09468317552804,0,-16.0641,4.11759799833194,1.37608385686463,0.451685660266874,1.30108445697626,0.601283991047423,33.3877563865537,51.0347891166449,14.7976986383577,0.969,3.95608738968062,3.43920674799665,0.832442903389189,0.505112958942417
1984-01-13,0.83,251.34,-14.1,-14.1,119.36,0.29976317067973574,658.41,27.06629,750.88,3.17552224503765,2.27054970568104,0.715016154973943,0.219528466253919,0.207214753166224,16.85,1.1541095890411,212.45,3.09468317552804,0,-16.0641,4.11759799833194,1.37608385686463,0.451685660266874,1.30108445697626,0.601283991047423,33.3877563865537,51.0347891166449,14.7976986383577,0.969,3.95608738968062,3.43920674799665,0.832442903389189,0.505112958942417
1984-01-14,0.63,182.04,-6.59,-6.59,241.54,0.293246580012785,658.41,27.06629,750.88,3.17552224503765,2.27054970568104,0.715016154973943,0.219528466253919,0.207214753166224,16.85,1.1541095890411,212.45,3.09468317552804,0,-16.0641,4.11759799833194,1.37608385686463,0.451685660266874,1.30108445697626,0.601283991047423,33.3877563865537,51.0347891166449,14.7976986383577,0.969,3.95608738968062,3.43920674799665,0.832442903389189,0.505112958942417
1984-01-15,0.27,270.01,-11.69,-11.69,134.63,0.2867299893458342,658.41,27.06629,750.88,3.17552224503765,2.27054970568104,0.715016154973943,0.219528466253919,0.207214753166224,16.85,1.1541095890411,212.45,3.09468317552804,0,-16.0641,4.11759799833194,1.37608385686463,0.451685660266874,1.30108445697626,0.601283991047423,33.3877563865537,51.0347891166449,14.7976986383577,0.969,3.95608738968062,3.43920674799665,0.832442903389189,0.505112958942417
1984-01-16,0.49,261.42,-16.98,-16.98,71.9,0.2867299893458342,658.41,27.06629,750.88,3.17552224503765,2.27054970568104,0.715016154973943,0.219528466253919,0.207214753166224,16.85,1.1541095890411,212.45,3.09468317552804,0,-16.0641,4.11759799833194,1.37608385686463,0.451685660266874,1.30108445697626,0.601283991047423,33.3877563865537,51.0347891166449,14.7976986383577,0.969,3.95608738968062,3.43920674799665,0.832442903389189,0.505112958942417
1984-01-17,0.45,267.58,-11.9,-11.9,134.85,0.2802133986788834,658.41,27.06629,750.88,3.17552224503765,2.27054970568104,0.715016154973943,0.219528466253919,0.207214753166224,16.85,1.1541095890411,212.45,3.09468317552804,0,-16.0641,4.11759799833194,1.37608385686463,0.451685660266874,1.30108445697626,0.601283991047423,33.3877563865537,51.0347891166449,14.7976986383577,0.969,3.95608738968062,3.43920674799665,0.832442903389189,0.505112958942417
1984-01-18,1.68,189.08,-8.62,-8.62,200.36,0.27369680801193264,658.41,27.06629,750.88,3.17552224503765,2.27054970568104,0.715016154973943,0.219528466253919,0.207214753166224,16.85,1.1541095890411,212.45,3.09468317552804,0,-16.0641,4.11759799833194,1.37608385686463,0.451685660266874,1.30108445697626,0.601283991047423,33.3877563865537,51.0347891166449,14.7976986383577,0.969,3.95608738968062,3.43920674799665,0.832442903389189,0.505112958942417
1984-01-19,0.58,270.67,-12.68,-12.68,124.72,0.2671802173449819,658.41,27.06629,750.88,3.17552224503765,2.27054970568104,0.715016154973943,0.219528466253919,0.207214753166224,16.85,1.1541095890411,212.45,3.09468317552804,0,-16.0641,4.11759799833194,1.37608385686463,0.451685660266874,1.30108445697626,0.601283991047423,33.3877563865537,51.0347891166449,14.7976986383577,0.969,3.95608738968062,3.43920674799665,0.832442903389189,0.505112958942417
1984-01-20,0.04,322.25,-18.41,-18.41,66.16,0.2671802173449819,658.41,27.06629,750.88,3.17552224503765,2.27054970568104,0.715016154973943,0.219528466253919,0.207214753166224,16.85,1.1541095890411,212.45,3.09468317552804,0,-16.0641,4.11759799833194,1.37608385686463,0.451685660266874,1.30108445697626,0.601283991047423,33.3877563865537,51.0347891166449,14.7976986383577,0.969,3.95608738968062,3.43920674799665,0.832442903389189,0.505112958942417
1984-01-21,0.0,338.5,-23.5,-23.5,38.73,0.2606636266780311,658.41,27.06629,750.88,3.17552224503765,2.27054970568104,0.715016154973943,0.219528466253919,0.207214753166224,16.85,1.1541095890411,212.45,3.09468317552804,0,-16.0641,4.11759799833194,1.37608385686463,0.451685660266874,1.30108445697626,0.601283991047423,33.3877563865537,51.0347891166449,14.7976986383577,0.969,3.95608738968062,3.43920674799665,0.832442903389189,0.505112958942417
1984-01-22,0.16,291.96,-19.4,-19.4,55.95,0.2606636266780311,658.41,27.06629,750.88,3.17552224503765,2.27054970568104,0.715016154973943,0.219528466253919,0.207214753166224,16.85,1.1541095890411,212.45,3.09468317552804,0,-16.0641,4.11759799833194,1.37608385686463,0.451685660266874,1.30108445697626,0.601283991047423,33.3877563865537,51.0347891166449,14.7976986383577,0.969,3.95608738968062,3.43920674799665,0.832442903389189,0.505112958942417
1984-01-23,4.1,271.92,-12.58,-12.58,116.07,0.2606636266780311,658.41,27.06629,750.88,3.17552224503765,2.27054970568104,0.715016154973943,0.219528466253919,0.207214753166224,16.85,1.1541095890411,212.45,3.09468317552804,0,-16.0641,4.11759799833194,1.37608385686463,0.451685660266874,1.30108445697626,0.601283991047423,33.3877563865537,51.0347891166449,14.7976986383577,0.969,3.95608738968062,3.43920674799665,0.832442903389189,0.505112958942417
1984-01-24,2.17,255.97,-3.9,-3.9,287.26,0.293246580012785,658.41,27.06629,750.88,3.17552224503765,2.27054970568104,0.715016154973943,0.219528466253919,0.207214753166224,16.85,1.1541095890411,212.45,3.09468317552804,0,-16.0641,4.11759799833194,1.37608385686463,0.451685660266874,1.30108445697626,0.601283991047423,33.3877563865537,51.0347891166449,14.7976986383577,0.969,3.95608738968062,3.43920674799665,0.832442903389189,0.505112958942417
1984-01-25,0.34,191.78,0.45,0.45,459.85,0.3909954400170466,658.41,27.06629,750.88,3.17552224503765,2.27054970568104,0.715016154973943,0.219528466253919,0.207214753166224,16.85,1.1541095890411,212.45,3.09468317552804,0,-16.0641,4.11759799833194,1.37608385686463,0.451685660266874,1.30108445697626,0.601283991047423,33.3877563865537,51.0347891166449,14.7976986383577,0.969,3.95608738968062,3.43920674799665,0.832442903389189,0.505112958942417
1984-01-26,0.01,244.08,-0.96,-0.96,422.06,0.35841248668229275,658.41,27.06629,750.88,3.17552224503765,2.27054970568104,0.715016154973943,0.219528466253919,0.207214753166224,16.85,1.1541095890411,212.45,3.09468317552804,0,-16.0641,4.11759799833194,1.37608385686463,0.451685660266874,1.30108445697626,0.601283991047423,33.3877563865537,51.0347891166449,14.7976986383577,0.969,3.95608738968062,3.43920674799665,0.832442903389189,0.505112958942417
1984-01-27,0.09,248.53,-1.08,-1.08,374.96,0.3258295333475389,658.41,27.06629,750.88,3.17552224503765,2.27054970568104,0.715016154973943,0.219528466253919,0.207214753166224,16.85,1.1541095890411,212.45,3.09468317552804,0,-16.0641,4.11759799833194,1.37608385686463,0.451685660266874,1.30108445697626,0.601283991047423,33.3877563865537,51.0347891166449,14.7976986383577,0.969,3.95608738968062,3.43920674799665,0.832442903389189,0.505112958942417
1984-01-28,0.44,270.09,-7.11,-7.11,211.2,0.30627976134668655,658.41,27.06629,750.88,3.17552224503765,2.27054970568104,0.715016154973943,0.219528466253919,0.207214753166224,16.85,1.1541095890411,212.45,3.09468317552804,0,-16.0641,4.11759799833194,1.37608385686463,0.451685660266874,1.30108445697626,0.601283991047423,33.3877563865537,51.0347891166449,14.7976986383577,0.969,3.95608738968062,3.43920674799665,0.832442903389189,0.505112958942417
1984-01-29,0.92,273.49,-6.58,-6.58,238.39,0.2802133986788834,658.41,27.06629,750.88,3.17552224503765,2.27054970568104,0.715016154973943,0.219528466253919,0.207214753166224,16.85,1.1541095890411,212.45,3.09468317552804,0,-16.0641,4.11759799833194,1.37608385686463,0.451685660266874,1.30108445697626,0.601283991047423,33.3877563865537,51.0347891166449,14.7976986383577,0.969,3.95608738968062,3.43920674799665,0.832442903389189,0.505112958942417
1984-01-30,3.62,169.63,-3.51,-3.51,331.89,0.2671802173449819,658.41,27.06629,750.88,3.17552224503765,2.27054970568104,0.715016154973943,0.219528466253919,0.207214753166224,16.85,1.1541095890411,212.45,3.09468317552804,0,-16.0641,4.11759799833194,1.37608385686463,0.451685660266874,1.30108445697626,0.601283991047423,33.3877563865537,51.0347891166449,14.7976986383577,0.969,3.95608738968062,3.43920674799665,0.832442903389189,0.505112958942417
1984-01-31,0.99,254.56,-7.1,-7.1,219.1,0.2606636266780311,658.41,27.06629,750.88,3.17552224503765,2.27054970568104,0.715016154973943,0.219528466253919,0.207214753166224,16.85,1.1541095890411,212.45,3.09468317552804,0,-16.0641,4.11759799833194,1.37608385686463,0.451685660266874,1.30108445697626,0.601283991047423,33.3877563865537,51.0347891166449,14.7976986383577,0.969,3.95608738968062,3.43920674799665,0.832442903389189,0.505112958942417
1984-02-01,0.02,370.68,-14.82,-14.82,97.27,0.25414703601108035,658.41,27.06629,750.88,3.17552224503765,2.27054970568104,0.715016154973943,0.219528466253919,0.207214753166224,16.85,1.1541095890411,212.45,3.09468317552804,0,-16.0641,4.11759799833194,1.37608385686463,0.451685660266874,1.30108445697626,0.601283991047423,33.3877563865537,51.0347891166449,14.7976986383577,0.969,3.95608738968062,3.43920674799665,0.832442903389189,0.505112958942417
1984-02-02,1.1,291.05,-8.47,-8.47,175.4,0.3258295333475389,658.41,27.06629,750.88,3.17552224503765,2.27054970568104,0.715016154973943,0.219528466253919,0.207214753166224,16.85,1.1541095890411,212.45,3.09468317552804,0,-16.0641,4.11759799833194,1.37608385686463,0.451685660266874,1.30108445697626,0.601283991047423,33.3877563865537,51.0347891166449,14.7976986383577,0.969,3.95608738968062,3.43920674799665,0.832442903389189,0.505112958942417
1984-02-03,3.32,264.5,-0.86,-0.86,362.19,0.3127963520136373,658.41,27.06629,750.88,3.17552224503765,2.27054970568104,0.715016154973943,0.219528466253919,0.207214753166224,16.85,1.1541095890411,212.45,3.09468317552804,0,-16.0641,4.11759799833194,1.37608385686463,0.451685660266874,1.30108445697626,0.601283991047423,33.3877563865537,51.0347891166449,14.7976986383577,0.969,3.95608738968062,3.43920674799665,0.832442903389189,0.505112958942417
1984-02-04,0.97,214.58,0.82,0.82,447.63,0.293246580012785,658.41,27.06629,750.88,3.17552224503765,2.27054970568104,0.715016154973943,0.219528466253919,0.207214753166224,16.85,1.1541095890411,212.45,3.09468317552804,0,-16.0641,4.11759799833194,1.37608385686463,0.451685660266874,1.30108445697626,0.601283991047423,33.3877563865537,51.0347891166449,14.7976986383577,0.969,3.95608738968062,3.43920674799665,0.832442903389189,0.505112958942417
1984-02-05,0.3,251.51,-1.59,-1.59,359.49,0.2867299893458342,658.41,27.06629,750.88,3.17552224503765,2.27054970568104,0.715016154973943,0.219528466253919,0.207214753166224,16.85,1.1541095890411,212.45,3.09468317552804,0,-16.0641,4.11759799833194,1.37608385686463,0.451685660266874,1.30108445697626,0.601283991047423,33.3877563865537,51.0347891166449,14.7976986383577,0.969,3.95608738968062,3.43920674799665,0.832442903389189,0.505112958942417
1984-02-06,0.12,274.95,-4.15,-4.15,279.53,0.2867299893458342,658.41,27.06629,750.88,3.17552224503765,2.27054970568104,0.715016154973943,0.219528466253919,0.207214753166224,16.85,1.1541095890411,212.45,3.09468317552804,0,-16.0641,4.11759799833194,1.37608385686463,0.451685660266874,1.30108445697626,0.601283991047423,33.3877563865537,51.0347891166449,14.7976986383577,0.969,3.95608738968062,3.43920674799665,0.832442903389189,0.505112958942417
1984-02-07,0.03,252.17,-9.26,-9.26,195.2,0.2802133986788834,658.41,27.06629,750.88,3.17552224503765,2.27054970568104,0.715016154973943,0.219528466253919,0.207214753166224,16.85,1.1541095890411,212.45,3.09468317552804,0,-16.0641,4.11759799833194,1.37608385686463,0.451685660266874,1.30108445697626,0.601283991047423,33.3877563865537,51.0347891166449,14.7976986383577,0.969,3.95608738968062,3.43920674799665,0.832442903389189,0.505112958942417
1984-02-08,0.0,340.04,-10.33,-10.33,178.52,0.2802133986788834,658.41,27.06629,750.88,3.17552224503765,2.27054970568104,0.715016154973943,0.219528466253919,0.207214753166224,16.85,1.1541095890411,212.45,3.09468317552804,0,-16.0641,4.11759799833194,1.37608385686463,0.451685660266874,1.30108445697626,0.601283991047423,33.3877563865537,51.0347891166449,14.7976986383577,0.969,3.95608738968062,3.43920674799665,0.832442903389189,0.505112958942417
1984-02-09,0.13,331.58,-5.97,-5.97,235.75,0.2802133986788834,658.41,27.06629,750.88,3.17552224503765,2.27054970568104,0.715016154973943,0.219528466253919,0.207214753166224,16.85,1.1541095890411,212.45,3.09468317552804,0,-16.0641,4.11759799833194,1.37608385686463,0.451685660266874,1.30108445697626,0.601283991047423,33.3877563865537,51.0347891166449,14.7976986383577,0.969,3.95608738968062,3.43920674799665,0.832442903389189,0.505112958942417
1984-02-10,0.54,304.8,-3.22,-3.22,287.48,0.29976317067973574,658.41,27.06629,750.88,3.17552224503765,2.27054970568104,0.715016154973943,0.219528466253919,0.207214753166224,16.85,1.1541095890411,212.45,3.09468317552804,0,-16.0641,4.11759799833194,1.37608385686463,0.451685660266874,1.30108445697626,0.601283991047423,33.3877563865537,51.0347891166449,14.7976986383577,0.969,3.95608738968062,3.43920674799665,0.832442903389189,0.505112958942417
1984-02-11,0.13,353.1,3.75,3.75,493.13,0.35841248668229275,658.41,27.06629,750.88,3.17552224503765,2.27054970568104,0.715016154973943,0.219528466253919,0.207214753166224,16.85,1.1541095890411,212.45,3.09468317552804,0,-16.0641,4.11759799833194,1.37608385686463,0.451685660266874,1.30108445697626,0.601283991047423,33.3877563865537,51.0347891166449,14.7976986383577,0.969,3.95608738968062,3.43920674799665,0.832442903389189,0.505112958942417
1984-02-12,0.42,339.71,3.21,3.21,498.15,0.5213272533560622,658.41,27.06629,750.88,3.17552224503765,2.27054970568104,0.715016154973943,0.219528466253919,0.207214753166224,16.85,1.1541095890411,212.45,3.09468317552804,0,-16.0641,4.11759799833194,1.37608385686463,0.451685660266874,1.30108445697626,0.601283991047423,33.3877563865537,51.0347891166449,14.7976986383577,0.969,3.95608738968062,3.43920674799665,0.832442903389189,0.505112958942417
1984-02-13,9.95,249.97,5.82,5.82,661.67,4.887443000213083,658.41,27.06629,750.88,3.17552224503765,2.27054970568104,0.715016154973943,0.219528466253919,0.207214753166224,16.85,1.1541095890411,212.45,3.09468317552804,0,-16.0641,4.11759799833194,1.37608385686463,0.451685660266874,1.30108445697626,0.601283991047423,33.3877563865537,51.0347891166449,14.7976986383577,0.969,3.95608738968062,3.43920674799665,0.832442903389189,0.505112958942417
1984-02-14,14.95,174.3,7.33,7.33,773.92,19.973350394204132,658.41,27.06629,750.88,3.17552224503765,2.27054970568104,0.715016154973943,0.219528466253919,0.207214753166224,16.85,1.1541095890411,212.45,3.09468317552804,0,-16.0641,4.11759799833194,1.37608385686463,0.451685660266874,1.30108445697626,0.601283991047423,33.3877563865537,51.0347891166449,14.7976986383577,0.969,3.95608738968062,3.43920674799665,0.832442903389189,0.505112958942417
1984-02-15,3.43,253.14,3.69,3.69,603.3,18.4419515874707,658.41,27.06629,750.88,3.17552224503765,2.27054970568104,0.715016154973943,0.219528466253919,0.207214753166224,16.85,1.1541095890411,212.45,3.09468317552804,0,-16.0641,4.11759799833194,1.37608385686463,0.451685660266874,1.30108445697626,0.601283991047423,33.3877563865537,51.0347891166449,14.7976986383577,0.969,3.95608738968062,3.43920674799665,0.832442903389189,0.505112958942417
1984-02-16,0.61,308.99,3.52,3.52,514.83,7.103083826976347,658.41,27.06629,750.88,3.17552224503765,2.27054970568104,0.715016154973943,0.219528466253919,0.207214753166224,16.85,1.1541095890411,212.45,3.09468317552804,0,-16.0641,4.11759799833194,1.37608385686463,0.451685660266874,1.30108445697626,0.601283991047423,33.3877563865537,51.0347891166449,14.7976986383577,0.969,3.95608738968062,3.43920674799665,0.832442903389189,0.505112958942417
1984-02-17,2.02,294.41,5.52,5.52,588.58,4.887443000213083,658.41,27.06629,750.88,3.17552224503765,2.27054970568104,0.715016154973943,0.219528466253919,0.207214753166224,16.85,1.1541095890411,212.45,3.09468317552804,0,-16.0641,4.11759799833194,1.37608385686463,0.451685660266874,1.30108445697626,0.601283991047423,33.3877563865537,51.0347891166449,14.7976986383577,0.969,3.95608738968062,3.43920674799665,0.832442903389189,0.505112958942417
1984-02-18,4.0,235.5,6.11,6.11,668.84,4.659362326869806,658.41,27.06629,750.88,3.17552224503765,2.27054970568104,0.715016154973943,0.219528466253919,0.207214753166224,16.85,1.1541095890411,212.45,3.09468317552804,0,-16.0641,4.11759799833194,1.37608385686463,0.451685660266874,1.30108445697626,0.601283991047423,33.3877563865537,51.0347891166449,14.7976986383577,0.969,3.95608738968062,3.43920674799665,0.832442903389189,0.505112958942417
1984-02-19,3.74,235.39,4.49,4.49,611.89,3.844788493500958,658.41,27.06629,750.88,3.17552224503765,2.27054970568104,0.715016154973943,0.219528466253919,0.207214753166224,16.85,1.1541095890411,212.45,3.09468317552804,0,-16.0641,4.11759799833194,1.37608385686463,0.451685660266874,1.30108445697626,0.601283991047423,33.3877563865537,51.0347891166449,14.7976986383577,0.969,3.95608738968062,3.43920674799665,0.832442903389189,0.505112958942417
1984-02-20,1.68,278.44,2.81,2.81,505.84,4.854860046878329,658.41,27.06629,750.88,3.17552224503765,2.27054970568104,0.715016154973943,0.219528466253919,0.207214753166224,16.85,1.1541095890411,212.45,3.09468317552804,0,-16.0641,4.11759799833194,1.37608385686463,0.451685660266874,1.30108445697626,0.601283991047423,33.3877563865537,51.0347891166449,14.7976986383577,0.969,3.95608738968062,3.43920674799665,0.832442903389189,0.505112958942417
1984-02-21,1.13,165.83,-1.28,-1.28,399.53,3.3234612401448964,658.41,27.06629,750.88,3.17552224503765,2.27054970568104,0.715016154973943,0.219528466253919,0.207214753166224,16.85,1.1541095890411,212.45,3.09468317552804,0,-16.0641,4.11759799833194,1.37608385686463,0.451685660266874,1.30108445697626,0.601283991047423,33.3877563865537,51.0347891166449,14.7976986383577,0.969,3.95608738968062,3.43920674799665,0.832442903389189,0.505112958942417
1984-02-22,0.23,426.84,-1.9,-1.9,320.02,2.7565178521201785,658.41,27.06629,750.88,3.17552224503765,2.27054970568104,0.715016154973943,0.219528466253919,0.207214753166224,16.85,1.1541095890411,212.45,3.09468317552804,0,-16.0641,4.11759799833194,1.37608385686463,0.451685660266874,1.30108445697626,0.601283991047423,33.3877563865537,51.0347891166449,14.7976986383577,0.969,3.95608738968062,3.43920674799665,0.832442903389189,0.505112958942417
1984-02-23,0.0,424.44,3.2,3.2,421.25,2.4469797954400168,658.41,27.06629,750.88,3.17552224503765,2.27054970568104,0.715016154973943,0.219528466253919,0.207214753166224,16.85,1.1541095890411,212.45,3.09468317552804,0,-16.0641,4.11759799833194,1.37608385686463,0.451685660266874,1.30108445697626,0.601283991047423,33.3877563865537,51.0347891166449,14.7976986383577,0.969,3.95608738968062,3.43920674799665,0.832442903389189,0.505112958942417
1984-02-24,0.74,331.14,5.58,5.58,479.65,2.114633671425527,658.41,27.06629,750.88,3.17552224503765,2.27054970568104,0.715016154973943,0.219528466253919,0.207214753166224,16.85,1.1541095890411,212.45,3.09468317552804,0,-16.0641,4.11759799833194,1.37608385686463,0.451685660266874,1.30108445697626,0.601283991047423,33.3877563865537,51.0347891166449,14.7976986383577,0.969,3.95608738968062,3.43920674799665,0.832442903389189,0.505112958942417
1984-02-25,1.67,328.2,2.94,2.94,393.06,1.8702615214148732,658.41,27.06629,750.88,3.17552224503765,2.27054970568104,0.715016154973943,0.219528466253919,0.207214753166224,16.85,1.1541095890411,212.45,3.09468317552804,0,-16.0641,4.11759799833194,1.37608385686463,0.451685660266874,1.30108445697626,0.601283991047423,33.3877563865537,51.0347891166449,14.7976986383577,0.969,3.95608738968062,3.43920674799665,0.832442903389189,0.505112958942417
1984-02-26,1.95,259.06,-4.29,-4.29,277.44,1.5900481227359897,658.41,27.06629,750.88,3.17552224503765,2.27054970568104,0.715016154973943,0.219528466253919,0.207214753166224,16.85,1.1541095890411,212.45,3.09468317552804,0,-16.0641,4.11759799833194,1.37608385686463,0.451685660266874,1.30108445697626,0.601283991047423,33.3877563865537,51.0347891166449,14.7976986383577,0.969,3.95608738968062,3.43920674799665,0.832442903389189,0.505112958942417
1984-02-27,12.21,236.68,-5.97,-5.97,274.97,1.4075835840613677,658.41,27.06629,750.88,3.17552224503765,2.27054970568104,0.715016154973943,0.219528466253919,0.207214753166224,16.85,1.1541095890411,212.45,3.09468317552804,0,-16.0641,4.11759799833194,1.37608385686463,0.451685660266874,1.30108445697626,0.601283991047423,33.3877563865537,51.0347891166449,14.7976986383577,0.969,3.95608738968062,3.43920674799665,0.832442903389189,0.505112958942417
1984-02-28,12.66,194.88,-5.66,-5.66,281.17,1.3359010867249093,658.41,27.06629,750.88,3.17552224503765,2.27054970568104,0.715016154973943,0.219528466253919,0.207214753166224,16.85,1.1541095890411,212.45,3.09468317552804,0,-16.0641,4.11759799833194,1.37608385686463,0.451685660266874,1.30108445697626,0.601283991047423,33.3877563865537,51.0347891166449,14.7976986383577,0.969,3.95608738968062,3.43920674799665,0.832442903389189,0.505112958942417
1984-02-29,6.78,239.41,-7.65,-7.65,235.99,1.3033181333901556,658.41,27.06629,750.88,3.17552224503765,2.27054970568104,0.715016154973943,0.219528466253919,0.207214753166224,16.85,1.1541095890411,212.45,3.09468317552804,0,-16.0641,4.11759799833194,1.37608385686463,0.451685660266874,1.30108445697626,0.601283991047423,33.3877563865537,51.0347891166449,14.7976986383577,0.969,3.95608738968062,3.43920674799665,0.832442903389189,0.505112958942417
1984-03-01,0.9,283.72,-9.64,-9.64,190.79,1.2381522267206477,658.41,27.06629,750.88,3.17552224503765,2.27054970568104,0.715016154973943,0.219528466253919,0.207214753166224,16.85,1.1541095890411,212.45,3.09468317552804,0,-16.0641,4.11759799833194,1.37608385686463,0.451685660266874,1.30108445697626,0.601283991047423,33.3877563865537,51.0347891166449,14.7976986383577,0.969,3.95608738968062,3.43920674799665,0.832442903389189,0.505112958942417
1984-03-02,0.42,298.18,-8.75,-8.75,201.16,1.107820413381632,658.41,27.06629,750.88,3.17552224503765,2.27054970568104,0.715016154973943,0.219528466253919,0.207214753166224,16.85,1.1541095890411,212.45,3.09468317552804,0,-16.0641,4.11759799833194,1.37608385686463,0.451685660266874,1.30108445697626,0.601283991047423,33.3877563865537,51.0347891166449,14.7976986383577,0.969,3.95608738968062,3.43920674799665,0.832442903389189,0.505112958942417
1984-03-03,0.05,404.83,-8.62,-8.62,183.09,1.0426545067121245,658.41,27.06629,750.88,3.17552224503765,2.27054970568104,0.715016154973943,0.219528466253919,0.207214753166224,16.85,1.1541095890411,212.45,3.09468317552804,0,-16.0641,4.11759799833194,1.37608385686463,0.451685660266874,1.30108445697626,0.601283991047423,33.3877563865537,51.0347891166449,14.7976986383577,0.969,3.95608738968062,3.43920674799665,0.832442903389189,0.505112958942417
1984-03-04,1.45,376.59,-11.15,-11.15,139.02,0.9774886000426166,658.41,27.06629,750.88,3.17552224503765,2.27054970568104,0.715016154973943,0.219528466253919,0.207214753166224,16.85,1.1541095890411,212.45,3.09468317552804,0,-16.0641,4.11759799833194,1.37608385686463,0.451685660266874,1.30108445697626,0.601283991047423,33.3877563865537,51.0347891166449,14.7976986383577,0.969,3.95608738968062,3.43920674799665,0.832442903389189,0.505112958942417
1984-03-05,1.49,344.1,-3.88,-3.88,280.01,0.8797397400383549,658.41,27.06629,750.88,3.17552224503765,2.27054970568104,0.715016154973943,0.219528466253919,0.207214753166224,16.85,1.1541095890411,212.45,3.09468317552804,0,-16.0641,4.11759799833194,1.37608385686463,0.451685660266874,1.30108445697626,0.601283991047423,33.3877563865537,51.0347891166449,14.7976986383577,0.969,3.95608738968062,3.43920674799665,0.832442903389189,0.505112958942417
1984-03-06,0.48,281.9,-1.41,-1.41,350.85,0.8145738333688473,658.41,27.06629,750.88,3.17552224503765,2.27054970568104,0.715016154973943,0.219528466253919,0.207214753166224,16.85,1.1541095890411,212.45,3.09468317552804,0,-16.0641,4.11759799833194,1.37608385686463,0.451685660266874,1.30108445697626,0.601283991047423,33.3877563865537,51.0347891166449,14.7976986383577,0.969,3.95608738968062,3.43920674799665,0.832442903389189,0.505112958942417
1984-03-07,0.93,361.27,-7.22,-7.22,192.88,0.7168249733645855,658.41,27.06629,750.88,3.17552224503765,2.27054970568104,0.715016154973943,0.219528466253919,0.207214753166224,16.85,1.1541095890411,212.45,3.09468317552804,0,-16.0641,4.11759799833194,1.37608385686463,0.451685660266874,1.30108445697626,0.601283991047423,33.3877563865537,51.0347891166449,14.7976986383577,0.969,3.95608738968062,3.43920674799665,0.832442903389189,0.505112958942417
1984-03-08,2.24,382.06,-14.83,-14.83,91.97,0.6516590666950778,658.41,27.06629,750.88,3.17552224503765,2.27054970568104,0.715016154973943,0.219528466253919,0.207214753166224,16.85,1.1541095890411,212.45,3.09468317552804,0,-16.0641,4.11759799833194,1.37608385686463,0.451685660266874,1.30108445697626,0.601283991047423,33.3877563865537,51.0347891166449,14.7976986383577,0.969,3.95608738968062,3.43920674799665,0.832442903389189,0.505112958942417
1984-03-09,0.55,454.48,-15.11,-15.11,90.67,0.6190761133603239,658.41,27.06629,750.88,3.17552224503765,2.27054970568104,0.715016154973943,0.219528466253919,0.207214753166224,16.85,1.1541095890411,212.45,3.09468317552804,0,-16.0641,4.11759799833194,1.37608385686463,0.451685660266874,1.30108445697626,0.601283991047423,33.3877563865537,51.0347891166449,14.7976986383577,0.969,3.95608738968062,3.43920674799665,0.832442903389189,0.505112958942417
1984-03-10,0.22,391.92,-15.61,-15.61,88.77,0.58649316002557,658.41,27.06629,750.88,3.17552224503765,2.27054970568104,0.715016154973943,0.219528466253919,0.207214753166224,16.85,1.1541095890411,212.45,3.09468317552804,0,-16.0641,4.11759799833194,1.37608385686463,0.451685660266874,1.30108445697626,0.601283991047423,33.3877563865537,51.0347891166449,14.7976986383577,0.969,3.95608738968062,3.43920674799665,0.832442903389189,0.505112958942417
1984-03-11,0.51,355.77,-11.08,-11.08,130.44,0.553910206690816,658.41,27.06629,750.88,3.17552224503765,2.27054970568104,0.715016154973943,0.219528466253919,0.207214753166224,16.85,1.1541095890411,212.45,3.09468317552804,0,-16.0641,4.11759799833194,1.37608385686463,0.451685660266874,1.30108445697626,0.601283991047423,33.3877563865537,51.0347891166449,14.7976986383577,0.969,3.95608738968062,3.43920674799665,0.832442903389189,0.505112958942417
1984-03-12,2.62,399.3,-15.02,-15.02,98.27,0.553910206690816,658.41,27.06629,750.88,3.17552224503765,2.27054970568104,0.715016154973943,0.219528466253919,0.207214753166224,16.85,1.1541095890411,212.45,3.09468317552804,0,-16.0641,4.11759799833194,1.37608385686463,0.451685660266874,1.30108445697626,0.601283991047423,33.3877563865537,51.0347891166449,14.7976986383577,0.969,3.95608738968062,3.43920674799665,0.832442903389189,0.505112958942417
1984-03-13,1.86,346.02,-8.3,-8.3,198.45,0.5213272533560622,658.41,27.06629,750.88,3.17552224503765,2.27054970568104,0.715016154973943,0.219528466253919,0.207214753166224,16.85,1.1541095890411,212.45,3.09468317552804,0,-16.0641,4.11759799833194,1.37608385686463,0.451685660266874,1.30108445697626,0.601283991047423,33.3877563865537,51.0347891166449,14.7976986383577,0.969,3.95608738968062,3.43920674799665,0.832442903389189,0.505112958942417
1984-03-14,0.34,364.64,-4.58,-4.58,270.3,0.5213272533560622,658.41,27.06629,750.88,3.17552224503765,2.27054970568104,0.715016154973943,0.219528466253919,0.207214753166224,16.85,1.1541095890411,212.45,3.09468317552804,0,-16.0641,4.11759799833194,1.37608385686463,0.451685660266874,1.30108445697626,0.601283991047423,33.3877563865537,51.0347891166449,14.7976986383577,0.969,3.95608738968062,3.43920674799665,0.832442903389189,0.505112958942417
1984-03-15,0.55,404.2,-3.09,-3.09,249.97,0.58649316002557,658.41,27.06629,750.88,3.17552224503765,2.27054970568104,0.715016154973943,0.219528466253919,0.207214753166224,16.85,1.1541095890411,212.45,3.09468317552804,0,-16.0641,4.11759799833194,1.37608385686463,0.451685660266874,1.30108445697626,0.601283991047423,33.3877563865537,51.0347891166449,14.7976986383577,0.969,3.95608738968062,3.43920674799665,0.832442903389189,0.505112958942417
1984-03-16,0.36,380.0,3.19,3.19,384.38,1.140403366716386,658.41,27.06629,750.88,3.17552224503765,2.27054970568104,0.715016154973943,0.219528466253919,0.207214753166224,16.85,1.1541095890411,212.45,3.09468317552804,0,-16.0641,4.11759799833194,1.37608385686463,0.451685660266874,1.30108445697626,0.601283991047423,33.3877563865537,51.0347891166449,14.7976986383577,0.969,3.95608738968062,3.43920674799665,0.832442903389189,0.505112958942417
1984-03-17,2.17,392.0,-2.83,-2.83,259.59,1.9289108374174302,658.41,27.06629,750.88,3.17552224503765,2.27054970568104,0.715016154973943,0.219528466253919,0.207214753166224,16.85,1.1541095890411,212.45,3.09468317552804,0,-16.0641,4.11759799833194,1.37608385686463,0.451685660266874,1.30108445697626,0.601283991047423,33.3877563865537,51.0347891166449,14.7976986383577,0.969,3.95608738968062,3.43920674799665,0.832442903389189,0.505112958942417
1984-03-18,2.97,391.67,-3.74,-3.74,263.87,1.5151073300660556,658.41,27.06629,750.88,3.17552224503765,2.27054970568104,0.715016154973943,0.219528466253919,0.207214753166224,16.85,1.1541095890411,212.45,3.09468317552804,0,-16.0641,4.11759799833194,1.37608385686463,0.451685660266874,1.30108445697626,0.601283991047423,33.3877563865537,51.0347891166449,14.7976986383577,0.969,3.95608738968062,3.43920674799665,0.832442903389189,0.505112958942417
1984-03-19,0.76,394.55,-0.02,-0.02,380.29,1.743188003409333,658.41,27.06629,750.88,3.17552224503765,2.27054970568104,0.715016154973943,0.219528466253919,0.207214753166224,16.85,1.1541095890411,212.45,3.09468317552804,0,-16.0641,4.11759799833194,1.37608385686463,0.451685660266874,1.30108445697626,0.601283991047423,33.3877563865537,51.0347891166449,14.7976986383577,0.969,3.95608738968062,3.43920674799665,0.832442903389189,0.505112958942417
1984-03-20,1.81,402.09,3.0,3.0,442.8,3.3234612401448964,658.41,27.06629,750.88,3.17552224503765,2.27054970568104,0.715016154973943,0.219528466253919,0.207214753166224,16.85,1.1541095890411,212.45,3.09468317552804,0,-16.0641,4.11759799833194,1.37608385686463,0.451685660266874,1.30108445697626,0.601283991047423,33.3877563865537,51.0347891166449,14.7976986383577,0.969,3.95608738968062,3.43920674799665,0.832442903389189,0.505112958942417
1984-03-21,4.01,360.48,4.83,4.83,504.48,7.2008326869806085,658.41,27.06629,750.88,3.17552224503765,2.27054970568104,0.715016154973943,0.219528466253919,0.207214753166224,16.85,1.1541095890411,212.45,3.09468317552804,0,-16.0641,4.11759799833194,1.37608385686463,0.451685660266874,1.30108445697626,0.601283991047423,33.3877563865537,51.0347891166449,14.7976986383577,0.969,3.95608738968062,3.43920674799665,0.832442903389189,0.505112958942417
1984-03-22,2.22,252.46,0.71,0.71,425.69,5.473936160238653,658.41,27.06629,750.88,3.17552224503765,2.27054970568104,0.715016154973943,0.219528466253919,0.207214753166224,16.85,1.1541095890411,212.45,3.09468317552804,0,-16.0641,4.11759799833194,1.37608385686463,0.451685660266874,1.30108445697626,0.601283991047423,33.3877563865537,51.0347891166449,14.7976986383577,0.969,3.95608738968062,3.43920674799665,0.832442903389189,0.505112958942417
1984-03-23,0.41,303.12,-2.9,-2.9,315.95,3.616707820157681,658.41,27.06629,750.88,3.17552224503765,2.27054970568104,0.715016154973943,0.219528466253919,0.207214753166224,16.85,1.1541095890411,212.45,3.09468317552804,0,-16.0641,4.11759799833194,1.37608385686463,0.451685660266874,1.30108445697626,0.601283991047423,33.3877563865537,51.0347891166449,14.7976986383577,0.969,3.95608738968062,3.43920674799665,0.832442903389189,0.505112958942417
1984-03-24,0.02,540.58,-5.15,-5.15,216.98,2.808650577455785,658.41,27.06629,750.88,3.17552224503765,2.27054970568104,0.715016154973943,0.219528466253919,0.207214753166224,16.85,1.1541095890411,212.45,3.09468317552804,0,-16.0641,4.11759799833194,1.37608385686463,0.451685660266874,1.30108445697626,0.601283991047423,33.3877563865537,51.0347891166449,14.7976986383577,0.969,3.95608738968062,3.43920674799665,0.832442903389189,0.505112958942417
1984-03-25,0.0,537.67,-0.48,-0.48,276.83,2.6196694481142124,658.41,27.06629,750.88,3.17552224503765,2.27054970568104,0.715016154973943,0.219528466253919,0.207214753166224,16.85,1.1541095890411,212.45,3.09468317552804,0,-16.0641,4.11759799833194,1.37608385686463,0.451685660266874,1.30108445697626,0.601283991047423,33.3877563865537,51.0347891166449,14.7976986383577,0.969,3.95608738968062,3.43920674799665,0.832442903389189,0.505112958942417
1984-03-26,0.08,495.76,-1.36,-1.36,264.47,2.290581619433198,658.41,27.06629,750.88,3.17552224503765,2.27054970568104,0.715016154973943,0.219528466253919,0.207214753166224,16.85,1.1541095890411,212.45,3.09468317552804,0,-16.0641,4.11759799833194,1.37608385686463,0.451685660266874,1.30108445697626,0.601283991047423,33.3877563865537,51.0347891166449,14.7976986383577,0.969,3.95608738968062,3.43920674799665,0.832442903389189,0.505112958942417
1984-03-27,4.27,426.97,-1.09,-1.09,289.62,1.9614937907521839,658.41,27.06629,750.88,3.17552224503765,2.27054970568104,0.715016154973943,0.219528466253919,0.207214753166224,16.85,1.1541095890411,212.45,3.09468317552804,0,-16.0641,4.11759799833194,1.37608385686463,0.451685660266874,1.30108445697626,0.601283991047423,33.3877563865537,51.0347891166449,14.7976986383577,0.969,3.95608738968062,3.43920674799665,0.832442903389189,0.505112958942417
1984-03-28,18.18,367.23,2.49,2.49,418.26,1.8930695887492006,658.41,27.06629,750.88,3.17552224503765,2.27054970568104,0.715016154973943,0.219528466253919,0.207214753166224,16.85,1.1541095890411,212.45,3.09468317552804,0,-16.0641,4.11759799833194,1.37608385686463,0.451685660266874,1.30108445697626,0.601283991047423,33.3877563865537,51.0347891166449,14.7976986383577,0.969,3.95608738968062,3.43920674799665,0.832442903389189,0.505112958942417
1984-03-29,11.3,244.37,-1.03,-1.03,394.96,1.902844474749627,658.41,27.06629,750.88,3.17552224503765,2.27054970568104,0.715016154973943,0.219528466253919,0.207214753166224,16.85,1.1541095890411,212.45,3.09468317552804,0,-16.0641,4.11759799833194,1.37608385686463,0.451685660266874,1.30108445697626,0.601283991047423,33.3877563865537,51.0347891166449,14.7976986383577,0.969,3.95608738968062,3.43920674799665,0.832442903389189,0.505112958942417
1984-03-30,3.47,229.71,-1.88,-1.88,382.73,1.7822875474110376,658.41,27.06629,750.88,3.17552224503765,2.27054970568104,0.715016154973943,0.219528466253919,0.207214753166224,16.85,1.1541095890411,212.45,3.09468317552804,0,-16.0641,4.11759799833194,1.37608385686463,0.451685660266874,1.30108445697626,0.601283991047423,33.3877563865537,51.0347891166449,14.7976986383577,0.969,3.95608738968062,3.43920674799665,0.832442903389189,0.505112958942417
1984-03-31,0.44,512.98,-1.55,-1.55,311.95,1.651955734072022,658.41,27.06629,750.88,3.17552224503765,2.27054970568104,0.715016154973943,0.219528466253919,0.207214753166224,16.85,1.1541095890411,212.45,3.09468317552804,0,-16.0641,4.11759799833194,1.37608385686463,0.451685660266874,1.30108445697626,0.601283991047423,33.3877563865537,51.0347891166449,14.7976986383577,0.969,3.95608738968062,3.43920674799665,0.832442903389189,0.505112958942417
1984-04-01,0.0,561.24,-1.14,-1.14,276.78,1.7594794800767097,658.41,27.06629,750.88,3.17552224503765,2.27054970568104,0.715016154973943,0.219528466253919,0.207214753166224,16.85,1.1541095890411,212.45,3.09468317552804,0,-16.0641,4.11759799833194,1.37608385686463,0.451685660266874,1.30108445697626,0.601283991047423,33.3877563865537,51.0347891166449,14.7976986383577,0.969,3.95608738968062,3.43920674799665,0.832442903389189,0.505112958942417
1984-04-02,0.13,506.96,0.73,0.73,324.75,2.2188991220967393,658.41,27.06629,750.88,3.17552224503765,2.27054970568104,0.715016154973943,0.219528466253919,0.207214753166224,16.85,1.1541095890411,212.45,3.09468317552804,0,-16.0641,4.11759799833194,1.37608385686463,0.451685660266874,1.30108445697626,0.601283991047423,33.3877563865537,51.0347891166449,14.7976986383577,0.969,3.95608738968062,3.43920674799665,0.832442903389189,0.505112958942417
1984-04-03,7.03,427.64,1.94,1.94,397.84,3.0041482974643086,658.41,27.06629,750.88,3.17552224503765,2.27054970568104,0.715016154973943,0.219528466253919,0.207214753166224,16.85,1.1541095890411,212.45,3.09468317552804,0,-16.0641,4.11759799833194,1.37608385686463,0.451685660266874,1.30108445697626,0.601283991047423,33.3877563865537,51.0347891166449,14.7976986383577,0.969,3.95608738968062,3.43920674799665,0.832442903389189,0.505112958942417
1984-04-04,11.16,331.27,4.32,4.32,567.29,5.5716850202429145,658.41,27.06629,750.88,3.17552224503765,2.27054970568104,0.715016154973943,0.219528466253919,0.207214753166224,16.85,1.1541095890411,212.45,3.09468317552804,0,-16.0641,4.11759799833194,1.37608385686463,0.451685660266874,1.30108445697626,0.601283991047423,33.3877563865537,51.0347891166449,14.7976986383577,0.969,3.95608738968062,3.43920674799665,0.832442903389189,0.505112958942417
1984-04-05,6.29,324.87,5.8,5.8,642.4,15.379153974003833,658.41,27.06629,750.88,3.17552224503765,2.27054970568104,0.715016154973943,0.219528466253919,0.207214753166224,16.85,1.1541095890411,212.45,3.09468317552804,0,-16.0641,4.11759799833194,1.37608385686463,0.451685660266874,1.30108445697626,0.601283991047423,33.3877563865537,51.0347891166449,14.7976986383577,0.969,3.95608738968062,3.43920674799665,0.832442903389189,0.505112958942417
1984-04-06,2.01,308.68,4.46,4.46,573.37,10.882706413807798,658.41,27.06629,750.88,3.17552224503765,2.27054970568104,0.715016154973943,0.219528466253919,0.207214753166224,16.85,1.1541095890411,212.45,3.09468317552804,0,-16.0641,4.11759799833194,1.37608385686463,0.451685660266874,1.30108445697626,0.601283991047423,33.3877563865537,51.0347891166449,14.7976986383577,0.969,3.95608738968062,3.43920674799665,0.832442903389189,0.505112958942417
1984-04-07,0.27,303.53,0.06,0.06,445.44,6.353675900277008,658.41,27.06629,750.88,3.17552224503765,2.27054970568104,0.715016154973943,0.219528466253919,0.207214753166224,16.85,1.1541095890411,212.45,3.09468317552804,0,-16.0641,4.11759799833194,1.37608385686463,0.451685660266874,1.30108445697626,0.601283991047423,33.3877563865537,51.0347891166449,14.7976986383577,0.969,3.95608738968062,3.43920674799665,0.832442903389189,0.505112958942417
1984-04-08,0.0,494.96,1.33,1.33,418.45,4.431281653526528,658.41,27.06629,750.88,3.17552224503765,2.27054970568104,0.715016154973943,0.219528466253919,0.207214753166224,16.85,1.1541095890411,212.45,3.09468317552804,0,-16.0641,4.11759799833194,1.37608385686463,0.451685660266874,1.30108445697626,0.601283991047423,33.3877563865537,51.0347891166449,14.7976986383577,0.969,3.95608738968062,3.43920674799665,0.832442903389189,0.505112958942417
1984-04-09,0.0,571.13,2.17,2.17,357.87,3.5189589601534195,658.41,27.06629,750.88,3.17552224503765,2.27054970568104,0.715016154973943,0.219528466253919,0.207214753166224,16.85,1.1541095890411,212.45,3.09468317552804,0,-16.0641,4.11759799833194,1.37608385686463,0.451685660266874,1.30108445697626,0.601283991047423,33.3877563865537,51.0347891166449,14.7976986383577,0.969,3.95608738968062,3.43920674799665,0.832442903389189,0.505112958942417
1984-04-10,0.0,581.57,0.85,0.85,314.69,2.971565344129554,658.41,27.06629,750.88,3.17552224503765,2.27054970568104,0.715016154973943,0.219528466253919,0.207214753166224,16.85,1.1541095890411,212.45,3.09468317552804,0,-16.0641,4.11759799833194,1.37608385686463,0.451685660266874,1.30108445697626,0.601283991047423,33.3877563865537,51.0347891166449,14.7976986383577,0.969,3.95608738968062,3.43920674799665,0.832442903389189,0.505112958942417
1984-04-11,0.0,582.29,2.91,2.91,376.31,2.567536722778606,658.41,27.06629,750.88,3.17552224503765,2.27054970568104,0.715016154973943,0.219528466253919,0.207214753166224,16.85,1.1541095890411,212.45,3.09468317552804,0,-16.0641,4.11759799833194,1.37608385686463,0.451685660266874,1.30108445697626,0.601283991047423,33.3877563865537,51.0347891166449,14.7976986383577,0.969,3.95608738968062,3.43920674799665,0.832442903389189,0.505112958942417
1984-04-12,1.78,455.14,6.32,6.32,493.15,2.316647982101001,658.41,27.06629,750.88,3.17552224503765,2.27054970568104,0.715016154973943,0.219528466253919,0.207214753166224,16.85,1.1541095890411,212.45,3.09468317552804,0,-16.0641,4.11759799833194,1.37608385686463,0.451685660266874,1.30108445697626,0.601283991047423,33.3877563865537,51.0347891166449,14.7976986383577,0.969,3.95608738968062,3.43920674799665,0.832442903389189,0.505112958942417
1984-04-13,5.38,410.81,8.34,8.34,647.25,2.365522412103132,658.41,27.06629,750.88,3.17552224503765,2.27054970568104,0.715016154973943,0.219528466253919,0.207214753166224,16.85,1.1541095890411,212.45,3.09468317552804,0,-16.0641,4.11759799833194,1.37608385686463,0.451685660266874,1.30108445697626,0.601283991047423,33.3877563865537,51.0347891166449,14.7976986383577,0.969,3.95608738968062,3.43920674799665,0.832442903389189,0.505112958942417
1984-04-14,5.67,369.83,8.62,8.62,731.91,2.4632712721073937,658.41,27.06629,750.88,3.17552224503765,2.27054970568104,0.715016154973943,0.219528466253919,0.207214753166224,16.85,1.1541095890411,212.45,3.09468317552804,0,-16.0641,4.11759799833194,1.37608385686463,0.451685660266874,1.30108445697626,0.601283991047423,33.3877563865537,51.0347891166449,14.7976986383577,0.969,3.95608738968062,3.43920674799665,0.832442903389189,0.505112958942417
1984-04-15,3.74,350.43,8.78,8.78,766.24,3.2224540848071594,658.41,27.06629,750.88,3.17552224503765,2.27054970568104,0.715016154973943,0.219528466253919,0.207214753166224,16.85,1.1541095890411,212.45,3.09468317552804,0,-16.0641,4.11759799833194,1.37608385686463,0.451685660266874,1.30108445697626,0.601283991047423,33.3877563865537,51.0347891166449,14.7976986383577,0.969,3.95608738968062,3.43920674799665,0.832442903389189,0.505112958942417
1984-04-16,3.75,265.89,7.29,7.29,746.76,3.1605464734711273,658.41,27.06629,750.88,3.17552224503765,2.27054970568104,0.715016154973943,0.219528466253919,0.207214753166224,16.85,1.1541095890411,212.45,3.09468317552804,0,-16.0641,4.11759799833194,1.37608385686463,0.451685660266874,1.30108445697626,0.601283991047423,33.3877563865537,51.0347891166449,14.7976986383577,0.969,3.95608738968062,3.43920674799665,0.832442903389189,0.505112958942417
1984-04-17,2.9,313.38,6.18,6.18,673.45,2.906399437460047,658.41,27.06629,750.88,3.17552224503765,2.27054970568104,0.715016154973943,0.219528466253919,0.207214753166224,16.85,1.1541095890411,212.45,3.09468317552804,0,-16.0641,4.11759799833194,1.37608385686463,0.451685660266874,1.30108445697626,0.601283991047423,33.3877563865537,51.0347891166449,14.7976986383577,0.969,3.95608738968062,3.43920674799665,0.832442903389189,0.505112958942417
1984-04-18,9.63,383.55,4.94,4.94,590.47,2.4697878627743446,658.41,27.06629,750.88,3.17552224503765,2.27054970568104,0.715016154973943,0.219528466253919,0.207214753166224,16.85,1.1541095890411,212.45,3.09468317552804,0,-16.0641,4.11759799833194,1.37608385686463,0.451685660266874,1.30108445697626,0.601283991047423,33.3877563865537,51.0347891166449,14.7976986383577,0.969,3.95608738968062,3.43920674799665,0.832442903389189,0.505112958942417
1984-04-19,4.65,301.46,4.96,4.96,637.43,4.52903051353079,658.41,27.06629,750.88,3.17552224503765,2.27054970568104,0.715016154973943,0.219528466253919,0.207214753166224,16.85,1.1541095890411,212.45,3.09468317552804,0,-16.0641,4.11759799833194,1.37608385686463,0.451685660266874,1.30108445697626,0.601283991047423,33.3877563865537,51.0347891166449,14.7976986383577,0.969,3.95608738968062,3.43920674799665,0.832442903389189,0.505112958942417
1984-04-20,0.66,296.91,4.92,4.92,637.79,3.5189589601534195,658.41,27.06629,750.88,3.17552224503765,2.27054970568104,0.715016154973943,0.219528466253919,0.207214753166224,16.85,1.1541095890411,212.45,3.09468317552804,0,-16.0641,4.11759799833194,1.37608385686463,0.451685660266874,1.30108445697626,0.601283991047423,33.3877563865537,51.0347891166449,14.7976986383577,0.969,3.95608738968062,3.43920674799665,0.832442903389189,0.505112958942417
1984-04-21,0.02,524.21,3.48,3.48,481.33,2.9129160281269972,658.41,27.06629,750.88,3.17552224503765,2.27054970568104,0.715016154973943,0.219528466253919,0.207214753166224,16.85,1.1541095890411,212.45,3.09468317552804,0,-16.0641,4.11759799833194,1.37608385686463,0.451685660266874,1.30108445697626,0.601283991047423,33.3877563865537,51.0347891166449,14.7976986383577,0.969,3.95608738968062,3.43920674799665,0.832442903389189,0.505112958942417
1984-04-22,2.55,449.5,1.93,1.93,416.37,2.4209134327722137,658.41,27.06629,750.88,3.17552224503765,2.27054970568104,0.715016154973943,0.219528466253919,0.207214753166224,16.85,1.1541095890411,212.45,3.09468317552804,0,-16.0641,4.11759799833194,1.37608385686463,0.451685660266874,1.30108445697626,0.601283991047423,33.3877563865537,51.0347891166449,14.7976986383577,0.969,3.95608738968062,3.43920674799665,0.832442903389189,0.505112958942417
1984-04-23,14.42,365.12,4.31,4.31,559.85,2.339456049435329,658.41,27.06629,750.88,3.17552224503765,2.27054970568104,0.715016154973943,0.219528466253919,0.207214753166224,16.85,1.1541095890411,212.45,3.09468317552804,0,-16.0641,4.11759799833194,1.37608385686463,0.451685660266874,1.30108445697626,0.601283991047423,33.3877563865537,51.0347891166449,14.7976986383577,0.969,3.95608738968062,3.43920674799665,0.832442903389189,0.505112958942417
1984-04-24,17.91,235.0,3.95,3.95,633.99,5.669433880247176,658.41,27.06629,750.88,3.17552224503765,2.27054970568104,0.715016154973943,0.219528466253919,0.207214753166224,16.85,1.1541095890411,212.45,3.09468317552804,0,-16.0641,4.11759799833194,1.37608385686463,0.451685660266874,1.30108445697626,0.601283991047423,33.3877563865537,51.0347891166449,14.7976986383577,0.969,3.95608738968062,3.43920674799665,0.832442903389189,0.505112958942417
1984-04-25,4.21,326.61,5.1,5.1,657.26,9.64455418708715,658.41,27.06629,750.88,3.17552224503765,2.27054970568104,0.715016154973943,0.219528466253919,0.207214753166224,16.85,1.1541095890411,212.45,3.09468317552804,0,-16.0641,4.11759799833194,1.37608385686463,0.451685660266874,1.30108445697626,0.601283991047423,33.3877563865537,51.0347891166449,14.7976986383577,0.969,3.95608738968062,3.43920674799665,0.832442903389189,0.505112958942417
1984-04-26,0.12,592.76,8.35,8.35,692.73,5.278438440230129,658.41,27.06629,750.88,3.17552224503765,2.27054970568104,0.715016154973943,0.219528466253919,0.207214753166224,16.85,1.1541095890411,212.45,3.09468317552804,0,-16.0641,4.11759799833194,1.37608385686463,0.451685660266874,1.30108445697626,0.601283991047423,33.3877563865537,51.0347891166449,14.7976986383577,0.969,3.95608738968062,3.43920674799665,0.832442903389189,0.505112958942417
1984-04-27,0.22,533.83,15.18,15.18,968.54,3.8773714468357126,658.41,27.06629,750.88,3.17552224503765,2.27054970568104,0.715016154973943,0.219528466253919,0.207214753166224,16.85,1.1541095890411,212.45,3.09468317552804,0,-16.0641,4.11759799833194,1.37608385686463,0.451685660266874,1.30108445697626,0.601283991047423,33.3877563865537,51.0347891166449,14.7976986383577,0.969,3.95608738968062,3.43920674799665,0.832442903389189,0.505112958942417
1984-04-28,0.17,442.03,16.92,16.92,1031.38,3.147513292137225,658.41,27.06629,750.88,3.17552224503765,2.27054970568104,0.715016154973943,0.219528466253919,0.207214753166224,16.85,1.1541095890411,212.45,3.09468317552804,0,-16.0641,4.11759799833194,1.37608385686463,0.451685660266874,1.30108445697626,0.601283991047423,33.3877563865537,51.0347891166449,14.7976986383577,0.969,3.95608738968062,3.43920674799665,0.832442903389189,0.505112958942417
1984-04-29,0.08,543.0,13.56,13.56,859.77,2.5773116087790324,658.41,27.06629,750.88,3.17552224503765,2.27054970568104,0.715016154973943,0.219528466253919,0.207214753166224,16.85,1.1541095890411,212.45,3.09468317552804,0,-16.0641,4.11759799833194,1.37608385686463,0.451685660266874,1.30108445697626,0.601283991047423,33.3877563865537,51.0347891166449,14.7976986383577,0.969,3.95608738968062,3.43920674799665,0.832442903389189,0.505112958942417
1984-04-30,0.09,433.5,16.84,16.84,1017.2,2.137441738759855,658.41,27.06629,750.88,3.17552224503765,2.27054970568104,0.715016154973943,0.219528466253919,0.207214753166224,16.85,1.1541095890411,212.45,3.09468317552804,0,-16.0641,4.11759799833194,1.37608385686463,0.451685660266874,1.30108445697626,0.601283991047423,33.3877563865537,51.0347891166449,14.7976986383577,0.969,3.95608738968062,3.43920674799665,0.832442903389189,0.505112958942417
1984-05-01,0.02,557.64,11.38,11.38,708.84,1.769254366077136,658.41,27.06629,750.88,3.17552224503765,2.27054970568104,0.715016154973943,0.219528466253919,0.207214753166224,16.85,1.1541095890411,212.45,3.09468317552804,0,-16.0641,4.11759799833194,1.37608385686463,0.451685660266874,1.30108445697626,0.601283991047423,33.3877563865537,51.0347891166449,14.7976986383577,0.969,3.95608738968062,3.43920674799665,0.832442903389189,0.505112958942417
1984-05-02,2.91,436.18,6.38,6.38,539.09,1.5542068740677604,658.41,27.06629,750.88,3.17552224503765,2.27054970568104,0.715016154973943,0.219528466253919,0.207214753166224,16.85,1.1541095890411,212.45,3.09468317552804,0,-16.0641,4.11759799833194,1.37608385686463,0.451685660266874,1.30108445697626,0.601283991047423,33.3877563865537,51.0347891166449,14.7976986383577,0.969,3.95608738968062,3.43920674799665,0.832442903389189,0.505112958942417
1984-05-03,12.41,437.34,6.24,6.24,576.92,1.4108418793948432,658.41,27.06629,750.88,3.17552224503765,2.27054970568104,0.715016154973943,0.219528466253919,0.207214753166224,16.85,1.1541095890411,212.45,3.09468317552804,0,-16.0641,4.11759799833194,1.37608385686463,0.451685660266874,1.30108445697626,0.601283991047423,33.3877563865537,51.0347891166449,14.7976986383577,0.969,3.95608738968062,3.43920674799665,0.832442903389189,0.505112958942417
1984-05-04,5.5,270.66,8.15,8.15,757.65,2.4469797954400168,658.41,27.06629,750.88,3.17552224503765,2.27054970568104,0.715016154973943,0.219528466253919,0.207214753166224,16.85,1.1541095890411,212.45,3.09468317552804,0,-16.0641,4.11759799833194,1.37608385686463,0.451685660266874,1.30108445697626,0.601283991047423,33.3877563865537,51.0347891166449,14.7976986383577,0.969,3.95608738968062,3.43920674799665,0.832442903389189,0.505112958942417
1984-05-05,0.95,304.34,6.26,6.26,675.26,2.3948470701044107,658.41,27.06629,750.88,3.17552224503765,2.27054970568104,0.715016154973943,0.219528466253919,0.207214753166224,16.85,1.1541095890411,212.45,3.09468317552804,0,-16.0641,4.11759799833194,1.37608385686463,0.451685660266874,1.30108445697626,0.601283991047423,33.3877563865537,51.0347891166449,14.7976986383577,0.969,3.95608738968062,3.43920674799665,0.832442903389189,0.505112958942417
1984-05-06,0.41,525.43,6.15,6.15,572.57,1.7953207287449393,658.41,27.06629,750.88,3.17552224503765,2.27054970568104,0.715016154973943,0.219528466253919,0.207214753166224,16.85,1.1541095890411,212.45,3.09468317552804,0,-16.0641,4.11759799833194,1.37608385686463,0.451685660266874,1.30108445697626,0.601283991047423,33.3877563865537,51.0347891166449,14.7976986383577,0.969,3.95608738968062,3.43920674799665,0.832442903389189,0.505112958942417
1984-05-07,3.24,420.42,8.45,8.45,685.08,1.5574651694012358,658.41,27.06629,750.88,3.17552224503765,2.27054970568104,0.715016154973943,0.219528466253919,0.207214753166224,16.85,1.1541095890411,212.45,3.09468317552804,0,-16.0641,4.11759799833194,1.37608385686463,0.451685660266874,1.30108445697626,0.601283991047423,33.3877563865537,51.0347891166449,14.7976986383577,0.969,3.95608738968062,3.43920674799665,0.832442903389189,0.505112958942417
1984-05-08,6.48,333.93,10.11,10.11,782.28,1.7725126614106115,658.41,27.06629,750.88,3.17552224503765,2.27054970568104,0.715016154973943,0.219528466253919,0.207214753166224,16.85,1.1541095890411,212.45,3.09468317552804,0,-16.0641,4.11759799833194,1.37608385686463,0.451685660266874,1.30108445697626,0.601283991047423,33.3877563865537,51.0347891166449,14.7976986383577,0.969,3.95608738968062,3.43920674799665,0.832442903389189,0.505112958942417
1984-05-09,3.03,383.37,4.54,4.54,562.7,2.1928327594289363,658.41,27.06629,750.88,3.17552224503765,2.27054970568104,0.715016154973943,0.219528466253919,0.207214753166224,16.85,1.1541095890411,212.45,3.09468317552804,0,-16.0641,4.11759799833194,1.37608385686463,0.451685660266874,1.30108445697626,0.601283991047423,33.3877563865537,51.0347891166449,14.7976986383577,0.969,3.95608738968062,3.43920674799665,0.832442903389189,0.505112958942417
1984-05-10,8.9,412.69,5.98,5.98,623.57,1.769254366077136,658.41,27.06629,750.88,3.17552224503765,2.27054970568104,0.715016154973943,0.219528466253919,0.207214753166224,16.85,1.1541095890411,212.45,3.09468317552804,0,-16.0641,4.11759799833194,1.37608385686463,0.451685660266874,1.30108445697626,0.601283991047423,33.3877563865537,51.0347891166449,14.7976986383577,0.969,3.95608738968062,3.43920674799665,0.832442903389189,0.505112958942417
1984-05-11,17.36,419.29,10.32,10.32,812.01,1.7040884594076282,658.41,27.06629,750.88,3.17552224503765,2.27054970568104,0.715016154973943,0.219528466253919,0.207214753166224,16.85,1.1541095890411,212.45,3.09468317552804,0,-16.0641,4.11759799833194,1.37608385686463,0.451685660266874,1.30108445697626,0.601283991047423,33.3877563865537,51.0347891166449,14.7976986383577,0.969,3.95608738968062,3.43920674799665,0.832442903389189,0.505112958942417
1984-05-12,9.72,359.71,13.34,13.34,947.4,8.927729213722564,658.41,27.06629,750.88,3.17552224503765,2.27054970568104,0.715016154973943,0.219528466253919,0.207214753166224,16.85,1.1541095890411,212.45,3.09468317552804,0,-16.0641,4.11759799833194,1.37608385686463,0.451685660266874,1.30108445697626,0.601283991047423,33.3877563865537,51.0347891166449,14.7976986383577,0.969,3.95608738968062,3.43920674799665,0.832442903389189,0.505112958942417
1984-05-13,12.34,430.15,7.59,7.59,627.04,4.822277093543575,658.41,27.06629,750.88,3.17552224503765,2.27054970568104,0.715016154973943,0.219528466253919,0.207214753166224,16.85,1.1541095890411,212.45,3.09468317552804,0,-16.0641,4.11759799833194,1.37608385686463,0.451685660266874,1.30108445697626,0.601283991047423,33.3877563865537,51.0347891166449,14.7976986383577,0.969,3.95608738968062,3.43920674799665,0.832442903389189,0.505112958942417
1984-05-14,4.61,386.44,6.21,6.21,602.08,6.907586106967823,658.41,27.06629,750.88,3.17552224503765,2.27054970568104,0.715016154973943,0.219528466253919,0.207214753166224,16.85,1.1541095890411,212.45,3.09468317552804,0,-16.0641,4.11759799833194,1.37608385686463,0.451685660266874,1.30108445697626,0.601283991047423,33.3877563865537,51.0347891166449,14.7976986383577,0.969,3.95608738968062,3.43920674799665,0.832442903389189,0.505112958942417
1984-05-15,1.09,356.97,4.81,4.81,575.51,4.138035073513744,658.41,27.06629,750.88,3.17552224503765,2.27054970568104,0.715016154973943,0.219528466253919,0.207214753166224,16.85,1.1541095890411,212.45,3.09468317552804,0,-16.0641,4.11759799833194,1.37608385686463,0.451685660266874,1.30108445697626,0.601283991047423,33.3877563865537,51.0347891166449,14.7976986383577,0.969,3.95608738968062,3.43920674799665,0.832442903389189,0.505112958942417
1984-05-16,0.18,468.04,3.55,3.55,510.73,3.3234612401448964,658.41,27.06629,750.88,3.17552224503765,2.27054970568104,0.715016154973943,0.219528466253919,0.207214753166224,16.85,1.1541095890411,212.45,3.09468317552804,0,-16.0641,4.11759799833194,1.37608385686463,0.451685660266874,1.30108445697626,0.601283991047423,33.3877563865537,51.0347891166449,14.7976986383577,0.969,3.95608738968062,3.43920674799665,0.832442903389189,0.505112958942417
1984-05-17,0.69,535.56,4.4,4.4,495.08,2.655510696782442,658.41,27.06629,750.88,3.17552224503765,2.27054970568104,0.715016154973943,0.219528466253919,0.207214753166224,16.85,1.1541095890411,212.45,3.09468317552804,0,-16.0641,4.11759799833194,1.37608385686463,0.451685660266874,1.30108445697626,0.601283991047423,33.3877563865537,51.0347891166449,14.7976986383577,0.969,3.95608738968062,3.43920674799665,0.832442903389189,0.505112958942417
1984-05-18,9.73,402.33,6.99,6.99,680.25,2.222157417430215,658.41,27.06629,750.88,3.17552224503765,2.27054970568104,0.715016154973943,0.219528466253919,0.207214753166224,16.85,1.1541095890411,212.45,3.09468317552804,0,-16.0641,4.11759799833194,1.37608385686463,0.451685660266874,1.30108445697626,0.601283991047423,33.3877563865537,51.0347891166449,14.7976986383577,0.969,3.95608738968062,3.43920674799665,0.832442903389189,0.505112958942417
1984-05-19,7.77,411.5,12.43,12.43,907.45,3.5515419134881734,658.41,27.06629,750.88,3.17552224503765,2.27054970568104,0.715016154973943,0.219528466253919,0.207214753166224,16.85,1.1541095890411,212.45,3.09468317552804,0,-16.0641,4.11759799833194,1.37608385686463,0.451685660266874,1.30108445697626,0.601283991047423,33.3877563865537,51.0347891166449,14.7976986383577,0.969,3.95608738968062,3.43920674799665,0.832442903389189,0.505112958942417
1984-05-20,9.36,400.3,13.36,13.36,939.09,3.35604419347965,658.41,27.06629,750.88,3.17552224503765,2.27054970568104,0.715016154973943,0.219528466253919,0.207214753166224,16.85,1.1541095890411,212.45,3.09468317552804,0,-16.0641,4.11759799833194,1.37608385686463,0.451685660266874,1.30108445697626,0.601283991047423,33.3877563865537,51.0347891166449,14.7976986383577,0.969,3.95608738968062,3.43920674799665,0.832442903389189,0.505112958942417
1984-05-21,2.52,423.67,12.97,12.97,961.17,4.268366886852759,658.41,27.06629,750.88,3.17552224503765,2.27054970568104,0.715016154973943,0.219528466253919,0.207214753166224,16.85,1.1541095890411,212.45,3.09468317552804,0,-16.0641,4.11759799833194,1.37608385686463,0.451685660266874,1.30108445697626,0.601283991047423,33.3877563865537,51.0347891166449,14.7976986383577,0.969,3.95608738968062,3.43920674799665,0.832442903389189,0.505112958942417
1984-05-22,6.0,406.1,17.69,17.69,1256.95,2.7109017174515233,658.41,27.06629,750.88,3.17552224503765,2.27054970568104,0.715016154973943,0.219528466253919,0.207214753166224,16.85,1.1541095890411,212.45,3.09468317552804,0,-16.0641,4.11759799833194,1.37608385686463,0.451685660266874,1.30108445697626,0.601283991047423,33.3877563865537,51.0347891166449,14.7976986383577,0.969,3.95608738968062,3.43920674799665,0.832442903389189,0.505112958942417
1984-05-23,8.16,380.08,18.62,18.62,1246.84,4.105452120178989,658.41,27.06629,750.88,3.17552224503765,2.27054970568104,0.715016154973943,0.219528466253919,0.207214753166224,16.85,1.1541095890411,212.45,3.09468317552804,0,-16.0641,4.11759799833194,1.37608385686463,0.451685660266874,1.30108445697626,0.601283991047423,33.3877563865537,51.0347891166449,14.7976986383577,0.969,3.95608738968062,3.43920674799665,0.832442903389189,0.505112958942417
1984-05-24,1.74,569.95,12.04,12.04,833.73,3.2908782868101425,658.41,27.06629,750.88,3.17552224503765,2.27054970568104,0.715016154973943,0.219528466253919,0.207214753166224,16.85,1.1541095890411,212.45,3.09468317552804,0,-16.0641,4.11759799833194,1.37608385686463,0.451685660266874,1.30108445697626,0.601283991047423,33.3877563865537,51.0347891166449,14.7976986383577,0.969,3.95608738968062,3.43920674799665,0.832442903389189,0.505112958942417
1984-05-25,0.37,433.12,15.09,15.09,1036.8,2.424171728105689,658.41,27.06629,750.88,3.17552224503765,2.27054970568104,0.715016154973943,0.219528466253919,0.207214753166224,16.85,1.1541095890411,212.45,3.09468317552804,0,-16.0641,4.11759799833194,1.37608385686463,0.451685660266874,1.30108445697626,0.601283991047423,33.3877563865537,51.0347891166449,14.7976986383577,0.969,3.95608738968062,3.43920674799665,0.832442903389189,0.505112958942417
1984-05-26,4.24,338.52,17.38,17.38,1239.21,2.114633671425527,658.41,27.06629,750.88,3.17552224503765,2.27054970568104,0.715016154973943,0.219528466253919,0.207214753166224,16.85,1.1541095890411,212.45,3.09468317552804,0,-16.0641,4.11759799833194,1.37608385686463,0.451685660266874,1.30108445697626,0.601283991047423,33.3877563865537,51.0347891166449,14.7976986383577,0.969,3.95608738968062,3.43920674799665,0.832442903389189,0.505112958942417
1984-05-27,20.35,405.89,12.34,12.34,896.59,1.8311619774131684,658.41,27.06629,750.88,3.17552224503765,2.27054970568104,0.715016154973943,0.219528466253919,0.207214753166224,16.85,1.1541095890411,212.45,3.09468317552804,0,-16.0641,4.11759799833194,1.37608385686463,0.451685660266874,1.30108445697626,0.601283991047423,33.3877563865537,51.0347891166449,14.7976986383577,0.969,3.95608738968062,3.43920674799665,0.832442903389189,0.505112958942417
1984-05-28,18.84,376.91,10.86,10.86,858.04,8.210904240357978,658.41,27.06629,750.88,3.17552224503765,2.27054970568104,0.715016154973943,0.219528466253919,0.207214753166224,16.85,1.1541095890411,212.45,3.09468317552804,0,-16.0641,4.11759799833194,1.37608385686463,0.451685660266874,1.30108445697626,0.601283991047423,33.3877563865537,51.0347891166449,14.7976986383577,0.969,3.95608738968062,3.43920674799665,0.832442903389189,0.505112958942417
1984-05-29,5.41,344.6,10.44,10.44,854.9,7.950240613679949,658.41,27.06629,750.88,3.17552224503765,2.27054970568104,0.715016154973943,0.219528466253919,0.207214753166224,16.85,1.1541095890411,212.45,3.09468317552804,0,-16.0641,4.11759799833194,1.37608385686463,0.451685660266874,1.30108445697626,0.601283991047423,33.3877563865537,51.0347891166449,14.7976986383577,0.969,3.95608738968062,3.43920674799665,0.832442903389189,0.505112958942417
1984-05-30,0.47,476.77,8.66,8.66,723.87,4.887443000213083,658.41,27.06629,750.88,3.17552224503765,2.27054970568104,0.715016154973943,0.219528466253919,0.207214753166224,16.85,1.1541095890411,212.45,3.09468317552804,0,-16.0641,4.11759799833194,1.37608385686463,0.451685660266874,1.30108445697626,0.601283991047423,33.3877563865537,51.0347891166449,14.7976986383577,0.969,3.95608738968062,3.43920674799665,0.832442903389189,0.505112958942417
1984-05-31,0.0,565.32,6.78,6.78,627.29,3.6492907734924356,658.41,27.06629,750.88,3.17552224503765,2.27054970568104,0.715016154973943,0.219528466253919,0.207214753166224,16.85,1.1541095890411,212.45,3.09468317552804,0,-16.0641,4.11759799833194,1.37608385686463,0.451685660266874,1.30108445697626,0.601283991047423,33.3877563865537,51.0347891166449,14.7976986383577,0.969,3.95608738968062,3.43920674799665,0.832442903389189,0.505112958942417
1984-06-01,0.55,512.44,10.44,10.44,767.93,2.8640415981248664,658.41,27.06629,750.88,3.17552224503765,2.27054970568104,0.715016154973943,0.219528466253919,0.207214753166224,16.85,1.1541095890411,212.45,3.09468317552804,0,-16.0641,4.11759799833194,1.37608385686463,0.451685660266874,1.30108445697626,0.601283991047423,33.3877563865537,51.0347891166449,14.7976986383577,0.969,3.95608738968062,3.43920674799665,0.832442903389189,0.505112958942417
1984-06-02,2.89,425.05,11.23,11.23,801.01,2.241707189431067,658.41,27.06629,750.88,3.17552224503765,2.27054970568104,0.715016154973943,0.219528466253919,0.207214753166224,16.85,1.1541095890411,212.45,3.09468317552804,0,-16.0641,4.11759799833194,1.37608385686463,0.451685660266874,1.30108445697626,0.601283991047423,33.3877563865537,51.0347891166449,14.7976986383577,0.969,3.95608738968062,3.43920674799665,0.832442903389189,0.505112958942417
1984-06-03,0.83,488.83,11.55,11.55,836.87,2.029917992755167,658.41,27.06629,750.88,3.17552224503765,2.27054970568104,0.715016154973943,0.219528466253919,0.207214753166224,16.85,1.1541095890411,212.45,3.09468317552804,0,-16.0641,4.11759799833194,1.37608385686463,0.451685660266874,1.30108445697626,0.601283991047423,33.3877563865537,51.0347891166449,14.7976986383577,0.969,3.95608738968062,3.43920674799665,0.832442903389189,0.505112958942417
1984-06-04,1.01,516.14,13.64,13.64,907.98,1.678022096739825,658.41,27.06629,750.88,3.17552224503765,2.27054970568104,0.715016154973943,0.219528466253919,0.207214753166224,16.85,1.1541095890411,212.45,3.09468317552804,0,-16.0641,4.11759799833194,1.37608385686463,0.451685660266874,1.30108445697626,0.601283991047423,33.3877563865537,51.0347891166449,14.7976986383577,0.969,3.95608738968062,3.43920674799665,0.832442903389189,0.505112958942417
1984-06-05,1.78,432.93,15.86,15.86,1040.52,1.3391593820583847,658.41,27.06629,750.88,3.17552224503765,2.27054970568104,0.715016154973943,0.219528466253919,0.207214753166224,16.85,1.1541095890411,212.45,3.09468317552804,0,-16.0641,4.11759799833194,1.37608385686463,0.451685660266874,1.30108445697626,0.601283991047423,33.3877563865537,51.0347891166449,14.7976986383577,0.969,3.95608738968062,3.43920674799665,0.832442903389189,0.505112958942417
1984-06-06,0.4,527.43,19.61,19.61,1407.72,1.199052682718943,658.41,27.06629,750.88,3.17552224503765,2.27054970568104,0.715016154973943,0.219528466253919,0.207214753166224,16.85,1.1541095890411,212.45,3.09468317552804,0,-16.0641,4.11759799833194,1.37608385686463,0.451685660266874,1.30108445697626,0.601283991047423,33.3877563865537,51.0347891166449,14.7976986383577,0.969,3.95608738968062,3.43920674799665,0.832442903389189,0.505112958942417
1984-06-07,0.0,497.72,22.07,22.07,1632.57,1.0198464393777966,658.41,27.06629,750.88,3.17552224503765,2.27054970568104,0.715016154973943,0.219528466253919,0.207214753166224,16.85,1.1541095890411,212.45,3.09468317552804,0,-16.0641,4.11759799833194,1.37608385686463,0.451685660266874,1.30108445697626,0.601283991047423,33.3877563865537,51.0347891166449,14.7976986383577,0.969,3.95608738968062,3.43920674799665,0.832442903389189,0.505112958942417
1984-06-08,0.11,406.84,21.04,21.04,1585.09,0.8569316727040273,658.41,27.06629,750.88,3.17552224503765,2.27054970568104,0.715016154973943,0.219528466253919,0.207214753166224,16.85,1.1541095890411,212.45,3.09468317552804,0,-16.0641,4.11759799833194,1.37608385686463,0.451685660266874,1.30108445697626,0.601283991047423,33.3877563865537,51.0347891166449,14.7976986383577,0.969,3.95608738968062,3.43920674799665,0.832442903389189,0.505112958942417
1984-06-09,0.18,369.36,22.34,22.34,1728.2,0.7461496313658639,658.41,27.06629,750.88,3.17552224503765,2.27054970568104,0.715016154973943,0.219528466253919,0.207214753166224,16.85,1.1541095890411,212.45,3.09468317552804,0,-16.0641,4.11759799833194,1.37608385686463,0.451685660266874,1.30108445697626,0.601283991047423,33.3877563865537,51.0347891166449,14.7976986383577,0.969,3.95608738968062,3.43920674799665,0.832442903389189,0.505112958942417
1984-06-10,0.04,520.2,22.03,22.03,1623.8,0.6646922480289793,658.41,27.06629,750.88,3.17552224503765,2.27054970568104,0.715016154973943,0.219528466253919,0.207214753166224,16.85,1.1541095890411,212.45,3.09468317552804,0,-16.0641,4.11759799833194,1.37608385686463,0.451685660266874,1.30108445697626,0.601283991047423,33.3877563865537,51.0347891166449,14.7976986383577,0.969,3.95608738968062,3.43920674799665,0.832442903389189,0.505112958942417
1984-06-11,0.0,462.26,21.49,21.49,1536.62,0.5767182740251438,658.41,27.06629,750.88,3.17552224503765,2.27054970568104,0.715016154973943,0.219528466253919,0.207214753166224,16.85,1.1541095890411,212.45,3.09468317552804,0,-16.0641,4.11759799833194,1.37608385686463,0.451685660266874,1.30108445697626,0.601283991047423,33.3877563865537,51.0347891166449,14.7976986383577,0.969,3.95608738968062,3.43920674799665,0.832442903389189,0.505112958942417
1984-06-12,1.95,437.21,17.07,17.07,1124.89,0.49851918602173445,658.41,27.06629,750.88,3.17552224503765,2.27054970568104,0.715016154973943,0.219528466253919,0.207214753166224,16.85,1.1541095890411,212.45,3.09468317552804,0,-16.0641,4.11759799833194,1.37608385686463,0.451685660266874,1.30108445697626,0.601283991047423,33.3877563865537,51.0347891166449,14.7976986383577,0.969,3.95608738968062,3.43920674799665,0.832442903389189,0.505112958942417
1984-06-13,10.59,412.55,20.24,20.24,1365.22,0.45616134668655445,658.41,27.06629,750.88,3.17552224503765,2.27054970568104,0.715016154973943,0.219528466253919,0.207214753166224,16.85,1.1541095890411,212.45,3.09468317552804,0,-16.0641,4.11759799833194,1.37608385686463,0.451685660266874,1.30108445697626,0.601283991047423,33.3877563865537,51.0347891166449,14.7976986383577,0.969,3.95608738968062,3.43920674799665,0.832442903389189,0.505112958942417
1984-06-14,2.8,390.59,19.55,19.55,1338.74,0.8634482633709779,658.41,27.06629,750.88,3.17552224503765,2.27054970568104,0.715016154973943,0.219528466253919,0.207214753166224,16.85,1.1541095890411,212.45,3.09468317552804,0,-16.0641,4.11759799833194,1.37608385686463,0.451685660266874,1.30108445697626,0.601283991047423,33.3877563865537,51.0347891166449,14.7976986383577,0.969,3.95608738968062,3.43920674799665,0.832442903389189,0.505112958942417
1984-06-15,0.05,514.51,12.44,12.44,856.47,0.5473936160238653,658.41,27.06629,750.88,3.17552224503765,2.27054970568104,0.715016154973943,0.219528466253919,0.207214753166224,16.85,1.1541095890411,212.45,3.09468317552804,0,-16.0641,4.11759799833194,1.37608385686463,0.451685660266874,1.30108445697626,0.601283991047423,33.3877563865537,51.0347891166449,14.7976986383577,0.969,3.95608738968062,3.43920674799665,0.832442903389189,0.505112958942417
1984-06-16,8.5,444.95,10.14,10.14,741.43,0.452903051353079,658.41,27.06629,750.88,3.17552224503765,2.27054970568104,0.715016154973943,0.219528466253919,0.207214753166224,16.85,1.1541095890411,212.45,3.09468317552804,0,-16.0641,4.11759799833194,1.37608385686463,0.451685660266874,1.30108445697626,0.601283991047423,33.3877563865537,51.0347891166449,14.7976986383577,0.969,3.95608738968062,3.43920674799665,0.832442903389189,0.505112958942417
1984-06-17,29.61,373.15,14.64,14.64,1139.89,0.5604267973577668,658.41,27.06629,750.88,3.17552224503765,2.27054970568104,0.715016154973943,0.219528466253919,0.207214753166224,16.85,1.1541095890411,212.45,3.09468317552804,0,-16.0641,4.11759799833194,1.37608385686463,0.451685660266874,1.30108445697626,0.601283991047423,33.3877563865537,51.0347891166449,14.7976986383577,0.969,3.95608738968062,3.43920674799665,0.832442903389189,0.505112958942417
1984-06-18,16.42,340.18,17.99,17.99,1469.73,4.105452120178989,658.41,27.06629,750.88,3.17552224503765,2.27054970568104,0.715016154973943,0.219528466253919,0.207214753166224,16.85,1.1541095890411,212.45,3.09468317552804,0,-16.0641,4.11759799833194,1.37608385686463,0.451685660266874,1.30108445697626,0.601283991047423,33.3877563865537,51.0347891166449,14.7976986383577,0.969,3.95608738968062,3.43920674799665,0.832442903389189,0.505112958942417
1984-06-19,2.5,425.36,19.67,19.67,1488.43,3.486376006818666,658.41,27.06629,750.88,3.17552224503765,2.27054970568104,0.715016154973943,0.219528466253919,0.207214753166224,16.85,1.1541095890411,212.45,3.09468317552804,0,-16.0641,4.11759799833194,1.37608385686463,0.451685660266874,1.30108445697626,0.601283991047423,33.3877563865537,51.0347891166449,14.7976986383577,0.969,3.95608738968062,3.43920674799665,0.832442903389189,0.505112958942417
1984-06-20,0.02,542.03,15.71,15.71,1046.34,1.391292107393991,658.41,27.06629,750.88,3.17552224503765,2.27054970568104,0.715016154973943,0.219528466253919,0.207214753166224,16.85,1.1541095890411,212.45,3.09468317552804,0,-16.0641,4.11759799833194,1.37608385686463,0.451685660266874,1.30108445697626,0.601283991047423,33.3877563865537,51.0347891166449,14.7976986383577,0.969,3.95608738968062,3.43920674799665,0.832442903389189,0.505112958942417
1984-06-21,0.0,575.01,13.22,13.22,864.68,1.0263630300447473,658.41,27.06629,750.88,3.17552224503765,2.27054970568104,0.715016154973943,0.219528466253919,0.207214753166224,16.85,1.1541095890411,212.45,3.09468317552804,0,-16.0641,4.11759799833194,1.37608385686463,0.451685660266874,1.30108445697626,0.601283991047423,33.3877563865537,51.0347891166449,14.7976986383577,0.969,3.95608738968062,3.43920674799665,0.832442903389189,0.505112958942417
1984-06-22,2.9,429.33,14.62,14.62,969.89,0.8341236053696995,658.41,27.06629,750.88,3.17552224503765,2.27054970568104,0.715016154973943,0.219528466253919,0.207214753166224,16.85,1.1541095890411,212.45,3.09468317552804,0,-16.0641,4.11759799833194,1.37608385686463,0.451685660266874,1.30108445697626,0.601283991047423,33.3877563865537,51.0347891166449,14.7976986383577,0.969,3.95608738968062,3.43920674799665,0.832442903389189,0.505112958942417
1984-06-23,10.16,417.41,16.78,16.78,1187.86,0.7103083826976347,658.41,27.06629,750.88,3.17552224503765,2.27054970568104,0.715016154973943,0.219528466253919,0.207214753166224,16.85,1.1541095890411,212.45,3.09468317552804,0,-16.0641,4.11759799833194,1.37608385686463,0.451685660266874,1.30108445697626,0.601283991047423,33.3877563865537,51.0347891166449,14.7976986383577,0.969,3.95608738968062,3.43920674799665,0.832442903389189,0.505112958942417
1984-06-24,12.08,308.22,18.15,18.15,1382.92,1.2283773407202214,658.41,27.06629,750.88,3.17552224503765,2.27054970568104,0.715016154973943,0.219528466253919,0.207214753166224,16.85,1.1541095890411,212.45,3.09468317552804,0,-16.0641,4.11759799833194,1.37608385686463,0.451685660266874,1.30108445697626,0.601283991047423,33.3877563865537,51.0347891166449,14.7976986383577,0.969,3.95608738968062,3.43920674799665,0.832442903389189,0.505112958942417
1984-06-25,2.73,397.92,14.26,14.26,1045.6,1.3391593820583847,658.41,27.06629,750.88,3.17552224503765,2.27054970568104,0.715016154973943,0.219528466253919,0.207214753166224,16.85,1.1541095890411,212.45,3.09468317552804,0,-16.0641,4.11759799833194,1.37608385686463,0.451685660266874,1.30108445697626,0.601283991047423,33.3877563865537,51.0347891166449,14.7976986383577,0.969,3.95608738968062,3.43920674799665,0.832442903389189,0.505112958942417
1984-06-26,3.41,407.89,13.08,13.08,949.54,0.8797397400383549,658.41,27.06629,750.88,3.17552224503765,2.27054970568104,0.715016154973943,0.219528466253919,0.207214753166224,16.85,1.1541095890411,212.45,3.09468317552804,0,-16.0641,4.11759799833194,1.37608385686463,0.451685660266874,1.30108445697626,0.601283991047423,33.3877563865537,51.0347891166449,14.7976986383577,0.969,3.95608738968062,3.43920674799665,0.832442903389189,0.505112958942417
1984-06-27,7.46,414.75,14.28,14.28,1028.5,0.7656994033667164,658.41,27.06629,750.88,3.17552224503765,2.27054970568104,0.715016154973943,0.219528466253919,0.207214753166224,16.85,1.1541095890411,212.45,3.09468317552804,0,-16.0641,4.11759799833194,1.37608385686463,0.451685660266874,1.30108445697626,0.601283991047423,33.3877563865537,51.0347891166449,14.7976986383577,0.969,3.95608738968062,3.43920674799665,0.832442903389189,0.505112958942417
1984-06-28,7.73,384.91,16.4,16.4,1222.16,1.0752374600468781,658.41,27.06629,750.88,3.17552224503765,2.27054970568104,0.715016154973943,0.219528466253919,0.207214753166224,16.85,1.1541095890411,212.45,3.09468317552804,0,-16.0641,4.11759799833194,1.37608385686463,0.451685660266874,1.30108445697626,0.601283991047423,33.3877563865537,51.0347891166449,14.7976986383577,0.969,3.95608738968062,3.43920674799665,0.832442903389189,0.505112958942417
1984-06-29,14.55,367.36,17.49,17.49,1358.66,1.0426545067121245,658.41,27.06629,750.88,3.17552224503765,2.27054970568104,0.715016154973943,0.219528466253919,0.207214753166224,16.85,1.1541095890411,212.45,3.09468317552804,0,-16.0641,4.11759799833194,1.37608385686463,0.451685660266874,1.30108445697626,0.601283991047423,33.3877563865537,51.0347891166449,14.7976986383577,0.969,3.95608738968062,3.43920674799665,0.832442903389189,0.505112958942417
1984-06-30,4.77,344.14,18.1,18.1,1450.53,2.8282003494566377,658.41,27.06629,750.88,3.17552224503765,2.27054970568104,0.715016154973943,0.219528466253919,0.207214753166224,16.85,1.1541095890411,212.45,3.09468317552804,0,-16.0641,4.11759799833194,1.37608385686463,0.451685660266874,1.30108445697626,0.601283991047423,33.3877563865537,51.0347891166449,14.7976986383577,0.969,3.95608738968062,3.43920674799665,0.832442903389189,0.505112958942417
1984-07-01,4.68,266.11,16.25,16.25,1379.66,1.6258893714042189,658.41,27.06629,750.88,3.17552224503765,2.27054970568104,0.715016154973943,0.219528466253919,0.207214753166224,16.85,1.1541095890411,212.45,3.09468317552804,0,-16.0641,4.11759799833194,1.37608385686463,0.451685660266874,1.30108445697626,0.601283991047423,33.3877563865537,51.0347891166449,14.7976986383577,0.969,3.95608738968062,3.43920674799665,0.832442903389189,0.505112958942417
1984-07-02,1.82,416.78,17.17,17.17,1339.61,1.6649889154059236,658.41,27.06629,750.88,3.17552224503765,2.27054970568104,0.715016154973943,0.219528466253919,0.207214753166224,16.85,1.1541095890411,212.45,3.09468317552804,0,-16.0641,4.11759799833194,1.37608385686463,0.451685660266874,1.30108445697626,0.601283991047423,33.3877563865537,51.0347891166449,14.7976986383577,0.969,3.95608738968062,3.43920674799665,0.832442903389189,0.505112958942417
1984-07-03,3.24,430.01,18.76,18.76,1407.43,1.2316356360536969,658.41,27.06629,750.88,3.17552224503765,2.27054970568104,0.715016154973943,0.219528466253919,0.207214753166224,16.85,1.1541095890411,212.45,3.09468317552804,0,-16.0641,4.11759799833194,1.37608385686463,0.451685660266874,1.30108445697626,0.601283991047423,33.3877563865537,51.0347891166449,14.7976986383577,0.969,3.95608738968062,3.43920674799665,0.832442903389189,0.505112958942417
1984-07-04,16.97,344.59,19.04,19.04,1527.06,1.0622042787129766,658.41,27.06629,750.88,3.17552224503765,2.27054970568104,0.715016154973943,0.219528466253919,0.207214753166224,16.85,1.1541095890411,212.45,3.09468317552804,0,-16.0641,4.11759799833194,1.37608385686463,0.451685660266874,1.30108445697626,0.601283991047423,33.3877563865537,51.0347891166449,14.7976986383577,0.969,3.95608738968062,3.43920674799665,0.832442903389189,0.505112958942417
1984-07-05,17.13,240.26,18.21,18.21,1586.32,5.082940720221606,658.41,27.06629,750.88,3.17552224503765,2.27054970568104,0.715016154973943,0.219528466253919,0.207214753166224,16.85,1.1541095890411,212.45,3.09468317552804,0,-16.0641,4.11759799833194,1.37608385686463,0.451685660266874,1.30108445697626,0.601283991047423,33.3877563865537,51.0347891166449,14.7976986383577,0.969,3.95608738968062,3.43920674799665,0.832442903389189,0.505112958942417
1984-07-06,11.7,310.47,17.62,17.62,1459.58,4.920025953547836,658.41,27.06629,750.88,3.17552224503765,2.27054970568104,0.715016154973943,0.219528466253919,0.207214753166224,16.85,1.1541095890411,212.45,3.09468317552804,0,-16.0641,4.11759799833194,1.37608385686463,0.451685660266874,1.30108445697626,0.601283991047423,33.3877563865537,51.0347891166449,14.7976986383577,0.969,3.95608738968062,3.43920674799665,0.832442903389189,0.505112958942417
1984-07-07,2.27,373.32,15.29,15.29,1198.5,3.2908782868101425,658.41,27.06629,750.88,3.17552224503765,2.27054970568104,0.715016154973943,0.219528466253919,0.207214753166224,16.85,1.1541095890411,212.45,3.09468317552804,0,-16.0641,4.11759799833194,1.37608385686463,0.451685660266874,1.30108445697626,0.601283991047423,33.3877563865537,51.0347891166449,14.7976986383577,0.969,3.95608738968062,3.43920674799665,0.832442903389189,0.505112958942417
1984-07-08,0.02,545.77,11.33,11.33,862.53,2.228674008097166,658.41,27.06629,750.88,3.17552224503765,2.27054970568104,0.715016154973943,0.219528466253919,0.207214753166224,16.85,1.1541095890411,212.45,3.09468317552804,0,-16.0641,4.11759799833194,1.37608385686463,0.451685660266874,1.30108445697626,0.601283991047423,33.3877563865537,51.0347891166449,14.7976986383577,0.969,3.95608738968062,3.43920674799665,0.832442903389189,0.505112958942417
1984-07-09,0.62,429.3,12.38,12.38,916.3,1.7594794800767097,658.41,27.06629,750.88,3.17552224503765,2.27054970568104,0.715016154973943,0.219528466253919,0.207214753166224,16.85,1.1541095890411,212.45,3.09468317552804,0,-16.0641,4.11759799833194,1.37608385686463,0.451685660266874,1.30108445697626,0.601283991047423,33.3877563865537,51.0347891166449,14.7976986383577,0.969,3.95608738968062,3.43920674799665,0.832442903389189,0.505112958942417
1984-07-10,2.51,396.1,16.23,16.23,1304.27,1.476007786064351,658.41,27.06629,750.88,3.17552224503765,2.27054970568104,0.715016154973943,0.219528466253919,0.207214753166224,16.85,1.1541095890411,212.45,3.09468317552804,0,-16.0641,4.11759799833194,1.37608385686463,0.451685660266874,1.30108445697626,0.601283991047423,33.3877563865537,51.0347891166449,14.7976986383577,0.969,3.95608738968062,3.43920674799665,0.832442903389189,0.505112958942417
1984-07-11,3.42,291.24,20.45,20.45,1728.83,1.3717423353931386,658.41,27.06629,750.88,3.17552224503765,2.27054970568104,0.715016154973943,0.219528466253919,0.207214753166224,16.85,1.1541095890411,212.45,3.09468317552804,0,-16.0641,4.11759799833194,1.37608385686463,0.451685660266874,1.30108445697626,0.601283991047423,33.3877563865537,51.0347891166449,14.7976986383577,0.969,3.95608738968062,3.43920674799665,0.832442903389189,0.505112958942417
1984-07-12,0.75,456.39,19.53,19.53,1530.28,1.2088275687193692,658.41,27.06629,750.88,3.17552224503765,2.27054970568104,0.715016154973943,0.219528466253919,0.207214753166224,16.85,1.1541095890411,212.45,3.09468317552804,0,-16.0641,4.11759799833194,1.37608385686463,0.451685660266874,1.30108445697626,0.601283991047423,33.3877563865537,51.0347891166449,14.7976986383577,0.969,3.95608738968062,3.43920674799665,0.832442903389189,0.505112958942417
1984-07-13,0.0,526.93,19.72,19.72,1467.0,0.9546805327082889,658.41,27.06629,750.88,3.17552224503765,2.27054970568104,0.715016154973943,0.219528466253919,0.207214753166224,16.85,1.1541095890411,212.45,3.09468317552804,0,-16.0641,4.11759799833194,1.37608385686463,0.451685660266874,1.30108445697626,0.601283991047423,33.3877563865537,51.0347891166449,14.7976986383577,0.969,3.95608738968062,3.43920674799665,0.832442903389189,0.505112958942417
1984-07-14,0.4,438.72,20.71,20.71,1544.59,0.8243487193692732,658.41,27.06629,750.88,3.17552224503765,2.27054970568104,0.715016154973943,0.219528466253919,0.207214753166224,16.85,1.1541095890411,212.45,3.09468317552804,0,-16.0641,4.11759799833194,1.37608385686463,0.451685660266874,1.30108445697626,0.601283991047423,33.3877563865537,51.0347891166449,14.7976986383577,0.969,3.95608738968062,3.43920674799665,0.832442903389189,0.505112958942417
1984-07-15,0.17,464.76,21.43,21.43,1684.57,0.7037917920306839,658.41,27.06629,750.88,3.17552224503765,2.27054970568104,0.715016154973943,0.219528466253919,0.207214753166224,16.85,1.1541095890411,212.45,3.09468317552804,0,-16.0641,4.11759799833194,1.37608385686463,0.451685660266874,1.30108445697626,0.601283991047423,33.3877563865537,51.0347891166449,14.7976986383577,0.969,3.95608738968062,3.43920674799665,0.832442903389189,0.505112958942417
1984-07-16,0.08,350.87,21.79,21.79,1736.44,0.6158178180268484,658.41,27.06629,750.88,3.17552224503765,2.27054970568104,0.715016154973943,0.219528466253919,0.207214753166224,16.85,1.1541095890411,212.45,3.09468317552804,0,-16.0641,4.11759799833194,1.37608385686463,0.451685660266874,1.30108445697626,0.601283991047423,33.3877563865537,51.0347891166449,14.7976986383577,0.969,3.95608738968062,3.43920674799665,0.832442903389189,0.505112958942417
1984-07-17,0.38,420.32,17.61,17.61,1292.57,0.5278438440230129,658.41,27.06629,750.88,3.17552224503765,2.27054970568104,0.715016154973943,0.219528466253919,0.207214753166224,16.85,1.1541095890411,212.45,3.09468317552804,0,-16.0641,4.11759799833194,1.37608385686463,0.451685660266874,1.30108445697626,0.601283991047423,33.3877563865537,51.0347891166449,14.7976986383577,0.969,3.95608738968062,3.43920674799665,0.832442903389189,0.505112958942417
1984-07-18,0.95,363.98,17.57,17.57,1318.96,0.4854860046878329,658.41,27.06629,750.88,3.17552224503765,2.27054970568104,0.715016154973943,0.219528466253919,0.207214753166224,16.85,1.1541095890411,212.45,3.09468317552804,0,-16.0641,4.11759799833194,1.37608385686463,0.451685660266874,1.30108445697626,0.601283991047423,33.3877563865537,51.0347891166449,14.7976986383577,0.969,3.95608738968062,3.43920674799665,0.832442903389189,0.505112958942417
1984-07-19,0.23,525.07,16.66,16.66,1198.16,0.4463864606861282,658.41,27.06629,750.88,3.17552224503765,2.27054970568104,0.715016154973943,0.219528466253919,0.207214753166224,16.85,1.1541095890411,212.45,3.09468317552804,0,-16.0641,4.11759799833194,1.37608385686463,0.451685660266874,1.30108445697626,0.601283991047423,33.3877563865537,51.0347891166449,14.7976986383577,0.969,3.95608738968062,3.43920674799665,0.832442903389189,0.505112958942417
1984-07-20,0.0,542.93,16.77,16.77,1171.2,0.4072869166844236,658.41,27.06629,750.88,3.17552224503765,2.27054970568104,0.715016154973943,0.219528466253919,0.207214753166224,16.85,1.1541095890411,212.45,3.09468317552804,0,-16.0641,4.11759799833194,1.37608385686463,0.451685660266874,1.30108445697626,0.601283991047423,33.3877563865537,51.0347891166449,14.7976986383577,0.969,3.95608738968062,3.43920674799665,0.832442903389189,0.505112958942417
1984-07-21,0.0,542.56,17.62,17.62,1238.47,0.3714456680161943,658.41,27.06629,750.88,3.17552224503765,2.27054970568104,0.715016154973943,0.219528466253919,0.207214753166224,16.85,1.1541095890411,212.45,3.09468317552804,0,-16.0641,4.11759799833194,1.37608385686463,0.451685660266874,1.30108445697626,0.601283991047423,33.3877563865537,51.0347891166449,14.7976986383577,0.969,3.95608738968062,3.43920674799665,0.832442903389189,0.505112958942417
1984-07-22,0.0,534.72,19.31,19.31,1379.54,0.33560441934796503,658.41,27.06629,750.88,3.17552224503765,2.27054970568104,0.715016154973943,0.219528466253919,0.207214753166224,16.85,1.1541095890411,212.45,3.09468317552804,0,-16.0641,4.11759799833194,1.37608385686463,0.451685660266874,1.30108445697626,0.601283991047423,33.3877563865537,51.0347891166449,14.7976986383577,0.969,3.95608738968062,3.43920674799665,0.832442903389189,0.505112958942417
1984-07-23,0.0,530.39,21.0,21.0,1581.99,0.30953805668016193,658.41,27.06629,750.88,3.17552224503765,2.27054970568104,0.715016154973943,0.219528466253919,0.207214753166224,16.85,1.1541095890411,212.45,3.09468317552804,0,-16.0641,4.11759799833194,1.37608385686463,0.451685660266874,1.30108445697626,0.601283991047423,33.3877563865537,51.0347891166449,14.7976986383577,0.969,3.95608738968062,3.43920674799665,0.832442903389189,0.505112958942417
1984-07-24,0.07,348.73,22.1,22.1,1740.77,0.2899882846793096,658.41,27.06629,750.88,3.17552224503765,2.27054970568104,0.715016154973943,0.219528466253919,0.207214753166224,16.85,1.1541095890411,212.45,3.09468317552804,0,-16.0641,4.11759799833194,1.37608385686463,0.451685660266874,1.30108445697626,0.601283991047423,33.3877563865537,51.0347891166449,14.7976986383577,0.969,3.95608738968062,3.43920674799665,0.832442903389189,0.505112958942417
1984-07-25,9.45,399.7,16.38,16.38,1164.97,0.2671802173449819,658.41,27.06629,750.88,3.17552224503765,2.27054970568104,0.715016154973943,0.219528466253919,0.207214753166224,16.85,1.1541095890411,212.45,3.09468317552804,0,-16.0641,4.11759799833194,1.37608385686463,0.451685660266874,1.30108445697626,0.601283991047423,33.3877563865537,51.0347891166449,14.7976986383577,0.969,3.95608738968062,3.43920674799665,0.832442903389189,0.505112958942417
1984-07-26,24.28,418.0,14.83,14.83,1056.28,0.24437215001065415,658.41,27.06629,750.88,3.17552224503765,2.27054970568104,0.715016154973943,0.219528466253919,0.207214753166224,16.85,1.1541095890411,212.45,3.09468317552804,0,-16.0641,4.11759799833194,1.37608385686463,0.451685660266874,1.30108445697626,0.601283991047423,33.3877563865537,51.0347891166449,14.7976986383577,0.969,3.95608738968062,3.43920674799665,0.832442903389189,0.505112958942417
1984-07-27,7.86,348.24,16.12,16.12,1225.88,1.375000630726614,658.41,27.06629,750.88,3.17552224503765,2.27054970568104,0.715016154973943,0.219528466253919,0.207214753166224,16.85,1.1541095890411,212.45,3.09468317552804,0,-16.0641,4.11759799833194,1.37608385686463,0.451685660266874,1.30108445697626,0.601283991047423,33.3877563865537,51.0347891166449,14.7976986383577,0.969,3.95608738968062,3.43920674799665,0.832442903389189,0.505112958942417
1984-07-28,0.56,490.15,14.66,14.66,1121.24,0.6614339526955039,658.41,27.06629,750.88,3.17552224503765,2.27054970568104,0.715016154973943,0.219528466253919,0.207214753166224,16.85,1.1541095890411,212.45,3.09468317552804,0,-16.0641,4.11759799833194,1.37608385686463,0.451685660266874,1.30108445697626,0.601283991047423,33.3877563865537,51.0347891166449,14.7976986383577,0.969,3.95608738968062,3.43920674799665,0.832442903389189,0.505112958942417
1984-07-29,0.0,527.69,14.95,14.95,1099.3,0.4138035073513744,658.41,27.06629,750.88,3.17552224503765,2.27054970568104,0.715016154973943,0.219528466253919,0.207214753166224,16.85,1.1541095890411,212.45,3.09468317552804,0,-16.0641,4.11759799833194,1.37608385686463,0.451685660266874,1.30108445697626,0.601283991047423,33.3877563865537,51.0347891166449,14.7976986383577,0.969,3.95608738968062,3.43920674799665,0.832442903389189,0.505112958942417
1984-07-30,0.0,541.03,16.47,16.47,1155.12,0.3486376006818666,658.41,27.06629,750.88,3.17552224503765,2.27054970568104,0.715016154973943,0.219528466253919,0.207214753166224,16.85,1.1541095890411,212.45,3.09468317552804,0,-16.0641,4.11759799833194,1.37608385686463,0.451685660266874,1.30108445697626,0.601283991047423,33.3877563865537,51.0347891166449,14.7976986383577,0.969,3.95608738968062,3.43920674799665,0.832442903389189,0.505112958942417
1984-07-31,0.0,532.26,17.95,17.95,1288.18,0.30953805668016193,658.41,27.06629,750.88,3.17552224503765,2.27054970568104,0.715016154973943,0.219528466253919,0.207214753166224,16.85,1.1541095890411,212.45,3.09468317552804,0,-16.0641,4.11759799833194,1.37608385686463,0.451685660266874,1.30108445697626,0.601283991047423,33.3877563865537,51.0347891166449,14.7976986383577,0.969,3.95608738968062,3.43920674799665,0.832442903389189,0.505112958942417
1984-08-01,0.31,387.25,19.76,19.76,1517.09,0.27043851267845725,658.41,27.06629,750.88,3.17552224503765,2.27054970568104,0.715016154973943,0.219528466253919,0.207214753166224,16.85,1.1541095890411,212.45,3.09468317552804,0,-16.0641,4.11759799833194,1.37608385686463,0.451685660266874,1.30108445697626,0.601283991047423,33.3877563865537,51.0347891166449,14.7976986383577,0.969,3.95608738968062,3.43920674799665,0.832442903389189,0.505112958942417
1984-08-02,1.47,371.29,20.94,20.94,1660.78,0.25414703601108035,658.41,27.06629,750.88,3.17552224503765,2.27054970568104,0.715016154973943,0.219528466253919,0.207214753166224,16.85,1.1541095890411,212.45,3.09468317552804,0,-16.0641,4.11759799833194,1.37608385686463,0.451685660266874,1.30108445697626,0.601283991047423,33.3877563865537,51.0347891166449,14.7976986383577,0.969,3.95608738968062,3.43920674799665,0.832442903389189,0.505112958942417
1984-08-03,6.14,309.05,21.28,21.28,1797.48,0.2508887406776049,658.41,27.06629,750.88,3.17552224503765,2.27054970568104,0.715016154973943,0.219528466253919,0.207214753166224,16.85,1.1541095890411,212.45,3.09468317552804,0,-16.0641,4.11759799833194,1.37608385686463,0.451685660266874,1.30108445697626,0.601283991047423,33.3877563865537,51.0347891166449,14.7976986383577,0.969,3.95608738968062,3.43920674799665,0.832442903389189,0.505112958942417
1984-08-04,10.15,301.41,20.84,20.84,1803.15,0.3649290773492435,658.41,27.06629,750.88,3.17552224503765,2.27054970568104,0.715016154973943,0.219528466253919,0.207214753166224,16.85,1.1541095890411,212.45,3.09468317552804,0,-16.0641,4.11759799833194,1.37608385686463,0.451685660266874,1.30108445697626,0.601283991047423,33.3877563865537,51.0347891166449,14.7976986383577,0.969,3.95608738968062,3.43920674799665,0.832442903389189,0.505112958942417
1984-08-05,3.13,315.86,20.61,20.61,1744.4,0.7656994033667164,658.41,27.06629,750.88,3.17552224503765,2.27054970568104,0.715016154973943,0.219528466253919,0.207214753166224,16.85,1.1541095890411,212.45,3.09468317552804,0,-16.0641,4.11759799833194,1.37608385686463,0.451685660266874,1.30108445697626,0.601283991047423,33.3877563865537,51.0347891166449,14.7976986383577,0.969,3.95608738968062,3.43920674799665,0.832442903389189,0.505112958942417
1984-08-06,3.06,367.33,20.22,20.22,1654.37,0.45616134668655445,658.41,27.06629,750.88,3.17552224503765,2.27054970568104,0.715016154973943,0.219528466253919,0.207214753166224,16.85,1.1541095890411,212.45,3.09468317552804,0,-16.0641,4.11759799833194,1.37608385686463,0.451685660266874,1.30108445697626,0.601283991047423,33.3877563865537,51.0347891166449,14.7976986383577,0.969,3.95608738968062,3.43920674799665,0.832442903389189,0.505112958942417
1984-08-07,1.09,314.47,21.74,21.74,1822.33,0.3779622586831451,658.41,27.06629,750.88,3.17552224503765,2.27054970568104,0.715016154973943,0.219528466253919,0.207214753166224,16.85,1.1541095890411,212.45,3.09468317552804,0,-16.0641,4.11759799833194,1.37608385686463,0.451685660266874,1.30108445697626,0.601283991047423,33.3877563865537,51.0347891166449,14.7976986383577,0.969,3.95608738968062,3.43920674799665,0.832442903389189,0.505112958942417
1984-08-08,0.62,428.02,21.35,21.35,1753.21,0.3258295333475389,658.41,27.06629,750.88,3.17552224503765,2.27054970568104,0.715016154973943,0.219528466253919,0.207214753166224,16.85,1.1541095890411,212.45,3.09468317552804,0,-16.0641,4.11759799833194,1.37608385686463,0.451685660266874,1.30108445697626,0.601283991047423,33.3877563865537,51.0347891166449,14.7976986383577,0.969,3.95608738968062,3.43920674799665,0.832442903389189,0.505112958942417
1984-08-09,4.26,334.65,22.72,22.72,1924.34,0.29650487534626035,658.41,27.06629,750.88,3.17552224503765,2.27054970568104,0.715016154973943,0.219528466253919,0.207214753166224,16.85,1.1541095890411,212.45,3.09468317552804,0,-16.0641,4.11759799833194,1.37608385686463,0.451685660266874,1.30108445697626,0.601283991047423,33.3877563865537,51.0347891166449,14.7976986383577,0.969,3.95608738968062,3.43920674799665,0.832442903389189,0.505112958942417
1984-08-10,11.43,336.65,23.02,23.02,1937.77,0.2834716940123588,658.41,27.06629,750.88,3.17552224503765,2.27054970568104,0.715016154973943,0.219528466253919,0.207214753166224,16.85,1.1541095890411,212.45,3.09468317552804,0,-16.0641,4.11759799833194,1.37608385686463,0.451685660266874,1.30108445697626,0.601283991047423,33.3877563865537,51.0347891166449,14.7976986383577,0.969,3.95608738968062,3.43920674799665,0.832442903389189,0.505112958942417
1984-08-11,18.79,301.67,21.91,21.91,1874.91,0.8308653100362241,658.41,27.06629,750.88,3.17552224503765,2.27054970568104,0.715016154973943,0.219528466253919,0.207214753166224,16.85,1.1541095890411,212.45,3.09468317552804,0,-16.0641,4.11759799833194,1.37608385686463,0.451685660266874,1.30108445697626,0.601283991047423,33.3877563865537,51.0347891166449,14.7976986383577,0.969,3.95608738968062,3.43920674799665,0.832442903389189,0.505112958942417
1984-08-12,30.12,162.58,19.56,19.56,1852.81,2.231932303430641,658.41,27.06629,750.88,3.17552224503765,2.27054970568104,0.715016154973943,0.219528466253919,0.207214753166224,16.85,1.1541095890411,212.45,3.09468317552804,0,-16.0641,4.11759799833194,1.37608385686463,0.451685660266874,1.30108445697626,0.601283991047423,33.3877563865537,51.0347891166449,14.7976986383577,0.969,3.95608738968062,3.43920674799665,0.832442903389189,0.505112958942417
1984-08-13,24.84,238.52,20.37,20.37,1938.35,5.962680460259961,658.41,27.06629,750.88,3.17552224503765,2.27054970568104,0.715016154973943,0.219528466253919,0.207214753166224,16.85,1.1541095890411,212.45,3.09468317552804,0,-16.0641,4.11759799833194,1.37608385686463,0.451685660266874,1.30108445697626,0.601283991047423,33.3877563865537,51.0347891166449,14.7976986383577,0.969,3.95608738968062,3.43920674799665,0.832442903389189,0.505112958942417
1984-08-14,14.09,224.2,20.87,20.87,1935.18,13.196096100575325,658.41,27.06629,750.88,3.17552224503765,2.27054970568104,0.715016154973943,0.219528466253919,0.207214753166224,16.85,1.1541095890411,212.45,3.09468317552804,0,-16.0641,4.11759799833194,1.37608385686463,0.451685660266874,1.30108445697626,0.601283991047423,33.3877563865537,51.0347891166449,14.7976986383577,0.969,3.95608738968062,3.43920674799665,0.832442903389189,0.505112958942417
1984-08-15,3.52,329.1,20.39,20.39,1730.5,8.243487193692733,658.41,27.06629,750.88,3.17552224503765,2.27054970568104,0.715016154973943,0.219528466253919,0.207214753166224,16.85,1.1541095890411,212.45,3.09468317552804,0,-16.0641,4.11759799833194,1.37608385686463,0.451685660266874,1.30108445697626,0.601283991047423,33.3877563865537,51.0347891166449,14.7976986383577,0.969,3.95608738968062,3.43920674799665,0.832442903389189,0.505112958942417
1984-08-16,2.35,368.49,20.12,20.12,1579.4,3.3886271468144042,658.41,27.06629,750.88,3.17552224503765,2.27054970568104,0.715016154973943,0.219528466253919,0.207214753166224,16.85,1.1541095890411,212.45,3.09468317552804,0,-16.0641,4.11759799833194,1.37608385686463,0.451685660266874,1.30108445697626,0.601283991047423,33.3877563865537,51.0347891166449,14.7976986383577,0.969,3.95608738968062,3.43920674799665,0.832442903389189,0.505112958942417
1984-08-17,0.55,417.18,19.88,19.88,1528.67,2.4209134327722137,658.41,27.06629,750.88,3.17552224503765,2.27054970568104,0.715016154973943,0.219528466253919,0.207214753166224,16.85,1.1541095890411,212.45,3.09468317552804,0,-16.0641,4.11759799833194,1.37608385686463,0.451685660266874,1.30108445697626,0.601283991047423,33.3877563865537,51.0347891166449,14.7976986383577,0.969,3.95608738968062,3.43920674799665,0.832442903389189,0.505112958942417
1984-08-18,3.21,395.91,14.95,14.95,1117.37,1.710605050074579,658.41,27.06629,750.88,3.17552224503765,2.27054970568104,0.715016154973943,0.219528466253919,0.207214753166224,16.85,1.1541095890411,212.45,3.09468317552804,0,-16.0641,4.11759799833194,1.37608385686463,0.451685660266874,1.30108445697626,0.601283991047423,33.3877563865537,51.0347891166449,14.7976986383577,0.969,3.95608738968062,3.43920674799665,0.832442903389189,0.505112958942417
1984-08-19,4.94,351.36,16.73,16.73,1242.31,1.7497045940762836,658.41,27.06629,750.88,3.17552224503765,2.27054970568104,0.715016154973943,0.219528466253919,0.207214753166224,16.85,1.1541095890411,212.45,3.09468317552804,0,-16.0641,4.11759799833194,1.37608385686463,0.451685660266874,1.30108445697626,0.601283991047423,33.3877563865537,51.0347891166449,14.7976986383577,0.969,3.95608738968062,3.43920674799665,0.832442903389189,0.505112958942417
1984-08-20,1.08,474.09,13.47,13.47,1013.3,1.544431988067334,658.41,27.06629,750.88,3.17552224503765,2.27054970568104,0.715016154973943,0.219528466253919,0.207214753166224,16.85,1.1541095890411,212.45,3.09468317552804,0,-16.0641,4.11759799833194,1.37608385686463,0.451685660266874,1.30108445697626,0.601283991047423,33.3877563865537,51.0347891166449,14.7976986383577,0.969,3.95608738968062,3.43920674799665,0.832442903389189,0.505112958942417
1984-08-21,1.83,410.16,12.57,12.57,886.42,1.107820413381632,658.41,27.06629,750.88,3.17552224503765,2.27054970568104,0.715016154973943,0.219528466253919,0.207214753166224,16.85,1.1541095890411,212.45,3.09468317552804,0,-16.0641,4.11759799833194,1.37608385686463,0.451685660266874,1.30108445697626,0.601283991047423,33.3877563865537,51.0347891166449,14.7976986383577,0.969,3.95608738968062,3.43920674799665,0.832442903389189,0.505112958942417
1984-08-22,7.24,393.36,15.97,15.97,1116.21,0.9318724653739611,658.41,27.06629,750.88,3.17552224503765,2.27054970568104,0.715016154973943,0.219528466253919,0.207214753166224,16.85,1.1541095890411,212.45,3.09468317552804,0,-16.0641,4.11759799833194,1.37608385686463,0.451685660266874,1.30108445697626,0.601283991047423,33.3877563865537,51.0347891166449,14.7976986383577,0.969,3.95608738968062,3.43920674799665,0.832442903389189,0.505112958942417
1984-08-23,2.33,335.11,17.64,17.64,1314.04,1.508590739399105,658.41,27.06629,750.88,3.17552224503765,2.27054970568104,0.715016154973943,0.219528466253919,0.207214753166224,16.85,1.1541095890411,212.45,3.09468317552804,0,-16.0641,4.11759799833194,1.37608385686463,0.451685660266874,1.30108445697626,0.601283991047423,33.3877563865537,51.0347891166449,14.7976986383577,0.969,3.95608738968062,3.43920674799665,0.832442903389189,0.505112958942417
1984-08-24,0.14,492.49,14.52,14.52,1060.11,0.9677137140421904,658.41,27.06629,750.88,3.17552224503765,2.27054970568104,0.715016154973943,0.219528466253919,0.207214753166224,16.85,1.1541095890411,212.45,3.09468317552804,0,-16.0641,4.11759799833194,1.37608385686463,0.451685660266874,1.30108445697626,0.601283991047423,33.3877563865537,51.0347891166449,14.7976986383577,0.969,3.95608738968062,3.43920674799665,0.832442903389189,0.505112958942417
1984-08-25,0.0,519.17,13.57,13.57,953.34,0.7689576987001917,658.41,27.06629,750.88,3.17552224503765,2.27054970568104,0.715016154973943,0.219528466253919,0.207214753166224,16.85,1.1541095890411,212.45,3.09468317552804,0,-16.0641,4.11759799833194,1.37608385686463,0.451685660266874,1.30108445697626,0.601283991047423,33.3877563865537,51.0347891166449,14.7976986383577,0.969,3.95608738968062,3.43920674799665,0.832442903389189,0.505112958942417
1984-08-26,0.0,515.9,15.33,15.33,1049.03,0.6484007713616023,658.41,27.06629,750.88,3.17552224503765,2.27054970568104,0.715016154973943,0.219528466253919,0.207214753166224,16.85,1.1541095890411,212.45,3.09468317552804,0,-16.0641,4.11759799833194,1.37608385686463,0.451685660266874,1.30108445697626,0.601283991047423,33.3877563865537,51.0347891166449,14.7976986383577,0.969,3.95608738968062,3.43920674799665,0.832442903389189,0.505112958942417
1984-08-27,0.26,388.86,17.0,17.0,1199.97,0.570201683358193,658.41,27.06629,750.88,3.17552224503765,2.27054970568104,0.715016154973943,0.219528466253919,0.207214753166224,16.85,1.1541095890411,212.45,3.09468317552804,0,-16.0641,4.11759799833194,1.37608385686463,0.451685660266874,1.30108445697626,0.601283991047423,33.3877563865537,51.0347891166449,14.7976986383577,0.969,3.95608738968062,3.43920674799665,0.832442903389189,0.505112958942417
1984-08-28,4.44,358.91,18.59,18.59,1430.44,0.5180689580225868,658.41,27.06629,750.88,3.17552224503765,2.27054970568104,0.715016154973943,0.219528466253919,0.207214753166224,16.85,1.1541095890411,212.45,3.09468317552804,0,-16.0641,4.11759799833194,1.37608385686463,0.451685660266874,1.30108445697626,0.601283991047423,33.3877563865537,51.0347891166449,14.7976986383577,0.969,3.95608738968062,3.43920674799665,0.832442903389189,0.505112958942417
1984-08-29,2.46,317.97,20.73,20.73,1727.23,0.553910206690816,658.41,27.06629,750.88,3.17552224503765,2.27054970568104,0.715016154973943,0.219528466253919,0.207214753166224,16.85,1.1541095890411,212.45,3.09468317552804,0,-16.0641,4.11759799833194,1.37608385686463,0.451685660266874,1.30108445697626,0.601283991047423,33.3877563865537,51.0347891166449,14.7976986383577,0.969,3.95608738968062,3.43920674799665,0.832442903389189,0.505112958942417
1984-08-30,3.21,292.91,21.17,21.17,1726.62,0.4920025953547837,658.41,27.06629,750.88,3.17552224503765,2.27054970568104,0.715016154973943,0.219528466253919,0.207214753166224,16.85,1.1541095890411,212.45,3.09468317552804,0,-16.0641,4.11759799833194,1.37608385686463,0.451685660266874,1.30108445697626,0.601283991047423,33.3877563865537,51.0347891166449,14.7976986383577,0.969,3.95608738968062,3.43920674799665,0.832442903389189,0.505112958942417
1984-08-31,0.77,450.47,16.63,16.63,1235.01,0.45616134668655445,658.41,27.06629,750.88,3.17552224503765,2.27054970568104,0.715016154973943,0.219528466253919,0.207214753166224,16.85,1.1541095890411,212.45,3.09468317552804,0,-16.0641,4.11759799833194,1.37608385686463,0.451685660266874,1.30108445697626,0.601283991047423,33.3877563865537,51.0347891166449,14.7976986383577,0.969,3.95608738968062,3.43920674799665,0.832442903389189,0.505112958942417
1984-09-01,1.77,359.73,14.69,14.69,1115.32,0.3909954400170466,658.41,27.06629,750.88,3.17552224503765,2.27054970568104,0.715016154973943,0.219528466253919,0.207214753166224,16.85,1.1541095890411,212.45,3.09468317552804,0,-16.0641,4.11759799833194,1.37608385686463,0.451685660266874,1.30108445697626,0.601283991047423,33.3877563865537,51.0347891166449,14.7976986383577,0.969,3.95608738968062,3.43920674799665,0.832442903389189,0.505112958942417
1984-09-02,5.18,364.12,16.94,16.94,1276.91,0.35515419134881737,658.41,27.06629,750.88,3.17552224503765,2.27054970568104,0.715016154973943,0.219528466253919,0.207214753166224,16.85,1.1541095890411,212.45,3.09468317552804,0,-16.0641,4.11759799833194,1.37608385686463,0.451685660266874,1.30108445697626,0.601283991047423,33.3877563865537,51.0347891166449,14.7976986383577,0.969,3.95608738968062,3.43920674799665,0.832442903389189,0.505112958942417
1984-09-03,6.94,288.19,18.76,18.76,1474.16,0.58649316002557,658.41,27.06629,750.88,3.17552224503765,2.27054970568104,0.715016154973943,0.219528466253919,0.207214753166224,16.85,1.1541095890411,212.45,3.09468317552804,0,-16.0641,4.11759799833194,1.37608385686463,0.451685660266874,1.30108445697626,0.601283991047423,33.3877563865537,51.0347891166449,14.7976986383577,0.969,3.95608738968062,3.43920674799665,0.832442903389189,0.505112958942417
1984-09-04,1.5,344.44,14.11,14.11,1147.84,0.62885099936075,658.41,27.06629,750.88,3.17552224503765,2.27054970568104,0.715016154973943,0.219528466253919,0.207214753166224,16.85,1.1541095890411,212.45,3.09468317552804,0,-16.0641,4.11759799833194,1.37608385686463,0.451685660266874,1.30108445697626,0.601283991047423,33.3877563865537,51.0347891166449,14.7976986383577,0.969,3.95608738968062,3.43920674799665,0.832442903389189,0.505112958942417
1984-09-05,0.0,433.71,10.66,10.66,873.62,0.44312816535265287,658.41,27.06629,750.88,3.17552224503765,2.27054970568104,0.715016154973943,0.219528466253919,0.207214753166224,16.85,1.1541095890411,212.45,3.09468317552804,0,-16.0641,4.11759799833194,1.37608385686463,0.451685660266874,1.30108445697626,0.601283991047423,33.3877563865537,51.0347891166449,14.7976986383577,0.969,3.95608738968062,3.43920674799665,0.832442903389189,0.505112958942417
1984-09-06,0.0,485.45,8.77,8.77,714.0,0.3779622586831451,658.41,27.06629,750.88,3.17552224503765,2.27054970568104,0.715016154973943,0.219528466253919,0.207214753166224,16.85,1.1541095890411,212.45,3.09468317552804,0,-16.0641,4.11759799833194,1.37608385686463,0.451685660266874,1.30108445697626,0.601283991047423,33.3877563865537,51.0347891166449,14.7976986383577,0.969,3.95608738968062,3.43920674799665,0.832442903389189,0.505112958942417
1984-09-07,0.0,504.27,9.24,9.24,744.8,0.3388627146814404,658.41,27.06629,750.88,3.17552224503765,2.27054970568104,0.715016154973943,0.219528466253919,0.207214753166224,16.85,1.1541095890411,212.45,3.09468317552804,0,-16.0641,4.11759799833194,1.37608385686463,0.451685660266874,1.30108445697626,0.601283991047423,33.3877563865537,51.0347891166449,14.7976986383577,0.969,3.95608738968062,3.43920674799665,0.832442903389189,0.505112958942417
1984-09-08,0.0,463.9,14.43,14.43,1075.63,0.30627976134668655,658.41,27.06629,750.88,3.17552224503765,2.27054970568104,0.715016154973943,0.219528466253919,0.207214753166224,16.85,1.1541095890411,212.45,3.09468317552804,0,-16.0641,4.11759799833194,1.37608385686463,0.451685660266874,1.30108445697626,0.601283991047423,33.3877563865537,51.0347891166449,14.7976986383577,0.969,3.95608738968062,3.43920674799665,0.832442903389189,0.505112958942417
1984-09-09,0.15,342.99,16.53,16.53,1285.58,0.2834716940123588,658.41,27.06629,750.88,3.17552224503765,2.27054970568104,0.715016154973943,0.219528466253919,0.207214753166224,16.85,1.1541095890411,212.45,3.09468317552804,0,-16.0641,4.11759799833194,1.37608385686463,0.451685660266874,1.30108445697626,0.601283991047423,33.3877563865537,51.0347891166449,14.7976986383577,0.969,3.95608738968062,3.43920674799665,0.832442903389189,0.505112958942417
1984-09-10,2.49,247.3,17.01,17.01,1445.17,0.27043851267845725,658.41,27.06629,750.88,3.17552224503765,2.27054970568104,0.715016154973943,0.219528466253919,0.207214753166224,16.85,1.1541095890411,212.45,3.09468317552804,0,-16.0641,4.11759799833194,1.37608385686463,0.451685660266874,1.30108445697626,0.601283991047423,33.3877563865537,51.0347891166449,14.7976986383577,0.969,3.95608738968062,3.43920674799665,0.832442903389189,0.505112958942417
1984-09-11,4.47,299.56,17.47,17.47,1419.6,0.30953805668016193,658.41,27.06629,750.88,3.17552224503765,2.27054970568104,0.715016154973943,0.219528466253919,0.207214753166224,16.85,1.1541095890411,212.45,3.09468317552804,0,-16.0641,4.11759799833194,1.37608385686463,0.451685660266874,1.30108445697626,0.601283991047423,33.3877563865537,51.0347891166449,14.7976986383577,0.969,3.95608738968062,3.43920674799665,0.832442903389189,0.505112958942417
1984-09-12,3.87,290.56,15.74,15.74,1263.12,0.47245282335393135,658.41,27.06629,750.88,3.17552224503765,2.27054970568104,0.715016154973943,0.219528466253919,0.207214753166224,16.85,1.1541095890411,212.45,3.09468317552804,0,-16.0641,4.11759799833194,1.37608385686463,0.451685660266874,1.30108445697626,0.601283991047423,33.3877563865537,51.0347891166449,14.7976986383577,0.969,3.95608738968062,3.43920674799665,0.832442903389189,0.505112958942417
1984-09-13,10.45,344.06,15.53,15.53,1179.26,0.32257123801406345,658.41,27.06629,750.88,3.17552224503765,2.27054970568104,0.715016154973943,0.219528466253919,0.207214753166224,16.85,1.1541095890411,212.45,3.09468317552804,0,-16.0641,4.11759799833194,1.37608385686463,0.451685660266874,1.30108445697626,0.601283991047423,33.3877563865537,51.0347891166449,14.7976986383577,0.969,3.95608738968062,3.43920674799665,0.832442903389189,0.505112958942417
1984-09-14,3.24,293.81,17.09,17.09,1290.92,0.5376187300234391,658.41,27.06629,750.88,3.17552224503765,2.27054970568104,0.715016154973943,0.219528466253919,0.207214753166224,16.85,1.1541095890411,212.45,3.09468317552804,0,-16.0641,4.11759799833194,1.37608385686463,0.451685660266874,1.30108445697626,0.601283991047423,33.3877563865537,51.0347891166449,14.7976986383577,0.969,3.95608738968062,3.43920674799665,0.832442903389189,0.505112958942417
1984-09-15,2.23,262.8,12.17,12.17,987.22,0.4366115746857021,658.41,27.06629,750.88,3.17552224503765,2.27054970568104,0.715016154973943,0.219528466253919,0.207214753166224,16.85,1.1541095890411,212.45,3.09468317552804,0,-16.0641,4.11759799833194,1.37608385686463,0.451685660266874,1.30108445697626,0.601283991047423,33.3877563865537,51.0347891166449,14.7976986383577,0.969,3.95608738968062,3.43920674799665,0.832442903389189,0.505112958942417
1984-09-16,0.54,421.5,7.38,7.38,704.15,0.4333532793522267,658.41,27.06629,750.88,3.17552224503765,2.27054970568104,0.715016154973943,0.219528466253919,0.207214753166224,16.85,1.1541095890411,212.45,3.09468317552804,0,-16.0641,4.11759799833194,1.37608385686463,0.451685660266874,1.30108445697626,0.601283991047423,33.3877563865537,51.0347891166449,14.7976986383577,0.969,3.95608738968062,3.43920674799665,0.832442903389189,0.505112958942417
1984-09-17,0.0,468.12,8.25,8.25,674.62,0.3486376006818666,658.41,27.06629,750.88,3.17552224503765,2.27054970568104,0.715016154973943,0.219528466253919,0.207214753166224,16.85,1.1541095890411,212.45,3.09468317552804,0,-16.0641,4.11759799833194,1.37608385686463,0.451685660266874,1.30108445697626,0.601283991047423,33.3877563865537,51.0347891166449,14.7976986383577,0.969,3.95608738968062,3.43920674799665,0.832442903389189,0.505112958942417
1984-09-18,0.0,467.03,10.09,10.09,728.43,0.30627976134668655,658.41,27.06629,750.88,3.17552224503765,2.27054970568104,0.715016154973943,0.219528466253919,0.207214753166224,16.85,1.1541095890411,212.45,3.09468317552804,0,-16.0641,4.11759799833194,1.37608385686463,0.451685660266874,1.30108445697626,0.601283991047423,33.3877563865537,51.0347891166449,14.7976986383577,0.969,3.95608738968062,3.43920674799665,0.832442903389189,0.505112958942417
1984-09-19,0.0,460.3,12.47,12.47,848.55,0.2834716940123588,658.41,27.06629,750.88,3.17552224503765,2.27054970568104,0.715016154973943,0.219528466253919,0.207214753166224,16.85,1.1541095890411,212.45,3.09468317552804,0,-16.0641,4.11759799833194,1.37608385686463,0.451685660266874,1.30108445697626,0.601283991047423,33.3877563865537,51.0347891166449,14.7976986383577,0.969,3.95608738968062,3.43920674799665,0.832442903389189,0.505112958942417
1984-09-20,0.0,451.99,14.58,14.58,934.75,0.2671802173449819,658.41,27.06629,750.88,3.17552224503765,2.27054970568104,0.715016154973943,0.219528466253919,0.207214753166224,16.85,1.1541095890411,212.45,3.09468317552804,0,-16.0641,4.11759799833194,1.37608385686463,0.451685660266874,1.30108445697626,0.601283991047423,33.3877563865537,51.0347891166449,14.7976986383577,0.969,3.95608738968062,3.43920674799665,0.832442903389189,0.505112958942417
1984-09-21,0.0,453.38,13.28,13.28,877.16,0.24763044534412954,658.41,27.06629,750.88,3.17552224503765,2.27054970568104,0.715016154973943,0.219528466253919,0.207214753166224,16.85,1.1541095890411,212.45,3.09468317552804,0,-16.0641,4.11759799833194,1.37608385686463,0.451685660266874,1.30108445697626,0.601283991047423,33.3877563865537,51.0347891166449,14.7976986383577,0.969,3.95608738968062,3.43920674799665,0.832442903389189,0.505112958942417
1984-09-22,0.07,353.69,14.19,14.19,1000.77,0.22808067334327722,658.41,27.06629,750.88,3.17552224503765,2.27054970568104,0.715016154973943,0.219528466253919,0.207214753166224,16.85,1.1541095890411,212.45,3.09468317552804,0,-16.0641,4.11759799833194,1.37608385686463,0.451685660266874,1.30108445697626,0.601283991047423,33.3877563865537,51.0347891166449,14.7976986383577,0.969,3.95608738968062,3.43920674799665,0.832442903389189,0.505112958942417
1984-09-23,1.18,278.57,17.66,17.66,1387.88,0.21504749200937565,658.41,27.06629,750.88,3.17552224503765,2.27054970568104,0.715016154973943,0.219528466253919,0.207214753166224,16.85,1.1541095890411,212.45,3.09468317552804,0,-16.0641,4.11759799833194,1.37608385686463,0.451685660266874,1.30108445697626,0.601283991047423,33.3877563865537,51.0347891166449,14.7976986383577,0.969,3.95608738968062,3.43920674799665,0.832442903389189,0.505112958942417
1984-09-24,1.25,209.02,18.07,18.07,1577.31,0.21178919667590027,658.41,27.06629,750.88,3.17552224503765,2.27054970568104,0.715016154973943,0.219528466253919,0.207214753166224,16.85,1.1541095890411,212.45,3.09468317552804,0,-16.0641,4.11759799833194,1.37608385686463,0.451685660266874,1.30108445697626,0.601283991047423,33.3877563865537,51.0347891166449,14.7976986383577,0.969,3.95608738968062,3.43920674799665,0.832442903389189,0.505112958942417
1984-09-25,4.0,212.32,18.15,18.15,1531.39,0.21830578734285105,658.41,27.06629,750.88,3.17552224503765,2.27054970568104,0.715016154973943,0.219528466253919,0.207214753166224,16.85,1.1541095890411,212.45,3.09468317552804,0,-16.0641,4.11759799833194,1.37608385686463,0.451685660266874,1.30108445697626,0.601283991047423,33.3877563865537,51.0347891166449,14.7976986383577,0.969,3.95608738968062,3.43920674799665,0.832442903389189,0.505112958942417
1984-09-26,1.23,310.62,13.62,13.62,995.29,0.22482237800980182,658.41,27.06629,750.88,3.17552224503765,2.27054970568104,0.715016154973943,0.219528466253919,0.207214753166224,16.85,1.1541095890411,212.45,3.09468317552804,0,-16.0641,4.11759799833194,1.37608385686463,0.451685660266874,1.30108445697626,0.601283991047423,33.3877563865537,51.0347891166449,14.7976986383577,0.969,3.95608738968062,3.43920674799665,0.832442903389189,0.505112958942417
1984-09-27,0.62,261.2,6.17,6.17,657.1,0.21830578734285105,658.41,27.06629,750.88,3.17552224503765,2.27054970568104,0.715016154973943,0.219528466253919,0.207214753166224,16.85,1.1541095890411,212.45,3.09468317552804,0,-16.0641,4.11759799833194,1.37608385686463,0.451685660266874,1.30108445697626,0.601283991047423,33.3877563865537,51.0347891166449,14.7976986383577,0.969,3.95608738968062,3.43920674799665,0.832442903389189,0.505112958942417
1984-09-28,0.15,319.98,4.72,4.72,631.71,0.21178919667590027,658.41,27.06629,750.88,3.17552224503765,2.27054970568104,0.715016154973943,0.219528466253919,0.207214753166224,16.85,1.1541095890411,212.45,3.09468317552804,0,-16.0641,4.11759799833194,1.37608385686463,0.451685660266874,1.30108445697626,0.601283991047423,33.3877563865537,51.0347891166449,14.7976986383577,0.969,3.95608738968062,3.43920674799665,0.832442903389189,0.505112958942417
1984-09-29,0.15,291.78,5.55,5.55,632.46,0.20527260600894948,658.41,27.06629,750.88,3.17552224503765,2.27054970568104,0.715016154973943,0.219528466253919,0.207214753166224,16.85,1.1541095890411,212.45,3.09468317552804,0,-16.0641,4.11759799833194,1.37608385686463,0.451685660266874,1.30108445697626,0.601283991047423,33.3877563865537,51.0347891166449,14.7976986383577,0.969,3.95608738968062,3.43920674799665,0.832442903389189,0.505112958942417
1984-09-30,3.7,315.53,5.91,5.91,607.13,0.1954977200085233,658.41,27.06629,750.88,3.17552224503765,2.27054970568104,0.715016154973943,0.219528466253919,0.207214753166224,16.85,1.1541095890411,212.45,3.09468317552804,0,-16.0641,4.11759799833194,1.37608385686463,0.451685660266874,1.30108445697626,0.601283991047423,33.3877563865537,51.0347891166449,14.7976986383577,0.969,3.95608738968062,3.43920674799665,0.832442903389189,0.505112958942417
1984-10-01,6.98,238.01,7.2,7.2,726.12,0.21830578734285105,658.41,27.06629,750.88,3.17552224503765,2.27054970568104,0.715016154973943,0.219528466253919,0.207214753166224,16.85,1.1541095890411,212.45,3.09468317552804,0,-16.0641,4.11759799833194,1.37608385686463,0.451685660266874,1.30108445697626,0.601283991047423,33.3877563865537,51.0347891166449,14.7976986383577,0.969,3.95608738968062,3.43920674799665,0.832442903389189,0.505112958942417
1984-10-02,1.97,250.84,6.8,6.8,733.91,0.276955103345408,658.41,27.06629,750.88,3.17552224503765,2.27054970568104,0.715016154973943,0.219528466253919,0.207214753166224,16.85,1.1541095890411,212.45,3.09468317552804,0,-16.0641,4.11759799833194,1.37608385686463,0.451685660266874,1.30108445697626,0.601283991047423,33.3877563865537,51.0347891166449,14.7976986383577,0.969,3.95608738968062,3.43920674799665,0.832442903389189,0.505112958942417
1984-10-03,2.77,309.0,5.86,5.86,614.97,0.24437215001065415,658.41,27.06629,750.88,3.17552224503765,2.27054970568104,0.715016154973943,0.219528466253919,0.207214753166224,16.85,1.1541095890411,212.45,3.09468317552804,0,-16.0641,4.11759799833194,1.37608385686463,0.451685660266874,1.30108445697626,0.601283991047423,33.3877563865537,51.0347891166449,14.7976986383577,0.969,3.95608738968062,3.43920674799665,0.832442903389189,0.505112958942417
1984-10-04,0.7,397.49,7.68,7.68,656.07,0.22482237800980182,658.41,27.06629,750.88,3.17552224503765,2.27054970568104,0.715016154973943,0.219528466253919,0.207214753166224,16.85,1.1541095890411,212.45,3.09468317552804,0,-16.0641,4.11759799833194,1.37608385686463,0.451685660266874,1.30108445697626,0.601283991047423,33.3877563865537,51.0347891166449,14.7976986383577,0.969,3.95608738968062,3.43920674799665,0.832442903389189,0.505112958942417
1984-10-05,0.0,372.2,7.66,7.66,644.33,0.2020143106754741,658.41,27.06629,750.88,3.17552224503765,2.27054970568104,0.715016154973943,0.219528466253919,0.207214753166224,16.85,1.1541095890411,212.45,3.09468317552804,0,-16.0641,4.11759799833194,1.37608385686463,0.451685660266874,1.30108445697626,0.601283991047423,33.3877563865537,51.0347891166449,14.7976986383577,0.969,3.95608738968062,3.43920674799665,0.832442903389189,0.505112958942417
1984-10-06,0.0,418.91,4.93,4.93,493.79,0.18898112934157255,658.41,27.06629,750.88,3.17552224503765,2.27054970568104,0.715016154973943,0.219528466253919,0.207214753166224,16.85,1.1541095890411,212.45,3.09468317552804,0,-16.0641,4.11759799833194,1.37608385686463,0.451685660266874,1.30108445697626,0.601283991047423,33.3877563865537,51.0347891166449,14.7976986383577,0.969,3.95608738968062,3.43920674799665,0.832442903389189,0.505112958942417
1984-10-07,0.0,400.82,7.98,7.98,668.41,0.17920624334114638,658.41,27.06629,750.88,3.17552224503765,2.27054970568104,0.715016154973943,0.219528466253919,0.207214753166224,16.85,1.1541095890411,212.45,3.09468317552804,0,-16.0641,4.11759799833194,1.37608385686463,0.451685660266874,1.30108445697626,0.601283991047423,33.3877563865537,51.0347891166449,14.7976986383577,0.969,3.95608738968062,3.43920674799665,0.832442903389189,0.505112958942417
1984-10-08,0.17,218.94,11.13,11.13,1002.1,0.17594794800767097,658.41,27.06629,750.88,3.17552224503765,2.27054970568104,0.715016154973943,0.219528466253919,0.207214753166224,16.85,1.1541095890411,212.45,3.09468317552804,0,-16.0641,4.11759799833194,1.37608385686463,0.451685660266874,1.30108445697626,0.601283991047423,33.3877563865537,51.0347891166449,14.7976986383577,0.969,3.95608738968062,3.43920674799665,0.832442903389189,0.505112958942417
1984-10-09,2.22,172.67,13.64,13.64,1243.4,0.17594794800767097,658.41,27.06629,750.88,3.17552224503765,2.27054970568104,0.715016154973943,0.219528466253919,0.207214753166224,16.85,1.1541095890411,212.45,3.09468317552804,0,-16.0641,4.11759799833194,1.37608385686463,0.451685660266874,1.30108445697626,0.601283991047423,33.3877563865537,51.0347891166449,14.7976986383577,0.969,3.95608738968062,3.43920674799665,0.832442903389189,0.505112958942417
1984-10-10,0.57,252.33,14.33,14.33,1233.66,0.2020143106754741,658.41,27.06629,750.88,3.17552224503765,2.27054970568104,0.715016154973943,0.219528466253919,0.207214753166224,16.85,1.1541095890411,212.45,3.09468317552804,0,-16.0641,4.11759799833194,1.37608385686463,0.451685660266874,1.30108445697626,0.601283991047423,33.3877563865537,51.0347891166449,14.7976986383577,0.969,3.95608738968062,3.43920674799665,0.832442903389189,0.505112958942417
1984-10-11,0.0,335.4,13.47,13.47,1053.83,0.18246453867462176,658.41,27.06629,750.88,3.17552224503765,2.27054970568104,0.715016154973943,0.219528466253919,0.207214753166224,16.85,1.1541095890411,212.45,3.09468317552804,0,-16.0641,4.11759799833194,1.37608385686463,0.451685660266874,1.30108445697626,0.601283991047423,33.3877563865537,51.0347891166449,14.7976986383577,0.969,3.95608738968062,3.43920674799665,0.832442903389189,0.505112958942417
1984-10-12,0.0,377.88,12.21,12.21,854.23,0.1726896526741956,658.41,27.06629,750.88,3.17552224503765,2.27054970568104,0.715016154973943,0.219528466253919,0.207214753166224,16.85,1.1541095890411,212.45,3.09468317552804,0,-16.0641,4.11759799833194,1.37608385686463,0.451685660266874,1.30108445697626,0.601283991047423,33.3877563865537,51.0347891166449,14.7976986383577,0.969,3.95608738968062,3.43920674799665,0.832442903389189,0.505112958942417
1984-10-13,0.0,383.74,11.98,11.98,787.0,0.16291476667376945,658.41,27.06629,750.88,3.17552224503765,2.27054970568104,0.715016154973943,0.219528466253919,0.207214753166224,16.85,1.1541095890411,212.45,3.09468317552804,0,-16.0641,4.11759799833194,1.37608385686463,0.451685660266874,1.30108445697626,0.601283991047423,33.3877563865537,51.0347891166449,14.7976986383577,0.969,3.95608738968062,3.43920674799665,0.832442903389189,0.505112958942417
1984-10-14,0.01,364.29,12.64,12.64,823.83,0.15965647134029404,658.41,27.06629,750.88,3.17552224503765,2.27054970568104,0.715016154973943,0.219528466253919,0.207214753166224,16.85,1.1541095890411,212.45,3.09468317552804,0,-16.0641,4.11759799833194,1.37608385686463,0.451685660266874,1.30108445697626,0.601283991047423,33.3877563865537,51.0347891166449,14.7976986383577,0.969,3.95608738968062,3.43920674799665,0.832442903389189,0.505112958942417
1984-10-15,0.0,369.3,12.91,12.91,859.19,0.15639817600681866,658.41,27.06629,750.88,3.17552224503765,2.27054970568104,0.715016154973943,0.219528466253919,0.207214753166224,16.85,1.1541095890411,212.45,3.09468317552804,0,-16.0641,4.11759799833194,1.37608385686463,0.451685660266874,1.30108445697626,0.601283991047423,33.3877563865537,51.0347891166449,14.7976986383577,0.969,3.95608738968062,3.43920674799665,0.832442903389189,0.505112958942417
1984-10-16,0.0,352.26,12.97,12.97,908.07,0.15639817600681866,658.41,27.06629,750.88,3.17552224503765,2.27054970568104,0.715016154973943,0.219528466253919,0.207214753166224,16.85,1.1541095890411,212.45,3.09468317552804,0,-16.0641,4.11759799833194,1.37608385686463,0.451685660266874,1.30108445697626,0.601283991047423,33.3877563865537,51.0347891166449,14.7976986383577,0.969,3.95608738968062,3.43920674799665,0.832442903389189,0.505112958942417
1984-10-17,0.75,250.45,12.85,12.85,1024.37,0.15313988067334328,658.41,27.06629,750.88,3.17552224503765,2.27054970568104,0.715016154973943,0.219528466253919,0.207214753166224,16.85,1.1541095890411,212.45,3.09468317552804,0,-16.0641,4.11759799833194,1.37608385686463,0.451685660266874,1.30108445697626,0.601283991047423,33.3877563865537,51.0347891166449,14.7976986383577,0.969,3.95608738968062,3.43920674799665,0.832442903389189,0.505112958942417
1984-10-18,0.2,241.16,16.09,16.09,1303.17,0.15313988067334328,658.41,27.06629,750.88,3.17552224503765,2.27054970568104,0.715016154973943,0.219528466253919,0.207214753166224,16.85,1.1541095890411,212.45,3.09468317552804,0,-16.0641,4.11759799833194,1.37608385686463,0.451685660266874,1.30108445697626,0.601283991047423,33.3877563865537,51.0347891166449,14.7976986383577,0.969,3.95608738968062,3.43920674799665,0.832442903389189,0.505112958942417
1984-10-19,1.68,260.03,14.28,14.28,1036.0,0.14988158533986787,658.41,27.06629,750.88,3.17552224503765,2.27054970568104,0.715016154973943,0.219528466253919,0.207214753166224,16.85,1.1541095890411,212.45,3.09468317552804,0,-16.0641,4.11759799833194,1.37608385686463,0.451685660266874,1.30108445697626,0.601283991047423,33.3877563865537,51.0347891166449,14.7976986383577,0.969,3.95608738968062,3.43920674799665,0.832442903389189,0.505112958942417
1984-10-20,1.29,260.47,13.23,13.23,901.15,0.1433649946729171,658.41,27.06629,750.88,3.17552224503765,2.27054970568104,0.715016154973943,0.219528466253919,0.207214753166224,16.85,1.1541095890411,212.45,3.09468317552804,0,-16.0641,4.11759799833194,1.37608385686463,0.451685660266874,1.30108445697626,0.601283991047423,33.3877563865537,51.0347891166449,14.7976986383577,0.969,3.95608738968062,3.43920674799665,0.832442903389189,0.505112958942417
1984-10-21,4.53,256.6,11.57,11.57,865.49,0.15965647134029404,658.41,27.06629,750.88,3.17552224503765,2.27054970568104,0.715016154973943,0.219528466253919,0.207214753166224,16.85,1.1541095890411,212.45,3.09468317552804,0,-16.0641,4.11759799833194,1.37608385686463,0.451685660266874,1.30108445697626,0.601283991047423,33.3877563865537,51.0347891166449,14.7976986383577,0.969,3.95608738968062,3.43920674799665,0.832442903389189,0.505112958942417
1984-10-22,10.06,219.77,13.03,13.03,1004.96,0.19223942467504793,658.41,27.06629,750.88,3.17552224503765,2.27054970568104,0.715016154973943,0.219528466253919,0.207214753166224,16.85,1.1541095890411,212.45,3.09468317552804,0,-16.0641,4.11759799833194,1.37608385686463,0.451685660266874,1.30108445697626,0.601283991047423,33.3877563865537,51.0347891166449,14.7976986383577,0.969,3.95608738968062,3.43920674799665,0.832442903389189,0.505112958942417
1984-10-23,2.48,158.95,8.77,8.77,857.37,0.276955103345408,658.41,27.06629,750.88,3.17552224503765,2.27054970568104,0.715016154973943,0.219528466253919,0.207214753166224,16.85,1.1541095890411,212.45,3.09468317552804,0,-16.0641,4.11759799833194,1.37608385686463,0.451685660266874,1.30108445697626,0.601283991047423,33.3877563865537,51.0347891166449,14.7976986383577,0.969,3.95608738968062,3.43920674799665,0.832442903389189,0.505112958942417
1984-10-24,0.51,198.72,7.55,7.55,762.48,0.22808067334327722,658.41,27.06629,750.88,3.17552224503765,2.27054970568104,0.715016154973943,0.219528466253919,0.207214753166224,16.85,1.1541095890411,212.45,3.09468317552804,0,-16.0641,4.11759799833194,1.37608385686463,0.451685660266874,1.30108445697626,0.601283991047423,33.3877563865537,51.0347891166449,14.7976986383577,0.969,3.95608738968062,3.43920674799665,0.832442903389189,0.505112958942417
1984-10-25,9.09,247.42,5.41,5.41,633.91,0.2020143106754741,658.41,27.06629,750.88,3.17552224503765,2.27054970568104,0.715016154973943,0.219528466253919,0.207214753166224,16.85,1.1541095890411,212.45,3.09468317552804,0,-16.0641,4.11759799833194,1.37608385686463,0.451685660266874,1.30108445697626,0.601283991047423,33.3877563865537,51.0347891166449,14.7976986383577,0.969,3.95608738968062,3.43920674799665,0.832442903389189,0.505112958942417
1984-10-26,4.43,204.48,10.46,10.46,968.19,0.38122055401662047,658.41,27.06629,750.88,3.17552224503765,2.27054970568104,0.715016154973943,0.219528466253919,0.207214753166224,16.85,1.1541095890411,212.45,3.09468317552804,0,-16.0641,4.11759799833194,1.37608385686463,0.451685660266874,1.30108445697626,0.601283991047423,33.3877563865537,51.0347891166449,14.7976986383577,0.969,3.95608738968062,3.43920674799665,0.832442903389189,0.505112958942417
1984-10-27,0.75,194.93,15.84,15.84,1417.06,0.452903051353079,658.41,27.06629,750.88,3.17552224503765,2.27054970568104,0.715016154973943,0.219528466253919,0.207214753166224,16.85,1.1541095890411,212.45,3.09468317552804,0,-16.0641,4.11759799833194,1.37608385686463,0.451685660266874,1.30108445697626,0.601283991047423,33.3877563865537,51.0347891166449,14.7976986383577,0.969,3.95608738968062,3.43920674799665,0.832442903389189,0.505112958942417
1984-10-28,17.63,153.76,17.95,17.95,1534.96,0.3421210100149158,658.41,27.06629,750.88,3.17552224503765,2.27054970568104,0.715016154973943,0.219528466253919,0.207214753166224,16.85,1.1541095890411,212.45,3.09468317552804,0,-16.0641,4.11759799833194,1.37608385686463,0.451685660266874,1.30108445697626,0.601283991047423,33.3877563865537,51.0347891166449,14.7976986383577,0.969,3.95608738968062,3.43920674799665,0.832442903389189,0.505112958942417
1984-10-29,4.89,285.19,12.57,12.57,980.16,1.3098347240571062,658.41,27.06629,750.88,3.17552224503765,2.27054970568104,0.715016154973943,0.219528466253919,0.207214753166224,16.85,1.1541095890411,212.45,3.09468317552804,0,-16.0641,4.11759799833194,1.37608385686463,0.451685660266874,1.30108445697626,0.601283991047423,33.3877563865537,51.0347891166449,14.7976986383577,0.969,3.95608738968062,3.43920674799665,0.832442903389189,0.505112958942417
1984-10-30,0.1,272.42,7.9,7.9,662.39,0.729858154698487,658.41,27.06629,750.88,3.17552224503765,2.27054970568104,0.715016154973943,0.219528466253919,0.207214753166224,16.85,1.1541095890411,212.45,3.09468317552804,0,-16.0641,4.11759799833194,1.37608385686463,0.451685660266874,1.30108445697626,0.601283991047423,33.3877563865537,51.0347891166449,14.7976986383577,0.969,3.95608738968062,3.43920674799665,0.832442903389189,0.505112958942417
1984-10-31,0.01,268.65,8.66,8.66,730.37,0.5408770253569145,658.41,27.06629,750.88,3.17552224503765,2.27054970568104,0.715016154973943,0.219528466253919,0.207214753166224,16.85,1.1541095890411,212.45,3.09468317552804,0,-16.0641,4.11759799833194,1.37608385686463,0.451685660266874,1.30108445697626,0.601283991047423,33.3877563865537,51.0347891166449,14.7976986383577,0.969,3.95608738968062,3.43920674799665,0.832442903389189,0.505112958942417
1984-11-01,2.27,221.2,5.82,5.82,615.39,0.46593623268698053,658.41,27.06629,750.88,3.17552224503765,2.27054970568104,0.715016154973943,0.219528466253919,0.207214753166224,16.85,1.1541095890411,212.45,3.09468317552804,0,-16.0641,4.11759799833194,1.37608385686463,0.451685660266874,1.30108445697626,0.601283991047423,33.3877563865537,51.0347891166449,14.7976986383577,0.969,3.95608738968062,3.43920674799665,0.832442903389189,0.505112958942417
1984-11-02,0.62,293.27,5.59,5.59,541.13,0.46593623268698053,658.41,27.06629,750.88,3.17552224503765,2.27054970568104,0.715016154973943,0.219528466253919,0.207214753166224,16.85,1.1541095890411,212.45,3.09468317552804,0,-16.0641,4.11759799833194,1.37608385686463,0.451685660266874,1.30108445697626,0.601283991047423,33.3877563865537,51.0347891166449,14.7976986383577,0.969,3.95608738968062,3.43920674799665,0.832442903389189,0.505112958942417
1984-11-03,0.01,315.61,-0.06,-0.06,359.4,0.4203200980183251,658.41,27.06629,750.88,3.17552224503765,2.27054970568104,0.715016154973943,0.219528466253919,0.207214753166224,16.85,1.1541095890411,212.45,3.09468317552804,0,-16.0641,4.11759799833194,1.37608385686463,0.451685660266874,1.30108445697626,0.601283991047423,33.3877563865537,51.0347891166449,14.7976986383577,0.969,3.95608738968062,3.43920674799665,0.832442903389189,0.505112958942417
1984-11-04,11.78,203.21,2.89,2.89,537.02,0.41054521201789895,658.41,27.06629,750.88,3.17552224503765,2.27054970568104,0.715016154973943,0.219528466253919,0.207214753166224,16.85,1.1541095890411,212.45,3.09468317552804,0,-16.0641,4.11759799833194,1.37608385686463,0.451685660266874,1.30108445697626,0.601283991047423,33.3877563865537,51.0347891166449,14.7976986383577,0.969,3.95608738968062,3.43920674799665,0.832442903389189,0.505112958942417
1984-11-05,4.04,144.58,7.48,7.48,776.7,0.8862563307053057,658.41,27.06629,750.88,3.17552224503765,2.27054970568104,0.715016154973943,0.219528466253919,0.207214753166224,16.85,1.1541095890411,212.45,3.09468317552804,0,-16.0641,4.11759799833194,1.37608385686463,0.451685660266874,1.30108445697626,0.601283991047423,33.3877563865537,51.0347891166449,14.7976986383577,0.969,3.95608738968062,3.43920674799665,0.832442903389189,0.505112958942417
1984-11-06,0.49,185.73,4.47,4.47,597.86,0.8829980353718304,658.41,27.06629,750.88,3.17552224503765,2.27054970568104,0.715016154973943,0.219528466253919,0.207214753166224,16.85,1.1541095890411,212.45,3.09468317552804,0,-16.0641,4.11759799833194,1.37608385686463,0.451685660266874,1.30108445697626,0.601283991047423,33.3877563865537,51.0347891166449,14.7976986383577,0.969,3.95608738968062,3.43920674799665,0.832442903389189,0.505112958942417
1984-11-07,0.06,263.16,0.25,0.25,410.14,0.6549173620285531,658.41,27.06629,750.88,3.17552224503765,2.27054970568104,0.715016154973943,0.219528466253919,0.207214753166224,16.85,1.1541095890411,212.45,3.09468317552804,0,-16.0641,4.11759799833194,1.37608385686463,0.451685660266874,1.30108445697626,0.601283991047423,33.3877563865537,51.0347891166449,14.7976986383577,0.969,3.95608738968062,3.43920674799665,0.832442903389189,0.505112958942417
1984-11-08,0.0,290.0,-0.74,-0.74,379.64,0.5636850926912422,658.41,27.06629,750.88,3.17552224503765,2.27054970568104,0.715016154973943,0.219528466253919,0.207214753166224,16.85,1.1541095890411,212.45,3.09468317552804,0,-16.0641,4.11759799833194,1.37608385686463,0.451685660266874,1.30108445697626,0.601283991047423,33.3877563865537,51.0347891166449,14.7976986383577,0.969,3.95608738968062,3.43920674799665,0.832442903389189,0.505112958942417
1984-11-09,8.58,160.18,3.18,3.18,586.58,0.5278438440230129,658.41,27.06629,750.88,3.17552224503765,2.27054970568104,0.715016154973943,0.219528466253919,0.207214753166224,16.85,1.1541095890411,212.45,3.09468317552804,0,-16.0641,4.11759799833194,1.37608385686463,0.451685660266874,1.30108445697626,0.601283991047423,33.3877563865537,51.0347891166449,14.7976986383577,0.969,3.95608738968062,3.43920674799665,0.832442903389189,0.505112958942417
1984-11-10,6.21,157.29,7.26,7.26,793.5,0.7526662220328147,658.41,27.06629,750.88,3.17552224503765,2.27054970568104,0.715016154973943,0.219528466253919,0.207214753166224,16.85,1.1541095890411,212.45,3.09468317552804,0,-16.0641,4.11759799833194,1.37608385686463,0.451685660266874,1.30108445697626,0.601283991047423,33.3877563865537,51.0347891166449,14.7976986383577,0.969,3.95608738968062,3.43920674799665,0.832442903389189,0.505112958942417
1984-11-11,1.27,139.83,7.89,7.89,785.69,1.0687208693799275,658.41,27.06629,750.88,3.17552224503765,2.27054970568104,0.715016154973943,0.219528466253919,0.207214753166224,16.85,1.1541095890411,212.45,3.09468317552804,0,-16.0641,4.11759799833194,1.37608385686463,0.451685660266874,1.30108445697626,0.601283991047423,33.3877563865537,51.0347891166449,14.7976986383577,0.969,3.95608738968062,3.43920674799665,0.832442903389189,0.505112958942417
1984-11-12,0.78,149.88,2.22,2.22,523.91,1.0426545067121245,658.41,27.06629,750.88,3.17552224503765,2.27054970568104,0.715016154973943,0.219528466253919,0.207214753166224,16.85,1.1541095890411,212.45,3.09468317552804,0,-16.0641,4.11759799833194,1.37608385686463,0.451685660266874,1.30108445697626,0.601283991047423,33.3877563865537,51.0347891166449,14.7976986383577,0.969,3.95608738968062,3.43920674799665,0.832442903389189,0.505112958942417
1984-11-13,0.26,161.02,-1.24,-1.24,412.27,0.8373819007031749,658.41,27.06629,750.88,3.17552224503765,2.27054970568104,0.715016154973943,0.219528466253919,0.207214753166224,16.85,1.1541095890411,212.45,3.09468317552804,0,-16.0641,4.11759799833194,1.37608385686463,0.451685660266874,1.30108445697626,0.601283991047423,33.3877563865537,51.0347891166449,14.7976986383577,0.969,3.95608738968062,3.43920674799665,0.832442903389189,0.505112958942417
1984-11-14,0.02,255.88,-0.64,-0.64,399.55,0.7656994033667164,658.41,27.06629,750.88,3.17552224503765,2.27054970568104,0.715016154973943,0.219528466253919,0.207214753166224,16.85,1.1541095890411,212.45,3.09468317552804,0,-16.0641,4.11759799833194,1.37608385686463,0.451685660266874,1.30108445697626,0.601283991047423,33.3877563865537,51.0347891166449,14.7976986383577,0.969,3.95608738968062,3.43920674799665,0.832442903389189,0.505112958942417
1984-11-15,1.18,212.06,1.81,1.81,437.38,0.7005334966972085,658.41,27.06629,750.88,3.17552224503765,2.27054970568104,0.715016154973943,0.219528466253919,0.207214753166224,16.85,1.1541095890411,212.45,3.09468317552804,0,-16.0641,4.11759799833194,1.37608385686463,0.451685660266874,1.30108445697626,0.601283991047423,33.3877563865537,51.0347891166449,14.7976986383577,0.969,3.95608738968062,3.43920674799665,0.832442903389189,0.505112958942417
1984-11-16,0.69,189.64,3.0,3.0,487.16,0.7200832686980609,658.41,27.06629,750.88,3.17552224503765,2.27054970568104,0.715016154973943,0.219528466253919,0.207214753166224,16.85,1.1541095890411,212.45,3.09468317552804,0,-16.0641,4.11759799833194,1.37608385686463,0.451685660266874,1.30108445697626,0.601283991047423,33.3877563865537,51.0347891166449,14.7976986383577,0.969,3.95608738968062,3.43920674799665,0.832442903389189,0.505112958942417
1984-11-17,0.1,180.7,0.62,0.62,457.81,0.6451424760281269,658.41,27.06629,750.88,3.17552224503765,2.27054970568104,0.715016154973943,0.219528466253919,0.207214753166224,16.85,1.1541095890411,212.45,3.09468317552804,0,-16.0641,4.11759799833194,1.37608385686463,0.451685660266874,1.30108445697626,0.601283991047423,33.3877563865537,51.0347891166449,14.7976986383577,0.969,3.95608738968062,3.43920674799665,0.832442903389189,0.505112958942417
1984-11-18,0.06,194.24,-0.17,-0.17,430.54,0.5897514553590454,658.41,27.06629,750.88,3.17552224503765,2.27054970568104,0.715016154973943,0.219528466253919,0.207214753166224,16.85,1.1541095890411,212.45,3.09468317552804,0,-16.0641,4.11759799833194,1.37608385686463,0.451685660266874,1.30108445697626,0.601283991047423,33.3877563865537,51.0347891166449,14.7976986383577,0.969,3.95608738968062,3.43920674799665,0.832442903389189,0.505112958942417
1984-11-19,0.27,207.15,-2.63,-2.63,333.52,0.5636850926912422,658.41,27.06629,750.88,3.17552224503765,2.27054970568104,0.715016154973943,0.219528466253919,0.207214753166224,16.85,1.1541095890411,212.45,3.09468317552804,0,-16.0641,4.11759799833194,1.37608385686463,0.451685660266874,1.30108445697626,0.601283991047423,33.3877563865537,51.0347891166449,14.7976986383577,0.969,3.95608738968062,3.43920674799665,0.832442903389189,0.505112958942417
1984-11-20,0.07,255.44,-6.44,-6.44,249.33,0.4854860046878329,658.41,27.06629,750.88,3.17552224503765,2.27054970568104,0.715016154973943,0.219528466253919,0.207214753166224,16.85,1.1541095890411,212.45,3.09468317552804,0,-16.0641,4.11759799833194,1.37608385686463,0.451685660266874,1.30108445697626,0.601283991047423,33.3877563865537,51.0347891166449,14.7976986383577,0.969,3.95608738968062,3.43920674799665,0.832442903389189,0.505112958942417
1984-11-21,0.01,243.05,-6.03,-6.03,252.66,0.44964475601960363,658.41,27.06629,750.88,3.17552224503765,2.27054970568104,0.715016154973943,0.219528466253919,0.207214753166224,16.85,1.1541095890411,212.45,3.09468317552804,0,-16.0641,4.11759799833194,1.37608385686463,0.451685660266874,1.30108445697626,0.601283991047423,33.3877563865537,51.0347891166449,14.7976986383577,0.969,3.95608738968062,3.43920674799665,0.832442903389189,0.505112958942417
1984-11-22,0.0,299.47,-6.61,-6.61,227.22,0.4626779373535052,658.41,27.06629,750.88,3.17552224503765,2.27054970568104,0.715016154973943,0.219528466253919,0.207214753166224,16.85,1.1541095890411,212.45,3.09468317552804,0,-16.0641,4.11759799833194,1.37608385686463,0.451685660266874,1.30108445697626,0.601283991047423,33.3877563865537,51.0347891166449,14.7976986383577,0.969,3.95608738968062,3.43920674799665,0.832442903389189,0.505112958942417
1984-11-23,0.0,254.81,-3.82,-3.82,309.29,0.4300949840187513,658.41,27.06629,750.88,3.17552224503765,2.27054970568104,0.715016154973943,0.219528466253919,0.207214753166224,16.85,1.1541095890411,212.45,3.09468317552804,0,-16.0641,4.11759799833194,1.37608385686463,0.451685660266874,1.30108445697626,0.601283991047423,33.3877563865537,51.0347891166449,14.7976986383577,0.969,3.95608738968062,3.43920674799665,0.832442903389189,0.505112958942417
1984-11-24,0.0,247.96,-0.1,-0.1,406.83,0.41706180268484977,658.41,27.06629,750.88,3.17552224503765,2.27054970568104,0.715016154973943,0.219528466253919,0.207214753166224,16.85,1.1541095890411,212.45,3.09468317552804,0,-16.0641,4.11759799833194,1.37608385686463,0.451685660266874,1.30108445697626,0.601283991047423,33.3877563865537,51.0347891166449,14.7976986383577,0.969,3.95608738968062,3.43920674799665,0.832442903389189,0.505112958942417
1984-11-25,0.0,270.83,2.09,2.09,420.37,0.4040286213509482,658.41,27.06629,750.88,3.17552224503765,2.27054970568104,0.715016154973943,0.219528466253919,0.207214753166224,16.85,1.1541095890411,212.45,3.09468317552804,0,-16.0641,4.11759799833194,1.37608385686463,0.451685660266874,1.30108445697626,0.601283991047423,33.3877563865537,51.0347891166449,14.7976986383577,0.969,3.95608738968062,3.43920674799665,0.832442903389189,0.505112958942417
1984-11-26,0.0,272.25,3.96,3.96,431.78,0.38122055401662047,658.41,27.06629,750.88,3.17552224503765,2.27054970568104,0.715016154973943,0.219528466253919,0.207214753166224,16.85,1.1541095890411,212.45,3.09468317552804,0,-16.0641,4.11759799833194,1.37608385686463,0.451685660266874,1.30108445697626,0.601283991047423,33.3877563865537,51.0347891166449,14.7976986383577,0.969,3.95608738968062,3.43920674799665,0.832442903389189,0.505112958942417
1984-11-27,0.0,257.43,6.06,6.06,535.57,0.3649290773492435,658.41,27.06629,750.88,3.17552224503765,2.27054970568104,0.715016154973943,0.219528466253919,0.207214753166224,16.85,1.1541095890411,212.45,3.09468317552804,0,-16.0641,4.11759799833194,1.37608385686463,0.451685660266874,1.30108445697626,0.601283991047423,33.3877563865537,51.0347891166449,14.7976986383577,0.969,3.95608738968062,3.43920674799665,0.832442903389189,0.505112958942417
1984-11-28,18.21,160.57,8.46,8.46,709.83,0.7396330406989132,658.41,27.06629,750.88,3.17552224503765,2.27054970568104,0.715016154973943,0.219528466253919,0.207214753166224,16.85,1.1541095890411,212.45,3.09468317552804,0,-16.0641,4.11759799833194,1.37608385686463,0.451685660266874,1.30108445697626,0.601283991047423,33.3877563865537,51.0347891166449,14.7976986383577,0.969,3.95608738968062,3.43920674799665,0.832442903389189,0.505112958942417
1984-11-29,5.22,207.98,3.41,3.41,512.1,1.9614937907521839,658.41,27.06629,750.88,3.17552224503765,2.27054970568104,0.715016154973943,0.219528466253919,0.207214753166224,16.85,1.1541095890411,212.45,3.09468317552804,0,-16.0641,4.11759799833194,1.37608385686463,0.451685660266874,1.30108445697626,0.601283991047423,33.3877563865537,51.0347891166449,14.7976986383577,0.969,3.95608738968062,3.43920674799665,0.832442903389189,0.505112958942417
1984-11-30,3.45,214.62,-0.51,-0.51,387.62,1.156694843383763,658.41,27.06629,750.88,3.17552224503765,2.27054970568104,0.715016154973943,0.219528466253919,0.207214753166224,16.85,1.1541095890411,212.45,3.09468317552804,0,-16.0641,4.11759799833194,1.37608385686463,0.451685660266874,1.30108445697626,0.601283991047423,33.3877563865537,51.0347891166449,14.7976986383577,0.969,3.95608738968062,3.43920674799665,0.832442903389189,0.505112958942417
1984-12-01,0.9,215.4,0.9,0.9,463.49,1.5965647134029404,658.41,27.06629,750.88,3.17552224503765,2.27054970568104,0.715016154973943,0.219528466253919,0.207214753166224,16.85,1.1541095890411,212.45,3.09468317552804,0,-16.0641,4.11759799833194,1.37608385686463,0.451685660266874,1.30108445697626,0.601283991047423,33.3877563865537,51.0347891166449,14.7976986383577,0.969,3.95608738968062,3.43920674799665,0.832442903389189,0.505112958942417
1984-12-02,1.95,133.64,0.5,0.5,488.36,1.2968015427232047,658.41,27.06629,750.88,3.17552224503765,2.27054970568104,0.715016154973943,0.219528466253919,0.207214753166224,16.85,1.1541095890411,212.45,3.09468317552804,0,-16.0641,4.11759799833194,1.37608385686463,0.451685660266874,1.30108445697626,0.601283991047423,33.3877563865537,51.0347891166449,14.7976986383577,0.969,3.95608738968062,3.43920674799665,0.832442903389189,0.505112958942417
1984-12-03,2.85,149.6,0.48,0.48,471.27,1.4727494907308758,658.41,27.06629,750.88,3.17552224503765,2.27054970568104,0.715016154973943,0.219528466253919,0.207214753166224,16.85,1.1541095890411,212.45,3.09468317552804,0,-16.0641,4.11759799833194,1.37608385686463,0.451685660266874,1.30108445697626,0.601283991047423,33.3877563865537,51.0347891166449,14.7976986383577,0.969,3.95608738968062,3.43920674799665,0.832442903389189,0.505112958942417
1984-12-04,1.65,155.15,-2.1,-2.1,375.84,1.5574651694012358,658.41,27.06629,750.88,3.17552224503765,2.27054970568104,0.715016154973943,0.219528466253919,0.207214753166224,16.85,1.1541095890411,212.45,3.09468317552804,0,-16.0641,4.11759799833194,1.37608385686463,0.451685660266874,1.30108445697626,0.601283991047423,33.3877563865537,51.0347891166449,14.7976986383577,0.969,3.95608738968062,3.43920674799665,0.832442903389189,0.505112958942417
1984-12-05,10.9,148.0,-4.59,-4.59,322.61,1.182761206051566,658.41,27.06629,750.88,3.17552224503765,2.27054970568104,0.715016154973943,0.219528466253919,0.207214753166224,16.85,1.1541095890411,212.45,3.09468317552804,0,-16.0641,4.11759799833194,1.37608385686463,0.451685660266874,1.30108445697626,0.601283991047423,33.3877563865537,51.0347891166449,14.7976986383577,0.969,3.95608738968062,3.43920674799665,0.832442903389189,0.505112958942417
1984-12-06,4.35,138.37,-4.99,-4.99,309.07,1.2055692733858938,658.41,27.06629,750.88,3.17552224503765,2.27054970568104,0.715016154973943,0.219528466253919,0.207214753166224,16.85,1.1541095890411,212.45,3.09468317552804,0,-16.0641,4.11759799833194,1.37608385686463,0.451685660266874,1.30108445697626,0.601283991047423,33.3877563865537,51.0347891166449,14.7976986383577,0.969,3.95608738968062,3.43920674799665,0.832442903389189,0.505112958942417
1984-12-07,0.42,240.39,-8.43,-8.43,219.6,1.107820413381632,658.41,27.06629,750.88,3.17552224503765,2.27054970568104,0.715016154973943,0.219528466253919,0.207214753166224,16.85,1.1541095890411,212.45,3.09468317552804,0,-16.0641,4.11759799833194,1.37608385686463,0.451685660266874,1.30108445697626,0.601283991047423,33.3877563865537,51.0347891166449,14.7976986383577,0.969,3.95608738968062,3.43920674799665,0.832442903389189,0.505112958942417
1984-12-08,0.0,262.66,-7.51,-7.51,222.24,0.9774886000426166,658.41,27.06629,750.88,3.17552224503765,2.27054970568104,0.715016154973943,0.219528466253919,0.207214753166224,16.85,1.1541095890411,212.45,3.09468317552804,0,-16.0641,4.11759799833194,1.37608385686463,0.451685660266874,1.30108445697626,0.601283991047423,33.3877563865537,51.0347891166449,14.7976986383577,0.969,3.95608738968062,3.43920674799665,0.832442903389189,0.505112958942417
1984-12-09,1.06,232.32,-4.56,-4.56,261.94,0.9449056467078627,658.41,27.06629,750.88,3.17552224503765,2.27054970568104,0.715016154973943,0.219528466253919,0.207214753166224,16.85,1.1541095890411,212.45,3.09468317552804,0,-16.0641,4.11759799833194,1.37608385686463,0.451685660266874,1.30108445697626,0.601283991047423,33.3877563865537,51.0347891166449,14.7976986383577,0.969,3.95608738968062,3.43920674799665,0.832442903389189,0.505112958942417
1984-12-10,3.6,210.86,-0.0,-0.0,401.72,0.9774886000426166,658.41,27.06629,750.88,3.17552224503765,2.27054970568104,0.715016154973943,0.219528466253919,0.207214753166224,16.85,1.1541095890411,212.45,3.09468317552804,0,-16.0641,4.11759799833194,1.37608385686463,0.451685660266874,1.30108445697626,0.601283991047423,33.3877563865537,51.0347891166449,14.7976986383577,0.969,3.95608738968062,3.43920674799665,0.832442903389189,0.505112958942417
1984-12-11,1.07,127.57,1.16,1.16,513.32,1.7399297080758576,658.41,27.06629,750.88,3.17552224503765,2.27054970568104,0.715016154973943,0.219528466253919,0.207214753166224,16.85,1.1541095890411,212.45,3.09468317552804,0,-16.0641,4.11759799833194,1.37608385686463,0.451685660266874,1.30108445697626,0.601283991047423,33.3877563865537,51.0347891166449,14.7976986383577,0.969,3.95608738968062,3.43920674799665,0.832442903389189,0.505112958942417
1984-12-12,0.78,154.07,0.45,0.45,509.94,1.5802732367355636,658.41,27.06629,750.88,3.17552224503765,2.27054970568104,0.715016154973943,0.219528466253919,0.207214753166224,16.85,1.1541095890411,212.45,3.09468317552804,0,-16.0641,4.11759799833194,1.37608385686463,0.451685660266874,1.30108445697626,0.601283991047423,33.3877563865537,51.0347891166449,14.7976986383577,0.969,3.95608738968062,3.43920674799665,0.832442903389189,0.505112958942417
1984-12-13,1.39,212.21,3.49,3.49,540.2,3.147513292137225,658.41,27.06629,750.88,3.17552224503765,2.27054970568104,0.715016154973943,0.219528466253919,0.207214753166224,16.85,1.1541095890411,212.45,3.09468317552804,0,-16.0641,4.11759799833194,1.37608385686463,0.451685660266874,1.30108445697626,0.601283991047423,33.3877563865537,51.0347891166449,14.7976986383577,0.969,3.95608738968062,3.43920674799665,0.832442903389189,0.505112958942417
1984-12-14,1.68,196.93,2.66,2.66,519.22,2.4665295674408694,658.41,27.06629,750.88,3.17552224503765,2.27054970568104,0.715016154973943,0.219528466253919,0.207214753166224,16.85,1.1541095890411,212.45,3.09468317552804,0,-16.0641,4.11759799833194,1.37608385686463,0.451685660266874,1.30108445697626,0.601283991047423,33.3877563865537,51.0347891166449,14.7976986383577,0.969,3.95608738968062,3.43920674799665,0.832442903389189,0.505112958942417
1984-12-15,0.41,223.11,4.32,4.32,605.5,2.456754681440443,658.41,27.06629,750.88,3.17552224503765,2.27054970568104,0.715016154973943,0.219528466253919,0.207214753166224,16.85,1.1541095890411,212.45,3.09468317552804,0,-16.0641,4.11759799833194,1.37608385686463,0.451685660266874,1.30108445697626,0.601283991047423,33.3877563865537,51.0347891166449,14.7976986383577,0.969,3.95608738968062,3.43920674799665,0.832442903389189,0.505112958942417
1984-12-16,0.04,238.21,3.98,3.98,596.07,2.033176288088643,658.41,27.06629,750.88,3.17552224503765,2.27054970568104,0.715016154973943,0.219528466253919,0.207214753166224,16.85,1.1541095890411,212.45,3.09468317552804,0,-16.0641,4.11759799833194,1.37608385686463,0.451685660266874,1.30108445697626,0.601283991047423,33.3877563865537,51.0347891166449,14.7976986383577,0.969,3.95608738968062,3.43920674799665,0.832442903389189,0.505112958942417
1984-12-17,0.01,257.32,6.75,6.75,665.08,1.8246453867462178,658.41,27.06629,750.88,3.17552224503765,2.27054970568104,0.715016154973943,0.219528466253919,0.207214753166224,16.85,1.1541095890411,212.45,3.09468317552804,0,-16.0641,4.11759799833194,1.37608385686463,0.451685660266874,1.30108445697626,0.601283991047423,33.3877563865537,51.0347891166449,14.7976986383577,0.969,3.95608738968062,3.43920674799665,0.832442903389189,0.505112958942417
1984-12-18,1.3,196.63,4.75,4.75,551.67,1.5998230087364156,658.41,27.06629,750.88,3.17552224503765,2.27054970568104,0.715016154973943,0.219528466253919,0.207214753166224,16.85,1.1541095890411,212.45,3.09468317552804,0,-16.0641,4.11759799833194,1.37608385686463,0.451685660266874,1.30108445697626,0.601283991047423,33.3877563865537,51.0347891166449,14.7976986383577,0.969,3.95608738968062,3.43920674799665,0.832442903389189,0.505112958942417
1984-12-19,2.82,193.25,-0.77,-0.77,391.5,1.567240055401662,658.41,27.06629,750.88,3.17552224503765,2.27054970568104,0.715016154973943,0.219528466253919,0.207214753166224,16.85,1.1541095890411,212.45,3.09468317552804,0,-16.0641,4.11759799833194,1.37608385686463,0.451685660266874,1.30108445697626,0.601283991047423,33.3877563865537,51.0347891166449,14.7976986383577,0.969,3.95608738968062,3.43920674799665,0.832442903389189,0.505112958942417
1984-12-20,3.09,159.81,-1.22,-1.22,402.57,1.6649889154059236,658.41,27.06629,750.88,3.17552224503765,2.27054970568104,0.715016154973943,0.219528466253919,0.207214753166224,16.85,1.1541095890411,212.45,3.09468317552804,0,-16.0641,4.11759799833194,1.37608385686463,0.451685660266874,1.30108445697626,0.601283991047423,33.3877563865537,51.0347891166449,14.7976986383577,0.969,3.95608738968062,3.43920674799665,0.832442903389189,0.505112958942417
1984-12-21,4.39,169.44,-2.93,-2.93,379.66,1.3196096100575323,658.41,27.06629,750.88,3.17552224503765,2.27054970568104,0.715016154973943,0.219528466253919,0.207214753166224,16.85,1.1541095890411,212.45,3.09468317552804,0,-16.0641,4.11759799833194,1.37608385686463,0.451685660266874,1.30108445697626,0.601283991047423,33.3877563865537,51.0347891166449,14.7976986383577,0.969,3.95608738968062,3.43920674799665,0.832442903389189,0.505112958942417
1984-12-22,1.01,222.8,1.23,1.23,484.01,2.1504749200937563,658.41,27.06629,750.88,3.17552224503765,2.27054970568104,0.715016154973943,0.219528466253919,0.207214753166224,16.85,1.1541095890411,212.45,3.09468317552804,0,-16.0641,4.11759799833194,1.37608385686463,0.451685660266874,1.30108445697626,0.601283991047423,33.3877563865537,51.0347891166449,14.7976986383577,0.969,3.95608738968062,3.43920674799665,0.832442903389189,0.505112958942417
1984-12-23,0.43,200.89,-0.71,-0.71,415.23,1.619372780737268,658.41,27.06629,750.88,3.17552224503765,2.27054970568104,0.715016154973943,0.219528466253919,0.207214753166224,16.85,1.1541095890411,212.45,3.09468317552804,0,-16.0641,4.11759799833194,1.37608385686463,0.451685660266874,1.30108445697626,0.601283991047423,33.3877563865537,51.0347891166449,14.7976986383577,0.969,3.95608738968062,3.43920674799665,0.832442903389189,0.505112958942417
1984-12-24,2.03,185.86,1.5,1.5,466.65,1.3619674493927123,658.41,27.06629,750.88,3.17552224503765,2.27054970568104,0.715016154973943,0.219528466253919,0.207214753166224,16.85,1.1541095890411,212.45,3.09468317552804,0,-16.0641,4.11759799833194,1.37608385686463,0.451685660266874,1.30108445697626,0.601283991047423,33.3877563865537,51.0347891166449,14.7976986383577,0.969,3.95608738968062,3.43920674799665,0.832442903389189,0.505112958942417
1984-12-25,0.74,224.9,-2.71,-2.71,288.69,1.3228679053910077,658.41,27.06629,750.88,3.17552224503765,2.27054970568104,0.715016154973943,0.219528466253919,0.207214753166224,16.85,1.1541095890411,212.45,3.09468317552804,0,-16.0641,4.11759799833194,1.37608385686463,0.451685660266874,1.30108445697626,0.601283991047423,33.3877563865537,51.0347891166449,14.7976986383577,0.969,3.95608738968062,3.43920674799665,0.832442903389189,0.505112958942417
1984-12-26,8.34,184.85,-6.13,-6.13,260.3,1.140403366716386,658.41,27.06629,750.88,3.17552224503765,2.27054970568104,0.715016154973943,0.219528466253919,0.207214753166224,16.85,1.1541095890411,212.45,3.09468317552804,0,-16.0641,4.11759799833194,1.37608385686463,0.451685660266874,1.30108445697626,0.601283991047423,33.3877563865537,51.0347891166449,14.7976986383577,0.969,3.95608738968062,3.43920674799665,0.832442903389189,0.505112958942417
1984-12-27,4.01,165.14,-2.97,-2.97,393.82,1.0850123460473045,658.41,27.06629,750.88,3.17552224503765,2.27054970568104,0.715016154973943,0.219528466253919,0.207214753166224,16.85,1.1541095890411,212.45,3.09468317552804,0,-16.0641,4.11759799833194,1.37608385686463,0.451685660266874,1.30108445697626,0.601283991047423,33.3877563865537,51.0347891166449,14.7976986383577,0.969,3.95608738968062,3.43920674799665,0.832442903389189,0.505112958942417
1984-12-28,4.44,217.72,3.65,3.65,619.48,2.772809328787556,658.41,27.06629,750.88,3.17552224503765,2.27054970568104,0.715016154973943,0.219528466253919,0.207214753166224,16.85,1.1541095890411,212.45,3.09468317552804,0,-16.0641,4.11759799833194,1.37608385686463,0.451685660266874,1.30108445697626,0.601283991047423,33.3877563865537,51.0347891166449,14.7976986383577,0.969,3.95608738968062,3.43920674799665,0.832442903389189,0.505112958942417
1984-12-29,5.22,145.41,11.05,11.05,983.79,4.36611574685702,658.41,27.06629,750.88,3.17552224503765,2.27054970568104,0.715016154973943,0.219528466253919,0.207214753166224,16.85,1.1541095890411,212.45,3.09468317552804,0,-16.0641,4.11759799833194,1.37608385686463,0.451685660266874,1.30108445697626,0.601283991047423,33.3877563865537,51.0347891166449,14.7976986383577,0.969,3.95608738968062,3.43920674799665,0.832442903389189,0.505112958942417
1984-12-30,1.22,211.71,5.95,5.95,601.74,4.170618026848498,658.41,27.06629,750.88,3.17552224503765,2.27054970568104,0.715016154973943,0.219528466253919,0.207214753166224,16.85,1.1541095890411,212.45,3.09468317552804,0,-16.0641,4.11759799833194,1.37608385686463,0.451685660266874,1.30108445697626,0.601283991047423,33.3877563865537,51.0347891166449,14.7976986383577,0.969,3.95608738968062,3.43920674799665,0.832442903389189,0.505112958942417
1984-12-31,3.37,218.47,-0.59,-0.59,371.37,2.8738164841252924,658.41,27.06629,750.88,3.17552224503765,2.27054970568104,0.715016154973943,0.219528466253919,0.207214753166224,16.85,1.1541095890411,212.45,3.09468317552804,0,-16.0641,4.11759799833194,1.37608385686463,0.451685660266874,1.30108445697626,0.601283991047423,33.3877563865537,51.0347891166449,14.7976986383577,0.969,3.95608738968062,3.43920674799665,0.832442903389189,0.505112958942417
1985-01-01,4.3,213.29,1.79,1.79,453.69,3.486376006818666,658.41,27.06629,750.88,3.17552224503765,2.27054970568104,0.715016154973943,0.219528466253919,0.207214753166224,16.85,1.1541095890411,212.45,3.09468317552804,0,-16.0641,4.11759799833194,1.37608385686463,0.451685660266874,1.30108445697626,0.601283991047423,33.3877563865537,51.0347891166449,14.7976986383577,0.969,3.95608738968062,3.43920674799665,0.832442903389189,0.505112958942417
1985-01-02,0.9,284.42,2.54,2.54,408.27,3.000890002130833,658.41,27.06629,750.88,3.17552224503765,2.27054970568104,0.715016154973943,0.219528466253919,0.207214753166224,16.85,1.1541095890411,212.45,3.09468317552804,0,-16.0641,4.11759799833194,1.37608385686463,0.451685660266874,1.30108445697626,0.601283991047423,33.3877563865537,51.0347891166449,14.7976986383577,0.969,3.95608738968062,3.43920674799665,0.832442903389189,0.505112958942417
1985-01-03,0.0,207.08,-3.85,-3.85,290.9,2.2482237800980185,658.41,27.06629,750.88,3.17552224503765,2.27054970568104,0.715016154973943,0.219528466253919,0.207214753166224,16.85,1.1541095890411,212.45,3.09468317552804,0,-16.0641,4.11759799833194,1.37608385686463,0.451685660266874,1.30108445697626,0.601283991047423,33.3877563865537,51.0347891166449,14.7976986383577,0.969,3.95608738968062,3.43920674799665,0.832442903389189,0.505112958942417
1985-01-04,0.29,220.68,-6.59,-6.59,232.43,1.9191359514170039,658.41,27.06629,750.88,3.17552224503765,2.27054970568104,0.715016154973943,0.219528466253919,0.207214753166224,16.85,1.1541095890411,212.45,3.09468317552804,0,-16.0641,4.11759799833194,1.37608385686463,0.451685660266874,1.30108445697626,0.601283991047423,33.3877563865537,51.0347891166449,14.7976986383577,0.969,3.95608738968062,3.43920674799665,0.832442903389189,0.505112958942417
1985-01-05,0.33,205.07,-5.74,-5.74,252.66,1.7659960707436608,658.41,27.06629,750.88,3.17552224503765,2.27054970568104,0.715016154973943,0.219528466253919,0.207214753166224,16.85,1.1541095890411,212.45,3.09468317552804,0,-16.0641,4.11759799833194,1.37608385686463,0.451685660266874,1.30108445697626,0.601283991047423,33.3877563865537,51.0347891166449,14.7976986383577,0.969,3.95608738968062,3.43920674799665,0.832442903389189,0.505112958942417
1985-01-06,0.5,202.75,-5.06,-5.06,290.34,1.5248822160664819,658.41,27.06629,750.88,3.17552224503765,2.27054970568104,0.715016154973943,0.219528466253919,0.207214753166224,16.85,1.1541095890411,212.45,3.09468317552804,0,-16.0641,4.11759799833194,1.37608385686463,0.451685660266874,1.30108445697626,0.601283991047423,33.3877563865537,51.0347891166449,14.7976986383577,0.969,3.95608738968062,3.43920674799665,0.832442903389189,0.505112958942417
1985-01-07,3.71,151.21,-2.91,-2.91,346.37,1.417358470061794,658.41,27.06629,750.88,3.17552224503765,2.27054970568104,0.715016154973943,0.219528466253919,0.207214753166224,16.85,1.1541095890411,212.45,3.09468317552804,0,-16.0641,4.11759799833194,1.37608385686463,0.451685660266874,1.30108445697626,0.601283991047423,33.3877563865537,51.0347891166449,14.7976986383577,0.969,3.95608738968062,3.43920674799665,0.832442903389189,0.505112958942417
1985-01-08,0.98,283.34,-8.21,-8.21,190.31,1.2707351800554014,658.41,27.06629,750.88,3.17552224503765,2.27054970568104,0.715016154973943,0.219528466253919,0.207214753166224,16.85,1.1541095890411,212.45,3.09468317552804,0,-16.0641,4.11759799833194,1.37608385686463,0.451685660266874,1.30108445697626,0.601283991047423,33.3877563865537,51.0347891166449,14.7976986383577,0.969,3.95608738968062,3.43920674799665,0.832442903389189,0.505112958942417
1985-01-09,0.01,253.21,-13.27,-13.27,124.33,1.107820413381632,658.41,27.06629,750.88,3.17552224503765,2.27054970568104,0.715016154973943,0.219528466253919,0.207214753166224,16.85,1.1541095890411,212.45,3.09468317552804,0,-16.0641,4.11759799833194,1.37608385686463,0.451685660266874,1.30108445697626,0.601283991047423,33.3877563865537,51.0347891166449,14.7976986383577,0.969,3.95608738968062,3.43920674799665,0.832442903389189,0.505112958942417
1985-01-10,1.43,224.47,-15.41,-15.41,112.37,1.0752374600468781,658.41,27.06629,750.88,3.17552224503765,2.27054970568104,0.715016154973943,0.219528466253919,0.207214753166224,16.85,1.1541095890411,212.45,3.09468317552804,0,-16.0641,4.11759799833194,1.37608385686463,0.451685660266874,1.30108445697626,0.601283991047423,33.3877563865537,51.0347891166449,14.7976986383577,0.969,3.95608738968062,3.43920674799665,0.832442903389189,0.505112958942417
1985-01-11,1.98,174.31,-11.27,-11.27,174.75,0.9449056467078627,658.41,27.06629,750.88,3.17552224503765,2.27054970568104,0.715016154973943,0.219528466253919,0.207214753166224,16.85,1.1541095890411,212.45,3.09468317552804,0,-16.0641,4.11759799833194,1.37608385686463,0.451685660266874,1.30108445697626,0.601283991047423,33.3877563865537,51.0347891166449,14.7976986383577,0.969,3.95608738968062,3.43920674799665,0.832442903389189,0.505112958942417
1985-01-12,0.97,190.63,-9.24,-9.24,207.22,0.8797397400383549,658.41,27.06629,750.88,3.17552224503765,2.27054970568104,0.715016154973943,0.219528466253919,0.207214753166224,16.85,1.1541095890411,212.45,3.09468317552804,0,-16.0641,4.11759799833194,1.37608385686463,0.451685660266874,1.30108445697626,0.601283991047423,33.3877563865537,51.0347891166449,14.7976986383577,0.969,3.95608738968062,3.43920674799665,0.832442903389189,0.505112958942417
1985-01-13,0.26,219.2,-8.2,-8.2,217.73,0.8471567867036011,658.41,27.06629,750.88,3.17552224503765,2.27054970568104,0.715016154973943,0.219528466253919,0.207214753166224,16.85,1.1541095890411,212.45,3.09468317552804,0,-16.0641,4.11759799833194,1.37608385686463,0.451685660266874,1.30108445697626,0.601283991047423,33.3877563865537,51.0347891166449,14.7976986383577,0.969,3.95608738968062,3.43920674799665,0.832442903389189,0.505112958942417
1985-01-14,0.94,204.53,-6.4,-6.4,243.76,0.8145738333688473,658.41,27.06629,750.88,3.17552224503765,2.27054970568104,0.715016154973943,0.219528466253919,0.207214753166224,16.85,1.1541095890411,212.45,3.09468317552804,0,-16.0641,4.11759799833194,1.37608385686463,0.451685660266874,1.30108445697626,0.601283991047423,33.3877563865537,51.0347891166449,14.7976986383577,0.969,3.95608738968062,3.43920674799665,0.832442903389189,0.505112958942417
1985-01-15,0.24,293.03,-8.57,-8.57,183.16,0.7494079266993394,658.41,27.06629,750.88,3.17552224503765,2.27054970568104,0.715016154973943,0.219528466253919,0.207214753166224,16.85,1.1541095890411,212.45,3.09468317552804,0,-16.0641,4.11759799833194,1.37608385686463,0.451685660266874,1.30108445697626,0.601283991047423,33.3877563865537,51.0347891166449,14.7976986383577,0.969,3.95608738968062,3.43920674799665,0.832442903389189,0.505112958942417
1985-01-16,3.18,242.4,-13.35,-13.35,119.63,0.6842420200298316,658.41,27.06629,750.88,3.17552224503765,2.27054970568104,0.715016154973943,0.219528466253919,0.207214753166224,16.85,1.1541095890411,212.45,3.09468317552804,0,-16.0641,4.11759799833194,1.37608385686463,0.451685660266874,1.30108445697626,0.601283991047423,33.3877563865537,51.0347891166449,14.7976986383577,0.969,3.95608738968062,3.43920674799665,0.832442903389189,0.505112958942417
1985-01-17,1.46,241.69,-10.66,-10.66,162.29,0.6190761133603239,658.41,27.06629,750.88,3.17552224503765,2.27054970568104,0.715016154973943,0.219528466253919,0.207214753166224,16.85,1.1541095890411,212.45,3.09468317552804,0,-16.0641,4.11759799833194,1.37608385686463,0.451685660266874,1.30108445697626,0.601283991047423,33.3877563865537,51.0347891166449,14.7976986383577,0.969,3.95608738968062,3.43920674799665,0.832442903389189,0.505112958942417
1985-01-18,1.68,144.9,-7.03,-7.03,255.46,0.58649316002557,658.41,27.06629,750.88,3.17552224503765,2.27054970568104,0.715016154973943,0.219528466253919,0.207214753166224,16.85,1.1541095890411,212.45,3.09468317552804,0,-16.0641,4.11759799833194,1.37608385686463,0.451685660266874,1.30108445697626,0.601283991047423,33.3877563865537,51.0347891166449,14.7976986383577,0.969,3.95608738968062,3.43920674799665,0.832442903389189,0.505112958942417
1985-01-19,0.76,156.71,-7.69,-7.69,237.64,0.5213272533560622,658.41,27.06629,750.88,3.17552224503765,2.27054970568104,0.715016154973943,0.219528466253919,0.207214753166224,16.85,1.1541095890411,212.45,3.09468317552804,0,-16.0641,4.11759799833194,1.37608385686463,0.451685660266874,1.30108445697626,0.601283991047423,33.3877563865537,51.0347891166449,14.7976986383577,0.969,3.95608738968062,3.43920674799665,0.832442903389189,0.505112958942417
1985-01-20,0.3,254.32,-15.5,-15.5,95.6,0.4887443000213083,658.41,27.06629,750.88,3.17552224503765,2.27054970568104,0.715016154973943,0.219528466253919,0.207214753166224,16.85,1.1541095890411,212.45,3.09468317552804,0,-16.0641,4.11759799833194,1.37608385686463,0.451685660266874,1.30108445697626,0.601283991047423,33.3877563865537,51.0347891166449,14.7976986383577,0.969,3.95608738968062,3.43920674799665,0.832442903389189,0.505112958942417
1985-01-21,0.86,243.32,-22.34,-22.34,54.56,0.4887443000213083,658.41,27.06629,750.88,3.17552224503765,2.27054970568104,0.715016154973943,0.219528466253919,0.207214753166224,16.85,1.1541095890411,212.45,3.09468317552804,0,-16.0641,4.11759799833194,1.37608385686463,0.451685660266874,1.30108445697626,0.601283991047423,33.3877563865537,51.0347891166449,14.7976986383577,0.969,3.95608738968062,3.43920674799665,0.832442903389189,0.505112958942417
1985-01-22,0.95,255.96,-16.31,-16.31,102.44,0.45616134668655445,658.41,27.06629,750.88,3.17552224503765,2.27054970568104,0.715016154973943,0.219528466253919,0.207214753166224,16.85,1.1541095890411,212.45,3.09468317552804,0,-16.0641,4.11759799833194,1.37608385686463,0.451685660266874,1.30108445697626,0.601283991047423,33.3877563865537,51.0347891166449,14.7976986383577,0.969,3.95608738968062,3.43920674799665,0.832442903389189,0.505112958942417
1985-01-23,2.52,180.73,-9.59,-9.59,201.24,0.45616134668655445,658.41,27.06629,750.88,3.17552224503765,2.27054970568104,0.715016154973943,0.219528466253919,0.207214753166224,16.85,1.1541095890411,212.45,3.09468317552804,0,-16.0641,4.11759799833194,1.37608385686463,0.451685660266874,1.30108445697626,0.601283991047423,33.3877563865537,51.0347891166449,14.7976986383577,0.969,3.95608738968062,3.43920674799665,0.832442903389189,0.505112958942417
1985-01-24,1.48,182.56,-7.66,-7.66,254.13,0.42357839335180053,658.41,27.06629,750.88,3.17552224503765,2.27054970568104,0.715016154973943,0.219528466253919,0.207214753166224,16.85,1.1541095890411,212.45,3.09468317552804,0,-16.0641,4.11759799833194,1.37608385686463,0.451685660266874,1.30108445697626,0.601283991047423,33.3877563865537,51.0347891166449,14.7976986383577,0.969,3.95608738968062,3.43920674799665,0.832442903389189,0.505112958942417
1985-01-25,0.65,168.56,-5.47,-5.47,288.27,0.42357839335180053,658.41,27.06629,750.88,3.17552224503765,2.27054970568104,0.715016154973943,0.219528466253919,0.207214753166224,16.85,1.1541095890411,212.45,3.09468317552804,0,-16.0641,4.11759799833194,1.37608385686463,0.451685660266874,1.30108445697626,0.601283991047423,33.3877563865537,51.0347891166449,14.7976986383577,0.969,3.95608738968062,3.43920674799665,0.832442903389189,0.505112958942417
1985-01-26,0.25,245.31,-9.63,-9.63,187.11,0.3909954400170466,658.41,27.06629,750.88,3.17552224503765,2.27054970568104,0.715016154973943,0.219528466253919,0.207214753166224,16.85,1.1541095890411,212.45,3.09468317552804,0,-16.0641,4.11759799833194,1.37608385686463,0.451685660266874,1.30108445697626,0.601283991047423,33.3877563865537,51.0347891166449,14.7976986383577,0.969,3.95608738968062,3.43920674799665,0.832442903389189,0.505112958942417
1985-01-27,0.04,285.01,-9.75,-9.75,188.15,0.3909954400170466,658.41,27.06629,750.88,3.17552224503765,2.27054970568104,0.715016154973943,0.219528466253919,0.207214753166224,16.85,1.1541095890411,212.45,3.09468317552804,0,-16.0641,4.11759799833194,1.37608385686463,0.451685660266874,1.30108445697626,0.601283991047423,33.3877563865537,51.0347891166449,14.7976986383577,0.969,3.95608738968062,3.43920674799665,0.832442903389189,0.505112958942417
1985-01-28,0.94,188.0,-7.68,-7.68,238.14,0.3909954400170466,658.41,27.06629,750.88,3.17552224503765,2.27054970568104,0.715016154973943,0.219528466253919,0.207214753166224,16.85,1.1541095890411,212.45,3.09468317552804,0,-16.0641,4.11759799833194,1.37608385686463,0.451685660266874,1.30108445697626,0.601283991047423,33.3877563865537,51.0347891166449,14.7976986383577,0.969,3.95608738968062,3.43920674799665,0.832442903389189,0.505112958942417
1985-01-29,0.32,224.78,-7.98,-7.98,222.14,0.3909954400170466,658.41,27.06629,750.88,3.17552224503765,2.27054970568104,0.715016154973943,0.219528466253919,0.207214753166224,16.85,1.1541095890411,212.45,3.09468317552804,0,-16.0641,4.11759799833194,1.37608385686463,0.451685660266874,1.30108445697626,0.601283991047423,33.3877563865537,51.0347891166449,14.7976986383577,0.969,3.95608738968062,3.43920674799665,0.832442903389189,0.505112958942417
1985-01-30,0.39,273.97,-10.76,-10.76,152.69,0.35841248668229275,658.41,27.06629,750.88,3.17552224503765,2.27054970568104,0.715016154973943,0.219528466253919,0.207214753166224,16.85,1.1541095890411,212.45,3.09468317552804,0,-16.0641,4.11759799833194,1.37608385686463,0.451685660266874,1.30108445697626,0.601283991047423,33.3877563865537,51.0347891166449,14.7976986383577,0.969,3.95608738968062,3.43920674799665,0.832442903389189,0.505112958942417
1985-01-31,2.4,272.93,-9.05,-9.05,181.12,0.35841248668229275,658.41,27.06629,750.88,3.17552224503765,2.27054970568104,0.715016154973943,0.219528466253919,0.207214753166224,16.85,1.1541095890411,212.45,3.09468317552804,0,-16.0641,4.11759799833194,1.37608385686463,0.451685660266874,1.30108445697626,0.601283991047423,33.3877563865537,51.0347891166449,14.7976986383577,0.969,3.95608738968062,3.43920674799665,0.832442903389189,0.505112958942417
1985-02-01,3.49,190.19,-5.06,-5.06,280.03,0.35841248668229275,658.41,27.06629,750.88,3.17552224503765,2.27054970568104,0.715016154973943,0.219528466253919,0.207214753166224,16.85,1.1541095890411,212.45,3.09468317552804,0,-16.0641,4.11759799833194,1.37608385686463,0.451685660266874,1.30108445697626,0.601283991047423,33.3877563865537,51.0347891166449,14.7976986383577,0.969,3.95608738968062,3.43920674799665,0.832442903389189,0.505112958942417
1985-02-02,3.57,220.61,-7.98,-7.98,217.3,0.3258295333475389,658.41,27.06629,750.88,3.17552224503765,2.27054970568104,0.715016154973943,0.219528466253919,0.207214753166224,16.85,1.1541095890411,212.45,3.09468317552804,0,-16.0641,4.11759799833194,1.37608385686463,0.451685660266874,1.30108445697626,0.601283991047423,33.3877563865537,51.0347891166449,14.7976986383577,0.969,3.95608738968062,3.43920674799665,0.832442903389189,0.505112958942417
1985-02-03,0.75,343.43,-13.39,-13.39,118.04,0.3258295333475389,658.41,27.06629,750.88,3.17552224503765,2.27054970568104,0.715016154973943,0.219528466253919,0.207214753166224,16.85,1.1541095890411,212.45,3.09468317552804,0,-16.0641,4.11759799833194,1.37608385686463,0.451685660266874,1.30108445697626,0.601283991047423,33.3877563865537,51.0347891166449,14.7976986383577,0.969,3.95608738968062,3.43920674799665,0.832442903389189,0.505112958942417
1985-02-04,0.25,302.59,-16.23,-16.23,73.58,0.3258295333475389,658.41,27.06629,750.88,3.17552224503765,2.27054970568104,0.715016154973943,0.219528466253919,0.207214753166224,16.85,1.1541095890411,212.45,3.09468317552804,0,-16.0641,4.11759799833194,1.37608385686463,0.451685660266874,1.30108445697626,0.601283991047423,33.3877563865537,51.0347891166449,14.7976986383577,0.969,3.95608738968062,3.43920674799665,0.832442903389189,0.505112958942417
1985-02-05,3.12,294.69,-12.86,-12.86,112.92,0.3258295333475389,658.41,27.06629,750.88,3.17552224503765,2.27054970568104,0.715016154973943,0.219528466253919,0.207214753166224,16.85,1.1541095890411,212.45,3.09468317552804,0,-16.0641,4.11759799833194,1.37608385686463,0.451685660266874,1.30108445697626,0.601283991047423,33.3877563865537,51.0347891166449,14.7976986383577,0.969,3.95608738968062,3.43920674799665,0.832442903389189,0.505112958942417
1985-02-06,1.52,234.21,-7.62,-7.62,210.55,0.3258295333475389,658.41,27.06629,750.88,3.17552224503765,2.27054970568104,0.715016154973943,0.219528466253919,0.207214753166224,16.85,1.1541095890411,212.45,3.09468317552804,0,-16.0641,4.11759799833194,1.37608385686463,0.451685660266874,1.30108445697626,0.601283991047423,33.3877563865537,51.0347891166449,14.7976986383577,0.969,3.95608738968062,3.43920674799665,0.832442903389189,0.505112958942417
1985-02-07,0.63,221.59,-9.18,-9.18,193.37,0.3258295333475389,658.41,27.06629,750.88,3.17552224503765,2.27054970568104,0.715016154973943,0.219528466253919,0.207214753166224,16.85,1.1541095890411,212.45,3.09468317552804,0,-16.0641,4.11759799833194,1.37608385686463,0.451685660266874,1.30108445697626,0.601283991047423,33.3877563865537,51.0347891166449,14.7976986383577,0.969,3.95608738968062,3.43920674799665,0.832442903389189,0.505112958942417
1985-02-08,0.3,273.58,-13.48,-13.48,133.52,0.3193129426805881,658.41,27.06629,750.88,3.17552224503765,2.27054970568104,0.715016154973943,0.219528466253919,0.207214753166224,16.85,1.1541095890411,212.45,3.09468317552804,0,-16.0641,4.11759799833194,1.37608385686463,0.451685660266874,1.30108445697626,0.601283991047423,33.3877563865537,51.0347891166449,14.7976986383577,0.969,3.95608738968062,3.43920674799665,0.832442903389189,0.505112958942417
1985-02-09,0.05,207.1,-12.27,-12.27,165.72,0.3193129426805881,658.41,27.06629,750.88,3.17552224503765,2.27054970568104,0.715016154973943,0.219528466253919,0.207214753166224,16.85,1.1541095890411,212.45,3.09468317552804,0,-16.0641,4.11759799833194,1.37608385686463,0.451685660266874,1.30108445697626,0.601283991047423,33.3877563865537,51.0347891166449,14.7976986383577,0.969,3.95608738968062,3.43920674799665,0.832442903389189,0.505112958942417
1985-02-10,0.0,319.81,-9.22,-9.22,205.43,0.3193129426805881,658.41,27.06629,750.88,3.17552224503765,2.27054970568104,0.715016154973943,0.219528466253919,0.207214753166224,16.85,1.1541095890411,212.45,3.09468317552804,0,-16.0641,4.11759799833194,1.37608385686463,0.451685660266874,1.30108445697626,0.601283991047423,33.3877563865537,51.0347891166449,14.7976986383577,0.969,3.95608738968062,3.43920674799665,0.832442903389189,0.505112958942417
1985-02-11,2.28,295.77,-6.29,-6.29,251.27,0.3127963520136373,658.41,27.06629,750.88,3.17552224503765,2.27054970568104,0.715016154973943,0.219528466253919,0.207214753166224,16.85,1.1541095890411,212.45,3.09468317552804,0,-16.0641,4.11759799833194,1.37608385686463,0.451685660266874,1.30108445697626,0.601283991047423,33.3877563865537,51.0347891166449,14.7976986383577,0.969,3.95608738968062,3.43920674799665,0.832442903389189,0.505112958942417
1985-02-12,8.6,223.16,-1.03,-1.03,402.19,0.3127963520136373,658.41,27.06629,750.88,3.17552224503765,2.27054970568104,0.715016154973943,0.219528466253919,0.207214753166224,16.85,1.1541095890411,212.45,3.09468317552804,0,-16.0641,4.11759799833194,1.37608385686463,0.451685660266874,1.30108445697626,0.601283991047423,33.3877563865537,51.0347891166449,14.7976986383577,0.969,3.95608738968062,3.43920674799665,0.832442903389189,0.505112958942417
1985-02-13,2.63,206.57,-0.82,-0.82,408.72,0.3127963520136373,658.41,27.06629,750.88,3.17552224503765,2.27054970568104,0.715016154973943,0.219528466253919,0.207214753166224,16.85,1.1541095890411,212.45,3.09468317552804,0,-16.0641,4.11759799833194,1.37608385686463,0.451685660266874,1.30108445697626,0.601283991047423,33.3877563865537,51.0347891166449,14.7976986383577,0.969,3.95608738968062,3.43920674799665,0.832442903389189,0.505112958942417
1985-02-14,0.82,252.13,-5.73,-5.73,266.3,0.30627976134668655,658.41,27.06629,750.88,3.17552224503765,2.27054970568104,0.715016154973943,0.219528466253919,0.207214753166224,16.85,1.1541095890411,212.45,3.09468317552804,0,-16.0641,4.11759799833194,1.37608385686463,0.451685660266874,1.30108445697626,0.601283991047423,33.3877563865537,51.0347891166449,14.7976986383577,0.969,3.95608738968062,3.43920674799665,0.832442903389189,0.505112958942417
1985-02-15,0.25,273.5,-8.6,-8.6,207.17,0.30627976134668655,658.41,27.06629,750.88,3.17552224503765,2.27054970568104,0.715016154973943,0.219528466253919,0.207214753166224,16.85,1.1541095890411,212.45,3.09468317552804,0,-16.0641,4.11759799833194,1.37608385686463,0.451685660266874,1.30108445697626,0.601283991047423,33.3877563865537,51.0347891166449,14.7976986383577,0.969,3.95608738968062,3.43920674799665,0.832442903389189,0.505112958942417
1985-02-16,0.02,352.48,-9.49,-9.49,193.88,0.30627976134668655,658.41,27.06629,750.88,3.17552224503765,2.27054970568104,0.715016154973943,0.219528466253919,0.207214753166224,16.85,1.1541095890411,212.45,3.09468317552804,0,-16.0641,4.11759799833194,1.37608385686463,0.451685660266874,1.30108445697626,0.601283991047423,33.3877563865537,51.0347891166449,14.7976986383577,0.969,3.95608738968062,3.43920674799665,0.832442903389189,0.505112958942417
1985-02-17,0.17,302.62,-6.55,-6.55,233.58,0.30627976134668655,658.41,27.06629,750.88,3.17552224503765,2.27054970568104,0.715016154973943,0.219528466253919,0.207214753166224,16.85,1.1541095890411,212.45,3.09468317552804,0,-16.0641,4.11759799833194,1.37608385686463,0.451685660266874,1.30108445697626,0.601283991047423,33.3877563865537,51.0347891166449,14.7976986383577,0.969,3.95608738968062,3.43920674799665,0.832442903389189,0.505112958942417
1985-02-18,0.22,320.97,-4.04,-4.04,263.89,0.29976317067973574,658.41,27.06629,750.88,3.17552224503765,2.27054970568104,0.715016154973943,0.219528466253919,0.207214753166224,16.85,1.1541095890411,212.45,3.09468317552804,0,-16.0641,4.11759799833194,1.37608385686463,0.451685660266874,1.30108445697626,0.601283991047423,33.3877563865537,51.0347891166449,14.7976986383577,0.969,3.95608738968062,3.43920674799665,0.832442903389189,0.505112958942417
1985-02-19,0.05,357.19,-3.34,-3.34,275.85,0.3258295333475389,658.41,27.06629,750.88,3.17552224503765,2.27054970568104,0.715016154973943,0.219528466253919,0.207214753166224,16.85,1.1541095890411,212.45,3.09468317552804,0,-16.0641,4.11759799833194,1.37608385686463,0.451685660266874,1.30108445697626,0.601283991047423,33.3877563865537,51.0347891166449,14.7976986383577,0.969,3.95608738968062,3.43920674799665,0.832442903389189,0.505112958942417
1985-02-20,0.0,429.78,-6.64,-6.64,188.97,0.3258295333475389,658.41,27.06629,750.88,3.17552224503765,2.27054970568104,0.715016154973943,0.219528466253919,0.207214753166224,16.85,1.1541095890411,212.45,3.09468317552804,0,-16.0641,4.11759799833194,1.37608385686463,0.451685660266874,1.30108445697626,0.601283991047423,33.3877563865537,51.0347891166449,14.7976986383577,0.969,3.95608738968062,3.43920674799665,0.832442903389189,0.505112958942417
1985-02-21,1.67,336.17,-4.13,-4.13,258.84,0.35841248668229275,658.41,27.06629,750.88,3.17552224503765,2.27054970568104,0.715016154973943,0.219528466253919,0.207214753166224,16.85,1.1541095890411,212.45,3.09468317552804,0,-16.0641,4.11759799833194,1.37608385686463,0.451685660266874,1.30108445697626,0.601283991047423,33.3877563865537,51.0347891166449,14.7976986383577,0.969,3.95608738968062,3.43920674799665,0.832442903389189,0.505112958942417
1985-02-22,1.77,256.27,3.22,3.22,555.9,0.45616134668655445,658.41,27.06629,750.88,3.17552224503765,2.27054970568104,0.715016154973943,0.219528466253919,0.207214753166224,16.85,1.1541095890411,212.45,3.09468317552804,0,-16.0641,4.11759799833194,1.37608385686463,0.451685660266874,1.30108445697626,0.601283991047423,33.3877563865537,51.0347891166449,14.7976986383577,0.969,3.95608738968062,3.43920674799665,0.832442903389189,0.505112958942417
1985-02-23,1.08,239.1,5.93,5.93,711.31,3.258295333475389,658.41,27.06629,750.88,3.17552224503765,2.27054970568104,0.715016154973943,0.219528466253919,0.207214753166224,16.85,1.1541095890411,212.45,3.09468317552804,0,-16.0641,4.11759799833194,1.37608385686463,0.451685660266874,1.30108445697626,0.601283991047423,33.3877563865537,51.0347891166449,14.7976986383577,0.969,3.95608738968062,3.43920674799665,0.832442903389189,0.505112958942417
1985-02-24,1.49,279.6,7.64,7.64,719.24,11.729863200511398,658.41,27.06629,750.88,3.17552224503765,2.27054970568104,0.715016154973943,0.219528466253919,0.207214753166224,16.85,1.1541095890411,212.45,3.09468317552804,0,-16.0641,4.11759799833194,1.37608385686463,0.451685660266874,1.30108445697626,0.601283991047423,33.3877563865537,51.0347891166449,14.7976986383577,0.969,3.95608738968062,3.43920674799665,0.832442903389189,0.505112958942417
1985-02-25,0.34,419.97,5.28,5.28,526.96,11.469199573833368,658.41,27.06629,750.88,3.17552224503765,2.27054970568104,0.715016154973943,0.219528466253919,0.207214753166224,16.85,1.1541095890411,212.45,3.09468317552804,0,-16.0641,4.11759799833194,1.37608385686463,0.451685660266874,1.30108445697626,0.601283991047423,33.3877563865537,51.0347891166449,14.7976986383577,0.969,3.95608738968062,3.43920674799665,0.832442903389189,0.505112958942417
1985-02-26,0.17,257.83,1.18,1.18,431.28,5.1806895802258675,658.41,27.06629,750.88,3.17552224503765,2.27054970568104,0.715016154973943,0.219528466253919,0.207214753166224,16.85,1.1541095890411,212.45,3.09468317552804,0,-16.0641,4.11759799833194,1.37608385686463,0.451685660266874,1.30108445697626,0.601283991047423,33.3877563865537,51.0347891166449,14.7976986383577,0.969,3.95608738968062,3.43920674799665,0.832442903389189,0.505112958942417
1985-02-27,0.19,322.77,-1.2,-1.2,327.94,3.7470396334966973,658.41,27.06629,750.88,3.17552224503765,2.27054970568104,0.715016154973943,0.219528466253919,0.207214753166224,16.85,1.1541095890411,212.45,3.09468317552804,0,-16.0641,4.11759799833194,1.37608385686463,0.451685660266874,1.30108445697626,0.601283991047423,33.3877563865537,51.0347891166449,14.7976986383577,0.969,3.95608738968062,3.43920674799665,0.832442903389189,0.505112958942417
1985-02-28,0.04,455.67,-6.75,-6.75,205.58,2.5610201321116555,658.41,27.06629,750.88,3.17552224503765,2.27054970568104,0.715016154973943,0.219528466253919,0.207214753166224,16.85,1.1541095890411,212.45,3.09468317552804,0,-16.0641,4.11759799833194,1.37608385686463,0.451685660266874,1.30108445697626,0.601283991047423,33.3877563865537,51.0347891166449,14.7976986383577,0.969,3.95608738968062,3.43920674799665,0.832442903389189,0.505112958942417
1985-03-01,0.07,338.97,0.21,0.21,372.68,2.2188991220967393,658.41,27.06629,750.88,3.17552224503765,2.27054970568104,0.715016154973943,0.219528466253919,0.207214753166224,16.85,1.1541095890411,212.45,3.09468317552804,0,-16.0641,4.11759799833194,1.37608385686463,0.451685660266874,1.30108445697626,0.601283991047423,33.3877563865537,51.0347891166449,14.7976986383577,0.969,3.95608738968062,3.43920674799665,0.832442903389189,0.505112958942417
1985-03-02,0.02,382.64,2.64,2.64,438.31,1.8898112934157254,658.41,27.06629,750.88,3.17552224503765,2.27054970568104,0.715016154973943,0.219528466253919,0.207214753166224,16.85,1.1541095890411,212.45,3.09468317552804,0,-16.0641,4.11759799833194,1.37608385686463,0.451685660266874,1.30108445697626,0.601283991047423,33.3877563865537,51.0347891166449,14.7976986383577,0.969,3.95608738968062,3.43920674799665,0.832442903389189,0.505112958942417
1985-03-03,4.83,321.42,-2.85,-2.85,292.89,1.6552140294054976,658.41,27.06629,750.88,3.17552224503765,2.27054970568104,0.715016154973943,0.219528466253919,0.207214753166224,16.85,1.1541095890411,212.45,3.09468317552804,0,-16.0641,4.11759799833194,1.37608385686463,0.451685660266874,1.30108445697626,0.601283991047423,33.3877563865537,51.0347891166449,14.7976986383577,0.969,3.95608738968062,3.43920674799665,0.832442903389189,0.505112958942417
1985-03-04,10.69,334.81,-4.57,-4.57,261.15,1.283768361389303,658.41,27.06629,750.88,3.17552224503765,2.27054970568104,0.715016154973943,0.219528466253919,0.207214753166224,16.85,1.1541095890411,212.45,3.09468317552804,0,-16.0641,4.11759799833194,1.37608385686463,0.451685660266874,1.30108445697626,0.601283991047423,33.3877563865537,51.0347891166449,14.7976986383577,0.969,3.95608738968062,3.43920674799665,0.832442903389189,0.505112958942417
1985-03-05,2.76,335.92,-2.44,-2.44,285.6,2.170024692094609,658.41,27.06629,750.88,3.17552224503765,2.27054970568104,0.715016154973943,0.219528466253919,0.207214753166224,16.85,1.1541095890411,212.45,3.09468317552804,0,-16.0641,4.11759799833194,1.37608385686463,0.451685660266874,1.30108445697626,0.601283991047423,33.3877563865537,51.0347891166449,14.7976986383577,0.969,3.95608738968062,3.43920674799665,0.832442903389189,0.505112958942417
1985-03-06,0.15,441.05,-7.61,-7.61,177.95,1.743188003409333,658.41,27.06629,750.88,3.17552224503765,2.27054970568104,0.715016154973943,0.219528466253919,0.207214753166224,16.85,1.1541095890411,212.45,3.09468317552804,0,-16.0641,4.11759799833194,1.37608385686463,0.451685660266874,1.30108445697626,0.601283991047423,33.3877563865537,51.0347891166449,14.7976986383577,0.969,3.95608738968062,3.43920674799665,0.832442903389189,0.505112958942417
1985-03-07,4.11,375.73,-7.52,-7.52,197.96,1.4401665373961219,658.41,27.06629,750.88,3.17552224503765,2.27054970568104,0.715016154973943,0.219528466253919,0.207214753166224,16.85,1.1541095890411,212.45,3.09468317552804,0,-16.0641,4.11759799833194,1.37608385686463,0.451685660266874,1.30108445697626,0.601283991047423,33.3877563865537,51.0347891166449,14.7976986383577,0.969,3.95608738968062,3.43920674799665,0.832442903389189,0.505112958942417
1985-03-08,1.1,426.4,0.9,0.9,373.16,3.0627976134668655,658.41,27.06629,750.88,3.17552224503765,2.27054970568104,0.715016154973943,0.219528466253919,0.207214753166224,16.85,1.1541095890411,212.45,3.09468317552804,0,-16.0641,4.11759799833194,1.37608385686463,0.451685660266874,1.30108445697626,0.601283991047423,33.3877563865537,51.0347891166449,14.7976986383577,0.969,3.95608738968062,3.43920674799665,0.832442903389189,0.505112958942417
1985-03-09,0.01,453.45,1.65,1.65,387.01,3.258295333475389,658.41,27.06629,750.88,3.17552224503765,2.27054970568104,0.715016154973943,0.219528466253919,0.207214753166224,16.85,1.1541095890411,212.45,3.09468317552804,0,-16.0641,4.11759799833194,1.37608385686463,0.451685660266874,1.30108445697626,0.601283991047423,33.3877563865537,51.0347891166449,14.7976986383577,0.969,3.95608738968062,3.43920674799665,0.832442903389189,0.505112958942417
1985-03-10,0.0,470.5,1.54,1.54,380.82,2.5577618367781803,658.41,27.06629,750.88,3.17552224503765,2.27054970568104,0.715016154973943,0.219528466253919,0.207214753166224,16.85,1.1541095890411,212.45,3.09468317552804,0,-16.0641,4.11759799833194,1.37608385686463,0.451685660266874,1.30108445697626,0.601283991047423,33.3877563865537,51.0347891166449,14.7976986383577,0.969,3.95608738968062,3.43920674799665,0.832442903389189,0.505112958942417
1985-03-11,12.07,359.11,3.07,3.07,448.42,2.3524892307692307,658.41,27.06629,750.88,3.17552224503765,2.27054970568104,0.715016154973943,0.219528466253919,0.207214753166224,16.85,1.1541095890411,212.45,3.09468317552804,0,-16.0641,4.11759799833194,1.37608385686463,0.451685660266874,1.30108445697626,0.601283991047423,33.3877563865537,51.0347891166449,14.7976986383577,0.969,3.95608738968062,3.43920674799665,0.832442903389189,0.505112958942417
1985-03-12,6.53,286.45,3.03,3.03,497.31,6.516590666950778,658.41,27.06629,750.88,3.17552224503765,2.27054970568104,0.715016154973943,0.219528466253919,0.207214753166224,16.85,1.1541095890411,212.45,3.09468317552804,0,-16.0641,4.11759799833194,1.37608385686463,0.451685660266874,1.30108445697626,0.601283991047423,33.3877563865537,51.0347891166449,14.7976986383577,0.969,3.95608738968062,3.43920674799665,0.832442903389189,0.505112958942417
1985-03-13,1.33,285.66,0.7,0.7,452.15,4.496447560196037,658.41,27.06629,750.88,3.17552224503765,2.27054970568104,0.715016154973943,0.219528466253919,0.207214753166224,16.85,1.1541095890411,212.45,3.09468317552804,0,-16.0641,4.11759799833194,1.37608385686463,0.451685660266874,1.30108445697626,0.601283991047423,33.3877563865537,51.0347891166449,14.7976986383577,0.969,3.95608738968062,3.43920674799665,0.832442903389189,0.505112958942417
1985-03-14,0.69,263.21,1.24,1.24,464.73,3.9099544001704665,658.41,27.06629,750.88,3.17552224503765,2.27054970568104,0.715016154973943,0.219528466253919,0.207214753166224,16.85,1.1541095890411,212.45,3.09468317552804,0,-16.0641,4.11759799833194,1.37608385686463,0.451685660266874,1.30108445697626,0.601283991047423,33.3877563865537,51.0347891166449,14.7976986383577,0.969,3.95608738968062,3.43920674799665,0.832442903389189,0.505112958942417
1985-03-15,0.16,362.77,-1.13,-1.13,357.78,3.0627976134668655,658.41,27.06629,750.88,3.17552224503765,2.27054970568104,0.715016154973943,0.219528466253919,0.207214753166224,16.85,1.1541095890411,212.45,3.09468317552804,0,-16.0641,4.11759799833194,1.37608385686463,0.451685660266874,1.30108445697626,0.601283991047423,33.3877563865537,51.0347891166449,14.7976986383577,0.969,3.95608738968062,3.43920674799665,0.832442903389189,0.505112958942417
1985-03-16,0.04,445.46,-3.43,-3.43,257.79,2.4534963861069676,658.41,27.06629,750.88,3.17552224503765,2.27054970568104,0.715016154973943,0.219528466253919,0.207214753166224,16.85,1.1541095890411,212.45,3.09468317552804,0,-16.0641,4.11759799833194,1.37608385686463,0.451685660266874,1.30108445697626,0.601283991047423,33.3877563865537,51.0347891166449,14.7976986383577,0.969,3.95608738968062,3.43920674799665,0.832442903389189,0.505112958942417
1985-03-17,0.76,376.43,-1.61,-1.61,274.6,2.26125696143192,658.41,27.06629,750.88,3.17552224503765,2.27054970568104,0.715016154973943,0.219528466253919,0.207214753166224,16.85,1.1541095890411,212.45,3.09468317552804,0,-16.0641,4.11759799833194,1.37608385686463,0.451685660266874,1.30108445697626,0.601283991047423,33.3877563865537,51.0347891166449,14.7976986383577,0.969,3.95608738968062,3.43920674799665,0.832442903389189,0.505112958942417
1985-03-18,0.21,459.85,-7.96,-7.96,179.46,1.8670032260813976,658.41,27.06629,750.88,3.17552224503765,2.27054970568104,0.715016154973943,0.219528466253919,0.207214753166224,16.85,1.1541095890411,212.45,3.09468317552804,0,-16.0641,4.11759799833194,1.37608385686463,0.451685660266874,1.30108445697626,0.601283991047423,33.3877563865537,51.0347891166449,14.7976986383577,0.969,3.95608738968062,3.43920674799665,0.832442903389189,0.505112958942417
1985-03-19,1.88,401.57,-6.08,-6.08,223.04,1.5509485787342852,658.41,27.06629,750.88,3.17552224503765,2.27054970568104,0.715016154973943,0.219528466253919,0.207214753166224,16.85,1.1541095890411,212.45,3.09468317552804,0,-16.0641,4.11759799833194,1.37608385686463,0.451685660266874,1.30108445697626,0.601283991047423,33.3877563865537,51.0347891166449,14.7976986383577,0.969,3.95608738968062,3.43920674799665,0.832442903389189,0.505112958942417
1985-03-20,0.49,470.68,1.6,1.6,366.07,1.6389225527381206,658.41,27.06629,750.88,3.17552224503765,2.27054970568104,0.715016154973943,0.219528466253919,0.207214753166224,16.85,1.1541095890411,212.45,3.09468317552804,0,-16.0641,4.11759799833194,1.37608385686463,0.451685660266874,1.30108445697626,0.601283991047423,33.3877563865537,51.0347891166449,14.7976986383577,0.969,3.95608738968062,3.43920674799665,0.832442903389189,0.505112958942417
1985-03-21,0.0,523.33,-2.34,-2.34,252.84,1.4108418793948432,658.41,27.06629,750.88,3.17552224503765,2.27054970568104,0.715016154973943,0.219528466253919,0.207214753166224,16.85,1.1541095890411,212.45,3.09468317552804,0,-16.0641,4.11759799833194,1.37608385686463,0.451685660266874,1.30108445697626,0.601283991047423,33.3877563865537,51.0347891166449,14.7976986383577,0.969,3.95608738968062,3.43920674799665,0.832442903389189,0.505112958942417
1985-03-22,3.5,409.37,-1.06,-1.06,280.16,1.2023109780524184,658.41,27.06629,750.88,3.17552224503765,2.27054970568104,0.715016154973943,0.219528466253919,0.207214753166224,16.85,1.1541095890411,212.45,3.09468317552804,0,-16.0641,4.11759799833194,1.37608385686463,0.451685660266874,1.30108445697626,0.601283991047423,33.3877563865537,51.0347891166449,14.7976986383577,0.969,3.95608738968062,3.43920674799665,0.832442903389189,0.505112958942417
1985-03-23,11.27,377.47,1.95,1.95,414.18,2.010368220754315,658.41,27.06629,750.88,3.17552224503765,2.27054970568104,0.715016154973943,0.219528466253919,0.207214753166224,16.85,1.1541095890411,212.45,3.09468317552804,0,-16.0641,4.11759799833194,1.37608385686463,0.451685660266874,1.30108445697626,0.601283991047423,33.3877563865537,51.0347891166449,14.7976986383577,0.969,3.95608738968062,3.43920674799665,0.832442903389189,0.505112958942417
1985-03-24,9.94,194.74,2.62,2.62,514.69,4.659362326869806,658.41,27.06629,750.88,3.17552224503765,2.27054970568104,0.715016154973943,0.219528466253919,0.207214753166224,16.85,1.1541095890411,212.45,3.09468317552804,0,-16.0641,4.11759799833194,1.37608385686463,0.451685660266874,1.30108445697626,0.601283991047423,33.3877563865537,51.0347891166449,14.7976986383577,0.969,3.95608738968062,3.43920674799665,0.832442903389189,0.505112958942417
1985-03-25,2.14,404.97,-2.54,-2.54,324.74,3.5515419134881734,658.41,27.06629,750.88,3.17552224503765,2.27054970568104,0.715016154973943,0.219528466253919,0.207214753166224,16.85,1.1541095890411,212.45,3.09468317552804,0,-16.0641,4.11759799833194,1.37608385686463,0.451685660266874,1.30108445697626,0.601283991047423,33.3877563865537,51.0347891166449,14.7976986383577,0.969,3.95608738968062,3.43920674799665,0.832442903389189,0.505112958942417
1985-03-26,0.06,542.22,-0.9,-0.9,310.6,2.596861380779885,658.41,27.06629,750.88,3.17552224503765,2.27054970568104,0.715016154973943,0.219528466253919,0.207214753166224,16.85,1.1541095890411,212.45,3.09468317552804,0,-16.0641,4.11759799833194,1.37608385686463,0.451685660266874,1.30108445697626,0.601283991047423,33.3877563865537,51.0347891166449,14.7976986383577,0.969,3.95608738968062,3.43920674799665,0.832442903389189,0.505112958942417
1985-03-27,6.04,413.23,6.58,6.58,532.81,2.4697878627743446,658.41,27.06629,750.88,3.17552224503765,2.27054970568104,0.715016154973943,0.219528466253919,0.207214753166224,16.85,1.1541095890411,212.45,3.09468317552804,0,-16.0641,4.11759799833194,1.37608385686463,0.451685660266874,1.30108445697626,0.601283991047423,33.3877563865537,51.0347891166449,14.7976986383577,0.969,3.95608738968062,3.43920674799665,0.832442903389189,0.505112958942417
1985-03-28,4.62,358.7,12.12,12.12,851.11,4.398698700191775,658.41,27.06629,750.88,3.17552224503765,2.27054970568104,0.715016154973943,0.219528466253919,0.207214753166224,16.85,1.1541095890411,212.45,3.09468317552804,0,-16.0641,4.11759799833194,1.37608385686463,0.451685660266874,1.30108445697626,0.601283991047423,33.3877563865537,51.0347891166449,14.7976986383577,0.969,3.95608738968062,3.43920674799665,0.832442903389189,0.505112958942417
1985-03-29,2.69,366.4,12.53,12.53,843.84,3.421210100149158,658.41,27.06629,750.88,3.17552224503765,2.27054970568104,0.715016154973943,0.219528466253919,0.207214753166224,16.85,1.1541095890411,212.45,3.09468317552804,0,-16.0641,4.11759799833194,1.37608385686463,0.451685660266874,1.30108445697626,0.601283991047423,33.3877563865537,51.0347891166449,14.7976986383577,0.969,3.95608738968062,3.43920674799665,0.832442903389189,0.505112958942417
1985-03-30,2.59,409.76,7.39,7.39,547.71,2.8640415981248664,658.41,27.06629,750.88,3.17552224503765,2.27054970568104,0.715016154973943,0.219528466253919,0.207214753166224,16.85,1.1541095890411,212.45,3.09468317552804,0,-16.0641,4.11759799833194,1.37608385686463,0.451685660266874,1.30108445697626,0.601283991047423,33.3877563865537,51.0347891166449,14.7976986383577,0.969,3.95608738968062,3.43920674799665,0.832442903389189,0.505112958942417
1985-03-31,11.98,210.45,1.57,1.57,483.27,3.8773714468357126,658.41,27.06629,750.88,3.17552224503765,2.27054970568104,0.715016154973943,0.219528466253919,0.207214753166224,16.85,1.1541095890411,212.45,3.09468317552804,0,-16.0641,4.11759799833194,1.37608385686463,0.451685660266874,1.30108445697626,0.601283991047423,33.3877563865537,51.0347891166449,14.7976986383577,0.969,3.95608738968062,3.43920674799665,0.832442903389189,0.505112958942417
1985-04-01,3.58,184.84,0.74,0.74,493.24,4.952608906882591,658.41,27.06629,750.88,3.17552224503765,2.27054970568104,0.715016154973943,0.219528466253919,0.207214753166224,16.85,1.1541095890411,212.45,3.09468317552804,0,-16.0641,4.11759799833194,1.37608385686463,0.451685660266874,1.30108445697626,0.601283991047423,33.3877563865537,51.0347891166449,14.7976986383577,0.969,3.95608738968062,3.43920674799665,0.832442903389189,0.505112958942417
1985-04-02,1.35,234.36,-1.84,-1.84,387.07,3.3886271468144042,658.41,27.06629,750.88,3.17552224503765,2.27054970568104,0.715016154973943,0.219528466253919,0.207214753166224,16.85,1.1541095890411,212.45,3.09468317552804,0,-16.0641,4.11759799833194,1.37608385686463,0.451685660266874,1.30108445697626,0.601283991047423,33.3877563865537,51.0347891166449,14.7976986383577,0.969,3.95608738968062,3.43920674799665,0.832442903389189,0.505112958942417
1985-04-03,1.72,344.13,-2.2,-2.2,364.27,3.01718147879821,658.41,27.06629,750.88,3.17552224503765,2.27054970568104,0.715016154973943,0.219528466253919,0.207214753166224,16.85,1.1541095890411,212.45,3.09468317552804,0,-16.0641,4.11759799833194,1.37608385686463,0.451685660266874,1.30108445697626,0.601283991047423,33.3877563865537,51.0347891166449,14.7976986383577,0.969,3.95608738968062,3.43920674799665,0.832442903389189,0.505112958942417
1985-04-04,0.7,395.91,3.09,3.09,508.33,2.834716940123588,658.41,27.06629,750.88,3.17552224503765,2.27054970568104,0.715016154973943,0.219528466253919,0.207214753166224,16.85,1.1541095890411,212.45,3.09468317552804,0,-16.0641,4.11759799833194,1.37608385686463,0.451685660266874,1.30108445697626,0.601283991047423,33.3877563865537,51.0347891166449,14.7976986383577,0.969,3.95608738968062,3.43920674799665,0.832442903389189,0.505112958942417
1985-04-05,0.68,419.12,10.37,10.37,679.54,2.4404632047730663,658.41,27.06629,750.88,3.17552224503765,2.27054970568104,0.715016154973943,0.219528466253919,0.207214753166224,16.85,1.1541095890411,212.45,3.09468317552804,0,-16.0641,4.11759799833194,1.37608385686463,0.451685660266874,1.30108445697626,0.601283991047423,33.3877563865537,51.0347891166449,14.7976986383577,0.969,3.95608738968062,3.43920674799665,0.832442903389189,0.505112958942417
1985-04-06,1.2,424.07,11.06,11.06,609.92,2.117891966759003,658.41,27.06629,750.88,3.17552224503765,2.27054970568104,0.715016154973943,0.219528466253919,0.207214753166224,16.85,1.1541095890411,212.45,3.09468317552804,0,-16.0641,4.11759799833194,1.37608385686463,0.451685660266874,1.30108445697626,0.601283991047423,33.3877563865537,51.0347891166449,14.7976986383577,0.969,3.95608738968062,3.43920674799665,0.832442903389189,0.505112958942417
1985-04-07,1.37,364.71,3.16,3.16,433.95,1.8995861794161517,658.41,27.06629,750.88,3.17552224503765,2.27054970568104,0.715016154973943,0.219528466253919,0.207214753166224,16.85,1.1541095890411,212.45,3.09468317552804,0,-16.0641,4.11759799833194,1.37608385686463,0.451685660266874,1.30108445697626,0.601283991047423,33.3877563865537,51.0347891166449,14.7976986383577,0.969,3.95608738968062,3.43920674799665,0.832442903389189,0.505112958942417
1985-04-08,0.47,320.69,-0.47,-0.47,365.31,1.7301548220754313,658.41,27.06629,750.88,3.17552224503765,2.27054970568104,0.715016154973943,0.219528466253919,0.207214753166224,16.85,1.1541095890411,212.45,3.09468317552804,0,-16.0641,4.11759799833194,1.37608385686463,0.451685660266874,1.30108445697626,0.601283991047423,33.3877563865537,51.0347891166449,14.7976986383577,0.969,3.95608738968062,3.43920674799665,0.832442903389189,0.505112958942417
1985-04-09,0.11,380.97,-4.38,-4.38,258.11,1.5476902834008097,658.41,27.06629,750.88,3.17552224503765,2.27054970568104,0.715016154973943,0.219528466253919,0.207214753166224,16.85,1.1541095890411,212.45,3.09468317552804,0,-16.0641,4.11759799833194,1.37608385686463,0.451685660266874,1.30108445697626,0.601283991047423,33.3877563865537,51.0347891166449,14.7976986383577,0.969,3.95608738968062,3.43920674799665,0.832442903389189,0.505112958942417
1985-04-10,0.08,454.2,-4.7,-4.7,272.92,1.3424176773918601,658.41,27.06629,750.88,3.17552224503765,2.27054970568104,0.715016154973943,0.219528466253919,0.207214753166224,16.85,1.1541095890411,212.45,3.09468317552804,0,-16.0641,4.11759799833194,1.37608385686463,0.451685660266874,1.30108445697626,0.601283991047423,33.3877563865537,51.0347891166449,14.7976986383577,0.969,3.95608738968062,3.43920674799665,0.832442903389189,0.505112958942417
1985-04-11,0.25,355.64,2.38,2.38,462.28,1.3000598380566801,658.41,27.06629,750.88,3.17552224503765,2.27054970568104,0.715016154973943,0.219528466253919,0.207214753166224,16.85,1.1541095890411,212.45,3.09468317552804,0,-16.0641,4.11759799833194,1.37608385686463,0.451685660266874,1.30108445697626,0.601283991047423,33.3877563865537,51.0347891166449,14.7976986383577,0.969,3.95608738968062,3.43920674799665,0.832442903389189,0.505112958942417
1985-04-12,0.1,475.06,3.84,3.84,480.27,1.1892777967185169,658.41,27.06629,750.88,3.17552224503765,2.27054970568104,0.715016154973943,0.219528466253919,0.207214753166224,16.85,1.1541095890411,212.45,3.09468317552804,0,-16.0641,4.11759799833194,1.37608385686463,0.451685660266874,1.30108445697626,0.601283991047423,33.3877563865537,51.0347891166449,14.7976986383577,0.969,3.95608738968062,3.43920674799665,0.832442903389189,0.505112958942417
1985-04-13,0.09,408.98,8.67,8.67,669.1,1.0784957553803536,658.41,27.06629,750.88,3.17552224503765,2.27054970568104,0.715016154973943,0.219528466253919,0.207214753166224,16.85,1.1541095890411,212.45,3.09468317552804,0,-16.0641,4.11759799833194,1.37608385686463,0.451685660266874,1.30108445697626,0.601283991047423,33.3877563865537,51.0347891166449,14.7976986383577,0.969,3.95608738968062,3.43920674799665,0.832442903389189,0.505112958942417
1985-04-14,0.02,515.37,11.11,11.11,796.81,1.0100715533773705,658.41,27.06629,750.88,3.17552224503765,2.27054970568104,0.715016154973943,0.219528466253919,0.207214753166224,16.85,1.1541095890411,212.45,3.09468317552804,0,-16.0641,4.11759799833194,1.37608385686463,0.451685660266874,1.30108445697626,0.601283991047423,33.3877563865537,51.0347891166449,14.7976986383577,0.969,3.95608738968062,3.43920674799665,0.832442903389189,0.505112958942417
1985-04-15,0.13,372.31,14.0,14.0,958.47,0.9416473513743873,658.41,27.06629,750.88,3.17552224503765,2.27054970568104,0.715016154973943,0.219528466253919,0.207214753166224,16.85,1.1541095890411,212.45,3.09468317552804,0,-16.0641,4.11759799833194,1.37608385686463,0.451685660266874,1.30108445697626,0.601283991047423,33.3877563865537,51.0347891166449,14.7976986383577,0.969,3.95608738968062,3.43920674799665,0.832442903389189,0.505112958942417
1985-04-16,0.46,419.43,12.5,12.5,737.96,0.8895146260387811,658.41,27.06629,750.88,3.17552224503765,2.27054970568104,0.715016154973943,0.219528466253919,0.207214753166224,16.85,1.1541095890411,212.45,3.09468317552804,0,-16.0641,4.11759799833194,1.37608385686463,0.451685660266874,1.30108445697626,0.601283991047423,33.3877563865537,51.0347891166449,14.7976986383577,0.969,3.95608738968062,3.43920674799665,0.832442903389189,0.505112958942417
1985-04-17,0.11,569.36,5.41,5.41,449.9,0.8210904240357979,658.41,27.06629,750.88,3.17552224503765,2.27054970568104,0.715016154973943,0.219528466253919,0.207214753166224,16.85,1.1541095890411,212.45,3.09468317552804,0,-16.0641,4.11759799833194,1.37608385686463,0.451685660266874,1.30108445697626,0.601283991047423,33.3877563865537,51.0347891166449,14.7976986383577,0.969,3.95608738968062,3.43920674799665,0.832442903389189,0.505112958942417
1985-04-18,1.63,436.79,10.38,10.38,701.32,0.7428913360323885,658.41,27.06629,750.88,3.17552224503765,2.27054970568104,0.715016154973943,0.219528466253919,0.207214753166224,16.85,1.1541095890411,212.45,3.09468317552804,0,-16.0641,4.11759799833194,1.37608385686463,0.451685660266874,1.30108445697626,0.601283991047423,33.3877563865537,51.0347891166449,14.7976986383577,0.969,3.95608738968062,3.43920674799665,0.832442903389189,0.505112958942417
1985-04-19,8.31,347.45,17.68,17.68,1202.51,0.8373819007031749,658.41,27.06629,750.88,3.17552224503765,2.27054970568104,0.715016154973943,0.219528466253919,0.207214753166224,16.85,1.1541095890411,212.45,3.09468317552804,0,-16.0641,4.11759799833194,1.37608385686463,0.451685660266874,1.30108445697626,0.601283991047423,33.3877563865537,51.0347891166449,14.7976986383577,0.969,3.95608738968062,3.43920674799665,0.832442903389189,0.505112958942417
1985-04-20,2.3,467.32,17.55,17.55,1147.35,1.2674768847219262,658.41,27.06629,750.88,3.17552224503765,2.27054970568104,0.715016154973943,0.219528466253919,0.207214753166224,16.85,1.1541095890411,212.45,3.09468317552804,0,-16.0641,4.11759799833194,1.37608385686463,0.451685660266874,1.30108445697626,0.601283991047423,33.3877563865537,51.0347891166449,14.7976986383577,0.969,3.95608738968062,3.43920674799665,0.832442903389189,0.505112958942417
1985-04-21,0.06,530.33,17.47,17.47,1015.42,0.9383890560409119,658.41,27.06629,750.88,3.17552224503765,2.27054970568104,0.715016154973943,0.219528466253919,0.207214753166224,16.85,1.1541095890411,212.45,3.09468317552804,0,-16.0641,4.11759799833194,1.37608385686463,0.451685660266874,1.30108445697626,0.601283991047423,33.3877563865537,51.0347891166449,14.7976986383577,0.969,3.95608738968062,3.43920674799665,0.832442903389189,0.505112958942417
1985-04-22,0.0,534.4,18.17,18.17,1008.84,0.7885074707010441,658.41,27.06629,750.88,3.17552224503765,2.27054970568104,0.715016154973943,0.219528466253919,0.207214753166224,16.85,1.1541095890411,212.45,3.09468317552804,0,-16.0641,4.11759799833194,1.37608385686463,0.451685660266874,1.30108445697626,0.601283991047423,33.3877563865537,51.0347891166449,14.7976986383577,0.969,3.95608738968062,3.43920674799665,0.832442903389189,0.505112958942417
1985-04-23,0.0,535.14,18.45,18.45,1022.66,0.7200832686980609,658.41,27.06629,750.88,3.17552224503765,2.27054970568104,0.715016154973943,0.219528466253919,0.207214753166224,16.85,1.1541095890411,212.45,3.09468317552804,0,-16.0641,4.11759799833194,1.37608385686463,0.451685660266874,1.30108445697626,0.601283991047423,33.3877563865537,51.0347891166449,14.7976986383577,0.969,3.95608738968062,3.43920674799665,0.832442903389189,0.505112958942417
1985-04-24,0.01,485.1,17.8,17.8,1074.25,0.6712088386959301,658.41,27.06629,750.88,3.17552224503765,2.27054970568104,0.715016154973943,0.219528466253919,0.207214753166224,16.85,1.1541095890411,212.45,3.09468317552804,0,-16.0641,4.11759799833194,1.37608385686463,0.451685660266874,1.30108445697626,0.601283991047423,33.3877563865537,51.0347891166449,14.7976986383577,0.969,3.95608738968062,3.43920674799665,0.832442903389189,0.505112958942417
1985-04-25,0.07,279.57,13.0,13.0,941.92,0.6386258853611761,658.41,27.06629,750.88,3.17552224503765,2.27054970568104,0.715016154973943,0.219528466253919,0.207214753166224,16.85,1.1541095890411,212.45,3.09468317552804,0,-16.0641,4.11759799833194,1.37608385686463,0.451685660266874,1.30108445697626,0.601283991047423,33.3877563865537,51.0347891166449,14.7976986383577,0.969,3.95608738968062,3.43920674799665,0.832442903389189,0.505112958942417
1985-04-26,0.02,548.18,10.99,10.99,680.24,0.6093012273598977,658.41,27.06629,750.88,3.17552224503765,2.27054970568104,0.715016154973943,0.219528466253919,0.207214753166224,16.85,1.1541095890411,212.45,3.09468317552804,0,-16.0641,4.11759799833194,1.37608385686463,0.451685660266874,1.30108445697626,0.601283991047423,33.3877563865537,51.0347891166449,14.7976986383577,0.969,3.95608738968062,3.43920674799665,0.832442903389189,0.505112958942417
1985-04-27,0.0,551.06,9.6,9.6,587.43,0.553910206690816,658.41,27.06629,750.88,3.17552224503765,2.27054970568104,0.715016154973943,0.219528466253919,0.207214753166224,16.85,1.1541095890411,212.45,3.09468317552804,0,-16.0641,4.11759799833194,1.37608385686463,0.451685660266874,1.30108445697626,0.601283991047423,33.3877563865537,51.0347891166449,14.7976986383577,0.969,3.95608738968062,3.43920674799665,0.832442903389189,0.505112958942417
1985-04-28,0.02,445.43,7.72,7.72,566.29,0.511552367355636,658.41,27.06629,750.88,3.17552224503765,2.27054970568104,0.715016154973943,0.219528466253919,0.207214753166224,16.85,1.1541095890411,212.45,3.09468317552804,0,-16.0641,4.11759799833194,1.37608385686463,0.451685660266874,1.30108445697626,0.601283991047423,33.3877563865537,51.0347891166449,14.7976986383577,0.969,3.95608738968062,3.43920674799665,0.832442903389189,0.505112958942417
1985-04-29,0.01,566.64,6.14,6.14,481.03,0.49526089068825907,658.41,27.06629,750.88,3.17552224503765,2.27054970568104,0.715016154973943,0.219528466253919,0.207214753166224,16.85,1.1541095890411,212.45,3.09468317552804,0,-16.0641,4.11759799833194,1.37608385686463,0.451685660266874,1.30108445697626,0.601283991047423,33.3877563865537,51.0347891166449,14.7976986383577,0.969,3.95608738968062,3.43920674799665,0.832442903389189,0.505112958942417
1985-04-30,0.0,571.72,11.33,11.33,612.79,0.4463864606861282,658.41,27.06629,750.88,3.17552224503765,2.27054970568104,0.715016154973943,0.219528466253919,0.207214753166224,16.85,1.1541095890411,212.45,3.09468317552804,0,-16.0641,4.11759799833194,1.37608385686463,0.451685660266874,1.30108445697626,0.601283991047423,33.3877563865537,51.0347891166449,14.7976986383577,0.969,3.95608738968062,3.43920674799665,0.832442903389189,0.505112958942417
1985-05-01,0.16,421.85,14.15,14.15,786.0,0.4203200980183251,658.41,27.06629,750.88,3.17552224503765,2.27054970568104,0.715016154973943,0.219528466253919,0.207214753166224,16.85,1.1541095890411,212.45,3.09468317552804,0,-16.0641,4.11759799833194,1.37608385686463,0.451685660266874,1.30108445697626,0.601283991047423,33.3877563865537,51.0347891166449,14.7976986383577,0.969,3.95608738968062,3.43920674799665,0.832442903389189,0.505112958942417
1985-05-02,1.47,306.99,10.52,10.52,744.35,0.4040286213509482,658.41,27.06629,750.88,3.17552224503765,2.27054970568104,0.715016154973943,0.219528466253919,0.207214753166224,16.85,1.1541095890411,212.45,3.09468317552804,0,-16.0641,4.11759799833194,1.37608385686463,0.451685660266874,1.30108445697626,0.601283991047423,33.3877563865537,51.0347891166449,14.7976986383577,0.969,3.95608738968062,3.43920674799665,0.832442903389189,0.505112958942417
1985-05-03,0.41,477.25,6.49,6.49,532.46,0.41706180268484977,658.41,27.06629,750.88,3.17552224503765,2.27054970568104,0.715016154973943,0.219528466253919,0.207214753166224,16.85,1.1541095890411,212.45,3.09468317552804,0,-16.0641,4.11759799833194,1.37608385686463,0.451685660266874,1.30108445697626,0.601283991047423,33.3877563865537,51.0347891166449,14.7976986383577,0.969,3.95608738968062,3.43920674799665,0.832442903389189,0.505112958942417
1985-05-04,0.02,527.74,5.41,5.41,466.27,0.36818737268271895,658.41,27.06629,750.88,3.17552224503765,2.27054970568104,0.715016154973943,0.219528466253919,0.207214753166224,16.85,1.1541095890411,212.45,3.09468317552804,0,-16.0641,4.11759799833194,1.37608385686463,0.451685660266874,1.30108445697626,0.601283991047423,33.3877563865537,51.0347891166449,14.7976986383577,0.969,3.95608738968062,3.43920674799665,0.832442903389189,0.505112958942417
1985-05-05,3.63,402.46,12.84,12.84,860.56,0.3453793053483912,658.41,27.06629,750.88,3.17552224503765,2.27054970568104,0.715016154973943,0.219528466253919,0.207214753166224,16.85,1.1541095890411,212.45,3.09468317552804,0,-16.0641,4.11759799833194,1.37608385686463,0.451685660266874,1.30108445697626,0.601283991047423,33.3877563865537,51.0347891166449,14.7976986383577,0.969,3.95608738968062,3.43920674799665,0.832442903389189,0.505112958942417
1985-05-06,4.29,278.56,16.01,16.01,1126.21,0.3714456680161943,658.41,27.06629,750.88,3.17552224503765,2.27054970568104,0.715016154973943,0.219528466253919,0.207214753166224,16.85,1.1541095890411,212.45,3.09468317552804,0,-16.0641,4.11759799833194,1.37608385686463,0.451685660266874,1.30108445697626,0.601283991047423,33.3877563865537,51.0347891166449,14.7976986383577,0.969,3.95608738968062,3.43920674799665,0.832442903389189,0.505112958942417
1985-05-07,1.02,335.31,10.59,10.59,782.45,0.46593623268698053,658.41,27.06629,750.88,3.17552224503765,2.27054970568104,0.715016154973943,0.219528466253919,0.207214753166224,16.85,1.1541095890411,212.45,3.09468317552804,0,-16.0641,4.11759799833194,1.37608385686463,0.451685660266874,1.30108445697626,0.601283991047423,33.3877563865537,51.0347891166449,14.7976986383577,0.969,3.95608738968062,3.43920674799665,0.832442903389189,0.505112958942417
1985-05-08,0.04,513.71,7.5,7.5,556.53,0.38122055401662047,658.41,27.06629,750.88,3.17552224503765,2.27054970568104,0.715016154973943,0.219528466253919,0.207214753166224,16.85,1.1541095890411,212.45,3.09468317552804,0,-16.0641,4.11759799833194,1.37608385686463,0.451685660266874,1.30108445697626,0.601283991047423,33.3877563865537,51.0347891166449,14.7976986383577,0.969,3.95608738968062,3.43920674799665,0.832442903389189,0.505112958942417
1985-05-09,0.0,588.12,8.18,8.18,500.3,0.32908782868101427,658.41,27.06629,750.88,3.17552224503765,2.27054970568104,0.715016154973943,0.219528466253919,0.207214753166224,16.85,1.1541095890411,212.45,3.09468317552804,0,-16.0641,4.11759799833194,1.37608385686463,0.451685660266874,1.30108445697626,0.601283991047423,33.3877563865537,51.0347891166449,14.7976986383577,0.969,3.95608738968062,3.43920674799665,0.832442903389189,0.505112958942417
1985-05-10,0.0,569.5,14.55,14.55,752.88,0.3030214660132111,658.41,27.06629,750.88,3.17552224503765,2.27054970568104,0.715016154973943,0.219528466253919,0.207214753166224,16.85,1.1541095890411,212.45,3.09468317552804,0,-16.0641,4.11759799833194,1.37608385686463,0.451685660266874,1.30108445697626,0.601283991047423,33.3877563865537,51.0347891166449,14.7976986383577,0.969,3.95608738968062,3.43920674799665,0.832442903389189,0.505112958942417
1985-05-11,0.23,422.23,16.54,16.54,959.39,0.2867299893458342,658.41,27.06629,750.88,3.17552224503765,2.27054970568104,0.715016154973943,0.219528466253919,0.207214753166224,16.85,1.1541095890411,212.45,3.09468317552804,0,-16.0641,4.11759799833194,1.37608385686463,0.451685660266874,1.30108445697626,0.601283991047423,33.3877563865537,51.0347891166449,14.7976986383577,0.969,3.95608738968062,3.43920674799665,0.832442903389189,0.505112958942417
1985-05-12,0.56,387.42,18.53,18.53,1161.26,0.2802133986788834,658.41,27.06629,750.88,3.17552224503765,2.27054970568104,0.715016154973943,0.219528466253919,0.207214753166224,16.85,1.1541095890411,212.45,3.09468317552804,0,-16.0641,4.11759799833194,1.37608385686463,0.451685660266874,1.30108445697626,0.601283991047423,33.3877563865537,51.0347891166449,14.7976986383577,0.969,3.95608738968062,3.43920674799665,0.832442903389189,0.505112958942417
1985-05-13,0.13,490.03,19.37,19.37,1136.99,0.2802133986788834,658.41,27.06629,750.88,3.17552224503765,2.27054970568104,0.715016154973943,0.219528466253919,0.207214753166224,16.85,1.1541095890411,212.45,3.09468317552804,0,-16.0641,4.11759799833194,1.37608385686463,0.451685660266874,1.30108445697626,0.601283991047423,33.3877563865537,51.0347891166449,14.7976986383577,0.969,3.95608738968062,3.43920674799665,0.832442903389189,0.505112958942417
1985-05-14,0.58,437.82,15.12,15.12,841.27,0.26392192201150644,658.41,27.06629,750.88,3.17552224503765,2.27054970568104,0.715016154973943,0.219528466253919,0.207214753166224,16.85,1.1541095890411,212.45,3.09468317552804,0,-16.0641,4.11759799833194,1.37608385686463,0.451685660266874,1.30108445697626,0.601283991047423,33.3877563865537,51.0347891166449,14.7976986383577,0.969,3.95608738968062,3.43920674799665,0.832442903389189,0.505112958942417
1985-05-15,1.64,403.33,15.2,15.2,899.03,0.25414703601108035,658.41,27.06629,750.88,3.17552224503765,2.27054970568104,0.715016154973943,0.219528466253919,0.207214753166224,16.85,1.1541095890411,212.45,3.09468317552804,0,-16.0641,4.11759799833194,1.37608385686463,0.451685660266874,1.30108445697626,0.601283991047423,33.3877563865537,51.0347891166449,14.7976986383577,0.969,3.95608738968062,3.43920674799665,0.832442903389189,0.505112958942417
1985-05-16,3.21,322.45,14.43,14.43,1002.34,0.25740533134455573,658.41,27.06629,750.88,3.17552224503765,2.27054970568104,0.715016154973943,0.219528466253919,0.207214753166224,16.85,1.1541095890411,212.45,3.09468317552804,0,-16.0641,4.11759799833194,1.37608385686463,0.451685660266874,1.30108445697626,0.601283991047423,33.3877563865537,51.0347891166449,14.7976986383577,0.969,3.95608738968062,3.43920674799665,0.832442903389189,0.505112958942417
1985-05-17,6.62,318.85,13.75,13.75,931.83,0.4203200980183251,658.41,27.06629,750.88,3.17552224503765,2.27054970568104,0.715016154973943,0.219528466253919,0.207214753166224,16.85,1.1541095890411,212.45,3.09468317552804,0,-16.0641,4.11759799833194,1.37608385686463,0.451685660266874,1.30108445697626,0.601283991047423,33.3877563865537,51.0347891166449,14.7976986383577,0.969,3.95608738968062,3.43920674799665,0.832442903389189,0.505112958942417
1985-05-18,3.42,388.38,8.48,8.48,612.75,0.7396330406989132,658.41,27.06629,750.88,3.17552224503765,2.27054970568104,0.715016154973943,0.219528466253919,0.207214753166224,16.85,1.1541095890411,212.45,3.09468317552804,0,-16.0641,4.11759799833194,1.37608385686463,0.451685660266874,1.30108445697626,0.601283991047423,33.3877563865537,51.0347891166449,14.7976986383577,0.969,3.95608738968062,3.43920674799665,0.832442903389189,0.505112958942417
1985-05-19,0.49,583.87,7.59,7.59,556.57,0.4789694140208821,658.41,27.06629,750.88,3.17552224503765,2.27054970568104,0.715016154973943,0.219528466253919,0.207214753166224,16.85,1.1541095890411,212.45,3.09468317552804,0,-16.0641,4.11759799833194,1.37608385686463,0.451685660266874,1.30108445697626,0.601283991047423,33.3877563865537,51.0347891166449,14.7976986383577,0.969,3.95608738968062,3.43920674799665,0.832442903389189,0.505112958942417
1985-05-20,4.95,410.5,14.3,14.3,878.48,0.3779622586831451,658.41,27.06629,750.88,3.17552224503765,2.27054970568104,0.715016154973943,0.219528466253919,0.207214753166224,16.85,1.1541095890411,212.45,3.09468317552804,0,-16.0641,4.11759799833194,1.37608385686463,0.451685660266874,1.30108445697626,0.601283991047423,33.3877563865537,51.0347891166449,14.7976986383577,0.969,3.95608738968062,3.43920674799665,0.832442903389189,0.505112958942417
1985-05-21,1.46,386.71,14.97,14.97,878.72,0.35189589601534194,658.41,27.06629,750.88,3.17552224503765,2.27054970568104,0.715016154973943,0.219528466253919,0.207214753166224,16.85,1.1541095890411,212.45,3.09468317552804,0,-16.0641,4.11759799833194,1.37608385686463,0.451685660266874,1.30108445697626,0.601283991047423,33.3877563865537,51.0347891166449,14.7976986383577,0.969,3.95608738968062,3.43920674799665,0.832442903389189,0.505112958942417
1985-05-22,0.04,567.63,9.64,9.64,595.66,0.32908782868101427,658.41,27.06629,750.88,3.17552224503765,2.27054970568104,0.715016154973943,0.219528466253919,0.207214753166224,16.85,1.1541095890411,212.45,3.09468317552804,0,-16.0641,4.11759799833194,1.37608385686463,0.451685660266874,1.30108445697626,0.601283991047423,33.3877563865537,51.0347891166449,14.7976986383577,0.969,3.95608738968062,3.43920674799665,0.832442903389189,0.505112958942417
1985-05-23,0.0,567.22,10.71,10.71,619.34,0.2834716940123588,658.41,27.06629,750.88,3.17552224503765,2.27054970568104,0.715016154973943,0.219528466253919,0.207214753166224,16.85,1.1541095890411,212.45,3.09468317552804,0,-16.0641,4.11759799833194,1.37608385686463,0.451685660266874,1.30108445697626,0.601283991047423,33.3877563865537,51.0347891166449,14.7976986383577,0.969,3.95608738968062,3.43920674799665,0.832442903389189,0.505112958942417
1985-05-24,0.0,581.82,12.03,12.03,645.48,0.25414703601108035,658.41,27.06629,750.88,3.17552224503765,2.27054970568104,0.715016154973943,0.219528466253919,0.207214753166224,16.85,1.1541095890411,212.45,3.09468317552804,0,-16.0641,4.11759799833194,1.37608385686463,0.451685660266874,1.30108445697626,0.601283991047423,33.3877563865537,51.0347891166449,14.7976986383577,0.969,3.95608738968062,3.43920674799665,0.832442903389189,0.505112958942417
1985-05-25,0.44,446.9,13.64,13.64,768.67,0.22808067334327722,658.41,27.06629,750.88,3.17552224503765,2.27054970568104,0.715016154973943,0.219528466253919,0.207214753166224,16.85,1.1541095890411,212.45,3.09468317552804,0,-16.0641,4.11759799833194,1.37608385686463,0.451685660266874,1.30108445697626,0.601283991047423,33.3877563865537,51.0347891166449,14.7976986383577,0.969,3.95608738968062,3.43920674799665,0.832442903389189,0.505112958942417
1985-05-26,3.87,394.21,15.46,15.46,983.45,0.21830578734285105,658.41,27.06629,750.88,3.17552224503765,2.27054970568104,0.715016154973943,0.219528466253919,0.207214753166224,16.85,1.1541095890411,212.45,3.09468317552804,0,-16.0641,4.11759799833194,1.37608385686463,0.451685660266874,1.30108445697626,0.601283991047423,33.3877563865537,51.0347891166449,14.7976986383577,0.969,3.95608738968062,3.43920674799665,0.832442903389189,0.505112958942417
1985-05-27,16.35,352.24,16.61,16.61,1121.68,0.23785555934370337,658.41,27.06629,750.88,3.17552224503765,2.27054970568104,0.715016154973943,0.219528466253919,0.207214753166224,16.85,1.1541095890411,212.45,3.09468317552804,0,-16.0641,4.11759799833194,1.37608385686463,0.451685660266874,1.30108445697626,0.601283991047423,33.3877563865537,51.0347891166449,14.7976986383577,0.969,3.95608738968062,3.43920674799665,0.832442903389189,0.505112958942417
1985-05-28,7.16,359.63,15.39,15.39,972.45,0.7494079266993394,658.41,27.06629,750.88,3.17552224503765,2.27054970568104,0.715016154973943,0.219528466253919,0.207214753166224,16.85,1.1541095890411,212.45,3.09468317552804,0,-16.0641,4.11759799833194,1.37608385686463,0.451685660266874,1.30108445697626,0.601283991047423,33.3877563865537,51.0347891166449,14.7976986383577,0.969,3.95608738968062,3.43920674799665,0.832442903389189,0.505112958942417
1985-05-29,0.94,575.84,9.74,9.74,635.28,0.5408770253569145,658.41,27.06629,750.88,3.17552224503765,2.27054970568104,0.715016154973943,0.219528466253919,0.207214753166224,16.85,1.1541095890411,212.45,3.09468317552804,0,-16.0641,4.11759799833194,1.37608385686463,0.451685660266874,1.30108445697626,0.601283991047423,33.3877563865537,51.0347891166449,14.7976986383577,0.969,3.95608738968062,3.43920674799665,0.832442903389189,0.505112958942417
1985-05-30,6.25,403.81,12.28,12.28,878.83,0.33234612401448965,658.41,27.06629,750.88,3.17552224503765,2.27054970568104,0.715016154973943,0.219528466253919,0.207214753166224,16.85,1.1541095890411,212.45,3.09468317552804,0,-16.0641,4.11759799833194,1.37608385686463,0.451685660266874,1.30108445697626,0.601283991047423,33.3877563865537,51.0347891166449,14.7976986383577,0.969,3.95608738968062,3.43920674799665,0.832442903389189,0.505112958942417
1985-05-31,19.85,280.41,15.35,15.35,1179.07,0.48222770935435755,658.41,27.06629,750.88,3.17552224503765,2.27054970568104,0.715016154973943,0.219528466253919,0.207214753166224,16.85,1.1541095890411,212.45,3.09468317552804,0,-16.0641,4.11759799833194,1.37608385686463,0.451685660266874,1.30108445697626,0.601283991047423,33.3877563865537,51.0347891166449,14.7976986383577,0.969,3.95608738968062,3.43920674799665,0.832442903389189,0.505112958942417
1985-06-01,5.11,387.63,14.7,14.7,1081.43,1.3554508587257617,658.41,27.06629,750.88,3.17552224503765,2.27054970568104,0.715016154973943,0.219528466253919,0.207214753166224,16.85,1.1541095890411,212.45,3.09468317552804,0,-16.0641,4.11759799833194,1.37608385686463,0.451685660266874,1.30108445697626,0.601283991047423,33.3877563865537,51.0347891166449,14.7976986383577,0.969,3.95608738968062,3.43920674799665,0.832442903389189,0.505112958942417
1985-06-02,0.1,516.61,14.73,14.73,929.58,0.5734599786916684,658.41,27.06629,750.88,3.17552224503765,2.27054970568104,0.715016154973943,0.219528466253919,0.207214753166224,16.85,1.1541095890411,212.45,3.09468317552804,0,-16.0641,4.11759799833194,1.37608385686463,0.451685660266874,1.30108445697626,0.601283991047423,33.3877563865537,51.0347891166449,14.7976986383577,0.969,3.95608738968062,3.43920674799665,0.832442903389189,0.505112958942417
1985-06-03,1.19,387.9,15.37,15.37,954.18,0.4463864606861282,658.41,27.06629,750.88,3.17552224503765,2.27054970568104,0.715016154973943,0.219528466253919,0.207214753166224,16.85,1.1541095890411,212.45,3.09468317552804,0,-16.0641,4.11759799833194,1.37608385686463,0.451685660266874,1.30108445697626,0.601283991047423,33.3877563865537,51.0347891166449,14.7976986383577,0.969,3.95608738968062,3.43920674799665,0.832442903389189,0.505112958942417
1985-06-04,0.8,434.58,12.11,12.11,810.0,0.38447884935009585,658.41,27.06629,750.88,3.17552224503765,2.27054970568104,0.715016154973943,0.219528466253919,0.207214753166224,16.85,1.1541095890411,212.45,3.09468317552804,0,-16.0641,4.11759799833194,1.37608385686463,0.451685660266874,1.30108445697626,0.601283991047423,33.3877563865537,51.0347891166449,14.7976986383577,0.969,3.95608738968062,3.43920674799665,0.832442903389189,0.505112958942417
1985-06-05,1.28,343.92,14.93,14.93,1031.46,0.33234612401448965,658.41,27.06629,750.88,3.17552224503765,2.27054970568104,0.715016154973943,0.219528466253919,0.207214753166224,16.85,1.1541095890411,212.45,3.09468317552804,0,-16.0641,4.11759799833194,1.37608385686463,0.451685660266874,1.30108445697626,0.601283991047423,33.3877563865537,51.0347891166449,14.7976986383577,0.969,3.95608738968062,3.43920674799665,0.832442903389189,0.505112958942417
1985-06-06,0.3,461.18,13.16,13.16,891.21,0.3160546473471127,658.41,27.06629,750.88,3.17552224503765,2.27054970568104,0.715016154973943,0.219528466253919,0.207214753166224,16.85,1.1541095890411,212.45,3.09468317552804,0,-16.0641,4.11759799833194,1.37608385686463,0.451685660266874,1.30108445697626,0.601283991047423,33.3877563865537,51.0347891166449,14.7976986383577,0.969,3.95608738968062,3.43920674799665,0.832442903389189,0.505112958942417
1985-06-07,0.7,423.46,11.45,11.45,808.69,0.2802133986788834,658.41,27.06629,750.88,3.17552224503765,2.27054970568104,0.715016154973943,0.219528466253919,0.207214753166224,16.85,1.1541095890411,212.45,3.09468317552804,0,-16.0641,4.11759799833194,1.37608385686463,0.451685660266874,1.30108445697626,0.601283991047423,33.3877563865537,51.0347891166449,14.7976986383577,0.969,3.95608738968062,3.43920674799665,0.832442903389189,0.505112958942417
1985-06-08,0.5,393.88,15.23,15.23,1022.3,0.25740533134455573,658.41,27.06629,750.88,3.17552224503765,2.27054970568104,0.715016154973943,0.219528466253919,0.207214753166224,16.85,1.1541095890411,212.45,3.09468317552804,0,-16.0641,4.11759799833194,1.37608385686463,0.451685660266874,1.30108445697626,0.601283991047423,33.3877563865537,51.0347891166449,14.7976986383577,0.969,3.95608738968062,3.43920674799665,0.832442903389189,0.505112958942417
1985-06-09,0.15,490.37,16.5,16.5,976.74,0.24437215001065415,658.41,27.06629,750.88,3.17552224503765,2.27054970568104,0.715016154973943,0.219528466253919,0.207214753166224,16.85,1.1541095890411,212.45,3.09468317552804,0,-16.0641,4.11759799833194,1.37608385686463,0.451685660266874,1.30108445697626,0.601283991047423,33.3877563865537,51.0347891166449,14.7976986383577,0.969,3.95608738968062,3.43920674799665,0.832442903389189,0.505112958942417
1985-06-10,0.02,564.16,15.88,15.88,886.19,0.22482237800980182,658.41,27.06629,750.88,3.17552224503765,2.27054970568104,0.715016154973943,0.219528466253919,0.207214753166224,16.85,1.1541095890411,212.45,3.09468317552804,0,-16.0641,4.11759799833194,1.37608385686463,0.451685660266874,1.30108445697626,0.601283991047423,33.3877563865537,51.0347891166449,14.7976986383577,0.969,3.95608738968062,3.43920674799665,0.832442903389189,0.505112958942417
1985-06-11,16.35,412.12,14.16,14.16,870.59,0.20527260600894948,658.41,27.06629,750.88,3.17552224503765,2.27054970568104,0.715016154973943,0.219528466253919,0.207214753166224,16.85,1.1541095890411,212.45,3.09468317552804,0,-16.0641,4.11759799833194,1.37608385686463,0.451685660266874,1.30108445697626,0.601283991047423,33.3877563865537,51.0347891166449,14.7976986383577,0.969,3.95608738968062,3.43920674799665,0.832442903389189,0.505112958942417
1985-06-12,10.22,385.04,12.45,12.45,847.48,0.54413532069039,658.41,27.06629,750.88,3.17552224503765,2.27054970568104,0.715016154973943,0.219528466253919,0.207214753166224,16.85,1.1541095890411,212.45,3.09468317552804,0,-16.0641,4.11759799833194,1.37608385686463,0.451685660266874,1.30108445697626,0.601283991047423,33.3877563865537,51.0347891166449,14.7976986383577,0.969,3.95608738968062,3.43920674799665,0.832442903389189,0.505112958942417
1985-06-13,2.78,215.67,8.45,8.45,797.28,0.5017774813552098,658.41,27.06629,750.88,3.17552224503765,2.27054970568104,0.715016154973943,0.219528466253919,0.207214753166224,16.85,1.1541095890411,212.45,3.09468317552804,0,-16.0641,4.11759799833194,1.37608385686463,0.451685660266874,1.30108445697626,0.601283991047423,33.3877563865537,51.0347891166449,14.7976986383577,0.969,3.95608738968062,3.43920674799665,0.832442903389189,0.505112958942417
1985-06-14,1.28,403.41,8.84,8.84,732.4,0.39425373535052205,658.41,27.06629,750.88,3.17552224503765,2.27054970568104,0.715016154973943,0.219528466253919,0.207214753166224,16.85,1.1541095890411,212.45,3.09468317552804,0,-16.0641,4.11759799833194,1.37608385686463,0.451685660266874,1.30108445697626,0.601283991047423,33.3877563865537,51.0347891166449,14.7976986383577,0.969,3.95608738968062,3.43920674799665,0.832442903389189,0.505112958942417
1985-06-15,7.64,429.98,10.38,10.38,757.28,0.29976317067973574,658.41,27.06629,750.88,3.17552224503765,2.27054970568104,0.715016154973943,0.219528466253919,0.207214753166224,16.85,1.1541095890411,212.45,3.09468317552804,0,-16.0641,4.11759799833194,1.37608385686463,0.451685660266874,1.30108445697626,0.601283991047423,33.3877563865537,51.0347891166449,14.7976986383577,0.969,3.95608738968062,3.43920674799665,0.832442903389189,0.505112958942417
1985-06-16,9.03,394.64,14.52,14.52,1004.47,0.44964475601960363,658.41,27.06629,750.88,3.17552224503765,2.27054970568104,0.715016154973943,0.219528466253919,0.207214753166224,16.85,1.1541095890411,212.45,3.09468317552804,0,-16.0641,4.11759799833194,1.37608385686463,0.451685660266874,1.30108445697626,0.601283991047423,33.3877563865537,51.0347891166449,14.7976986383577,0.969,3.95608738968062,3.43920674799665,0.832442903389189,0.505112958942417
1985-06-17,3.53,374.28,15.9,15.9,1183.24,1.1697280247176645,658.41,27.06629,750.88,3.17552224503765,2.27054970568104,0.715016154973943,0.219528466253919,0.207214753166224,16.85,1.1541095890411,212.45,3.09468317552804,0,-16.0641,4.11759799833194,1.37608385686463,0.451685660266874,1.30108445697626,0.601283991047423,33.3877563865537,51.0347891166449,14.7976986383577,0.969,3.95608738968062,3.43920674799665,0.832442903389189,0.505112958942417
1985-06-18,1.97,284.95,17.54,17.54,1311.29,0.5669433880247176,658.41,27.06629,750.88,3.17552224503765,2.27054970568104,0.715016154973943,0.219528466253919,0.207214753166224,16.85,1.1541095890411,212.45,3.09468317552804,0,-16.0641,4.11759799833194,1.37608385686463,0.451685660266874,1.30108445697626,0.601283991047423,33.3877563865537,51.0347891166449,14.7976986383577,0.969,3.95608738968062,3.43920674799665,0.832442903389189,0.505112958942417
1985-06-19,1.52,390.03,13.36,13.36,945.82,0.44312816535265287,658.41,27.06629,750.88,3.17552224503765,2.27054970568104,0.715016154973943,0.219528466253919,0.207214753166224,16.85,1.1541095890411,212.45,3.09468317552804,0,-16.0641,4.11759799833194,1.37608385686463,0.451685660266874,1.30108445697626,0.601283991047423,33.3877563865537,51.0347891166449,14.7976986383577,0.969,3.95608738968062,3.43920674799665,0.832442903389189,0.505112958942417
1985-06-20,4.61,382.51,11.92,11.92,876.1,0.4138035073513744,658.41,27.06629,750.88,3.17552224503765,2.27054970568104,0.715016154973943,0.219528466253919,0.207214753166224,16.85,1.1541095890411,212.45,3.09468317552804,0,-16.0641,4.11759799833194,1.37608385686463,0.451685660266874,1.30108445697626,0.601283991047423,33.3877563865537,51.0347891166449,14.7976986383577,0.969,3.95608738968062,3.43920674799665,0.832442903389189,0.505112958942417
1985-06-21,1.16,482.45,13.81,13.81,934.42,0.42683668868527586,658.41,27.06629,750.88,3.17552224503765,2.27054970568104,0.715016154973943,0.219528466253919,0.207214753166224,16.85,1.1541095890411,212.45,3.09468317552804,0,-16.0641,4.11759799833194,1.37608385686463,0.451685660266874,1.30108445697626,0.601283991047423,33.3877563865537,51.0347891166449,14.7976986383577,0.969,3.95608738968062,3.43920674799665,0.832442903389189,0.505112958942417
1985-06-22,5.02,417.51,16.32,16.32,1068.7,0.33234612401448965,658.41,27.06629,750.88,3.17552224503765,2.27054970568104,0.715016154973943,0.219528466253919,0.207214753166224,16.85,1.1541095890411,212.45,3.09468317552804,0,-16.0641,4.11759799833194,1.37608385686463,0.451685660266874,1.30108445697626,0.601283991047423,33.3877563865537,51.0347891166449,14.7976986383577,0.969,3.95608738968062,3.43920674799665,0.832442903389189,0.505112958942417
1985-06-23,4.14,400.57,17.89,17.89,1200.97,0.35515419134881737,658.41,27.06629,750.88,3.17552224503765,2.27054970568104,0.715016154973943,0.219528466253919,0.207214753166224,16.85,1.1541095890411,212.45,3.09468317552804,0,-16.0641,4.11759799833194,1.37608385686463,0.451685660266874,1.30108445697626,0.601283991047423,33.3877563865537,51.0347891166449,14.7976986383577,0.969,3.95608738968062,3.43920674799665,0.832442903389189,0.505112958942417
1985-06-24,1.22,356.86,17.31,17.31,1150.77,0.36818737268271895,658.41,27.06629,750.88,3.17552224503765,2.27054970568104,0.715016154973943,0.219528466253919,0.207214753166224,16.85,1.1541095890411,212.45,3.09468317552804,0,-16.0641,4.11759799833194,1.37608385686463,0.451685660266874,1.30108445697626,0.601283991047423,33.3877563865537,51.0347891166449,14.7976986383577,0.969,3.95608738968062,3.43920674799665,0.832442903389189,0.505112958942417
1985-06-25,0.13,570.36,12.24,12.24,773.19,0.3030214660132111,658.41,27.06629,750.88,3.17552224503765,2.27054970568104,0.715016154973943,0.219528466253919,0.207214753166224,16.85,1.1541095890411,212.45,3.09468317552804,0,-16.0641,4.11759799833194,1.37608385686463,0.451685660266874,1.30108445697626,0.601283991047423,33.3877563865537,51.0347891166449,14.7976986383577,0.969,3.95608738968062,3.43920674799665,0.832442903389189,0.505112958942417
1985-06-26,0.0,536.56,12.05,12.05,815.96,0.25740533134455573,658.41,27.06629,750.88,3.17552224503765,2.27054970568104,0.715016154973943,0.219528466253919,0.207214753166224,16.85,1.1541095890411,212.45,3.09468317552804,0,-16.0641,4.11759799833194,1.37608385686463,0.451685660266874,1.30108445697626,0.601283991047423,33.3877563865537,51.0347891166449,14.7976986383577,0.969,3.95608738968062,3.43920674799665,0.832442903389189,0.505112958942417
1985-06-27,0.0,505.57,14.1,14.1,926.82,0.2313389686767526,658.41,27.06629,750.88,3.17552224503765,2.27054970568104,0.715016154973943,0.219528466253919,0.207214753166224,16.85,1.1541095890411,212.45,3.09468317552804,0,-16.0641,4.11759799833194,1.37608385686463,0.451685660266874,1.30108445697626,0.601283991047423,33.3877563865537,51.0347891166449,14.7976986383577,0.969,3.95608738968062,3.43920674799665,0.832442903389189,0.505112958942417
1985-06-28,2.61,394.21,12.47,12.47,917.59,0.21504749200937565,658.41,27.06629,750.88,3.17552224503765,2.27054970568104,0.715016154973943,0.219528466253919,0.207214753166224,16.85,1.1541095890411,212.45,3.09468317552804,0,-16.0641,4.11759799833194,1.37608385686463,0.451685660266874,1.30108445697626,0.601283991047423,33.3877563865537,51.0347891166449,14.7976986383577,0.969,3.95608738968062,3.43920674799665,0.832442903389189,0.505112958942417
1985-06-29,5.29,339.67,14.5,14.5,1064.42,0.2313389686767526,658.41,27.06629,750.88,3.17552224503765,2.27054970568104,0.715016154973943,0.219528466253919,0.207214753166224,16.85,1.1541095890411,212.45,3.09468317552804,0,-16.0641,4.11759799833194,1.37608385686463,0.451685660266874,1.30108445697626,0.601283991047423,33.3877563865537,51.0347891166449,14.7976986383577,0.969,3.95608738968062,3.43920674799665,0.832442903389189,0.505112958942417
1985-06-30,1.21,511.53,14.95,14.95,1005.93,0.293246580012785,658.41,27.06629,750.88,3.17552224503765,2.27054970568104,0.715016154973943,0.219528466253919,0.207214753166224,16.85,1.1541095890411,212.45,3.09468317552804,0,-16.0641,4.11759799833194,1.37608385686463,0.451685660266874,1.30108445697626,0.601283991047423,33.3877563865537,51.0347891166449,14.7976986383577,0.969,3.95608738968062,3.43920674799665,0.832442903389189,0.505112958942417
1985-07-01,0.0,517.96,16.01,16.01,1052.31,0.23785555934370337,658.41,27.06629,750.88,3.17552224503765,2.27054970568104,0.715016154973943,0.219528466253919,0.207214753166224,16.85,1.1541095890411,212.45,3.09468317552804,0,-16.0641,4.11759799833194,1.37608385686463,0.451685660266874,1.30108445697626,0.601283991047423,33.3877563865537,51.0347891166449,14.7976986383577,0.969,3.95608738968062,3.43920674799665,0.832442903389189,0.505112958942417
1985-07-02,2.06,381.68,16.17,16.17,1167.01,0.21178919667590027,658.41,27.06629,750.88,3.17552224503765,2.27054970568104,0.715016154973943,0.219528466253919,0.207214753166224,16.85,1.1541095890411,212.45,3.09468317552804,0,-16.0641,4.11759799833194,1.37608385686463,0.451685660266874,1.30108445697626,0.601283991047423,33.3877563865537,51.0347891166449,14.7976986383577,0.969,3.95608738968062,3.43920674799665,0.832442903389189,0.505112958942417
1985-07-03,3.93,330.43,18.05,18.05,1291.02,0.21178919667590027,658.41,27.06629,750.88,3.17552224503765,2.27054970568104,0.715016154973943,0.219528466253919,0.207214753166224,16.85,1.1541095890411,212.45,3.09468317552804,0,-16.0641,4.11759799833194,1.37608385686463,0.451685660266874,1.30108445697626,0.601283991047423,33.3877563865537,51.0347891166449,14.7976986383577,0.969,3.95608738968062,3.43920674799665,0.832442903389189,0.505112958942417
1985-07-04,0.9,554.8,16.87,16.87,1072.49,0.23785555934370337,658.41,27.06629,750.88,3.17552224503765,2.27054970568104,0.715016154973943,0.219528466253919,0.207214753166224,16.85,1.1541095890411,212.45,3.09468317552804,0,-16.0641,4.11759799833194,1.37608385686463,0.451685660266874,1.30108445697626,0.601283991047423,33.3877563865537,51.0347891166449,14.7976986383577,0.969,3.95608738968062,3.43920674799665,0.832442903389189,0.505112958942417
1985-07-05,0.81,411.7,18.75,18.75,1209.84,0.19223942467504793,658.41,27.06629,750.88,3.17552224503765,2.27054970568104,0.715016154973943,0.219528466253919,0.207214753166224,16.85,1.1541095890411,212.45,3.09468317552804,0,-16.0641,4.11759799833194,1.37608385686463,0.451685660266874,1.30108445697626,0.601283991047423,33.3877563865537,51.0347891166449,14.7976986383577,0.969,3.95608738968062,3.43920674799665,0.832442903389189,0.505112958942417
1985-07-06,3.02,377.03,18.3,18.3,1244.81,0.17594794800767097,658.41,27.06629,750.88,3.17552224503765,2.27054970568104,0.715016154973943,0.219528466253919,0.207214753166224,16.85,1.1541095890411,212.45,3.09468317552804,0,-16.0641,4.11759799833194,1.37608385686463,0.451685660266874,1.30108445697626,0.601283991047423,33.3877563865537,51.0347891166449,14.7976986383577,0.969,3.95608738968062,3.43920674799665,0.832442903389189,0.505112958942417
1985-07-07,3.76,315.06,15.58,15.58,1146.25,0.19223942467504793,658.41,27.06629,750.88,3.17552224503765,2.27054970568104,0.715016154973943,0.219528466253919,0.207214753166224,16.85,1.1541095890411,212.45,3.09468317552804,0,-16.0641,4.11759799833194,1.37608385686463,0.451685660266874,1.30108445697626,0.601283991047423,33.3877563865537,51.0347891166449,14.7976986383577,0.969,3.95608738968062,3.43920674799665,0.832442903389189,0.505112958942417
1985-07-08,7.38,387.73,14.22,14.22,1087.1,0.2020143106754741,658.41,27.06629,750.88,3.17552224503765,2.27054970568104,0.715016154973943,0.219528466253919,0.207214753166224,16.85,1.1541095890411,212.45,3.09468317552804,0,-16.0641,4.11759799833194,1.37608385686463,0.451685660266874,1.30108445697626,0.601283991047423,33.3877563865537,51.0347891166449,14.7976986383577,0.969,3.95608738968062,3.43920674799665,0.832442903389189,0.505112958942417
1985-07-09,3.97,360.01,18.33,18.33,1345.41,0.2606636266780311,658.41,27.06629,750.88,3.17552224503765,2.27054970568104,0.715016154973943,0.219528466253919,0.207214753166224,16.85,1.1541095890411,212.45,3.09468317552804,0,-16.0641,4.11759799833194,1.37608385686463,0.451685660266874,1.30108445697626,0.601283991047423,33.3877563865537,51.0347891166449,14.7976986383577,0.969,3.95608738968062,3.43920674799665,0.832442903389189,0.505112958942417
1985-07-10,1.36,387.85,18.33,18.33,1223.05,0.21178919667590027,658.41,27.06629,750.88,3.17552224503765,2.27054970568104,0.715016154973943,0.219528466253919,0.207214753166224,16.85,1.1541095890411,212.45,3.09468317552804,0,-16.0641,4.11759799833194,1.37608385686463,0.451685660266874,1.30108445697626,0.601283991047423,33.3877563865537,51.0347891166449,14.7976986383577,0.969,3.95608738968062,3.43920674799665,0.832442903389189,0.505112958942417
1985-07-11,0.64,435.87,15.18,15.18,964.07,0.2020143106754741,658.41,27.06629,750.88,3.17552224503765,2.27054970568104,0.715016154973943,0.219528466253919,0.207214753166224,16.85,1.1541095890411,212.45,3.09468317552804,0,-16.0641,4.11759799833194,1.37608385686463,0.451685660266874,1.30108445697626,0.601283991047423,33.3877563865537,51.0347891166449,14.7976986383577,0.969,3.95608738968062,3.43920674799665,0.832442903389189,0.505112958942417
1985-07-12,3.2,415.94,16.28,16.28,1052.92,0.18246453867462176,658.41,27.06629,750.88,3.17552224503765,2.27054970568104,0.715016154973943,0.219528466253919,0.207214753166224,16.85,1.1541095890411,212.45,3.09468317552804,0,-16.0641,4.11759799833194,1.37608385686463,0.451685660266874,1.30108445697626,0.601283991047423,33.3877563865537,51.0347891166449,14.7976986383577,0.969,3.95608738968062,3.43920674799665,0.832442903389189,0.505112958942417
1985-07-13,2.04,427.36,17.97,17.97,1208.46,0.22482237800980182,658.41,27.06629,750.88,3.17552224503765,2.27054970568104,0.715016154973943,0.219528466253919,0.207214753166224,16.85,1.1541095890411,212.45,3.09468317552804,0,-16.0641,4.11759799833194,1.37608385686463,0.451685660266874,1.30108445697626,0.601283991047423,33.3877563865537,51.0347891166449,14.7976986383577,0.969,3.95608738968062,3.43920674799665,0.832442903389189,0.505112958942417
1985-07-14,6.02,332.87,19.95,19.95,1537.03,0.1954977200085233,658.41,27.06629,750.88,3.17552224503765,2.27054970568104,0.715016154973943,0.219528466253919,0.207214753166224,16.85,1.1541095890411,212.45,3.09468317552804,0,-16.0641,4.11759799833194,1.37608385686463,0.451685660266874,1.30108445697626,0.601283991047423,33.3877563865537,51.0347891166449,14.7976986383577,0.969,3.95608738968062,3.43920674799665,0.832442903389189,0.505112958942417
1985-07-15,11.15,282.19,19.79,19.79,1595.79,0.2802133986788834,658.41,27.06629,750.88,3.17552224503765,2.27054970568104,0.715016154973943,0.219528466253919,0.207214753166224,16.85,1.1541095890411,212.45,3.09468317552804,0,-16.0641,4.11759799833194,1.37608385686463,0.451685660266874,1.30108445697626,0.601283991047423,33.3877563865537,51.0347891166449,14.7976986383577,0.969,3.95608738968062,3.43920674799665,0.832442903389189,0.505112958942417
1985-07-16,2.66,444.61,18.6,18.6,1310.52,0.6255927040272746,658.41,27.06629,750.88,3.17552224503765,2.27054970568104,0.715016154973943,0.219528466253919,0.207214753166224,16.85,1.1541095890411,212.45,3.09468317552804,0,-16.0641,4.11759799833194,1.37608385686463,0.451685660266874,1.30108445697626,0.601283991047423,33.3877563865537,51.0347891166449,14.7976986383577,0.969,3.95608738968062,3.43920674799665,0.832442903389189,0.505112958942417
1985-07-17,0.03,567.62,14.74,14.74,932.0,0.3193129426805881,658.41,27.06629,750.88,3.17552224503765,2.27054970568104,0.715016154973943,0.219528466253919,0.207214753166224,16.85,1.1541095890411,212.45,3.09468317552804,0,-16.0641,4.11759799833194,1.37608385686463,0.451685660266874,1.30108445697626,0.601283991047423,33.3877563865537,51.0347891166449,14.7976986383577,0.969,3.95608738968062,3.43920674799665,0.832442903389189,0.505112958942417
1985-07-18,0.0,560.91,16.32,16.32,1017.25,0.24763044534412954,658.41,27.06629,750.88,3.17552224503765,2.27054970568104,0.715016154973943,0.219528466253919,0.207214753166224,16.85,1.1541095890411,212.45,3.09468317552804,0,-16.0641,4.11759799833194,1.37608385686463,0.451685660266874,1.30108445697626,0.601283991047423,33.3877563865537,51.0347891166449,14.7976986383577,0.969,3.95608738968062,3.43920674799665,0.832442903389189,0.505112958942417
1985-07-19,0.0,550.9,18.99,18.99,1230.55,0.19875601534199872,658.41,27.06629,750.88,3.17552224503765,2.27054970568104,0.715016154973943,0.219528466253919,0.207214753166224,16.85,1.1541095890411,212.45,3.09468317552804,0,-16.0641,4.11759799833194,1.37608385686463,0.451685660266874,1.30108445697626,0.601283991047423,33.3877563865537,51.0347891166449,14.7976986383577,0.969,3.95608738968062,3.43920674799665,0.832442903389189,0.505112958942417
1985-07-20,4.1,380.73,20.89,20.89,1476.09,0.1726896526741956,658.41,27.06629,750.88,3.17552224503765,2.27054970568104,0.715016154973943,0.219528466253919,0.207214753166224,16.85,1.1541095890411,212.45,3.09468317552804,0,-16.0641,4.11759799833194,1.37608385686463,0.451685660266874,1.30108445697626,0.601283991047423,33.3877563865537,51.0347891166449,14.7976986383577,0.969,3.95608738968062,3.43920674799665,0.832442903389189,0.505112958942417
1985-07-21,6.4,380.53,19.82,19.82,1417.16,0.15965647134029404,658.41,27.06629,750.88,3.17552224503765,2.27054970568104,0.715016154973943,0.219528466253919,0.207214753166224,16.85,1.1541095890411,212.45,3.09468317552804,0,-16.0641,4.11759799833194,1.37608385686463,0.451685660266874,1.30108445697626,0.601283991047423,33.3877563865537,51.0347891166449,14.7976986383577,0.969,3.95608738968062,3.43920674799665,0.832442903389189,0.505112958942417
1985-07-22,1.4,426.38,18.46,18.46,1273.62,0.21178919667590027,658.41,27.06629,750.88,3.17552224503765,2.27054970568104,0.715016154973943,0.219528466253919,0.207214753166224,16.85,1.1541095890411,212.45,3.09468317552804,0,-16.0641,4.11759799833194,1.37608385686463,0.451685660266874,1.30108445697626,0.601283991047423,33.3877563865537,51.0347891166449,14.7976986383577,0.969,3.95608738968062,3.43920674799665,0.832442903389189,0.505112958942417
1985-07-23,0.0,558.99,13.11,13.11,845.18,0.17594794800767097,658.41,27.06629,750.88,3.17552224503765,2.27054970568104,0.715016154973943,0.219528466253919,0.207214753166224,16.85,1.1541095890411,212.45,3.09468317552804,0,-16.0641,4.11759799833194,1.37608385686463,0.451685660266874,1.30108445697626,0.601283991047423,33.3877563865537,51.0347891166449,14.7976986383577,0.969,3.95608738968062,3.43920674799665,0.832442903389189,0.505112958942417
1985-07-24,0.0,574.75,14.49,14.49,968.02,0.13684840400596632,658.41,27.06629,750.88,3.17552224503765,2.27054970568104,0.715016154973943,0.219528466253919,0.207214753166224,16.85,1.1541095890411,212.45,3.09468317552804,0,-16.0641,4.11759799833194,1.37608385686463,0.451685660266874,1.30108445697626,0.601283991047423,33.3877563865537,51.0347891166449,14.7976986383577,0.969,3.95608738968062,3.43920674799665,0.832442903389189,0.505112958942417
1985-07-25,1.3,380.45,20.52,20.52,1560.14,0.12055692733858939,658.41,27.06629,750.88,3.17552224503765,2.27054970568104,0.715016154973943,0.219528466253919,0.207214753166224,16.85,1.1541095890411,212.45,3.09468317552804,0,-16.0641,4.11759799833194,1.37608385686463,0.451685660266874,1.30108445697626,0.601283991047423,33.3877563865537,51.0347891166449,14.7976986383577,0.969,3.95608738968062,3.43920674799665,0.832442903389189,0.505112958942417
1985-07-26,5.38,254.33,21.72,21.72,1725.78,0.12381522267206477,658.41,27.06629,750.88,3.17552224503765,2.27054970568104,0.715016154973943,0.219528466253919,0.207214753166224,16.85,1.1541095890411,212.45,3.09468317552804,0,-16.0641,4.11759799833194,1.37608385686463,0.451685660266874,1.30108445697626,0.601283991047423,33.3877563865537,51.0347891166449,14.7976986383577,0.969,3.95608738968062,3.43920674799665,0.832442903389189,0.505112958942417
1985-07-27,1.33,535.09,16.8,16.8,1106.29,0.1433649946729171,658.41,27.06629,750.88,3.17552224503765,2.27054970568104,0.715016154973943,0.219528466253919,0.207214753166224,16.85,1.1541095890411,212.45,3.09468317552804,0,-16.0641,4.11759799833194,1.37608385686463,0.451685660266874,1.30108445697626,0.601283991047423,33.3877563865537,51.0347891166449,14.7976986383577,0.969,3.95608738968062,3.43920674799665,0.832442903389189,0.505112958942417
1985-07-28,0.0,560.8,16.05,16.05,994.91,0.12055692733858939,658.41,27.06629,750.88,3.17552224503765,2.27054970568104,0.715016154973943,0.219528466253919,0.207214753166224,16.85,1.1541095890411,212.45,3.09468317552804,0,-16.0641,4.11759799833194,1.37608385686463,0.451685660266874,1.30108445697626,0.601283991047423,33.3877563865537,51.0347891166449,14.7976986383577,0.969,3.95608738968062,3.43920674799665,0.832442903389189,0.505112958942417
1985-07-29,0.0,542.76,18.06,18.06,1153.08,0.11404033667163861,658.41,27.06629,750.88,3.17552224503765,2.27054970568104,0.715016154973943,0.219528466253919,0.207214753166224,16.85,1.1541095890411,212.45,3.09468317552804,0,-16.0641,4.11759799833194,1.37608385686463,0.451685660266874,1.30108445697626,0.601283991047423,33.3877563865537,51.0347891166449,14.7976986383577,0.969,3.95608738968062,3.43920674799665,0.832442903389189,0.505112958942417
1985-07-30,5.3,391.89,18.69,18.69,1288.3,0.11078204133816322,658.41,27.06629,750.88,3.17552224503765,2.27054970568104,0.715016154973943,0.219528466253919,0.207214753166224,16.85,1.1541095890411,212.45,3.09468317552804,0,-16.0641,4.11759799833194,1.37608385686463,0.451685660266874,1.30108445697626,0.601283991047423,33.3877563865537,51.0347891166449,14.7976986383577,0.969,3.95608738968062,3.43920674799665,0.832442903389189,0.505112958942417
1985-07-31,8.36,334.79,17.95,17.95,1310.63,0.19223942467504793,658.41,27.06629,750.88,3.17552224503765,2.27054970568104,0.715016154973943,0.219528466253919,0.207214753166224,16.85,1.1541095890411,212.45,3.09468317552804,0,-16.0641,4.11759799833194,1.37608385686463,0.451685660266874,1.30108445697626,0.601283991047423,33.3877563865537,51.0347891166449,14.7976986383577,0.969,3.95608738968062,3.43920674799665,0.832442903389189,0.505112958942417
1985-08-01,1.83,448.81,15.53,15.53,1109.75,0.22808067334327722,658.41,27.06629,750.88,3.17552224503765,2.27054970568104,0.715016154973943,0.219528466253919,0.207214753166224,16.85,1.1541095890411,212.45,3.09468317552804,0,-16.0641,4.11759799833194,1.37608385686463,0.451685660266874,1.30108445697626,0.601283991047423,33.3877563865537,51.0347891166449,14.7976986383577,0.969,3.95608738968062,3.43920674799665,0.832442903389189,0.505112958942417
1985-08-02,0.0,545.08,13.78,13.78,904.1,0.16291476667376945,658.41,27.06629,750.88,3.17552224503765,2.27054970568104,0.715016154973943,0.219528466253919,0.207214753166224,16.85,1.1541095890411,212.45,3.09468317552804,0,-16.0641,4.11759799833194,1.37608385686463,0.451685660266874,1.30108445697626,0.601283991047423,33.3877563865537,51.0347891166449,14.7976986383577,0.969,3.95608738968062,3.43920674799665,0.832442903389189,0.505112958942417
1985-08-03,0.0,560.16,14.55,14.55,887.07,0.13684840400596632,658.41,27.06629,750.88,3.17552224503765,2.27054970568104,0.715016154973943,0.219528466253919,0.207214753166224,16.85,1.1541095890411,212.45,3.09468317552804,0,-16.0641,4.11759799833194,1.37608385686463,0.451685660266874,1.30108445697626,0.601283991047423,33.3877563865537,51.0347891166449,14.7976986383577,0.969,3.95608738968062,3.43920674799665,0.832442903389189,0.505112958942417
1985-08-04,0.0,555.71,16.43,16.43,982.91,0.12707351800554018,658.41,27.06629,750.88,3.17552224503765,2.27054970568104,0.715016154973943,0.219528466253919,0.207214753166224,16.85,1.1541095890411,212.45,3.09468317552804,0,-16.0641,4.11759799833194,1.37608385686463,0.451685660266874,1.30108445697626,0.601283991047423,33.3877563865537,51.0347891166449,14.7976986383577,0.969,3.95608738968062,3.43920674799665,0.832442903389189,0.505112958942417
1985-08-05,0.0,536.77,17.3,17.3,1120.11,0.10752374600468782,658.41,27.06629,750.88,3.17552224503765,2.27054970568104,0.715016154973943,0.219528466253919,0.207214753166224,16.85,1.1541095890411,212.45,3.09468317552804,0,-16.0641,4.11759799833194,1.37608385686463,0.451685660266874,1.30108445697626,0.601283991047423,33.3877563865537,51.0347891166449,14.7976986383577,0.969,3.95608738968062,3.43920674799665,0.832442903389189,0.505112958942417
1985-08-06,4.11,353.36,18.66,18.66,1392.15,0.10426545067121244,658.41,27.06629,750.88,3.17552224503765,2.27054970568104,0.715016154973943,0.219528466253919,0.207214753166224,16.85,1.1541095890411,212.45,3.09468317552804,0,-16.0641,4.11759799833194,1.37608385686463,0.451685660266874,1.30108445697626,0.601283991047423,33.3877563865537,51.0347891166449,14.7976986383577,0.969,3.95608738968062,3.43920674799665,0.832442903389189,0.505112958942417
1985-08-07,10.23,258.11,18.76,18.76,1562.35,0.11729863200511399,658.41,27.06629,750.88,3.17552224503765,2.27054970568104,0.715016154973943,0.219528466253919,0.207214753166224,16.85,1.1541095890411,212.45,3.09468317552804,0,-16.0641,4.11759799833194,1.37608385686463,0.451685660266874,1.30108445697626,0.601283991047423,33.3877563865537,51.0347891166449,14.7976986383577,0.969,3.95608738968062,3.43920674799665,0.832442903389189,0.505112958942417
1985-08-08,2.41,412.77,19.62,19.62,1491.7,0.15965647134029404,658.41,27.06629,750.88,3.17552224503765,2.27054970568104,0.715016154973943,0.219528466253919,0.207214753166224,16.85,1.1541095890411,212.45,3.09468317552804,0,-16.0641,4.11759799833194,1.37608385686463,0.451685660266874,1.30108445697626,0.601283991047423,33.3877563865537,51.0347891166449,14.7976986383577,0.969,3.95608738968062,3.43920674799665,0.832442903389189,0.505112958942417
1985-08-09,0.0,542.45,17.78,17.78,1164.71,0.12707351800554018,658.41,27.06629,750.88,3.17552224503765,2.27054970568104,0.715016154973943,0.219528466253919,0.207214753166224,16.85,1.1541095890411,212.45,3.09468317552804,0,-16.0641,4.11759799833194,1.37608385686463,0.451685660266874,1.30108445697626,0.601283991047423,33.3877563865537,51.0347891166449,14.7976986383577,0.969,3.95608738968062,3.43920674799665,0.832442903389189,0.505112958942417
1985-08-10,0.17,449.26,19.36,19.36,1306.71,0.10752374600468782,658.41,27.06629,750.88,3.17552224503765,2.27054970568104,0.715016154973943,0.219528466253919,0.207214753166224,16.85,1.1541095890411,212.45,3.09468317552804,0,-16.0641,4.11759799833194,1.37608385686463,0.451685660266874,1.30108445697626,0.601283991047423,33.3877563865537,51.0347891166449,14.7976986383577,0.969,3.95608738968062,3.43920674799665,0.832442903389189,0.505112958942417
1985-08-11,0.16,432.22,21.1,21.1,1459.2,0.09774886000426165,658.41,27.06629,750.88,3.17552224503765,2.27054970568104,0.715016154973943,0.219528466253919,0.207214753166224,16.85,1.1541095890411,212.45,3.09468317552804,0,-16.0641,4.11759799833194,1.37608385686463,0.451685660266874,1.30108445697626,0.601283991047423,33.3877563865537,51.0347891166449,14.7976986383577,0.969,3.95608738968062,3.43920674799665,0.832442903389189,0.505112958942417
1985-08-12,0.03,532.99,17.12,17.12,1106.0,0.09449056467078627,658.41,27.06629,750.88,3.17552224503765,2.27054970568104,0.715016154973943,0.219528466253919,0.207214753166224,16.85,1.1541095890411,212.45,3.09468317552804,0,-16.0641,4.11759799833194,1.37608385686463,0.451685660266874,1.30108445697626,0.601283991047423,33.3877563865537,51.0347891166449,14.7976986383577,0.969,3.95608738968062,3.43920674799665,0.832442903389189,0.505112958942417
1985-08-13,0.11,492.09,18.03,18.03,1248.22,0.08797397400383548,658.41,27.06629,750.88,3.17552224503765,2.27054970568104,0.715016154973943,0.219528466253919,0.207214753166224,16.85,1.1541095890411,212.45,3.09468317552804,0,-16.0641,4.11759799833194,1.37608385686463,0.451685660266874,1.30108445697626,0.601283991047423,33.3877563865537,51.0347891166449,14.7976986383577,0.969,3.95608738968062,3.43920674799665,0.832442903389189,0.505112958942417
1985-08-14,2.07,321.56,22.92,22.92,1840.68,0.09123226933731088,658.41,27.06629,750.88,3.17552224503765,2.27054970568104,0.715016154973943,0.219528466253919,0.207214753166224,16.85,1.1541095890411,212.45,3.09468317552804,0,-16.0641,4.11759799833194,1.37608385686463,0.451685660266874,1.30108445697626,0.601283991047423,33.3877563865537,51.0347891166449,14.7976986383577,0.969,3.95608738968062,3.43920674799665,0.832442903389189,0.505112958942417
1985-08-15,23.88,304.55,22.84,22.84,1839.59,0.09774886000426165,658.41,27.06629,750.88,3.17552224503765,2.27054970568104,0.715016154973943,0.219528466253919,0.207214753166224,16.85,1.1541095890411,212.45,3.09468317552804,0,-16.0641,4.11759799833194,1.37608385686463,0.451685660266874,1.30108445697626,0.601283991047423,33.3877563865537,51.0347891166449,14.7976986383577,0.969,3.95608738968062,3.43920674799665,0.832442903389189,0.505112958942417
1985-08-16,6.61,370.82,19.64,19.64,1449.33,0.2867299893458342,658.41,27.06629,750.88,3.17552224503765,2.27054970568104,0.715016154973943,0.219528466253919,0.207214753166224,16.85,1.1541095890411,212.45,3.09468317552804,0,-16.0641,4.11759799833194,1.37608385686463,0.451685660266874,1.30108445697626,0.601283991047423,33.3877563865537,51.0347891166449,14.7976986383577,0.969,3.95608738968062,3.43920674799665,0.832442903389189,0.505112958942417
1985-08-17,0.12,523.23,16.84,16.84,1109.67,0.1726896526741956,658.41,27.06629,750.88,3.17552224503765,2.27054970568104,0.715016154973943,0.219528466253919,0.207214753166224,16.85,1.1541095890411,212.45,3.09468317552804,0,-16.0641,4.11759799833194,1.37608385686463,0.451685660266874,1.30108445697626,0.601283991047423,33.3877563865537,51.0347891166449,14.7976986383577,0.969,3.95608738968062,3.43920674799665,0.832442903389189,0.505112958942417
1985-08-18,0.0,502.54,17.33,17.33,1217.99,0.11729863200511399,658.41,27.06629,750.88,3.17552224503765,2.27054970568104,0.715016154973943,0.219528466253919,0.207214753166224,16.85,1.1541095890411,212.45,3.09468317552804,0,-16.0641,4.11759799833194,1.37608385686463,0.451685660266874,1.30108445697626,0.601283991047423,33.3877563865537,51.0347891166449,14.7976986383577,0.969,3.95608738968062,3.43920674799665,0.832442903389189,0.505112958942417
1985-08-19,0.01,397.36,19.48,19.48,1426.15,0.10100715533773705,658.41,27.06629,750.88,3.17552224503765,2.27054970568104,0.715016154973943,0.219528466253919,0.207214753166224,16.85,1.1541095890411,212.45,3.09468317552804,0,-16.0641,4.11759799833194,1.37608385686463,0.451685660266874,1.30108445697626,0.601283991047423,33.3877563865537,51.0347891166449,14.7976986383577,0.969,3.95608738968062,3.43920674799665,0.832442903389189,0.505112958942417
1985-08-20,0.0,468.55,16.5,16.5,1160.86,0.09449056467078627,658.41,27.06629,750.88,3.17552224503765,2.27054970568104,0.715016154973943,0.219528466253919,0.207214753166224,16.85,1.1541095890411,212.45,3.09468317552804,0,-16.0641,4.11759799833194,1.37608385686463,0.451685660266874,1.30108445697626,0.601283991047423,33.3877563865537,51.0347891166449,14.7976986383577,0.969,3.95608738968062,3.43920674799665,0.832442903389189,0.505112958942417
1985-08-21,0.0,458.03,14.0,14.0,1039.8,0.09123226933731088,658.41,27.06629,750.88,3.17552224503765,2.27054970568104,0.715016154973943,0.219528466253919,0.207214753166224,16.85,1.1541095890411,212.45,3.09468317552804,0,-16.0641,4.11759799833194,1.37608385686463,0.451685660266874,1.30108445697626,0.601283991047423,33.3877563865537,51.0347891166449,14.7976986383577,0.969,3.95608738968062,3.43920674799665,0.832442903389189,0.505112958942417
1985-08-22,0.0,427.04,14.81,14.81,1078.45,0.0847156786703601,658.41,27.06629,750.88,3.17552224503765,2.27054970568104,0.715016154973943,0.219528466253919,0.207214753166224,16.85,1.1541095890411,212.45,3.09468317552804,0,-16.0641,4.11759799833194,1.37608385686463,0.451685660266874,1.30108445697626,0.601283991047423,33.3877563865537,51.0347891166449,14.7976986383577,0.969,3.95608738968062,3.43920674799665,0.832442903389189,0.505112958942417
1985-08-23,1.04,454.43,13.34,13.34,955.86,0.08145738333688472,658.41,27.06629,750.88,3.17552224503765,2.27054970568104,0.715016154973943,0.219528466253919,0.207214753166224,16.85,1.1541095890411,212.45,3.09468317552804,0,-16.0641,4.11759799833194,1.37608385686463,0.451685660266874,1.30108445697626,0.601283991047423,33.3877563865537,51.0347891166449,14.7976986383577,0.969,3.95608738968062,3.43920674799665,0.832442903389189,0.505112958942417
1985-08-24,7.74,345.98,16.55,16.55,1272.9,0.0847156786703601,658.41,27.06629,750.88,3.17552224503765,2.27054970568104,0.715016154973943,0.219528466253919,0.207214753166224,16.85,1.1541095890411,212.45,3.09468317552804,0,-16.0641,4.11759799833194,1.37608385686463,0.451685660266874,1.30108445697626,0.601283991047423,33.3877563865537,51.0347891166449,14.7976986383577,0.969,3.95608738968062,3.43920674799665,0.832442903389189,0.505112958942417
1985-08-25,3.03,223.78,18.32,18.32,1581.45,0.10100715533773705,658.41,27.06629,750.88,3.17552224503765,2.27054970568104,0.715016154973943,0.219528466253919,0.207214753166224,16.85,1.1541095890411,212.45,3.09468317552804,0,-16.0641,4.11759799833194,1.37608385686463,0.451685660266874,1.30108445697626,0.601283991047423,33.3877563865537,51.0347891166449,14.7976986383577,0.969,3.95608738968062,3.43920674799665,0.832442903389189,0.505112958942417
1985-08-26,6.87,296.2,19.15,19.15,1559.98,0.11729863200511399,658.41,27.06629,750.88,3.17552224503765,2.27054970568104,0.715016154973943,0.219528466253919,0.207214753166224,16.85,1.1541095890411,212.45,3.09468317552804,0,-16.0641,4.11759799833194,1.37608385686463,0.451685660266874,1.30108445697626,0.601283991047423,33.3877563865537,51.0347891166449,14.7976986383577,0.969,3.95608738968062,3.43920674799665,0.832442903389189,0.505112958942417
1985-08-27,2.03,336.4,18.14,18.14,1376.99,0.11078204133816322,658.41,27.06629,750.88,3.17552224503765,2.27054970568104,0.715016154973943,0.219528466253919,0.207214753166224,16.85,1.1541095890411,212.45,3.09468317552804,0,-16.0641,4.11759799833194,1.37608385686463,0.451685660266874,1.30108445697626,0.601283991047423,33.3877563865537,51.0347891166449,14.7976986383577,0.969,3.95608738968062,3.43920674799665,0.832442903389189,0.505112958942417
1985-08-28,0.13,420.17,17.43,17.43,1287.49,0.10100715533773705,658.41,27.06629,750.88,3.17552224503765,2.27054970568104,0.715016154973943,0.219528466253919,0.207214753166224,16.85,1.1541095890411,212.45,3.09468317552804,0,-16.0641,4.11759799833194,1.37608385686463,0.451685660266874,1.30108445697626,0.601283991047423,33.3877563865537,51.0347891166449,14.7976986383577,0.969,3.95608738968062,3.43920674799665,0.832442903389189,0.505112958942417
1985-08-29,0.38,311.72,17.41,17.41,1378.07,0.09449056467078627,658.41,27.06629,750.88,3.17552224503765,2.27054970568104,0.715016154973943,0.219528466253919,0.207214753166224,16.85,1.1541095890411,212.45,3.09468317552804,0,-16.0641,4.11759799833194,1.37608385686463,0.451685660266874,1.30108445697626,0.601283991047423,33.3877563865537,51.0347891166449,14.7976986383577,0.969,3.95608738968062,3.43920674799665,0.832442903389189,0.505112958942417
1985-08-30,12.91,230.77,17.39,17.39,1415.62,0.10752374600468782,658.41,27.06629,750.88,3.17552224503765,2.27054970568104,0.715016154973943,0.219528466253919,0.207214753166224,16.85,1.1541095890411,212.45,3.09468317552804,0,-16.0641,4.11759799833194,1.37608385686463,0.451685660266874,1.30108445697626,0.601283991047423,33.3877563865537,51.0347891166449,14.7976986383577,0.969,3.95608738968062,3.43920674799665,0.832442903389189,0.505112958942417
1985-08-31,3.45,312.0,13.56,13.56,1076.49,0.18246453867462176,658.41,27.06629,750.88,3.17552224503765,2.27054970568104,0.715016154973943,0.219528466253919,0.207214753166224,16.85,1.1541095890411,212.45,3.09468317552804,0,-16.0641,4.11759799833194,1.37608385686463,0.451685660266874,1.30108445697626,0.601283991047423,33.3877563865537,51.0347891166449,14.7976986383577,0.969,3.95608738968062,3.43920674799665,0.832442903389189,0.505112958942417
1985-09-01,0.87,383.4,12.15,12.15,929.79,0.13684840400596632,658.41,27.06629,750.88,3.17552224503765,2.27054970568104,0.715016154973943,0.219528466253919,0.207214753166224,16.85,1.1541095890411,212.45,3.09468317552804,0,-16.0641,4.11759799833194,1.37608385686463,0.451685660266874,1.30108445697626,0.601283991047423,33.3877563865537,51.0347891166449,14.7976986383577,0.969,3.95608738968062,3.43920674799665,0.832442903389189,0.505112958942417
1985-09-02,0.23,429.64,17.69,17.69,1236.85,0.11404033667163861,658.41,27.06629,750.88,3.17552224503765,2.27054970568104,0.715016154973943,0.219528466253919,0.207214753166224,16.85,1.1541095890411,212.45,3.09468317552804,0,-16.0641,4.11759799833194,1.37608385686463,0.451685660266874,1.30108445697626,0.601283991047423,33.3877563865537,51.0347891166449,14.7976986383577,0.969,3.95608738968062,3.43920674799665,0.832442903389189,0.505112958942417
1985-09-03,0.0,503.55,16.94,16.94,1187.53,0.10426545067121244,658.41,27.06629,750.88,3.17552224503765,2.27054970568104,0.715016154973943,0.219528466253919,0.207214753166224,16.85,1.1541095890411,212.45,3.09468317552804,0,-16.0641,4.11759799833194,1.37608385686463,0.451685660266874,1.30108445697626,0.601283991047423,33.3877563865537,51.0347891166449,14.7976986383577,0.969,3.95608738968062,3.43920674799665,0.832442903389189,0.505112958942417
1985-09-04,0.08,342.96,21.7,21.7,1735.79,0.09774886000426165,658.41,27.06629,750.88,3.17552224503765,2.27054970568104,0.715016154973943,0.219528466253919,0.207214753166224,16.85,1.1541095890411,212.45,3.09468317552804,0,-16.0641,4.11759799833194,1.37608385686463,0.451685660266874,1.30108445697626,0.601283991047423,33.3877563865537,51.0347891166449,14.7976986383577,0.969,3.95608738968062,3.43920674799665,0.832442903389189,0.505112958942417
1985-09-05,0.02,362.0,22.45,22.45,1924.66,0.09123226933731088,658.41,27.06629,750.88,3.17552224503765,2.27054970568104,0.715016154973943,0.219528466253919,0.207214753166224,16.85,1.1541095890411,212.45,3.09468317552804,0,-16.0641,4.11759799833194,1.37608385686463,0.451685660266874,1.30108445697626,0.601283991047423,33.3877563865537,51.0347891166449,14.7976986383577,0.969,3.95608738968062,3.43920674799665,0.832442903389189,0.505112958942417
1985-09-06,0.0,292.45,23.01,23.01,2065.33,0.0847156786703601,658.41,27.06629,750.88,3.17552224503765,2.27054970568104,0.715016154973943,0.219528466253919,0.207214753166224,16.85,1.1541095890411,212.45,3.09468317552804,0,-16.0641,4.11759799833194,1.37608385686463,0.451685660266874,1.30108445697626,0.601283991047423,33.3877563865537,51.0347891166449,14.7976986383577,0.969,3.95608738968062,3.43920674799665,0.832442903389189,0.505112958942417
1985-09-07,6.58,302.76,23.25,23.25,1982.17,0.07819908800340933,658.41,27.06629,750.88,3.17552224503765,2.27054970568104,0.715016154973943,0.219528466253919,0.207214753166224,16.85,1.1541095890411,212.45,3.09468317552804,0,-16.0641,4.11759799833194,1.37608385686463,0.451685660266874,1.30108445697626,0.601283991047423,33.3877563865537,51.0347891166449,14.7976986383577,0.969,3.95608738968062,3.43920674799665,0.832442903389189,0.505112958942417
1985-09-08,16.14,300.22,23.03,23.03,1922.6,0.1694313573407202,658.41,27.06629,750.88,3.17552224503765,2.27054970568104,0.715016154973943,0.219528466253919,0.207214753166224,16.85,1.1541095890411,212.45,3.09468317552804,0,-16.0641,4.11759799833194,1.37608385686463,0.451685660266874,1.30108445697626,0.601283991047423,33.3877563865537,51.0347891166449,14.7976986383577,0.969,3.95608738968062,3.43920674799665,0.832442903389189,0.505112958942417
1985-09-09,8.64,294.9,22.52,22.52,1835.29,0.23785555934370337,658.41,27.06629,750.88,3.17552224503765,2.27054970568104,0.715016154973943,0.219528466253919,0.207214753166224,16.85,1.1541095890411,212.45,3.09468317552804,0,-16.0641,4.11759799833194,1.37608385686463,0.451685660266874,1.30108445697626,0.601283991047423,33.3877563865537,51.0347891166449,14.7976986383577,0.969,3.95608738968062,3.43920674799665,0.832442903389189,0.505112958942417
1985-09-10,1.92,290.84,19.33,19.33,1480.83,0.18246453867462176,658.41,27.06629,750.88,3.17552224503765,2.27054970568104,0.715016154973943,0.219528466253919,0.207214753166224,16.85,1.1541095890411,212.45,3.09468317552804,0,-16.0641,4.11759799833194,1.37608385686463,0.451685660266874,1.30108445697626,0.601283991047423,33.3877563865537,51.0347891166449,14.7976986383577,0.969,3.95608738968062,3.43920674799665,0.832442903389189,0.505112958942417
1985-09-11,0.17,353.66,13.21,13.21,1006.19,0.1726896526741956,658.41,27.06629,750.88,3.17552224503765,2.27054970568104,0.715016154973943,0.219528466253919,0.207214753166224,16.85,1.1541095890411,212.45,3.09468317552804,0,-16.0641,4.11759799833194,1.37608385686463,0.451685660266874,1.30108445697626,0.601283991047423,33.3877563865537,51.0347891166449,14.7976986383577,0.969,3.95608738968062,3.43920674799665,0.832442903389189,0.505112958942417
1985-09-12,0.35,343.29,7.63,7.63,674.62,0.13359010867249094,658.41,27.06629,750.88,3.17552224503765,2.27054970568104,0.715016154973943,0.219528466253919,0.207214753166224,16.85,1.1541095890411,212.45,3.09468317552804,0,-16.0641,4.11759799833194,1.37608385686463,0.451685660266874,1.30108445697626,0.601283991047423,33.3877563865537,51.0347891166449,14.7976986383577,0.969,3.95608738968062,3.43920674799665,0.832442903389189,0.505112958942417
1985-09-13,0.09,471.25,5.94,5.94,574.84,0.11404033667163861,658.41,27.06629,750.88,3.17552224503765,2.27054970568104,0.715016154973943,0.219528466253919,0.207214753166224,16.85,1.1541095890411,212.45,3.09468317552804,0,-16.0641,4.11759799833194,1.37608385686463,0.451685660266874,1.30108445697626,0.601283991047423,33.3877563865537,51.0347891166449,14.7976986383577,0.969,3.95608738968062,3.43920674799665,0.832442903389189,0.505112958942417
1985-09-14,0.0,488.15,7.67,7.67,606.25,0.10752374600468782,658.41,27.06629,750.88,3.17552224503765,2.27054970568104,0.715016154973943,0.219528466253919,0.207214753166224,16.85,1.1541095890411,212.45,3.09468317552804,0,-16.0641,4.11759799833194,1.37608385686463,0.451685660266874,1.30108445697626,0.601283991047423,33.3877563865537,51.0347891166449,14.7976986383577,0.969,3.95608738968062,3.43920674799665,0.832442903389189,0.505112958942417
1985-09-15,0.0,482.3,9.08,9.08,646.4,0.13033181333901556,658.41,27.06629,750.88,3.17552224503765,2.27054970568104,0.715016154973943,0.219528466253919,0.207214753166224,16.85,1.1541095890411,212.45,3.09468317552804,0,-16.0641,4.11759799833194,1.37608385686463,0.451685660266874,1.30108445697626,0.601283991047423,33.3877563865537,51.0347891166449,14.7976986383577,0.969,3.95608738968062,3.43920674799665,0.832442903389189,0.505112958942417
1985-09-16,0.0,484.42,10.77,10.77,703.95,0.11404033667163861,658.41,27.06629,750.88,3.17552224503765,2.27054970568104,0.715016154973943,0.219528466253919,0.207214753166224,16.85,1.1541095890411,212.45,3.09468317552804,0,-16.0641,4.11759799833194,1.37608385686463,0.451685660266874,1.30108445697626,0.601283991047423,33.3877563865537,51.0347891166449,14.7976986383577,0.969,3.95608738968062,3.43920674799665,0.832442903389189,0.505112958942417
1985-09-17,0.0,475.81,12.91,12.91,802.94,0.09449056467078627,658.41,27.06629,750.88,3.17552224503765,2.27054970568104,0.715016154973943,0.219528466253919,0.207214753166224,16.85,1.1541095890411,212.45,3.09468317552804,0,-16.0641,4.11759799833194,1.37608385686463,0.451685660266874,1.30108445697626,0.601283991047423,33.3877563865537,51.0347891166449,14.7976986383577,0.969,3.95608738968062,3.43920674799665,0.832442903389189,0.505112958942417
1985-09-18,0.0,467.1,15.06,15.06,950.42,0.08797397400383548,658.41,27.06629,750.88,3.17552224503765,2.27054970568104,0.715016154973943,0.219528466253919,0.207214753166224,16.85,1.1541095890411,212.45,3.09468317552804,0,-16.0641,4.11759799833194,1.37608385686463,0.451685660266874,1.30108445697626,0.601283991047423,33.3877563865537,51.0347891166449,14.7976986383577,0.969,3.95608738968062,3.43920674799665,0.832442903389189,0.505112958942417
1985-09-19,0.0,447.97,17.63,17.63,1144.38,0.0847156786703601,658.41,27.06629,750.88,3.17552224503765,2.27054970568104,0.715016154973943,0.219528466253919,0.207214753166224,16.85,1.1541095890411,212.45,3.09468317552804,0,-16.0641,4.11759799833194,1.37608385686463,0.451685660266874,1.30108445697626,0.601283991047423,33.3877563865537,51.0347891166449,14.7976986383577,0.969,3.95608738968062,3.43920674799665,0.832442903389189,0.505112958942417
1985-09-20,0.0,437.1,18.55,18.55,1228.9,0.08145738333688472,658.41,27.06629,750.88,3.17552224503765,2.27054970568104,0.715016154973943,0.219528466253919,0.207214753166224,16.85,1.1541095890411,212.45,3.09468317552804,0,-16.0641,4.11759799833194,1.37608385686463,0.451685660266874,1.30108445697626,0.601283991047423,33.3877563865537,51.0347891166449,14.7976986383577,0.969,3.95608738968062,3.43920674799665,0.832442903389189,0.505112958942417
1985-09-21,0.0,426.94,17.85,17.85,1209.55,0.07819908800340933,658.41,27.06629,750.88,3.17552224503765,2.27054970568104,0.715016154973943,0.219528466253919,0.207214753166224,16.85,1.1541095890411,212.45,3.09468317552804,0,-16.0641,4.11759799833194,1.37608385686463,0.451685660266874,1.30108445697626,0.601283991047423,33.3877563865537,51.0347891166449,14.7976986383577,0.969,3.95608738968062,3.43920674799665,0.832442903389189,0.505112958942417
1985-09-22,0.0,418.3,17.7,17.7,1237.3,0.07819908800340933,658.41,27.06629,750.88,3.17552224503765,2.27054970568104,0.715016154973943,0.219528466253919,0.207214753166224,16.85,1.1541095890411,212.45,3.09468317552804,0,-16.0641,4.11759799833194,1.37608385686463,0.451685660266874,1.30108445697626,0.601283991047423,33.3877563865537,51.0347891166449,14.7976986383577,0.969,3.95608738968062,3.43920674799665,0.832442903389189,0.505112958942417
1985-09-23,0.82,302.27,17.66,17.66,1285.23,0.07494079266993393,658.41,27.06629,750.88,3.17552224503765,2.27054970568104,0.715016154973943,0.219528466253919,0.207214753166224,16.85,1.1541095890411,212.45,3.09468317552804,0,-16.0641,4.11759799833194,1.37608385686463,0.451685660266874,1.30108445697626,0.601283991047423,33.3877563865537,51.0347891166449,14.7976986383577,0.969,3.95608738968062,3.43920674799665,0.832442903389189,0.505112958942417
1985-09-24,2.5,258.74,15.59,15.59,1152.84,0.07494079266993393,658.41,27.06629,750.88,3.17552224503765,2.27054970568104,0.715016154973943,0.219528466253919,0.207214753166224,16.85,1.1541095890411,212.45,3.09468317552804,0,-16.0641,4.11759799833194,1.37608385686463,0.451685660266874,1.30108445697626,0.601283991047423,33.3877563865537,51.0347891166449,14.7976986383577,0.969,3.95608738968062,3.43920674799665,0.832442903389189,0.505112958942417
1985-09-25,0.89,331.33,10.37,10.37,799.52,0.08145738333688472,658.41,27.06629,750.88,3.17552224503765,2.27054970568104,0.715016154973943,0.219528466253919,0.207214753166224,16.85,1.1541095890411,212.45,3.09468317552804,0,-16.0641,4.11759799833194,1.37608385686463,0.451685660266874,1.30108445697626,0.601283991047423,33.3877563865537,51.0347891166449,14.7976986383577,0.969,3.95608738968062,3.43920674799665,0.832442903389189,0.505112958942417
1985-09-26,12.65,330.07,12.08,12.08,851.89,0.07819908800340933,658.41,27.06629,750.88,3.17552224503765,2.27054970568104,0.715016154973943,0.219528466253919,0.207214753166224,16.85,1.1541095890411,212.45,3.09468317552804,0,-16.0641,4.11759799833194,1.37608385686463,0.451685660266874,1.30108445697626,0.601283991047423,33.3877563865537,51.0347891166449,14.7976986383577,0.969,3.95608738968062,3.43920674799665,0.832442903389189,0.505112958942417
1985-09-27,8.2,287.14,13.9,13.9,976.43,0.11078204133816322,658.41,27.06629,750.88,3.17552224503765,2.27054970568104,0.715016154973943,0.219528466253919,0.207214753166224,16.85,1.1541095890411,212.45,3.09468317552804,0,-16.0641,4.11759799833194,1.37608385686463,0.451685660266874,1.30108445697626,0.601283991047423,33.3877563865537,51.0347891166449,14.7976986383577,0.969,3.95608738968062,3.43920674799665,0.832442903389189,0.505112958942417
1985-09-28,1.29,418.74,10.03,10.03,760.3,0.22808067334327722,658.41,27.06629,750.88,3.17552224503765,2.27054970568104,0.715016154973943,0.219528466253919,0.207214753166224,16.85,1.1541095890411,212.45,3.09468317552804,0,-16.0641,4.11759799833194,1.37608385686463,0.451685660266874,1.30108445697626,0.601283991047423,33.3877563865537,51.0347891166449,14.7976986383577,0.969,3.95608738968062,3.43920674799665,0.832442903389189,0.505112958942417
1985-09-29,0.0,422.13,10.86,10.86,780.07,0.13033181333901556,658.41,27.06629,750.88,3.17552224503765,2.27054970568104,0.715016154973943,0.219528466253919,0.207214753166224,16.85,1.1541095890411,212.45,3.09468317552804,0,-16.0641,4.11759799833194,1.37608385686463,0.451685660266874,1.30108445697626,0.601283991047423,33.3877563865537,51.0347891166449,14.7976986383577,0.969,3.95608738968062,3.43920674799665,0.832442903389189,0.505112958942417
1985-09-30,0.27,325.8,12.87,12.87,889.39,0.10752374600468782,658.41,27.06629,750.88,3.17552224503765,2.27054970568104,0.715016154973943,0.219528466253919,0.207214753166224,16.85,1.1541095890411,212.45,3.09468317552804,0,-16.0641,4.11759799833194,1.37608385686463,0.451685660266874,1.30108445697626,0.601283991047423,33.3877563865537,51.0347891166449,14.7976986383577,0.969,3.95608738968062,3.43920674799665,0.832442903389189,0.505112958942417
1985-10-01,2.72,262.13,13.58,13.58,992.06,0.10100715533773705,658.41,27.06629,750.88,3.17552224503765,2.27054970568104,0.715016154973943,0.219528466253919,0.207214753166224,16.85,1.1541095890411,212.45,3.09468317552804,0,-16.0641,4.11759799833194,1.37608385686463,0.451685660266874,1.30108445697626,0.601283991047423,33.3877563865537,51.0347891166449,14.7976986383577,0.969,3.95608738968062,3.43920674799665,0.832442903389189,0.505112958942417
1985-10-02,0.77,305.13,9.49,9.49,796.27,0.10426545067121244,658.41,27.06629,750.88,3.17552224503765,2.27054970568104,0.715016154973943,0.219528466253919,0.207214753166224,16.85,1.1541095890411,212.45,3.09468317552804,0,-16.0641,4.11759799833194,1.37608385686463,0.451685660266874,1.30108445697626,0.601283991047423,33.3877563865537,51.0347891166449,14.7976986383577,0.969,3.95608738968062,3.43920674799665,0.832442903389189,0.505112958942417
1985-10-03,0.02,413.51,6.73,6.73,648.73,0.10752374600468782,658.41,27.06629,750.88,3.17552224503765,2.27054970568104,0.715016154973943,0.219528466253919,0.207214753166224,16.85,1.1541095890411,212.45,3.09468317552804,0,-16.0641,4.11759799833194,1.37608385686463,0.451685660266874,1.30108445697626,0.601283991047423,33.3877563865537,51.0347891166449,14.7976986383577,0.969,3.95608738968062,3.43920674799665,0.832442903389189,0.505112958942417
1985-10-04,1.92,290.28,11.6,11.6,878.6,0.09774886000426165,658.41,27.06629,750.88,3.17552224503765,2.27054970568104,0.715016154973943,0.219528466253919,0.207214753166224,16.85,1.1541095890411,212.45,3.09468317552804,0,-16.0641,4.11759799833194,1.37608385686463,0.451685660266874,1.30108445697626,0.601283991047423,33.3877563865537,51.0347891166449,14.7976986383577,0.969,3.95608738968062,3.43920674799665,0.832442903389189,0.505112958942417
1985-10-05,1.5,260.42,11.87,11.87,909.38,0.09774886000426165,658.41,27.06629,750.88,3.17552224503765,2.27054970568104,0.715016154973943,0.219528466253919,0.207214753166224,16.85,1.1541095890411,212.45,3.09468317552804,0,-16.0641,4.11759799833194,1.37608385686463,0.451685660266874,1.30108445697626,0.601283991047423,33.3877563865537,51.0347891166449,14.7976986383577,0.969,3.95608738968062,3.43920674799665,0.832442903389189,0.505112958942417
1985-10-06,1.13,159.49,7.59,7.59,775.38,0.09774886000426165,658.41,27.06629,750.88,3.17552224503765,2.27054970568104,0.715016154973943,0.219528466253919,0.207214753166224,16.85,1.1541095890411,212.45,3.09468317552804,0,-16.0641,4.11759799833194,1.37608385686463,0.451685660266874,1.30108445697626,0.601283991047423,33.3877563865537,51.0347891166449,14.7976986383577,0.969,3.95608738968062,3.43920674799665,0.832442903389189,0.505112958942417
1985-10-07,0.23,367.53,6.97,6.97,678.36,0.09449056467078627,658.41,27.06629,750.88,3.17552224503765,2.27054970568104,0.715016154973943,0.219528466253919,0.207214753166224,16.85,1.1541095890411,212.45,3.09468317552804,0,-16.0641,4.11759799833194,1.37608385686463,0.451685660266874,1.30108445697626,0.601283991047423,33.3877563865537,51.0347891166449,14.7976986383577,0.969,3.95608738968062,3.43920674799665,0.832442903389189,0.505112958942417
1985-10-08,0.0,398.16,8.79,8.79,711.17,0.09123226933731088,658.41,27.06629,750.88,3.17552224503765,2.27054970568104,0.715016154973943,0.219528466253919,0.207214753166224,16.85,1.1541095890411,212.45,3.09468317552804,0,-16.0641,4.11759799833194,1.37608385686463,0.451685660266874,1.30108445697626,0.601283991047423,33.3877563865537,51.0347891166449,14.7976986383577,0.969,3.95608738968062,3.43920674799665,0.832442903389189,0.505112958942417
1985-10-09,0.55,287.28,12.98,12.98,954.77,0.0847156786703601,658.41,27.06629,750.88,3.17552224503765,2.27054970568104,0.715016154973943,0.219528466253919,0.207214753166224,16.85,1.1541095890411,212.45,3.09468317552804,0,-16.0641,4.11759799833194,1.37608385686463,0.451685660266874,1.30108445697626,0.601283991047423,33.3877563865537,51.0347891166449,14.7976986383577,0.969,3.95608738968062,3.43920674799665,0.832442903389189,0.505112958942417
1985-10-10,2.02,238.52,14.73,14.73,1072.55,0.0847156786703601,658.41,27.06629,750.88,3.17552224503765,2.27054970568104,0.715016154973943,0.219528466253919,0.207214753166224,16.85,1.1541095890411,212.45,3.09468317552804,0,-16.0641,4.11759799833194,1.37608385686463,0.451685660266874,1.30108445697626,0.601283991047423,33.3877563865537,51.0347891166449,14.7976986383577,0.969,3.95608738968062,3.43920674799665,0.832442903389189,0.505112958942417
1985-10-11,0.78,284.44,9.31,9.31,714.49,0.0847156786703601,658.41,27.06629,750.88,3.17552224503765,2.27054970568104,0.715016154973943,0.219528466253919,0.207214753166224,16.85,1.1541095890411,212.45,3.09468317552804,0,-16.0641,4.11759799833194,1.37608385686463,0.451685660266874,1.30108445697626,0.601283991047423,33.3877563865537,51.0347891166449,14.7976986383577,0.969,3.95608738968062,3.43920674799665,0.832442903389189,0.505112958942417
1985-10-12,4.29,292.09,5.48,5.48,548.48,0.08145738333688472,658.41,27.06629,750.88,3.17552224503765,2.27054970568104,0.715016154973943,0.219528466253919,0.207214753166224,16.85,1.1541095890411,212.45,3.09468317552804,0,-16.0641,4.11759799833194,1.37608385686463,0.451685660266874,1.30108445697626,0.601283991047423,33.3877563865537,51.0347891166449,14.7976986383577,0.969,3.95608738968062,3.43920674799665,0.832442903389189,0.505112958942417
1985-10-13,2.29,279.59,9.4,9.4,738.69,0.08145738333688472,658.41,27.06629,750.88,3.17552224503765,2.27054970568104,0.715016154973943,0.219528466253919,0.207214753166224,16.85,1.1541095890411,212.45,3.09468317552804,0,-16.0641,4.11759799833194,1.37608385686463,0.451685660266874,1.30108445697626,0.601283991047423,33.3877563865537,51.0347891166449,14.7976986383577,0.969,3.95608738968062,3.43920674799665,0.832442903389189,0.505112958942417
1985-10-14,9.01,250.92,11.97,11.97,937.93,0.08797397400383548,658.41,27.06629,750.88,3.17552224503765,2.27054970568104,0.715016154973943,0.219528466253919,0.207214753166224,16.85,1.1541095890411,212.45,3.09468317552804,0,-16.0641,4.11759799833194,1.37608385686463,0.451685660266874,1.30108445697626,0.601283991047423,33.3877563865537,51.0347891166449,14.7976986383577,0.969,3.95608738968062,3.43920674799665,0.832442903389189,0.505112958942417
1985-10-15,4.97,191.24,13.11,13.11,1042.23,0.13033181333901556,658.41,27.06629,750.88,3.17552224503765,2.27054970568104,0.715016154973943,0.219528466253919,0.207214753166224,16.85,1.1541095890411,212.45,3.09468317552804,0,-16.0641,4.11759799833194,1.37608385686463,0.451685660266874,1.30108445697626,0.601283991047423,33.3877563865537,51.0347891166449,14.7976986383577,0.969,3.95608738968062,3.43920674799665,0.832442903389189,0.505112958942417
1985-10-16,0.99,318.88,8.89,8.89,705.8,0.16617306200724483,658.41,27.06629,750.88,3.17552224503765,2.27054970568104,0.715016154973943,0.219528466253919,0.207214753166224,16.85,1.1541095890411,212.45,3.09468317552804,0,-16.0641,4.11759799833194,1.37608385686463,0.451685660266874,1.30108445697626,0.601283991047423,33.3877563865537,51.0347891166449,14.7976986383577,0.969,3.95608738968062,3.43920674799665,0.832442903389189,0.505112958942417
1985-10-17,0.08,376.82,5.15,5.15,508.89,0.12707351800554018,658.41,27.06629,750.88,3.17552224503765,2.27054970568104,0.715016154973943,0.219528466253919,0.207214753166224,16.85,1.1541095890411,212.45,3.09468317552804,0,-16.0641,4.11759799833194,1.37608385686463,0.451685660266874,1.30108445697626,0.601283991047423,33.3877563865537,51.0347891166449,14.7976986383577,0.969,3.95608738968062,3.43920674799665,0.832442903389189,0.505112958942417
1985-10-18,7.75,276.46,8.42,8.42,700.95,0.11078204133816322,658.41,27.06629,750.88,3.17552224503765,2.27054970568104,0.715016154973943,0.219528466253919,0.207214753166224,16.85,1.1541095890411,212.45,3.09468317552804,0,-16.0641,4.11759799833194,1.37608385686463,0.451685660266874,1.30108445697626,0.601283991047423,33.3877563865537,51.0347891166449,14.7976986383577,0.969,3.95608738968062,3.43920674799665,0.832442903389189,0.505112958942417
1985-10-19,10.1,197.51,13.11,13.11,1009.62,0.1726896526741956,658.41,27.06629,750.88,3.17552224503765,2.27054970568104,0.715016154973943,0.219528466253919,0.207214753166224,16.85,1.1541095890411,212.45,3.09468317552804,0,-16.0641,4.11759799833194,1.37608385686463,0.451685660266874,1.30108445697626,0.601283991047423,33.3877563865537,51.0347891166449,14.7976986383577,0.969,3.95608738968062,3.43920674799665,0.832442903389189,0.505112958942417
1985-10-20,2.12,296.23,8.07,8.07,729.56,0.3160546473471127,658.41,27.06629,750.88,3.17552224503765,2.27054970568104,0.715016154973943,0.219528466253919,0.207214753166224,16.85,1.1541095890411,212.45,3.09468317552804,0,-16.0641,4.11759799833194,1.37608385686463,0.451685660266874,1.30108445697626,0.601283991047423,33.3877563865537,51.0347891166449,14.7976986383577,0.969,3.95608738968062,3.43920674799665,0.832442903389189,0.505112958942417
1985-10-21,0.28,263.84,5.33,5.33,595.17,0.1954977200085233,658.41,27.06629,750.88,3.17552224503765,2.27054970568104,0.715016154973943,0.219528466253919,0.207214753166224,16.85,1.1541095890411,212.45,3.09468317552804,0,-16.0641,4.11759799833194,1.37608385686463,0.451685660266874,1.30108445697626,0.601283991047423,33.3877563865537,51.0347891166449,14.7976986383577,0.969,3.95608738968062,3.43920674799665,0.832442903389189,0.505112958942417
1985-10-22,0.2,242.95,8.88,8.88,779.62,0.15639817600681866,658.41,27.06629,750.88,3.17552224503765,2.27054970568104,0.715016154973943,0.219528466253919,0.207214753166224,16.85,1.1541095890411,212.45,3.09468317552804,0,-16.0641,4.11759799833194,1.37608385686463,0.451685660266874,1.30108445697626,0.601283991047423,33.3877563865537,51.0347891166449,14.7976986383577,0.969,3.95608738968062,3.43920674799665,0.832442903389189,0.505112958942417
1985-10-23,1.38,223.62,11.1,11.1,952.06,0.1466232900063925,658.41,27.06629,750.88,3.17552224503765,2.27054970568104,0.715016154973943,0.219528466253919,0.207214753166224,16.85,1.1541095890411,212.45,3.09468317552804,0,-16.0641,4.11759799833194,1.37608385686463,0.451685660266874,1.30108445697626,0.601283991047423,33.3877563865537,51.0347891166449,14.7976986383577,0.969,3.95608738968062,3.43920674799665,0.832442903389189,0.505112958942417
1985-10-24,6.43,145.59,12.71,12.71,1077.86,0.15639817600681866,658.41,27.06629,750.88,3.17552224503765,2.27054970568104,0.715016154973943,0.219528466253919,0.207214753166224,16.85,1.1541095890411,212.45,3.09468317552804,0,-16.0641,4.11759799833194,1.37608385686463,0.451685660266874,1.30108445697626,0.601283991047423,33.3877563865537,51.0347891166449,14.7976986383577,0.969,3.95608738968062,3.43920674799665,0.832442903389189,0.505112958942417
1985-10-25,1.6,316.71,8.94,8.94,757.5,0.19223942467504793,658.41,27.06629,750.88,3.17552224503765,2.27054970568104,0.715016154973943,0.219528466253919,0.207214753166224,16.85,1.1541095890411,212.45,3.09468317552804,0,-16.0641,4.11759799833194,1.37608385686463,0.451685660266874,1.30108445697626,0.601283991047423,33.3877563865537,51.0347891166449,14.7976986383577,0.969,3.95608738968062,3.43920674799665,0.832442903389189,0.505112958942417
1985-10-26,0.0,340.38,7.49,7.49,625.91,0.17594794800767097,658.41,27.06629,750.88,3.17552224503765,2.27054970568104,0.715016154973943,0.219528466253919,0.207214753166224,16.85,1.1541095890411,212.45,3.09468317552804,0,-16.0641,4.11759799833194,1.37608385686463,0.451685660266874,1.30108445697626,0.601283991047423,33.3877563865537,51.0347891166449,14.7976986383577,0.969,3.95608738968062,3.43920674799665,0.832442903389189,0.505112958942417
1985-10-27,0.0,324.22,9.87,9.87,707.68,0.15313988067334328,658.41,27.06629,750.88,3.17552224503765,2.27054970568104,0.715016154973943,0.219528466253919,0.207214753166224,16.85,1.1541095890411,212.45,3.09468317552804,0,-16.0641,4.11759799833194,1.37608385686463,0.451685660266874,1.30108445697626,0.601283991047423,33.3877563865537,51.0347891166449,14.7976986383577,0.969,3.95608738968062,3.43920674799665,0.832442903389189,0.505112958942417
1985-10-28,0.0,325.52,6.16,6.16,534.55,0.13684840400596632,658.41,27.06629,750.88,3.17552224503765,2.27054970568104,0.715016154973943,0.219528466253919,0.207214753166224,16.85,1.1541095890411,212.45,3.09468317552804,0,-16.0641,4.11759799833194,1.37608385686463,0.451685660266874,1.30108445697626,0.601283991047423,33.3877563865537,51.0347891166449,14.7976986383577,0.969,3.95608738968062,3.43920674799665,0.832442903389189,0.505112958942417
1985-10-29,0.0,337.1,1.37,1.37,378.37,0.12707351800554018,658.41,27.06629,750.88,3.17552224503765,2.27054970568104,0.715016154973943,0.219528466253919,0.207214753166224,16.85,1.1541095890411,212.45,3.09468317552804,0,-16.0641,4.11759799833194,1.37608385686463,0.451685660266874,1.30108445697626,0.601283991047423,33.3877563865537,51.0347891166449,14.7976986383577,0.969,3.95608738968062,3.43920674799665,0.832442903389189,0.505112958942417
1985-10-30,0.0,297.65,2.72,2.72,486.15,0.12381522267206477,658.41,27.06629,750.88,3.17552224503765,2.27054970568104,0.715016154973943,0.219528466253919,0.207214753166224,16.85,1.1541095890411,212.45,3.09468317552804,0,-16.0641,4.11759799833194,1.37608385686463,0.451685660266874,1.30108445697626,0.601283991047423,33.3877563865537,51.0347891166449,14.7976986383577,0.969,3.95608738968062,3.43920674799665,0.832442903389189,0.505112958942417
1985-10-31,0.0,281.11,6.95,6.95,692.25,0.11729863200511399,658.41,27.06629,750.88,3.17552224503765,2.27054970568104,0.715016154973943,0.219528466253919,0.207214753166224,16.85,1.1541095890411,212.45,3.09468317552804,0,-16.0641,4.11759799833194,1.37608385686463,0.451685660266874,1.30108445697626,0.601283991047423,33.3877563865537,51.0347891166449,14.7976986383577,0.969,3.95608738968062,3.43920674799665,0.832442903389189,0.505112958942417
1985-11-01,0.0,299.28,9.41,9.41,756.71,0.11729863200511399,658.41,27.06629,750.88,3.17552224503765,2.27054970568104,0.715016154973943,0.219528466253919,0.207214753166224,16.85,1.1541095890411,212.45,3.09468317552804,0,-16.0641,4.11759799833194,1.37608385686463,0.451685660266874,1.30108445697626,0.601283991047423,33.3877563865537,51.0347891166449,14.7976986383577,0.969,3.95608738968062,3.43920674799665,0.832442903389189,0.505112958942417
1985-11-02,5.31,209.32,7.64,7.64,712.67,0.11404033667163861,658.41,27.06629,750.88,3.17552224503765,2.27054970568104,0.715016154973943,0.219528466253919,0.207214753166224,16.85,1.1541095890411,212.45,3.09468317552804,0,-16.0641,4.11759799833194,1.37608385686463,0.451685660266874,1.30108445697626,0.601283991047423,33.3877563865537,51.0347891166449,14.7976986383577,0.969,3.95608738968062,3.43920674799665,0.832442903389189,0.505112958942417
1985-11-03,15.39,97.49,7.54,7.54,827.62,0.13684840400596632,658.41,27.06629,750.88,3.17552224503765,2.27054970568104,0.715016154973943,0.219528466253919,0.207214753166224,16.85,1.1541095890411,212.45,3.09468317552804,0,-16.0641,4.11759799833194,1.37608385686463,0.451685660266874,1.30108445697626,0.601283991047423,33.3877563865537,51.0347891166449,14.7976986383577,0.969,3.95608738968062,3.43920674799665,0.832442903389189,0.505112958942417
1985-11-04,10.26,60.31,6.94,6.94,860.07,0.3779622586831451,658.41,27.06629,750.88,3.17552224503765,2.27054970568104,0.715016154973943,0.219528466253919,0.207214753166224,16.85,1.1541095890411,212.45,3.09468317552804,0,-16.0641,4.11759799833194,1.37608385686463,0.451685660266874,1.30108445697626,0.601283991047423,33.3877563865537,51.0347891166449,14.7976986383577,0.969,3.95608738968062,3.43920674799665,0.832442903389189,0.505112958942417
1985-11-05,4.11,87.68,5.74,5.74,788.04,0.6190761133603239,658.41,27.06629,750.88,3.17552224503765,2.27054970568104,0.715016154973943,0.219528466253919,0.207214753166224,16.85,1.1541095890411,212.45,3.09468317552804,0,-16.0641,4.11759799833194,1.37608385686463,0.451685660266874,1.30108445697626,0.601283991047423,33.3877563865537,51.0347891166449,14.7976986383577,0.969,3.95608738968062,3.43920674799665,0.832442903389189,0.505112958942417
1985-11-06,2.22,78.54,4.94,4.94,749.88,0.6744671340294054,658.41,27.06629,750.88,3.17552224503765,2.27054970568104,0.715016154973943,0.219528466253919,0.207214753166224,16.85,1.1541095890411,212.45,3.09468317552804,0,-16.0641,4.11759799833194,1.37608385686463,0.451685660266874,1.30108445697626,0.601283991047423,33.3877563865537,51.0347891166449,14.7976986383577,0.969,3.95608738968062,3.43920674799665,0.832442903389189,0.505112958942417
1985-11-07,2.89,163.92,6.17,6.17,727.96,0.4887443000213083,658.41,27.06629,750.88,3.17552224503765,2.27054970568104,0.715016154973943,0.219528466253919,0.207214753166224,16.85,1.1541095890411,212.45,3.09468317552804,0,-16.0641,4.11759799833194,1.37608385686463,0.451685660266874,1.30108445697626,0.601283991047423,33.3877563865537,51.0347891166449,14.7976986383577,0.969,3.95608738968062,3.43920674799665,0.832442903389189,0.505112958942417
1985-11-08,1.3,215.02,4.06,4.06,574.64,0.46919452802045597,658.41,27.06629,750.88,3.17552224503765,2.27054970568104,0.715016154973943,0.219528466253919,0.207214753166224,16.85,1.1541095890411,212.45,3.09468317552804,0,-16.0641,4.11759799833194,1.37608385686463,0.451685660266874,1.30108445697626,0.601283991047423,33.3877563865537,51.0347891166449,14.7976986383577,0.969,3.95608738968062,3.43920674799665,0.832442903389189,0.505112958942417
1985-11-09,7.59,195.64,5.74,5.74,667.03,0.39425373535052205,658.41,27.06629,750.88,3.17552224503765,2.27054970568104,0.715016154973943,0.219528466253919,0.207214753166224,16.85,1.1541095890411,212.45,3.09468317552804,0,-16.0641,4.11759799833194,1.37608385686463,0.451685660266874,1.30108445697626,0.601283991047423,33.3877563865537,51.0347891166449,14.7976986383577,0.969,3.95608738968062,3.43920674799665,0.832442903389189,0.505112958942417
1985-11-10,10.25,119.87,7.86,7.86,806.44,0.570201683358193,658.41,27.06629,750.88,3.17552224503765,2.27054970568104,0.715016154973943,0.219528466253919,0.207214753166224,16.85,1.1541095890411,212.45,3.09468317552804,0,-16.0641,4.11759799833194,1.37608385686463,0.451685660266874,1.30108445697626,0.601283991047423,33.3877563865537,51.0347891166449,14.7976986383577,0.969,3.95608738968062,3.43920674799665,0.832442903389189,0.505112958942417
1985-11-11,3.64,174.1,4.36,4.36,633.41,1.2316356360536969,658.41,27.06629,750.88,3.17552224503765,2.27054970568104,0.715016154973943,0.219528466253919,0.207214753166224,16.85,1.1541095890411,212.45,3.09468317552804,0,-16.0641,4.11759799833194,1.37608385686463,0.451685660266874,1.30108445697626,0.601283991047423,33.3877563865537,51.0347891166449,14.7976986383577,0.969,3.95608738968062,3.43920674799665,0.832442903389189,0.505112958942417
1985-11-12,9.38,184.33,4.04,4.04,636.08,1.150178252716812,658.41,27.06629,750.88,3.17552224503765,2.27054970568104,0.715016154973943,0.219528466253919,0.207214753166224,16.85,1.1541095890411,212.45,3.09468317552804,0,-16.0641,4.11759799833194,1.37608385686463,0.451685660266874,1.30108445697626,0.601283991047423,33.3877563865537,51.0347891166449,14.7976986383577,0.969,3.95608738968062,3.43920674799665,0.832442903389189,0.505112958942417
1985-11-13,8.09,169.84,9.29,9.29,874.76,1.752962889409759,658.41,27.06629,750.88,3.17552224503765,2.27054970568104,0.715016154973943,0.219528466253919,0.207214753166224,16.85,1.1541095890411,212.45,3.09468317552804,0,-16.0641,4.11759799833194,1.37608385686463,0.451685660266874,1.30108445697626,0.601283991047423,33.3877563865537,51.0347891166449,14.7976986383577,0.969,3.95608738968062,3.43920674799665,0.832442903389189,0.505112958942417
1985-11-14,5.55,192.07,8.92,8.92,779.76,2.0071099254208393,658.41,27.06629,750.88,3.17552224503765,2.27054970568104,0.715016154973943,0.219528466253919,0.207214753166224,16.85,1.1541095890411,212.45,3.09468317552804,0,-16.0641,4.11759799833194,1.37608385686463,0.451685660266874,1.30108445697626,0.601283991047423,33.3877563865537,51.0347891166449,14.7976986383577,0.969,3.95608738968062,3.43920674799665,0.832442903389189,0.505112958942417
1985-11-15,5.52,199.92,5.55,5.55,587.43,2.3687807074366076,658.41,27.06629,750.88,3.17552224503765,2.27054970568104,0.715016154973943,0.219528466253919,0.207214753166224,16.85,1.1541095890411,212.45,3.09468317552804,0,-16.0641,4.11759799833194,1.37608385686463,0.451685660266874,1.30108445697626,0.601283991047423,33.3877563865537,51.0347891166449,14.7976986383577,0.969,3.95608738968062,3.43920674799665,0.832442903389189,0.505112958942417
1985-11-16,15.8,155.04,1.38,1.38,496.79,3.3886271468144042,658.41,27.06629,750.88,3.17552224503765,2.27054970568104,0.715016154973943,0.219528466253919,0.207214753166224,16.85,1.1541095890411,212.45,3.09468317552804,0,-16.0641,4.11759799833194,1.37608385686463,0.451685660266874,1.30108445697626,0.601283991047423,33.3877563865537,51.0347891166449,14.7976986383577,0.969,3.95608738968062,3.43920674799665,0.832442903389189,0.505112958942417
1985-11-17,3.88,168.89,2.78,2.78,593.59,5.311021393564884,658.41,27.06629,750.88,3.17552224503765,2.27054970568104,0.715016154973943,0.219528466253919,0.207214753166224,16.85,1.1541095890411,212.45,3.09468317552804,0,-16.0641,4.11759799833194,1.37608385686463,0.451685660266874,1.30108445697626,0.601283991047423,33.3877563865537,51.0347891166449,14.7976986383577,0.969,3.95608738968062,3.43920674799665,0.832442903389189,0.505112958942417
1985-11-18,0.01,258.67,5.12,5.12,639.69,2.47304615810782,658.41,27.06629,750.88,3.17552224503765,2.27054970568104,0.715016154973943,0.219528466253919,0.207214753166224,16.85,1.1541095890411,212.45,3.09468317552804,0,-16.0641,4.11759799833194,1.37608385686463,0.451685660266874,1.30108445697626,0.601283991047423,33.3877563865537,51.0347891166449,14.7976986383577,0.969,3.95608738968062,3.43920674799665,0.832442903389189,0.505112958942417
1985-11-19,0.01,229.6,10.78,10.78,880.67,1.9093610654165778,658.41,27.06629,750.88,3.17552224503765,2.27054970568104,0.715016154973943,0.219528466253919,0.207214753166224,16.85,1.1541095890411,212.45,3.09468317552804,0,-16.0641,4.11759799833194,1.37608385686463,0.451685660266874,1.30108445697626,0.601283991047423,33.3877563865537,51.0347891166449,14.7976986383577,0.969,3.95608738968062,3.43920674799665,0.832442903389189,0.505112958942417
1985-11-20,0.16,185.87,11.32,11.32,871.08,1.5770149414020882,658.41,27.06629,750.88,3.17552224503765,2.27054970568104,0.715016154973943,0.219528466253919,0.207214753166224,16.85,1.1541095890411,212.45,3.09468317552804,0,-16.0641,4.11759799833194,1.37608385686463,0.451685660266874,1.30108445697626,0.601283991047423,33.3877563865537,51.0347891166449,14.7976986383577,0.969,3.95608738968062,3.43920674799665,0.832442903389189,0.505112958942417
1985-11-21,0.5,182.96,3.29,3.29,520.89,1.2772517707223523,658.41,27.06629,750.88,3.17552224503765,2.27054970568104,0.715016154973943,0.219528466253919,0.207214753166224,16.85,1.1541095890411,212.45,3.09468317552804,0,-16.0641,4.11759799833194,1.37608385686463,0.451685660266874,1.30108445697626,0.601283991047423,33.3877563865537,51.0347891166449,14.7976986383577,0.969,3.95608738968062,3.43920674799665,0.832442903389189,0.505112958942417
1985-11-22,1.4,166.43,-1.05,-1.05,415.72,1.1110787087151075,658.41,27.06629,750.88,3.17552224503765,2.27054970568104,0.715016154973943,0.219528466253919,0.207214753166224,16.85,1.1541095890411,212.45,3.09468317552804,0,-16.0641,4.11759799833194,1.37608385686463,0.451685660266874,1.30108445697626,0.601283991047423,33.3877563865537,51.0347891166449,14.7976986383577,0.969,3.95608738968062,3.43920674799665,0.832442903389189,0.505112958942417
1985-11-23,0.34,176.14,1.06,1.06,515.76,1.0556876880460258,658.41,27.06629,750.88,3.17552224503765,2.27054970568104,0.715016154973943,0.219528466253919,0.207214753166224,16.85,1.1541095890411,212.45,3.09468317552804,0,-16.0641,4.11759799833194,1.37608385686463,0.451685660266874,1.30108445697626,0.601283991047423,33.3877563865537,51.0347891166449,14.7976986383577,0.969,3.95608738968062,3.43920674799665,0.832442903389189,0.505112958942417
1985-11-24,0.0,170.46,1.71,1.71,531.03,0.8992895120392073,658.41,27.06629,750.88,3.17552224503765,2.27054970568104,0.715016154973943,0.219528466253919,0.207214753166224,16.85,1.1541095890411,212.45,3.09468317552804,0,-16.0641,4.11759799833194,1.37608385686463,0.451685660266874,1.30108445697626,0.601283991047423,33.3877563865537,51.0347891166449,14.7976986383577,0.969,3.95608738968062,3.43920674799665,0.832442903389189,0.505112958942417
1985-11-25,9.6,141.51,-0.49,-0.49,451.47,0.7852491753675686,658.41,27.06629,750.88,3.17552224503765,2.27054970568104,0.715016154973943,0.219528466253919,0.207214753166224,16.85,1.1541095890411,212.45,3.09468317552804,0,-16.0641,4.11759799833194,1.37608385686463,0.451685660266874,1.30108445697626,0.601283991047423,33.3877563865537,51.0347891166449,14.7976986383577,0.969,3.95608738968062,3.43920674799665,0.832442903389189,0.505112958942417
1985-11-26,13.26,154.59,0.43,0.43,487.1,1.7594794800767097,658.41,27.06629,750.88,3.17552224503765,2.27054970568104,0.715016154973943,0.219528466253919,0.207214753166224,16.85,1.1541095890411,212.45,3.09468317552804,0,-16.0641,4.11759799833194,1.37608385686463,0.451685660266874,1.30108445697626,0.601283991047423,33.3877563865537,51.0347891166449,14.7976986383577,0.969,3.95608738968062,3.43920674799665,0.832442903389189,0.505112958942417
1985-11-27,12.48,174.08,3.54,3.54,560.95,4.235783933518006,658.41,27.06629,750.88,3.17552224503765,2.27054970568104,0.715016154973943,0.219528466253919,0.207214753166224,16.85,1.1541095890411,212.45,3.09468317552804,0,-16.0641,4.11759799833194,1.37608385686463,0.451685660266874,1.30108445697626,0.601283991047423,33.3877563865537,51.0347891166449,14.7976986383577,0.969,3.95608738968062,3.43920674799665,0.832442903389189,0.505112958942417
1985-11-28,5.62,113.32,0.14,0.14,468.95,2.5870864947794585,658.41,27.06629,750.88,3.17552224503765,2.27054970568104,0.715016154973943,0.219528466253919,0.207214753166224,16.85,1.1541095890411,212.45,3.09468317552804,0,-16.0641,4.11759799833194,1.37608385686463,0.451685660266874,1.30108445697626,0.601283991047423,33.3877563865537,51.0347891166449,14.7976986383577,0.969,3.95608738968062,3.43920674799665,0.832442903389189,0.505112958942417
1985-11-29,0.81,101.22,-1.39,-1.39,459.33,2.1081170807585763,658.41,27.06629,750.88,3.17552224503765,2.27054970568104,0.715016154973943,0.219528466253919,0.207214753166224,16.85,1.1541095890411,212.45,3.09468317552804,0,-16.0641,4.11759799833194,1.37608385686463,0.451685660266874,1.30108445697626,0.601283991047423,33.3877563865537,51.0347891166449,14.7976986383577,0.969,3.95608738968062,3.43920674799665,0.832442903389189,0.505112958942417
1985-11-30,1.0,95.52,-0.5,-0.5,509.4,2.0820507180907732,658.41,27.06629,750.88,3.17552224503765,2.27054970568104,0.715016154973943,0.219528466253919,0.207214753166224,16.85,1.1541095890411,212.45,3.09468317552804,0,-16.0641,4.11759799833194,1.37608385686463,0.451685660266874,1.30108445697626,0.601283991047423,33.3877563865537,51.0347891166449,14.7976986383577,0.969,3.95608738968062,3.43920674799665,0.832442903389189,0.505112958942417
1985-12-01,5.13,104.45,2.06,2.06,575.01,2.8770747794587677,658.41,27.06629,750.88,3.17552224503765,2.27054970568104,0.715016154973943,0.219528466253919,0.207214753166224,16.85,1.1541095890411,212.45,3.09468317552804,0,-16.0641,4.11759799833194,1.37608385686463,0.451685660266874,1.30108445697626,0.601283991047423,33.3877563865537,51.0347891166449,14.7976986383577,0.969,3.95608738968062,3.43920674799665,0.832442903389189,0.505112958942417
1985-12-02,2.56,228.8,-0.0,-0.0,376.77,4.822277093543575,658.41,27.06629,750.88,3.17552224503765,2.27054970568104,0.715016154973943,0.219528466253919,0.207214753166224,16.85,1.1541095890411,212.45,3.09468317552804,0,-16.0641,4.11759799833194,1.37608385686463,0.451685660266874,1.30108445697626,0.601283991047423,33.3877563865537,51.0347891166449,14.7976986383577,0.969,3.95608738968062,3.43920674799665,0.832442903389189,0.505112958942417
1985-12-03,0.34,211.42,-5.05,-5.05,272.81,2.776067624121031,658.41,27.06629,750.88,3.17552224503765,2.27054970568104,0.715016154973943,0.219528466253919,0.207214753166224,16.85,1.1541095890411,212.45,3.09468317552804,0,-16.0641,4.11759799833194,1.37608385686463,0.451685660266874,1.30108445697626,0.601283991047423,33.3877563865537,51.0347891166449,14.7976986383577,0.969,3.95608738968062,3.43920674799665,0.832442903389189,0.505112958942417
1985-12-04,0.51,223.38,-7.31,-7.31,238.04,2.1993493500958876,658.41,27.06629,750.88,3.17552224503765,2.27054970568104,0.715016154973943,0.219528466253919,0.207214753166224,16.85,1.1541095890411,212.45,3.09468317552804,0,-16.0641,4.11759799833194,1.37608385686463,0.451685660266874,1.30108445697626,0.601283991047423,33.3877563865537,51.0347891166449,14.7976986383577,0.969,3.95608738968062,3.43920674799665,0.832442903389189,0.505112958942417
1985-12-05,2.38,179.65,-4.47,-4.47,321.74,1.9158776560835284,658.41,27.06629,750.88,3.17552224503765,2.27054970568104,0.715016154973943,0.219528466253919,0.207214753166224,16.85,1.1541095890411,212.45,3.09468317552804,0,-16.0641,4.11759799833194,1.37608385686463,0.451685660266874,1.30108445697626,0.601283991047423,33.3877563865537,51.0347891166449,14.7976986383577,0.969,3.95608738968062,3.43920674799665,0.832442903389189,0.505112958942417
1985-12-06,0.63,149.07,-2.36,-2.36,410.78,1.7236382314084806,658.41,27.06629,750.88,3.17552224503765,2.27054970568104,0.715016154973943,0.219528466253919,0.207214753166224,16.85,1.1541095890411,212.45,3.09468317552804,0,-16.0641,4.11759799833194,1.37608385686463,0.451685660266874,1.30108445697626,0.601283991047423,33.3877563865537,51.0347891166449,14.7976986383577,0.969,3.95608738968062,3.43920674799665,0.832442903389189,0.505112958942417
1985-12-07,0.09,123.58,-2.33,-2.33,427.16,1.4922992627317277,658.41,27.06629,750.88,3.17552224503765,2.27054970568104,0.715016154973943,0.219528466253919,0.207214753166224,16.85,1.1541095890411,212.45,3.09468317552804,0,-16.0641,4.11759799833194,1.37608385686463,0.451685660266874,1.30108445697626,0.601283991047423,33.3877563865537,51.0347891166449,14.7976986383577,0.969,3.95608738968062,3.43920674799665,0.832442903389189,0.505112958942417
1985-12-08,0.09,135.0,-1.41,-1.41,460.83,1.3196096100575323,658.41,27.06629,750.88,3.17552224503765,2.27054970568104,0.715016154973943,0.219528466253919,0.207214753166224,16.85,1.1541095890411,212.45,3.09468317552804,0,-16.0641,4.11759799833194,1.37608385686463,0.451685660266874,1.30108445697626,0.601283991047423,33.3877563865537,51.0347891166449,14.7976986383577,0.969,3.95608738968062,3.43920674799665,0.832442903389189,0.505112958942417
1985-12-09,0.26,82.59,-0.15,-0.15,521.87,1.2251190453867462,658.41,27.06629,750.88,3.17552224503765,2.27054970568104,0.715016154973943,0.219528466253919,0.207214753166224,16.85,1.1541095890411,212.45,3.09468317552804,0,-16.0641,4.11759799833194,1.37608385686463,0.451685660266874,1.30108445697626,0.601283991047423,33.3877563865537,51.0347891166449,14.7976986383577,0.969,3.95608738968062,3.43920674799665,0.832442903389189,0.505112958942417
1985-12-10,4.89,82.59,0.64,0.64,559.95,1.1795029107180908,658.41,27.06629,750.88,3.17552224503765,2.27054970568104,0.715016154973943,0.219528466253919,0.207214753166224,16.85,1.1541095890411,212.45,3.09468317552804,0,-16.0641,4.11759799833194,1.37608385686463,0.451685660266874,1.30108445697626,0.601283991047423,33.3877563865537,51.0347891166449,14.7976986383577,0.969,3.95608738968062,3.43920674799665,0.832442903389189,0.505112958942417
1985-12-11,7.3,104.93,2.43,2.43,601.77,1.7888041380779882,658.41,27.06629,750.88,3.17552224503765,2.27054970568104,0.715016154973943,0.219528466253919,0.207214753166224,16.85,1.1541095890411,212.45,3.09468317552804,0,-16.0641,4.11759799833194,1.37608385686463,0.451685660266874,1.30108445697626,0.601283991047423,33.3877563865537,51.0347891166449,14.7976986383577,0.969,3.95608738968062,3.43920674799665,0.832442903389189,0.505112958942417
1985-12-12,3.52,107.34,0.33,0.33,504.38,3.0921222714681433,658.41,27.06629,750.88,3.17552224503765,2.27054970568104,0.715016154973943,0.219528466253919,0.207214753166224,16.85,1.1541095890411,212.45,3.09468317552804,0,-16.0641,4.11759799833194,1.37608385686463,0.451685660266874,1.30108445697626,0.601283991047423,33.3877563865537,51.0347891166449,14.7976986383577,0.969,3.95608738968062,3.43920674799665,0.832442903389189,0.505112958942417
1985-12-13,9.02,81.55,-1.63,-1.63,424.91,2.095083899424675,658.41,27.06629,750.88,3.17552224503765,2.27054970568104,0.715016154973943,0.219528466253919,0.207214753166224,16.85,1.1541095890411,212.45,3.09468317552804,0,-16.0641,4.11759799833194,1.37608385686463,0.451685660266874,1.30108445697626,0.601283991047423,33.3877563865537,51.0347891166449,14.7976986383577,0.969,3.95608738968062,3.43920674799665,0.832442903389189,0.505112958942417
1985-12-14,2.94,210.2,-6.42,-6.42,250.75,1.9158776560835284,658.41,27.06629,750.88,3.17552224503765,2.27054970568104,0.715016154973943,0.219528466253919,0.207214753166224,16.85,1.1541095890411,212.45,3.09468317552804,0,-16.0641,4.11759799833194,1.37608385686463,0.451685660266874,1.30108445697626,0.601283991047423,33.3877563865537,51.0347891166449,14.7976986383577,0.969,3.95608738968062,3.43920674799665,0.832442903389189,0.505112958942417
1985-12-15,0.5,212.2,-10.87,-10.87,174.95,1.5965647134029404,658.41,27.06629,750.88,3.17552224503765,2.27054970568104,0.715016154973943,0.219528466253919,0.207214753166224,16.85,1.1541095890411,212.45,3.09468317552804,0,-16.0641,4.11759799833194,1.37608385686463,0.451685660266874,1.30108445697626,0.601283991047423,33.3877563865537,51.0347891166449,14.7976986383577,0.969,3.95608738968062,3.43920674799665,0.832442903389189,0.505112958942417
1985-12-16,1.56,187.13,-7.7,-7.7,233.47,1.5639817600681865,658.41,27.06629,750.88,3.17552224503765,2.27054970568104,0.715016154973943,0.219528466253919,0.207214753166224,16.85,1.1541095890411,212.45,3.09468317552804,0,-16.0641,4.11759799833194,1.37608385686463,0.451685660266874,1.30108445697626,0.601283991047423,33.3877563865537,51.0347891166449,14.7976986383577,0.969,3.95608738968062,3.43920674799665,0.832442903389189,0.505112958942417
1985-12-17,2.0,211.76,-8.31,-8.31,207.6,1.3684840400596632,658.41,27.06629,750.88,3.17552224503765,2.27054970568104,0.715016154973943,0.219528466253919,0.207214753166224,16.85,1.1541095890411,212.45,3.09468317552804,0,-16.0641,4.11759799833194,1.37608385686463,0.451685660266874,1.30108445697626,0.601283991047423,33.3877563865537,51.0347891166449,14.7976986383577,0.969,3.95608738968062,3.43920674799665,0.832442903389189,0.505112958942417
1985-12-18,1.3,173.17,-10.67,-10.67,177.91,1.107820413381632,658.41,27.06629,750.88,3.17552224503765,2.27054970568104,0.715016154973943,0.219528466253919,0.207214753166224,16.85,1.1541095890411,212.45,3.09468317552804,0,-16.0641,4.11759799833194,1.37608385686463,0.451685660266874,1.30108445697626,0.601283991047423,33.3877563865537,51.0347891166449,14.7976986383577,0.969,3.95608738968062,3.43920674799665,0.832442903389189,0.505112958942417
1985-12-19,0.23,262.05,-12.53,-12.53,148.04,1.0426545067121245,658.41,27.06629,750.88,3.17552224503765,2.27054970568104,0.715016154973943,0.219528466253919,0.207214753166224,16.85,1.1541095890411,212.45,3.09468317552804,0,-16.0641,4.11759799833194,1.37608385686463,0.451685660266874,1.30108445697626,0.601283991047423,33.3877563865537,51.0347891166449,14.7976986383577,0.969,3.95608738968062,3.43920674799665,0.832442903389189,0.505112958942417
1985-12-20,0.49,220.81,-12.59,-12.59,139.84,1.0100715533773705,658.41,27.06629,750.88,3.17552224503765,2.27054970568104,0.715016154973943,0.219528466253919,0.207214753166224,16.85,1.1541095890411,212.45,3.09468317552804,0,-16.0641,4.11759799833194,1.37608385686463,0.451685660266874,1.30108445697626,0.601283991047423,33.3877563865537,51.0347891166449,14.7976986383577,0.969,3.95608738968062,3.43920674799665,0.832442903389189,0.505112958942417
1985-12-21,0.52,207.02,-10.6,-10.6,169.73,1.0100715533773705,658.41,27.06629,750.88,3.17552224503765,2.27054970568104,0.715016154973943,0.219528466253919,0.207214753166224,16.85,1.1541095890411,212.45,3.09468317552804,0,-16.0641,4.11759799833194,1.37608385686463,0.451685660266874,1.30108445697626,0.601283991047423,33.3877563865537,51.0347891166449,14.7976986383577,0.969,3.95608738968062,3.43920674799665,0.832442903389189,0.505112958942417
1985-12-22,1.64,214.77,-10.89,-10.89,177.84,0.9449056467078627,658.41,27.06629,750.88,3.17552224503765,2.27054970568104,0.715016154973943,0.219528466253919,0.207214753166224,16.85,1.1541095890411,212.45,3.09468317552804,0,-16.0641,4.11759799833194,1.37608385686463,0.451685660266874,1.30108445697626,0.601283991047423,33.3877563865537,51.0347891166449,14.7976986383577,0.969,3.95608738968062,3.43920674799665,0.832442903389189,0.505112958942417
1985-12-23,1.13,204.37,-6.09,-6.09,284.03,0.8471567867036011,658.41,27.06629,750.88,3.17552224503765,2.27054970568104,0.715016154973943,0.219528466253919,0.207214753166224,16.85,1.1541095890411,212.45,3.09468317552804,0,-16.0641,4.11759799833194,1.37608385686463,0.451685660266874,1.30108445697626,0.601283991047423,33.3877563865537,51.0347891166449,14.7976986383577,0.969,3.95608738968062,3.43920674799665,0.832442903389189,0.505112958942417
1985-12-24,1.25,171.04,-1.94,-1.94,376.67,0.8145738333688473,658.41,27.06629,750.88,3.17552224503765,2.27054970568104,0.715016154973943,0.219528466253919,0.207214753166224,16.85,1.1541095890411,212.45,3.09468317552804,0,-16.0641,4.11759799833194,1.37608385686463,0.451685660266874,1.30108445697626,0.601283991047423,33.3877563865537,51.0347891166449,14.7976986383577,0.969,3.95608738968062,3.43920674799665,0.832442903389189,0.505112958942417
1985-12-25,0.56,227.13,-9.43,-9.43,171.31,0.7494079266993394,658.41,27.06629,750.88,3.17552224503765,2.27054970568104,0.715016154973943,0.219528466253919,0.207214753166224,16.85,1.1541095890411,212.45,3.09468317552804,0,-16.0641,4.11759799833194,1.37608385686463,0.451685660266874,1.30108445697626,0.601283991047423,33.3877563865537,51.0347891166449,14.7976986383577,0.969,3.95608738968062,3.43920674799665,0.832442903389189,0.505112958942417
1985-12-26,1.31,208.89,-14.57,-14.57,117.73,0.553910206690816,658.41,27.06629,750.88,3.17552224503765,2.27054970568104,0.715016154973943,0.219528466253919,0.207214753166224,16.85,1.1541095890411,212.45,3.09468317552804,0,-16.0641,4.11759799833194,1.37608385686463,0.451685660266874,1.30108445697626,0.601283991047423,33.3877563865537,51.0347891166449,14.7976986383577,0.969,3.95608738968062,3.43920674799665,0.832442903389189,0.505112958942417
1985-12-27,2.36,227.46,-11.05,-11.05,154.94,0.5213272533560622,658.41,27.06629,750.88,3.17552224503765,2.27054970568104,0.715016154973943,0.219528466253919,0.207214753166224,16.85,1.1541095890411,212.45,3.09468317552804,0,-16.0641,4.11759799833194,1.37608385686463,0.451685660266874,1.30108445697626,0.601283991047423,33.3877563865537,51.0347891166449,14.7976986383577,0.969,3.95608738968062,3.43920674799665,0.832442903389189,0.505112958942417
1985-12-28,0.55,258.29,-8.57,-8.57,195.76,0.4887443000213083,658.41,27.06629,750.88,3.17552224503765,2.27054970568104,0.715016154973943,0.219528466253919,0.207214753166224,16.85,1.1541095890411,212.45,3.09468317552804,0,-16.0641,4.11759799833194,1.37608385686463,0.451685660266874,1.30108445697626,0.601283991047423,33.3877563865537,51.0347891166449,14.7976986383577,0.969,3.95608738968062,3.43920674799665,0.832442903389189,0.505112958942417
1985-12-29,0.34,208.63,-9.16,-9.16,199.82,0.4887443000213083,658.41,27.06629,750.88,3.17552224503765,2.27054970568104,0.715016154973943,0.219528466253919,0.207214753166224,16.85,1.1541095890411,212.45,3.09468317552804,0,-16.0641,4.11759799833194,1.37608385686463,0.451685660266874,1.30108445697626,0.601283991047423,33.3877563865537,51.0347891166449,14.7976986383577,0.969,3.95608738968062,3.43920674799665,0.832442903389189,0.505112958942417
1985-12-30,0.09,240.38,-8.15,-8.15,233.35,0.45616134668655445,658.41,27.06629,750.88,3.17552224503765,2.27054970568104,0.715016154973943,0.219528466253919,0.207214753166224,16.85,1.1541095890411,212.45,3.09468317552804,0,-16.0641,4.11759799833194,1.37608385686463,0.451685660266874,1.30108445697626,0.601283991047423,33.3877563865537,51.0347891166449,14.7976986383577,0.969,3.95608738968062,3.43920674799665,0.832442903389189,0.505112958942417
1985-12-31,0.0,279.09,-4.04,-4.04,298.36,0.42357839335180053,658.41,27.06629,750.88,3.17552224503765,2.27054970568104,0.715016154973943,0.219528466253919,0.207214753166224,16.85,1.1541095890411,212.45,3.09468317552804,0,-16.0641,4.11759799833194,1.37608385686463,0.451685660266874,1.30108445697626,0.601283991047423,33.3877563865537,51.0347891166449,14.7976986383577,0.969,3.95608738968062,3.43920674799665,0.832442903389189,0.505112958942417
1986-01-01,0.0,269.78,-2.83,-2.83,322.11,0.42357839335180053,658.41,27.06629,750.88,3.17552224503765,2.27054970568104,0.715016154973943,0.219528466253919,0.207214753166224,16.85,1.1541095890411,212.45,3.09468317552804,0,-16.0641,4.11759799833194,1.37608385686463,0.451685660266874,1.30108445697626,0.601283991047423,33.3877563865537,51.0347891166449,14.7976986383577,0.969,3.95608738968062,3.43920674799665,0.832442903389189,0.505112958942417
1986-01-02,0.0,263.47,-2.99,-2.99,346.74,0.42357839335180053,658.41,27.06629,750.88,3.17552224503765,2.27054970568104,0.715016154973943,0.219528466253919,0.207214753166224,16.85,1.1541095890411,212.45,3.09468317552804,0,-16.0641,4.11759799833194,1.37608385686463,0.451685660266874,1.30108445697626,0.601283991047423,33.3877563865537,51.0347891166449,14.7976986383577,0.969,3.95608738968062,3.43920674799665,0.832442903389189,0.505112958942417
1986-01-03,0.28,166.71,-0.35,-0.35,444.17,0.3909954400170466,658.41,27.06629,750.88,3.17552224503765,2.27054970568104,0.715016154973943,0.219528466253919,0.207214753166224,16.85,1.1541095890411,212.45,3.09468317552804,0,-16.0641,4.11759799833194,1.37608385686463,0.451685660266874,1.30108445697626,0.601283991047423,33.3877563865537,51.0347891166449,14.7976986383577,0.969,3.95608738968062,3.43920674799665,0.832442903389189,0.505112958942417
1986-01-04,1.63,199.41,-2.93,-2.93,356.56,0.3909954400170466,658.41,27.06629,750.88,3.17552224503765,2.27054970568104,0.715016154973943,0.219528466253919,0.207214753166224,16.85,1.1541095890411,212.45,3.09468317552804,0,-16.0641,4.11759799833194,1.37608385686463,0.451685660266874,1.30108445697626,0.601283991047423,33.3877563865537,51.0347891166449,14.7976986383577,0.969,3.95608738968062,3.43920674799665,0.832442903389189,0.505112958942417
1986-01-05,2.75,174.79,-4.09,-4.09,322.04,0.35841248668229275,658.41,27.06629,750.88,3.17552224503765,2.27054970568104,0.715016154973943,0.219528466253919,0.207214753166224,16.85,1.1541095890411,212.45,3.09468317552804,0,-16.0641,4.11759799833194,1.37608385686463,0.451685660266874,1.30108445697626,0.601283991047423,33.3877563865537,51.0347891166449,14.7976986383577,0.969,3.95608738968062,3.43920674799665,0.832442903389189,0.505112958942417
1986-01-06,1.69,168.14,-7.46,-7.46,241.52,0.3909954400170466,658.41,27.06629,750.88,3.17552224503765,2.27054970568104,0.715016154973943,0.219528466253919,0.207214753166224,16.85,1.1541095890411,212.45,3.09468317552804,0,-16.0641,4.11759799833194,1.37608385686463,0.451685660266874,1.30108445697626,0.601283991047423,33.3877563865537,51.0347891166449,14.7976986383577,0.969,3.95608738968062,3.43920674799665,0.832442903389189,0.505112958942417
1986-01-07,0.28,280.53,-12.92,-12.92,142.02,0.3909954400170466,658.41,27.06629,750.88,3.17552224503765,2.27054970568104,0.715016154973943,0.219528466253919,0.207214753166224,16.85,1.1541095890411,212.45,3.09468317552804,0,-16.0641,4.11759799833194,1.37608385686463,0.451685660266874,1.30108445697626,0.601283991047423,33.3877563865537,51.0347891166449,14.7976986383577,0.969,3.95608738968062,3.43920674799665,0.832442903389189,0.505112958942417
1986-01-08,0.0,257.43,-12.92,-12.92,144.57,0.3909954400170466,658.41,27.06629,750.88,3.17552224503765,2.27054970568104,0.715016154973943,0.219528466253919,0.207214753166224,16.85,1.1541095890411,212.45,3.09468317552804,0,-16.0641,4.11759799833194,1.37608385686463,0.451685660266874,1.30108445697626,0.601283991047423,33.3877563865537,51.0347891166449,14.7976986383577,0.969,3.95608738968062,3.43920674799665,0.832442903389189,0.505112958942417
1986-01-09,0.0,301.05,-9.33,-9.33,191.05,0.35841248668229275,658.41,27.06629,750.88,3.17552224503765,2.27054970568104,0.715016154973943,0.219528466253919,0.207214753166224,16.85,1.1541095890411,212.45,3.09468317552804,0,-16.0641,4.11759799833194,1.37608385686463,0.451685660266874,1.30108445697626,0.601283991047423,33.3877563865537,51.0347891166449,14.7976986383577,0.969,3.95608738968062,3.43920674799665,0.832442903389189,0.505112958942417
1986-01-10,0.05,192.12,-3.49,-3.49,313.15,0.35841248668229275,658.41,27.06629,750.88,3.17552224503765,2.27054970568104,0.715016154973943,0.219528466253919,0.207214753166224,16.85,1.1541095890411,212.45,3.09468317552804,0,-16.0641,4.11759799833194,1.37608385686463,0.451685660266874,1.30108445697626,0.601283991047423,33.3877563865537,51.0347891166449,14.7976986383577,0.969,3.95608738968062,3.43920674799665,0.832442903389189,0.505112958942417
1986-01-11,0.01,300.6,-6.21,-6.21,250.54,0.35841248668229275,658.41,27.06629,750.88,3.17552224503765,2.27054970568104,0.715016154973943,0.219528466253919,0.207214753166224,16.85,1.1541095890411,212.45,3.09468317552804,0,-16.0641,4.11759799833194,1.37608385686463,0.451685660266874,1.30108445697626,0.601283991047423,33.3877563865537,51.0347891166449,14.7976986383577,0.969,3.95608738968062,3.43920674799665,0.832442903389189,0.505112958942417
1986-01-12,0.91,216.96,-1.39,-1.39,355.03,0.35841248668229275,658.41,27.06629,750.88,3.17552224503765,2.27054970568104,0.715016154973943,0.219528466253919,0.207214753166224,16.85,1.1541095890411,212.45,3.09468317552804,0,-16.0641,4.11759799833194,1.37608385686463,0.451685660266874,1.30108445697626,0.601283991047423,33.3877563865537,51.0347891166449,14.7976986383577,0.969,3.95608738968062,3.43920674799665,0.832442903389189,0.505112958942417
1986-01-13,0.9,239.88,-4.43,-4.43,242.16,0.35841248668229275,658.41,27.06629,750.88,3.17552224503765,2.27054970568104,0.715016154973943,0.219528466253919,0.207214753166224,16.85,1.1541095890411,212.45,3.09468317552804,0,-16.0641,4.11759799833194,1.37608385686463,0.451685660266874,1.30108445697626,0.601283991047423,33.3877563865537,51.0347891166449,14.7976986383577,0.969,3.95608738968062,3.43920674799665,0.832442903389189,0.505112958942417
1986-01-14,0.51,234.69,-12.44,-12.44,123.06,0.35841248668229275,658.41,27.06629,750.88,3.17552224503765,2.27054970568104,0.715016154973943,0.219528466253919,0.207214753166224,16.85,1.1541095890411,212.45,3.09468317552804,0,-16.0641,4.11759799833194,1.37608385686463,0.451685660266874,1.30108445697626,0.601283991047423,33.3877563865537,51.0347891166449,14.7976986383577,0.969,3.95608738968062,3.43920674799665,0.832442903389189,0.505112958942417
1986-01-15,0.09,307.48,-17.0,-17.0,89.5,0.35841248668229275,658.41,27.06629,750.88,3.17552224503765,2.27054970568104,0.715016154973943,0.219528466253919,0.207214753166224,16.85,1.1541095890411,212.45,3.09468317552804,0,-16.0641,4.11759799833194,1.37608385686463,0.451685660266874,1.30108445697626,0.601283991047423,33.3877563865537,51.0347891166449,14.7976986383577,0.969,3.95608738968062,3.43920674799665,0.832442903389189,0.505112958942417
1986-01-16,0.16,255.16,-8.34,-8.34,194.53,0.35841248668229275,658.41,27.06629,750.88,3.17552224503765,2.27054970568104,0.715016154973943,0.219528466253919,0.207214753166224,16.85,1.1541095890411,212.45,3.09468317552804,0,-16.0641,4.11759799833194,1.37608385686463,0.451685660266874,1.30108445697626,0.601283991047423,33.3877563865537,51.0347891166449,14.7976986383577,0.969,3.95608738968062,3.43920674799665,0.832442903389189,0.505112958942417
1986-01-17,0.37,235.9,-1.02,-1.02,376.8,0.3909954400170466,658.41,27.06629,750.88,3.17552224503765,2.27054970568104,0.715016154973943,0.219528466253919,0.207214753166224,16.85,1.1541095890411,212.45,3.09468317552804,0,-16.0641,4.11759799833194,1.37608385686463,0.451685660266874,1.30108445697626,0.601283991047423,33.3877563865537,51.0347891166449,14.7976986383577,0.969,3.95608738968062,3.43920674799665,0.832442903389189,0.505112958942417
1986-01-18,6.56,207.85,3.57,3.57,584.44,0.6190761133603239,658.41,27.06629,750.88,3.17552224503765,2.27054970568104,0.715016154973943,0.219528466253919,0.207214753166224,16.85,1.1541095890411,212.45,3.09468317552804,0,-16.0641,4.11759799833194,1.37608385686463,0.451685660266874,1.30108445697626,0.601283991047423,33.3877563865537,51.0347891166449,14.7976986383577,0.969,3.95608738968062,3.43920674799665,0.832442903389189,0.505112958942417
1986-01-19,19.72,171.53,5.23,5.23,676.9,2.606636266780311,658.41,27.06629,750.88,3.17552224503765,2.27054970568104,0.715016154973943,0.219528466253919,0.207214753166224,16.85,1.1541095890411,212.45,3.09468317552804,0,-16.0641,4.11759799833194,1.37608385686463,0.451685660266874,1.30108445697626,0.601283991047423,33.3877563865537,51.0347891166449,14.7976986383577,0.969,3.95608738968062,3.43920674799665,0.832442903389189,0.505112958942417
1986-01-20,9.16,193.99,2.7,2.7,555.35,18.898112934157254,658.41,27.06629,750.88,3.17552224503765,2.27054970568104,0.715016154973943,0.219528466253919,0.207214753166224,16.85,1.1541095890411,212.45,3.09468317552804,0,-16.0641,4.11759799833194,1.37608385686463,0.451685660266874,1.30108445697626,0.601283991047423,33.3877563865537,51.0347891166449,14.7976986383577,0.969,3.95608738968062,3.43920674799665,0.832442903389189,0.505112958942417
1986-01-21,1.16,263.22,0.07,0.07,446.99,8.79739740038355,658.41,27.06629,750.88,3.17552224503765,2.27054970568104,0.715016154973943,0.219528466253919,0.207214753166224,16.85,1.1541095890411,212.45,3.09468317552804,0,-16.0641,4.11759799833194,1.37608385686463,0.451685660266874,1.30108445697626,0.601283991047423,33.3877563865537,51.0347891166449,14.7976986383577,0.969,3.95608738968062,3.43920674799665,0.832442903389189,0.505112958942417
1986-01-22,0.05,231.6,0.85,0.85,439.58,4.985191860217345,658.41,27.06629,750.88,3.17552224503765,2.27054970568104,0.715016154973943,0.219528466253919,0.207214753166224,16.85,1.1541095890411,212.45,3.09468317552804,0,-16.0641,4.11759799833194,1.37608385686463,0.451685660266874,1.30108445697626,0.601283991047423,33.3877563865537,51.0347891166449,14.7976986383577,0.969,3.95608738968062,3.43920674799665,0.832442903389189,0.505112958942417
1986-01-23,0.01,265.15,-2.44,-2.44,331.64,3.5189589601534195,658.41,27.06629,750.88,3.17552224503765,2.27054970568104,0.715016154973943,0.219528466253919,0.207214753166224,16.85,1.1541095890411,212.45,3.09468317552804,0,-16.0641,4.11759799833194,1.37608385686463,0.451685660266874,1.30108445697626,0.601283991047423,33.3877563865537,51.0347891166449,14.7976986383577,0.969,3.95608738968062,3.43920674799665,0.832442903389189,0.505112958942417
1986-01-24,0.0,311.08,-7.43,-7.43,223.05,2.34597264010228,658.41,27.06629,750.88,3.17552224503765,2.27054970568104,0.715016154973943,0.219528466253919,0.207214753166224,16.85,1.1541095890411,212.45,3.09468317552804,0,-16.0641,4.11759799833194,1.37608385686463,0.451685660266874,1.30108445697626,0.601283991047423,33.3877563865537,51.0347891166449,14.7976986383577,0.969,3.95608738968062,3.43920674799665,0.832442903389189,0.505112958942417
1986-01-25,0.51,212.91,-5.33,-5.33,291.01,1.9549772000852332,658.41,27.06629,750.88,3.17552224503765,2.27054970568104,0.715016154973943,0.219528466253919,0.207214753166224,16.85,1.1541095890411,212.45,3.09468317552804,0,-16.0641,4.11759799833194,1.37608385686463,0.451685660266874,1.30108445697626,0.601283991047423,33.3877563865537,51.0347891166449,14.7976986383577,0.969,3.95608738968062,3.43920674799665,0.832442903389189,0.505112958942417
1986-01-26,1.33,134.11,-2.65,-2.65,376.2,1.8246453867462178,658.41,27.06629,750.88,3.17552224503765,2.27054970568104,0.715016154973943,0.219528466253919,0.207214753166224,16.85,1.1541095890411,212.45,3.09468317552804,0,-16.0641,4.11759799833194,1.37608385686463,0.451685660266874,1.30108445697626,0.601283991047423,33.3877563865537,51.0347891166449,14.7976986383577,0.969,3.95608738968062,3.43920674799665,0.832442903389189,0.505112958942417
1986-01-27,1.1,228.36,-7.08,-7.08,236.76,1.6291476667376945,658.41,27.06629,750.88,3.17552224503765,2.27054970568104,0.715016154973943,0.219528466253919,0.207214753166224,16.85,1.1541095890411,212.45,3.09468317552804,0,-16.0641,4.11759799833194,1.37608385686463,0.451685660266874,1.30108445697626,0.601283991047423,33.3877563865537,51.0347891166449,14.7976986383577,0.969,3.95608738968062,3.43920674799665,0.832442903389189,0.505112958942417
1986-01-28,0.5,236.15,-13.33,-13.33,134.66,1.0752374600468781,658.41,27.06629,750.88,3.17552224503765,2.27054970568104,0.715016154973943,0.219528466253919,0.207214753166224,16.85,1.1541095890411,212.45,3.09468317552804,0,-16.0641,4.11759799833194,1.37608385686463,0.451685660266874,1.30108445697626,0.601283991047423,33.3877563865537,51.0347891166449,14.7976986383577,0.969,3.95608738968062,3.43920674799665,0.832442903389189,0.505112958942417
1986-01-29,1.28,222.51,-14.35,-14.35,126.74,0.9774886000426166,658.41,27.06629,750.88,3.17552224503765,2.27054970568104,0.715016154973943,0.219528466253919,0.207214753166224,16.85,1.1541095890411,212.45,3.09468317552804,0,-16.0641,4.11759799833194,1.37608385686463,0.451685660266874,1.30108445697626,0.601283991047423,33.3877563865537,51.0347891166449,14.7976986383577,0.969,3.95608738968062,3.43920674799665,0.832442903389189,0.505112958942417
1986-01-30,0.32,326.27,-12.43,-12.43,144.64,0.8797397400383549,658.41,27.06629,750.88,3.17552224503765,2.27054970568104,0.715016154973943,0.219528466253919,0.207214753166224,16.85,1.1541095890411,212.45,3.09468317552804,0,-16.0641,4.11759799833194,1.37608385686463,0.451685660266874,1.30108445697626,0.601283991047423,33.3877563865537,51.0347891166449,14.7976986383577,0.969,3.95608738968062,3.43920674799665,0.832442903389189,0.505112958942417
1986-01-31,1.57,265.26,-9.36,-9.36,173.7,0.8471567867036011,658.41,27.06629,750.88,3.17552224503765,2.27054970568104,0.715016154973943,0.219528466253919,0.207214753166224,16.85,1.1541095890411,212.45,3.09468317552804,0,-16.0641,4.11759799833194,1.37608385686463,0.451685660266874,1.30108445697626,0.601283991047423,33.3877563865537,51.0347891166449,14.7976986383577,0.969,3.95608738968062,3.43920674799665,0.832442903389189,0.505112958942417
1986-02-01,6.64,270.49,-9.93,-9.93,170.73,0.8145738333688473,658.41,27.06629,750.88,3.17552224503765,2.27054970568104,0.715016154973943,0.219528466253919,0.207214753166224,16.85,1.1541095890411,212.45,3.09468317552804,0,-16.0641,4.11759799833194,1.37608385686463,0.451685660266874,1.30108445697626,0.601283991047423,33.3877563865537,51.0347891166449,14.7976986383577,0.969,3.95608738968062,3.43920674799665,0.832442903389189,0.505112958942417
1986-02-02,1.68,343.42,-4.95,-4.95,259.21,0.9774886000426166,658.41,27.06629,750.88,3.17552224503765,2.27054970568104,0.715016154973943,0.219528466253919,0.207214753166224,16.85,1.1541095890411,212.45,3.09468317552804,0,-16.0641,4.11759799833194,1.37608385686463,0.451685660266874,1.30108445697626,0.601283991047423,33.3877563865537,51.0347891166449,14.7976986383577,0.969,3.95608738968062,3.43920674799665,0.832442903389189,0.505112958942417
1986-02-03,1.86,215.65,-1.62,-1.62,386.32,1.2707351800554014,658.41,27.06629,750.88,3.17552224503765,2.27054970568104,0.715016154973943,0.219528466253919,0.207214753166224,16.85,1.1541095890411,212.45,3.09468317552804,0,-16.0641,4.11759799833194,1.37608385686463,0.451685660266874,1.30108445697626,0.601283991047423,33.3877563865537,51.0347891166449,14.7976986383577,0.969,3.95608738968062,3.43920674799665,0.832442903389189,0.505112958942417
1986-02-04,8.81,154.27,-0.23,-0.23,491.77,1.9549772000852332,658.41,27.06629,750.88,3.17552224503765,2.27054970568104,0.715016154973943,0.219528466253919,0.207214753166224,16.85,1.1541095890411,212.45,3.09468317552804,0,-16.0641,4.11759799833194,1.37608385686463,0.451685660266874,1.30108445697626,0.601283991047423,33.3877563865537,51.0347891166449,14.7976986383577,0.969,3.95608738968062,3.43920674799665,0.832442903389189,0.505112958942417
1986-02-05,2.24,216.71,1.82,1.82,540.41,3.5841248668229277,658.41,27.06629,750.88,3.17552224503765,2.27054970568104,0.715016154973943,0.219528466253919,0.207214753166224,16.85,1.1541095890411,212.45,3.09468317552804,0,-16.0641,4.11759799833194,1.37608385686463,0.451685660266874,1.30108445697626,0.601283991047423,33.3877563865537,51.0347891166449,14.7976986383577,0.969,3.95608738968062,3.43920674799665,0.832442903389189,0.505112958942417
1986-02-06,4.69,235.93,-2.0,-2.0,368.56,2.117891966759003,658.41,27.06629,750.88,3.17552224503765,2.27054970568104,0.715016154973943,0.219528466253919,0.207214753166224,16.85,1.1541095890411,212.45,3.09468317552804,0,-16.0641,4.11759799833194,1.37608385686463,0.451685660266874,1.30108445697626,0.601283991047423,33.3877563865537,51.0347891166449,14.7976986383577,0.969,3.95608738968062,3.43920674799665,0.832442903389189,0.505112958942417
1986-02-07,6.81,209.46,-6.25,-6.25,265.24,1.2316356360536969,658.41,27.06629,750.88,3.17552224503765,2.27054970568104,0.715016154973943,0.219528466253919,0.207214753166224,16.85,1.1541095890411,212.45,3.09468317552804,0,-16.0641,4.11759799833194,1.37608385686463,0.451685660266874,1.30108445697626,0.601283991047423,33.3877563865537,51.0347891166449,14.7976986383577,0.969,3.95608738968062,3.43920674799665,0.832442903389189,0.505112958942417
1986-02-08,1.53,247.58,-7.13,-7.13,253.26,1.2707351800554014,658.41,27.06629,750.88,3.17552224503765,2.27054970568104,0.715016154973943,0.219528466253919,0.207214753166224,16.85,1.1541095890411,212.45,3.09468317552804,0,-16.0641,4.11759799833194,1.37608385686463,0.451685660266874,1.30108445697626,0.601283991047423,33.3877563865537,51.0347891166449,14.7976986383577,0.969,3.95608738968062,3.43920674799665,0.832442903389189,0.505112958942417
1986-02-09,0.08,264.84,-6.54,-6.54,268.03,1.17298632005114,658.41,27.06629,750.88,3.17552224503765,2.27054970568104,0.715016154973943,0.219528466253919,0.207214753166224,16.85,1.1541095890411,212.45,3.09468317552804,0,-16.0641,4.11759799833194,1.37608385686463,0.451685660266874,1.30108445697626,0.601283991047423,33.3877563865537,51.0347891166449,14.7976986383577,0.969,3.95608738968062,3.43920674799665,0.832442903389189,0.505112958942417
1986-02-10,0.02,275.37,-5.96,-5.96,268.07,1.0752374600468781,658.41,27.06629,750.88,3.17552224503765,2.27054970568104,0.715016154973943,0.219528466253919,0.207214753166224,16.85,1.1541095890411,212.45,3.09468317552804,0,-16.0641,4.11759799833194,1.37608385686463,0.451685660266874,1.30108445697626,0.601283991047423,33.3877563865537,51.0347891166449,14.7976986383577,0.969,3.95608738968062,3.43920674799665,0.832442903389189,0.505112958942417
1986-02-11,0.0,342.8,-8.21,-8.21,206.97,1.0426545067121245,658.41,27.06629,750.88,3.17552224503765,2.27054970568104,0.715016154973943,0.219528466253919,0.207214753166224,16.85,1.1541095890411,212.45,3.09468317552804,0,-16.0641,4.11759799833194,1.37608385686463,0.451685660266874,1.30108445697626,0.601283991047423,33.3877563865537,51.0347891166449,14.7976986383577,0.969,3.95608738968062,3.43920674799665,0.832442903389189,0.505112958942417
1986-02-12,0.0,345.25,-9.94,-9.94,175.61,0.9774886000426166,658.41,27.06629,750.88,3.17552224503765,2.27054970568104,0.715016154973943,0.219528466253919,0.207214753166224,16.85,1.1541095890411,212.45,3.09468317552804,0,-16.0641,4.11759799833194,1.37608385686463,0.451685660266874,1.30108445697626,0.601283991047423,33.3877563865537,51.0347891166449,14.7976986383577,0.969,3.95608738968062,3.43920674799665,0.832442903389189,0.505112958942417
1986-02-13,0.43,261.23,-10.43,-10.43,172.64,0.9123226933731089,658.41,27.06629,750.88,3.17552224503765,2.27054970568104,0.715016154973943,0.219528466253919,0.207214753166224,16.85,1.1541095890411,212.45,3.09468317552804,0,-16.0641,4.11759799833194,1.37608385686463,0.451685660266874,1.30108445697626,0.601283991047423,33.3877563865537,51.0347891166449,14.7976986383577,0.969,3.95608738968062,3.43920674799665,0.832442903389189,0.505112958942417
1986-02-14,1.64,298.65,-11.07,-11.07,159.43,0.8471567867036011,658.41,27.06629,750.88,3.17552224503765,2.27054970568104,0.715016154973943,0.219528466253919,0.207214753166224,16.85,1.1541095890411,212.45,3.09468317552804,0,-16.0641,4.11759799833194,1.37608385686463,0.451685660266874,1.30108445697626,0.601283991047423,33.3877563865537,51.0347891166449,14.7976986383577,0.969,3.95608738968062,3.43920674799665,0.832442903389189,0.505112958942417
1986-02-15,2.34,268.22,-9.37,-9.37,191.45,0.7819908800340932,658.41,27.06629,750.88,3.17552224503765,2.27054970568104,0.715016154973943,0.219528466253919,0.207214753166224,16.85,1.1541095890411,212.45,3.09468317552804,0,-16.0641,4.11759799833194,1.37608385686463,0.451685660266874,1.30108445697626,0.601283991047423,33.3877563865537,51.0347891166449,14.7976986383577,0.969,3.95608738968062,3.43920674799665,0.832442903389189,0.505112958942417
1986-02-16,5.63,269.01,-8.22,-8.22,227.75,0.6516590666950778,658.41,27.06629,750.88,3.17552224503765,2.27054970568104,0.715016154973943,0.219528466253919,0.207214753166224,16.85,1.1541095890411,212.45,3.09468317552804,0,-16.0641,4.11759799833194,1.37608385686463,0.451685660266874,1.30108445697626,0.601283991047423,33.3877563865537,51.0347891166449,14.7976986383577,0.969,3.95608738968062,3.43920674799665,0.832442903389189,0.505112958942417
1986-02-17,1.55,302.62,-4.2,-4.2,332.63,0.6516590666950778,658.41,27.06629,750.88,3.17552224503765,2.27054970568104,0.715016154973943,0.219528466253919,0.207214753166224,16.85,1.1541095890411,212.45,3.09468317552804,0,-16.0641,4.11759799833194,1.37608385686463,0.451685660266874,1.30108445697626,0.601283991047423,33.3877563865537,51.0347891166449,14.7976986383577,0.969,3.95608738968062,3.43920674799665,0.832442903389189,0.505112958942417
1986-02-18,2.21,238.65,2.24,2.24,557.06,0.9611971233752395,658.41,27.06629,750.88,3.17552224503765,2.27054970568104,0.715016154973943,0.219528466253919,0.207214753166224,16.85,1.1541095890411,212.45,3.09468317552804,0,-16.0641,4.11759799833194,1.37608385686463,0.451685660266874,1.30108445697626,0.601283991047423,33.3877563865537,51.0347891166449,14.7976986383577,0.969,3.95608738968062,3.43920674799665,0.832442903389189,0.505112958942417
1986-02-19,3.32,213.25,3.67,3.67,622.85,4.431281653526528,658.41,27.06629,750.88,3.17552224503765,2.27054970568104,0.715016154973943,0.219528466253919,0.207214753166224,16.85,1.1541095890411,212.45,3.09468317552804,0,-16.0641,4.11759799833194,1.37608385686463,0.451685660266874,1.30108445697626,0.601283991047423,33.3877563865537,51.0347891166449,14.7976986383577,0.969,3.95608738968062,3.43920674799665,0.832442903389189,0.505112958942417
1986-02-20,5.55,228.17,2.86,2.86,560.73,5.734599786916684,658.41,27.06629,750.88,3.17552224503765,2.27054970568104,0.715016154973943,0.219528466253919,0.207214753166224,16.85,1.1541095890411,212.45,3.09468317552804,0,-16.0641,4.11759799833194,1.37608385686463,0.451685660266874,1.30108445697626,0.601283991047423,33.3877563865537,51.0347891166449,14.7976986383577,0.969,3.95608738968062,3.43920674799665,0.832442903389189,0.505112958942417
1986-02-21,7.35,293.91,-0.48,-0.48,379.95,6.093012273598977,658.41,27.06629,750.88,3.17552224503765,2.27054970568104,0.715016154973943,0.219528466253919,0.207214753166224,16.85,1.1541095890411,212.45,3.09468317552804,0,-16.0641,4.11759799833194,1.37608385686463,0.451685660266874,1.30108445697626,0.601283991047423,33.3877563865537,51.0347891166449,14.7976986383577,0.969,3.95608738968062,3.43920674799665,0.832442903389189,0.505112958942417
1986-02-22,2.77,333.24,-6.84,-6.84,217.36,3.94253735350522,658.41,27.06629,750.88,3.17552224503765,2.27054970568104,0.715016154973943,0.219528466253919,0.207214753166224,16.85,1.1541095890411,212.45,3.09468317552804,0,-16.0641,4.11759799833194,1.37608385686463,0.451685660266874,1.30108445697626,0.601283991047423,33.3877563865537,51.0347891166449,14.7976986383577,0.969,3.95608738968062,3.43920674799665,0.832442903389189,0.505112958942417
1986-02-23,0.32,327.88,-4.82,-4.82,282.35,3.0139231834647346,658.41,27.06629,750.88,3.17552224503765,2.27054970568104,0.715016154973943,0.219528466253919,0.207214753166224,16.85,1.1541095890411,212.45,3.09468317552804,0,-16.0641,4.11759799833194,1.37608385686463,0.451685660266874,1.30108445697626,0.601283991047423,33.3877563865537,51.0347891166449,14.7976986383577,0.969,3.95608738968062,3.43920674799665,0.832442903389189,0.505112958942417
1986-02-24,0.14,239.88,-4.88,-4.88,292.41,2.3622641167696568,658.41,27.06629,750.88,3.17552224503765,2.27054970568104,0.715016154973943,0.219528466253919,0.207214753166224,16.85,1.1541095890411,212.45,3.09468317552804,0,-16.0641,4.11759799833194,1.37608385686463,0.451685660266874,1.30108445697626,0.601283991047423,33.3877563865537,51.0347891166449,14.7976986383577,0.969,3.95608738968062,3.43920674799665,0.832442903389189,0.505112958942417
1986-02-25,0.04,364.66,-7.58,-7.58,216.01,1.9158776560835284,658.41,27.06629,750.88,3.17552224503765,2.27054970568104,0.715016154973943,0.219528466253919,0.207214753166224,16.85,1.1541095890411,212.45,3.09468317552804,0,-16.0641,4.11759799833194,1.37608385686463,0.451685660266874,1.30108445697626,0.601283991047423,33.3877563865537,51.0347891166449,14.7976986383577,0.969,3.95608738968062,3.43920674799665,0.832442903389189,0.505112958942417
1986-02-26,0.07,393.75,-10.73,-10.73,159.37,1.5965647134029404,658.41,27.06629,750.88,3.17552224503765,2.27054970568104,0.715016154973943,0.219528466253919,0.207214753166224,16.85,1.1541095890411,212.45,3.09468317552804,0,-16.0641,4.11759799833194,1.37608385686463,0.451685660266874,1.30108445697626,0.601283991047423,33.3877563865537,51.0347891166449,14.7976986383577,0.969,3.95608738968062,3.43920674799665,0.832442903389189,0.505112958942417
1986-02-27,0.02,412.33,-8.91,-8.91,178.78,1.4662329000639247,658.41,27.06629,750.88,3.17552224503765,2.27054970568104,0.715016154973943,0.219528466253919,0.207214753166224,16.85,1.1541095890411,212.45,3.09468317552804,0,-16.0641,4.11759799833194,1.37608385686463,0.451685660266874,1.30108445697626,0.601283991047423,33.3877563865537,51.0347891166449,14.7976986383577,0.969,3.95608738968062,3.43920674799665,0.832442903389189,0.505112958942417
1986-02-28,0.0,418.18,-9.68,-9.68,167.06,1.2381522267206477,658.41,27.06629,750.88,3.17552224503765,2.27054970568104,0.715016154973943,0.219528466253919,0.207214753166224,16.85,1.1541095890411,212.45,3.09468317552804,0,-16.0641,4.11759799833194,1.37608385686463,0.451685660266874,1.30108445697626,0.601283991047423,33.3877563865537,51.0347891166449,14.7976986383577,0.969,3.95608738968062,3.43920674799665,0.832442903389189,0.505112958942417
1986-03-01,0.0,451.81,-9.29,-9.29,162.75,1.107820413381632,658.41,27.06629,750.88,3.17552224503765,2.27054970568104,0.715016154973943,0.219528466253919,0.207214753166224,16.85,1.1541095890411,212.45,3.09468317552804,0,-16.0641,4.11759799833194,1.37608385686463,0.451685660266874,1.30108445697626,0.601283991047423,33.3877563865537,51.0347891166449,14.7976986383577,0.969,3.95608738968062,3.43920674799665,0.832442903389189,0.505112958942417
1986-03-02,0.0,448.17,-7.35,-7.35,198.64,0.9774886000426166,658.41,27.06629,750.88,3.17552224503765,2.27054970568104,0.715016154973943,0.219528466253919,0.207214753166224,16.85,1.1541095890411,212.45,3.09468317552804,0,-16.0641,4.11759799833194,1.37608385686463,0.451685660266874,1.30108445697626,0.601283991047423,33.3877563865537,51.0347891166449,14.7976986383577,0.969,3.95608738968062,3.43920674799665,0.832442903389189,0.505112958942417
1986-03-03,0.08,366.64,-3.48,-3.48,279.2,0.9774886000426166,658.41,27.06629,750.88,3.17552224503765,2.27054970568104,0.715016154973943,0.219528466253919,0.207214753166224,16.85,1.1541095890411,212.45,3.09468317552804,0,-16.0641,4.11759799833194,1.37608385686463,0.451685660266874,1.30108445697626,0.601283991047423,33.3877563865537,51.0347891166449,14.7976986383577,0.969,3.95608738968062,3.43920674799665,0.832442903389189,0.505112958942417
1986-03-04,0.14,324.0,-0.78,-0.78,370.92,0.9188392840400595,658.41,27.06629,750.88,3.17552224503765,2.27054970568104,0.715016154973943,0.219528466253919,0.207214753166224,16.85,1.1541095890411,212.45,3.09468317552804,0,-16.0641,4.11759799833194,1.37608385686463,0.451685660266874,1.30108445697626,0.601283991047423,33.3877563865537,51.0347891166449,14.7976986383577,0.969,3.95608738968062,3.43920674799665,0.832442903389189,0.505112958942417
1986-03-05,0.41,272.91,-0.29,-0.29,419.81,0.8373819007031749,658.41,27.06629,750.88,3.17552224503765,2.27054970568104,0.715016154973943,0.219528466253919,0.207214753166224,16.85,1.1541095890411,212.45,3.09468317552804,0,-16.0641,4.11759799833194,1.37608385686463,0.451685660266874,1.30108445697626,0.601283991047423,33.3877563865537,51.0347891166449,14.7976986383577,0.969,3.95608738968062,3.43920674799665,0.832442903389189,0.505112958942417
1986-03-06,1.66,226.94,-1.36,-1.36,375.13,0.8243487193692732,658.41,27.06629,750.88,3.17552224503765,2.27054970568104,0.715016154973943,0.219528466253919,0.207214753166224,16.85,1.1541095890411,212.45,3.09468317552804,0,-16.0641,4.11759799833194,1.37608385686463,0.451685660266874,1.30108445697626,0.601283991047423,33.3877563865537,51.0347891166449,14.7976986383577,0.969,3.95608738968062,3.43920674799665,0.832442903389189,0.505112958942417
1986-03-07,0.69,369.56,-8.54,-8.54,168.36,0.6516590666950778,658.41,27.06629,750.88,3.17552224503765,2.27054970568104,0.715016154973943,0.219528466253919,0.207214753166224,16.85,1.1541095890411,212.45,3.09468317552804,0,-16.0641,4.11759799833194,1.37608385686463,0.451685660266874,1.30108445697626,0.601283991047423,33.3877563865537,51.0347891166449,14.7976986383577,0.969,3.95608738968062,3.43920674799665,0.832442903389189,0.505112958942417
1986-03-08,0.07,478.01,-13.04,-13.04,126.75,0.6516590666950778,658.41,27.06629,750.88,3.17552224503765,2.27054970568104,0.715016154973943,0.219528466253919,0.207214753166224,16.85,1.1541095890411,212.45,3.09468317552804,0,-16.0641,4.11759799833194,1.37608385686463,0.451685660266874,1.30108445697626,0.601283991047423,33.3877563865537,51.0347891166449,14.7976986383577,0.969,3.95608738968062,3.43920674799665,0.832442903389189,0.505112958942417
1986-03-09,0.59,379.32,-4.66,-4.66,292.89,0.9774886000426166,658.41,27.06629,750.88,3.17552224503765,2.27054970568104,0.715016154973943,0.219528466253919,0.207214753166224,16.85,1.1541095890411,212.45,3.09468317552804,0,-16.0641,4.11759799833194,1.37608385686463,0.451685660266874,1.30108445697626,0.601283991047423,33.3877563865537,51.0347891166449,14.7976986383577,0.969,3.95608738968062,3.43920674799665,0.832442903389189,0.505112958942417
1986-03-10,3.38,363.51,6.86,6.86,575.57,1.5053324440656295,658.41,27.06629,750.88,3.17552224503765,2.27054970568104,0.715016154973943,0.219528466253919,0.207214753166224,16.85,1.1541095890411,212.45,3.09468317552804,0,-16.0641,4.11759799833194,1.37608385686463,0.451685660266874,1.30108445697626,0.601283991047423,33.3877563865537,51.0347891166449,14.7976986383577,0.969,3.95608738968062,3.43920674799665,0.832442903389189,0.505112958942417
1986-03-11,2.03,373.52,6.39,6.39,499.08,3.6492907734924356,658.41,27.06629,750.88,3.17552224503765,2.27054970568104,0.715016154973943,0.219528466253919,0.207214753166224,16.85,1.1541095890411,212.45,3.09468317552804,0,-16.0641,4.11759799833194,1.37608385686463,0.451685660266874,1.30108445697626,0.601283991047423,33.3877563865537,51.0347891166449,14.7976986383577,0.969,3.95608738968062,3.43920674799665,0.832442903389189,0.505112958942417
1986-03-12,7.06,336.71,-1.49,-1.49,334.18,1.7268965267419558,658.41,27.06629,750.88,3.17552224503765,2.27054970568104,0.715016154973943,0.219528466253919,0.207214753166224,16.85,1.1541095890411,212.45,3.09468317552804,0,-16.0641,4.11759799833194,1.37608385686463,0.451685660266874,1.30108445697626,0.601283991047423,33.3877563865537,51.0347891166449,14.7976986383577,0.969,3.95608738968062,3.43920674799665,0.832442903389189,0.505112958942417
1986-03-13,5.21,315.01,-0.27,-0.27,442.93,2.01362651608779,658.41,27.06629,750.88,3.17552224503765,2.27054970568104,0.715016154973943,0.219528466253919,0.207214753166224,16.85,1.1541095890411,212.45,3.09468317552804,0,-16.0641,4.11759799833194,1.37608385686463,0.451685660266874,1.30108445697626,0.601283991047423,33.3877563865537,51.0347891166449,14.7976986383577,0.969,3.95608738968062,3.43920674799665,0.832442903389189,0.505112958942417
1986-03-14,13.24,238.92,4.99,4.99,660.89,4.496447560196037,658.41,27.06629,750.88,3.17552224503765,2.27054970568104,0.715016154973943,0.219528466253919,0.207214753166224,16.85,1.1541095890411,212.45,3.09468317552804,0,-16.0641,4.11759799833194,1.37608385686463,0.451685660266874,1.30108445697626,0.601283991047423,33.3877563865537,51.0347891166449,14.7976986383577,0.969,3.95608738968062,3.43920674799665,0.832442903389189,0.505112958942417
1986-03-15,3.58,386.67,5.8,5.8,628.37,12.088275687193693,658.41,27.06629,750.88,3.17552224503765,2.27054970568104,0.715016154973943,0.219528466253919,0.207214753166224,16.85,1.1541095890411,212.45,3.09468317552804,0,-16.0641,4.11759799833194,1.37608385686463,0.451685660266874,1.30108445697626,0.601283991047423,33.3877563865537,51.0347891166449,14.7976986383577,0.969,3.95608738968062,3.43920674799665,0.832442903389189,0.505112958942417
1986-03-16,0.09,402.93,3.41,3.41,516.81,6.255927040272746,658.41,27.06629,750.88,3.17552224503765,2.27054970568104,0.715016154973943,0.219528466253919,0.207214753166224,16.85,1.1541095890411,212.45,3.09468317552804,0,-16.0641,4.11759799833194,1.37608385686463,0.451685660266874,1.30108445697626,0.601283991047423,33.3877563865537,51.0347891166449,14.7976986383577,0.969,3.95608738968062,3.43920674799665,0.832442903389189,0.505112958942417
1986-03-17,0.0,276.51,1.08,1.08,470.85,4.235783933518006,658.41,27.06629,750.88,3.17552224503765,2.27054970568104,0.715016154973943,0.219528466253919,0.207214753166224,16.85,1.1541095890411,212.45,3.09468317552804,0,-16.0641,4.11759799833194,1.37608385686463,0.451685660266874,1.30108445697626,0.601283991047423,33.3877563865537,51.0347891166449,14.7976986383577,0.969,3.95608738968062,3.43920674799665,0.832442903389189,0.505112958942417
1986-03-18,1.68,383.56,1.11,1.11,449.9,3.2908782868101425,658.41,27.06629,750.88,3.17552224503765,2.27054970568104,0.715016154973943,0.219528466253919,0.207214753166224,16.85,1.1541095890411,212.45,3.09468317552804,0,-16.0641,4.11759799833194,1.37608385686463,0.451685660266874,1.30108445697626,0.601283991047423,33.3877563865537,51.0347891166449,14.7976986383577,0.969,3.95608738968062,3.43920674799665,0.832442903389189,0.505112958942417
1986-03-19,1.81,361.77,8.33,8.33,630.81,3.8122055401662047,658.41,27.06629,750.88,3.17552224503765,2.27054970568104,0.715016154973943,0.219528466253919,0.207214753166224,16.85,1.1541095890411,212.45,3.09468317552804,0,-16.0641,4.11759799833194,1.37608385686463,0.451685660266874,1.30108445697626,0.601283991047423,33.3877563865537,51.0347891166449,14.7976986383577,0.969,3.95608738968062,3.43920674799665,0.832442903389189,0.505112958942417
1986-03-20,0.47,403.98,0.36,0.36,287.19,3.127963520136373,658.41,27.06629,750.88,3.17552224503765,2.27054970568104,0.715016154973943,0.219528466253919,0.207214753166224,16.85,1.1541095890411,212.45,3.09468317552804,0,-16.0641,4.11759799833194,1.37608385686463,0.451685660266874,1.30108445697626,0.601283991047423,33.3877563865537,51.0347891166449,14.7976986383577,0.969,3.95608738968062,3.43920674799665,0.832442903389189,0.505112958942417
1986-03-21,0.03,507.49,-8.78,-8.78,154.77,2.137441738759855,658.41,27.06629,750.88,3.17552224503765,2.27054970568104,0.715016154973943,0.219528466253919,0.207214753166224,16.85,1.1541095890411,212.45,3.09468317552804,0,-16.0641,4.11759799833194,1.37608385686463,0.451685660266874,1.30108445697626,0.601283991047423,33.3877563865537,51.0347891166449,14.7976986383577,0.969,3.95608738968062,3.43920674799665,0.832442903389189,0.505112958942417
1986-03-22,0.0,520.22,-5.8,-5.8,220.74,1.8995861794161517,658.41,27.06629,750.88,3.17552224503765,2.27054970568104,0.715016154973943,0.219528466253919,0.207214753166224,16.85,1.1541095890411,212.45,3.09468317552804,0,-16.0641,4.11759799833194,1.37608385686463,0.451685660266874,1.30108445697626,0.601283991047423,33.3877563865537,51.0347891166449,14.7976986383577,0.969,3.95608738968062,3.43920674799665,0.832442903389189,0.505112958942417
1986-03-23,0.0,487.65,0.94,0.94,364.26,1.769254366077136,658.41,27.06629,750.88,3.17552224503765,2.27054970568104,0.715016154973943,0.219528466253919,0.207214753166224,16.85,1.1541095890411,212.45,3.09468317552804,0,-16.0641,4.11759799833194,1.37608385686463,0.451685660266874,1.30108445697626,0.601283991047423,33.3877563865537,51.0347891166449,14.7976986383577,0.969,3.95608738968062,3.43920674799665,0.832442903389189,0.505112958942417
1986-03-24,0.0,480.83,0.95,0.95,377.69,1.5802732367355636,658.41,27.06629,750.88,3.17552224503765,2.27054970568104,0.715016154973943,0.219528466253919,0.207214753166224,16.85,1.1541095890411,212.45,3.09468317552804,0,-16.0641,4.11759799833194,1.37608385686463,0.451685660266874,1.30108445697626,0.601283991047423,33.3877563865537,51.0347891166449,14.7976986383577,0.969,3.95608738968062,3.43920674799665,0.832442903389189,0.505112958942417
1986-03-25,0.0,528.86,4.85,4.85,480.14,1.4141001747283188,658.41,27.06629,750.88,3.17552224503765,2.27054970568104,0.715016154973943,0.219528466253919,0.207214753166224,16.85,1.1541095890411,212.45,3.09468317552804,0,-16.0641,4.11759799833194,1.37608385686463,0.451685660266874,1.30108445697626,0.601283991047423,33.3877563865537,51.0347891166449,14.7976986383577,0.969,3.95608738968062,3.43920674799665,0.832442903389189,0.505112958942417
1986-03-26,1.4,379.8,13.01,13.01,803.14,1.3326427913914338,658.41,27.06629,750.88,3.17552224503765,2.27054970568104,0.715016154973943,0.219528466253919,0.207214753166224,16.85,1.1541095890411,212.45,3.09468317552804,0,-16.0641,4.11759799833194,1.37608385686463,0.451685660266874,1.30108445697626,0.601283991047423,33.3877563865537,51.0347891166449,14.7976986383577,0.969,3.95608738968062,3.43920674799665,0.832442903389189,0.505112958942417
1986-03-27,0.39,496.99,9.76,9.76,607.0,1.3554508587257617,658.41,27.06629,750.88,3.17552224503765,2.27054970568104,0.715016154973943,0.219528466253919,0.207214753166224,16.85,1.1541095890411,212.45,3.09468317552804,0,-16.0641,4.11759799833194,1.37608385686463,0.451685660266874,1.30108445697626,0.601283991047423,33.3877563865537,51.0347891166449,14.7976986383577,0.969,3.95608738968062,3.43920674799665,0.832442903389189,0.505112958942417
1986-03-28,0.01,520.31,5.37,5.37,508.53,1.2055692733858938,658.41,27.06629,750.88,3.17552224503765,2.27054970568104,0.715016154973943,0.219528466253919,0.207214753166224,16.85,1.1541095890411,212.45,3.09468317552804,0,-16.0641,4.11759799833194,1.37608385686463,0.451685660266874,1.30108445697626,0.601283991047423,33.3877563865537,51.0347891166449,14.7976986383577,0.969,3.95608738968062,3.43920674799665,0.832442903389189,0.505112958942417
1986-03-29,0.19,395.36,11.9,11.9,833.56,1.071979164713403,658.41,27.06629,750.88,3.17552224503765,2.27054970568104,0.715016154973943,0.219528466253919,0.207214753166224,16.85,1.1541095890411,212.45,3.09468317552804,0,-16.0641,4.11759799833194,1.37608385686463,0.451685660266874,1.30108445697626,0.601283991047423,33.3877563865537,51.0347891166449,14.7976986383577,0.969,3.95608738968062,3.43920674799665,0.832442903389189,0.505112958942417
1986-03-30,0.11,426.7,16.7,16.7,948.79,0.9937800767099936,658.41,27.06629,750.88,3.17552224503765,2.27054970568104,0.715016154973943,0.219528466253919,0.207214753166224,16.85,1.1541095890411,212.45,3.09468317552804,0,-16.0641,4.11759799833194,1.37608385686463,0.451685660266874,1.30108445697626,0.601283991047423,33.3877563865537,51.0347891166449,14.7976986383577,0.969,3.95608738968062,3.43920674799665,0.832442903389189,0.505112958942417
1986-03-31,0.01,521.35,11.44,11.44,631.86,0.9318724653739611,658.41,27.06629,750.88,3.17552224503765,2.27054970568104,0.715016154973943,0.219528466253919,0.207214753166224,16.85,1.1541095890411,212.45,3.09468317552804,0,-16.0641,4.11759799833194,1.37608385686463,0.451685660266874,1.30108445697626,0.601283991047423,33.3877563865537,51.0347891166449,14.7976986383577,0.969,3.95608738968062,3.43920674799665,0.832442903389189,0.505112958942417
1986-04-01,0.08,426.27,13.99,13.99,727.84,0.8601899680375026,658.41,27.06629,750.88,3.17552224503765,2.27054970568104,0.715016154973943,0.219528466253919,0.207214753166224,16.85,1.1541095890411,212.45,3.09468317552804,0,-16.0641,4.11759799833194,1.37608385686463,0.451685660266874,1.30108445697626,0.601283991047423,33.3877563865537,51.0347891166449,14.7976986383577,0.969,3.95608738968062,3.43920674799665,0.832442903389189,0.505112958942417
1986-04-02,0.02,516.1,11.89,11.89,580.36,0.8047989473684211,658.41,27.06629,750.88,3.17552224503765,2.27054970568104,0.715016154973943,0.219528466253919,0.207214753166224,16.85,1.1541095890411,212.45,3.09468317552804,0,-16.0641,4.11759799833194,1.37608385686463,0.451685660266874,1.30108445697626,0.601283991047423,33.3877563865537,51.0347891166449,14.7976986383577,0.969,3.95608738968062,3.43920674799665,0.832442903389189,0.505112958942417
1986-04-03,1.16,393.71,7.12,7.12,506.04,0.7494079266993394,658.41,27.06629,750.88,3.17552224503765,2.27054970568104,0.715016154973943,0.219528466253919,0.207214753166224,16.85,1.1541095890411,212.45,3.09468317552804,0,-16.0641,4.11759799833194,1.37608385686463,0.451685660266874,1.30108445697626,0.601283991047423,33.3877563865537,51.0347891166449,14.7976986383577,0.969,3.95608738968062,3.43920674799665,0.832442903389189,0.505112958942417
1986-04-04,4.3,337.95,9.66,9.66,714.01,0.7428913360323885,658.41,27.06629,750.88,3.17552224503765,2.27054970568104,0.715016154973943,0.219528466253919,0.207214753166224,16.85,1.1541095890411,212.45,3.09468317552804,0,-16.0641,4.11759799833194,1.37608385686463,0.451685660266874,1.30108445697626,0.601283991047423,33.3877563865537,51.0347891166449,14.7976986383577,0.969,3.95608738968062,3.43920674799665,0.832442903389189,0.505112958942417
1986-04-05,8.29,147.42,6.89,6.89,747.97,0.8667065587044533,658.41,27.06629,750.88,3.17552224503765,2.27054970568104,0.715016154973943,0.219528466253919,0.207214753166224,16.85,1.1541095890411,212.45,3.09468317552804,0,-16.0641,4.11759799833194,1.37608385686463,0.451685660266874,1.30108445697626,0.601283991047423,33.3877563865537,51.0347891166449,14.7976986383577,0.969,3.95608738968062,3.43920674799665,0.832442903389189,0.505112958942417
1986-04-06,6.55,211.39,5.66,5.66,714.16,1.2935432473897293,658.41,27.06629,750.88,3.17552224503765,2.27054970568104,0.715016154973943,0.219528466253919,0.207214753166224,16.85,1.1541095890411,212.45,3.09468317552804,0,-16.0641,4.11759799833194,1.37608385686463,0.451685660266874,1.30108445697626,0.601283991047423,33.3877563865537,51.0347891166449,14.7976986383577,0.969,3.95608738968062,3.43920674799665,0.832442903389189,0.505112958942417
1986-04-07,2.91,289.17,7.76,7.76,744.14,1.4434248327295973,658.41,27.06629,750.88,3.17552224503765,2.27054970568104,0.715016154973943,0.219528466253919,0.207214753166224,16.85,1.1541095890411,212.45,3.09468317552804,0,-16.0641,4.11759799833194,1.37608385686463,0.451685660266874,1.30108445697626,0.601283991047423,33.3877563865537,51.0347891166449,14.7976986383577,0.969,3.95608738968062,3.43920674799665,0.832442903389189,0.505112958942417
1986-04-08,1.4,301.46,8.01,8.01,699.24,1.2577019987215,658.41,27.06629,750.88,3.17552224503765,2.27054970568104,0.715016154973943,0.219528466253919,0.207214753166224,16.85,1.1541095890411,212.45,3.09468317552804,0,-16.0641,4.11759799833194,1.37608385686463,0.451685660266874,1.30108445697626,0.601283991047423,33.3877563865537,51.0347891166449,14.7976986383577,0.969,3.95608738968062,3.43920674799665,0.832442903389189,0.505112958942417
1986-04-09,2.1,230.54,3.28,3.28,538.03,1.1664697293841892,658.41,27.06629,750.88,3.17552224503765,2.27054970568104,0.715016154973943,0.219528466253919,0.207214753166224,16.85,1.1541095890411,212.45,3.09468317552804,0,-16.0641,4.11759799833194,1.37608385686463,0.451685660266874,1.30108445697626,0.601283991047423,33.3877563865537,51.0347891166449,14.7976986383577,0.969,3.95608738968062,3.43920674799665,0.832442903389189,0.505112958942417
1986-04-10,3.27,153.52,-0.83,-0.83,437.95,1.182761206051566,658.41,27.06629,750.88,3.17552224503765,2.27054970568104,0.715016154973943,0.219528466253919,0.207214753166224,16.85,1.1541095890411,212.45,3.09468317552804,0,-16.0641,4.11759799833194,1.37608385686463,0.451685660266874,1.30108445697626,0.601283991047423,33.3877563865537,51.0347891166449,14.7976986383577,0.969,3.95608738968062,3.43920674799665,0.832442903389189,0.505112958942417
1986-04-11,2.2,231.96,-1.46,-1.46,407.25,1.241410522054123,658.41,27.06629,750.88,3.17552224503765,2.27054970568104,0.715016154973943,0.219528466253919,0.207214753166224,16.85,1.1541095890411,212.45,3.09468317552804,0,-16.0641,4.11759799833194,1.37608385686463,0.451685660266874,1.30108445697626,0.601283991047423,33.3877563865537,51.0347891166449,14.7976986383577,0.969,3.95608738968062,3.43920674799665,0.832442903389189,0.505112958942417
1986-04-12,0.4,309.29,-0.75,-0.75,397.65,1.2870266567227786,658.41,27.06629,750.88,3.17552224503765,2.27054970568104,0.715016154973943,0.219528466253919,0.207214753166224,16.85,1.1541095890411,212.45,3.09468317552804,0,-16.0641,4.11759799833194,1.37608385686463,0.451685660266874,1.30108445697626,0.601283991047423,33.3877563865537,51.0347891166449,14.7976986383577,0.969,3.95608738968062,3.43920674799665,0.832442903389189,0.505112958942417
1986-04-13,0.01,529.36,0.13,0.13,351.7,1.2348939313871723,658.41,27.06629,750.88,3.17552224503765,2.27054970568104,0.715016154973943,0.219528466253919,0.207214753166224,16.85,1.1541095890411,212.45,3.09468317552804,0,-16.0641,4.11759799833194,1.37608385686463,0.451685660266874,1.30108445697626,0.601283991047423,33.3877563865537,51.0347891166449,14.7976986383577,0.969,3.95608738968062,3.43920674799665,0.832442903389189,0.505112958942417
1986-04-14,2.22,408.81,4.85,4.85,477.27,1.2316356360536969,658.41,27.06629,750.88,3.17552224503765,2.27054970568104,0.715016154973943,0.219528466253919,0.207214753166224,16.85,1.1541095890411,212.45,3.09468317552804,0,-16.0641,4.11759799833194,1.37608385686463,0.451685660266874,1.30108445697626,0.601283991047423,33.3877563865537,51.0347891166449,14.7976986383577,0.969,3.95608738968062,3.43920674799665,0.832442903389189,0.505112958942417
1986-04-15,16.86,350.36,8.56,8.56,656.9,1.2772517707223523,658.41,27.06629,750.88,3.17552224503765,2.27054970568104,0.715016154973943,0.219528466253919,0.207214753166224,16.85,1.1541095890411,212.45,3.09468317552804,0,-16.0641,4.11759799833194,1.37608385686463,0.451685660266874,1.30108445697626,0.601283991047423,33.3877563865537,51.0347891166449,14.7976986383577,0.969,3.95608738968062,3.43920674799665,0.832442903389189,0.505112958942417
1986-04-16,18.95,186.37,3.46,3.46,592.0,4.333532793522267,658.41,27.06629,750.88,3.17552224503765,2.27054970568104,0.715016154973943,0.219528466253919,0.207214753166224,16.85,1.1541095890411,212.45,3.09468317552804,0,-16.0641,4.11759799833194,1.37608385686463,0.451685660266874,1.30108445697626,0.601283991047423,33.3877563865537,51.0347891166449,14.7976986383577,0.969,3.95608738968062,3.43920674799665,0.832442903389189,0.505112958942417
1986-04-17,4.25,333.24,4.95,4.95,602.08,8.601899680375025,658.41,27.06629,750.88,3.17552224503765,2.27054970568104,0.715016154973943,0.219528466253919,0.207214753166224,16.85,1.1541095890411,212.45,3.09468317552804,0,-16.0641,4.11759799833194,1.37608385686463,0.451685660266874,1.30108445697626,0.601283991047423,33.3877563865537,51.0347891166449,14.7976986383577,0.969,3.95608738968062,3.43920674799665,0.832442903389189,0.505112958942417
1986-04-18,0.1,545.33,7.16,7.16,556.52,4.36611574685702,658.41,27.06629,750.88,3.17552224503765,2.27054970568104,0.715016154973943,0.219528466253919,0.207214753166224,16.85,1.1541095890411,212.45,3.09468317552804,0,-16.0641,4.11759799833194,1.37608385686463,0.451685660266874,1.30108445697626,0.601283991047423,33.3877563865537,51.0347891166449,14.7976986383577,0.969,3.95608738968062,3.43920674799665,0.832442903389189,0.505112958942417
1986-04-19,0.68,413.41,10.18,10.18,659.02,3.2908782868101425,658.41,27.06629,750.88,3.17552224503765,2.27054970568104,0.715016154973943,0.219528466253919,0.207214753166224,16.85,1.1541095890411,212.45,3.09468317552804,0,-16.0641,4.11759799833194,1.37608385686463,0.451685660266874,1.30108445697626,0.601283991047423,33.3877563865537,51.0347891166449,14.7976986383577,0.969,3.95608738968062,3.43920674799665,0.832442903389189,0.505112958942417
1986-04-20,3.25,367.54,13.71,13.71,910.25,2.76955103345408,658.41,27.06629,750.88,3.17552224503765,2.27054970568104,0.715016154973943,0.219528466253919,0.207214753166224,16.85,1.1541095890411,212.45,3.09468317552804,0,-16.0641,4.11759799833194,1.37608385686463,0.451685660266874,1.30108445697626,0.601283991047423,33.3877563865537,51.0347891166449,14.7976986383577,0.969,3.95608738968062,3.43920674799665,0.832442903389189,0.505112958942417
1986-04-21,1.82,283.86,11.41,11.41,844.65,2.6783187641167694,658.41,27.06629,750.88,3.17552224503765,2.27054970568104,0.715016154973943,0.219528466253919,0.207214753166224,16.85,1.1541095890411,212.45,3.09468317552804,0,-16.0641,4.11759799833194,1.37608385686463,0.451685660266874,1.30108445697626,0.601283991047423,33.3877563865537,51.0347891166449,14.7976986383577,0.969,3.95608738968062,3.43920674799665,0.832442903389189,0.505112958942417
1986-04-22,0.31,405.06,4.0,4.0,492.17,2.2351905987641167,658.41,27.06629,750.88,3.17552224503765,2.27054970568104,0.715016154973943,0.219528466253919,0.207214753166224,16.85,1.1541095890411,212.45,3.09468317552804,0,-16.0641,4.11759799833194,1.37608385686463,0.451685660266874,1.30108445697626,0.601283991047423,33.3877563865537,51.0347891166449,14.7976986383577,0.969,3.95608738968062,3.43920674799665,0.832442903389189,0.505112958942417
1986-04-23,0.01,441.19,0.62,0.62,390.65,1.827903682079693,658.41,27.06629,750.88,3.17552224503765,2.27054970568104,0.715016154973943,0.219528466253919,0.207214753166224,16.85,1.1541095890411,212.45,3.09468317552804,0,-16.0641,4.11759799833194,1.37608385686463,0.451685660266874,1.30108445697626,0.601283991047423,33.3877563865537,51.0347891166449,14.7976986383577,0.969,3.95608738968062,3.43920674799665,0.832442903389189,0.505112958942417
1986-04-24,0.0,564.68,3.51,3.51,423.28,1.544431988067334,658.41,27.06629,750.88,3.17552224503765,2.27054970568104,0.715016154973943,0.219528466253919,0.207214753166224,16.85,1.1541095890411,212.45,3.09468317552804,0,-16.0641,4.11759799833194,1.37608385686463,0.451685660266874,1.30108445697626,0.601283991047423,33.3877563865537,51.0347891166449,14.7976986383577,0.969,3.95608738968062,3.43920674799665,0.832442903389189,0.505112958942417
1986-04-25,0.0,554.93,9.43,9.43,589.54,1.3619674493927123,658.41,27.06629,750.88,3.17552224503765,2.27054970568104,0.715016154973943,0.219528466253919,0.207214753166224,16.85,1.1541095890411,212.45,3.09468317552804,0,-16.0641,4.11759799833194,1.37608385686463,0.451685660266874,1.30108445697626,0.601283991047423,33.3877563865537,51.0347891166449,14.7976986383577,0.969,3.95608738968062,3.43920674799665,0.832442903389189,0.505112958942417
1986-04-26,0.0,551.71,12.16,12.16,715.96,1.2186024547197953,658.41,27.06629,750.88,3.17552224503765,2.27054970568104,0.715016154973943,0.219528466253919,0.207214753166224,16.85,1.1541095890411,212.45,3.09468317552804,0,-16.0641,4.11759799833194,1.37608385686463,0.451685660266874,1.30108445697626,0.601283991047423,33.3877563865537,51.0347891166449,14.7976986383577,0.969,3.95608738968062,3.43920674799665,0.832442903389189,0.505112958942417
1986-04-27,0.0,547.14,13.75,13.75,814.37,1.0947872320477305,658.41,27.06629,750.88,3.17552224503765,2.27054970568104,0.715016154973943,0.219528466253919,0.207214753166224,16.85,1.1541095890411,212.45,3.09468317552804,0,-16.0641,4.11759799833194,1.37608385686463,0.451685660266874,1.30108445697626,0.601283991047423,33.3877563865537,51.0347891166449,14.7976986383577,0.969,3.95608738968062,3.43920674799665,0.832442903389189,0.505112958942417
1986-04-28,0.0,546.44,16.46,16.46,914.64,0.9872634860430427,658.41,27.06629,750.88,3.17552224503765,2.27054970568104,0.715016154973943,0.219528466253919,0.207214753166224,16.85,1.1541095890411,212.45,3.09468317552804,0,-16.0641,4.11759799833194,1.37608385686463,0.451685660266874,1.30108445697626,0.601283991047423,33.3877563865537,51.0347891166449,14.7976986383577,0.969,3.95608738968062,3.43920674799665,0.832442903389189,0.505112958942417
1986-04-29,0.0,548.33,16.07,16.07,845.72,0.8992895120392073,658.41,27.06629,750.88,3.17552224503765,2.27054970568104,0.715016154973943,0.219528466253919,0.207214753166224,16.85,1.1541095890411,212.45,3.09468317552804,0,-16.0641,4.11759799833194,1.37608385686463,0.451685660266874,1.30108445697626,0.601283991047423,33.3877563865537,51.0347891166449,14.7976986383577,0.969,3.95608738968062,3.43920674799665,0.832442903389189,0.505112958942417
1986-04-30,0.29,420.21,10.72,10.72,693.4,0.8145738333688473,658.41,27.06629,750.88,3.17552224503765,2.27054970568104,0.715016154973943,0.219528466253919,0.207214753166224,16.85,1.1541095890411,212.45,3.09468317552804,0,-16.0641,4.11759799833194,1.37608385686463,0.451685660266874,1.30108445697626,0.601283991047423,33.3877563865537,51.0347891166449,14.7976986383577,0.969,3.95608738968062,3.43920674799665,0.832442903389189,0.505112958942417
1986-05-01,0.71,377.94,12.52,12.52,790.09,0.7624411080332409,658.41,27.06629,750.88,3.17552224503765,2.27054970568104,0.715016154973943,0.219528466253919,0.207214753166224,16.85,1.1541095890411,212.45,3.09468317552804,0,-16.0641,4.11759799833194,1.37608385686463,0.451685660266874,1.30108445697626,0.601283991047423,33.3877563865537,51.0347891166449,14.7976986383577,0.969,3.95608738968062,3.43920674799665,0.832442903389189,0.505112958942417
1986-05-02,0.17,558.06,6.89,6.89,497.09,0.7265998593650117,658.41,27.06629,750.88,3.17552224503765,2.27054970568104,0.715016154973943,0.219528466253919,0.207214753166224,16.85,1.1541095890411,212.45,3.09468317552804,0,-16.0641,4.11759799833194,1.37608385686463,0.451685660266874,1.30108445697626,0.601283991047423,33.3877563865537,51.0347891166449,14.7976986383577,0.969,3.95608738968062,3.43920674799665,0.832442903389189,0.505112958942417
1986-05-03,0.0,482.89,2.47,2.47,409.79,0.6418841806946515,658.41,27.06629,750.88,3.17552224503765,2.27054970568104,0.715016154973943,0.219528466253919,0.207214753166224,16.85,1.1541095890411,212.45,3.09468317552804,0,-16.0641,4.11759799833194,1.37608385686463,0.451685660266874,1.30108445697626,0.601283991047423,33.3877563865537,51.0347891166449,14.7976986383577,0.969,3.95608738968062,3.43920674799665,0.832442903389189,0.505112958942417
1986-05-04,0.0,566.32,3.99,3.99,513.08,0.5897514553590454,658.41,27.06629,750.88,3.17552224503765,2.27054970568104,0.715016154973943,0.219528466253919,0.207214753166224,16.85,1.1541095890411,212.45,3.09468317552804,0,-16.0641,4.11759799833194,1.37608385686463,0.451685660266874,1.30108445697626,0.601283991047423,33.3877563865537,51.0347891166449,14.7976986383577,0.969,3.95608738968062,3.43920674799665,0.832442903389189,0.505112958942417
1986-05-05,0.37,419.59,14.02,14.02,944.22,0.5408770253569145,658.41,27.06629,750.88,3.17552224503765,2.27054970568104,0.715016154973943,0.219528466253919,0.207214753166224,16.85,1.1541095890411,212.45,3.09468317552804,0,-16.0641,4.11759799833194,1.37608385686463,0.451685660266874,1.30108445697626,0.601283991047423,33.3877563865537,51.0347891166449,14.7976986383577,0.969,3.95608738968062,3.43920674799665,0.832442903389189,0.505112958942417
1986-05-06,0.93,394.21,17.87,17.87,1131.48,0.5082940720221607,658.41,27.06629,750.88,3.17552224503765,2.27054970568104,0.715016154973943,0.219528466253919,0.207214753166224,16.85,1.1541095890411,212.45,3.09468317552804,0,-16.0641,4.11759799833194,1.37608385686463,0.451685660266874,1.30108445697626,0.601283991047423,33.3877563865537,51.0347891166449,14.7976986383577,0.969,3.95608738968062,3.43920674799665,0.832442903389189,0.505112958942417
1986-05-07,0.24,496.46,17.5,17.5,1004.58,0.5050357766886853,658.41,27.06629,750.88,3.17552224503765,2.27054970568104,0.715016154973943,0.219528466253919,0.207214753166224,16.85,1.1541095890411,212.45,3.09468317552804,0,-16.0641,4.11759799833194,1.37608385686463,0.451685660266874,1.30108445697626,0.601283991047423,33.3877563865537,51.0347891166449,14.7976986383577,0.969,3.95608738968062,3.43920674799665,0.832442903389189,0.505112958942417
1986-05-08,0.0,569.86,11.32,11.32,655.48,0.452903051353079,658.41,27.06629,750.88,3.17552224503765,2.27054970568104,0.715016154973943,0.219528466253919,0.207214753166224,16.85,1.1541095890411,212.45,3.09468317552804,0,-16.0641,4.11759799833194,1.37608385686463,0.451685660266874,1.30108445697626,0.601283991047423,33.3877563865537,51.0347891166449,14.7976986383577,0.969,3.95608738968062,3.43920674799665,0.832442903389189,0.505112958942417
1986-05-09,0.0,514.27,10.91,10.91,659.21,0.4138035073513744,658.41,27.06629,750.88,3.17552224503765,2.27054970568104,0.715016154973943,0.219528466253919,0.207214753166224,16.85,1.1541095890411,212.45,3.09468317552804,0,-16.0641,4.11759799833194,1.37608385686463,0.451685660266874,1.30108445697626,0.601283991047423,33.3877563865537,51.0347891166449,14.7976986383577,0.969,3.95608738968062,3.43920674799665,0.832442903389189,0.505112958942417
1986-05-10,0.0,569.36,9.21,9.21,561.15,0.38447884935009585,658.41,27.06629,750.88,3.17552224503765,2.27054970568104,0.715016154973943,0.219528466253919,0.207214753166224,16.85,1.1541095890411,212.45,3.09468317552804,0,-16.0641,4.11759799833194,1.37608385686463,0.451685660266874,1.30108445697626,0.601283991047423,33.3877563865537,51.0347891166449,14.7976986383577,0.969,3.95608738968062,3.43920674799665,0.832442903389189,0.505112958942417
1986-05-11,0.0,577.16,10.63,10.63,578.49,0.35515419134881737,658.41,27.06629,750.88,3.17552224503765,2.27054970568104,0.715016154973943,0.219528466253919,0.207214753166224,16.85,1.1541095890411,212.45,3.09468317552804,0,-16.0641,4.11759799833194,1.37608385686463,0.451685660266874,1.30108445697626,0.601283991047423,33.3877563865537,51.0347891166449,14.7976986383577,0.969,3.95608738968062,3.43920674799665,0.832442903389189,0.505112958942417
1986-05-12,0.0,569.56,11.35,11.35,606.46,0.3258295333475389,658.41,27.06629,750.88,3.17552224503765,2.27054970568104,0.715016154973943,0.219528466253919,0.207214753166224,16.85,1.1541095890411,212.45,3.09468317552804,0,-16.0641,4.11759799833194,1.37608385686463,0.451685660266874,1.30108445697626,0.601283991047423,33.3877563865537,51.0347891166449,14.7976986383577,0.969,3.95608738968062,3.43920674799665,0.832442903389189,0.505112958942417
1986-05-13,0.0,574.66,11.84,11.84,632.9,0.30627976134668655,658.41,27.06629,750.88,3.17552224503765,2.27054970568104,0.715016154973943,0.219528466253919,0.207214753166224,16.85,1.1541095890411,212.45,3.09468317552804,0,-16.0641,4.11759799833194,1.37608385686463,0.451685660266874,1.30108445697626,0.601283991047423,33.3877563865537,51.0347891166449,14.7976986383577,0.969,3.95608738968062,3.43920674799665,0.832442903389189,0.505112958942417
1986-05-14,0.0,532.92,12.13,12.13,761.93,0.2899882846793096,658.41,27.06629,750.88,3.17552224503765,2.27054970568104,0.715016154973943,0.219528466253919,0.207214753166224,16.85,1.1541095890411,212.45,3.09468317552804,0,-16.0641,4.11759799833194,1.37608385686463,0.451685660266874,1.30108445697626,0.601283991047423,33.3877563865537,51.0347891166449,14.7976986383577,0.969,3.95608738968062,3.43920674799665,0.832442903389189,0.505112958942417
1986-05-15,1.39,340.4,14.75,14.75,1047.65,0.2802133986788834,658.41,27.06629,750.88,3.17552224503765,2.27054970568104,0.715016154973943,0.219528466253919,0.207214753166224,16.85,1.1541095890411,212.45,3.09468317552804,0,-16.0641,4.11759799833194,1.37608385686463,0.451685660266874,1.30108445697626,0.601283991047423,33.3877563865537,51.0347891166449,14.7976986383577,0.969,3.95608738968062,3.43920674799665,0.832442903389189,0.505112958942417
1986-05-16,1.8,380.23,17.63,17.63,1169.99,0.2802133986788834,658.41,27.06629,750.88,3.17552224503765,2.27054970568104,0.715016154973943,0.219528466253919,0.207214753166224,16.85,1.1541095890411,212.45,3.09468317552804,0,-16.0641,4.11759799833194,1.37608385686463,0.451685660266874,1.30108445697626,0.601283991047423,33.3877563865537,51.0347891166449,14.7976986383577,0.969,3.95608738968062,3.43920674799665,0.832442903389189,0.505112958942417
1986-05-17,4.5,392.97,18.73,18.73,1199.21,0.27043851267845725,658.41,27.06629,750.88,3.17552224503765,2.27054970568104,0.715016154973943,0.219528466253919,0.207214753166224,16.85,1.1541095890411,212.45,3.09468317552804,0,-16.0641,4.11759799833194,1.37608385686463,0.451685660266874,1.30108445697626,0.601283991047423,33.3877563865537,51.0347891166449,14.7976986383577,0.969,3.95608738968062,3.43920674799665,0.832442903389189,0.505112958942417
1986-05-18,9.56,395.9,19.03,19.03,1204.52,0.3193129426805881,658.41,27.06629,750.88,3.17552224503765,2.27054970568104,0.715016154973943,0.219528466253919,0.207214753166224,16.85,1.1541095890411,212.45,3.09468317552804,0,-16.0641,4.11759799833194,1.37608385686463,0.451685660266874,1.30108445697626,0.601283991047423,33.3877563865537,51.0347891166449,14.7976986383577,0.969,3.95608738968062,3.43920674799665,0.832442903389189,0.505112958942417
1986-05-19,21.87,311.23,17.73,17.73,1303.08,0.5767182740251438,658.41,27.06629,750.88,3.17552224503765,2.27054970568104,0.715016154973943,0.219528466253919,0.207214753166224,16.85,1.1541095890411,212.45,3.09468317552804,0,-16.0641,4.11759799833194,1.37608385686463,0.451685660266874,1.30108445697626,0.601283991047423,33.3877563865537,51.0347891166449,14.7976986383577,0.969,3.95608738968062,3.43920674799665,0.832442903389189,0.505112958942417
1986-05-20,12.63,203.41,16.37,16.37,1333.31,2.8770747794587677,658.41,27.06629,750.88,3.17552224503765,2.27054970568104,0.715016154973943,0.219528466253919,0.207214753166224,16.85,1.1541095890411,212.45,3.09468317552804,0,-16.0641,4.11759799833194,1.37608385686463,0.451685660266874,1.30108445697626,0.601283991047423,33.3877563865537,51.0347891166449,14.7976986383577,0.969,3.95608738968062,3.43920674799665,0.832442903389189,0.505112958942417
1986-05-21,3.74,265.28,13.5,13.5,1098.39,1.7073467547411034,658.41,27.06629,750.88,3.17552224503765,2.27054970568104,0.715016154973943,0.219528466253919,0.207214753166224,16.85,1.1541095890411,212.45,3.09468317552804,0,-16.0641,4.11759799833194,1.37608385686463,0.451685660266874,1.30108445697626,0.601283991047423,33.3877563865537,51.0347891166449,14.7976986383577,0.969,3.95608738968062,3.43920674799665,0.832442903389189,0.505112958942417
1986-05-22,2.95,175.11,10.86,10.86,1002.49,1.1925360920519923,658.41,27.06629,750.88,3.17552224503765,2.27054970568104,0.715016154973943,0.219528466253919,0.207214753166224,16.85,1.1541095890411,212.45,3.09468317552804,0,-16.0641,4.11759799833194,1.37608385686463,0.451685660266874,1.30108445697626,0.601283991047423,33.3877563865537,51.0347891166449,14.7976986383577,0.969,3.95608738968062,3.43920674799665,0.832442903389189,0.505112958942417
1986-05-23,0.69,265.58,10.57,10.57,910.03,1.1273701853824845,658.41,27.06629,750.88,3.17552224503765,2.27054970568104,0.715016154973943,0.219528466253919,0.207214753166224,16.85,1.1541095890411,212.45,3.09468317552804,0,-16.0641,4.11759799833194,1.37608385686463,0.451685660266874,1.30108445697626,0.601283991047423,33.3877563865537,51.0347891166449,14.7976986383577,0.969,3.95608738968062,3.43920674799665,0.832442903389189,0.505112958942417
1986-05-24,0.01,517.68,10.62,10.62,778.09,0.8569316727040273,658.41,27.06629,750.88,3.17552224503765,2.27054970568104,0.715016154973943,0.219528466253919,0.207214753166224,16.85,1.1541095890411,212.45,3.09468317552804,0,-16.0641,4.11759799833194,1.37608385686463,0.451685660266874,1.30108445697626,0.601283991047423,33.3877563865537,51.0347891166449,14.7976986383577,0.969,3.95608738968062,3.43920674799665,0.832442903389189,0.505112958942417
1986-05-25,0.0,525.41,13.88,13.88,885.32,0.7070500873641594,658.41,27.06629,750.88,3.17552224503765,2.27054970568104,0.715016154973943,0.219528466253919,0.207214753166224,16.85,1.1541095890411,212.45,3.09468317552804,0,-16.0641,4.11759799833194,1.37608385686463,0.451685660266874,1.30108445697626,0.601283991047423,33.3877563865537,51.0347891166449,14.7976986383577,0.969,3.95608738968062,3.43920674799665,0.832442903389189,0.505112958942417
1986-05-26,0.0,549.6,15.56,15.56,928.94,0.5767182740251438,658.41,27.06629,750.88,3.17552224503765,2.27054970568104,0.715016154973943,0.219528466253919,0.207214753166224,16.85,1.1541095890411,212.45,3.09468317552804,0,-16.0641,4.11759799833194,1.37608385686463,0.451685660266874,1.30108445697626,0.601283991047423,33.3877563865537,51.0347891166449,14.7976986383577,0.969,3.95608738968062,3.43920674799665,0.832442903389189,0.505112958942417
1986-05-27,0.7,458.49,15.49,15.49,992.09,0.4920025953547837,658.41,27.06629,750.88,3.17552224503765,2.27054970568104,0.715016154973943,0.219528466253919,0.207214753166224,16.85,1.1541095890411,212.45,3.09468317552804,0,-16.0641,4.11759799833194,1.37608385686463,0.451685660266874,1.30108445697626,0.601283991047423,33.3877563865537,51.0347891166449,14.7976986383577,0.969,3.95608738968062,3.43920674799665,0.832442903389189,0.505112958942417
1986-05-28,0.18,520.1,16.75,16.75,1049.02,0.45616134668655445,658.41,27.06629,750.88,3.17552224503765,2.27054970568104,0.715016154973943,0.219528466253919,0.207214753166224,16.85,1.1541095890411,212.45,3.09468317552804,0,-16.0641,4.11759799833194,1.37608385686463,0.451685660266874,1.30108445697626,0.601283991047423,33.3877563865537,51.0347891166449,14.7976986383577,0.969,3.95608738968062,3.43920674799665,0.832442903389189,0.505112958942417
1986-05-29,0.01,557.68,18.19,18.19,1059.97,0.39425373535052205,658.41,27.06629,750.88,3.17552224503765,2.27054970568104,0.715016154973943,0.219528466253919,0.207214753166224,16.85,1.1541095890411,212.45,3.09468317552804,0,-16.0641,4.11759799833194,1.37608385686463,0.451685660266874,1.30108445697626,0.601283991047423,33.3877563865537,51.0347891166449,14.7976986383577,0.969,3.95608738968062,3.43920674799665,0.832442903389189,0.505112958942417
1986-05-30,0.0,554.3,19.52,19.52,1145.59,0.3453793053483912,658.41,27.06629,750.88,3.17552224503765,2.27054970568104,0.715016154973943,0.219528466253919,0.207214753166224,16.85,1.1541095890411,212.45,3.09468317552804,0,-16.0641,4.11759799833194,1.37608385686463,0.451685660266874,1.30108445697626,0.601283991047423,33.3877563865537,51.0347891166449,14.7976986383577,0.969,3.95608738968062,3.43920674799665,0.832442903389189,0.505112958942417
1986-05-31,1.71,410.06,19.71,19.71,1273.81,0.30953805668016193,658.41,27.06629,750.88,3.17552224503765,2.27054970568104,0.715016154973943,0.219528466253919,0.207214753166224,16.85,1.1541095890411,212.45,3.09468317552804,0,-16.0641,4.11759799833194,1.37608385686463,0.451685660266874,1.30108445697626,0.601283991047423,33.3877563865537,51.0347891166449,14.7976986383577,0.969,3.95608738968062,3.43920674799665,0.832442903389189,0.505112958942417
1986-06-01,7.25,378.79,20.94,20.94,1300.92,0.2867299893458342,658.41,27.06629,750.88,3.17552224503765,2.27054970568104,0.715016154973943,0.219528466253919,0.207214753166224,16.85,1.1541095890411,212.45,3.09468317552804,0,-16.0641,4.11759799833194,1.37608385686463,0.451685660266874,1.30108445697626,0.601283991047423,33.3877563865537,51.0347891166449,14.7976986383577,0.969,3.95608738968062,3.43920674799665,0.832442903389189,0.505112958942417
1986-06-02,1.85,574.39,13.9,13.9,721.86,0.39425373535052205,658.41,27.06629,750.88,3.17552224503765,2.27054970568104,0.715016154973943,0.219528466253919,0.207214753166224,16.85,1.1541095890411,212.45,3.09468317552804,0,-16.0641,4.11759799833194,1.37608385686463,0.451685660266874,1.30108445697626,0.601283991047423,33.3877563865537,51.0347891166449,14.7976986383577,0.969,3.95608738968062,3.43920674799665,0.832442903389189,0.505112958942417
1986-06-03,0.06,588.16,8.39,8.39,558.26,0.29976317067973574,658.41,27.06629,750.88,3.17552224503765,2.27054970568104,0.715016154973943,0.219528466253919,0.207214753166224,16.85,1.1541095890411,212.45,3.09468317552804,0,-16.0641,4.11759799833194,1.37608385686463,0.451685660266874,1.30108445697626,0.601283991047423,33.3877563865537,51.0347891166449,14.7976986383577,0.969,3.95608738968062,3.43920674799665,0.832442903389189,0.505112958942417
1986-06-04,10.95,438.87,13.85,13.85,908.9,0.2508887406776049,658.41,27.06629,750.88,3.17552224503765,2.27054970568104,0.715016154973943,0.219528466253919,0.207214753166224,16.85,1.1541095890411,212.45,3.09468317552804,0,-16.0641,4.11759799833194,1.37608385686463,0.451685660266874,1.30108445697626,0.601283991047423,33.3877563865537,51.0347891166449,14.7976986383577,0.969,3.95608738968062,3.43920674799665,0.832442903389189,0.505112958942417
1986-06-05,28.85,342.6,19.21,19.21,1366.95,1.0622042787129766,658.41,27.06629,750.88,3.17552224503765,2.27054970568104,0.715016154973943,0.219528466253919,0.207214753166224,16.85,1.1541095890411,212.45,3.09468317552804,0,-16.0641,4.11759799833194,1.37608385686463,0.451685660266874,1.30108445697626,0.601283991047423,33.3877563865537,51.0347891166449,14.7976986383577,0.969,3.95608738968062,3.43920674799665,0.832442903389189,0.505112958942417
1986-06-06,10.05,271.82,16.02,16.02,1360.44,2.095083899424675,658.41,27.06629,750.88,3.17552224503765,2.27054970568104,0.715016154973943,0.219528466253919,0.207214753166224,16.85,1.1541095890411,212.45,3.09468317552804,0,-16.0641,4.11759799833194,1.37608385686463,0.451685660266874,1.30108445697626,0.601283991047423,33.3877563865537,51.0347891166449,14.7976986383577,0.969,3.95608738968062,3.43920674799665,0.832442903389189,0.505112958942417
1986-06-07,7.52,289.69,19.08,19.08,1626.79,1.2674768847219262,658.41,27.06629,750.88,3.17552224503765,2.27054970568104,0.715016154973943,0.219528466253919,0.207214753166224,16.85,1.1541095890411,212.45,3.09468317552804,0,-16.0641,4.11759799833194,1.37608385686463,0.451685660266874,1.30108445697626,0.601283991047423,33.3877563865537,51.0347891166449,14.7976986383577,0.969,3.95608738968062,3.43920674799665,0.832442903389189,0.505112958942417
1986-06-08,4.55,244.48,19.78,19.78,1550.03,1.9614937907521839,658.41,27.06629,750.88,3.17552224503765,2.27054970568104,0.715016154973943,0.219528466253919,0.207214753166224,16.85,1.1541095890411,212.45,3.09468317552804,0,-16.0641,4.11759799833194,1.37608385686463,0.451685660266874,1.30108445697626,0.601283991047423,33.3877563865537,51.0347891166449,14.7976986383577,0.969,3.95608738968062,3.43920674799665,0.832442903389189,0.505112958942417
1986-06-09,0.74,571.8,13.41,13.41,864.89,1.1957943873854677,658.41,27.06629,750.88,3.17552224503765,2.27054970568104,0.715016154973943,0.219528466253919,0.207214753166224,16.85,1.1541095890411,212.45,3.09468317552804,0,-16.0641,4.11759799833194,1.37608385686463,0.451685660266874,1.30108445697626,0.601283991047423,33.3877563865537,51.0347891166449,14.7976986383577,0.969,3.95608738968062,3.43920674799665,0.832442903389189,0.505112958942417
1986-06-10,10.1,438.11,13.97,13.97,985.05,0.8829980353718304,658.41,27.06629,750.88,3.17552224503765,2.27054970568104,0.715016154973943,0.219528466253919,0.207214753166224,16.85,1.1541095890411,212.45,3.09468317552804,0,-16.0641,4.11759799833194,1.37608385686463,0.451685660266874,1.30108445697626,0.601283991047423,33.3877563865537,51.0347891166449,14.7976986383577,0.969,3.95608738968062,3.43920674799665,0.832442903389189,0.505112958942417
1986-06-11,22.6,326.75,19.92,19.92,1578.21,1.0524293927125505,658.41,27.06629,750.88,3.17552224503765,2.27054970568104,0.715016154973943,0.219528466253919,0.207214753166224,16.85,1.1541095890411,212.45,3.09468317552804,0,-16.0641,4.11759799833194,1.37608385686463,0.451685660266874,1.30108445697626,0.601283991047423,33.3877563865537,51.0347891166449,14.7976986383577,0.969,3.95608738968062,3.43920674799665,0.832442903389189,0.505112958942417
1986-06-12,13.28,325.61,20.78,20.78,1644.71,4.7245282335393135,658.41,27.06629,750.88,3.17552224503765,2.27054970568104,0.715016154973943,0.219528466253919,0.207214753166224,16.85,1.1541095890411,212.45,3.09468317552804,0,-16.0641,4.11759799833194,1.37608385686463,0.451685660266874,1.30108445697626,0.601283991047423,33.3877563865537,51.0347891166449,14.7976986383577,0.969,3.95608738968062,3.43920674799665,0.832442903389189,0.505112958942417
1986-06-13,2.37,314.9,17.64,17.64,1343.94,4.69194528020456,658.41,27.06629,750.88,3.17552224503765,2.27054970568104,0.715016154973943,0.219528466253919,0.207214753166224,16.85,1.1541095890411,212.45,3.09468317552804,0,-16.0641,4.11759799833194,1.37608385686463,0.451685660266874,1.30108445697626,0.601283991047423,33.3877563865537,51.0347891166449,14.7976986383577,0.969,3.95608738968062,3.43920674799665,0.832442903389189,0.505112958942417
1986-06-14,0.21,525.63,15.26,15.26,1130.63,2.316647982101001,658.41,27.06629,750.88,3.17552224503765,2.27054970568104,0.715016154973943,0.219528466253919,0.207214753166224,16.85,1.1541095890411,212.45,3.09468317552804,0,-16.0641,4.11759799833194,1.37608385686463,0.451685660266874,1.30108445697626,0.601283991047423,33.3877563865537,51.0347891166449,14.7976986383577,0.969,3.95608738968062,3.43920674799665,0.832442903389189,0.505112958942417
1986-06-15,10.51,371.47,18.75,18.75,1425.4,1.6910552780737267,658.41,27.06629,750.88,3.17552224503765,2.27054970568104,0.715016154973943,0.219528466253919,0.207214753166224,16.85,1.1541095890411,212.45,3.09468317552804,0,-16.0641,4.11759799833194,1.37608385686463,0.451685660266874,1.30108445697626,0.601283991047423,33.3877563865537,51.0347891166449,14.7976986383577,0.969,3.95608738968062,3.43920674799665,0.832442903389189,0.505112958942417
1986-06-16,11.2,369.24,19.88,19.88,1417.3,2.254740370764969,658.41,27.06629,750.88,3.17552224503765,2.27054970568104,0.715016154973943,0.219528466253919,0.207214753166224,16.85,1.1541095890411,212.45,3.09468317552804,0,-16.0641,4.11759799833194,1.37608385686463,0.451685660266874,1.30108445697626,0.601283991047423,33.3877563865537,51.0347891166449,14.7976986383577,0.969,3.95608738968062,3.43920674799665,0.832442903389189,0.505112958942417
1986-06-17,2.22,552.99,15.67,15.67,978.69,3.421210100149158,658.41,27.06629,750.88,3.17552224503765,2.27054970568104,0.715016154973943,0.219528466253919,0.207214753166224,16.85,1.1541095890411,212.45,3.09468317552804,0,-16.0641,4.11759799833194,1.37608385686463,0.451685660266874,1.30108445697626,0.601283991047423,33.3877563865537,51.0347891166449,14.7976986383577,0.969,3.95608738968062,3.43920674799665,0.832442903389189,0.505112958942417
1986-06-18,0.13,435.85,10.67,10.67,766.77,1.619372780737268,658.41,27.06629,750.88,3.17552224503765,2.27054970568104,0.715016154973943,0.219528466253919,0.207214753166224,16.85,1.1541095890411,212.45,3.09468317552804,0,-16.0641,4.11759799833194,1.37608385686463,0.451685660266874,1.30108445697626,0.601283991047423,33.3877563865537,51.0347891166449,14.7976986383577,0.969,3.95608738968062,3.43920674799665,0.832442903389189,0.505112958942417
1986-06-19,1.85,429.33,11.69,11.69,898.1,1.3033181333901556,658.41,27.06629,750.88,3.17552224503765,2.27054970568104,0.715016154973943,0.219528466253919,0.207214753166224,16.85,1.1541095890411,212.45,3.09468317552804,0,-16.0641,4.11759799833194,1.37608385686463,0.451685660266874,1.30108445697626,0.601283991047423,33.3877563865537,51.0347891166449,14.7976986383577,0.969,3.95608738968062,3.43920674799665,0.832442903389189,0.505112958942417
1986-06-20,0.48,393.0,14.92,14.92,1105.9,1.17298632005114,658.41,27.06629,750.88,3.17552224503765,2.27054970568104,0.715016154973943,0.219528466253919,0.207214753166224,16.85,1.1541095890411,212.45,3.09468317552804,0,-16.0641,4.11759799833194,1.37608385686463,0.451685660266874,1.30108445697626,0.601283991047423,33.3877563865537,51.0347891166449,14.7976986383577,0.969,3.95608738968062,3.43920674799665,0.832442903389189,0.505112958942417
1986-06-21,0.0,574.5,13.28,13.28,890.78,0.9351307607074366,658.41,27.06629,750.88,3.17552224503765,2.27054970568104,0.715016154973943,0.219528466253919,0.207214753166224,16.85,1.1541095890411,212.45,3.09468317552804,0,-16.0641,4.11759799833194,1.37608385686463,0.451685660266874,1.30108445697626,0.601283991047423,33.3877563865537,51.0347891166449,14.7976986383577,0.969,3.95608738968062,3.43920674799665,0.832442903389189,0.505112958942417
1986-06-22,3.19,430.47,16.48,16.48,1148.88,0.7787325847006179,658.41,27.06629,750.88,3.17552224503765,2.27054970568104,0.715016154973943,0.219528466253919,0.207214753166224,16.85,1.1541095890411,212.45,3.09468317552804,0,-16.0641,4.11759799833194,1.37608385686463,0.451685660266874,1.30108445697626,0.601283991047423,33.3877563865537,51.0347891166449,14.7976986383577,0.969,3.95608738968062,3.43920674799665,0.832442903389189,0.505112958942417
1986-06-23,0.9,337.26,20.78,20.78,1553.49,0.7200832686980609,658.41,27.06629,750.88,3.17552224503765,2.27054970568104,0.715016154973943,0.219528466253919,0.207214753166224,16.85,1.1541095890411,212.45,3.09468317552804,0,-16.0641,4.11759799833194,1.37608385686463,0.451685660266874,1.30108445697626,0.601283991047423,33.3877563865537,51.0347891166449,14.7976986383577,0.969,3.95608738968062,3.43920674799665,0.832442903389189,0.505112958942417
1986-06-24,1.62,371.06,15.62,15.62,1095.49,0.6027846366929469,658.41,27.06629,750.88,3.17552224503765,2.27054970568104,0.715016154973943,0.219528466253919,0.207214753166224,16.85,1.1541095890411,212.45,3.09468317552804,0,-16.0641,4.11759799833194,1.37608385686463,0.451685660266874,1.30108445697626,0.601283991047423,33.3877563865537,51.0347891166449,14.7976986383577,0.969,3.95608738968062,3.43920674799665,0.832442903389189,0.505112958942417
1986-06-25,0.42,534.23,10.93,10.93,808.09,0.5408770253569145,658.41,27.06629,750.88,3.17552224503765,2.27054970568104,0.715016154973943,0.219528466253919,0.207214753166224,16.85,1.1541095890411,212.45,3.09468317552804,0,-16.0641,4.11759799833194,1.37608385686463,0.451685660266874,1.30108445697626,0.601283991047423,33.3877563865537,51.0347891166449,14.7976986383577,0.969,3.95608738968062,3.43920674799665,0.832442903389189,0.505112958942417
1986-06-26,0.87,435.75,12.99,12.99,937.83,0.46593623268698053,658.41,27.06629,750.88,3.17552224503765,2.27054970568104,0.715016154973943,0.219528466253919,0.207214753166224,16.85,1.1541095890411,212.45,3.09468317552804,0,-16.0641,4.11759799833194,1.37608385686463,0.451685660266874,1.30108445697626,0.601283991047423,33.3877563865537,51.0347891166449,14.7976986383577,0.969,3.95608738968062,3.43920674799665,0.832442903389189,0.505112958942417
1986-06-27,7.88,393.14,17.38,17.38,1318.96,0.4203200980183251,658.41,27.06629,750.88,3.17552224503765,2.27054970568104,0.715016154973943,0.219528466253919,0.207214753166224,16.85,1.1541095890411,212.45,3.09468317552804,0,-16.0641,4.11759799833194,1.37608385686463,0.451685660266874,1.30108445697626,0.601283991047423,33.3877563865537,51.0347891166449,14.7976986383577,0.969,3.95608738968062,3.43920674799665,0.832442903389189,0.505112958942417
1986-06-28,5.24,297.43,20.16,20.16,1631.99,0.54413532069039,658.41,27.06629,750.88,3.17552224503765,2.27054970568104,0.715016154973943,0.219528466253919,0.207214753166224,16.85,1.1541095890411,212.45,3.09468317552804,0,-16.0641,4.11759799833194,1.37608385686463,0.451685660266874,1.30108445697626,0.601283991047423,33.3877563865537,51.0347891166449,14.7976986383577,0.969,3.95608738968062,3.43920674799665,0.832442903389189,0.505112958942417
1986-06-29,3.48,343.7,18.44,18.44,1376.22,0.5767182740251438,658.41,27.06629,750.88,3.17552224503765,2.27054970568104,0.715016154973943,0.219528466253919,0.207214753166224,16.85,1.1541095890411,212.45,3.09468317552804,0,-16.0641,4.11759799833194,1.37608385686463,0.451685660266874,1.30108445697626,0.601283991047423,33.3877563865537,51.0347891166449,14.7976986383577,0.969,3.95608738968062,3.43920674799665,0.832442903389189,0.505112958942417
1986-06-30,0.73,520.36,14.63,14.63,993.17,0.46919452802045597,658.41,27.06629,750.88,3.17552224503765,2.27054970568104,0.715016154973943,0.219528466253919,0.207214753166224,16.85,1.1541095890411,212.45,3.09468317552804,0,-16.0641,4.11759799833194,1.37608385686463,0.451685660266874,1.30108445697626,0.601283991047423,33.3877563865537,51.0347891166449,14.7976986383577,0.969,3.95608738968062,3.43920674799665,0.832442903389189,0.505112958942417
1986-07-01,12.83,424.94,12.89,12.89,947.26,0.4203200980183251,658.41,27.06629,750.88,3.17552224503765,2.27054970568104,0.715016154973943,0.219528466253919,0.207214753166224,16.85,1.1541095890411,212.45,3.09468317552804,0,-16.0641,4.11759799833194,1.37608385686463,0.451685660266874,1.30108445697626,0.601283991047423,33.3877563865537,51.0347891166449,14.7976986383577,0.969,3.95608738968062,3.43920674799665,0.832442903389189,0.505112958942417
1986-07-02,4.13,303.16,15.06,15.06,1199.19,0.8601899680375026,658.41,27.06629,750.88,3.17552224503765,2.27054970568104,0.715016154973943,0.219528466253919,0.207214753166224,16.85,1.1541095890411,212.45,3.09468317552804,0,-16.0641,4.11759799833194,1.37608385686463,0.451685660266874,1.30108445697626,0.601283991047423,33.3877563865537,51.0347891166449,14.7976986383577,0.969,3.95608738968062,3.43920674799665,0.832442903389189,0.505112958942417
1986-07-03,0.2,411.78,14.16,14.16,1096.47,0.6255927040272746,658.41,27.06629,750.88,3.17552224503765,2.27054970568104,0.715016154973943,0.219528466253919,0.207214753166224,16.85,1.1541095890411,212.45,3.09468317552804,0,-16.0641,4.11759799833194,1.37608385686463,0.451685660266874,1.30108445697626,0.601283991047423,33.3877563865537,51.0347891166449,14.7976986383577,0.969,3.95608738968062,3.43920674799665,0.832442903389189,0.505112958942417
1986-07-04,0.0,571.92,13.4,13.4,996.44,0.4300949840187513,658.41,27.06629,750.88,3.17552224503765,2.27054970568104,0.715016154973943,0.219528466253919,0.207214753166224,16.85,1.1541095890411,212.45,3.09468317552804,0,-16.0641,4.11759799833194,1.37608385686463,0.451685660266874,1.30108445697626,0.601283991047423,33.3877563865537,51.0347891166449,14.7976986383577,0.969,3.95608738968062,3.43920674799665,0.832442903389189,0.505112958942417
1986-07-05,0.0,536.28,19.89,19.89,1434.17,0.3486376006818666,658.41,27.06629,750.88,3.17552224503765,2.27054970568104,0.715016154973943,0.219528466253919,0.207214753166224,16.85,1.1541095890411,212.45,3.09468317552804,0,-16.0641,4.11759799833194,1.37608385686463,0.451685660266874,1.30108445697626,0.601283991047423,33.3877563865537,51.0347891166449,14.7976986383577,0.969,3.95608738968062,3.43920674799665,0.832442903389189,0.505112958942417
1986-07-06,0.11,394.4,22.29,22.29,1700.44,0.293246580012785,658.41,27.06629,750.88,3.17552224503765,2.27054970568104,0.715016154973943,0.219528466253919,0.207214753166224,16.85,1.1541095890411,212.45,3.09468317552804,0,-16.0641,4.11759799833194,1.37608385686463,0.451685660266874,1.30108445697626,0.601283991047423,33.3877563865537,51.0347891166449,14.7976986383577,0.969,3.95608738968062,3.43920674799665,0.832442903389189,0.505112958942417
1986-07-07,3.39,380.36,23.04,23.04,1713.11,0.27043851267845725,658.41,27.06629,750.88,3.17552224503765,2.27054970568104,0.715016154973943,0.219528466253919,0.207214753166224,16.85,1.1541095890411,212.45,3.09468317552804,0,-16.0641,4.11759799833194,1.37608385686463,0.451685660266874,1.30108445697626,0.601283991047423,33.3877563865537,51.0347891166449,14.7976986383577,0.969,3.95608738968062,3.43920674799665,0.832442903389189,0.505112958942417
1986-07-08,8.2,395.13,20.6,20.6,1525.47,0.25414703601108035,658.41,27.06629,750.88,3.17552224503765,2.27054970568104,0.715016154973943,0.219528466253919,0.207214753166224,16.85,1.1541095890411,212.45,3.09468317552804,0,-16.0641,4.11759799833194,1.37608385686463,0.451685660266874,1.30108445697626,0.601283991047423,33.3877563865537,51.0347891166449,14.7976986383577,0.969,3.95608738968062,3.43920674799665,0.832442903389189,0.505112958942417
1986-07-09,4.6,279.56,19.59,19.59,1525.74,0.3486376006818666,658.41,27.06629,750.88,3.17552224503765,2.27054970568104,0.715016154973943,0.219528466253919,0.207214753166224,16.85,1.1541095890411,212.45,3.09468317552804,0,-16.0641,4.11759799833194,1.37608385686463,0.451685660266874,1.30108445697626,0.601283991047423,33.3877563865537,51.0347891166449,14.7976986383577,0.969,3.95608738968062,3.43920674799665,0.832442903389189,0.505112958942417
1986-07-10,1.27,411.2,15.09,15.09,1105.74,0.3193129426805881,658.41,27.06629,750.88,3.17552224503765,2.27054970568104,0.715016154973943,0.219528466253919,0.207214753166224,16.85,1.1541095890411,212.45,3.09468317552804,0,-16.0641,4.11759799833194,1.37608385686463,0.451685660266874,1.30108445697626,0.601283991047423,33.3877563865537,51.0347891166449,14.7976986383577,0.969,3.95608738968062,3.43920674799665,0.832442903389189,0.505112958942417
1986-07-11,19.5,359.25,14.65,14.65,1167.11,0.24437215001065415,658.41,27.06629,750.88,3.17552224503765,2.27054970568104,0.715016154973943,0.219528466253919,0.207214753166224,16.85,1.1541095890411,212.45,3.09468317552804,0,-16.0641,4.11759799833194,1.37608385686463,0.451685660266874,1.30108445697626,0.601283991047423,33.3877563865537,51.0347891166449,14.7976986383577,0.969,3.95608738968062,3.43920674799665,0.832442903389189,0.505112958942417
1986-07-12,11.87,289.13,16.37,16.37,1452.47,0.7168249733645855,658.41,27.06629,750.88,3.17552224503765,2.27054970568104,0.715016154973943,0.219528466253919,0.207214753166224,16.85,1.1541095890411,212.45,3.09468317552804,0,-16.0641,4.11759799833194,1.37608385686463,0.451685660266874,1.30108445697626,0.601283991047423,33.3877563865537,51.0347891166449,14.7976986383577,0.969,3.95608738968062,3.43920674799665,0.832442903389189,0.505112958942417
1986-07-13,7.14,259.43,19.46,19.46,1689.81,1.0328796207116981,658.41,27.06629,750.88,3.17552224503765,2.27054970568104,0.715016154973943,0.219528466253919,0.207214753166224,16.85,1.1541095890411,212.45,3.09468317552804,0,-16.0641,4.11759799833194,1.37608385686463,0.451685660266874,1.30108445697626,0.601283991047423,33.3877563865537,51.0347891166449,14.7976986383577,0.969,3.95608738968062,3.43920674799665,0.832442903389189,0.505112958942417
1986-07-14,1.93,309.89,17.74,17.74,1445.43,1.0133298487108457,658.41,27.06629,750.88,3.17552224503765,2.27054970568104,0.715016154973943,0.219528466253919,0.207214753166224,16.85,1.1541095890411,212.45,3.09468317552804,0,-16.0641,4.11759799833194,1.37608385686463,0.451685660266874,1.30108445697626,0.601283991047423,33.3877563865537,51.0347891166449,14.7976986383577,0.969,3.95608738968062,3.43920674799665,0.832442903389189,0.505112958942417
1986-07-15,1.62,395.9,16.77,16.77,1255.24,0.570201683358193,658.41,27.06629,750.88,3.17552224503765,2.27054970568104,0.715016154973943,0.219528466253919,0.207214753166224,16.85,1.1541095890411,212.45,3.09468317552804,0,-16.0641,4.11759799833194,1.37608385686463,0.451685660266874,1.30108445697626,0.601283991047423,33.3877563865537,51.0347891166449,14.7976986383577,0.969,3.95608738968062,3.43920674799665,0.832442903389189,0.505112958942417
1986-07-16,7.93,360.99,16.67,16.67,1316.85,0.4594196420200298,658.41,27.06629,750.88,3.17552224503765,2.27054970568104,0.715016154973943,0.219528466253919,0.207214753166224,16.85,1.1541095890411,212.45,3.09468317552804,0,-16.0641,4.11759799833194,1.37608385686463,0.451685660266874,1.30108445697626,0.601283991047423,33.3877563865537,51.0347891166449,14.7976986383577,0.969,3.95608738968062,3.43920674799665,0.832442903389189,0.505112958942417
1986-07-17,17.17,351.69,18.88,18.88,1574.28,0.5213272533560622,658.41,27.06629,750.88,3.17552224503765,2.27054970568104,0.715016154973943,0.219528466253919,0.207214753166224,16.85,1.1541095890411,212.45,3.09468317552804,0,-16.0641,4.11759799833194,1.37608385686463,0.451685660266874,1.30108445697626,0.601283991047423,33.3877563865537,51.0347891166449,14.7976986383577,0.969,3.95608738968062,3.43920674799665,0.832442903389189,0.505112958942417
1986-07-18,11.94,361.68,22.43,22.43,1844.89,2.730451489452376,658.41,27.06629,750.88,3.17552224503765,2.27054970568104,0.715016154973943,0.219528466253919,0.207214753166224,16.85,1.1541095890411,212.45,3.09468317552804,0,-16.0641,4.11759799833194,1.37608385686463,0.451685660266874,1.30108445697626,0.601283991047423,33.3877563865537,51.0347891166449,14.7976986383577,0.969,3.95608738968062,3.43920674799665,0.832442903389189,0.505112958942417
1986-07-19,6.27,353.94,22.61,22.61,1852.73,1.7366714127423823,658.41,27.06629,750.88,3.17552224503765,2.27054970568104,0.715016154973943,0.219528466253919,0.207214753166224,16.85,1.1541095890411,212.45,3.09468317552804,0,-16.0641,4.11759799833194,1.37608385686463,0.451685660266874,1.30108445697626,0.601283991047423,33.3877563865537,51.0347891166449,14.7976986383577,0.969,3.95608738968062,3.43920674799665,0.832442903389189,0.505112958942417
1986-07-20,7.79,333.25,21.69,21.69,1769.35,2.632702629448114,658.41,27.06629,750.88,3.17552224503765,2.27054970568104,0.715016154973943,0.219528466253919,0.207214753166224,16.85,1.1541095890411,212.45,3.09468317552804,0,-16.0641,4.11759799833194,1.37608385686463,0.451685660266874,1.30108445697626,0.601283991047423,33.3877563865537,51.0347891166449,14.7976986383577,0.969,3.95608738968062,3.43920674799665,0.832442903389189,0.505112958942417
1986-07-21,1.78,374.19,19.02,19.02,1514.63,2.010368220754315,658.41,27.06629,750.88,3.17552224503765,2.27054970568104,0.715016154973943,0.219528466253919,0.207214753166224,16.85,1.1541095890411,212.45,3.09468317552804,0,-16.0641,4.11759799833194,1.37608385686463,0.451685660266874,1.30108445697626,0.601283991047423,33.3877563865537,51.0347891166449,14.7976986383577,0.969,3.95608738968062,3.43920674799665,0.832442903389189,0.505112958942417
1986-07-22,0.0,538.86,17.12,17.12,1225.86,1.2479271127210738,658.41,27.06629,750.88,3.17552224503765,2.27054970568104,0.715016154973943,0.219528466253919,0.207214753166224,16.85,1.1541095890411,212.45,3.09468317552804,0,-16.0641,4.11759799833194,1.37608385686463,0.451685660266874,1.30108445697626,0.601283991047423,33.3877563865537,51.0347891166449,14.7976986383577,0.969,3.95608738968062,3.43920674799665,0.832442903389189,0.505112958942417
1986-07-23,0.0,546.08,18.39,18.39,1259.8,0.9449056467078627,658.41,27.06629,750.88,3.17552224503765,2.27054970568104,0.715016154973943,0.219528466253919,0.207214753166224,16.85,1.1541095890411,212.45,3.09468317552804,0,-16.0641,4.11759799833194,1.37608385686463,0.451685660266874,1.30108445697626,0.601283991047423,33.3877563865537,51.0347891166449,14.7976986383577,0.969,3.95608738968062,3.43920674799665,0.832442903389189,0.505112958942417
1986-07-24,0.04,486.37,19.78,19.78,1488.53,0.7624411080332409,658.41,27.06629,750.88,3.17552224503765,2.27054970568104,0.715016154973943,0.219528466253919,0.207214753166224,16.85,1.1541095890411,212.45,3.09468317552804,0,-16.0641,4.11759799833194,1.37608385686463,0.451685660266874,1.30108445697626,0.601283991047423,33.3877563865537,51.0347891166449,14.7976986383577,0.969,3.95608738968062,3.43920674799665,0.832442903389189,0.505112958942417
1986-07-25,1.5,365.22,22.65,22.65,1852.4,0.6581756573620285,658.41,27.06629,750.88,3.17552224503765,2.27054970568104,0.715016154973943,0.219528466253919,0.207214753166224,16.85,1.1541095890411,212.45,3.09468317552804,0,-16.0641,4.11759799833194,1.37608385686463,0.451685660266874,1.30108445697626,0.601283991047423,33.3877563865537,51.0347891166449,14.7976986383577,0.969,3.95608738968062,3.43920674799665,0.832442903389189,0.505112958942417
1986-07-26,4.41,300.66,22.49,22.49,1943.96,0.6972752013637332,658.41,27.06629,750.88,3.17552224503765,2.27054970568104,0.715016154973943,0.219528466253919,0.207214753166224,16.85,1.1541095890411,212.45,3.09468317552804,0,-16.0641,4.11759799833194,1.37608385686463,0.451685660266874,1.30108445697626,0.601283991047423,33.3877563865537,51.0347891166449,14.7976986383577,0.969,3.95608738968062,3.43920674799665,0.832442903389189,0.505112958942417
1986-07-27,1.37,287.97,20.82,20.82,1755.0,0.687500315363307,658.41,27.06629,750.88,3.17552224503765,2.27054970568104,0.715016154973943,0.219528466253919,0.207214753166224,16.85,1.1541095890411,212.45,3.09468317552804,0,-16.0641,4.11759799833194,1.37608385686463,0.451685660266874,1.30108445697626,0.601283991047423,33.3877563865537,51.0347891166449,14.7976986383577,0.969,3.95608738968062,3.43920674799665,0.832442903389189,0.505112958942417
1986-07-28,2.61,397.89,18.96,18.96,1465.22,0.5473936160238653,658.41,27.06629,750.88,3.17552224503765,2.27054970568104,0.715016154973943,0.219528466253919,0.207214753166224,16.85,1.1541095890411,212.45,3.09468317552804,0,-16.0641,4.11759799833194,1.37608385686463,0.451685660266874,1.30108445697626,0.601283991047423,33.3877563865537,51.0347891166449,14.7976986383577,0.969,3.95608738968062,3.43920674799665,0.832442903389189,0.505112958942417
1986-07-29,2.7,343.81,20.29,20.29,1640.43,0.4789694140208821,658.41,27.06629,750.88,3.17552224503765,2.27054970568104,0.715016154973943,0.219528466253919,0.207214753166224,16.85,1.1541095890411,212.45,3.09468317552804,0,-16.0641,4.11759799833194,1.37608385686463,0.451685660266874,1.30108445697626,0.601283991047423,33.3877563865537,51.0347891166449,14.7976986383577,0.969,3.95608738968062,3.43920674799665,0.832442903389189,0.505112958942417
1986-07-30,5.0,284.31,19.16,19.16,1643.82,0.46919452802045597,658.41,27.06629,750.88,3.17552224503765,2.27054970568104,0.715016154973943,0.219528466253919,0.207214753166224,16.85,1.1541095890411,212.45,3.09468317552804,0,-16.0641,4.11759799833194,1.37608385686463,0.451685660266874,1.30108445697626,0.601283991047423,33.3877563865537,51.0347891166449,14.7976986383577,0.969,3.95608738968062,3.43920674799665,0.832442903389189,0.505112958942417
1986-07-31,4.27,311.63,18.87,18.87,1598.82,0.54413532069039,658.41,27.06629,750.88,3.17552224503765,2.27054970568104,0.715016154973943,0.219528466253919,0.207214753166224,16.85,1.1541095890411,212.45,3.09468317552804,0,-16.0641,4.11759799833194,1.37608385686463,0.451685660266874,1.30108445697626,0.601283991047423,33.3877563865537,51.0347891166449,14.7976986383577,0.969,3.95608738968062,3.43920674799665,0.832442903389189,0.505112958942417
1986-08-01,11.68,313.67,17.83,17.83,1500.01,1.1208535947155336,658.41,27.06629,750.88,3.17552224503765,2.27054970568104,0.715016154973943,0.219528466253919,0.207214753166224,16.85,1.1541095890411,212.45,3.09468317552804,0,-16.0641,4.11759799833194,1.37608385686463,0.451685660266874,1.30108445697626,0.601283991047423,33.3877563865537,51.0347891166449,14.7976986383577,0.969,3.95608738968062,3.43920674799665,0.832442903389189,0.505112958942417
1986-08-02,3.05,395.05,18.39,18.39,1468.72,1.283768361389303,658.41,27.06629,750.88,3.17552224503765,2.27054970568104,0.715016154973943,0.219528466253919,0.207214753166224,16.85,1.1541095890411,212.45,3.09468317552804,0,-16.0641,4.11759799833194,1.37608385686463,0.451685660266874,1.30108445697626,0.601283991047423,33.3877563865537,51.0347891166449,14.7976986383577,0.969,3.95608738968062,3.43920674799665,0.832442903389189,0.505112958942417
1986-08-03,0.05,492.73,18.03,18.03,1335.34,0.7526662220328147,658.41,27.06629,750.88,3.17552224503765,2.27054970568104,0.715016154973943,0.219528466253919,0.207214753166224,16.85,1.1541095890411,212.45,3.09468317552804,0,-16.0641,4.11759799833194,1.37608385686463,0.451685660266874,1.30108445697626,0.601283991047423,33.3877563865537,51.0347891166449,14.7976986383577,0.969,3.95608738968062,3.43920674799665,0.832442903389189,0.505112958942417
1986-08-04,0.0,540.99,16.32,16.32,1145.28,0.5571685020242915,658.41,27.06629,750.88,3.17552224503765,2.27054970568104,0.715016154973943,0.219528466253919,0.207214753166224,16.85,1.1541095890411,212.45,3.09468317552804,0,-16.0641,4.11759799833194,1.37608385686463,0.451685660266874,1.30108445697626,0.601283991047423,33.3877563865537,51.0347891166449,14.7976986383577,0.969,3.95608738968062,3.43920674799665,0.832442903389189,0.505112958942417
1986-08-05,0.0,543.27,16.86,16.86,1178.54,0.4789694140208821,658.41,27.06629,750.88,3.17552224503765,2.27054970568104,0.715016154973943,0.219528466253919,0.207214753166224,16.85,1.1541095890411,212.45,3.09468317552804,0,-16.0641,4.11759799833194,1.37608385686463,0.451685660266874,1.30108445697626,0.601283991047423,33.3877563865537,51.0347891166449,14.7976986383577,0.969,3.95608738968062,3.43920674799665,0.832442903389189,0.505112958942417
1986-08-06,7.4,394.3,18.47,18.47,1370.71,0.4138035073513744,658.41,27.06629,750.88,3.17552224503765,2.27054970568104,0.715016154973943,0.219528466253919,0.207214753166224,16.85,1.1541095890411,212.45,3.09468317552804,0,-16.0641,4.11759799833194,1.37608385686463,0.451685660266874,1.30108445697626,0.601283991047423,33.3877563865537,51.0347891166449,14.7976986383577,0.969,3.95608738968062,3.43920674799665,0.832442903389189,0.505112958942417
1986-08-07,4.28,367.38,19.86,19.86,1575.57,0.6451424760281269,658.41,27.06629,750.88,3.17552224503765,2.27054970568104,0.715016154973943,0.219528466253919,0.207214753166224,16.85,1.1541095890411,212.45,3.09468317552804,0,-16.0641,4.11759799833194,1.37608385686463,0.451685660266874,1.30108445697626,0.601283991047423,33.3877563865537,51.0347891166449,14.7976986383577,0.969,3.95608738968062,3.43920674799665,0.832442903389189,0.505112958942417
1986-08-08,4.95,324.34,20.17,20.17,1689.98,0.5571685020242915,658.41,27.06629,750.88,3.17552224503765,2.27054970568104,0.715016154973943,0.219528466253919,0.207214753166224,16.85,1.1541095890411,212.45,3.09468317552804,0,-16.0641,4.11759799833194,1.37608385686463,0.451685660266874,1.30108445697626,0.601283991047423,33.3877563865537,51.0347891166449,14.7976986383577,0.969,3.95608738968062,3.43920674799665,0.832442903389189,0.505112958942417
1986-08-09,2.74,305.92,19.68,19.68,1620.04,0.5213272533560622,658.41,27.06629,750.88,3.17552224503765,2.27054970568104,0.715016154973943,0.219528466253919,0.207214753166224,16.85,1.1541095890411,212.45,3.09468317552804,0,-16.0641,4.11759799833194,1.37608385686463,0.451685660266874,1.30108445697626,0.601283991047423,33.3877563865537,51.0347891166449,14.7976986383577,0.969,3.95608738968062,3.43920674799665,0.832442903389189,0.505112958942417
1986-08-10,9.7,371.23,16.34,16.34,1311.03,0.4366115746857021,658.41,27.06629,750.88,3.17552224503765,2.27054970568104,0.715016154973943,0.219528466253919,0.207214753166224,16.85,1.1541095890411,212.45,3.09468317552804,0,-16.0641,4.11759799833194,1.37608385686463,0.451685660266874,1.30108445697626,0.601283991047423,33.3877563865537,51.0347891166449,14.7976986383577,0.969,3.95608738968062,3.43920674799665,0.832442903389189,0.505112958942417
1986-08-11,2.64,390.0,17.23,17.23,1308.55,0.7135666780311101,658.41,27.06629,750.88,3.17552224503765,2.27054970568104,0.715016154973943,0.219528466253919,0.207214753166224,16.85,1.1541095890411,212.45,3.09468317552804,0,-16.0641,4.11759799833194,1.37608385686463,0.451685660266874,1.30108445697626,0.601283991047423,33.3877563865537,51.0347891166449,14.7976986383577,0.969,3.95608738968062,3.43920674799665,0.832442903389189,0.505112958942417
1986-08-12,0.05,545.14,13.72,13.72,970.67,0.46919452802045597,658.41,27.06629,750.88,3.17552224503765,2.27054970568104,0.715016154973943,0.219528466253919,0.207214753166224,16.85,1.1541095890411,212.45,3.09468317552804,0,-16.0641,4.11759799833194,1.37608385686463,0.451685660266874,1.30108445697626,0.601283991047423,33.3877563865537,51.0347891166449,14.7976986383577,0.969,3.95608738968062,3.43920674799665,0.832442903389189,0.505112958942417
1986-08-13,0.04,531.01,14.53,14.53,1023.34,0.36818737268271895,658.41,27.06629,750.88,3.17552224503765,2.27054970568104,0.715016154973943,0.219528466253919,0.207214753166224,16.85,1.1541095890411,212.45,3.09468317552804,0,-16.0641,4.11759799833194,1.37608385686463,0.451685660266874,1.30108445697626,0.601283991047423,33.3877563865537,51.0347891166449,14.7976986383577,0.969,3.95608738968062,3.43920674799665,0.832442903389189,0.505112958942417
1986-08-14,1.31,404.52,16.8,16.8,1275.82,0.3193129426805881,658.41,27.06629,750.88,3.17552224503765,2.27054970568104,0.715016154973943,0.219528466253919,0.207214753166224,16.85,1.1541095890411,212.45,3.09468317552804,0,-16.0641,4.11759799833194,1.37608385686463,0.451685660266874,1.30108445697626,0.601283991047423,33.3877563865537,51.0347891166449,14.7976986383577,0.969,3.95608738968062,3.43920674799665,0.832442903389189,0.505112958942417
1986-08-15,7.8,348.57,20.55,20.55,1657.23,0.293246580012785,658.41,27.06629,750.88,3.17552224503765,2.27054970568104,0.715016154973943,0.219528466253919,0.207214753166224,16.85,1.1541095890411,212.45,3.09468317552804,0,-16.0641,4.11759799833194,1.37608385686463,0.451685660266874,1.30108445697626,0.601283991047423,33.3877563865537,51.0347891166449,14.7976986383577,0.969,3.95608738968062,3.43920674799665,0.832442903389189,0.505112958942417
1986-08-16,2.08,445.63,21.09,21.09,1703.71,0.49851918602173445,658.41,27.06629,750.88,3.17552224503765,2.27054970568104,0.715016154973943,0.219528466253919,0.207214753166224,16.85,1.1541095890411,212.45,3.09468317552804,0,-16.0641,4.11759799833194,1.37608385686463,0.451685660266874,1.30108445697626,0.601283991047423,33.3877563865537,51.0347891166449,14.7976986383577,0.969,3.95608738968062,3.43920674799665,0.832442903389189,0.505112958942417
1986-08-17,2.52,355.75,21.25,21.25,1695.63,0.3779622586831451,658.41,27.06629,750.88,3.17552224503765,2.27054970568104,0.715016154973943,0.219528466253919,0.207214753166224,16.85,1.1541095890411,212.45,3.09468317552804,0,-16.0641,4.11759799833194,1.37608385686463,0.451685660266874,1.30108445697626,0.601283991047423,33.3877563865537,51.0347891166449,14.7976986383577,0.969,3.95608738968062,3.43920674799665,0.832442903389189,0.505112958942417
1986-08-18,0.9,439.07,20.66,20.66,1608.64,0.3388627146814404,658.41,27.06629,750.88,3.17552224503765,2.27054970568104,0.715016154973943,0.219528466253919,0.207214753166224,16.85,1.1541095890411,212.45,3.09468317552804,0,-16.0641,4.11759799833194,1.37608385686463,0.451685660266874,1.30108445697626,0.601283991047423,33.3877563865537,51.0347891166449,14.7976986383577,0.969,3.95608738968062,3.43920674799665,0.832442903389189,0.505112958942417
1986-08-19,0.06,481.31,19.01,19.01,1421.52,0.2899882846793096,658.41,27.06629,750.88,3.17552224503765,2.27054970568104,0.715016154973943,0.219528466253919,0.207214753166224,16.85,1.1541095890411,212.45,3.09468317552804,0,-16.0641,4.11759799833194,1.37608385686463,0.451685660266874,1.30108445697626,0.601283991047423,33.3877563865537,51.0347891166449,14.7976986383577,0.969,3.95608738968062,3.43920674799665,0.832442903389189,0.505112958942417
1986-08-20,0.0,497.03,18.39,18.39,1357.2,0.24763044534412954,658.41,27.06629,750.88,3.17552224503765,2.27054970568104,0.715016154973943,0.219528466253919,0.207214753166224,16.85,1.1541095890411,212.45,3.09468317552804,0,-16.0641,4.11759799833194,1.37608385686463,0.451685660266874,1.30108445697626,0.601283991047423,33.3877563865537,51.0347891166449,14.7976986383577,0.969,3.95608738968062,3.43920674799665,0.832442903389189,0.505112958942417
1986-08-21,0.06,328.46,18.14,18.14,1453.33,0.2313389686767526,658.41,27.06629,750.88,3.17552224503765,2.27054970568104,0.715016154973943,0.219528466253919,0.207214753166224,16.85,1.1541095890411,212.45,3.09468317552804,0,-16.0641,4.11759799833194,1.37608385686463,0.451685660266874,1.30108445697626,0.601283991047423,33.3877563865537,51.0347891166449,14.7976986383577,0.969,3.95608738968062,3.43920674799665,0.832442903389189,0.505112958942417
1986-08-22,1.7,292.68,17.75,17.75,1477.17,0.2313389686767526,658.41,27.06629,750.88,3.17552224503765,2.27054970568104,0.715016154973943,0.219528466253919,0.207214753166224,16.85,1.1541095890411,212.45,3.09468317552804,0,-16.0641,4.11759799833194,1.37608385686463,0.451685660266874,1.30108445697626,0.601283991047423,33.3877563865537,51.0347891166449,14.7976986383577,0.969,3.95608738968062,3.43920674799665,0.832442903389189,0.505112958942417
1986-08-23,9.07,344.97,17.01,17.01,1349.27,0.23459726401022798,658.41,27.06629,750.88,3.17552224503765,2.27054970568104,0.715016154973943,0.219528466253919,0.207214753166224,16.85,1.1541095890411,212.45,3.09468317552804,0,-16.0641,4.11759799833194,1.37608385686463,0.451685660266874,1.30108445697626,0.601283991047423,33.3877563865537,51.0347891166449,14.7976986383577,0.969,3.95608738968062,3.43920674799665,0.832442903389189,0.505112958942417
1986-08-24,2.56,396.64,15.64,15.64,1200.5,0.41706180268484977,658.41,27.06629,750.88,3.17552224503765,2.27054970568104,0.715016154973943,0.219528466253919,0.207214753166224,16.85,1.1541095890411,212.45,3.09468317552804,0,-16.0641,4.11759799833194,1.37608385686463,0.451685660266874,1.30108445697626,0.601283991047423,33.3877563865537,51.0347891166449,14.7976986383577,0.969,3.95608738968062,3.43920674799665,0.832442903389189,0.505112958942417
1986-08-25,0.15,411.51,12.25,12.25,938.35,0.25740533134455573,658.41,27.06629,750.88,3.17552224503765,2.27054970568104,0.715016154973943,0.219528466253919,0.207214753166224,16.85,1.1541095890411,212.45,3.09468317552804,0,-16.0641,4.11759799833194,1.37608385686463,0.451685660266874,1.30108445697626,0.601283991047423,33.3877563865537,51.0347891166449,14.7976986383577,0.969,3.95608738968062,3.43920674799665,0.832442903389189,0.505112958942417
1986-08-26,2.02,385.43,15.13,15.13,1119.62,0.21830578734285105,658.41,27.06629,750.88,3.17552224503765,2.27054970568104,0.715016154973943,0.219528466253919,0.207214753166224,16.85,1.1541095890411,212.45,3.09468317552804,0,-16.0641,4.11759799833194,1.37608385686463,0.451685660266874,1.30108445697626,0.601283991047423,33.3877563865537,51.0347891166449,14.7976986383577,0.969,3.95608738968062,3.43920674799665,0.832442903389189,0.505112958942417
1986-08-27,1.75,310.42,17.87,17.87,1345.36,0.20853090134242488,658.41,27.06629,750.88,3.17552224503765,2.27054970568104,0.715016154973943,0.219528466253919,0.207214753166224,16.85,1.1541095890411,212.45,3.09468317552804,0,-16.0641,4.11759799833194,1.37608385686463,0.451685660266874,1.30108445697626,0.601283991047423,33.3877563865537,51.0347891166449,14.7976986383577,0.969,3.95608738968062,3.43920674799665,0.832442903389189,0.505112958942417
1986-08-28,1.86,338.97,11.6,11.6,908.88,0.2020143106754741,658.41,27.06629,750.88,3.17552224503765,2.27054970568104,0.715016154973943,0.219528466253919,0.207214753166224,16.85,1.1541095890411,212.45,3.09468317552804,0,-16.0641,4.11759799833194,1.37608385686463,0.451685660266874,1.30108445697626,0.601283991047423,33.3877563865537,51.0347891166449,14.7976986383577,0.969,3.95608738968062,3.43920674799665,0.832442903389189,0.505112958942417
1986-08-29,0.45,505.52,8.07,8.07,677.92,0.19223942467504793,658.41,27.06629,750.88,3.17552224503765,2.27054970568104,0.715016154973943,0.219528466253919,0.207214753166224,16.85,1.1541095890411,212.45,3.09468317552804,0,-16.0641,4.11759799833194,1.37608385686463,0.451685660266874,1.30108445697626,0.601283991047423,33.3877563865537,51.0347891166449,14.7976986383577,0.969,3.95608738968062,3.43920674799665,0.832442903389189,0.505112958942417
1986-08-30,0.01,519.73,10.1,10.1,736.57,0.18246453867462176,658.41,27.06629,750.88,3.17552224503765,2.27054970568104,0.715016154973943,0.219528466253919,0.207214753166224,16.85,1.1541095890411,212.45,3.09468317552804,0,-16.0641,4.11759799833194,1.37608385686463,0.451685660266874,1.30108445697626,0.601283991047423,33.3877563865537,51.0347891166449,14.7976986383577,0.969,3.95608738968062,3.43920674799665,0.832442903389189,0.505112958942417
1986-08-31,0.0,515.31,11.97,11.97,824.14,0.1726896526741956,658.41,27.06629,750.88,3.17552224503765,2.27054970568104,0.715016154973943,0.219528466253919,0.207214753166224,16.85,1.1541095890411,212.45,3.09468317552804,0,-16.0641,4.11759799833194,1.37608385686463,0.451685660266874,1.30108445697626,0.601283991047423,33.3877563865537,51.0347891166449,14.7976986383577,0.969,3.95608738968062,3.43920674799665,0.832442903389189,0.505112958942417
1986-09-01,0.0,504.13,13.46,13.46,928.75,0.16291476667376945,658.41,27.06629,750.88,3.17552224503765,2.27054970568104,0.715016154973943,0.219528466253919,0.207214753166224,16.85,1.1541095890411,212.45,3.09468317552804,0,-16.0641,4.11759799833194,1.37608385686463,0.451685660266874,1.30108445697626,0.601283991047423,33.3877563865537,51.0347891166449,14.7976986383577,0.969,3.95608738968062,3.43920674799665,0.832442903389189,0.505112958942417
1986-09-02,0.0,491.76,15.27,15.27,1046.29,0.15313988067334328,658.41,27.06629,750.88,3.17552224503765,2.27054970568104,0.715016154973943,0.219528466253919,0.207214753166224,16.85,1.1541095890411,212.45,3.09468317552804,0,-16.0641,4.11759799833194,1.37608385686463,0.451685660266874,1.30108445697626,0.601283991047423,33.3877563865537,51.0347891166449,14.7976986383577,0.969,3.95608738968062,3.43920674799665,0.832442903389189,0.505112958942417
1986-09-03,0.01,472.53,15.4,15.4,1099.3,0.1466232900063925,658.41,27.06629,750.88,3.17552224503765,2.27054970568104,0.715016154973943,0.219528466253919,0.207214753166224,16.85,1.1541095890411,212.45,3.09468317552804,0,-16.0641,4.11759799833194,1.37608385686463,0.451685660266874,1.30108445697626,0.601283991047423,33.3877563865537,51.0347891166449,14.7976986383577,0.969,3.95608738968062,3.43920674799665,0.832442903389189,0.505112958942417
1986-09-04,1.19,255.4,15.69,15.69,1360.99,0.1433649946729171,658.41,27.06629,750.88,3.17552224503765,2.27054970568104,0.715016154973943,0.219528466253919,0.207214753166224,16.85,1.1541095890411,212.45,3.09468317552804,0,-16.0641,4.11759799833194,1.37608385686463,0.451685660266874,1.30108445697626,0.601283991047423,33.3877563865537,51.0347891166449,14.7976986383577,0.969,3.95608738968062,3.43920674799665,0.832442903389189,0.505112958942417
1986-09-05,0.63,193.33,18.12,18.12,1558.16,0.14988158533986787,658.41,27.06629,750.88,3.17552224503765,2.27054970568104,0.715016154973943,0.219528466253919,0.207214753166224,16.85,1.1541095890411,212.45,3.09468317552804,0,-16.0641,4.11759799833194,1.37608385686463,0.451685660266874,1.30108445697626,0.601283991047423,33.3877563865537,51.0347891166449,14.7976986383577,0.969,3.95608738968062,3.43920674799665,0.832442903389189,0.505112958942417
1986-09-06,0.11,423.35,13.54,13.54,1024.61,0.1466232900063925,658.41,27.06629,750.88,3.17552224503765,2.27054970568104,0.715016154973943,0.219528466253919,0.207214753166224,16.85,1.1541095890411,212.45,3.09468317552804,0,-16.0641,4.11759799833194,1.37608385686463,0.451685660266874,1.30108445697626,0.601283991047423,33.3877563865537,51.0347891166449,14.7976986383577,0.969,3.95608738968062,3.43920674799665,0.832442903389189,0.505112958942417
1986-09-07,0.01,444.03,11.24,11.24,821.78,0.13033181333901556,658.41,27.06629,750.88,3.17552224503765,2.27054970568104,0.715016154973943,0.219528466253919,0.207214753166224,16.85,1.1541095890411,212.45,3.09468317552804,0,-16.0641,4.11759799833194,1.37608385686463,0.451685660266874,1.30108445697626,0.601283991047423,33.3877563865537,51.0347891166449,14.7976986383577,0.969,3.95608738968062,3.43920674799665,0.832442903389189,0.505112958942417
1986-09-08,0.0,508.75,7.7,7.7,612.65,0.12707351800554018,658.41,27.06629,750.88,3.17552224503765,2.27054970568104,0.715016154973943,0.219528466253919,0.207214753166224,16.85,1.1541095890411,212.45,3.09468317552804,0,-16.0641,4.11759799833194,1.37608385686463,0.451685660266874,1.30108445697626,0.601283991047423,33.3877563865537,51.0347891166449,14.7976986383577,0.969,3.95608738968062,3.43920674799665,0.832442903389189,0.505112958942417
1986-09-09,0.0,499.4,10.25,10.25,720.49,0.12381522267206477,658.41,27.06629,750.88,3.17552224503765,2.27054970568104,0.715016154973943,0.219528466253919,0.207214753166224,16.85,1.1541095890411,212.45,3.09468317552804,0,-16.0641,4.11759799833194,1.37608385686463,0.451685660266874,1.30108445697626,0.601283991047423,33.3877563865537,51.0347891166449,14.7976986383577,0.969,3.95608738968062,3.43920674799665,0.832442903389189,0.505112958942417
1986-09-10,0.0,484.64,13.73,13.73,1021.02,0.12055692733858939,658.41,27.06629,750.88,3.17552224503765,2.27054970568104,0.715016154973943,0.219528466253919,0.207214753166224,16.85,1.1541095890411,212.45,3.09468317552804,0,-16.0641,4.11759799833194,1.37608385686463,0.451685660266874,1.30108445697626,0.601283991047423,33.3877563865537,51.0347891166449,14.7976986383577,0.969,3.95608738968062,3.43920674799665,0.832442903389189,0.505112958942417
1986-09-11,0.58,277.17,19.66,19.66,1585.07,0.11404033667163861,658.41,27.06629,750.88,3.17552224503765,2.27054970568104,0.715016154973943,0.219528466253919,0.207214753166224,16.85,1.1541095890411,212.45,3.09468317552804,0,-16.0641,4.11759799833194,1.37608385686463,0.451685660266874,1.30108445697626,0.601283991047423,33.3877563865537,51.0347891166449,14.7976986383577,0.969,3.95608738968062,3.43920674799665,0.832442903389189,0.505112958942417
1986-09-12,0.61,295.77,19.18,19.18,1430.92,0.11404033667163861,658.41,27.06629,750.88,3.17552224503765,2.27054970568104,0.715016154973943,0.219528466253919,0.207214753166224,16.85,1.1541095890411,212.45,3.09468317552804,0,-16.0641,4.11759799833194,1.37608385686463,0.451685660266874,1.30108445697626,0.601283991047423,33.3877563865537,51.0347891166449,14.7976986383577,0.969,3.95608738968062,3.43920674799665,0.832442903389189,0.505112958942417
1986-09-13,0.29,358.61,12.16,12.16,843.48,0.11404033667163861,658.41,27.06629,750.88,3.17552224503765,2.27054970568104,0.715016154973943,0.219528466253919,0.207214753166224,16.85,1.1541095890411,212.45,3.09468317552804,0,-16.0641,4.11759799833194,1.37608385686463,0.451685660266874,1.30108445697626,0.601283991047423,33.3877563865537,51.0347891166449,14.7976986383577,0.969,3.95608738968062,3.43920674799665,0.832442903389189,0.505112958942417
1986-09-14,0.99,374.38,9.1,9.1,670.7,0.11078204133816322,658.41,27.06629,750.88,3.17552224503765,2.27054970568104,0.715016154973943,0.219528466253919,0.207214753166224,16.85,1.1541095890411,212.45,3.09468317552804,0,-16.0641,4.11759799833194,1.37608385686463,0.451685660266874,1.30108445697626,0.601283991047423,33.3877563865537,51.0347891166449,14.7976986383577,0.969,3.95608738968062,3.43920674799665,0.832442903389189,0.505112958942417
1986-09-15,3.2,343.88,9.92,9.92,734.04,0.10752374600468782,658.41,27.06629,750.88,3.17552224503765,2.27054970568104,0.715016154973943,0.219528466253919,0.207214753166224,16.85,1.1541095890411,212.45,3.09468317552804,0,-16.0641,4.11759799833194,1.37608385686463,0.451685660266874,1.30108445697626,0.601283991047423,33.3877563865537,51.0347891166449,14.7976986383577,0.969,3.95608738968062,3.43920674799665,0.832442903389189,0.505112958942417
1986-09-16,0.78,445.49,9.42,9.42,708.05,0.11729863200511399,658.41,27.06629,750.88,3.17552224503765,2.27054970568104,0.715016154973943,0.219528466253919,0.207214753166224,16.85,1.1541095890411,212.45,3.09468317552804,0,-16.0641,4.11759799833194,1.37608385686463,0.451685660266874,1.30108445697626,0.601283991047423,33.3877563865537,51.0347891166449,14.7976986383577,0.969,3.95608738968062,3.43920674799665,0.832442903389189,0.505112958942417
1986-09-17,2.28,360.29,7.72,7.72,645.0,0.11729863200511399,658.41,27.06629,750.88,3.17552224503765,2.27054970568104,0.715016154973943,0.219528466253919,0.207214753166224,16.85,1.1541095890411,212.45,3.09468317552804,0,-16.0641,4.11759799833194,1.37608385686463,0.451685660266874,1.30108445697626,0.601283991047423,33.3877563865537,51.0347891166449,14.7976986383577,0.969,3.95608738968062,3.43920674799665,0.832442903389189,0.505112958942417
1986-09-18,7.44,320.03,9.19,9.19,790.57,0.12055692733858939,658.41,27.06629,750.88,3.17552224503765,2.27054970568104,0.715016154973943,0.219528466253919,0.207214753166224,16.85,1.1541095890411,212.45,3.09468317552804,0,-16.0641,4.11759799833194,1.37608385686463,0.451685660266874,1.30108445697626,0.601283991047423,33.3877563865537,51.0347891166449,14.7976986383577,0.969,3.95608738968062,3.43920674799665,0.832442903389189,0.505112958942417
1986-09-19,3.49,279.9,12.81,12.81,1060.91,0.16291476667376945,658.41,27.06629,750.88,3.17552224503765,2.27054970568104,0.715016154973943,0.219528466253919,0.207214753166224,16.85,1.1541095890411,212.45,3.09468317552804,0,-16.0641,4.11759799833194,1.37608385686463,0.451685660266874,1.30108445697626,0.601283991047423,33.3877563865537,51.0347891166449,14.7976986383577,0.969,3.95608738968062,3.43920674799665,0.832442903389189,0.505112958942417
1986-09-20,2.24,274.26,14.76,14.76,1211.67,0.15965647134029404,658.41,27.06629,750.88,3.17552224503765,2.27054970568104,0.715016154973943,0.219528466253919,0.207214753166224,16.85,1.1541095890411,212.45,3.09468317552804,0,-16.0641,4.11759799833194,1.37608385686463,0.451685660266874,1.30108445697626,0.601283991047423,33.3877563865537,51.0347891166449,14.7976986383577,0.969,3.95608738968062,3.43920674799665,0.832442903389189,0.505112958942417
1986-09-21,0.88,202.3,14.98,14.98,1246.18,0.17594794800767097,658.41,27.06629,750.88,3.17552224503765,2.27054970568104,0.715016154973943,0.219528466253919,0.207214753166224,16.85,1.1541095890411,212.45,3.09468317552804,0,-16.0641,4.11759799833194,1.37608385686463,0.451685660266874,1.30108445697626,0.601283991047423,33.3877563865537,51.0347891166449,14.7976986383577,0.969,3.95608738968062,3.43920674799665,0.832442903389189,0.505112958942417
1986-09-22,6.17,305.54,12.2,12.2,1061.23,0.15639817600681866,658.41,27.06629,750.88,3.17552224503765,2.27054970568104,0.715016154973943,0.219528466253919,0.207214753166224,16.85,1.1541095890411,212.45,3.09468317552804,0,-16.0641,4.11759799833194,1.37608385686463,0.451685660266874,1.30108445697626,0.601283991047423,33.3877563865537,51.0347891166449,14.7976986383577,0.969,3.95608738968062,3.43920674799665,0.832442903389189,0.505112958942417
1986-09-23,7.42,194.49,16.35,16.35,1446.76,0.24763044534412954,658.41,27.06629,750.88,3.17552224503765,2.27054970568104,0.715016154973943,0.219528466253919,0.207214753166224,16.85,1.1541095890411,212.45,3.09468317552804,0,-16.0641,4.11759799833194,1.37608385686463,0.451685660266874,1.30108445697626,0.601283991047423,33.3877563865537,51.0347891166449,14.7976986383577,0.969,3.95608738968062,3.43920674799665,0.832442903389189,0.505112958942417
1986-09-24,2.09,271.14,18.22,18.22,1524.6,0.4594196420200298,658.41,27.06629,750.88,3.17552224503765,2.27054970568104,0.715016154973943,0.219528466253919,0.207214753166224,16.85,1.1541095890411,212.45,3.09468317552804,0,-16.0641,4.11759799833194,1.37608385686463,0.451685660266874,1.30108445697626,0.601283991047423,33.3877563865537,51.0347891166449,14.7976986383577,0.969,3.95608738968062,3.43920674799665,0.832442903389189,0.505112958942417
1986-09-25,6.91,285.06,15.53,15.53,1271.19,0.20853090134242488,658.41,27.06629,750.88,3.17552224503765,2.27054970568104,0.715016154973943,0.219528466253919,0.207214753166224,16.85,1.1541095890411,212.45,3.09468317552804,0,-16.0641,4.11759799833194,1.37608385686463,0.451685660266874,1.30108445697626,0.601283991047423,33.3877563865537,51.0347891166449,14.7976986383577,0.969,3.95608738968062,3.43920674799665,0.832442903389189,0.505112958942417
1986-09-26,19.88,251.79,17.4,17.4,1436.92,0.7070500873641594,658.41,27.06629,750.88,3.17552224503765,2.27054970568104,0.715016154973943,0.219528466253919,0.207214753166224,16.85,1.1541095890411,212.45,3.09468317552804,0,-16.0641,4.11759799833194,1.37608385686463,0.451685660266874,1.30108445697626,0.601283991047423,33.3877563865537,51.0347891166449,14.7976986383577,0.969,3.95608738968062,3.43920674799665,0.832442903389189,0.505112958942417
1986-09-27,7.09,208.62,16.89,16.89,1480.47,1.7790292520775621,658.41,27.06629,750.88,3.17552224503765,2.27054970568104,0.715016154973943,0.219528466253919,0.207214753166224,16.85,1.1541095890411,212.45,3.09468317552804,0,-16.0641,4.11759799833194,1.37608385686463,0.451685660266874,1.30108445697626,0.601283991047423,33.3877563865537,51.0347891166449,14.7976986383577,0.969,3.95608738968062,3.43920674799665,0.832442903389189,0.505112958942417
1986-09-28,0.85,265.68,18.08,18.08,1578.47,0.9449056467078627,658.41,27.06629,750.88,3.17552224503765,2.27054970568104,0.715016154973943,0.219528466253919,0.207214753166224,16.85,1.1541095890411,212.45,3.09468317552804,0,-16.0641,4.11759799833194,1.37608385686463,0.451685660266874,1.30108445697626,0.601283991047423,33.3877563865537,51.0347891166449,14.7976986383577,0.969,3.95608738968062,3.43920674799665,0.832442903389189,0.505112958942417
1986-09-29,4.13,269.08,19.6,19.6,1693.67,0.511552367355636,658.41,27.06629,750.88,3.17552224503765,2.27054970568104,0.715016154973943,0.219528466253919,0.207214753166224,16.85,1.1541095890411,212.45,3.09468317552804,0,-16.0641,4.11759799833194,1.37608385686463,0.451685660266874,1.30108445697626,0.601283991047423,33.3877563865537,51.0347891166449,14.7976986383577,0.969,3.95608738968062,3.43920674799665,0.832442903389189,0.505112958942417
1986-09-30,6.73,234.13,22.11,22.11,1882.58,0.7168249733645855,658.41,27.06629,750.88,3.17552224503765,2.27054970568104,0.715016154973943,0.219528466253919,0.207214753166224,16.85,1.1541095890411,212.45,3.09468317552804,0,-16.0641,4.11759799833194,1.37608385686463,0.451685660266874,1.30108445697626,0.601283991047423,33.3877563865537,51.0347891166449,14.7976986383577,0.969,3.95608738968062,3.43920674799665,0.832442903389189,0.505112958942417
1986-10-01,5.45,277.77,18.84,18.84,1510.84,1.0100715533773705,658.41,27.06629,750.88,3.17552224503765,2.27054970568104,0.715016154973943,0.219528466253919,0.207214753166224,16.85,1.1541095890411,212.45,3.09468317552804,0,-16.0641,4.11759799833194,1.37608385686463,0.451685660266874,1.30108445697626,0.601283991047423,33.3877563865537,51.0347891166449,14.7976986383577,0.969,3.95608738968062,3.43920674799665,0.832442903389189,0.505112958942417
1986-10-02,5.59,158.95,16.73,16.73,1429.54,0.6646922480289793,658.41,27.06629,750.88,3.17552224503765,2.27054970568104,0.715016154973943,0.219528466253919,0.207214753166224,16.85,1.1541095890411,212.45,3.09468317552804,0,-16.0641,4.11759799833194,1.37608385686463,0.451685660266874,1.30108445697626,0.601283991047423,33.3877563865537,51.0347891166449,14.7976986383577,0.969,3.95608738968062,3.43920674799665,0.832442903389189,0.505112958942417
1986-10-03,23.89,240.97,13.57,13.57,1242.81,1.3554508587257617,658.41,27.06629,750.88,3.17552224503765,2.27054970568104,0.715016154973943,0.219528466253919,0.207214753166224,16.85,1.1541095890411,212.45,3.09468317552804,0,-16.0641,4.11759799833194,1.37608385686463,0.451685660266874,1.30108445697626,0.601283991047423,33.3877563865537,51.0347891166449,14.7976986383577,0.969,3.95608738968062,3.43920674799665,0.832442903389189,0.505112958942417
1986-10-04,10.07,155.56,16.24,16.24,1431.34,5.376187300234391,658.41,27.06629,750.88,3.17552224503765,2.27054970568104,0.715016154973943,0.219528466253919,0.207214753166224,16.85,1.1541095890411,212.45,3.09468317552804,0,-16.0641,4.11759799833194,1.37608385686463,0.451685660266874,1.30108445697626,0.601283991047423,33.3877563865537,51.0347891166449,14.7976986383577,0.969,3.95608738968062,3.43920674799665,0.832442903389189,0.505112958942417
1986-10-05,3.15,263.44,12.38,12.38,1024.87,2.717418308118474,658.41,27.06629,750.88,3.17552224503765,2.27054970568104,0.715016154973943,0.219528466253919,0.207214753166224,16.85,1.1541095890411,212.45,3.09468317552804,0,-16.0641,4.11759799833194,1.37608385686463,0.451685660266874,1.30108445697626,0.601283991047423,33.3877563865537,51.0347891166449,14.7976986383577,0.969,3.95608738968062,3.43920674799665,0.832442903389189,0.505112958942417
1986-10-06,0.59,307.27,8.04,8.04,757.22,1.7725126614106115,658.41,27.06629,750.88,3.17552224503765,2.27054970568104,0.715016154973943,0.219528466253919,0.207214753166224,16.85,1.1541095890411,212.45,3.09468317552804,0,-16.0641,4.11759799833194,1.37608385686463,0.451685660266874,1.30108445697626,0.601283991047423,33.3877563865537,51.0347891166449,14.7976986383577,0.969,3.95608738968062,3.43920674799665,0.832442903389189,0.505112958942417
1986-10-07,0.01,380.17,6.82,6.82,680.92,1.3489342680588108,658.41,27.06629,750.88,3.17552224503765,2.27054970568104,0.715016154973943,0.219528466253919,0.207214753166224,16.85,1.1541095890411,212.45,3.09468317552804,0,-16.0641,4.11759799833194,1.37608385686463,0.451685660266874,1.30108445697626,0.601283991047423,33.3877563865537,51.0347891166449,14.7976986383577,0.969,3.95608738968062,3.43920674799665,0.832442903389189,0.505112958942417
1986-10-08,0.0,399.97,9.05,9.05,717.84,1.0784957553803536,658.41,27.06629,750.88,3.17552224503765,2.27054970568104,0.715016154973943,0.219528466253919,0.207214753166224,16.85,1.1541095890411,212.45,3.09468317552804,0,-16.0641,4.11759799833194,1.37608385686463,0.451685660266874,1.30108445697626,0.601283991047423,33.3877563865537,51.0347891166449,14.7976986383577,0.969,3.95608738968062,3.43920674799665,0.832442903389189,0.505112958942417
1986-10-09,0.25,321.41,9.62,9.62,708.35,0.905806102706158,658.41,27.06629,750.88,3.17552224503765,2.27054970568104,0.715016154973943,0.219528466253919,0.207214753166224,16.85,1.1541095890411,212.45,3.09468317552804,0,-16.0641,4.11759799833194,1.37608385686463,0.451685660266874,1.30108445697626,0.601283991047423,33.3877563865537,51.0347891166449,14.7976986383577,0.969,3.95608738968062,3.43920674799665,0.832442903389189,0.505112958942417
1986-10-10,0.07,397.32,3.31,3.31,468.07,0.7885074707010441,658.41,27.06629,750.88,3.17552224503765,2.27054970568104,0.715016154973943,0.219528466253919,0.207214753166224,16.85,1.1541095890411,212.45,3.09468317552804,0,-16.0641,4.11759799833194,1.37608385686463,0.451685660266874,1.30108445697626,0.601283991047423,33.3877563865537,51.0347891166449,14.7976986383577,0.969,3.95608738968062,3.43920674799665,0.832442903389189,0.505112958942417
1986-10-11,0.0,402.21,4.28,4.28,511.91,0.6744671340294054,658.41,27.06629,750.88,3.17552224503765,2.27054970568104,0.715016154973943,0.219528466253919,0.207214753166224,16.85,1.1541095890411,212.45,3.09468317552804,0,-16.0641,4.11759799833194,1.37608385686463,0.451685660266874,1.30108445697626,0.601283991047423,33.3877563865537,51.0347891166449,14.7976986383577,0.969,3.95608738968062,3.43920674799665,0.832442903389189,0.505112958942417
1986-10-12,3.86,287.69,9.42,9.42,780.56,0.6093012273598977,658.41,27.06629,750.88,3.17552224503765,2.27054970568104,0.715016154973943,0.219528466253919,0.207214753166224,16.85,1.1541095890411,212.45,3.09468317552804,0,-16.0641,4.11759799833194,1.37608385686463,0.451685660266874,1.30108445697626,0.601283991047423,33.3877563865537,51.0347891166449,14.7976986383577,0.969,3.95608738968062,3.43920674799665,0.832442903389189,0.505112958942417
1986-10-13,6.44,220.78,12.52,12.52,1027.94,0.6255927040272746,658.41,27.06629,750.88,3.17552224503765,2.27054970568104,0.715016154973943,0.219528466253919,0.207214753166224,16.85,1.1541095890411,212.45,3.09468317552804,0,-16.0641,4.11759799833194,1.37608385686463,0.451685660266874,1.30108445697626,0.601283991047423,33.3877563865537,51.0347891166449,14.7976986383577,0.969,3.95608738968062,3.43920674799665,0.832442903389189,0.505112958942417
1986-10-14,2.38,247.59,10.92,10.92,905.13,0.7917657660345194,658.41,27.06629,750.88,3.17552224503765,2.27054970568104,0.715016154973943,0.219528466253919,0.207214753166224,16.85,1.1541095890411,212.45,3.09468317552804,0,-16.0641,4.11759799833194,1.37608385686463,0.451685660266874,1.30108445697626,0.601283991047423,33.3877563865537,51.0347891166449,14.7976986383577,0.969,3.95608738968062,3.43920674799665,0.832442903389189,0.505112958942417
1986-10-15,1.34,212.93,6.08,6.08,700.18,0.729858154698487,658.41,27.06629,750.88,3.17552224503765,2.27054970568104,0.715016154973943,0.219528466253919,0.207214753166224,16.85,1.1541095890411,212.45,3.09468317552804,0,-16.0641,4.11759799833194,1.37608385686463,0.451685660266874,1.30108445697626,0.601283991047423,33.3877563865537,51.0347891166449,14.7976986383577,0.969,3.95608738968062,3.43920674799665,0.832442903389189,0.505112958942417
1986-10-16,1.22,128.2,4.81,4.81,705.74,0.6190761133603239,658.41,27.06629,750.88,3.17552224503765,2.27054970568104,0.715016154973943,0.219528466253919,0.207214753166224,16.85,1.1541095890411,212.45,3.09468317552804,0,-16.0641,4.11759799833194,1.37608385686463,0.451685660266874,1.30108445697626,0.601283991047423,33.3877563865537,51.0347891166449,14.7976986383577,0.969,3.95608738968062,3.43920674799665,0.832442903389189,0.505112958942417
1986-10-17,1.21,167.35,4.83,4.83,690.28,0.5767182740251438,658.41,27.06629,750.88,3.17552224503765,2.27054970568104,0.715016154973943,0.219528466253919,0.207214753166224,16.85,1.1541095890411,212.45,3.09468317552804,0,-16.0641,4.11759799833194,1.37608385686463,0.451685660266874,1.30108445697626,0.601283991047423,33.3877563865537,51.0347891166449,14.7976986383577,0.969,3.95608738968062,3.43920674799665,0.832442903389189,0.505112958942417
1986-10-18,0.26,282.77,3.67,3.67,578.29,0.5604267973577668,658.41,27.06629,750.88,3.17552224503765,2.27054970568104,0.715016154973943,0.219528466253919,0.207214753166224,16.85,1.1541095890411,212.45,3.09468317552804,0,-16.0641,4.11759799833194,1.37608385686463,0.451685660266874,1.30108445697626,0.601283991047423,33.3877563865537,51.0347891166449,14.7976986383577,0.969,3.95608738968062,3.43920674799665,0.832442903389189,0.505112958942417
1986-10-19,0.0,374.83,2.22,2.22,446.64,0.511552367355636,658.41,27.06629,750.88,3.17552224503765,2.27054970568104,0.715016154973943,0.219528466253919,0.207214753166224,16.85,1.1541095890411,212.45,3.09468317552804,0,-16.0641,4.11759799833194,1.37608385686463,0.451685660266874,1.30108445697626,0.601283991047423,33.3877563865537,51.0347891166449,14.7976986383577,0.969,3.95608738968062,3.43920674799665,0.832442903389189,0.505112958942417
1986-10-20,0.0,366.7,5.47,5.47,542.4,0.47245282335393135,658.41,27.06629,750.88,3.17552224503765,2.27054970568104,0.715016154973943,0.219528466253919,0.207214753166224,16.85,1.1541095890411,212.45,3.09468317552804,0,-16.0641,4.11759799833194,1.37608385686463,0.451685660266874,1.30108445697626,0.601283991047423,33.3877563865537,51.0347891166449,14.7976986383577,0.969,3.95608738968062,3.43920674799665,0.832442903389189,0.505112958942417
1986-10-21,0.25,314.16,7.4,7.4,635.8,0.43986987001917743,658.41,27.06629,750.88,3.17552224503765,2.27054970568104,0.715016154973943,0.219528466253919,0.207214753166224,16.85,1.1541095890411,212.45,3.09468317552804,0,-16.0641,4.11759799833194,1.37608385686463,0.451685660266874,1.30108445697626,0.601283991047423,33.3877563865537,51.0347891166449,14.7976986383577,0.969,3.95608738968062,3.43920674799665,0.832442903389189,0.505112958942417
1986-10-22,0.13,288.86,10.19,10.19,791.76,0.42357839335180053,658.41,27.06629,750.88,3.17552224503765,2.27054970568104,0.715016154973943,0.219528466253919,0.207214753166224,16.85,1.1541095890411,212.45,3.09468317552804,0,-16.0641,4.11759799833194,1.37608385686463,0.451685660266874,1.30108445697626,0.601283991047423,33.3877563865537,51.0347891166449,14.7976986383577,0.969,3.95608738968062,3.43920674799665,0.832442903389189,0.505112958942417
1986-10-23,0.29,220.51,11.9,11.9,940.17,0.39751203068399743,658.41,27.06629,750.88,3.17552224503765,2.27054970568104,0.715016154973943,0.219528466253919,0.207214753166224,16.85,1.1541095890411,212.45,3.09468317552804,0,-16.0641,4.11759799833194,1.37608385686463,0.451685660266874,1.30108445697626,0.601283991047423,33.3877563865537,51.0347891166449,14.7976986383577,0.969,3.95608738968062,3.43920674799665,0.832442903389189,0.505112958942417
1986-10-24,0.08,294.61,8.61,8.61,748.76,0.3779622586831451,658.41,27.06629,750.88,3.17552224503765,2.27054970568104,0.715016154973943,0.219528466253919,0.207214753166224,16.85,1.1541095890411,212.45,3.09468317552804,0,-16.0641,4.11759799833194,1.37608385686463,0.451685660266874,1.30108445697626,0.601283991047423,33.3877563865537,51.0347891166449,14.7976986383577,0.969,3.95608738968062,3.43920674799665,0.832442903389189,0.505112958942417
1986-10-25,5.38,257.96,4.22,4.22,554.91,0.3649290773492435,658.41,27.06629,750.88,3.17552224503765,2.27054970568104,0.715016154973943,0.219528466253919,0.207214753166224,16.85,1.1541095890411,212.45,3.09468317552804,0,-16.0641,4.11759799833194,1.37608385686463,0.451685660266874,1.30108445697626,0.601283991047423,33.3877563865537,51.0347891166449,14.7976986383577,0.969,3.95608738968062,3.43920674799665,0.832442903389189,0.505112958942417
1986-10-26,3.07,172.33,6.94,6.94,778.81,0.4463864606861282,658.41,27.06629,750.88,3.17552224503765,2.27054970568104,0.715016154973943,0.219528466253919,0.207214753166224,16.85,1.1541095890411,212.45,3.09468317552804,0,-16.0641,4.11759799833194,1.37608385686463,0.451685660266874,1.30108445697626,0.601283991047423,33.3877563865537,51.0347891166449,14.7976986383577,0.969,3.95608738968062,3.43920674799665,0.832442903389189,0.505112958942417
1986-10-27,4.81,140.44,10.33,10.33,1018.55,0.511552367355636,658.41,27.06629,750.88,3.17552224503765,2.27054970568104,0.715016154973943,0.219528466253919,0.207214753166224,16.85,1.1541095890411,212.45,3.09468317552804,0,-16.0641,4.11759799833194,1.37608385686463,0.451685660266874,1.30108445697626,0.601283991047423,33.3877563865537,51.0347891166449,14.7976986383577,0.969,3.95608738968062,3.43920674799665,0.832442903389189,0.505112958942417
1986-10-28,2.3,199.82,10.51,10.51,960.56,0.6321092946942254,658.41,27.06629,750.88,3.17552224503765,2.27054970568104,0.715016154973943,0.219528466253919,0.207214753166224,16.85,1.1541095890411,212.45,3.09468317552804,0,-16.0641,4.11759799833194,1.37608385686463,0.451685660266874,1.30108445697626,0.601283991047423,33.3877563865537,51.0347891166449,14.7976986383577,0.969,3.95608738968062,3.43920674799665,0.832442903389189,0.505112958942417
1986-10-29,3.0,234.85,9.81,9.81,824.12,0.58649316002557,658.41,27.06629,750.88,3.17552224503765,2.27054970568104,0.715016154973943,0.219528466253919,0.207214753166224,16.85,1.1541095890411,212.45,3.09468317552804,0,-16.0641,4.11759799833194,1.37608385686463,0.451685660266874,1.30108445697626,0.601283991047423,33.3877563865537,51.0347891166449,14.7976986383577,0.969,3.95608738968062,3.43920674799665,0.832442903389189,0.505112958942417
1986-10-30,0.71,289.52,8.21,8.21,697.11,0.7233415640315363,658.41,27.06629,750.88,3.17552224503765,2.27054970568104,0.715016154973943,0.219528466253919,0.207214753166224,16.85,1.1541095890411,212.45,3.09468317552804,0,-16.0641,4.11759799833194,1.37608385686463,0.451685660266874,1.30108445697626,0.601283991047423,33.3877563865537,51.0347891166449,14.7976986383577,0.969,3.95608738968062,3.43920674799665,0.832442903389189,0.505112958942417
1986-10-31,0.0,332.61,2.43,2.43,451.22,0.6060429320264222,658.41,27.06629,750.88,3.17552224503765,2.27054970568104,0.715016154973943,0.219528466253919,0.207214753166224,16.85,1.1541095890411,212.45,3.09468317552804,0,-16.0641,4.11759799833194,1.37608385686463,0.451685660266874,1.30108445697626,0.601283991047423,33.3877563865537,51.0347891166449,14.7976986383577,0.969,3.95608738968062,3.43920674799665,0.832442903389189,0.505112958942417
1986-11-01,1.39,233.97,6.4,6.4,614.78,0.54413532069039,658.41,27.06629,750.88,3.17552224503765,2.27054970568104,0.715016154973943,0.219528466253919,0.207214753166224,16.85,1.1541095890411,212.45,3.09468317552804,0,-16.0641,4.11759799833194,1.37608385686463,0.451685660266874,1.30108445697626,0.601283991047423,33.3877563865537,51.0347891166449,14.7976986383577,0.969,3.95608738968062,3.43920674799665,0.832442903389189,0.505112958942417
1986-11-02,0.99,217.11,7.19,7.19,643.79,0.553910206690816,658.41,27.06629,750.88,3.17552224503765,2.27054970568104,0.715016154973943,0.219528466253919,0.207214753166224,16.85,1.1541095890411,212.45,3.09468317552804,0,-16.0641,4.11759799833194,1.37608385686463,0.451685660266874,1.30108445697626,0.601283991047423,33.3877563865537,51.0347891166449,14.7976986383577,0.969,3.95608738968062,3.43920674799665,0.832442903389189,0.505112958942417
1986-11-03,0.32,273.28,1.66,1.66,434.32,0.5604267973577668,658.41,27.06629,750.88,3.17552224503765,2.27054970568104,0.715016154973943,0.219528466253919,0.207214753166224,16.85,1.1541095890411,212.45,3.09468317552804,0,-16.0641,4.11759799833194,1.37608385686463,0.451685660266874,1.30108445697626,0.601283991047423,33.3877563865537,51.0347891166449,14.7976986383577,0.969,3.95608738968062,3.43920674799665,0.832442903389189,0.505112958942417
1986-11-04,1.51,189.36,2.12,2.12,479.35,0.5311021393564883,658.41,27.06629,750.88,3.17552224503765,2.27054970568104,0.715016154973943,0.219528466253919,0.207214753166224,16.85,1.1541095890411,212.45,3.09468317552804,0,-16.0641,4.11759799833194,1.37608385686463,0.451685660266874,1.30108445697626,0.601283991047423,33.3877563865537,51.0347891166449,14.7976986383577,0.969,3.95608738968062,3.43920674799665,0.832442903389189,0.505112958942417
1986-11-05,5.77,202.08,-0.65,-0.65,427.31,0.511552367355636,658.41,27.06629,750.88,3.17552224503765,2.27054970568104,0.715016154973943,0.219528466253919,0.207214753166224,16.85,1.1541095890411,212.45,3.09468317552804,0,-16.0641,4.11759799833194,1.37608385686463,0.451685660266874,1.30108445697626,0.601283991047423,33.3877563865537,51.0347891166449,14.7976986383577,0.969,3.95608738968062,3.43920674799665,0.832442903389189,0.505112958942417
1986-11-06,1.56,203.54,2.67,2.67,542.56,0.8504150820370764,658.41,27.06629,750.88,3.17552224503765,2.27054970568104,0.715016154973943,0.219528466253919,0.207214753166224,16.85,1.1541095890411,212.45,3.09468317552804,0,-16.0641,4.11759799833194,1.37608385686463,0.451685660266874,1.30108445697626,0.601283991047423,33.3877563865537,51.0347891166449,14.7976986383577,0.969,3.95608738968062,3.43920674799665,0.832442903389189,0.505112958942417
1986-11-07,2.34,213.53,2.62,2.62,548.8,0.7428913360323885,658.41,27.06629,750.88,3.17552224503765,2.27054970568104,0.715016154973943,0.219528466253919,0.207214753166224,16.85,1.1541095890411,212.45,3.09468317552804,0,-16.0641,4.11759799833194,1.37608385686463,0.451685660266874,1.30108445697626,0.601283991047423,33.3877563865537,51.0347891166449,14.7976986383577,0.969,3.95608738968062,3.43920674799665,0.832442903389189,0.505112958942417
1986-11-08,5.37,188.66,7.57,7.57,785.66,0.7135666780311101,658.41,27.06629,750.88,3.17552224503765,2.27054970568104,0.715016154973943,0.219528466253919,0.207214753166224,16.85,1.1541095890411,212.45,3.09468317552804,0,-16.0641,4.11759799833194,1.37608385686463,0.451685660266874,1.30108445697626,0.601283991047423,33.3877563865537,51.0347891166449,14.7976986383577,0.969,3.95608738968062,3.43920674799665,0.832442903389189,0.505112958942417
1986-11-09,1.32,216.91,9.92,9.92,852.78,1.0100715533773705,658.41,27.06629,750.88,3.17552224503765,2.27054970568104,0.715016154973943,0.219528466253919,0.207214753166224,16.85,1.1541095890411,212.45,3.09468317552804,0,-16.0641,4.11759799833194,1.37608385686463,0.451685660266874,1.30108445697626,0.601283991047423,33.3877563865537,51.0347891166449,14.7976986383577,0.969,3.95608738968062,3.43920674799665,0.832442903389189,0.505112958942417
1986-11-10,2.54,223.23,2.84,2.84,479.39,0.9025478073726826,658.41,27.06629,750.88,3.17552224503765,2.27054970568104,0.715016154973943,0.219528466253919,0.207214753166224,16.85,1.1541095890411,212.45,3.09468317552804,0,-16.0641,4.11759799833194,1.37608385686463,0.451685660266874,1.30108445697626,0.601283991047423,33.3877563865537,51.0347891166449,14.7976986383577,0.969,3.95608738968062,3.43920674799665,0.832442903389189,0.505112958942417
1986-11-11,2.13,194.66,-1.43,-1.43,378.22,0.8210904240357979,658.41,27.06629,750.88,3.17552224503765,2.27054970568104,0.715016154973943,0.219528466253919,0.207214753166224,16.85,1.1541095890411,212.45,3.09468317552804,0,-16.0641,4.11759799833194,1.37608385686463,0.451685660266874,1.30108445697626,0.601283991047423,33.3877563865537,51.0347891166449,14.7976986383577,0.969,3.95608738968062,3.43920674799665,0.832442903389189,0.505112958942417
1986-11-12,1.46,155.25,-0.96,-0.96,418.18,0.8667065587044533,658.41,27.06629,750.88,3.17552224503765,2.27054970568104,0.715016154973943,0.219528466253919,0.207214753166224,16.85,1.1541095890411,212.45,3.09468317552804,0,-16.0641,4.11759799833194,1.37608385686463,0.451685660266874,1.30108445697626,0.601283991047423,33.3877563865537,51.0347891166449,14.7976986383577,0.969,3.95608738968062,3.43920674799665,0.832442903389189,0.505112958942417
1986-11-13,1.0,229.37,-3.82,-3.82,301.31,0.9090643980396335,658.41,27.06629,750.88,3.17552224503765,2.27054970568104,0.715016154973943,0.219528466253919,0.207214753166224,16.85,1.1541095890411,212.45,3.09468317552804,0,-16.0641,4.11759799833194,1.37608385686463,0.451685660266874,1.30108445697626,0.601283991047423,33.3877563865537,51.0347891166449,14.7976986383577,0.969,3.95608738968062,3.43920674799665,0.832442903389189,0.505112958942417
1986-11-14,0.19,291.33,-7.1,-7.1,228.77,0.772215994033667,658.41,27.06629,750.88,3.17552224503765,2.27054970568104,0.715016154973943,0.219528466253919,0.207214753166224,16.85,1.1541095890411,212.45,3.09468317552804,0,-16.0641,4.11759799833194,1.37608385686463,0.451685660266874,1.30108445697626,0.601283991047423,33.3877563865537,51.0347891166449,14.7976986383577,0.969,3.95608738968062,3.43920674799665,0.832442903389189,0.505112958942417
1986-11-15,0.0,289.78,-4.67,-4.67,298.25,0.7233415640315363,658.41,27.06629,750.88,3.17552224503765,2.27054970568104,0.715016154973943,0.219528466253919,0.207214753166224,16.85,1.1541095890411,212.45,3.09468317552804,0,-16.0641,4.11759799833194,1.37608385686463,0.451685660266874,1.30108445697626,0.601283991047423,33.3877563865537,51.0347891166449,14.7976986383577,0.969,3.95608738968062,3.43920674799665,0.832442903389189,0.505112958942417
1986-11-16,0.0,182.7,-0.51,-0.51,460.73,0.7591828126997655,658.41,27.06629,750.88,3.17552224503765,2.27054970568104,0.715016154973943,0.219528466253919,0.207214753166224,16.85,1.1541095890411,212.45,3.09468317552804,0,-16.0641,4.11759799833194,1.37608385686463,0.451685660266874,1.30108445697626,0.601283991047423,33.3877563865537,51.0347891166449,14.7976986383577,0.969,3.95608738968062,3.43920674799665,0.832442903389189,0.505112958942417
1986-11-17,2.36,134.05,2.21,2.21,569.48,0.7656994033667164,658.41,27.06629,750.88,3.17552224503765,2.27054970568104,0.715016154973943,0.219528466253919,0.207214753166224,16.85,1.1541095890411,212.45,3.09468317552804,0,-16.0641,4.11759799833194,1.37608385686463,0.451685660266874,1.30108445697626,0.601283991047423,33.3877563865537,51.0347891166449,14.7976986383577,0.969,3.95608738968062,3.43920674799665,0.832442903389189,0.505112958942417
1986-11-18,9.6,138.95,1.04,1.04,484.86,0.7363747453654379,658.41,27.06629,750.88,3.17552224503765,2.27054970568104,0.715016154973943,0.219528466253919,0.207214753166224,16.85,1.1541095890411,212.45,3.09468317552804,0,-16.0641,4.11759799833194,1.37608385686463,0.451685660266874,1.30108445697626,0.601283991047423,33.3877563865537,51.0347891166449,14.7976986383577,0.969,3.95608738968062,3.43920674799665,0.832442903389189,0.505112958942417
1986-11-19,4.34,230.95,-4.82,-4.82,275.12,0.7787325847006179,658.41,27.06629,750.88,3.17552224503765,2.27054970568104,0.715016154973943,0.219528466253919,0.207214753166224,16.85,1.1541095890411,212.45,3.09468317552804,0,-16.0641,4.11759799833194,1.37608385686463,0.451685660266874,1.30108445697626,0.601283991047423,33.3877563865537,51.0347891166449,14.7976986383577,0.969,3.95608738968062,3.43920674799665,0.832442903389189,0.505112958942417
1986-11-20,5.29,244.9,-7.21,-7.21,224.82,0.6744671340294054,658.41,27.06629,750.88,3.17552224503765,2.27054970568104,0.715016154973943,0.219528466253919,0.207214753166224,16.85,1.1541095890411,212.45,3.09468317552804,0,-16.0641,4.11759799833194,1.37608385686463,0.451685660266874,1.30108445697626,0.601283991047423,33.3877563865537,51.0347891166449,14.7976986383577,0.969,3.95608738968062,3.43920674799665,0.832442903389189,0.505112958942417
1986-11-21,1.39,179.66,-2.52,-2.52,371.99,1.0133298487108457,658.41,27.06629,750.88,3.17552224503765,2.27054970568104,0.715016154973943,0.219528466253919,0.207214753166224,16.85,1.1541095890411,212.45,3.09468317552804,0,-16.0641,4.11759799833194,1.37608385686463,0.451685660266874,1.30108445697626,0.601283991047423,33.3877563865537,51.0347891166449,14.7976986383577,0.969,3.95608738968062,3.43920674799665,0.832442903389189,0.505112958942417
1986-11-22,0.04,267.9,-1.22,-1.22,403.39,0.9188392840400595,658.41,27.06629,750.88,3.17552224503765,2.27054970568104,0.715016154973943,0.219528466253919,0.207214753166224,16.85,1.1541095890411,212.45,3.09468317552804,0,-16.0641,4.11759799833194,1.37608385686463,0.451685660266874,1.30108445697626,0.601283991047423,33.3877563865537,51.0347891166449,14.7976986383577,0.969,3.95608738968062,3.43920674799665,0.832442903389189,0.505112958942417
1986-11-23,0.06,255.39,0.57,0.57,446.53,0.9286141700404857,658.41,27.06629,750.88,3.17552224503765,2.27054970568104,0.715016154973943,0.219528466253919,0.207214753166224,16.85,1.1541095890411,212.45,3.09468317552804,0,-16.0641,4.11759799833194,1.37608385686463,0.451685660266874,1.30108445697626,0.601283991047423,33.3877563865537,51.0347891166449,14.7976986383577,0.969,3.95608738968062,3.43920674799665,0.832442903389189,0.505112958942417
1986-11-24,0.41,187.52,2.77,2.77,554.37,1.8311619774131684,658.41,27.06629,750.88,3.17552224503765,2.27054970568104,0.715016154973943,0.219528466253919,0.207214753166224,16.85,1.1541095890411,212.45,3.09468317552804,0,-16.0641,4.11759799833194,1.37608385686463,0.451685660266874,1.30108445697626,0.601283991047423,33.3877563865537,51.0347891166449,14.7976986383577,0.969,3.95608738968062,3.43920674799665,0.832442903389189,0.505112958942417
1986-11-25,5.66,227.81,1.96,1.96,488.62,1.7008301640741528,658.41,27.06629,750.88,3.17552224503765,2.27054970568104,0.715016154973943,0.219528466253919,0.207214753166224,16.85,1.1541095890411,212.45,3.09468317552804,0,-16.0641,4.11759799833194,1.37608385686463,0.451685660266874,1.30108445697626,0.601283991047423,33.3877563865537,51.0347891166449,14.7976986383577,0.969,3.95608738968062,3.43920674799665,0.832442903389189,0.505112958942417
1986-11-26,5.79,210.21,3.43,3.43,549.44,2.290581619433198,658.41,27.06629,750.88,3.17552224503765,2.27054970568104,0.715016154973943,0.219528466253919,0.207214753166224,16.85,1.1541095890411,212.45,3.09468317552804,0,-16.0641,4.11759799833194,1.37608385686463,0.451685660266874,1.30108445697626,0.601283991047423,33.3877563865537,51.0347891166449,14.7976986383577,0.969,3.95608738968062,3.43920674799665,0.832442903389189,0.505112958942417
1986-11-27,1.15,208.87,4.06,4.06,576.89,3.118188634135947,658.41,27.06629,750.88,3.17552224503765,2.27054970568104,0.715016154973943,0.219528466253919,0.207214753166224,16.85,1.1541095890411,212.45,3.09468317552804,0,-16.0641,4.11759799833194,1.37608385686463,0.451685660266874,1.30108445697626,0.601283991047423,33.3877563865537,51.0347891166449,14.7976986383577,0.969,3.95608738968062,3.43920674799665,0.832442903389189,0.505112958942417
1986-11-28,0.0,251.64,1.66,1.66,441.06,2.173282987428084,658.41,27.06629,750.88,3.17552224503765,2.27054970568104,0.715016154973943,0.219528466253919,0.207214753166224,16.85,1.1541095890411,212.45,3.09468317552804,0,-16.0641,4.11759799833194,1.37608385686463,0.451685660266874,1.30108445697626,0.601283991047423,33.3877563865537,51.0347891166449,14.7976986383577,0.969,3.95608738968062,3.43920674799665,0.832442903389189,0.505112958942417
1986-11-29,0.0,204.19,0.65,0.65,432.9,1.912619360750053,658.41,27.06629,750.88,3.17552224503765,2.27054970568104,0.715016154973943,0.219528466253919,0.207214753166224,16.85,1.1541095890411,212.45,3.09468317552804,0,-16.0641,4.11759799833194,1.37608385686463,0.451685660266874,1.30108445697626,0.601283991047423,33.3877563865537,51.0347891166449,14.7976986383577,0.969,3.95608738968062,3.43920674799665,0.832442903389189,0.505112958942417
1986-11-30,0.0,192.95,-1.33,-1.33,382.84,1.658472324738973,658.41,27.06629,750.88,3.17552224503765,2.27054970568104,0.715016154973943,0.219528466253919,0.207214753166224,16.85,1.1541095890411,212.45,3.09468317552804,0,-16.0641,4.11759799833194,1.37608385686463,0.451685660266874,1.30108445697626,0.601283991047423,33.3877563865537,51.0347891166449,14.7976986383577,0.969,3.95608738968062,3.43920674799665,0.832442903389189,0.505112958942417
1986-12-01,5.27,222.14,-5.65,-5.65,272.15,1.3521925633922864,658.41,27.06629,750.88,3.17552224503765,2.27054970568104,0.715016154973943,0.219528466253919,0.207214753166224,16.85,1.1541095890411,212.45,3.09468317552804,0,-16.0641,4.11759799833194,1.37608385686463,0.451685660266874,1.30108445697626,0.601283991047423,33.3877563865537,51.0347891166449,14.7976986383577,0.969,3.95608738968062,3.43920674799665,0.832442903389189,0.505112958942417
1986-12-02,15.5,187.28,-2.09,-2.09,394.03,1.3424176773918601,658.41,27.06629,750.88,3.17552224503765,2.27054970568104,0.715016154973943,0.219528466253919,0.207214753166224,16.85,1.1541095890411,212.45,3.09468317552804,0,-16.0641,4.11759799833194,1.37608385686463,0.451685660266874,1.30108445697626,0.601283991047423,33.3877563865537,51.0347891166449,14.7976986383577,0.969,3.95608738968062,3.43920674799665,0.832442903389189,0.505112958942417
1986-12-03,4.76,149.19,1.31,1.31,526.7,3.844788493500958,658.41,27.06629,750.88,3.17552224503765,2.27054970568104,0.715016154973943,0.219528466253919,0.207214753166224,16.85,1.1541095890411,212.45,3.09468317552804,0,-16.0641,4.11759799833194,1.37608385686463,0.451685660266874,1.30108445697626,0.601283991047423,33.3877563865537,51.0347891166449,14.7976986383577,0.969,3.95608738968062,3.43920674799665,0.832442903389189,0.505112958942417
1986-12-04,0.35,149.36,-0.96,-0.96,442.94,3.0921222714681433,658.41,27.06629,750.88,3.17552224503765,2.27054970568104,0.715016154973943,0.219528466253919,0.207214753166224,16.85,1.1541095890411,212.45,3.09468317552804,0,-16.0641,4.11759799833194,1.37608385686463,0.451685660266874,1.30108445697626,0.601283991047423,33.3877563865537,51.0347891166449,14.7976986383577,0.969,3.95608738968062,3.43920674799665,0.832442903389189,0.505112958942417
1986-12-05,0.02,163.81,-3.19,-3.19,374.41,2.033176288088643,658.41,27.06629,750.88,3.17552224503765,2.27054970568104,0.715016154973943,0.219528466253919,0.207214753166224,16.85,1.1541095890411,212.45,3.09468317552804,0,-16.0641,4.11759799833194,1.37608385686463,0.451685660266874,1.30108445697626,0.601283991047423,33.3877563865537,51.0347891166449,14.7976986383577,0.969,3.95608738968062,3.43920674799665,0.832442903389189,0.505112958942417
1986-12-06,0.33,198.51,-3.39,-3.39,360.57,1.7888041380779882,658.41,27.06629,750.88,3.17552224503765,2.27054970568104,0.715016154973943,0.219528466253919,0.207214753166224,16.85,1.1541095890411,212.45,3.09468317552804,0,-16.0641,4.11759799833194,1.37608385686463,0.451685660266874,1.30108445697626,0.601283991047423,33.3877563865537,51.0347891166449,14.7976986383577,0.969,3.95608738968062,3.43920674799665,0.832442903389189,0.505112958942417
1986-12-07,1.69,164.45,-0.56,-0.56,444.57,1.6454391434050712,658.41,27.06629,750.88,3.17552224503765,2.27054970568104,0.715016154973943,0.219528466253919,0.207214753166224,16.85,1.1541095890411,212.45,3.09468317552804,0,-16.0641,4.11759799833194,1.37608385686463,0.451685660266874,1.30108445697626,0.601283991047423,33.3877563865537,51.0347891166449,14.7976986383577,0.969,3.95608738968062,3.43920674799665,0.832442903389189,0.505112958942417
1986-12-08,4.84,131.11,-0.62,-0.62,460.11,1.6617306200724482,658.41,27.06629,750.88,3.17552224503765,2.27054970568104,0.715016154973943,0.219528466253919,0.207214753166224,16.85,1.1541095890411,212.45,3.09468317552804,0,-16.0641,4.11759799833194,1.37608385686463,0.451685660266874,1.30108445697626,0.601283991047423,33.3877563865537,51.0347891166449,14.7976986383577,0.969,3.95608738968062,3.43920674799665,0.832442903389189,0.505112958942417
1986-12-09,3.34,170.27,-0.13,-0.13,455.13,1.7920624334114639,658.41,27.06629,750.88,3.17552224503765,2.27054970568104,0.715016154973943,0.219528466253919,0.207214753166224,16.85,1.1541095890411,212.45,3.09468317552804,0,-16.0641,4.11759799833194,1.37608385686463,0.451685660266874,1.30108445697626,0.601283991047423,33.3877563865537,51.0347891166449,14.7976986383577,0.969,3.95608738968062,3.43920674799665,0.832442903389189,0.505112958942417
1986-12-10,0.57,241.2,1.03,1.03,437.98,3.2126791988067334,658.41,27.06629,750.88,3.17552224503765,2.27054970568104,0.715016154973943,0.219528466253919,0.207214753166224,16.85,1.1541095890411,212.45,3.09468317552804,0,-16.0641,4.11759799833194,1.37608385686463,0.451685660266874,1.30108445697626,0.601283991047423,33.3877563865537,51.0347891166449,14.7976986383577,0.969,3.95608738968062,3.43920674799665,0.832442903389189,0.505112958942417
1986-12-11,0.08,194.19,-3.06,-3.06,338.48,1.88655299808225,658.41,27.06629,750.88,3.17552224503765,2.27054970568104,0.715016154973943,0.219528466253919,0.207214753166224,16.85,1.1541095890411,212.45,3.09468317552804,0,-16.0641,4.11759799833194,1.37608385686463,0.451685660266874,1.30108445697626,0.601283991047423,33.3877563865537,51.0347891166449,14.7976986383577,0.969,3.95608738968062,3.43920674799665,0.832442903389189,0.505112958942417
1986-12-12,0.81,132.34,-3.84,-3.84,330.69,1.5835315320690388,658.41,27.06629,750.88,3.17552224503765,2.27054970568104,0.715016154973943,0.219528466253919,0.207214753166224,16.85,1.1541095890411,212.45,3.09468317552804,0,-16.0641,4.11759799833194,1.37608385686463,0.451685660266874,1.30108445697626,0.601283991047423,33.3877563865537,51.0347891166449,14.7976986383577,0.969,3.95608738968062,3.43920674799665,0.832442903389189,0.505112958942417
1986-12-13,0.22,271.55,-9.65,-9.65,179.16,1.3033181333901556,658.41,27.06629,750.88,3.17552224503765,2.27054970568104,0.715016154973943,0.219528466253919,0.207214753166224,16.85,1.1541095890411,212.45,3.09468317552804,0,-16.0641,4.11759799833194,1.37608385686463,0.451685660266874,1.30108445697626,0.601283991047423,33.3877563865537,51.0347891166449,14.7976986383577,0.969,3.95608738968062,3.43920674799665,0.832442903389189,0.505112958942417
1986-12-14,0.0,285.85,-9.6,-9.6,179.16,1.107820413381632,658.41,27.06629,750.88,3.17552224503765,2.27054970568104,0.715016154973943,0.219528466253919,0.207214753166224,16.85,1.1541095890411,212.45,3.09468317552804,0,-16.0641,4.11759799833194,1.37608385686463,0.451685660266874,1.30108445697626,0.601283991047423,33.3877563865537,51.0347891166449,14.7976986383577,0.969,3.95608738968062,3.43920674799665,0.832442903389189,0.505112958942417
1986-12-15,0.0,169.32,-2.15,-2.15,397.27,1.2707351800554014,658.41,27.06629,750.88,3.17552224503765,2.27054970568104,0.715016154973943,0.219528466253919,0.207214753166224,16.85,1.1541095890411,212.45,3.09468317552804,0,-16.0641,4.11759799833194,1.37608385686463,0.451685660266874,1.30108445697626,0.601283991047423,33.3877563865537,51.0347891166449,14.7976986383577,0.969,3.95608738968062,3.43920674799665,0.832442903389189,0.505112958942417
1986-12-16,0.0,92.35,0.35,0.35,529.84,1.1599531387172384,658.41,27.06629,750.88,3.17552224503765,2.27054970568104,0.715016154973943,0.219528466253919,0.207214753166224,16.85,1.1541095890411,212.45,3.09468317552804,0,-16.0641,4.11759799833194,1.37608385686463,0.451685660266874,1.30108445697626,0.601283991047423,33.3877563865537,51.0347891166449,14.7976986383577,0.969,3.95608738968062,3.43920674799665,0.832442903389189,0.505112958942417
1986-12-17,0.46,115.98,0.41,0.41,522.25,1.0850123460473045,658.41,27.06629,750.88,3.17552224503765,2.27054970568104,0.715016154973943,0.219528466253919,0.207214753166224,16.85,1.1541095890411,212.45,3.09468317552804,0,-16.0641,4.11759799833194,1.37608385686463,0.451685660266874,1.30108445697626,0.601283991047423,33.3877563865537,51.0347891166449,14.7976986383577,0.969,3.95608738968062,3.43920674799665,0.832442903389189,0.505112958942417
1986-12-18,0.76,90.38,0.4,0.4,520.32,1.0850123460473045,658.41,27.06629,750.88,3.17552224503765,2.27054970568104,0.715016154973943,0.219528466253919,0.207214753166224,16.85,1.1541095890411,212.45,3.09468317552804,0,-16.0641,4.11759799833194,1.37608385686463,0.451685660266874,1.30108445697626,0.601283991047423,33.3877563865537,51.0347891166449,14.7976986383577,0.969,3.95608738968062,3.43920674799665,0.832442903389189,0.505112958942417
1986-12-19,0.17,93.18,-0.74,-0.74,487.01,1.039396211378649,658.41,27.06629,750.88,3.17552224503765,2.27054970568104,0.715016154973943,0.219528466253919,0.207214753166224,16.85,1.1541095890411,212.45,3.09468317552804,0,-16.0641,4.11759799833194,1.37608385686463,0.451685660266874,1.30108445697626,0.601283991047423,33.3877563865537,51.0347891166449,14.7976986383577,0.969,3.95608738968062,3.43920674799665,0.832442903389189,0.505112958942417
1986-12-20,0.0,75.01,-1.95,-1.95,440.13,0.9155809887065842,658.41,27.06629,750.88,3.17552224503765,2.27054970568104,0.715016154973943,0.219528466253919,0.207214753166224,16.85,1.1541095890411,212.45,3.09468317552804,0,-16.0641,4.11759799833194,1.37608385686463,0.451685660266874,1.30108445697626,0.601283991047423,33.3877563865537,51.0347891166449,14.7976986383577,0.969,3.95608738968062,3.43920674799665,0.832442903389189,0.505112958942417
1986-12-21,0.0,204.86,-4.16,-4.16,328.83,0.8145738333688473,658.41,27.06629,750.88,3.17552224503765,2.27054970568104,0.715016154973943,0.219528466253919,0.207214753166224,16.85,1.1541095890411,212.45,3.09468317552804,0,-16.0641,4.11759799833194,1.37608385686463,0.451685660266874,1.30108445697626,0.601283991047423,33.3877563865537,51.0347891166449,14.7976986383577,0.969,3.95608738968062,3.43920674799665,0.832442903389189,0.505112958942417
1986-12-22,0.0,241.86,-4.87,-4.87,277.99,0.6190761133603239,658.41,27.06629,750.88,3.17552224503765,2.27054970568104,0.715016154973943,0.219528466253919,0.207214753166224,16.85,1.1541095890411,212.45,3.09468317552804,0,-16.0641,4.11759799833194,1.37608385686463,0.451685660266874,1.30108445697626,0.601283991047423,33.3877563865537,51.0347891166449,14.7976986383577,0.969,3.95608738968062,3.43920674799665,0.832442903389189,0.505112958942417
1986-12-23,1.9,215.04,-2.33,-2.33,338.69,0.58649316002557,658.41,27.06629,750.88,3.17552224503765,2.27054970568104,0.715016154973943,0.219528466253919,0.207214753166224,16.85,1.1541095890411,212.45,3.09468317552804,0,-16.0641,4.11759799833194,1.37608385686463,0.451685660266874,1.30108445697626,0.601283991047423,33.3877563865537,51.0347891166449,14.7976986383577,0.969,3.95608738968062,3.43920674799665,0.832442903389189,0.505112958942417
1986-12-24,8.45,190.52,-1.47,-1.47,401.25,0.6190761133603239,658.41,27.06629,750.88,3.17552224503765,2.27054970568104,0.715016154973943,0.219528466253919,0.207214753166224,16.85,1.1541095890411,212.45,3.09468317552804,0,-16.0641,4.11759799833194,1.37608385686463,0.451685660266874,1.30108445697626,0.601283991047423,33.3877563865537,51.0347891166449,14.7976986383577,0.969,3.95608738968062,3.43920674799665,0.832442903389189,0.505112958942417
1986-12-25,2.3,156.18,0.7,0.7,508.6,1.3684840400596632,658.41,27.06629,750.88,3.17552224503765,2.27054970568104,0.715016154973943,0.219528466253919,0.207214753166224,16.85,1.1541095890411,212.45,3.09468317552804,0,-16.0641,4.11759799833194,1.37608385686463,0.451685660266874,1.30108445697626,0.601283991047423,33.3877563865537,51.0347891166449,14.7976986383577,0.969,3.95608738968062,3.43920674799665,0.832442903389189,0.505112958942417
1986-12-26,0.06,123.44,-0.35,-0.35,490.77,1.1664697293841892,658.41,27.06629,750.88,3.17552224503765,2.27054970568104,0.715016154973943,0.219528466253919,0.207214753166224,16.85,1.1541095890411,212.45,3.09468317552804,0,-16.0641,4.11759799833194,1.37608385686463,0.451685660266874,1.30108445697626,0.601283991047423,33.3877563865537,51.0347891166449,14.7976986383577,0.969,3.95608738968062,3.43920674799665,0.832442903389189,0.505112958942417
1986-12-27,0.0,77.89,-1.54,-1.54,467.44,0.9351307607074366,658.41,27.06629,750.88,3.17552224503765,2.27054970568104,0.715016154973943,0.219528466253919,0.207214753166224,16.85,1.1541095890411,212.45,3.09468317552804,0,-16.0641,4.11759799833194,1.37608385686463,0.451685660266874,1.30108445697626,0.601283991047423,33.3877563865537,51.0347891166449,14.7976986383577,0.969,3.95608738968062,3.43920674799665,0.832442903389189,0.505112958942417
1986-12-28,0.0,99.28,-2.29,-2.29,435.32,0.8536733773705517,658.41,27.06629,750.88,3.17552224503765,2.27054970568104,0.715016154973943,0.219528466253919,0.207214753166224,16.85,1.1541095890411,212.45,3.09468317552804,0,-16.0641,4.11759799833194,1.37608385686463,0.451685660266874,1.30108445697626,0.601283991047423,33.3877563865537,51.0347891166449,14.7976986383577,0.969,3.95608738968062,3.43920674799665,0.832442903389189,0.505112958942417
1986-12-29,0.0,225.98,-2.5,-2.5,381.81,0.8080572427018964,658.41,27.06629,750.88,3.17552224503765,2.27054970568104,0.715016154973943,0.219528466253919,0.207214753166224,16.85,1.1541095890411,212.45,3.09468317552804,0,-16.0641,4.11759799833194,1.37608385686463,0.451685660266874,1.30108445697626,0.601283991047423,33.3877563865537,51.0347891166449,14.7976986383577,0.969,3.95608738968062,3.43920674799665,0.832442903389189,0.505112958942417
1986-12-30,0.0,219.09,-2.37,-2.37,373.94,0.7494079266993394,658.41,27.06629,750.88,3.17552224503765,2.27054970568104,0.715016154973943,0.219528466253919,0.207214753166224,16.85,1.1541095890411,212.45,3.09468317552804,0,-16.0641,4.11759799833194,1.37608385686463,0.451685660266874,1.30108445697626,0.601283991047423,33.3877563865537,51.0347891166449,14.7976986383577,0.969,3.95608738968062,3.43920674799665,0.832442903389189,0.505112958942417
1986-12-31,5.84,138.5,-2.21,-2.21,390.84,0.7168249733645855,658.41,27.06629,750.88,3.17552224503765,2.27054970568104,0.715016154973943,0.219528466253919,0.207214753166224,16.85,1.1541095890411,212.45,3.09468317552804,0,-16.0641,4.11759799833194,1.37608385686463,0.451685660266874,1.30108445697626,0.601283991047423,33.3877563865537,51.0347891166449,14.7976986383577,0.969,3.95608738968062,3.43920674799665,0.832442903389189,0.505112958942417
1987-01-01,7.76,184.31,-3.9,-3.9,342.38,0.6516590666950778,658.41,27.06629,750.88,3.17552224503765,2.27054970568104,0.715016154973943,0.219528466253919,0.207214753166224,16.85,1.1541095890411,212.45,3.09468317552804,0,-16.0641,4.11759799833194,1.37608385686463,0.451685660266874,1.30108445697626,0.601283991047423,33.3877563865537,51.0347891166449,14.7976986383577,0.969,3.95608738968062,3.43920674799665,0.832442903389189,0.505112958942417
1987-01-02,9.72,157.54,-4.03,-4.03,342.11,0.553910206690816,658.41,27.06629,750.88,3.17552224503765,2.27054970568104,0.715016154973943,0.219528466253919,0.207214753166224,16.85,1.1541095890411,212.45,3.09468317552804,0,-16.0641,4.11759799833194,1.37608385686463,0.451685660266874,1.30108445697626,0.601283991047423,33.3877563865537,51.0347891166449,14.7976986383577,0.969,3.95608738968062,3.43920674799665,0.832442903389189,0.505112958942417
1987-01-03,2.16,207.75,-4.98,-4.98,298.79,0.553910206690816,658.41,27.06629,750.88,3.17552224503765,2.27054970568104,0.715016154973943,0.219528466253919,0.207214753166224,16.85,1.1541095890411,212.45,3.09468317552804,0,-16.0641,4.11759799833194,1.37608385686463,0.451685660266874,1.30108445697626,0.601283991047423,33.3877563865537,51.0347891166449,14.7976986383577,0.969,3.95608738968062,3.43920674799665,0.832442903389189,0.505112958942417
1987-01-04,0.01,299.17,-9.54,-9.54,161.09,0.5213272533560622,658.41,27.06629,750.88,3.17552224503765,2.27054970568104,0.715016154973943,0.219528466253919,0.207214753166224,16.85,1.1541095890411,212.45,3.09468317552804,0,-16.0641,4.11759799833194,1.37608385686463,0.451685660266874,1.30108445697626,0.601283991047423,33.3877563865537,51.0347891166449,14.7976986383577,0.969,3.95608738968062,3.43920674799665,0.832442903389189,0.505112958942417
1987-01-05,0.0,301.57,-11.05,-11.05,127.35,0.5213272533560622,658.41,27.06629,750.88,3.17552224503765,2.27054970568104,0.715016154973943,0.219528466253919,0.207214753166224,16.85,1.1541095890411,212.45,3.09468317552804,0,-16.0641,4.11759799833194,1.37608385686463,0.451685660266874,1.30108445697626,0.601283991047423,33.3877563865537,51.0347891166449,14.7976986383577,0.969,3.95608738968062,3.43920674799665,0.832442903389189,0.505112958942417
1987-01-06,0.15,240.75,-8.33,-8.33,167.51,0.4887443000213083,658.41,27.06629,750.88,3.17552224503765,2.27054970568104,0.715016154973943,0.219528466253919,0.207214753166224,16.85,1.1541095890411,212.45,3.09468317552804,0,-16.0641,4.11759799833194,1.37608385686463,0.451685660266874,1.30108445697626,0.601283991047423,33.3877563865537,51.0347891166449,14.7976986383577,0.969,3.95608738968062,3.43920674799665,0.832442903389189,0.505112958942417
1987-01-07,0.55,230.41,-3.26,-3.26,283.34,0.4887443000213083,658.41,27.06629,750.88,3.17552224503765,2.27054970568104,0.715016154973943,0.219528466253919,0.207214753166224,16.85,1.1541095890411,212.45,3.09468317552804,0,-16.0641,4.11759799833194,1.37608385686463,0.451685660266874,1.30108445697626,0.601283991047423,33.3877563865537,51.0347891166449,14.7976986383577,0.969,3.95608738968062,3.43920674799665,0.832442903389189,0.505112958942417
1987-01-08,0.29,160.74,-2.77,-2.77,356.97,0.5213272533560622,658.41,27.06629,750.88,3.17552224503765,2.27054970568104,0.715016154973943,0.219528466253919,0.207214753166224,16.85,1.1541095890411,212.45,3.09468317552804,0,-16.0641,4.11759799833194,1.37608385686463,0.451685660266874,1.30108445697626,0.601283991047423,33.3877563865537,51.0347891166449,14.7976986383577,0.969,3.95608738968062,3.43920674799665,0.832442903389189,0.505112958942417
1987-01-09,1.38,124.52,-3.67,-3.67,373.05,0.5213272533560622,658.41,27.06629,750.88,3.17552224503765,2.27054970568104,0.715016154973943,0.219528466253919,0.207214753166224,16.85,1.1541095890411,212.45,3.09468317552804,0,-16.0641,4.11759799833194,1.37608385686463,0.451685660266874,1.30108445697626,0.601283991047423,33.3877563865537,51.0347891166449,14.7976986383577,0.969,3.95608738968062,3.43920674799665,0.832442903389189,0.505112958942417
1987-01-10,1.53,177.33,-3.06,-3.06,381.36,0.5213272533560622,658.41,27.06629,750.88,3.17552224503765,2.27054970568104,0.715016154973943,0.219528466253919,0.207214753166224,16.85,1.1541095890411,212.45,3.09468317552804,0,-16.0641,4.11759799833194,1.37608385686463,0.451685660266874,1.30108445697626,0.601283991047423,33.3877563865537,51.0347891166449,14.7976986383577,0.969,3.95608738968062,3.43920674799665,0.832442903389189,0.505112958942417
1987-01-11,1.22,138.4,-2.35,-2.35,403.86,0.5213272533560622,658.41,27.06629,750.88,3.17552224503765,2.27054970568104,0.715016154973943,0.219528466253919,0.207214753166224,16.85,1.1541095890411,212.45,3.09468317552804,0,-16.0641,4.11759799833194,1.37608385686463,0.451685660266874,1.30108445697626,0.601283991047423,33.3877563865537,51.0347891166449,14.7976986383577,0.969,3.95608738968062,3.43920674799665,0.832442903389189,0.505112958942417
1987-01-12,0.89,138.28,-3.32,-3.32,386.89,0.4887443000213083,658.41,27.06629,750.88,3.17552224503765,2.27054970568104,0.715016154973943,0.219528466253919,0.207214753166224,16.85,1.1541095890411,212.45,3.09468317552804,0,-16.0641,4.11759799833194,1.37608385686463,0.451685660266874,1.30108445697626,0.601283991047423,33.3877563865537,51.0347891166449,14.7976986383577,0.969,3.95608738968062,3.43920674799665,0.832442903389189,0.505112958942417
1987-01-13,0.18,196.25,-2.21,-2.21,399.68,0.4887443000213083,658.41,27.06629,750.88,3.17552224503765,2.27054970568104,0.715016154973943,0.219528466253919,0.207214753166224,16.85,1.1541095890411,212.45,3.09468317552804,0,-16.0641,4.11759799833194,1.37608385686463,0.451685660266874,1.30108445697626,0.601283991047423,33.3877563865537,51.0347891166449,14.7976986383577,0.969,3.95608738968062,3.43920674799665,0.832442903389189,0.505112958942417
1987-01-14,0.78,243.98,-2.0,-2.0,336.21,0.8145738333688473,658.41,27.06629,750.88,3.17552224503765,2.27054970568104,0.715016154973943,0.219528466253919,0.207214753166224,16.85,1.1541095890411,212.45,3.09468317552804,0,-16.0641,4.11759799833194,1.37608385686463,0.451685660266874,1.30108445697626,0.601283991047423,33.3877563865537,51.0347891166449,14.7976986383577,0.969,3.95608738968062,3.43920674799665,0.832442903389189,0.505112958942417
1987-01-15,0.26,243.57,0.84,0.84,387.92,1.140403366716386,658.41,27.06629,750.88,3.17552224503765,2.27054970568104,0.715016154973943,0.219528466253919,0.207214753166224,16.85,1.1541095890411,212.45,3.09468317552804,0,-16.0641,4.11759799833194,1.37608385686463,0.451685660266874,1.30108445697626,0.601283991047423,33.3877563865537,51.0347891166449,14.7976986383577,0.969,3.95608738968062,3.43920674799665,0.832442903389189,0.505112958942417
1987-01-16,0.01,281.41,-1.42,-1.42,335.31,1.4988158533986788,658.41,27.06629,750.88,3.17552224503765,2.27054970568104,0.715016154973943,0.219528466253919,0.207214753166224,16.85,1.1541095890411,212.45,3.09468317552804,0,-16.0641,4.11759799833194,1.37608385686463,0.451685660266874,1.30108445697626,0.601283991047423,33.3877563865537,51.0347891166449,14.7976986383577,0.969,3.95608738968062,3.43920674799665,0.832442903389189,0.505112958942417
1987-01-17,0.0,311.09,-8.59,-8.59,196.33,0.9774886000426166,658.41,27.06629,750.88,3.17552224503765,2.27054970568104,0.715016154973943,0.219528466253919,0.207214753166224,16.85,1.1541095890411,212.45,3.09468317552804,0,-16.0641,4.11759799833194,1.37608385686463,0.451685660266874,1.30108445697626,0.601283991047423,33.3877563865537,51.0347891166449,14.7976986383577,0.969,3.95608738968062,3.43920674799665,0.832442903389189,0.505112958942417
1987-01-18,1.56,235.34,-6.54,-6.54,247.11,0.8471567867036011,658.41,27.06629,750.88,3.17552224503765,2.27054970568104,0.715016154973943,0.219528466253919,0.207214753166224,16.85,1.1541095890411,212.45,3.09468317552804,0,-16.0641,4.11759799833194,1.37608385686463,0.451685660266874,1.30108445697626,0.601283991047423,33.3877563865537,51.0347891166449,14.7976986383577,0.969,3.95608738968062,3.43920674799665,0.832442903389189,0.505112958942417
1987-01-19,7.27,170.72,-3.87,-3.87,329.01,0.7819908800340932,658.41,27.06629,750.88,3.17552224503765,2.27054970568104,0.715016154973943,0.219528466253919,0.207214753166224,16.85,1.1541095890411,212.45,3.09468317552804,0,-16.0641,4.11759799833194,1.37608385686463,0.451685660266874,1.30108445697626,0.601283991047423,33.3877563865537,51.0347891166449,14.7976986383577,0.969,3.95608738968062,3.43920674799665,0.832442903389189,0.505112958942417
1987-01-20,1.92,179.82,-5.89,-5.89,286.04,0.7494079266993394,658.41,27.06629,750.88,3.17552224503765,2.27054970568104,0.715016154973943,0.219528466253919,0.207214753166224,16.85,1.1541095890411,212.45,3.09468317552804,0,-16.0641,4.11759799833194,1.37608385686463,0.451685660266874,1.30108445697626,0.601283991047423,33.3877563865537,51.0347891166449,14.7976986383577,0.969,3.95608738968062,3.43920674799665,0.832442903389189,0.505112958942417
1987-01-21,2.05,219.72,-7.38,-7.38,236.49,0.6842420200298316,658.41,27.06629,750.88,3.17552224503765,2.27054970568104,0.715016154973943,0.219528466253919,0.207214753166224,16.85,1.1541095890411,212.45,3.09468317552804,0,-16.0641,4.11759799833194,1.37608385686463,0.451685660266874,1.30108445697626,0.601283991047423,33.3877563865537,51.0347891166449,14.7976986383577,0.969,3.95608738968062,3.43920674799665,0.832442903389189,0.505112958942417
1987-01-22,6.87,246.16,-9.91,-9.91,183.55,0.58649316002557,658.41,27.06629,750.88,3.17552224503765,2.27054970568104,0.715016154973943,0.219528466253919,0.207214753166224,16.85,1.1541095890411,212.45,3.09468317552804,0,-16.0641,4.11759799833194,1.37608385686463,0.451685660266874,1.30108445697626,0.601283991047423,33.3877563865537,51.0347891166449,14.7976986383577,0.969,3.95608738968062,3.43920674799665,0.832442903389189,0.505112958942417
1987-01-23,2.35,221.81,-9.31,-9.31,187.04,0.5213272533560622,658.41,27.06629,750.88,3.17552224503765,2.27054970568104,0.715016154973943,0.219528466253919,0.207214753166224,16.85,1.1541095890411,212.45,3.09468317552804,0,-16.0641,4.11759799833194,1.37608385686463,0.451685660266874,1.30108445697626,0.601283991047423,33.3877563865537,51.0347891166449,14.7976986383577,0.969,3.95608738968062,3.43920674799665,0.832442903389189,0.505112958942417
1987-01-24,0.18,322.01,-14.55,-14.55,110.43,0.45616134668655445,658.41,27.06629,750.88,3.17552224503765,2.27054970568104,0.715016154973943,0.219528466253919,0.207214753166224,16.85,1.1541095890411,212.45,3.09468317552804,0,-16.0641,4.11759799833194,1.37608385686463,0.451685660266874,1.30108445697626,0.601283991047423,33.3877563865537,51.0347891166449,14.7976986383577,0.969,3.95608738968062,3.43920674799665,0.832442903389189,0.505112958942417
1987-01-25,0.0,346.27,-17.89,-17.89,68.42,0.42357839335180053,658.41,27.06629,750.88,3.17552224503765,2.27054970568104,0.715016154973943,0.219528466253919,0.207214753166224,16.85,1.1541095890411,212.45,3.09468317552804,0,-16.0641,4.11759799833194,1.37608385686463,0.451685660266874,1.30108445697626,0.601283991047423,33.3877563865537,51.0347891166449,14.7976986383577,0.969,3.95608738968062,3.43920674799665,0.832442903389189,0.505112958942417
1987-01-26,0.0,348.94,-17.1,-17.1,65.74,0.45616134668655445,658.41,27.06629,750.88,3.17552224503765,2.27054970568104,0.715016154973943,0.219528466253919,0.207214753166224,16.85,1.1541095890411,212.45,3.09468317552804,0,-16.0641,4.11759799833194,1.37608385686463,0.451685660266874,1.30108445697626,0.601283991047423,33.3877563865537,51.0347891166449,14.7976986383577,0.969,3.95608738968062,3.43920674799665,0.832442903389189,0.505112958942417
1987-01-27,0.0,353.42,-16.62,-16.62,67.13,0.45616134668655445,658.41,27.06629,750.88,3.17552224503765,2.27054970568104,0.715016154973943,0.219528466253919,0.207214753166224,16.85,1.1541095890411,212.45,3.09468317552804,0,-16.0641,4.11759799833194,1.37608385686463,0.451685660266874,1.30108445697626,0.601283991047423,33.3877563865537,51.0347891166449,14.7976986383577,0.969,3.95608738968062,3.43920674799665,0.832442903389189,0.505112958942417
1987-01-28,0.06,282.41,-14.22,-14.22,92.45,0.45616134668655445,658.41,27.06629,750.88,3.17552224503765,2.27054970568104,0.715016154973943,0.219528466253919,0.207214753166224,16.85,1.1541095890411,212.45,3.09468317552804,0,-16.0641,4.11759799833194,1.37608385686463,0.451685660266874,1.30108445697626,0.601283991047423,33.3877563865537,51.0347891166449,14.7976986383577,0.969,3.95608738968062,3.43920674799665,0.832442903389189,0.505112958942417
1987-01-29,0.53,271.03,-9.45,-9.45,170.82,0.45616134668655445,658.41,27.06629,750.88,3.17552224503765,2.27054970568104,0.715016154973943,0.219528466253919,0.207214753166224,16.85,1.1541095890411,212.45,3.09468317552804,0,-16.0641,4.11759799833194,1.37608385686463,0.451685660266874,1.30108445697626,0.601283991047423,33.3877563865537,51.0347891166449,14.7976986383577,0.969,3.95608738968062,3.43920674799665,0.832442903389189,0.505112958942417
1987-01-30,2.45,229.84,-4.48,-4.48,290.71,0.4854860046878329,658.41,27.06629,750.88,3.17552224503765,2.27054970568104,0.715016154973943,0.219528466253919,0.207214753166224,16.85,1.1541095890411,212.45,3.09468317552804,0,-16.0641,4.11759799833194,1.37608385686463,0.451685660266874,1.30108445697626,0.601283991047423,33.3877563865537,51.0347891166449,14.7976986383577,0.969,3.95608738968062,3.43920674799665,0.832442903389189,0.505112958942417
1987-01-31,0.98,193.77,-3.68,-3.68,327.59,0.4887443000213083,658.41,27.06629,750.88,3.17552224503765,2.27054970568104,0.715016154973943,0.219528466253919,0.207214753166224,16.85,1.1541095890411,212.45,3.09468317552804,0,-16.0641,4.11759799833194,1.37608385686463,0.451685660266874,1.30108445697626,0.601283991047423,33.3877563865537,51.0347891166449,14.7976986383577,0.969,3.95608738968062,3.43920674799665,0.832442903389189,0.505112958942417
1987-02-01,0.27,270.36,-4.56,-4.56,315.28,0.46593623268698053,658.41,27.06629,750.88,3.17552224503765,2.27054970568104,0.715016154973943,0.219528466253919,0.207214753166224,16.85,1.1541095890411,212.45,3.09468317552804,0,-16.0641,4.11759799833194,1.37608385686463,0.451685660266874,1.30108445697626,0.601283991047423,33.3877563865537,51.0347891166449,14.7976986383577,0.969,3.95608738968062,3.43920674799665,0.832442903389189,0.505112958942417
1987-02-02,0.05,285.1,-0.56,-0.56,411.48,0.47245282335393135,658.41,27.06629,750.88,3.17552224503765,2.27054970568104,0.715016154973943,0.219528466253919,0.207214753166224,16.85,1.1541095890411,212.45,3.09468317552804,0,-16.0641,4.11759799833194,1.37608385686463,0.451685660266874,1.30108445697626,0.601283991047423,33.3877563865537,51.0347891166449,14.7976986383577,0.969,3.95608738968062,3.43920674799665,0.832442903389189,0.505112958942417
1987-02-03,0.14,230.83,-0.88,-0.88,398.54,0.4920025953547837,658.41,27.06629,750.88,3.17552224503765,2.27054970568104,0.715016154973943,0.219528466253919,0.207214753166224,16.85,1.1541095890411,212.45,3.09468317552804,0,-16.0641,4.11759799833194,1.37608385686463,0.451685660266874,1.30108445697626,0.601283991047423,33.3877563865537,51.0347891166449,14.7976986383577,0.969,3.95608738968062,3.43920674799665,0.832442903389189,0.505112958942417
1987-02-04,0.82,186.85,-2.07,-2.07,365.62,0.452903051353079,658.41,27.06629,750.88,3.17552224503765,2.27054970568104,0.715016154973943,0.219528466253919,0.207214753166224,16.85,1.1541095890411,212.45,3.09468317552804,0,-16.0641,4.11759799833194,1.37608385686463,0.451685660266874,1.30108445697626,0.601283991047423,33.3877563865537,51.0347891166449,14.7976986383577,0.969,3.95608738968062,3.43920674799665,0.832442903389189,0.505112958942417
1987-02-05,0.27,354.4,-5.72,-5.72,240.01,0.3909954400170466,658.41,27.06629,750.88,3.17552224503765,2.27054970568104,0.715016154973943,0.219528466253919,0.207214753166224,16.85,1.1541095890411,212.45,3.09468317552804,0,-16.0641,4.11759799833194,1.37608385686463,0.451685660266874,1.30108445697626,0.601283991047423,33.3877563865537,51.0347891166449,14.7976986383577,0.969,3.95608738968062,3.43920674799665,0.832442903389189,0.505112958942417
1987-02-06,0.02,378.76,-4.91,-4.91,217.79,0.3909954400170466,658.41,27.06629,750.88,3.17552224503765,2.27054970568104,0.715016154973943,0.219528466253919,0.207214753166224,16.85,1.1541095890411,212.45,3.09468317552804,0,-16.0641,4.11759799833194,1.37608385686463,0.451685660266874,1.30108445697626,0.601283991047423,33.3877563865537,51.0347891166449,14.7976986383577,0.969,3.95608738968062,3.43920674799665,0.832442903389189,0.505112958942417
1987-02-07,1.31,290.11,-2.49,-2.49,281.28,0.3909954400170466,658.41,27.06629,750.88,3.17552224503765,2.27054970568104,0.715016154973943,0.219528466253919,0.207214753166224,16.85,1.1541095890411,212.45,3.09468317552804,0,-16.0641,4.11759799833194,1.37608385686463,0.451685660266874,1.30108445697626,0.601283991047423,33.3877563865537,51.0347891166449,14.7976986383577,0.969,3.95608738968062,3.43920674799665,0.832442903389189,0.505112958942417
1987-02-08,2.29,269.94,-2.42,-2.42,293.03,0.35841248668229275,658.41,27.06629,750.88,3.17552224503765,2.27054970568104,0.715016154973943,0.219528466253919,0.207214753166224,16.85,1.1541095890411,212.45,3.09468317552804,0,-16.0641,4.11759799833194,1.37608385686463,0.451685660266874,1.30108445697626,0.601283991047423,33.3877563865537,51.0347891166449,14.7976986383577,0.969,3.95608738968062,3.43920674799665,0.832442903389189,0.505112958942417
1987-02-09,0.56,324.21,-8.31,-8.31,175.91,0.3258295333475389,658.41,27.06629,750.88,3.17552224503765,2.27054970568104,0.715016154973943,0.219528466253919,0.207214753166224,16.85,1.1541095890411,212.45,3.09468317552804,0,-16.0641,4.11759799833194,1.37608385686463,0.451685660266874,1.30108445697626,0.601283991047423,33.3877563865537,51.0347891166449,14.7976986383577,0.969,3.95608738968062,3.43920674799665,0.832442903389189,0.505112958942417
1987-02-10,0.08,306.24,-9.95,-9.95,156.01,0.3258295333475389,658.41,27.06629,750.88,3.17552224503765,2.27054970568104,0.715016154973943,0.219528466253919,0.207214753166224,16.85,1.1541095890411,212.45,3.09468317552804,0,-16.0641,4.11759799833194,1.37608385686463,0.451685660266874,1.30108445697626,0.601283991047423,33.3877563865537,51.0347891166449,14.7976986383577,0.969,3.95608738968062,3.43920674799665,0.832442903389189,0.505112958942417
1987-02-11,0.87,298.3,-6.58,-6.58,207.12,0.3258295333475389,658.41,27.06629,750.88,3.17552224503765,2.27054970568104,0.715016154973943,0.219528466253919,0.207214753166224,16.85,1.1541095890411,212.45,3.09468317552804,0,-16.0641,4.11759799833194,1.37608385686463,0.451685660266874,1.30108445697626,0.601283991047423,33.3877563865537,51.0347891166449,14.7976986383577,0.969,3.95608738968062,3.43920674799665,0.832442903389189,0.505112958942417
1987-02-12,2.78,275.68,-5.57,-5.57,227.14,0.3258295333475389,658.41,27.06629,750.88,3.17552224503765,2.27054970568104,0.715016154973943,0.219528466253919,0.207214753166224,16.85,1.1541095890411,212.45,3.09468317552804,0,-16.0641,4.11759799833194,1.37608385686463,0.451685660266874,1.30108445697626,0.601283991047423,33.3877563865537,51.0347891166449,14.7976986383577,0.969,3.95608738968062,3.43920674799665,0.832442903389189,0.505112958942417
1987-02-13,0.81,291.85,-8.94,-8.94,170.3,0.30627976134668655,658.41,27.06629,750.88,3.17552224503765,2.27054970568104,0.715016154973943,0.219528466253919,0.207214753166224,16.85,1.1541095890411,212.45,3.09468317552804,0,-16.0641,4.11759799833194,1.37608385686463,0.451685660266874,1.30108445697626,0.601283991047423,33.3877563865537,51.0347891166449,14.7976986383577,0.969,3.95608738968062,3.43920674799665,0.832442903389189,0.505112958942417
1987-02-14,0.04,392.41,-12.65,-12.65,112.24,0.293246580012785,658.41,27.06629,750.88,3.17552224503765,2.27054970568104,0.715016154973943,0.219528466253919,0.207214753166224,16.85,1.1541095890411,212.45,3.09468317552804,0,-16.0641,4.11759799833194,1.37608385686463,0.451685660266874,1.30108445697626,0.601283991047423,33.3877563865537,51.0347891166449,14.7976986383577,0.969,3.95608738968062,3.43920674799665,0.832442903389189,0.505112958942417
1987-02-15,0.04,375.05,-17.28,-17.28,70.41,0.27369680801193264,658.41,27.06629,750.88,3.17552224503765,2.27054970568104,0.715016154973943,0.219528466253919,0.207214753166224,16.85,1.1541095890411,212.45,3.09468317552804,0,-16.0641,4.11759799833194,1.37608385686463,0.451685660266874,1.30108445697626,0.601283991047423,33.3877563865537,51.0347891166449,14.7976986383577,0.969,3.95608738968062,3.43920674799665,0.832442903389189,0.505112958942417
1987-02-16,0.01,420.44,-16.06,-16.06,72.58,0.24763044534412954,658.41,27.06629,750.88,3.17552224503765,2.27054970568104,0.715016154973943,0.219528466253919,0.207214753166224,16.85,1.1541095890411,212.45,3.09468317552804,0,-16.0641,4.11759799833194,1.37608385686463,0.451685660266874,1.30108445697626,0.601283991047423,33.3877563865537,51.0347891166449,14.7976986383577,0.969,3.95608738968062,3.43920674799665,0.832442903389189,0.505112958942417
1987-02-17,0.0,418.18,-11.67,-11.67,114.52,0.22808067334327722,658.41,27.06629,750.88,3.17552224503765,2.27054970568104,0.715016154973943,0.219528466253919,0.207214753166224,16.85,1.1541095890411,212.45,3.09468317552804,0,-16.0641,4.11759799833194,1.37608385686463,0.451685660266874,1.30108445697626,0.601283991047423,33.3877563865537,51.0347891166449,14.7976986383577,0.969,3.95608738968062,3.43920674799665,0.832442903389189,0.505112958942417
1987-02-18,0.0,395.39,-7.18,-7.18,173.32,0.22808067334327722,658.41,27.06629,750.88,3.17552224503765,2.27054970568104,0.715016154973943,0.219528466253919,0.207214753166224,16.85,1.1541095890411,212.45,3.09468317552804,0,-16.0641,4.11759799833194,1.37608385686463,0.451685660266874,1.30108445697626,0.601283991047423,33.3877563865537,51.0347891166449,14.7976986383577,0.969,3.95608738968062,3.43920674799665,0.832442903389189,0.505112958942417
1987-02-19,0.0,419.01,-9.01,-9.01,139.74,0.22808067334327722,658.41,27.06629,750.88,3.17552224503765,2.27054970568104,0.715016154973943,0.219528466253919,0.207214753166224,16.85,1.1541095890411,212.45,3.09468317552804,0,-16.0641,4.11759799833194,1.37608385686463,0.451685660266874,1.30108445697626,0.601283991047423,33.3877563865537,51.0347891166449,14.7976986383577,0.969,3.95608738968062,3.43920674799665,0.832442903389189,0.505112958942417
1987-02-20,0.0,429.01,-8.82,-8.82,132.99,0.23459726401022798,658.41,27.06629,750.88,3.17552224503765,2.27054970568104,0.715016154973943,0.219528466253919,0.207214753166224,16.85,1.1541095890411,212.45,3.09468317552804,0,-16.0641,4.11759799833194,1.37608385686463,0.451685660266874,1.30108445697626,0.601283991047423,33.3877563865537,51.0347891166449,14.7976986383577,0.969,3.95608738968062,3.43920674799665,0.832442903389189,0.505112958942417
1987-02-21,0.01,398.27,-6.82,-6.82,153.44,0.23459726401022798,658.41,27.06629,750.88,3.17552224503765,2.27054970568104,0.715016154973943,0.219528466253919,0.207214753166224,16.85,1.1541095890411,212.45,3.09468317552804,0,-16.0641,4.11759799833194,1.37608385686463,0.451685660266874,1.30108445697626,0.601283991047423,33.3877563865537,51.0347891166449,14.7976986383577,0.969,3.95608738968062,3.43920674799665,0.832442903389189,0.505112958942417
1987-02-22,2.76,339.61,-4.36,-4.36,206.28,0.23459726401022798,658.41,27.06629,750.88,3.17552224503765,2.27054970568104,0.715016154973943,0.219528466253919,0.207214753166224,16.85,1.1541095890411,212.45,3.09468317552804,0,-16.0641,4.11759799833194,1.37608385686463,0.451685660266874,1.30108445697626,0.601283991047423,33.3877563865537,51.0347891166449,14.7976986383577,0.969,3.95608738968062,3.43920674799665,0.832442903389189,0.505112958942417
1987-02-23,1.87,256.09,-1.59,-1.59,311.54,0.24111385467717877,658.41,27.06629,750.88,3.17552224503765,2.27054970568104,0.715016154973943,0.219528466253919,0.207214753166224,16.85,1.1541095890411,212.45,3.09468317552804,0,-16.0641,4.11759799833194,1.37608385686463,0.451685660266874,1.30108445697626,0.601283991047423,33.3877563865537,51.0347891166449,14.7976986383577,0.969,3.95608738968062,3.43920674799665,0.832442903389189,0.505112958942417
1987-02-24,0.3,379.58,-4.48,-4.48,241.26,0.24111385467717877,658.41,27.06629,750.88,3.17552224503765,2.27054970568104,0.715016154973943,0.219528466253919,0.207214753166224,16.85,1.1541095890411,212.45,3.09468317552804,0,-16.0641,4.11759799833194,1.37608385686463,0.451685660266874,1.30108445697626,0.601283991047423,33.3877563865537,51.0347891166449,14.7976986383577,0.969,3.95608738968062,3.43920674799665,0.832442903389189,0.505112958942417
1987-02-25,0.0,436.17,-6.92,-6.92,167.02,0.24111385467717877,658.41,27.06629,750.88,3.17552224503765,2.27054970568104,0.715016154973943,0.219528466253919,0.207214753166224,16.85,1.1541095890411,212.45,3.09468317552804,0,-16.0641,4.11759799833194,1.37608385686463,0.451685660266874,1.30108445697626,0.601283991047423,33.3877563865537,51.0347891166449,14.7976986383577,0.969,3.95608738968062,3.43920674799665,0.832442903389189,0.505112958942417
1987-02-26,0.0,448.2,-7.46,-7.46,152.84,0.24763044534412954,658.41,27.06629,750.88,3.17552224503765,2.27054970568104,0.715016154973943,0.219528466253919,0.207214753166224,16.85,1.1541095890411,212.45,3.09468317552804,0,-16.0641,4.11759799833194,1.37608385686463,0.451685660266874,1.30108445697626,0.601283991047423,33.3877563865537,51.0347891166449,14.7976986383577,0.969,3.95608738968062,3.43920674799665,0.832442903389189,0.505112958942417
1987-02-27,1.11,350.05,-5.22,-5.22,215.15,0.23459726401022798,658.41,27.06629,750.88,3.17552224503765,2.27054970568104,0.715016154973943,0.219528466253919,0.207214753166224,16.85,1.1541095890411,212.45,3.09468317552804,0,-16.0641,4.11759799833194,1.37608385686463,0.451685660266874,1.30108445697626,0.601283991047423,33.3877563865537,51.0347891166449,14.7976986383577,0.969,3.95608738968062,3.43920674799665,0.832442903389189,0.505112958942417
1987-02-28,7.85,259.5,-1.21,-1.21,382.82,0.24111385467717877,658.41,27.06629,750.88,3.17552224503765,2.27054970568104,0.715016154973943,0.219528466253919,0.207214753166224,16.85,1.1541095890411,212.45,3.09468317552804,0,-16.0641,4.11759799833194,1.37608385686463,0.451685660266874,1.30108445697626,0.601283991047423,33.3877563865537,51.0347891166449,14.7976986383577,0.969,3.95608738968062,3.43920674799665,0.832442903389189,0.505112958942417
1987-03-01,4.45,202.62,2.4,2.4,537.78,0.9123226933731089,658.41,27.06629,750.88,3.17552224503765,2.27054970568104,0.715016154973943,0.219528466253919,0.207214753166224,16.85,1.1541095890411,212.45,3.09468317552804,0,-16.0641,4.11759799833194,1.37608385686463,0.451685660266874,1.30108445697626,0.601283991047423,33.3877563865537,51.0347891166449,14.7976986383577,0.969,3.95608738968062,3.43920674799665,0.832442903389189,0.505112958942417
1987-03-02,1.52,257.12,1.48,1.48,451.86,3.127963520136373,658.41,27.06629,750.88,3.17552224503765,2.27054970568104,0.715016154973943,0.219528466253919,0.207214753166224,16.85,1.1541095890411,212.45,3.09468317552804,0,-16.0641,4.11759799833194,1.37608385686463,0.451685660266874,1.30108445697626,0.601283991047423,33.3877563865537,51.0347891166449,14.7976986383577,0.969,3.95608738968062,3.43920674799665,0.832442903389189,0.505112958942417
1987-03-03,1.34,243.56,-3.74,-3.74,287.65,1.8246453867462178,658.41,27.06629,750.88,3.17552224503765,2.27054970568104,0.715016154973943,0.219528466253919,0.207214753166224,16.85,1.1541095890411,212.45,3.09468317552804,0,-16.0641,4.11759799833194,1.37608385686463,0.451685660266874,1.30108445697626,0.601283991047423,33.3877563865537,51.0347891166449,14.7976986383577,0.969,3.95608738968062,3.43920674799665,0.832442903389189,0.505112958942417
1987-03-04,0.29,406.52,-8.26,-8.26,186.54,1.3033181333901556,658.41,27.06629,750.88,3.17552224503765,2.27054970568104,0.715016154973943,0.219528466253919,0.207214753166224,16.85,1.1541095890411,212.45,3.09468317552804,0,-16.0641,4.11759799833194,1.37608385686463,0.451685660266874,1.30108445697626,0.601283991047423,33.3877563865537,51.0347891166449,14.7976986383577,0.969,3.95608738968062,3.43920674799665,0.832442903389189,0.505112958942417
1987-03-05,0.0,453.16,-5.43,-5.43,209.2,1.17298632005114,658.41,27.06629,750.88,3.17552224503765,2.27054970568104,0.715016154973943,0.219528466253919,0.207214753166224,16.85,1.1541095890411,212.45,3.09468317552804,0,-16.0641,4.11759799833194,1.37608385686463,0.451685660266874,1.30108445697626,0.601283991047423,33.3877563865537,51.0347891166449,14.7976986383577,0.969,3.95608738968062,3.43920674799665,0.832442903389189,0.505112958942417
1987-03-06,0.0,467.04,-1.22,-1.22,286.5,1.3033181333901556,658.41,27.06629,750.88,3.17552224503765,2.27054970568104,0.715016154973943,0.219528466253919,0.207214753166224,16.85,1.1541095890411,212.45,3.09468317552804,0,-16.0641,4.11759799833194,1.37608385686463,0.451685660266874,1.30108445697626,0.601283991047423,33.3877563865537,51.0347891166449,14.7976986383577,0.969,3.95608738968062,3.43920674799665,0.832442903389189,0.505112958942417
1987-03-07,0.0,465.9,5.49,5.49,445.62,4.235783933518006,658.41,27.06629,750.88,3.17552224503765,2.27054970568104,0.715016154973943,0.219528466253919,0.207214753166224,16.85,1.1541095890411,212.45,3.09468317552804,0,-16.0641,4.11759799833194,1.37608385686463,0.451685660266874,1.30108445697626,0.601283991047423,33.3877563865537,51.0347891166449,14.7976986383577,0.969,3.95608738968062,3.43920674799665,0.832442903389189,0.505112958942417
1987-03-08,0.0,470.92,8.66,8.66,482.09,7.819908800340933,658.41,27.06629,750.88,3.17552224503765,2.27054970568104,0.715016154973943,0.219528466253919,0.207214753166224,16.85,1.1541095890411,212.45,3.09468317552804,0,-16.0641,4.11759799833194,1.37608385686463,0.451685660266874,1.30108445697626,0.601283991047423,33.3877563865537,51.0347891166449,14.7976986383577,0.969,3.95608738968062,3.43920674799665,0.832442903389189,0.505112958942417
1987-03-09,0.05,393.76,3.4,3.4,303.18,6.190761133603239,658.41,27.06629,750.88,3.17552224503765,2.27054970568104,0.715016154973943,0.219528466253919,0.207214753166224,16.85,1.1541095890411,212.45,3.09468317552804,0,-16.0641,4.11759799833194,1.37608385686463,0.451685660266874,1.30108445697626,0.601283991047423,33.3877563865537,51.0347891166449,14.7976986383577,0.969,3.95608738968062,3.43920674799665,0.832442903389189,0.505112958942417
1987-03-10,0.01,416.91,-7.81,-7.81,156.28,3.127963520136373,658.41,27.06629,750.88,3.17552224503765,2.27054970568104,0.715016154973943,0.219528466253919,0.207214753166224,16.85,1.1541095890411,212.45,3.09468317552804,0,-16.0641,4.11759799833194,1.37608385686463,0.451685660266874,1.30108445697626,0.601283991047423,33.3877563865537,51.0347891166449,14.7976986383577,0.969,3.95608738968062,3.43920674799665,0.832442903389189,0.505112958942417
1987-03-11,0.0,494.31,-8.93,-8.93,147.02,2.4111385467717876,658.41,27.06629,750.88,3.17552224503765,2.27054970568104,0.715016154973943,0.219528466253919,0.207214753166224,16.85,1.1541095890411,212.45,3.09468317552804,0,-16.0641,4.11759799833194,1.37608385686463,0.451685660266874,1.30108445697626,0.601283991047423,33.3877563865537,51.0347891166449,14.7976986383577,0.969,3.95608738968062,3.43920674799665,0.832442903389189,0.505112958942417
1987-03-12,0.0,465.76,-2.35,-2.35,250.11,2.0071099254208393,658.41,27.06629,750.88,3.17552224503765,2.27054970568104,0.715016154973943,0.219528466253919,0.207214753166224,16.85,1.1541095890411,212.45,3.09468317552804,0,-16.0641,4.11759799833194,1.37608385686463,0.451685660266874,1.30108445697626,0.601283991047423,33.3877563865537,51.0347891166449,14.7976986383577,0.969,3.95608738968062,3.43920674799665,0.832442903389189,0.505112958942417
1987-03-13,0.0,343.38,-1.88,-1.88,290.27,1.6910552780737267,658.41,27.06629,750.88,3.17552224503765,2.27054970568104,0.715016154973943,0.219528466253919,0.207214753166224,16.85,1.1541095890411,212.45,3.09468317552804,0,-16.0641,4.11759799833194,1.37608385686463,0.451685660266874,1.30108445697626,0.601283991047423,33.3877563865537,51.0347891166449,14.7976986383577,0.969,3.95608738968062,3.43920674799665,0.832442903389189,0.505112958942417
1987-03-14,0.0,462.77,-5.22,-5.22,210.69,1.423875060728745,658.41,27.06629,750.88,3.17552224503765,2.27054970568104,0.715016154973943,0.219528466253919,0.207214753166224,16.85,1.1541095890411,212.45,3.09468317552804,0,-16.0641,4.11759799833194,1.37608385686463,0.451685660266874,1.30108445697626,0.601283991047423,33.3877563865537,51.0347891166449,14.7976986383577,0.969,3.95608738968062,3.43920674799665,0.832442903389189,0.505112958942417
1987-03-15,0.0,468.17,-3.59,-3.59,218.29,1.2577019987215,658.41,27.06629,750.88,3.17552224503765,2.27054970568104,0.715016154973943,0.219528466253919,0.207214753166224,16.85,1.1541095890411,212.45,3.09468317552804,0,-16.0641,4.11759799833194,1.37608385686463,0.451685660266874,1.30108445697626,0.601283991047423,33.3877563865537,51.0347891166449,14.7976986383577,0.969,3.95608738968062,3.43920674799665,0.832442903389189,0.505112958942417
1987-03-16,0.0,477.47,-4.47,-4.47,211.96,1.0784957553803536,658.41,27.06629,750.88,3.17552224503765,2.27054970568104,0.715016154973943,0.219528466253919,0.207214753166224,16.85,1.1541095890411,212.45,3.09468317552804,0,-16.0641,4.11759799833194,1.37608385686463,0.451685660266874,1.30108445697626,0.601283991047423,33.3877563865537,51.0347891166449,14.7976986383577,0.969,3.95608738968062,3.43920674799665,0.832442903389189,0.505112958942417
1987-03-17,0.0,469.22,-1.57,-1.57,260.06,0.9677137140421904,658.41,27.06629,750.88,3.17552224503765,2.27054970568104,0.715016154973943,0.219528466253919,0.207214753166224,16.85,1.1541095890411,212.45,3.09468317552804,0,-16.0641,4.11759799833194,1.37608385686463,0.451685660266874,1.30108445697626,0.601283991047423,33.3877563865537,51.0347891166449,14.7976986383577,0.969,3.95608738968062,3.43920674799665,0.832442903389189,0.505112958942417
1987-03-18,0.0,514.76,-1.19,-1.19,231.39,0.9025478073726826,658.41,27.06629,750.88,3.17552224503765,2.27054970568104,0.715016154973943,0.219528466253919,0.207214753166224,16.85,1.1541095890411,212.45,3.09468317552804,0,-16.0641,4.11759799833194,1.37608385686463,0.451685660266874,1.30108445697626,0.601283991047423,33.3877563865537,51.0347891166449,14.7976986383577,0.969,3.95608738968062,3.43920674799665,0.832442903389189,0.505112958942417
1987-03-19,0.0,517.58,-0.3,-0.3,239.62,0.8862563307053057,658.41,27.06629,750.88,3.17552224503765,2.27054970568104,0.715016154973943,0.219528466253919,0.207214753166224,16.85,1.1541095890411,212.45,3.09468317552804,0,-16.0641,4.11759799833194,1.37608385686463,0.451685660266874,1.30108445697626,0.601283991047423,33.3877563865537,51.0347891166449,14.7976986383577,0.969,3.95608738968062,3.43920674799665,0.832442903389189,0.505112958942417
1987-03-20,0.0,508.41,0.39,0.39,272.31,0.8829980353718304,658.41,27.06629,750.88,3.17552224503765,2.27054970568104,0.715016154973943,0.219528466253919,0.207214753166224,16.85,1.1541095890411,212.45,3.09468317552804,0,-16.0641,4.11759799833194,1.37608385686463,0.451685660266874,1.30108445697626,0.601283991047423,33.3877563865537,51.0347891166449,14.7976986383577,0.969,3.95608738968062,3.43920674799665,0.832442903389189,0.505112958942417
1987-03-21,0.0,453.39,0.83,0.83,351.19,0.8862563307053057,658.41,27.06629,750.88,3.17552224503765,2.27054970568104,0.715016154973943,0.219528466253919,0.207214753166224,16.85,1.1541095890411,212.45,3.09468317552804,0,-16.0641,4.11759799833194,1.37608385686463,0.451685660266874,1.30108445697626,0.601283991047423,33.3877563865537,51.0347891166449,14.7976986383577,0.969,3.95608738968062,3.43920674799665,0.832442903389189,0.505112958942417
1987-03-22,0.0,350.91,3.61,3.61,466.76,0.8699648540379288,658.41,27.06629,750.88,3.17552224503765,2.27054970568104,0.715016154973943,0.219528466253919,0.207214753166224,16.85,1.1541095890411,212.45,3.09468317552804,0,-16.0641,4.11759799833194,1.37608385686463,0.451685660266874,1.30108445697626,0.601283991047423,33.3877563865537,51.0347891166449,14.7976986383577,0.969,3.95608738968062,3.43920674799665,0.832442903389189,0.505112958942417
1987-03-23,0.0,522.46,3.06,3.06,354.26,0.8895146260387811,658.41,27.06629,750.88,3.17552224503765,2.27054970568104,0.715016154973943,0.219528466253919,0.207214753166224,16.85,1.1541095890411,212.45,3.09468317552804,0,-16.0641,4.11759799833194,1.37608385686463,0.451685660266874,1.30108445697626,0.601283991047423,33.3877563865537,51.0347891166449,14.7976986383577,0.969,3.95608738968062,3.43920674799665,0.832442903389189,0.505112958942417
1987-03-24,0.93,419.1,6.23,6.23,408.0,1.0002966673769442,658.41,27.06629,750.88,3.17552224503765,2.27054970568104,0.715016154973943,0.219528466253919,0.207214753166224,16.85,1.1541095890411,212.45,3.09468317552804,0,-16.0641,4.11759799833194,1.37608385686463,0.451685660266874,1.30108445697626,0.601283991047423,33.3877563865537,51.0347891166449,14.7976986383577,0.969,3.95608738968062,3.43920674799665,0.832442903389189,0.505112958942417
1987-03-25,8.25,381.84,7.78,7.78,519.8,1.1371450713829108,658.41,27.06629,750.88,3.17552224503765,2.27054970568104,0.715016154973943,0.219528466253919,0.207214753166224,16.85,1.1541095890411,212.45,3.09468317552804,0,-16.0641,4.11759799833194,1.37608385686463,0.451685660266874,1.30108445697626,0.601283991047423,33.3877563865537,51.0347891166449,14.7976986383577,0.969,3.95608738968062,3.43920674799665,0.832442903389189,0.505112958942417
1987-03-26,2.32,254.65,6.56,6.56,623.07,2.3818138887705094,658.41,27.06629,750.88,3.17552224503765,2.27054970568104,0.715016154973943,0.219528466253919,0.207214753166224,16.85,1.1541095890411,212.45,3.09468317552804,0,-16.0641,4.11759799833194,1.37608385686463,0.451685660266874,1.30108445697626,0.601283991047423,33.3877563865537,51.0347891166449,14.7976986383577,0.969,3.95608738968062,3.43920674799665,0.832442903389189,0.505112958942417
1987-03-27,0.25,333.58,6.38,6.38,594.03,1.7399297080758576,658.41,27.06629,750.88,3.17552224503765,2.27054970568104,0.715016154973943,0.219528466253919,0.207214753166224,16.85,1.1541095890411,212.45,3.09468317552804,0,-16.0641,4.11759799833194,1.37608385686463,0.451685660266874,1.30108445697626,0.601283991047423,33.3877563865537,51.0347891166449,14.7976986383577,0.969,3.95608738968062,3.43920674799665,0.832442903389189,0.505112958942417
1987-03-28,0.05,492.51,8.12,8.12,549.01,1.5770149414020882,658.41,27.06629,750.88,3.17552224503765,2.27054970568104,0.715016154973943,0.219528466253919,0.207214753166224,16.85,1.1541095890411,212.45,3.09468317552804,0,-16.0641,4.11759799833194,1.37608385686463,0.451685660266874,1.30108445697626,0.601283991047423,33.3877563865537,51.0347891166449,14.7976986383577,0.969,3.95608738968062,3.43920674799665,0.832442903389189,0.505112958942417
1987-03-29,1.31,421.83,8.89,8.89,550.75,1.4531997187300234,658.41,27.06629,750.88,3.17552224503765,2.27054970568104,0.715016154973943,0.219528466253919,0.207214753166224,16.85,1.1541095890411,212.45,3.09468317552804,0,-16.0641,4.11759799833194,1.37608385686463,0.451685660266874,1.30108445697626,0.601283991047423,33.3877563865537,51.0347891166449,14.7976986383577,0.969,3.95608738968062,3.43920674799665,0.832442903389189,0.505112958942417
1987-03-30,14.7,352.4,12.05,12.05,697.66,1.518365625399531,658.41,27.06629,750.88,3.17552224503765,2.27054970568104,0.715016154973943,0.219528466253919,0.207214753166224,16.85,1.1541095890411,212.45,3.09468317552804,0,-16.0641,4.11759799833194,1.37608385686463,0.451685660266874,1.30108445697626,0.601283991047423,33.3877563865537,51.0347891166449,14.7976986383577,0.969,3.95608738968062,3.43920674799665,0.832442903389189,0.505112958942417
1987-03-31,14.02,400.2,3.6,3.6,380.73,3.779622586831451,658.41,27.06629,750.88,3.17552224503765,2.27054970568104,0.715016154973943,0.219528466253919,0.207214753166224,16.85,1.1541095890411,212.45,3.09468317552804,0,-16.0641,4.11759799833194,1.37608385686463,0.451685660266874,1.30108445697626,0.601283991047423,33.3877563865537,51.0347891166449,14.7976986383577,0.969,3.95608738968062,3.43920674799665,0.832442903389189,0.505112958942417
1987-04-01,3.99,366.03,-3.22,-3.22,281.85,3.0432478414660133,658.41,27.06629,750.88,3.17552224503765,2.27054970568104,0.715016154973943,0.219528466253919,0.207214753166224,16.85,1.1541095890411,212.45,3.09468317552804,0,-16.0641,4.11759799833194,1.37608385686463,0.451685660266874,1.30108445697626,0.601283991047423,33.3877563865537,51.0347891166449,14.7976986383577,0.969,3.95608738968062,3.43920674799665,0.832442903389189,0.505112958942417
1987-04-02,2.35,241.01,-0.52,-0.52,393.48,3.2517787428084377,658.41,27.06629,750.88,3.17552224503765,2.27054970568104,0.715016154973943,0.219528466253919,0.207214753166224,16.85,1.1541095890411,212.45,3.09468317552804,0,-16.0641,4.11759799833194,1.37608385686463,0.451685660266874,1.30108445697626,0.601283991047423,33.3877563865537,51.0347891166449,14.7976986383577,0.969,3.95608738968062,3.43920674799665,0.832442903389189,0.505112958942417
1987-04-03,11.8,268.28,-1.66,-1.66,371.17,2.948757276795227,658.41,27.06629,750.88,3.17552224503765,2.27054970568104,0.715016154973943,0.219528466253919,0.207214753166224,16.85,1.1541095890411,212.45,3.09468317552804,0,-16.0641,4.11759799833194,1.37608385686463,0.451685660266874,1.30108445697626,0.601283991047423,33.3877563865537,51.0347891166449,14.7976986383577,0.969,3.95608738968062,3.43920674799665,0.832442903389189,0.505112958942417
1987-04-04,14.24,285.53,0.26,0.26,436.28,4.594196420200298,658.41,27.06629,750.88,3.17552224503765,2.27054970568104,0.715016154973943,0.219528466253919,0.207214753166224,16.85,1.1541095890411,212.45,3.09468317552804,0,-16.0641,4.11759799833194,1.37608385686463,0.451685660266874,1.30108445697626,0.601283991047423,33.3877563865537,51.0347891166449,14.7976986383577,0.969,3.95608738968062,3.43920674799665,0.832442903389189,0.505112958942417
1987-04-05,6.0,322.94,3.31,3.31,532.34,11.013038227146813,658.41,27.06629,750.88,3.17552224503765,2.27054970568104,0.715016154973943,0.219528466253919,0.207214753166224,16.85,1.1541095890411,212.45,3.09468317552804,0,-16.0641,4.11759799833194,1.37608385686463,0.451685660266874,1.30108445697626,0.601283991047423,33.3877563865537,51.0347891166449,14.7976986383577,0.969,3.95608738968062,3.43920674799665,0.832442903389189,0.505112958942417
1987-04-06,4.98,219.85,4.29,4.29,632.11,9.449056467078627,658.41,27.06629,750.88,3.17552224503765,2.27054970568104,0.715016154973943,0.219528466253919,0.207214753166224,16.85,1.1541095890411,212.45,3.09468317552804,0,-16.0641,4.11759799833194,1.37608385686463,0.451685660266874,1.30108445697626,0.601283991047423,33.3877563865537,51.0347891166449,14.7976986383577,0.969,3.95608738968062,3.43920674799665,0.832442903389189,0.505112958942417
1987-04-07,1.25,305.69,6.24,6.24,644.98,8.699648540379288,658.41,27.06629,750.88,3.17552224503765,2.27054970568104,0.715016154973943,0.219528466253919,0.207214753166224,16.85,1.1541095890411,212.45,3.09468317552804,0,-16.0641,4.11759799833194,1.37608385686463,0.451685660266874,1.30108445697626,0.601283991047423,33.3877563865537,51.0347891166449,14.7976986383577,0.969,3.95608738968062,3.43920674799665,0.832442903389189,0.505112958942417
1987-04-08,0.05,513.61,3.28,3.28,450.43,5.604267973577668,658.41,27.06629,750.88,3.17552224503765,2.27054970568104,0.715016154973943,0.219528466253919,0.207214753166224,16.85,1.1541095890411,212.45,3.09468317552804,0,-16.0641,4.11759799833194,1.37608385686463,0.451685660266874,1.30108445697626,0.601283991047423,33.3877563865537,51.0347891166449,14.7976986383577,0.969,3.95608738968062,3.43920674799665,0.832442903389189,0.505112958942417
1987-04-09,0.0,522.0,5.63,5.63,494.54,4.072869166844236,658.41,27.06629,750.88,3.17552224503765,2.27054970568104,0.715016154973943,0.219528466253919,0.207214753166224,16.85,1.1541095890411,212.45,3.09468317552804,0,-16.0641,4.11759799833194,1.37608385686463,0.451685660266874,1.30108445697626,0.601283991047423,33.3877563865537,51.0347891166449,14.7976986383577,0.969,3.95608738968062,3.43920674799665,0.832442903389189,0.505112958942417
1987-04-10,0.33,438.5,7.4,7.4,506.33,3.189871131472405,658.41,27.06629,750.88,3.17552224503765,2.27054970568104,0.715016154973943,0.219528466253919,0.207214753166224,16.85,1.1541095890411,212.45,3.09468317552804,0,-16.0641,4.11759799833194,1.37608385686463,0.451685660266874,1.30108445697626,0.601283991047423,33.3877563865537,51.0347891166449,14.7976986383577,0.969,3.95608738968062,3.43920674799665,0.832442903389189,0.505112958942417
1987-04-11,1.92,426.69,8.94,8.94,535.59,2.5512452461112294,658.41,27.06629,750.88,3.17552224503765,2.27054970568104,0.715016154973943,0.219528466253919,0.207214753166224,16.85,1.1541095890411,212.45,3.09468317552804,0,-16.0641,4.11759799833194,1.37608385686463,0.451685660266874,1.30108445697626,0.601283991047423,33.3877563865537,51.0347891166449,14.7976986383577,0.969,3.95608738968062,3.43920674799665,0.832442903389189,0.505112958942417
1987-04-12,8.18,373.95,6.4,6.4,552.32,2.4665295674408694,658.41,27.06629,750.88,3.17552224503765,2.27054970568104,0.715016154973943,0.219528466253919,0.207214753166224,16.85,1.1541095890411,212.45,3.09468317552804,0,-16.0641,4.11759799833194,1.37608385686463,0.451685660266874,1.30108445697626,0.601283991047423,33.3877563865537,51.0347891166449,14.7976986383577,0.969,3.95608738968062,3.43920674799665,0.832442903389189,0.505112958942417
1987-04-13,2.11,470.75,7.54,7.54,610.59,2.8542667121244403,658.41,27.06629,750.88,3.17552224503765,2.27054970568104,0.715016154973943,0.219528466253919,0.207214753166224,16.85,1.1541095890411,212.45,3.09468317552804,0,-16.0641,4.11759799833194,1.37608385686463,0.451685660266874,1.30108445697626,0.601283991047423,33.3877563865537,51.0347891166449,14.7976986383577,0.969,3.95608738968062,3.43920674799665,0.832442903389189,0.505112958942417
1987-04-14,0.16,426.07,8.42,8.42,628.81,2.179799578095035,658.41,27.06629,750.88,3.17552224503765,2.27054970568104,0.715016154973943,0.219528466253919,0.207214753166224,16.85,1.1541095890411,212.45,3.09468317552804,0,-16.0641,4.11759799833194,1.37608385686463,0.451685660266874,1.30108445697626,0.601283991047423,33.3877563865537,51.0347891166449,14.7976986383577,0.969,3.95608738968062,3.43920674799665,0.832442903389189,0.505112958942417
1987-04-15,0.85,355.29,11.39,11.39,797.75,1.8670032260813976,658.41,27.06629,750.88,3.17552224503765,2.27054970568104,0.715016154973943,0.219528466253919,0.207214753166224,16.85,1.1541095890411,212.45,3.09468317552804,0,-16.0641,4.11759799833194,1.37608385686463,0.451685660266874,1.30108445697626,0.601283991047423,33.3877563865537,51.0347891166449,14.7976986383577,0.969,3.95608738968062,3.43920674799665,0.832442903389189,0.505112958942417
1987-04-16,0.52,329.38,9.49,9.49,778.64,1.7073467547411034,658.41,27.06629,750.88,3.17552224503765,2.27054970568104,0.715016154973943,0.219528466253919,0.207214753166224,16.85,1.1541095890411,212.45,3.09468317552804,0,-16.0641,4.11759799833194,1.37608385686463,0.451685660266874,1.30108445697626,0.601283991047423,33.3877563865537,51.0347891166449,14.7976986383577,0.969,3.95608738968062,3.43920674799665,0.832442903389189,0.505112958942417
1987-04-17,0.2,321.79,10.23,10.23,861.51,1.5574651694012358,658.41,27.06629,750.88,3.17552224503765,2.27054970568104,0.715016154973943,0.219528466253919,0.207214753166224,16.85,1.1541095890411,212.45,3.09468317552804,0,-16.0641,4.11759799833194,1.37608385686463,0.451685660266874,1.30108445697626,0.601283991047423,33.3877563865537,51.0347891166449,14.7976986383577,0.969,3.95608738968062,3.43920674799665,0.832442903389189,0.505112958942417
1987-04-18,0.05,430.83,12.54,12.54,893.07,1.4466831280630725,658.41,27.06629,750.88,3.17552224503765,2.27054970568104,0.715016154973943,0.219528466253919,0.207214753166224,16.85,1.1541095890411,212.45,3.09468317552804,0,-16.0641,4.11759799833194,1.37608385686463,0.451685660266874,1.30108445697626,0.601283991047423,33.3877563865537,51.0347891166449,14.7976986383577,0.969,3.95608738968062,3.43920674799665,0.832442903389189,0.505112958942417
1987-04-19,0.01,528.68,13.1,13.1,795.76,1.283768361389303,658.41,27.06629,750.88,3.17552224503765,2.27054970568104,0.715016154973943,0.219528466253919,0.207214753166224,16.85,1.1541095890411,212.45,3.09468317552804,0,-16.0641,4.11759799833194,1.37608385686463,0.451685660266874,1.30108445697626,0.601283991047423,33.3877563865537,51.0347891166449,14.7976986383577,0.969,3.95608738968062,3.43920674799665,0.832442903389189,0.505112958942417
1987-04-20,0.07,537.35,15.08,15.08,815.27,1.156694843383763,658.41,27.06629,750.88,3.17552224503765,2.27054970568104,0.715016154973943,0.219528466253919,0.207214753166224,16.85,1.1541095890411,212.45,3.09468317552804,0,-16.0641,4.11759799833194,1.37608385686463,0.451685660266874,1.30108445697626,0.601283991047423,33.3877563865537,51.0347891166449,14.7976986383577,0.969,3.95608738968062,3.43920674799665,0.832442903389189,0.505112958942417
1987-04-21,0.02,539.46,16.88,16.88,852.17,1.029621325378223,658.41,27.06629,750.88,3.17552224503765,2.27054970568104,0.715016154973943,0.219528466253919,0.207214753166224,16.85,1.1541095890411,212.45,3.09468317552804,0,-16.0641,4.11759799833194,1.37608385686463,0.451685660266874,1.30108445697626,0.601283991047423,33.3877563865537,51.0347891166449,14.7976986383577,0.969,3.95608738968062,3.43920674799665,0.832442903389189,0.505112958942417
1987-04-22,1.16,425.01,15.08,15.08,803.11,0.9253558747070104,658.41,27.06629,750.88,3.17552224503765,2.27054970568104,0.715016154973943,0.219528466253919,0.207214753166224,16.85,1.1541095890411,212.45,3.09468317552804,0,-16.0641,4.11759799833194,1.37608385686463,0.451685660266874,1.30108445697626,0.601283991047423,33.3877563865537,51.0347891166449,14.7976986383577,0.969,3.95608738968062,3.43920674799665,0.832442903389189,0.505112958942417
1987-04-23,9.82,351.9,14.14,14.14,866.37,0.8960312167057319,658.41,27.06629,750.88,3.17552224503765,2.27054970568104,0.715016154973943,0.219528466253919,0.207214753166224,16.85,1.1541095890411,212.45,3.09468317552804,0,-16.0641,4.11759799833194,1.37608385686463,0.451685660266874,1.30108445697626,0.601283991047423,33.3877563865537,51.0347891166449,14.7976986383577,0.969,3.95608738968062,3.43920674799665,0.832442903389189,0.505112958942417
1987-04-24,9.49,376.42,9.02,9.02,643.23,1.6552140294054976,658.41,27.06629,750.88,3.17552224503765,2.27054970568104,0.715016154973943,0.219528466253919,0.207214753166224,16.85,1.1541095890411,212.45,3.09468317552804,0,-16.0641,4.11759799833194,1.37608385686463,0.451685660266874,1.30108445697626,0.601283991047423,33.3877563865537,51.0347891166449,14.7976986383577,0.969,3.95608738968062,3.43920674799665,0.832442903389189,0.505112958942417
1987-04-25,1.84,529.66,5.36,5.36,481.24,1.7399297080758576,658.41,27.06629,750.88,3.17552224503765,2.27054970568104,0.715016154973943,0.219528466253919,0.207214753166224,16.85,1.1541095890411,212.45,3.09468317552804,0,-16.0641,4.11759799833194,1.37608385686463,0.451685660266874,1.30108445697626,0.601283991047423,33.3877563865537,51.0347891166449,14.7976986383577,0.969,3.95608738968062,3.43920674799665,0.832442903389189,0.505112958942417
1987-04-26,1.95,426.26,6.59,6.59,506.6,1.2023109780524184,658.41,27.06629,750.88,3.17552224503765,2.27054970568104,0.715016154973943,0.219528466253919,0.207214753166224,16.85,1.1541095890411,212.45,3.09468317552804,0,-16.0641,4.11759799833194,1.37608385686463,0.451685660266874,1.30108445697626,0.601283991047423,33.3877563865537,51.0347891166449,14.7976986383577,0.969,3.95608738968062,3.43920674799665,0.832442903389189,0.505112958942417
1987-04-27,14.58,424.18,7.03,7.03,504.7,1.1045621180481566,658.41,27.06629,750.88,3.17552224503765,2.27054970568104,0.715016154973943,0.219528466253919,0.207214753166224,16.85,1.1541095890411,212.45,3.09468317552804,0,-16.0641,4.11759799833194,1.37608385686463,0.451685660266874,1.30108445697626,0.601283991047423,33.3877563865537,51.0347891166449,14.7976986383577,0.969,3.95608738968062,3.43920674799665,0.832442903389189,0.505112958942417
1987-04-28,6.38,403.69,7.66,7.66,551.22,3.3234612401448964,658.41,27.06629,750.88,3.17552224503765,2.27054970568104,0.715016154973943,0.219528466253919,0.207214753166224,16.85,1.1541095890411,212.45,3.09468317552804,0,-16.0641,4.11759799833194,1.37608385686463,0.451685660266874,1.30108445697626,0.601283991047423,33.3877563865537,51.0347891166449,14.7976986383577,0.969,3.95608738968062,3.43920674799665,0.832442903389189,0.505112958942417
1987-04-29,0.71,551.01,6.11,6.11,494.84,2.3524892307692307,658.41,27.06629,750.88,3.17552224503765,2.27054970568104,0.715016154973943,0.219528466253919,0.207214753166224,16.85,1.1541095890411,212.45,3.09468317552804,0,-16.0641,4.11759799833194,1.37608385686463,0.451685660266874,1.30108445697626,0.601283991047423,33.3877563865537,51.0347891166449,14.7976986383577,0.969,3.95608738968062,3.43920674799665,0.832442903389189,0.505112958942417
1987-04-30,0.02,513.94,6.71,6.71,501.92,1.8507117494140208,658.41,27.06629,750.88,3.17552224503765,2.27054970568104,0.715016154973943,0.219528466253919,0.207214753166224,16.85,1.1541095890411,212.45,3.09468317552804,0,-16.0641,4.11759799833194,1.37608385686463,0.451685660266874,1.30108445697626,0.601283991047423,33.3877563865537,51.0347891166449,14.7976986383577,0.969,3.95608738968062,3.43920674799665,0.832442903389189,0.505112958942417
1987-05-01,0.01,574.74,3.65,3.65,389.19,1.6291476667376945,658.41,27.06629,750.88,3.17552224503765,2.27054970568104,0.715016154973943,0.219528466253919,0.207214753166224,16.85,1.1541095890411,212.45,3.09468317552804,0,-16.0641,4.11759799833194,1.37608385686463,0.451685660266874,1.30108445697626,0.601283991047423,33.3877563865537,51.0347891166449,14.7976986383577,0.969,3.95608738968062,3.43920674799665,0.832442903389189,0.505112958942417
1987-05-02,2.71,428.71,6.05,6.05,463.56,1.4466831280630725,658.41,27.06629,750.88,3.17552224503765,2.27054970568104,0.715016154973943,0.219528466253919,0.207214753166224,16.85,1.1541095890411,212.45,3.09468317552804,0,-16.0641,4.11759799833194,1.37608385686463,0.451685660266874,1.30108445697626,0.601283991047423,33.3877563865537,51.0347891166449,14.7976986383577,0.969,3.95608738968062,3.43920674799665,0.832442903389189,0.505112958942417
1987-05-03,3.83,398.26,5.84,5.84,490.25,1.4369082420626462,658.41,27.06629,750.88,3.17552224503765,2.27054970568104,0.715016154973943,0.219528466253919,0.207214753166224,16.85,1.1541095890411,212.45,3.09468317552804,0,-16.0641,4.11759799833194,1.37608385686463,0.451685660266874,1.30108445697626,0.601283991047423,33.3877563865537,51.0347891166449,14.7976986383577,0.969,3.95608738968062,3.43920674799665,0.832442903389189,0.505112958942417
1987-05-04,0.82,549.0,4.26,4.26,432.07,1.5411736927338586,658.41,27.06629,750.88,3.17552224503765,2.27054970568104,0.715016154973943,0.219528466253919,0.207214753166224,16.85,1.1541095890411,212.45,3.09468317552804,0,-16.0641,4.11759799833194,1.37608385686463,0.451685660266874,1.30108445697626,0.601283991047423,33.3877563865537,51.0347891166449,14.7976986383577,0.969,3.95608738968062,3.43920674799665,0.832442903389189,0.505112958942417
1987-05-05,0.0,558.71,5.49,5.49,468.35,1.1892777967185169,658.41,27.06629,750.88,3.17552224503765,2.27054970568104,0.715016154973943,0.219528466253919,0.207214753166224,16.85,1.1541095890411,212.45,3.09468317552804,0,-16.0641,4.11759799833194,1.37608385686463,0.451685660266874,1.30108445697626,0.601283991047423,33.3877563865537,51.0347891166449,14.7976986383577,0.969,3.95608738968062,3.43920674799665,0.832442903389189,0.505112958942417
1987-05-06,0.0,570.27,8.7,8.7,553.32,1.081754050713829,658.41,27.06629,750.88,3.17552224503765,2.27054970568104,0.715016154973943,0.219528466253919,0.207214753166224,16.85,1.1541095890411,212.45,3.09468317552804,0,-16.0641,4.11759799833194,1.37608385686463,0.451685660266874,1.30108445697626,0.601283991047423,33.3877563865537,51.0347891166449,14.7976986383577,0.969,3.95608738968062,3.43920674799665,0.832442903389189,0.505112958942417
1987-05-07,0.0,546.97,9.6,9.6,571.64,0.9937800767099936,658.41,27.06629,750.88,3.17552224503765,2.27054970568104,0.715016154973943,0.219528466253919,0.207214753166224,16.85,1.1541095890411,212.45,3.09468317552804,0,-16.0641,4.11759799833194,1.37608385686463,0.451685660266874,1.30108445697626,0.601283991047423,33.3877563865537,51.0347891166449,14.7976986383577,0.969,3.95608738968062,3.43920674799665,0.832442903389189,0.505112958942417
1987-05-08,0.0,577.01,6.59,6.59,459.17,0.905806102706158,658.41,27.06629,750.88,3.17552224503765,2.27054970568104,0.715016154973943,0.219528466253919,0.207214753166224,16.85,1.1541095890411,212.45,3.09468317552804,0,-16.0641,4.11759799833194,1.37608385686463,0.451685660266874,1.30108445697626,0.601283991047423,33.3877563865537,51.0347891166449,14.7976986383577,0.969,3.95608738968062,3.43920674799665,0.832442903389189,0.505112958942417
1987-05-09,0.0,580.47,9.13,9.13,583.64,0.8210904240357979,658.41,27.06629,750.88,3.17552224503765,2.27054970568104,0.715016154973943,0.219528466253919,0.207214753166224,16.85,1.1541095890411,212.45,3.09468317552804,0,-16.0641,4.11759799833194,1.37608385686463,0.451685660266874,1.30108445697626,0.601283991047423,33.3877563865537,51.0347891166449,14.7976986383577,0.969,3.95608738968062,3.43920674799665,0.832442903389189,0.505112958942417
1987-05-10,0.0,540.37,15.98,15.98,908.25,0.7461496313658639,658.41,27.06629,750.88,3.17552224503765,2.27054970568104,0.715016154973943,0.219528466253919,0.207214753166224,16.85,1.1541095890411,212.45,3.09468317552804,0,-16.0641,4.11759799833194,1.37608385686463,0.451685660266874,1.30108445697626,0.601283991047423,33.3877563865537,51.0347891166449,14.7976986383577,0.969,3.95608738968062,3.43920674799665,0.832442903389189,0.505112958942417
1987-05-11,5.04,420.63,16.21,16.21,942.07,0.6842420200298316,658.41,27.06629,750.88,3.17552224503765,2.27054970568104,0.715016154973943,0.219528466253919,0.207214753166224,16.85,1.1541095890411,212.45,3.09468317552804,0,-16.0641,4.11759799833194,1.37608385686463,0.451685660266874,1.30108445697626,0.601283991047423,33.3877563865537,51.0347891166449,14.7976986383577,0.969,3.95608738968062,3.43920674799665,0.832442903389189,0.505112958942417
1987-05-12,1.38,484.81,16.6,16.6,925.75,0.7591828126997655,658.41,27.06629,750.88,3.17552224503765,2.27054970568104,0.715016154973943,0.219528466253919,0.207214753166224,16.85,1.1541095890411,212.45,3.09468317552804,0,-16.0641,4.11759799833194,1.37608385686463,0.451685660266874,1.30108445697626,0.601283991047423,33.3877563865537,51.0347891166449,14.7976986383577,0.969,3.95608738968062,3.43920674799665,0.832442903389189,0.505112958942417
1987-05-13,0.01,584.48,9.33,9.33,605.85,0.6353675900277007,658.41,27.06629,750.88,3.17552224503765,2.27054970568104,0.715016154973943,0.219528466253919,0.207214753166224,16.85,1.1541095890411,212.45,3.09468317552804,0,-16.0641,4.11759799833194,1.37608385686463,0.451685660266874,1.30108445697626,0.601283991047423,33.3877563865537,51.0347891166449,14.7976986383577,0.969,3.95608738968062,3.43920674799665,0.832442903389189,0.505112958942417
1987-05-14,7.26,411.06,14.6,14.6,916.52,0.553910206690816,658.41,27.06629,750.88,3.17552224503765,2.27054970568104,0.715016154973943,0.219528466253919,0.207214753166224,16.85,1.1541095890411,212.45,3.09468317552804,0,-16.0641,4.11759799833194,1.37608385686463,0.451685660266874,1.30108445697626,0.601283991047423,33.3877563865537,51.0347891166449,14.7976986383577,0.969,3.95608738968062,3.43920674799665,0.832442903389189,0.505112958942417
1987-05-15,1.91,460.98,16.55,16.55,975.65,0.7103083826976347,658.41,27.06629,750.88,3.17552224503765,2.27054970568104,0.715016154973943,0.219528466253919,0.207214753166224,16.85,1.1541095890411,212.45,3.09468317552804,0,-16.0641,4.11759799833194,1.37608385686463,0.451685660266874,1.30108445697626,0.601283991047423,33.3877563865537,51.0347891166449,14.7976986383577,0.969,3.95608738968062,3.43920674799665,0.832442903389189,0.505112958942417
1987-05-16,0.0,588.18,9.57,9.57,601.35,0.5799765693586192,658.41,27.06629,750.88,3.17552224503765,2.27054970568104,0.715016154973943,0.219528466253919,0.207214753166224,16.85,1.1541095890411,212.45,3.09468317552804,0,-16.0641,4.11759799833194,1.37608385686463,0.451685660266874,1.30108445697626,0.601283991047423,33.3877563865537,51.0347891166449,14.7976986383577,0.969,3.95608738968062,3.43920674799665,0.832442903389189,0.505112958942417
1987-05-17,0.98,439.4,14.73,14.73,842.16,0.49851918602173445,658.41,27.06629,750.88,3.17552224503765,2.27054970568104,0.715016154973943,0.219528466253919,0.207214753166224,16.85,1.1541095890411,212.45,3.09468317552804,0,-16.0641,4.11759799833194,1.37608385686463,0.451685660266874,1.30108445697626,0.601283991047423,33.3877563865537,51.0347891166449,14.7976986383577,0.969,3.95608738968062,3.43920674799665,0.832442903389189,0.505112958942417
1987-05-18,2.9,397.85,15.8,15.8,953.84,0.452903051353079,658.41,27.06629,750.88,3.17552224503765,2.27054970568104,0.715016154973943,0.219528466253919,0.207214753166224,16.85,1.1541095890411,212.45,3.09468317552804,0,-16.0641,4.11759799833194,1.37608385686463,0.451685660266874,1.30108445697626,0.601283991047423,33.3877563865537,51.0347891166449,14.7976986383577,0.969,3.95608738968062,3.43920674799665,0.832442903389189,0.505112958942417
1987-05-19,2.58,289.7,11.55,11.55,882.48,0.4887443000213083,658.41,27.06629,750.88,3.17552224503765,2.27054970568104,0.715016154973943,0.219528466253919,0.207214753166224,16.85,1.1541095890411,212.45,3.09468317552804,0,-16.0641,4.11759799833194,1.37608385686463,0.451685660266874,1.30108445697626,0.601283991047423,33.3877563865537,51.0347891166449,14.7976986383577,0.969,3.95608738968062,3.43920674799665,0.832442903389189,0.505112958942417
1987-05-20,0.5,308.89,9.14,9.14,838.07,0.47571111868740673,658.41,27.06629,750.88,3.17552224503765,2.27054970568104,0.715016154973943,0.219528466253919,0.207214753166224,16.85,1.1541095890411,212.45,3.09468317552804,0,-16.0641,4.11759799833194,1.37608385686463,0.451685660266874,1.30108445697626,0.601283991047423,33.3877563865537,51.0347891166449,14.7976986383577,0.969,3.95608738968062,3.43920674799665,0.832442903389189,0.505112958942417
1987-05-21,0.02,392.88,11.16,11.16,920.78,0.4333532793522267,658.41,27.06629,750.88,3.17552224503765,2.27054970568104,0.715016154973943,0.219528466253919,0.207214753166224,16.85,1.1541095890411,212.45,3.09468317552804,0,-16.0641,4.11759799833194,1.37608385686463,0.451685660266874,1.30108445697626,0.601283991047423,33.3877563865537,51.0347891166449,14.7976986383577,0.969,3.95608738968062,3.43920674799665,0.832442903389189,0.505112958942417
1987-05-22,0.85,475.92,16.52,16.52,1133.63,0.3909954400170466,658.41,27.06629,750.88,3.17552224503765,2.27054970568104,0.715016154973943,0.219528466253919,0.207214753166224,16.85,1.1541095890411,212.45,3.09468317552804,0,-16.0641,4.11759799833194,1.37608385686463,0.451685660266874,1.30108445697626,0.601283991047423,33.3877563865537,51.0347891166449,14.7976986383577,0.969,3.95608738968062,3.43920674799665,0.832442903389189,0.505112958942417
1987-05-23,0.39,425.55,19.22,19.22,1225.07,0.36167078201576813,658.41,27.06629,750.88,3.17552224503765,2.27054970568104,0.715016154973943,0.219528466253919,0.207214753166224,16.85,1.1541095890411,212.45,3.09468317552804,0,-16.0641,4.11759799833194,1.37608385686463,0.451685660266874,1.30108445697626,0.601283991047423,33.3877563865537,51.0347891166449,14.7976986383577,0.969,3.95608738968062,3.43920674799665,0.832442903389189,0.505112958942417
1987-05-24,0.04,522.04,14.57,14.57,924.88,0.33234612401448965,658.41,27.06629,750.88,3.17552224503765,2.27054970568104,0.715016154973943,0.219528466253919,0.207214753166224,16.85,1.1541095890411,212.45,3.09468317552804,0,-16.0641,4.11759799833194,1.37608385686463,0.451685660266874,1.30108445697626,0.601283991047423,33.3877563865537,51.0347891166449,14.7976986383577,0.969,3.95608738968062,3.43920674799665,0.832442903389189,0.505112958942417
1987-05-25,0.57,395.0,14.88,14.88,1019.03,0.3127963520136373,658.41,27.06629,750.88,3.17552224503765,2.27054970568104,0.715016154973943,0.219528466253919,0.207214753166224,16.85,1.1541095890411,212.45,3.09468317552804,0,-16.0641,4.11759799833194,1.37608385686463,0.451685660266874,1.30108445697626,0.601283991047423,33.3877563865537,51.0347891166449,14.7976986383577,0.969,3.95608738968062,3.43920674799665,0.832442903389189,0.505112958942417
1987-05-26,1.78,332.17,15.94,15.94,1169.47,0.29976317067973574,658.41,27.06629,750.88,3.17552224503765,2.27054970568104,0.715016154973943,0.219528466253919,0.207214753166224,16.85,1.1541095890411,212.45,3.09468317552804,0,-16.0641,4.11759799833194,1.37608385686463,0.451685660266874,1.30108445697626,0.601283991047423,33.3877563865537,51.0347891166449,14.7976986383577,0.969,3.95608738968062,3.43920674799665,0.832442903389189,0.505112958942417
1987-05-27,0.46,414.9,17.07,17.07,1268.04,0.3127963520136373,658.41,27.06629,750.88,3.17552224503765,2.27054970568104,0.715016154973943,0.219528466253919,0.207214753166224,16.85,1.1541095890411,212.45,3.09468317552804,0,-16.0641,4.11759799833194,1.37608385686463,0.451685660266874,1.30108445697626,0.601283991047423,33.3877563865537,51.0347891166449,14.7976986383577,0.969,3.95608738968062,3.43920674799665,0.832442903389189,0.505112958942417
1987-05-28,0.01,487.83,20.74,20.74,1426.58,0.2867299893458342,658.41,27.06629,750.88,3.17552224503765,2.27054970568104,0.715016154973943,0.219528466253919,0.207214753166224,16.85,1.1541095890411,212.45,3.09468317552804,0,-16.0641,4.11759799833194,1.37608385686463,0.451685660266874,1.30108445697626,0.601283991047423,33.3877563865537,51.0347891166449,14.7976986383577,0.969,3.95608738968062,3.43920674799665,0.832442903389189,0.505112958942417
1987-05-29,1.54,405.0,21.35,21.35,1422.49,0.2606636266780311,658.41,27.06629,750.88,3.17552224503765,2.27054970568104,0.715016154973943,0.219528466253919,0.207214753166224,16.85,1.1541095890411,212.45,3.09468317552804,0,-16.0641,4.11759799833194,1.37608385686463,0.451685660266874,1.30108445697626,0.601283991047423,33.3877563865537,51.0347891166449,14.7976986383577,0.969,3.95608738968062,3.43920674799665,0.832442903389189,0.505112958942417
1987-05-30,9.59,401.41,21.63,21.63,1399.88,0.25740533134455573,658.41,27.06629,750.88,3.17552224503765,2.27054970568104,0.715016154973943,0.219528466253919,0.207214753166224,16.85,1.1541095890411,212.45,3.09468317552804,0,-16.0641,4.11759799833194,1.37608385686463,0.451685660266874,1.30108445697626,0.601283991047423,33.3877563865537,51.0347891166449,14.7976986383577,0.969,3.95608738968062,3.43920674799665,0.832442903389189,0.505112958942417
1987-05-31,6.29,381.19,20.56,20.56,1366.54,0.6125595226933731,658.41,27.06629,750.88,3.17552224503765,2.27054970568104,0.715016154973943,0.219528466253919,0.207214753166224,16.85,1.1541095890411,212.45,3.09468317552804,0,-16.0641,4.11759799833194,1.37608385686463,0.451685660266874,1.30108445697626,0.601283991047423,33.3877563865537,51.0347891166449,14.7976986383577,0.969,3.95608738968062,3.43920674799665,0.832442903389189,0.505112958942417
1987-06-01,13.56,386.5,19.07,19.07,1307.47,0.38122055401662047,658.41,27.06629,750.88,3.17552224503765,2.27054970568104,0.715016154973943,0.219528466253919,0.207214753166224,16.85,1.1541095890411,212.45,3.09468317552804,0,-16.0641,4.11759799833194,1.37608385686463,0.451685660266874,1.30108445697626,0.601283991047423,33.3877563865537,51.0347891166449,14.7976986383577,0.969,3.95608738968062,3.43920674799665,0.832442903389189,0.505112958942417
1987-06-02,5.58,372.38,19.85,19.85,1420.64,1.668247210739399,658.41,27.06629,750.88,3.17552224503765,2.27054970568104,0.715016154973943,0.219528466253919,0.207214753166224,16.85,1.1541095890411,212.45,3.09468317552804,0,-16.0641,4.11759799833194,1.37608385686463,0.451685660266874,1.30108445697626,0.601283991047423,33.3877563865537,51.0347891166449,14.7976986383577,0.969,3.95608738968062,3.43920674799665,0.832442903389189,0.505112958942417
1987-06-03,12.91,326.89,19.53,19.53,1478.68,1.1045621180481566,658.41,27.06629,750.88,3.17552224503765,2.27054970568104,0.715016154973943,0.219528466253919,0.207214753166224,16.85,1.1541095890411,212.45,3.09468317552804,0,-16.0641,4.11759799833194,1.37608385686463,0.451685660266874,1.30108445697626,0.601283991047423,33.3877563865537,51.0347891166449,14.7976986383577,0.969,3.95608738968062,3.43920674799665,0.832442903389189,0.505112958942417
1987-06-04,3.38,305.5,18.07,18.07,1308.13,1.593306418069465,658.41,27.06629,750.88,3.17552224503765,2.27054970568104,0.715016154973943,0.219528466253919,0.207214753166224,16.85,1.1541095890411,212.45,3.09468317552804,0,-16.0641,4.11759799833194,1.37608385686463,0.451685660266874,1.30108445697626,0.601283991047423,33.3877563865537,51.0347891166449,14.7976986383577,0.969,3.95608738968062,3.43920674799665,0.832442903389189,0.505112958942417
1987-06-05,0.06,574.89,12.19,12.19,761.45,0.8895146260387811,658.41,27.06629,750.88,3.17552224503765,2.27054970568104,0.715016154973943,0.219528466253919,0.207214753166224,16.85,1.1541095890411,212.45,3.09468317552804,0,-16.0641,4.11759799833194,1.37608385686463,0.451685660266874,1.30108445697626,0.601283991047423,33.3877563865537,51.0347891166449,14.7976986383577,0.969,3.95608738968062,3.43920674799665,0.832442903389189,0.505112958942417
1987-06-06,5.48,419.89,12.24,12.24,831.43,0.6549173620285531,658.41,27.06629,750.88,3.17552224503765,2.27054970568104,0.715016154973943,0.219528466253919,0.207214753166224,16.85,1.1541095890411,212.45,3.09468317552804,0,-16.0641,4.11759799833194,1.37608385686463,0.451685660266874,1.30108445697626,0.601283991047423,33.3877563865537,51.0347891166449,14.7976986383577,0.969,3.95608738968062,3.43920674799665,0.832442903389189,0.505112958942417
1987-06-07,2.38,403.09,15.18,15.18,1075.78,0.6223344086937993,658.41,27.06629,750.88,3.17552224503765,2.27054970568104,0.715016154973943,0.219528466253919,0.207214753166224,16.85,1.1541095890411,212.45,3.09468317552804,0,-16.0641,4.11759799833194,1.37608385686463,0.451685660266874,1.30108445697626,0.601283991047423,33.3877563865537,51.0347891166449,14.7976986383577,0.969,3.95608738968062,3.43920674799665,0.832442903389189,0.505112958942417
1987-06-08,1.84,374.07,18.17,18.17,1287.97,0.5636850926912422,658.41,27.06629,750.88,3.17552224503765,2.27054970568104,0.715016154973943,0.219528466253919,0.207214753166224,16.85,1.1541095890411,212.45,3.09468317552804,0,-16.0641,4.11759799833194,1.37608385686463,0.451685660266874,1.30108445697626,0.601283991047423,33.3877563865537,51.0347891166449,14.7976986383577,0.969,3.95608738968062,3.43920674799665,0.832442903389189,0.505112958942417
1987-06-09,0.47,363.34,16.66,16.66,1144.22,0.54413532069039,658.41,27.06629,750.88,3.17552224503765,2.27054970568104,0.715016154973943,0.219528466253919,0.207214753166224,16.85,1.1541095890411,212.45,3.09468317552804,0,-16.0641,4.11759799833194,1.37608385686463,0.451685660266874,1.30108445697626,0.601283991047423,33.3877563865537,51.0347891166449,14.7976986383577,0.969,3.95608738968062,3.43920674799665,0.832442903389189,0.505112958942417
1987-06-10,0.01,547.97,11.28,11.28,759.65,0.4463864606861282,658.41,27.06629,750.88,3.17552224503765,2.27054970568104,0.715016154973943,0.219528466253919,0.207214753166224,16.85,1.1541095890411,212.45,3.09468317552804,0,-16.0641,4.11759799833194,1.37608385686463,0.451685660266874,1.30108445697626,0.601283991047423,33.3877563865537,51.0347891166449,14.7976986383577,0.969,3.95608738968062,3.43920674799665,0.832442903389189,0.505112958942417
1987-06-11,8.59,439.67,10.85,10.85,770.65,0.3747039633496697,658.41,27.06629,750.88,3.17552224503765,2.27054970568104,0.715016154973943,0.219528466253919,0.207214753166224,16.85,1.1541095890411,212.45,3.09468317552804,0,-16.0641,4.11759799833194,1.37608385686463,0.451685660266874,1.30108445697626,0.601283991047423,33.3877563865537,51.0347891166449,14.7976986383577,0.969,3.95608738968062,3.43920674799665,0.832442903389189,0.505112958942417
1987-06-12,11.22,390.72,15.35,15.35,1105.74,0.4854860046878329,658.41,27.06629,750.88,3.17552224503765,2.27054970568104,0.715016154973943,0.219528466253919,0.207214753166224,16.85,1.1541095890411,212.45,3.09468317552804,0,-16.0641,4.11759799833194,1.37608385686463,0.451685660266874,1.30108445697626,0.601283991047423,33.3877563865537,51.0347891166449,14.7976986383577,0.969,3.95608738968062,3.43920674799665,0.832442903389189,0.505112958942417
1987-06-13,4.77,350.86,17.06,17.06,1263.61,1.2218607500532708,658.41,27.06629,750.88,3.17552224503765,2.27054970568104,0.715016154973943,0.219528466253919,0.207214753166224,16.85,1.1541095890411,212.45,3.09468317552804,0,-16.0641,4.11759799833194,1.37608385686463,0.451685660266874,1.30108445697626,0.601283991047423,33.3877563865537,51.0347891166449,14.7976986383577,0.969,3.95608738968062,3.43920674799665,0.832442903389189,0.505112958942417
1987-06-14,0.66,533.05,18.24,18.24,1232.56,0.9677137140421904,658.41,27.06629,750.88,3.17552224503765,2.27054970568104,0.715016154973943,0.219528466253919,0.207214753166224,16.85,1.1541095890411,212.45,3.09468317552804,0,-16.0641,4.11759799833194,1.37608385686463,0.451685660266874,1.30108445697626,0.601283991047423,33.3877563865537,51.0347891166449,14.7976986383577,0.969,3.95608738968062,3.43920674799665,0.832442903389189,0.505112958942417
1987-06-15,0.01,519.51,20.15,20.15,1305.01,0.6093012273598977,658.41,27.06629,750.88,3.17552224503765,2.27054970568104,0.715016154973943,0.219528466253919,0.207214753166224,16.85,1.1541095890411,212.45,3.09468317552804,0,-16.0641,4.11759799833194,1.37608385686463,0.451685660266874,1.30108445697626,0.601283991047423,33.3877563865537,51.0347891166449,14.7976986383577,0.969,3.95608738968062,3.43920674799665,0.832442903389189,0.505112958942417
1987-06-16,0.0,571.74,17.71,17.71,1027.47,0.48222770935435755,658.41,27.06629,750.88,3.17552224503765,2.27054970568104,0.715016154973943,0.219528466253919,0.207214753166224,16.85,1.1541095890411,212.45,3.09468317552804,0,-16.0641,4.11759799833194,1.37608385686463,0.451685660266874,1.30108445697626,0.601283991047423,33.3877563865537,51.0347891166449,14.7976986383577,0.969,3.95608738968062,3.43920674799665,0.832442903389189,0.505112958942417
1987-06-17,0.0,578.51,16.24,16.24,903.01,0.4040286213509482,658.41,27.06629,750.88,3.17552224503765,2.27054970568104,0.715016154973943,0.219528466253919,0.207214753166224,16.85,1.1541095890411,212.45,3.09468317552804,0,-16.0641,4.11759799833194,1.37608385686463,0.451685660266874,1.30108445697626,0.601283991047423,33.3877563865537,51.0347891166449,14.7976986383577,0.969,3.95608738968062,3.43920674799665,0.832442903389189,0.505112958942417
1987-06-18,0.0,584.39,15.3,15.3,887.37,0.3486376006818666,658.41,27.06629,750.88,3.17552224503765,2.27054970568104,0.715016154973943,0.219528466253919,0.207214753166224,16.85,1.1541095890411,212.45,3.09468317552804,0,-16.0641,4.11759799833194,1.37608385686463,0.451685660266874,1.30108445697626,0.601283991047423,33.3877563865537,51.0347891166449,14.7976986383577,0.969,3.95608738968062,3.43920674799665,0.832442903389189,0.505112958942417
1987-06-19,0.75,436.37,17.92,17.92,1108.45,0.30953805668016193,658.41,27.06629,750.88,3.17552224503765,2.27054970568104,0.715016154973943,0.219528466253919,0.207214753166224,16.85,1.1541095890411,212.45,3.09468317552804,0,-16.0641,4.11759799833194,1.37608385686463,0.451685660266874,1.30108445697626,0.601283991047423,33.3877563865537,51.0347891166449,14.7976986383577,0.969,3.95608738968062,3.43920674799665,0.832442903389189,0.505112958942417
1987-06-20,2.42,412.68,20.31,20.31,1353.29,0.2899882846793096,658.41,27.06629,750.88,3.17552224503765,2.27054970568104,0.715016154973943,0.219528466253919,0.207214753166224,16.85,1.1541095890411,212.45,3.09468317552804,0,-16.0641,4.11759799833194,1.37608385686463,0.451685660266874,1.30108445697626,0.601283991047423,33.3877563865537,51.0347891166449,14.7976986383577,0.969,3.95608738968062,3.43920674799665,0.832442903389189,0.505112958942417
1987-06-21,17.22,369.41,20.78,20.78,1534.41,0.3127963520136373,658.41,27.06629,750.88,3.17552224503765,2.27054970568104,0.715016154973943,0.219528466253919,0.207214753166224,16.85,1.1541095890411,212.45,3.09468317552804,0,-16.0641,4.11759799833194,1.37608385686463,0.451685660266874,1.30108445697626,0.601283991047423,33.3877563865537,51.0347891166449,14.7976986383577,0.969,3.95608738968062,3.43920674799665,0.832442903389189,0.505112958942417
1987-06-22,17.23,326.52,20.28,20.28,1594.49,0.8438984913701257,658.41,27.06629,750.88,3.17552224503765,2.27054970568104,0.715016154973943,0.219528466253919,0.207214753166224,16.85,1.1541095890411,212.45,3.09468317552804,0,-16.0641,4.11759799833194,1.37608385686463,0.451685660266874,1.30108445697626,0.601283991047423,33.3877563865537,51.0347891166449,14.7976986383577,0.969,3.95608738968062,3.43920674799665,0.832442903389189,0.505112958942417
1987-06-23,3.49,397.4,19.11,19.11,1466.26,1.6161144854037928,658.41,27.06629,750.88,3.17552224503765,2.27054970568104,0.715016154973943,0.219528466253919,0.207214753166224,16.85,1.1541095890411,212.45,3.09468317552804,0,-16.0641,4.11759799833194,1.37608385686463,0.451685660266874,1.30108445697626,0.601283991047423,33.3877563865537,51.0347891166449,14.7976986383577,0.969,3.95608738968062,3.43920674799665,0.832442903389189,0.505112958942417
1987-06-24,0.03,538.62,18.32,18.32,1259.29,0.7168249733645855,658.41,27.06629,750.88,3.17552224503765,2.27054970568104,0.715016154973943,0.219528466253919,0.207214753166224,16.85,1.1541095890411,212.45,3.09468317552804,0,-16.0641,4.11759799833194,1.37608385686463,0.451685660266874,1.30108445697626,0.601283991047423,33.3877563865537,51.0347891166449,14.7976986383577,0.969,3.95608738968062,3.43920674799665,0.832442903389189,0.505112958942417
1987-06-25,7.79,406.79,19.33,19.33,1349.81,0.553910206690816,658.41,27.06629,750.88,3.17552224503765,2.27054970568104,0.715016154973943,0.219528466253919,0.207214753166224,16.85,1.1541095890411,212.45,3.09468317552804,0,-16.0641,4.11759799833194,1.37608385686463,0.451685660266874,1.30108445697626,0.601283991047423,33.3877563865537,51.0347891166449,14.7976986383577,0.969,3.95608738968062,3.43920674799665,0.832442903389189,0.505112958942417
1987-06-26,5.77,355.41,19.7,19.7,1421.1,0.6842420200298316,658.41,27.06629,750.88,3.17552224503765,2.27054970568104,0.715016154973943,0.219528466253919,0.207214753166224,16.85,1.1541095890411,212.45,3.09468317552804,0,-16.0641,4.11759799833194,1.37608385686463,0.451685660266874,1.30108445697626,0.601283991047423,33.3877563865537,51.0347891166449,14.7976986383577,0.969,3.95608738968062,3.43920674799665,0.832442903389189,0.505112958942417
1987-06-27,2.65,361.28,15.82,15.82,1165.44,0.8308653100362241,658.41,27.06629,750.88,3.17552224503765,2.27054970568104,0.715016154973943,0.219528466253919,0.207214753166224,16.85,1.1541095890411,212.45,3.09468317552804,0,-16.0641,4.11759799833194,1.37608385686463,0.451685660266874,1.30108445697626,0.601283991047423,33.3877563865537,51.0347891166449,14.7976986383577,0.969,3.95608738968062,3.43920674799665,0.832442903389189,0.505112958942417
1987-06-28,2.03,376.11,14.73,14.73,1106.64,0.5604267973577668,658.41,27.06629,750.88,3.17552224503765,2.27054970568104,0.715016154973943,0.219528466253919,0.207214753166224,16.85,1.1541095890411,212.45,3.09468317552804,0,-16.0641,4.11759799833194,1.37608385686463,0.451685660266874,1.30108445697626,0.601283991047423,33.3877563865537,51.0347891166449,14.7976986383577,0.969,3.95608738968062,3.43920674799665,0.832442903389189,0.505112958942417
1987-06-29,13.1,390.72,16.49,16.49,1269.66,0.5050357766886853,658.41,27.06629,750.88,3.17552224503765,2.27054970568104,0.715016154973943,0.219528466253919,0.207214753166224,16.85,1.1541095890411,212.45,3.09468317552804,0,-16.0641,4.11759799833194,1.37608385686463,0.451685660266874,1.30108445697626,0.601283991047423,33.3877563865537,51.0347891166449,14.7976986383577,0.969,3.95608738968062,3.43920674799665,0.832442903389189,0.505112958942417
1987-06-30,5.83,275.05,19.26,19.26,1593.45,1.5118490347325804,658.41,27.06629,750.88,3.17552224503765,2.27054970568104,0.715016154973943,0.219528466253919,0.207214753166224,16.85,1.1541095890411,212.45,3.09468317552804,0,-16.0641,4.11759799833194,1.37608385686463,0.451685660266874,1.30108445697626,0.601283991047423,33.3877563865537,51.0347891166449,14.7976986383577,0.969,3.95608738968062,3.43920674799665,0.832442903389189,0.505112958942417
1987-07-01,11.04,225.09,17.45,17.45,1514.67,1.1208535947155336,658.41,27.06629,750.88,3.17552224503765,2.27054970568104,0.715016154973943,0.219528466253919,0.207214753166224,16.85,1.1541095890411,212.45,3.09468317552804,0,-16.0641,4.11759799833194,1.37608385686463,0.451685660266874,1.30108445697626,0.601283991047423,33.3877563865537,51.0347891166449,14.7976986383577,0.969,3.95608738968062,3.43920674799665,0.832442903389189,0.505112958942417
1987-07-02,16.57,284.31,16.83,16.83,1459.68,4.007703260174727,658.41,27.06629,750.88,3.17552224503765,2.27054970568104,0.715016154973943,0.219528466253919,0.207214753166224,16.85,1.1541095890411,212.45,3.09468317552804,0,-16.0641,4.11759799833194,1.37608385686463,0.451685660266874,1.30108445697626,0.601283991047423,33.3877563865537,51.0347891166449,14.7976986383577,0.969,3.95608738968062,3.43920674799665,0.832442903389189,0.505112958942417
1987-07-03,3.91,355.29,19.21,19.21,1587.92,3.199646017472831,658.41,27.06629,750.88,3.17552224503765,2.27054970568104,0.715016154973943,0.219528466253919,0.207214753166224,16.85,1.1541095890411,212.45,3.09468317552804,0,-16.0641,4.11759799833194,1.37608385686463,0.451685660266874,1.30108445697626,0.601283991047423,33.3877563865537,51.0347891166449,14.7976986383577,0.969,3.95608738968062,3.43920674799665,0.832442903389189,0.505112958942417
1987-07-04,0.07,388.93,20.07,20.07,1561.41,1.8572283400809715,658.41,27.06629,750.88,3.17552224503765,2.27054970568104,0.715016154973943,0.219528466253919,0.207214753166224,16.85,1.1541095890411,212.45,3.09468317552804,0,-16.0641,4.11759799833194,1.37608385686463,0.451685660266874,1.30108445697626,0.601283991047423,33.3877563865537,51.0347891166449,14.7976986383577,0.969,3.95608738968062,3.43920674799665,0.832442903389189,0.505112958942417
1987-07-05,1.01,413.6,17.39,17.39,1282.85,1.3945504027274664,658.41,27.06629,750.88,3.17552224503765,2.27054970568104,0.715016154973943,0.219528466253919,0.207214753166224,16.85,1.1541095890411,212.45,3.09468317552804,0,-16.0641,4.11759799833194,1.37608385686463,0.451685660266874,1.30108445697626,0.601283991047423,33.3877563865537,51.0347891166449,14.7976986383577,0.969,3.95608738968062,3.43920674799665,0.832442903389189,0.505112958942417
1987-07-06,6.72,363.63,19.24,19.24,1491.84,1.133886776049435,658.41,27.06629,750.88,3.17552224503765,2.27054970568104,0.715016154973943,0.219528466253919,0.207214753166224,16.85,1.1541095890411,212.45,3.09468317552804,0,-16.0641,4.11759799833194,1.37608385686463,0.451685660266874,1.30108445697626,0.601283991047423,33.3877563865537,51.0347891166449,14.7976986383577,0.969,3.95608738968062,3.43920674799665,0.832442903389189,0.505112958942417
1987-07-07,8.11,348.03,20.88,20.88,1682.89,1.283768361389303,658.41,27.06629,750.88,3.17552224503765,2.27054970568104,0.715016154973943,0.219528466253919,0.207214753166224,16.85,1.1541095890411,212.45,3.09468317552804,0,-16.0641,4.11759799833194,1.37608385686463,0.451685660266874,1.30108445697626,0.601283991047423,33.3877563865537,51.0347891166449,14.7976986383577,0.969,3.95608738968062,3.43920674799665,0.832442903389189,0.505112958942417
1987-07-08,4.83,351.14,21.94,21.94,1790.29,1.7562211847432343,658.41,27.06629,750.88,3.17552224503765,2.27054970568104,0.715016154973943,0.219528466253919,0.207214753166224,16.85,1.1541095890411,212.45,3.09468317552804,0,-16.0641,4.11759799833194,1.37608385686463,0.451685660266874,1.30108445697626,0.601283991047423,33.3877563865537,51.0347891166449,14.7976986383577,0.969,3.95608738968062,3.43920674799665,0.832442903389189,0.505112958942417
1987-07-09,1.98,343.23,22.64,22.64,1879.8,1.7855458427445128,658.41,27.06629,750.88,3.17552224503765,2.27054970568104,0.715016154973943,0.219528466253919,0.207214753166224,16.85,1.1541095890411,212.45,3.09468317552804,0,-16.0641,4.11759799833194,1.37608385686463,0.451685660266874,1.30108445697626,0.601283991047423,33.3877563865537,51.0347891166449,14.7976986383577,0.969,3.95608738968062,3.43920674799665,0.832442903389189,0.505112958942417
1987-07-10,0.57,347.96,22.82,22.82,1922.28,1.2381522267206477,658.41,27.06629,750.88,3.17552224503765,2.27054970568104,0.715016154973943,0.219528466253919,0.207214753166224,16.85,1.1541095890411,212.45,3.09468317552804,0,-16.0641,4.11759799833194,1.37608385686463,0.451685660266874,1.30108445697626,0.601283991047423,33.3877563865537,51.0347891166449,14.7976986383577,0.969,3.95608738968062,3.43920674799665,0.832442903389189,0.505112958942417
1987-07-11,2.92,366.52,23.02,23.02,1840.26,1.0002966673769442,658.41,27.06629,750.88,3.17552224503765,2.27054970568104,0.715016154973943,0.219528466253919,0.207214753166224,16.85,1.1541095890411,212.45,3.09468317552804,0,-16.0641,4.11759799833194,1.37608385686463,0.451685660266874,1.30108445697626,0.601283991047423,33.3877563865537,51.0347891166449,14.7976986383577,0.969,3.95608738968062,3.43920674799665,0.832442903389189,0.505112958942417
1987-07-12,0.92,486.26,23.48,23.48,1805.75,0.8438984913701257,658.41,27.06629,750.88,3.17552224503765,2.27054970568104,0.715016154973943,0.219528466253919,0.207214753166224,16.85,1.1541095890411,212.45,3.09468317552804,0,-16.0641,4.11759799833194,1.37608385686463,0.451685660266874,1.30108445697626,0.601283991047423,33.3877563865537,51.0347891166449,14.7976986383577,0.969,3.95608738968062,3.43920674799665,0.832442903389189,0.505112958942417
1987-07-13,4.14,361.45,23.86,23.86,1867.18,0.7233415640315363,658.41,27.06629,750.88,3.17552224503765,2.27054970568104,0.715016154973943,0.219528466253919,0.207214753166224,16.85,1.1541095890411,212.45,3.09468317552804,0,-16.0641,4.11759799833194,1.37608385686463,0.451685660266874,1.30108445697626,0.601283991047423,33.3877563865537,51.0347891166449,14.7976986383577,0.969,3.95608738968062,3.43920674799665,0.832442903389189,0.505112958942417
1987-07-14,4.61,307.19,19.88,19.88,1532.76,0.7070500873641594,658.41,27.06629,750.88,3.17552224503765,2.27054970568104,0.715016154973943,0.219528466253919,0.207214753166224,16.85,1.1541095890411,212.45,3.09468317552804,0,-16.0641,4.11759799833194,1.37608385686463,0.451685660266874,1.30108445697626,0.601283991047423,33.3877563865537,51.0347891166449,14.7976986383577,0.969,3.95608738968062,3.43920674799665,0.832442903389189,0.505112958942417
1987-07-15,0.93,464.67,14.83,14.83,1098.55,0.6484007713616023,658.41,27.06629,750.88,3.17552224503765,2.27054970568104,0.715016154973943,0.219528466253919,0.207214753166224,16.85,1.1541095890411,212.45,3.09468317552804,0,-16.0641,4.11759799833194,1.37608385686463,0.451685660266874,1.30108445697626,0.601283991047423,33.3877563865537,51.0347891166449,14.7976986383577,0.969,3.95608738968062,3.43920674799665,0.832442903389189,0.505112958942417
1987-07-16,0.05,493.95,13.3,13.3,950.2,0.5311021393564883,658.41,27.06629,750.88,3.17552224503765,2.27054970568104,0.715016154973943,0.219528466253919,0.207214753166224,16.85,1.1541095890411,212.45,3.09468317552804,0,-16.0641,4.11759799833194,1.37608385686463,0.451685660266874,1.30108445697626,0.601283991047423,33.3877563865537,51.0347891166449,14.7976986383577,0.969,3.95608738968062,3.43920674799665,0.832442903389189,0.505112958942417
1987-07-17,0.01,568.86,15.32,15.32,1001.68,0.4626779373535052,658.41,27.06629,750.88,3.17552224503765,2.27054970568104,0.715016154973943,0.219528466253919,0.207214753166224,16.85,1.1541095890411,212.45,3.09468317552804,0,-16.0641,4.11759799833194,1.37608385686463,0.451685660266874,1.30108445697626,0.601283991047423,33.3877563865537,51.0347891166449,14.7976986383577,0.969,3.95608738968062,3.43920674799665,0.832442903389189,0.505112958942417
1987-07-18,0.0,559.12,18.28,18.28,1243.31,0.4007703260174728,658.41,27.06629,750.88,3.17552224503765,2.27054970568104,0.715016154973943,0.219528466253919,0.207214753166224,16.85,1.1541095890411,212.45,3.09468317552804,0,-16.0641,4.11759799833194,1.37608385686463,0.451685660266874,1.30108445697626,0.601283991047423,33.3877563865537,51.0347891166449,14.7976986383577,0.969,3.95608738968062,3.43920674799665,0.832442903389189,0.505112958942417
1987-07-19,0.22,455.23,21.88,21.88,1625.43,0.36167078201576813,658.41,27.06629,750.88,3.17552224503765,2.27054970568104,0.715016154973943,0.219528466253919,0.207214753166224,16.85,1.1541095890411,212.45,3.09468317552804,0,-16.0641,4.11759799833194,1.37608385686463,0.451685660266874,1.30108445697626,0.601283991047423,33.3877563865537,51.0347891166449,14.7976986383577,0.969,3.95608738968062,3.43920674799665,0.832442903389189,0.505112958942417
1987-07-20,0.41,418.22,22.94,22.94,1762.84,0.3421210100149158,658.41,27.06629,750.88,3.17552224503765,2.27054970568104,0.715016154973943,0.219528466253919,0.207214753166224,16.85,1.1541095890411,212.45,3.09468317552804,0,-16.0641,4.11759799833194,1.37608385686463,0.451685660266874,1.30108445697626,0.601283991047423,33.3877563865537,51.0347891166449,14.7976986383577,0.969,3.95608738968062,3.43920674799665,0.832442903389189,0.505112958942417
1987-07-21,0.09,492.95,23.1,23.1,1737.35,0.30953805668016193,658.41,27.06629,750.88,3.17552224503765,2.27054970568104,0.715016154973943,0.219528466253919,0.207214753166224,16.85,1.1541095890411,212.45,3.09468317552804,0,-16.0641,4.11759799833194,1.37608385686463,0.451685660266874,1.30108445697626,0.601283991047423,33.3877563865537,51.0347891166449,14.7976986383577,0.969,3.95608738968062,3.43920674799665,0.832442903389189,0.505112958942417
1987-07-22,0.0,524.7,22.17,22.17,1581.01,0.27369680801193264,658.41,27.06629,750.88,3.17552224503765,2.27054970568104,0.715016154973943,0.219528466253919,0.207214753166224,16.85,1.1541095890411,212.45,3.09468317552804,0,-16.0641,4.11759799833194,1.37608385686463,0.451685660266874,1.30108445697626,0.601283991047423,33.3877563865537,51.0347891166449,14.7976986383577,0.969,3.95608738968062,3.43920674799665,0.832442903389189,0.505112958942417
1987-07-23,0.0,533.19,22.43,22.43,1589.02,0.25414703601108035,658.41,27.06629,750.88,3.17552224503765,2.27054970568104,0.715016154973943,0.219528466253919,0.207214753166224,16.85,1.1541095890411,212.45,3.09468317552804,0,-16.0641,4.11759799833194,1.37608385686463,0.451685660266874,1.30108445697626,0.601283991047423,33.3877563865537,51.0347891166449,14.7976986383577,0.969,3.95608738968062,3.43920674799665,0.832442903389189,0.505112958942417
1987-07-24,0.27,380.95,23.09,23.09,1775.32,0.23785555934370337,658.41,27.06629,750.88,3.17552224503765,2.27054970568104,0.715016154973943,0.219528466253919,0.207214753166224,16.85,1.1541095890411,212.45,3.09468317552804,0,-16.0641,4.11759799833194,1.37608385686463,0.451685660266874,1.30108445697626,0.601283991047423,33.3877563865537,51.0347891166449,14.7976986383577,0.969,3.95608738968062,3.43920674799665,0.832442903389189,0.505112958942417
1987-07-25,5.19,349.01,22.64,22.64,1812.59,0.22482237800980182,658.41,27.06629,750.88,3.17552224503765,2.27054970568104,0.715016154973943,0.219528466253919,0.207214753166224,16.85,1.1541095890411,212.45,3.09468317552804,0,-16.0641,4.11759799833194,1.37608385686463,0.451685660266874,1.30108445697626,0.601283991047423,33.3877563865537,51.0347891166449,14.7976986383577,0.969,3.95608738968062,3.43920674799665,0.832442903389189,0.505112958942417
1987-07-26,10.21,350.62,21.7,21.7,1631.11,0.47245282335393135,658.41,27.06629,750.88,3.17552224503765,2.27054970568104,0.715016154973943,0.219528466253919,0.207214753166224,16.85,1.1541095890411,212.45,3.09468317552804,0,-16.0641,4.11759799833194,1.37608385686463,0.451685660266874,1.30108445697626,0.601283991047423,33.3877563865537,51.0347891166449,14.7976986383577,0.969,3.95608738968062,3.43920674799665,0.832442903389189,0.505112958942417
1987-07-27,2.34,522.96,17.53,17.53,1174.6,0.4138035073513744,658.41,27.06629,750.88,3.17552224503765,2.27054970568104,0.715016154973943,0.219528466253919,0.207214753166224,16.85,1.1541095890411,212.45,3.09468317552804,0,-16.0641,4.11759799833194,1.37608385686463,0.451685660266874,1.30108445697626,0.601283991047423,33.3877563865537,51.0347891166449,14.7976986383577,0.969,3.95608738968062,3.43920674799665,0.832442903389189,0.505112958942417
1987-07-28,0.0,541.47,16.55,16.55,1079.41,0.2606636266780311,658.41,27.06629,750.88,3.17552224503765,2.27054970568104,0.715016154973943,0.219528466253919,0.207214753166224,16.85,1.1541095890411,212.45,3.09468317552804,0,-16.0641,4.11759799833194,1.37608385686463,0.451685660266874,1.30108445697626,0.601283991047423,33.3877563865537,51.0347891166449,14.7976986383577,0.969,3.95608738968062,3.43920674799665,0.832442903389189,0.505112958942417
1987-07-29,2.25,426.53,16.12,16.12,1103.51,0.22808067334327722,658.41,27.06629,750.88,3.17552224503765,2.27054970568104,0.715016154973943,0.219528466253919,0.207214753166224,16.85,1.1541095890411,212.45,3.09468317552804,0,-16.0641,4.11759799833194,1.37608385686463,0.451685660266874,1.30108445697626,0.601283991047423,33.3877563865537,51.0347891166449,14.7976986383577,0.969,3.95608738968062,3.43920674799665,0.832442903389189,0.505112958942417
1987-07-30,5.17,391.96,18.37,18.37,1316.99,0.2313389686767526,658.41,27.06629,750.88,3.17552224503765,2.27054970568104,0.715016154973943,0.219528466253919,0.207214753166224,16.85,1.1541095890411,212.45,3.09468317552804,0,-16.0641,4.11759799833194,1.37608385686463,0.451685660266874,1.30108445697626,0.601283991047423,33.3877563865537,51.0347891166449,14.7976986383577,0.969,3.95608738968062,3.43920674799665,0.832442903389189,0.505112958942417
1987-07-31,1.21,467.08,19.25,19.25,1387.27,0.36818737268271895,658.41,27.06629,750.88,3.17552224503765,2.27054970568104,0.715016154973943,0.219528466253919,0.207214753166224,16.85,1.1541095890411,212.45,3.09468317552804,0,-16.0641,4.11759799833194,1.37608385686463,0.451685660266874,1.30108445697626,0.601283991047423,33.3877563865537,51.0347891166449,14.7976986383577,0.969,3.95608738968062,3.43920674799665,0.832442903389189,0.505112958942417
1987-08-01,0.74,402.05,17.63,17.63,1268.57,0.23459726401022798,658.41,27.06629,750.88,3.17552224503765,2.27054970568104,0.715016154973943,0.219528466253919,0.207214753166224,16.85,1.1541095890411,212.45,3.09468317552804,0,-16.0641,4.11759799833194,1.37608385686463,0.451685660266874,1.30108445697626,0.601283991047423,33.3877563865537,51.0347891166449,14.7976986383577,0.969,3.95608738968062,3.43920674799665,0.832442903389189,0.505112958942417
1987-08-02,5.51,362.89,19.59,19.59,1536.41,0.21178919667590027,658.41,27.06629,750.88,3.17552224503765,2.27054970568104,0.715016154973943,0.219528466253919,0.207214753166224,16.85,1.1541095890411,212.45,3.09468317552804,0,-16.0641,4.11759799833194,1.37608385686463,0.451685660266874,1.30108445697626,0.601283991047423,33.3877563865537,51.0347891166449,14.7976986383577,0.969,3.95608738968062,3.43920674799665,0.832442903389189,0.505112958942417
1987-08-03,1.96,282.52,21.63,21.63,1803.42,0.23459726401022798,658.41,27.06629,750.88,3.17552224503765,2.27054970568104,0.715016154973943,0.219528466253919,0.207214753166224,16.85,1.1541095890411,212.45,3.09468317552804,0,-16.0641,4.11759799833194,1.37608385686463,0.451685660266874,1.30108445697626,0.601283991047423,33.3877563865537,51.0347891166449,14.7976986383577,0.969,3.95608738968062,3.43920674799665,0.832442903389189,0.505112958942417
1987-08-04,1.43,381.19,20.48,20.48,1570.0,0.21830578734285105,658.41,27.06629,750.88,3.17552224503765,2.27054970568104,0.715016154973943,0.219528466253919,0.207214753166224,16.85,1.1541095890411,212.45,3.09468317552804,0,-16.0641,4.11759799833194,1.37608385686463,0.451685660266874,1.30108445697626,0.601283991047423,33.3877563865537,51.0347891166449,14.7976986383577,0.969,3.95608738968062,3.43920674799665,0.832442903389189,0.505112958942417
1987-08-05,0.43,397.62,20.63,20.63,1561.67,0.21830578734285105,658.41,27.06629,750.88,3.17552224503765,2.27054970568104,0.715016154973943,0.219528466253919,0.207214753166224,16.85,1.1541095890411,212.45,3.09468317552804,0,-16.0641,4.11759799833194,1.37608385686463,0.451685660266874,1.30108445697626,0.601283991047423,33.3877563865537,51.0347891166449,14.7976986383577,0.969,3.95608738968062,3.43920674799665,0.832442903389189,0.505112958942417
1987-08-06,0.03,423.09,17.69,17.69,1356.43,0.2020143106754741,658.41,27.06629,750.88,3.17552224503765,2.27054970568104,0.715016154973943,0.219528466253919,0.207214753166224,16.85,1.1541095890411,212.45,3.09468317552804,0,-16.0641,4.11759799833194,1.37608385686463,0.451685660266874,1.30108445697626,0.601283991047423,33.3877563865537,51.0347891166449,14.7976986383577,0.969,3.95608738968062,3.43920674799665,0.832442903389189,0.505112958942417
1987-08-07,0.0,511.27,18.12,18.12,1322.12,0.18898112934157255,658.41,27.06629,750.88,3.17552224503765,2.27054970568104,0.715016154973943,0.219528466253919,0.207214753166224,16.85,1.1541095890411,212.45,3.09468317552804,0,-16.0641,4.11759799833194,1.37608385686463,0.451685660266874,1.30108445697626,0.601283991047423,33.3877563865537,51.0347891166449,14.7976986383577,0.969,3.95608738968062,3.43920674799665,0.832442903389189,0.505112958942417
1987-08-08,1.66,364.81,19.23,19.23,1441.0,0.1726896526741956,658.41,27.06629,750.88,3.17552224503765,2.27054970568104,0.715016154973943,0.219528466253919,0.207214753166224,16.85,1.1541095890411,212.45,3.09468317552804,0,-16.0641,4.11759799833194,1.37608385686463,0.451685660266874,1.30108445697626,0.601283991047423,33.3877563865537,51.0347891166449,14.7976986383577,0.969,3.95608738968062,3.43920674799665,0.832442903389189,0.505112958942417
1987-08-09,6.67,293.1,17.76,17.76,1438.5,0.18572283400809714,658.41,27.06629,750.88,3.17552224503765,2.27054970568104,0.715016154973943,0.219528466253919,0.207214753166224,16.85,1.1541095890411,212.45,3.09468317552804,0,-16.0641,4.11759799833194,1.37608385686463,0.451685660266874,1.30108445697626,0.601283991047423,33.3877563865537,51.0347891166449,14.7976986383577,0.969,3.95608738968062,3.43920674799665,0.832442903389189,0.505112958942417
1987-08-10,1.64,368.22,17.51,17.51,1396.67,0.21504749200937565,658.41,27.06629,750.88,3.17552224503765,2.27054970568104,0.715016154973943,0.219528466253919,0.207214753166224,16.85,1.1541095890411,212.45,3.09468317552804,0,-16.0641,4.11759799833194,1.37608385686463,0.451685660266874,1.30108445697626,0.601283991047423,33.3877563865537,51.0347891166449,14.7976986383577,0.969,3.95608738968062,3.43920674799665,0.832442903389189,0.505112958942417
1987-08-11,0.0,494.29,16.29,16.29,1137.58,0.17920624334114638,658.41,27.06629,750.88,3.17552224503765,2.27054970568104,0.715016154973943,0.219528466253919,0.207214753166224,16.85,1.1541095890411,212.45,3.09468317552804,0,-16.0641,4.11759799833194,1.37608385686463,0.451685660266874,1.30108445697626,0.601283991047423,33.3877563865537,51.0347891166449,14.7976986383577,0.969,3.95608738968062,3.43920674799665,0.832442903389189,0.505112958942417
1987-08-12,0.0,556.46,14.67,14.67,920.61,0.15965647134029404,658.41,27.06629,750.88,3.17552224503765,2.27054970568104,0.715016154973943,0.219528466253919,0.207214753166224,16.85,1.1541095890411,212.45,3.09468317552804,0,-16.0641,4.11759799833194,1.37608385686463,0.451685660266874,1.30108445697626,0.601283991047423,33.3877563865537,51.0347891166449,14.7976986383577,0.969,3.95608738968062,3.43920674799665,0.832442903389189,0.505112958942417
1987-08-13,0.0,536.83,17.52,17.52,1108.09,0.1433649946729171,658.41,27.06629,750.88,3.17552224503765,2.27054970568104,0.715016154973943,0.219528466253919,0.207214753166224,16.85,1.1541095890411,212.45,3.09468317552804,0,-16.0641,4.11759799833194,1.37608385686463,0.451685660266874,1.30108445697626,0.601283991047423,33.3877563865537,51.0347891166449,14.7976986383577,0.969,3.95608738968062,3.43920674799665,0.832442903389189,0.505112958942417
1987-08-14,0.0,519.74,19.76,19.76,1292.09,0.13359010867249094,658.41,27.06629,750.88,3.17552224503765,2.27054970568104,0.715016154973943,0.219528466253919,0.207214753166224,16.85,1.1541095890411,212.45,3.09468317552804,0,-16.0641,4.11759799833194,1.37608385686463,0.451685660266874,1.30108445697626,0.601283991047423,33.3877563865537,51.0347891166449,14.7976986383577,0.969,3.95608738968062,3.43920674799665,0.832442903389189,0.505112958942417
1987-08-15,0.0,524.05,20.31,20.31,1343.37,0.12707351800554018,658.41,27.06629,750.88,3.17552224503765,2.27054970568104,0.715016154973943,0.219528466253919,0.207214753166224,16.85,1.1541095890411,212.45,3.09468317552804,0,-16.0641,4.11759799833194,1.37608385686463,0.451685660266874,1.30108445697626,0.601283991047423,33.3877563865537,51.0347891166449,14.7976986383577,0.969,3.95608738968062,3.43920674799665,0.832442903389189,0.505112958942417
1987-08-16,1.01,392.4,21.83,21.83,1552.77,0.11729863200511399,658.41,27.06629,750.88,3.17552224503765,2.27054970568104,0.715016154973943,0.219528466253919,0.207214753166224,16.85,1.1541095890411,212.45,3.09468317552804,0,-16.0641,4.11759799833194,1.37608385686463,0.451685660266874,1.30108445697626,0.601283991047423,33.3877563865537,51.0347891166449,14.7976986383577,0.969,3.95608738968062,3.43920674799665,0.832442903389189,0.505112958942417
1987-08-17,3.12,364.51,23.4,23.4,1700.67,0.11404033667163861,658.41,27.06629,750.88,3.17552224503765,2.27054970568104,0.715016154973943,0.219528466253919,0.207214753166224,16.85,1.1541095890411,212.45,3.09468317552804,0,-16.0641,4.11759799833194,1.37608385686463,0.451685660266874,1.30108445697626,0.601283991047423,33.3877563865537,51.0347891166449,14.7976986383577,0.969,3.95608738968062,3.43920674799665,0.832442903389189,0.505112958942417
1987-08-18,0.87,360.13,20.99,20.99,1541.81,0.11729863200511399,658.41,27.06629,750.88,3.17552224503765,2.27054970568104,0.715016154973943,0.219528466253919,0.207214753166224,16.85,1.1541095890411,212.45,3.09468317552804,0,-16.0641,4.11759799833194,1.37608385686463,0.451685660266874,1.30108445697626,0.601283991047423,33.3877563865537,51.0347891166449,14.7976986383577,0.969,3.95608738968062,3.43920674799665,0.832442903389189,0.505112958942417
1987-08-19,3.21,354.25,18.59,18.59,1336.9,0.11404033667163861,658.41,27.06629,750.88,3.17552224503765,2.27054970568104,0.715016154973943,0.219528466253919,0.207214753166224,16.85,1.1541095890411,212.45,3.09468317552804,0,-16.0641,4.11759799833194,1.37608385686463,0.451685660266874,1.30108445697626,0.601283991047423,33.3877563865537,51.0347891166449,14.7976986383577,0.969,3.95608738968062,3.43920674799665,0.832442903389189,0.505112958942417
1987-08-20,0.84,488.53,16.21,16.21,1118.85,0.1433649946729171,658.41,27.06629,750.88,3.17552224503765,2.27054970568104,0.715016154973943,0.219528466253919,0.207214753166224,16.85,1.1541095890411,212.45,3.09468317552804,0,-16.0641,4.11759799833194,1.37608385686463,0.451685660266874,1.30108445697626,0.601283991047423,33.3877563865537,51.0347891166449,14.7976986383577,0.969,3.95608738968062,3.43920674799665,0.832442903389189,0.505112958942417
1987-08-21,3.32,395.54,15.87,15.87,1091.81,0.12707351800554018,658.41,27.06629,750.88,3.17552224503765,2.27054970568104,0.715016154973943,0.219528466253919,0.207214753166224,16.85,1.1541095890411,212.45,3.09468317552804,0,-16.0641,4.11759799833194,1.37608385686463,0.451685660266874,1.30108445697626,0.601283991047423,33.3877563865537,51.0347891166449,14.7976986383577,0.969,3.95608738968062,3.43920674799665,0.832442903389189,0.505112958942417
1987-08-22,1.51,343.41,18.19,18.19,1266.21,0.12055692733858939,658.41,27.06629,750.88,3.17552224503765,2.27054970568104,0.715016154973943,0.219528466253919,0.207214753166224,16.85,1.1541095890411,212.45,3.09468317552804,0,-16.0641,4.11759799833194,1.37608385686463,0.451685660266874,1.30108445697626,0.601283991047423,33.3877563865537,51.0347891166449,14.7976986383577,0.969,3.95608738968062,3.43920674799665,0.832442903389189,0.505112958942417
1987-08-23,0.17,487.6,13.63,13.63,942.21,0.12707351800554018,658.41,27.06629,750.88,3.17552224503765,2.27054970568104,0.715016154973943,0.219528466253919,0.207214753166224,16.85,1.1541095890411,212.45,3.09468317552804,0,-16.0641,4.11759799833194,1.37608385686463,0.451685660266874,1.30108445697626,0.601283991047423,33.3877563865537,51.0347891166449,14.7976986383577,0.969,3.95608738968062,3.43920674799665,0.832442903389189,0.505112958942417
1987-08-24,0.0,487.19,11.01,11.01,808.62,0.11404033667163861,658.41,27.06629,750.88,3.17552224503765,2.27054970568104,0.715016154973943,0.219528466253919,0.207214753166224,16.85,1.1541095890411,212.45,3.09468317552804,0,-16.0641,4.11759799833194,1.37608385686463,0.451685660266874,1.30108445697626,0.601283991047423,33.3877563865537,51.0347891166449,14.7976986383577,0.969,3.95608738968062,3.43920674799665,0.832442903389189,0.505112958942417
1987-08-25,0.46,392.13,10.97,10.97,804.8,0.10426545067121244,658.41,27.06629,750.88,3.17552224503765,2.27054970568104,0.715016154973943,0.219528466253919,0.207214753166224,16.85,1.1541095890411,212.45,3.09468317552804,0,-16.0641,4.11759799833194,1.37608385686463,0.451685660266874,1.30108445697626,0.601283991047423,33.3877563865537,51.0347891166449,14.7976986383577,0.969,3.95608738968062,3.43920674799665,0.832442903389189,0.505112958942417
1987-08-26,25.34,367.5,11.47,11.47,891.11,0.10100715533773705,658.41,27.06629,750.88,3.17552224503765,2.27054970568104,0.715016154973943,0.219528466253919,0.207214753166224,16.85,1.1541095890411,212.45,3.09468317552804,0,-16.0641,4.11759799833194,1.37608385686463,0.451685660266874,1.30108445697626,0.601283991047423,33.3877563865537,51.0347891166449,14.7976986383577,0.969,3.95608738968062,3.43920674799665,0.832442903389189,0.505112958942417
1987-08-27,22.91,246.57,12.95,12.95,1127.61,0.47245282335393135,658.41,27.06629,750.88,3.17552224503765,2.27054970568104,0.715016154973943,0.219528466253919,0.207214753166224,16.85,1.1541095890411,212.45,3.09468317552804,0,-16.0641,4.11759799833194,1.37608385686463,0.451685660266874,1.30108445697626,0.601283991047423,33.3877563865537,51.0347891166449,14.7976986383577,0.969,3.95608738968062,3.43920674799665,0.832442903389189,0.505112958942417
1987-08-28,13.03,162.27,13.29,13.29,1242.04,0.6646922480289793,658.41,27.06629,750.88,3.17552224503765,2.27054970568104,0.715016154973943,0.219528466253919,0.207214753166224,16.85,1.1541095890411,212.45,3.09468317552804,0,-16.0641,4.11759799833194,1.37608385686463,0.451685660266874,1.30108445697626,0.601283991047423,33.3877563865537,51.0347891166449,14.7976986383577,0.969,3.95608738968062,3.43920674799665,0.832442903389189,0.505112958942417
1987-08-29,2.46,240.24,13.2,13.2,1154.22,0.4887443000213083,658.41,27.06629,750.88,3.17552224503765,2.27054970568104,0.715016154973943,0.219528466253919,0.207214753166224,16.85,1.1541095890411,212.45,3.09468317552804,0,-16.0641,4.11759799833194,1.37608385686463,0.451685660266874,1.30108445697626,0.601283991047423,33.3877563865537,51.0347891166449,14.7976986383577,0.969,3.95608738968062,3.43920674799665,0.832442903389189,0.505112958942417
1987-08-30,0.04,491.43,12.94,12.94,979.69,0.2834716940123588,658.41,27.06629,750.88,3.17552224503765,2.27054970568104,0.715016154973943,0.219528466253919,0.207214753166224,16.85,1.1541095890411,212.45,3.09468317552804,0,-16.0641,4.11759799833194,1.37608385686463,0.451685660266874,1.30108445697626,0.601283991047423,33.3877563865537,51.0347891166449,14.7976986383577,0.969,3.95608738968062,3.43920674799665,0.832442903389189,0.505112958942417
1987-08-31,0.64,355.28,14.25,14.25,1028.77,0.21178919667590027,658.41,27.06629,750.88,3.17552224503765,2.27054970568104,0.715016154973943,0.219528466253919,0.207214753166224,16.85,1.1541095890411,212.45,3.09468317552804,0,-16.0641,4.11759799833194,1.37608385686463,0.451685660266874,1.30108445697626,0.601283991047423,33.3877563865537,51.0347891166449,14.7976986383577,0.969,3.95608738968062,3.43920674799665,0.832442903389189,0.505112958942417
1987-09-01,1.49,326.52,12.19,12.19,949.69,0.18246453867462176,658.41,27.06629,750.88,3.17552224503765,2.27054970568104,0.715016154973943,0.219528466253919,0.207214753166224,16.85,1.1541095890411,212.45,3.09468317552804,0,-16.0641,4.11759799833194,1.37608385686463,0.451685660266874,1.30108445697626,0.601283991047423,33.3877563865537,51.0347891166449,14.7976986383577,0.969,3.95608738968062,3.43920674799665,0.832442903389189,0.505112958942417
1987-09-02,1.03,308.45,10.58,10.58,873.52,0.1694313573407202,658.41,27.06629,750.88,3.17552224503765,2.27054970568104,0.715016154973943,0.219528466253919,0.207214753166224,16.85,1.1541095890411,212.45,3.09468317552804,0,-16.0641,4.11759799833194,1.37608385686463,0.451685660266874,1.30108445697626,0.601283991047423,33.3877563865537,51.0347891166449,14.7976986383577,0.969,3.95608738968062,3.43920674799665,0.832442903389189,0.505112958942417
1987-09-03,0.18,482.6,9.8,9.8,764.25,0.16291476667376945,658.41,27.06629,750.88,3.17552224503765,2.27054970568104,0.715016154973943,0.219528466253919,0.207214753166224,16.85,1.1541095890411,212.45,3.09468317552804,0,-16.0641,4.11759799833194,1.37608385686463,0.451685660266874,1.30108445697626,0.601283991047423,33.3877563865537,51.0347891166449,14.7976986383577,0.969,3.95608738968062,3.43920674799665,0.832442903389189,0.505112958942417
1987-09-04,0.04,510.0,11.24,11.24,771.34,0.14988158533986787,658.41,27.06629,750.88,3.17552224503765,2.27054970568104,0.715016154973943,0.219528466253919,0.207214753166224,16.85,1.1541095890411,212.45,3.09468317552804,0,-16.0641,4.11759799833194,1.37608385686463,0.451685660266874,1.30108445697626,0.601283991047423,33.3877563865537,51.0347891166449,14.7976986383577,0.969,3.95608738968062,3.43920674799665,0.832442903389189,0.505112958942417
1987-09-05,2.79,357.02,12.91,12.91,963.4,0.1401066993394417,658.41,27.06629,750.88,3.17552224503765,2.27054970568104,0.715016154973943,0.219528466253919,0.207214753166224,16.85,1.1541095890411,212.45,3.09468317552804,0,-16.0641,4.11759799833194,1.37608385686463,0.451685660266874,1.30108445697626,0.601283991047423,33.3877563865537,51.0347891166449,14.7976986383577,0.969,3.95608738968062,3.43920674799665,0.832442903389189,0.505112958942417
1987-09-06,4.36,228.18,14.54,14.54,1283.71,0.13359010867249094,658.41,27.06629,750.88,3.17552224503765,2.27054970568104,0.715016154973943,0.219528466253919,0.207214753166224,16.85,1.1541095890411,212.45,3.09468317552804,0,-16.0641,4.11759799833194,1.37608385686463,0.451685660266874,1.30108445697626,0.601283991047423,33.3877563865537,51.0347891166449,14.7976986383577,0.969,3.95608738968062,3.43920674799665,0.832442903389189,0.505112958942417
1987-09-07,8.82,187.84,16.72,16.72,1562.95,0.15313988067334328,658.41,27.06629,750.88,3.17552224503765,2.27054970568104,0.715016154973943,0.219528466253919,0.207214753166224,16.85,1.1541095890411,212.45,3.09468317552804,0,-16.0641,4.11759799833194,1.37608385686463,0.451685660266874,1.30108445697626,0.601283991047423,33.3877563865537,51.0347891166449,14.7976986383577,0.969,3.95608738968062,3.43920674799665,0.832442903389189,0.505112958942417
1987-09-08,4.67,152.18,17.98,17.98,1719.67,0.27043851267845725,658.41,27.06629,750.88,3.17552224503765,2.27054970568104,0.715016154973943,0.219528466253919,0.207214753166224,16.85,1.1541095890411,212.45,3.09468317552804,0,-16.0641,4.11759799833194,1.37608385686463,0.451685660266874,1.30108445697626,0.601283991047423,33.3877563865537,51.0347891166449,14.7976986383577,0.969,3.95608738968062,3.43920674799665,0.832442903389189,0.505112958942417
1987-09-09,0.9,219.1,18.82,18.82,1698.63,0.3030214660132111,658.41,27.06629,750.88,3.17552224503765,2.27054970568104,0.715016154973943,0.219528466253919,0.207214753166224,16.85,1.1541095890411,212.45,3.09468317552804,0,-16.0641,4.11759799833194,1.37608385686463,0.451685660266874,1.30108445697626,0.601283991047423,33.3877563865537,51.0347891166449,14.7976986383577,0.969,3.95608738968062,3.43920674799665,0.832442903389189,0.505112958942417
1987-09-10,2.87,300.76,17.43,17.43,1393.27,0.2020143106754741,658.41,27.06629,750.88,3.17552224503765,2.27054970568104,0.715016154973943,0.219528466253919,0.207214753166224,16.85,1.1541095890411,212.45,3.09468317552804,0,-16.0641,4.11759799833194,1.37608385686463,0.451685660266874,1.30108445697626,0.601283991047423,33.3877563865537,51.0347891166449,14.7976986383577,0.969,3.95608738968062,3.43920674799665,0.832442903389189,0.505112958942417
1987-09-11,40.3,346.06,15.41,15.41,1151.74,0.17594794800767097,658.41,27.06629,750.88,3.17552224503765,2.27054970568104,0.715016154973943,0.219528466253919,0.207214753166224,16.85,1.1541095890411,212.45,3.09468317552804,0,-16.0641,4.11759799833194,1.37608385686463,0.451685660266874,1.30108445697626,0.601283991047423,33.3877563865537,51.0347891166449,14.7976986383577,0.969,3.95608738968062,3.43920674799665,0.832442903389189,0.505112958942417
1987-09-12,38.58,318.21,16.37,16.37,1334.26,6.87500315363307,658.41,27.06629,750.88,3.17552224503765,2.27054970568104,0.715016154973943,0.219528466253919,0.207214753166224,16.85,1.1541095890411,212.45,3.09468317552804,0,-16.0641,4.11759799833194,1.37608385686463,0.451685660266874,1.30108445697626,0.601283991047423,33.3877563865537,51.0347891166449,14.7976986383577,0.969,3.95608738968062,3.43920674799665,0.832442903389189,0.505112958942417
1987-09-13,8.11,258.61,19.58,19.58,1616.88,15.933064180694652,658.41,27.06629,750.88,3.17552224503765,2.27054970568104,0.715016154973943,0.219528466253919,0.207214753166224,16.85,1.1541095890411,212.45,3.09468317552804,0,-16.0641,4.11759799833194,1.37608385686463,0.451685660266874,1.30108445697626,0.601283991047423,33.3877563865537,51.0347891166449,14.7976986383577,0.969,3.95608738968062,3.43920674799665,0.832442903389189,0.505112958942417
1987-09-14,0.44,335.26,15.58,15.58,1170.31,3.3234612401448964,658.41,27.06629,750.88,3.17552224503765,2.27054970568104,0.715016154973943,0.219528466253919,0.207214753166224,16.85,1.1541095890411,212.45,3.09468317552804,0,-16.0641,4.11759799833194,1.37608385686463,0.451685660266874,1.30108445697626,0.601283991047423,33.3877563865537,51.0347891166449,14.7976986383577,0.969,3.95608738968062,3.43920674799665,0.832442903389189,0.505112958942417
1987-09-15,1.53,344.56,11.55,11.55,892.89,1.9354274280843808,658.41,27.06629,750.88,3.17552224503765,2.27054970568104,0.715016154973943,0.219528466253919,0.207214753166224,16.85,1.1541095890411,212.45,3.09468317552804,0,-16.0641,4.11759799833194,1.37608385686463,0.451685660266874,1.30108445697626,0.601283991047423,33.3877563865537,51.0347891166449,14.7976986383577,0.969,3.95608738968062,3.43920674799665,0.832442903389189,0.505112958942417
1987-09-16,7.4,342.88,12.72,12.72,1027.59,1.476007786064351,658.41,27.06629,750.88,3.17552224503765,2.27054970568104,0.715016154973943,0.219528466253919,0.207214753166224,16.85,1.1541095890411,212.45,3.09468317552804,0,-16.0641,4.11759799833194,1.37608385686463,0.451685660266874,1.30108445697626,0.601283991047423,33.3877563865537,51.0347891166449,14.7976986383577,0.969,3.95608738968062,3.43920674799665,0.832442903389189,0.505112958942417
1987-09-17,13.96,251.58,17.01,17.01,1463.97,2.1667663967611337,658.41,27.06629,750.88,3.17552224503765,2.27054970568104,0.715016154973943,0.219528466253919,0.207214753166224,16.85,1.1541095890411,212.45,3.09468317552804,0,-16.0641,4.11759799833194,1.37608385686463,0.451685660266874,1.30108445697626,0.601283991047423,33.3877563865537,51.0347891166449,14.7976986383577,0.969,3.95608738968062,3.43920674799665,0.832442903389189,0.505112958942417
1987-09-18,10.2,159.74,17.36,17.36,1572.76,5.995263413594715,658.41,27.06629,750.88,3.17552224503765,2.27054970568104,0.715016154973943,0.219528466253919,0.207214753166224,16.85,1.1541095890411,212.45,3.09468317552804,0,-16.0641,4.11759799833194,1.37608385686463,0.451685660266874,1.30108445697626,0.601283991047423,33.3877563865537,51.0347891166449,14.7976986383577,0.969,3.95608738968062,3.43920674799665,0.832442903389189,0.505112958942417
1987-09-19,7.36,210.96,14.38,14.38,1319.45,4.040286213509482,658.41,27.06629,750.88,3.17552224503765,2.27054970568104,0.715016154973943,0.219528466253919,0.207214753166224,16.85,1.1541095890411,212.45,3.09468317552804,0,-16.0641,4.11759799833194,1.37608385686463,0.451685660266874,1.30108445697626,0.601283991047423,33.3877563865537,51.0347891166449,14.7976986383577,0.969,3.95608738968062,3.43920674799665,0.832442903389189,0.505112958942417
1987-09-20,2.6,172.25,13.48,13.48,1267.89,4.659362326869806,658.41,27.06629,750.88,3.17552224503765,2.27054970568104,0.715016154973943,0.219528466253919,0.207214753166224,16.85,1.1541095890411,212.45,3.09468317552804,0,-16.0641,4.11759799833194,1.37608385686463,0.451685660266874,1.30108445697626,0.601283991047423,33.3877563865537,51.0347891166449,14.7976986383577,0.969,3.95608738968062,3.43920674799665,0.832442903389189,0.505112958942417
1987-09-21,2.37,268.11,13.97,13.97,1196.34,3.010664888131259,658.41,27.06629,750.88,3.17552224503765,2.27054970568104,0.715016154973943,0.219528466253919,0.207214753166224,16.85,1.1541095890411,212.45,3.09468317552804,0,-16.0641,4.11759799833194,1.37608385686463,0.451685660266874,1.30108445697626,0.601283991047423,33.3877563865537,51.0347891166449,14.7976986383577,0.969,3.95608738968062,3.43920674799665,0.832442903389189,0.505112958942417
1987-09-22,2.0,314.92,11.95,11.95,994.24,2.5219205881099507,658.41,27.06629,750.88,3.17552224503765,2.27054970568104,0.715016154973943,0.219528466253919,0.207214753166224,16.85,1.1541095890411,212.45,3.09468317552804,0,-16.0641,4.11759799833194,1.37608385686463,0.451685660266874,1.30108445697626,0.601283991047423,33.3877563865537,51.0347891166449,14.7976986383577,0.969,3.95608738968062,3.43920674799665,0.832442903389189,0.505112958942417
1987-09-23,0.62,290.8,12.05,12.05,1021.54,1.9908184487534624,658.41,27.06629,750.88,3.17552224503765,2.27054970568104,0.715016154973943,0.219528466253919,0.207214753166224,16.85,1.1541095890411,212.45,3.09468317552804,0,-16.0641,4.11759799833194,1.37608385686463,0.451685660266874,1.30108445697626,0.601283991047423,33.3877563865537,51.0347891166449,14.7976986383577,0.969,3.95608738968062,3.43920674799665,0.832442903389189,0.505112958942417
1987-09-24,0.59,235.81,11.51,11.51,996.75,1.6454391434050712,658.41,27.06629,750.88,3.17552224503765,2.27054970568104,0.715016154973943,0.219528466253919,0.207214753166224,16.85,1.1541095890411,212.45,3.09468317552804,0,-16.0641,4.11759799833194,1.37608385686463,0.451685660266874,1.30108445697626,0.601283991047423,33.3877563865537,51.0347891166449,14.7976986383577,0.969,3.95608738968062,3.43920674799665,0.832442903389189,0.505112958942417
1987-09-25,0.17,419.68,7.94,7.94,743.09,1.4206167653952695,658.41,27.06629,750.88,3.17552224503765,2.27054970568104,0.715016154973943,0.219528466253919,0.207214753166224,16.85,1.1541095890411,212.45,3.09468317552804,0,-16.0641,4.11759799833194,1.37608385686463,0.451685660266874,1.30108445697626,0.601283991047423,33.3877563865537,51.0347891166449,14.7976986383577,0.969,3.95608738968062,3.43920674799665,0.832442903389189,0.505112958942417
1987-09-26,0.03,443.43,8.5,8.5,725.09,1.1469199573833369,658.41,27.06629,750.88,3.17552224503765,2.27054970568104,0.715016154973943,0.219528466253919,0.207214753166224,16.85,1.1541095890411,212.45,3.09468317552804,0,-16.0641,4.11759799833194,1.37608385686463,0.451685660266874,1.30108445697626,0.601283991047423,33.3877563865537,51.0347891166449,14.7976986383577,0.969,3.95608738968062,3.43920674799665,0.832442903389189,0.505112958942417
1987-09-27,0.08,352.05,12.04,12.04,881.23,0.9742303047091412,658.41,27.06629,750.88,3.17552224503765,2.27054970568104,0.715016154973943,0.219528466253919,0.207214753166224,16.85,1.1541095890411,212.45,3.09468317552804,0,-16.0641,4.11759799833194,1.37608385686463,0.451685660266874,1.30108445697626,0.601283991047423,33.3877563865537,51.0347891166449,14.7976986383577,0.969,3.95608738968062,3.43920674799665,0.832442903389189,0.505112958942417
1987-09-28,3.26,327.05,15.44,15.44,1056.12,0.8438984913701257,658.41,27.06629,750.88,3.17552224503765,2.27054970568104,0.715016154973943,0.219528466253919,0.207214753166224,16.85,1.1541095890411,212.45,3.09468317552804,0,-16.0641,4.11759799833194,1.37608385686463,0.451685660266874,1.30108445697626,0.601283991047423,33.3877563865537,51.0347891166449,14.7976986383577,0.969,3.95608738968062,3.43920674799665,0.832442903389189,0.505112958942417
1987-09-29,5.88,313.97,15.55,15.55,1103.04,0.7363747453654379,658.41,27.06629,750.88,3.17552224503765,2.27054970568104,0.715016154973943,0.219528466253919,0.207214753166224,16.85,1.1541095890411,212.45,3.09468317552804,0,-16.0641,4.11759799833194,1.37608385686463,0.451685660266874,1.30108445697626,0.601283991047423,33.3877563865537,51.0347891166449,14.7976986383577,0.969,3.95608738968062,3.43920674799665,0.832442903389189,0.505112958942417
1987-09-30,4.24,291.8,15.46,15.46,1135.94,1.0133298487108457,658.41,27.06629,750.88,3.17552224503765,2.27054970568104,0.715016154973943,0.219528466253919,0.207214753166224,16.85,1.1541095890411,212.45,3.09468317552804,0,-16.0641,4.11759799833194,1.37608385686463,0.451685660266874,1.30108445697626,0.601283991047423,33.3877563865537,51.0347891166449,14.7976986383577,0.969,3.95608738968062,3.43920674799665,0.832442903389189,0.505112958942417
1987-10-01,4.43,232.6,10.51,10.51,914.64,0.9937800767099936,658.41,27.06629,750.88,3.17552224503765,2.27054970568104,0.715016154973943,0.219528466253919,0.207214753166224,16.85,1.1541095890411,212.45,3.09468317552804,0,-16.0641,4.11759799833194,1.37608385686463,0.451685660266874,1.30108445697626,0.601283991047423,33.3877563865537,51.0347891166449,14.7976986383577,0.969,3.95608738968062,3.43920674799665,0.832442903389189,0.505112958942417
1987-10-02,10.02,274.86,8.26,8.26,786.43,0.9937800767099936,658.41,27.06629,750.88,3.17552224503765,2.27054970568104,0.715016154973943,0.219528466253919,0.207214753166224,16.85,1.1541095890411,212.45,3.09468317552804,0,-16.0641,4.11759799833194,1.37608385686463,0.451685660266874,1.30108445697626,0.601283991047423,33.3877563865537,51.0347891166449,14.7976986383577,0.969,3.95608738968062,3.43920674799665,0.832442903389189,0.505112958942417
1987-10-03,3.14,270.52,7.06,7.06,707.12,1.8213870914127424,658.41,27.06629,750.88,3.17552224503765,2.27054970568104,0.715016154973943,0.219528466253919,0.207214753166224,16.85,1.1541095890411,212.45,3.09468317552804,0,-16.0641,4.11759799833194,1.37608385686463,0.451685660266874,1.30108445697626,0.601283991047423,33.3877563865537,51.0347891166449,14.7976986383577,0.969,3.95608738968062,3.43920674799665,0.832442903389189,0.505112958942417
1987-10-04,0.23,343.61,4.96,4.96,616.31,1.114337004048583,658.41,27.06629,750.88,3.17552224503765,2.27054970568104,0.715016154973943,0.219528466253919,0.207214753166224,16.85,1.1541095890411,212.45,3.09468317552804,0,-16.0641,4.11759799833194,1.37608385686463,0.451685660266874,1.30108445697626,0.601283991047423,33.3877563865537,51.0347891166449,14.7976986383577,0.969,3.95608738968062,3.43920674799665,0.832442903389189,0.505112958942417
1987-10-05,0.21,322.32,6.67,6.67,642.54,0.9351307607074366,658.41,27.06629,750.88,3.17552224503765,2.27054970568104,0.715016154973943,0.219528466253919,0.207214753166224,16.85,1.1541095890411,212.45,3.09468317552804,0,-16.0641,4.11759799833194,1.37608385686463,0.451685660266874,1.30108445697626,0.601283991047423,33.3877563865537,51.0347891166449,14.7976986383577,0.969,3.95608738968062,3.43920674799665,0.832442903389189,0.505112958942417
1987-10-06,4.34,305.12,9.95,9.95,768.99,0.8471567867036011,658.41,27.06629,750.88,3.17552224503765,2.27054970568104,0.715016154973943,0.219528466253919,0.207214753166224,16.85,1.1541095890411,212.45,3.09468317552804,0,-16.0641,4.11759799833194,1.37608385686463,0.451685660266874,1.30108445697626,0.601283991047423,33.3877563865537,51.0347891166449,14.7976986383577,0.969,3.95608738968062,3.43920674799665,0.832442903389189,0.505112958942417
1987-10-07,3.51,219.76,8.71,8.71,795.65,0.9644554187087151,658.41,27.06629,750.88,3.17552224503765,2.27054970568104,0.715016154973943,0.219528466253919,0.207214753166224,16.85,1.1541095890411,212.45,3.09468317552804,0,-16.0641,4.11759799833194,1.37608385686463,0.451685660266874,1.30108445697626,0.601283991047423,33.3877563865537,51.0347891166449,14.7976986383577,0.969,3.95608738968062,3.43920674799665,0.832442903389189,0.505112958942417
1987-10-08,1.19,171.21,5.15,5.15,681.14,0.9579388280417642,658.41,27.06629,750.88,3.17552224503765,2.27054970568104,0.715016154973943,0.219528466253919,0.207214753166224,16.85,1.1541095890411,212.45,3.09468317552804,0,-16.0641,4.11759799833194,1.37608385686463,0.451685660266874,1.30108445697626,0.601283991047423,33.3877563865537,51.0347891166449,14.7976986383577,0.969,3.95608738968062,3.43920674799665,0.832442903389189,0.505112958942417
1987-10-09,1.05,289.39,3.65,3.65,568.82,0.8113155380353717,658.41,27.06629,750.88,3.17552224503765,2.27054970568104,0.715016154973943,0.219528466253919,0.207214753166224,16.85,1.1541095890411,212.45,3.09468317552804,0,-16.0641,4.11759799833194,1.37608385686463,0.451685660266874,1.30108445697626,0.601283991047423,33.3877563865537,51.0347891166449,14.7976986383577,0.969,3.95608738968062,3.43920674799665,0.832442903389189,0.505112958942417
1987-10-10,9.3,253.02,5.54,5.54,636.55,0.7200832686980609,658.41,27.06629,750.88,3.17552224503765,2.27054970568104,0.715016154973943,0.219528466253919,0.207214753166224,16.85,1.1541095890411,212.45,3.09468317552804,0,-16.0641,4.11759799833194,1.37608385686463,0.451685660266874,1.30108445697626,0.601283991047423,33.3877563865537,51.0347891166449,14.7976986383577,0.969,3.95608738968062,3.43920674799665,0.832442903389189,0.505112958942417
1987-10-11,3.53,213.58,3.55,3.55,589.66,1.3359010867249093,658.41,27.06629,750.88,3.17552224503765,2.27054970568104,0.715016154973943,0.219528466253919,0.207214753166224,16.85,1.1541095890411,212.45,3.09468317552804,0,-16.0641,4.11759799833194,1.37608385686463,0.451685660266874,1.30108445697626,0.601283991047423,33.3877563865537,51.0347891166449,14.7976986383577,0.969,3.95608738968062,3.43920674799665,0.832442903389189,0.505112958942417
1987-10-12,0.31,272.6,2.73,2.73,552.74,1.2772517707223523,658.41,27.06629,750.88,3.17552224503765,2.27054970568104,0.715016154973943,0.219528466253919,0.207214753166224,16.85,1.1541095890411,212.45,3.09468317552804,0,-16.0641,4.11759799833194,1.37608385686463,0.451685660266874,1.30108445697626,0.601283991047423,33.3877563865537,51.0347891166449,14.7976986383577,0.969,3.95608738968062,3.43920674799665,0.832442903389189,0.505112958942417
1987-10-13,0.0,378.28,2.33,2.33,479.17,1.0198464393777966,658.41,27.06629,750.88,3.17552224503765,2.27054970568104,0.715016154973943,0.219528466253919,0.207214753166224,16.85,1.1541095890411,212.45,3.09468317552804,0,-16.0641,4.11759799833194,1.37608385686463,0.451685660266874,1.30108445697626,0.601283991047423,33.3877563865537,51.0347891166449,14.7976986383577,0.969,3.95608738968062,3.43920674799665,0.832442903389189,0.505112958942417
1987-10-14,0.0,394.95,4.69,4.69,488.44,0.9188392840400595,658.41,27.06629,750.88,3.17552224503765,2.27054970568104,0.715016154973943,0.219528466253919,0.207214753166224,16.85,1.1541095890411,212.45,3.09468317552804,0,-16.0641,4.11759799833194,1.37608385686463,0.451685660266874,1.30108445697626,0.601283991047423,33.3877563865537,51.0347891166449,14.7976986383577,0.969,3.95608738968062,3.43920674799665,0.832442903389189,0.505112958942417
1987-10-15,0.0,389.53,6.33,6.33,548.97,0.8634482633709779,658.41,27.06629,750.88,3.17552224503765,2.27054970568104,0.715016154973943,0.219528466253919,0.207214753166224,16.85,1.1541095890411,212.45,3.09468317552804,0,-16.0641,4.11759799833194,1.37608385686463,0.451685660266874,1.30108445697626,0.601283991047423,33.3877563865537,51.0347891166449,14.7976986383577,0.969,3.95608738968062,3.43920674799665,0.832442903389189,0.505112958942417
1987-10-16,0.16,289.88,10.33,10.33,743.85,0.8080572427018964,658.41,27.06629,750.88,3.17552224503765,2.27054970568104,0.715016154973943,0.219528466253919,0.207214753166224,16.85,1.1541095890411,212.45,3.09468317552804,0,-16.0641,4.11759799833194,1.37608385686463,0.451685660266874,1.30108445697626,0.601283991047423,33.3877563865537,51.0347891166449,14.7976986383577,0.969,3.95608738968062,3.43920674799665,0.832442903389189,0.505112958942417
1987-10-17,0.15,308.08,11.31,11.31,792.71,0.7591828126997655,658.41,27.06629,750.88,3.17552224503765,2.27054970568104,0.715016154973943,0.219528466253919,0.207214753166224,16.85,1.1541095890411,212.45,3.09468317552804,0,-16.0641,4.11759799833194,1.37608385686463,0.451685660266874,1.30108445697626,0.601283991047423,33.3877563865537,51.0347891166449,14.7976986383577,0.969,3.95608738968062,3.43920674799665,0.832442903389189,0.505112958942417
1987-10-18,0.07,295.21,10.59,10.59,796.19,0.7135666780311101,658.41,27.06629,750.88,3.17552224503765,2.27054970568104,0.715016154973943,0.219528466253919,0.207214753166224,16.85,1.1541095890411,212.45,3.09468317552804,0,-16.0641,4.11759799833194,1.37608385686463,0.451685660266874,1.30108445697626,0.601283991047423,33.3877563865537,51.0347891166449,14.7976986383577,0.969,3.95608738968062,3.43920674799665,0.832442903389189,0.505112958942417
1987-10-19,0.44,274.33,6.96,6.96,640.57,0.6712088386959301,658.41,27.06629,750.88,3.17552224503765,2.27054970568104,0.715016154973943,0.219528466253919,0.207214753166224,16.85,1.1541095890411,212.45,3.09468317552804,0,-16.0641,4.11759799833194,1.37608385686463,0.451685660266874,1.30108445697626,0.601283991047423,33.3877563865537,51.0347891166449,14.7976986383577,0.969,3.95608738968062,3.43920674799665,0.832442903389189,0.505112958942417
1987-10-20,0.91,226.36,8.71,8.71,769.13,0.6255927040272746,658.41,27.06629,750.88,3.17552224503765,2.27054970568104,0.715016154973943,0.219528466253919,0.207214753166224,16.85,1.1541095890411,212.45,3.09468317552804,0,-16.0641,4.11759799833194,1.37608385686463,0.451685660266874,1.30108445697626,0.601283991047423,33.3877563865537,51.0347891166449,14.7976986383577,0.969,3.95608738968062,3.43920674799665,0.832442903389189,0.505112958942417
1987-10-21,0.29,236.52,7.16,7.16,714.05,0.6125595226933731,658.41,27.06629,750.88,3.17552224503765,2.27054970568104,0.715016154973943,0.219528466253919,0.207214753166224,16.85,1.1541095890411,212.45,3.09468317552804,0,-16.0641,4.11759799833194,1.37608385686463,0.451685660266874,1.30108445697626,0.601283991047423,33.3877563865537,51.0347891166449,14.7976986383577,0.969,3.95608738968062,3.43920674799665,0.832442903389189,0.505112958942417
1987-10-22,2.04,211.13,3.95,3.95,595.29,0.5604267973577668,658.41,27.06629,750.88,3.17552224503765,2.27054970568104,0.715016154973943,0.219528466253919,0.207214753166224,16.85,1.1541095890411,212.45,3.09468317552804,0,-16.0641,4.11759799833194,1.37608385686463,0.451685660266874,1.30108445697626,0.601283991047423,33.3877563865537,51.0347891166449,14.7976986383577,0.969,3.95608738968062,3.43920674799665,0.832442903389189,0.505112958942417
1987-10-23,1.36,238.07,4.7,4.7,605.07,0.553910206690816,658.41,27.06629,750.88,3.17552224503765,2.27054970568104,0.715016154973943,0.219528466253919,0.207214753166224,16.85,1.1541095890411,212.45,3.09468317552804,0,-16.0641,4.11759799833194,1.37608385686463,0.451685660266874,1.30108445697626,0.601283991047423,33.3877563865537,51.0347891166449,14.7976986383577,0.969,3.95608738968062,3.43920674799665,0.832442903389189,0.505112958942417
1987-10-24,3.18,257.25,6.11,6.11,596.83,0.5180689580225868,658.41,27.06629,750.88,3.17552224503765,2.27054970568104,0.715016154973943,0.219528466253919,0.207214753166224,16.85,1.1541095890411,212.45,3.09468317552804,0,-16.0641,4.11759799833194,1.37608385686463,0.451685660266874,1.30108445697626,0.601283991047423,33.3877563865537,51.0347891166449,14.7976986383577,0.969,3.95608738968062,3.43920674799665,0.832442903389189,0.505112958942417
1987-10-25,0.78,337.55,6.96,6.96,577.92,0.5506519113573407,658.41,27.06629,750.88,3.17552224503765,2.27054970568104,0.715016154973943,0.219528466253919,0.207214753166224,16.85,1.1541095890411,212.45,3.09468317552804,0,-16.0641,4.11759799833194,1.37608385686463,0.451685660266874,1.30108445697626,0.601283991047423,33.3877563865537,51.0347891166449,14.7976986383577,0.969,3.95608738968062,3.43920674799665,0.832442903389189,0.505112958942417
1987-10-26,0.54,301.85,2.51,2.51,419.26,0.5180689580225868,658.41,27.06629,750.88,3.17552224503765,2.27054970568104,0.715016154973943,0.219528466253919,0.207214753166224,16.85,1.1541095890411,212.45,3.09468317552804,0,-16.0641,4.11759799833194,1.37608385686463,0.451685660266874,1.30108445697626,0.601283991047423,33.3877563865537,51.0347891166449,14.7976986383577,0.969,3.95608738968062,3.43920674799665,0.832442903389189,0.505112958942417
1987-10-27,3.82,229.45,4.38,4.38,543.43,0.4789694140208821,658.41,27.06629,750.88,3.17552224503765,2.27054970568104,0.715016154973943,0.219528466253919,0.207214753166224,16.85,1.1541095890411,212.45,3.09468317552804,0,-16.0641,4.11759799833194,1.37608385686463,0.451685660266874,1.30108445697626,0.601283991047423,33.3877563865537,51.0347891166449,14.7976986383577,0.969,3.95608738968062,3.43920674799665,0.832442903389189,0.505112958942417
1987-10-28,1.99,198.66,3.38,3.38,548.79,0.5962680460259961,658.41,27.06629,750.88,3.17552224503765,2.27054970568104,0.715016154973943,0.219528466253919,0.207214753166224,16.85,1.1541095890411,212.45,3.09468317552804,0,-16.0641,4.11759799833194,1.37608385686463,0.451685660266874,1.30108445697626,0.601283991047423,33.3877563865537,51.0347891166449,14.7976986383577,0.969,3.95608738968062,3.43920674799665,0.832442903389189,0.505112958942417
1987-10-29,0.6,176.74,1.29,1.29,489.66,0.5604267973577668,658.41,27.06629,750.88,3.17552224503765,2.27054970568104,0.715016154973943,0.219528466253919,0.207214753166224,16.85,1.1541095890411,212.45,3.09468317552804,0,-16.0641,4.11759799833194,1.37608385686463,0.451685660266874,1.30108445697626,0.601283991047423,33.3877563865537,51.0347891166449,14.7976986383577,0.969,3.95608738968062,3.43920674799665,0.832442903389189,0.505112958942417
1987-10-30,0.09,307.19,1.18,1.18,469.56,0.5148106626891115,658.41,27.06629,750.88,3.17552224503765,2.27054970568104,0.715016154973943,0.219528466253919,0.207214753166224,16.85,1.1541095890411,212.45,3.09468317552804,0,-16.0641,4.11759799833194,1.37608385686463,0.451685660266874,1.30108445697626,0.601283991047423,33.3877563865537,51.0347891166449,14.7976986383577,0.969,3.95608738968062,3.43920674799665,0.832442903389189,0.505112958942417
1987-10-31,0.08,225.25,4.9,4.9,590.62,0.48222770935435755,658.41,27.06629,750.88,3.17552224503765,2.27054970568104,0.715016154973943,0.219528466253919,0.207214753166224,16.85,1.1541095890411,212.45,3.09468317552804,0,-16.0641,4.11759799833194,1.37608385686463,0.451685660266874,1.30108445697626,0.601283991047423,33.3877563865537,51.0347891166449,14.7976986383577,0.969,3.95608738968062,3.43920674799665,0.832442903389189,0.505112958942417
1987-11-01,0.33,234.65,4.94,4.94,586.83,0.44964475601960363,658.41,27.06629,750.88,3.17552224503765,2.27054970568104,0.715016154973943,0.219528466253919,0.207214753166224,16.85,1.1541095890411,212.45,3.09468317552804,0,-16.0641,4.11759799833194,1.37608385686463,0.451685660266874,1.30108445697626,0.601283991047423,33.3877563865537,51.0347891166449,14.7976986383577,0.969,3.95608738968062,3.43920674799665,0.832442903389189,0.505112958942417
1987-11-02,0.08,279.58,8.55,8.55,786.87,0.4333532793522267,658.41,27.06629,750.88,3.17552224503765,2.27054970568104,0.715016154973943,0.219528466253919,0.207214753166224,16.85,1.1541095890411,212.45,3.09468317552804,0,-16.0641,4.11759799833194,1.37608385686463,0.451685660266874,1.30108445697626,0.601283991047423,33.3877563865537,51.0347891166449,14.7976986383577,0.969,3.95608738968062,3.43920674799665,0.832442903389189,0.505112958942417
1987-11-03,0.2,213.92,11.65,11.65,943.68,0.42683668868527586,658.41,27.06629,750.88,3.17552224503765,2.27054970568104,0.715016154973943,0.219528466253919,0.207214753166224,16.85,1.1541095890411,212.45,3.09468317552804,0,-16.0641,4.11759799833194,1.37608385686463,0.451685660266874,1.30108445697626,0.601283991047423,33.3877563865537,51.0347891166449,14.7976986383577,0.969,3.95608738968062,3.43920674799665,0.832442903389189,0.505112958942417
1987-11-04,3.14,217.08,10.3,10.3,813.27,0.41706180268484977,658.41,27.06629,750.88,3.17552224503765,2.27054970568104,0.715016154973943,0.219528466253919,0.207214753166224,16.85,1.1541095890411,212.45,3.09468317552804,0,-16.0641,4.11759799833194,1.37608385686463,0.451685660266874,1.30108445697626,0.601283991047423,33.3877563865537,51.0347891166449,14.7976986383577,0.969,3.95608738968062,3.43920674799665,0.832442903389189,0.505112958942417
1987-11-05,4.28,204.71,5.88,5.88,607.75,0.4887443000213083,658.41,27.06629,750.88,3.17552224503765,2.27054970568104,0.715016154973943,0.219528466253919,0.207214753166224,16.85,1.1541095890411,212.45,3.09468317552804,0,-16.0641,4.11759799833194,1.37608385686463,0.451685660266874,1.30108445697626,0.601283991047423,33.3877563865537,51.0347891166449,14.7976986383577,0.969,3.95608738968062,3.43920674799665,0.832442903389189,0.505112958942417
1987-11-06,1.63,192.17,1.68,1.68,471.89,0.4854860046878329,658.41,27.06629,750.88,3.17552224503765,2.27054970568104,0.715016154973943,0.219528466253919,0.207214753166224,16.85,1.1541095890411,212.45,3.09468317552804,0,-16.0641,4.11759799833194,1.37608385686463,0.451685660266874,1.30108445697626,0.601283991047423,33.3877563865537,51.0347891166449,14.7976986383577,0.969,3.95608738968062,3.43920674799665,0.832442903389189,0.505112958942417
1987-11-07,0.87,193.93,1.15,1.15,483.91,0.4887443000213083,658.41,27.06629,750.88,3.17552224503765,2.27054970568104,0.715016154973943,0.219528466253919,0.207214753166224,16.85,1.1541095890411,212.45,3.09468317552804,0,-16.0641,4.11759799833194,1.37608385686463,0.451685660266874,1.30108445697626,0.601283991047423,33.3877563865537,51.0347891166449,14.7976986383577,0.969,3.95608738968062,3.43920674799665,0.832442903389189,0.505112958942417
1987-11-08,1.29,207.63,4.24,4.24,578.4,0.5832348646920946,658.41,27.06629,750.88,3.17552224503765,2.27054970568104,0.715016154973943,0.219528466253919,0.207214753166224,16.85,1.1541095890411,212.45,3.09468317552804,0,-16.0641,4.11759799833194,1.37608385686463,0.451685660266874,1.30108445697626,0.601283991047423,33.3877563865537,51.0347891166449,14.7976986383577,0.969,3.95608738968062,3.43920674799665,0.832442903389189,0.505112958942417
1987-11-09,0.39,270.17,5.59,5.59,567.44,0.5767182740251438,658.41,27.06629,750.88,3.17552224503765,2.27054970568104,0.715016154973943,0.219528466253919,0.207214753166224,16.85,1.1541095890411,212.45,3.09468317552804,0,-16.0641,4.11759799833194,1.37608385686463,0.451685660266874,1.30108445697626,0.601283991047423,33.3877563865537,51.0347891166449,14.7976986383577,0.969,3.95608738968062,3.43920674799665,0.832442903389189,0.505112958942417
1987-11-10,1.0,200.56,-0.16,-0.16,397.05,0.5636850926912422,658.41,27.06629,750.88,3.17552224503765,2.27054970568104,0.715016154973943,0.219528466253919,0.207214753166224,16.85,1.1541095890411,212.45,3.09468317552804,0,-16.0641,4.11759799833194,1.37608385686463,0.451685660266874,1.30108445697626,0.601283991047423,33.3877563865537,51.0347891166449,14.7976986383577,0.969,3.95608738968062,3.43920674799665,0.832442903389189,0.505112958942417
1987-11-11,0.27,183.66,-3.4,-3.4,343.43,0.5311021393564883,658.41,27.06629,750.88,3.17552224503765,2.27054970568104,0.715016154973943,0.219528466253919,0.207214753166224,16.85,1.1541095890411,212.45,3.09468317552804,0,-16.0641,4.11759799833194,1.37608385686463,0.451685660266874,1.30108445697626,0.601283991047423,33.3877563865537,51.0347891166449,14.7976986383577,0.969,3.95608738968062,3.43920674799665,0.832442903389189,0.505112958942417
1987-11-12,0.0,279.11,-3.75,-3.75,337.24,0.5245855486895376,658.41,27.06629,750.88,3.17552224503765,2.27054970568104,0.715016154973943,0.219528466253919,0.207214753166224,16.85,1.1541095890411,212.45,3.09468317552804,0,-16.0641,4.11759799833194,1.37608385686463,0.451685660266874,1.30108445697626,0.601283991047423,33.3877563865537,51.0347891166449,14.7976986383577,0.969,3.95608738968062,3.43920674799665,0.832442903389189,0.505112958942417
1987-11-13,0.0,287.0,1.85,1.85,491.15,0.5245855486895376,658.41,27.06629,750.88,3.17552224503765,2.27054970568104,0.715016154973943,0.219528466253919,0.207214753166224,16.85,1.1541095890411,212.45,3.09468317552804,0,-16.0641,4.11759799833194,1.37608385686463,0.451685660266874,1.30108445697626,0.601283991047423,33.3877563865537,51.0347891166449,14.7976986383577,0.969,3.95608738968062,3.43920674799665,0.832442903389189,0.505112958942417
1987-11-14,0.0,232.85,4.97,4.97,593.95,0.5343604346899637,658.41,27.06629,750.88,3.17552224503765,2.27054970568104,0.715016154973943,0.219528466253919,0.207214753166224,16.85,1.1541095890411,212.45,3.09468317552804,0,-16.0641,4.11759799833194,1.37608385686463,0.451685660266874,1.30108445697626,0.601283991047423,33.3877563865537,51.0347891166449,14.7976986383577,0.969,3.95608738968062,3.43920674799665,0.832442903389189,0.505112958942417
1987-11-15,0.0,285.49,2.51,2.51,447.51,0.4920025953547837,658.41,27.06629,750.88,3.17552224503765,2.27054970568104,0.715016154973943,0.219528466253919,0.207214753166224,16.85,1.1541095890411,212.45,3.09468317552804,0,-16.0641,4.11759799833194,1.37608385686463,0.451685660266874,1.30108445697626,0.601283991047423,33.3877563865537,51.0347891166449,14.7976986383577,0.969,3.95608738968062,3.43920674799665,0.832442903389189,0.505112958942417
1987-11-16,1.76,199.51,5.77,5.77,615.97,0.46593623268698053,658.41,27.06629,750.88,3.17552224503765,2.27054970568104,0.715016154973943,0.219528466253919,0.207214753166224,16.85,1.1541095890411,212.45,3.09468317552804,0,-16.0641,4.11759799833194,1.37608385686463,0.451685660266874,1.30108445697626,0.601283991047423,33.3877563865537,51.0347891166449,14.7976986383577,0.969,3.95608738968062,3.43920674799665,0.832442903389189,0.505112958942417
1987-11-17,11.91,182.02,8.43,8.43,779.51,0.46593623268698053,658.41,27.06629,750.88,3.17552224503765,2.27054970568104,0.715016154973943,0.219528466253919,0.207214753166224,16.85,1.1541095890411,212.45,3.09468317552804,0,-16.0641,4.11759799833194,1.37608385686463,0.451685660266874,1.30108445697626,0.601283991047423,33.3877563865537,51.0347891166449,14.7976986383577,0.969,3.95608738968062,3.43920674799665,0.832442903389189,0.505112958942417
1987-11-18,3.21,224.87,9.1,9.1,799.08,1.651955734072022,658.41,27.06629,750.88,3.17552224503765,2.27054970568104,0.715016154973943,0.219528466253919,0.207214753166224,16.85,1.1541095890411,212.45,3.09468317552804,0,-16.0641,4.11759799833194,1.37608385686463,0.451685660266874,1.30108445697626,0.601283991047423,33.3877563865537,51.0347891166449,14.7976986383577,0.969,3.95608738968062,3.43920674799665,0.832442903389189,0.505112958942417
1987-11-19,0.24,136.76,4.85,4.85,634.86,1.1110787087151075,658.41,27.06629,750.88,3.17552224503765,2.27054970568104,0.715016154973943,0.219528466253919,0.207214753166224,16.85,1.1541095890411,212.45,3.09468317552804,0,-16.0641,4.11759799833194,1.37608385686463,0.451685660266874,1.30108445697626,0.601283991047423,33.3877563865537,51.0347891166449,14.7976986383577,0.969,3.95608738968062,3.43920674799665,0.832442903389189,0.505112958942417
1987-11-20,1.15,165.32,0.41,0.41,429.76,1.029621325378223,658.41,27.06629,750.88,3.17552224503765,2.27054970568104,0.715016154973943,0.219528466253919,0.207214753166224,16.85,1.1541095890411,212.45,3.09468317552804,0,-16.0641,4.11759799833194,1.37608385686463,0.451685660266874,1.30108445697626,0.601283991047423,33.3877563865537,51.0347891166449,14.7976986383577,0.969,3.95608738968062,3.43920674799665,0.832442903389189,0.505112958942417
1987-11-21,0.32,235.69,-7.74,-7.74,211.51,0.9449056467078627,658.41,27.06629,750.88,3.17552224503765,2.27054970568104,0.715016154973943,0.219528466253919,0.207214753166224,16.85,1.1541095890411,212.45,3.09468317552804,0,-16.0641,4.11759799833194,1.37608385686463,0.451685660266874,1.30108445697626,0.601283991047423,33.3877563865537,51.0347891166449,14.7976986383577,0.969,3.95608738968062,3.43920674799665,0.832442903389189,0.505112958942417
1987-11-22,0.01,267.07,-8.8,-8.8,198.18,0.8471567867036011,658.41,27.06629,750.88,3.17552224503765,2.27054970568104,0.715016154973943,0.219528466253919,0.207214753166224,16.85,1.1541095890411,212.45,3.09468317552804,0,-16.0641,4.11759799833194,1.37608385686463,0.451685660266874,1.30108445697626,0.601283991047423,33.3877563865537,51.0347891166449,14.7976986383577,0.969,3.95608738968062,3.43920674799665,0.832442903389189,0.505112958942417
1987-11-23,0.0,280.68,-3.02,-3.02,318.63,0.9123226933731089,658.41,27.06629,750.88,3.17552224503765,2.27054970568104,0.715016154973943,0.219528466253919,0.207214753166224,16.85,1.1541095890411,212.45,3.09468317552804,0,-16.0641,4.11759799833194,1.37608385686463,0.451685660266874,1.30108445697626,0.601283991047423,33.3877563865537,51.0347891166449,14.7976986383577,0.969,3.95608738968062,3.43920674799665,0.832442903389189,0.505112958942417
1987-11-24,1.22,172.74,2.96,2.96,528.96,0.8862563307053057,658.41,27.06629,750.88,3.17552224503765,2.27054970568104,0.715016154973943,0.219528466253919,0.207214753166224,16.85,1.1541095890411,212.45,3.09468317552804,0,-16.0641,4.11759799833194,1.37608385686463,0.451685660266874,1.30108445697626,0.601283991047423,33.3877563865537,51.0347891166449,14.7976986383577,0.969,3.95608738968062,3.43920674799665,0.832442903389189,0.505112958942417
1987-11-25,2.18,173.88,5.14,5.14,617.18,0.8406401960366502,658.41,27.06629,750.88,3.17552224503765,2.27054970568104,0.715016154973943,0.219528466253919,0.207214753166224,16.85,1.1541095890411,212.45,3.09468317552804,0,-16.0641,4.11759799833194,1.37608385686463,0.451685660266874,1.30108445697626,0.601283991047423,33.3877563865537,51.0347891166449,14.7976986383577,0.969,3.95608738968062,3.43920674799665,0.832442903389189,0.505112958942417
1987-11-26,0.55,232.37,5.11,5.11,569.04,0.8601899680375026,658.41,27.06629,750.88,3.17552224503765,2.27054970568104,0.715016154973943,0.219528466253919,0.207214753166224,16.85,1.1541095890411,212.45,3.09468317552804,0,-16.0641,4.11759799833194,1.37608385686463,0.451685660266874,1.30108445697626,0.601283991047423,33.3877563865537,51.0347891166449,14.7976986383577,0.969,3.95608738968062,3.43920674799665,0.832442903389189,0.505112958942417
1987-11-27,0.63,109.51,-0.37,-0.37,445.02,0.7852491753675686,658.41,27.06629,750.88,3.17552224503765,2.27054970568104,0.715016154973943,0.219528466253919,0.207214753166224,16.85,1.1541095890411,212.45,3.09468317552804,0,-16.0641,4.11759799833194,1.37608385686463,0.451685660266874,1.30108445697626,0.601283991047423,33.3877563865537,51.0347891166449,14.7976986383577,0.969,3.95608738968062,3.43920674799665,0.832442903389189,0.505112958942417
1987-11-28,6.57,125.47,0.62,0.62,524.83,0.7233415640315363,658.41,27.06629,750.88,3.17552224503765,2.27054970568104,0.715016154973943,0.219528466253919,0.207214753166224,16.85,1.1541095890411,212.45,3.09468317552804,0,-16.0641,4.11759799833194,1.37608385686463,0.451685660266874,1.30108445697626,0.601283991047423,33.3877563865537,51.0347891166449,14.7976986383577,0.969,3.95608738968062,3.43920674799665,0.832442903389189,0.505112958942417
1987-11-29,19.08,108.83,4.07,4.07,663.74,3.5515419134881734,658.41,27.06629,750.88,3.17552224503765,2.27054970568104,0.715016154973943,0.219528466253919,0.207214753166224,16.85,1.1541095890411,212.45,3.09468317552804,0,-16.0641,4.11759799833194,1.37608385686463,0.451685660266874,1.30108445697626,0.601283991047423,33.3877563865537,51.0347891166449,14.7976986383577,0.969,3.95608738968062,3.43920674799665,0.832442903389189,0.505112958942417
1987-11-30,4.65,146.72,3.87,3.87,648.61,4.496447560196037,658.41,27.06629,750.88,3.17552224503765,2.27054970568104,0.715016154973943,0.219528466253919,0.207214753166224,16.85,1.1541095890411,212.45,3.09468317552804,0,-16.0641,4.11759799833194,1.37608385686463,0.451685660266874,1.30108445697626,0.601283991047423,33.3877563865537,51.0347891166449,14.7976986383577,0.969,3.95608738968062,3.43920674799665,0.832442903389189,0.505112958942417
1987-12-01,3.3,74.32,2.43,2.43,592.07,2.7109017174515233,658.41,27.06629,750.88,3.17552224503765,2.27054970568104,0.715016154973943,0.219528466253919,0.207214753166224,16.85,1.1541095890411,212.45,3.09468317552804,0,-16.0641,4.11759799833194,1.37608385686463,0.451685660266874,1.30108445697626,0.601283991047423,33.3877563865537,51.0347891166449,14.7976986383577,0.969,3.95608738968062,3.43920674799665,0.832442903389189,0.505112958942417
1987-12-02,2.21,122.55,-1.25,-1.25,436.7,2.326422868101427,658.41,27.06629,750.88,3.17552224503765,2.27054970568104,0.715016154973943,0.219528466253919,0.207214753166224,16.85,1.1541095890411,212.45,3.09468317552804,0,-16.0641,4.11759799833194,1.37608385686463,0.451685660266874,1.30108445697626,0.601283991047423,33.3877563865537,51.0347891166449,14.7976986383577,0.969,3.95608738968062,3.43920674799665,0.832442903389189,0.505112958942417
1987-12-03,4.8,72.25,-2.54,-2.54,408.94,1.97126867675261,658.41,27.06629,750.88,3.17552224503765,2.27054970568104,0.715016154973943,0.219528466253919,0.207214753166224,16.85,1.1541095890411,212.45,3.09468317552804,0,-16.0641,4.11759799833194,1.37608385686463,0.451685660266874,1.30108445697626,0.601283991047423,33.3877563865537,51.0347891166449,14.7976986383577,0.969,3.95608738968062,3.43920674799665,0.832442903389189,0.505112958942417
1987-12-04,2.43,67.12,-2.81,-2.81,406.81,1.8246453867462178,658.41,27.06629,750.88,3.17552224503765,2.27054970568104,0.715016154973943,0.219528466253919,0.207214753166224,16.85,1.1541095890411,212.45,3.09468317552804,0,-16.0641,4.11759799833194,1.37608385686463,0.451685660266874,1.30108445697626,0.601283991047423,33.3877563865537,51.0347891166449,14.7976986383577,0.969,3.95608738968062,3.43920674799665,0.832442903389189,0.505112958942417
1987-12-05,0.68,125.28,-4.09,-4.09,363.9,1.6030813040698912,658.41,27.06629,750.88,3.17552224503765,2.27054970568104,0.715016154973943,0.219528466253919,0.207214753166224,16.85,1.1541095890411,212.45,3.09468317552804,0,-16.0641,4.11759799833194,1.37608385686463,0.451685660266874,1.30108445697626,0.601283991047423,33.3877563865537,51.0347891166449,14.7976986383577,0.969,3.95608738968062,3.43920674799665,0.832442903389189,0.505112958942417
1987-12-06,0.09,140.79,-3.6,-3.6,364.13,1.4271333560622201,658.41,27.06629,750.88,3.17552224503765,2.27054970568104,0.715016154973943,0.219528466253919,0.207214753166224,16.85,1.1541095890411,212.45,3.09468317552804,0,-16.0641,4.11759799833194,1.37608385686463,0.451685660266874,1.30108445697626,0.601283991047423,33.3877563865537,51.0347891166449,14.7976986383577,0.969,3.95608738968062,3.43920674799665,0.832442903389189,0.505112958942417
1987-12-07,0.0,270.78,-4.63,-4.63,295.66,1.2674768847219262,658.41,27.06629,750.88,3.17552224503765,2.27054970568104,0.715016154973943,0.219528466253919,0.207214753166224,16.85,1.1541095890411,212.45,3.09468317552804,0,-16.0641,4.11759799833194,1.37608385686463,0.451685660266874,1.30108445697626,0.601283991047423,33.3877563865537,51.0347891166449,14.7976986383577,0.969,3.95608738968062,3.43920674799665,0.832442903389189,0.505112958942417
1987-12-08,0.26,209.77,0.26,0.26,417.52,1.2609602940549753,658.41,27.06629,750.88,3.17552224503765,2.27054970568104,0.715016154973943,0.219528466253919,0.207214753166224,16.85,1.1541095890411,212.45,3.09468317552804,0,-16.0641,4.11759799833194,1.37608385686463,0.451685660266874,1.30108445697626,0.601283991047423,33.3877563865537,51.0347891166449,14.7976986383577,0.969,3.95608738968062,3.43920674799665,0.832442903389189,0.505112958942417
1987-12-09,1.06,153.56,4.52,4.52,610.61,1.8050956147453652,658.41,27.06629,750.88,3.17552224503765,2.27054970568104,0.715016154973943,0.219528466253919,0.207214753166224,16.85,1.1541095890411,212.45,3.09468317552804,0,-16.0641,4.11759799833194,1.37608385686463,0.451685660266874,1.30108445697626,0.601283991047423,33.3877563865537,51.0347891166449,14.7976986383577,0.969,3.95608738968062,3.43920674799665,0.832442903389189,0.505112958942417
1987-12-10,0.26,198.61,4.65,4.65,618.71,2.029917992755167,658.41,27.06629,750.88,3.17552224503765,2.27054970568104,0.715016154973943,0.219528466253919,0.207214753166224,16.85,1.1541095890411,212.45,3.09468317552804,0,-16.0641,4.11759799833194,1.37608385686463,0.451685660266874,1.30108445697626,0.601283991047423,33.3877563865537,51.0347891166449,14.7976986383577,0.969,3.95608738968062,3.43920674799665,0.832442903389189,0.505112958942417
1987-12-11,0.22,155.58,2.03,2.03,514.59,1.593306418069465,658.41,27.06629,750.88,3.17552224503765,2.27054970568104,0.715016154973943,0.219528466253919,0.207214753166224,16.85,1.1541095890411,212.45,3.09468317552804,0,-16.0641,4.11759799833194,1.37608385686463,0.451685660266874,1.30108445697626,0.601283991047423,33.3877563865537,51.0347891166449,14.7976986383577,0.969,3.95608738968062,3.43920674799665,0.832442903389189,0.505112958942417
1987-12-12,3.47,137.97,2.33,2.33,535.23,1.5281405113999573,658.41,27.06629,750.88,3.17552224503765,2.27054970568104,0.715016154973943,0.219528466253919,0.207214753166224,16.85,1.1541095890411,212.45,3.09468317552804,0,-16.0641,4.11759799833194,1.37608385686463,0.451685660266874,1.30108445697626,0.601283991047423,33.3877563865537,51.0347891166449,14.7976986383577,0.969,3.95608738968062,3.43920674799665,0.832442903389189,0.505112958942417
1987-12-13,1.26,84.06,0.46,0.46,504.31,1.423875060728745,658.41,27.06629,750.88,3.17552224503765,2.27054970568104,0.715016154973943,0.219528466253919,0.207214753166224,16.85,1.1541095890411,212.45,3.09468317552804,0,-16.0641,4.11759799833194,1.37608385686463,0.451685660266874,1.30108445697626,0.601283991047423,33.3877563865537,51.0347891166449,14.7976986383577,0.969,3.95608738968062,3.43920674799665,0.832442903389189,0.505112958942417
1987-12-14,2.49,36.46,-1.31,-1.31,479.83,1.283768361389303,658.41,27.06629,750.88,3.17552224503765,2.27054970568104,0.715016154973943,0.219528466253919,0.207214753166224,16.85,1.1541095890411,212.45,3.09468317552804,0,-16.0641,4.11759799833194,1.37608385686463,0.451685660266874,1.30108445697626,0.601283991047423,33.3877563865537,51.0347891166449,14.7976986383577,0.969,3.95608738968062,3.43920674799665,0.832442903389189,0.505112958942417
1987-12-15,4.05,95.24,-1.13,-1.13,465.75,1.2968015427232047,658.41,27.06629,750.88,3.17552224503765,2.27054970568104,0.715016154973943,0.219528466253919,0.207214753166224,16.85,1.1541095890411,212.45,3.09468317552804,0,-16.0641,4.11759799833194,1.37608385686463,0.451685660266874,1.30108445697626,0.601283991047423,33.3877563865537,51.0347891166449,14.7976986383577,0.969,3.95608738968062,3.43920674799665,0.832442903389189,0.505112958942417
1987-12-16,2.69,123.17,-1.5,-1.5,420.26,1.3359010867249093,658.41,27.06629,750.88,3.17552224503765,2.27054970568104,0.715016154973943,0.219528466253919,0.207214753166224,16.85,1.1541095890411,212.45,3.09468317552804,0,-16.0641,4.11759799833194,1.37608385686463,0.451685660266874,1.30108445697626,0.601283991047423,33.3877563865537,51.0347891166449,14.7976986383577,0.969,3.95608738968062,3.43920674799665,0.832442903389189,0.505112958942417
1987-12-17,0.71,76.09,-3.76,-3.76,360.29,1.1371450713829108,658.41,27.06629,750.88,3.17552224503765,2.27054970568104,0.715016154973943,0.219528466253919,0.207214753166224,16.85,1.1541095890411,212.45,3.09468317552804,0,-16.0641,4.11759799833194,1.37608385686463,0.451685660266874,1.30108445697626,0.601283991047423,33.3877563865537,51.0347891166449,14.7976986383577,0.969,3.95608738968062,3.43920674799665,0.832442903389189,0.505112958942417
1987-12-18,0.44,169.82,-5.69,-5.69,303.93,1.0133298487108457,658.41,27.06629,750.88,3.17552224503765,2.27054970568104,0.715016154973943,0.219528466253919,0.207214753166224,16.85,1.1541095890411,212.45,3.09468317552804,0,-16.0641,4.11759799833194,1.37608385686463,0.451685660266874,1.30108445697626,0.601283991047423,33.3877563865537,51.0347891166449,14.7976986383577,0.969,3.95608738968062,3.43920674799665,0.832442903389189,0.505112958942417
1987-12-19,6.77,184.67,-4.04,-4.04,353.51,0.9416473513743873,658.41,27.06629,750.88,3.17552224503765,2.27054970568104,0.715016154973943,0.219528466253919,0.207214753166224,16.85,1.1541095890411,212.45,3.09468317552804,0,-16.0641,4.11759799833194,1.37608385686463,0.451685660266874,1.30108445697626,0.601283991047423,33.3877563865537,51.0347891166449,14.7976986383577,0.969,3.95608738968062,3.43920674799665,0.832442903389189,0.505112958942417
1987-12-20,2.66,184.88,1.29,1.29,501.24,1.9745269720860854,658.41,27.06629,750.88,3.17552224503765,2.27054970568104,0.715016154973943,0.219528466253919,0.207214753166224,16.85,1.1541095890411,212.45,3.09468317552804,0,-16.0641,4.11759799833194,1.37608385686463,0.451685660266874,1.30108445697626,0.601283991047423,33.3877563865537,51.0347891166449,14.7976986383577,0.969,3.95608738968062,3.43920674799665,0.832442903389189,0.505112958942417
1987-12-21,0.24,231.94,0.96,0.96,459.11,2.7109017174515233,658.41,27.06629,750.88,3.17552224503765,2.27054970568104,0.715016154973943,0.219528466253919,0.207214753166224,16.85,1.1541095890411,212.45,3.09468317552804,0,-16.0641,4.11759799833194,1.37608385686463,0.451685660266874,1.30108445697626,0.601283991047423,33.3877563865537,51.0347891166449,14.7976986383577,0.969,3.95608738968062,3.43920674799665,0.832442903389189,0.505112958942417
1987-12-22,0.17,202.95,-2.62,-2.62,350.76,1.6747638014063497,658.41,27.06629,750.88,3.17552224503765,2.27054970568104,0.715016154973943,0.219528466253919,0.207214753166224,16.85,1.1541095890411,212.45,3.09468317552804,0,-16.0641,4.11759799833194,1.37608385686463,0.451685660266874,1.30108445697626,0.601283991047423,33.3877563865537,51.0347891166449,14.7976986383577,0.969,3.95608738968062,3.43920674799665,0.832442903389189,0.505112958942417
1987-12-23,0.04,220.36,-2.7,-2.7,364.89,1.5574651694012358,658.41,27.06629,750.88,3.17552224503765,2.27054970568104,0.715016154973943,0.219528466253919,0.207214753166224,16.85,1.1541095890411,212.45,3.09468317552804,0,-16.0641,4.11759799833194,1.37608385686463,0.451685660266874,1.30108445697626,0.601283991047423,33.3877563865537,51.0347891166449,14.7976986383577,0.969,3.95608738968062,3.43920674799665,0.832442903389189,0.505112958942417
1987-12-24,0.31,213.88,-0.81,-0.81,419.54,1.4401665373961219,658.41,27.06629,750.88,3.17552224503765,2.27054970568104,0.715016154973943,0.219528466253919,0.207214753166224,16.85,1.1541095890411,212.45,3.09468317552804,0,-16.0641,4.11759799833194,1.37608385686463,0.451685660266874,1.30108445697626,0.601283991047423,33.3877563865537,51.0347891166449,14.7976986383577,0.969,3.95608738968062,3.43920674799665,0.832442903389189,0.505112958942417
1987-12-25,0.17,204.14,3.64,3.64,557.01,1.5411736927338586,658.41,27.06629,750.88,3.17552224503765,2.27054970568104,0.715016154973943,0.219528466253919,0.207214753166224,16.85,1.1541095890411,212.45,3.09468317552804,0,-16.0641,4.11759799833194,1.37608385686463,0.451685660266874,1.30108445697626,0.601283991047423,33.3877563865537,51.0347891166449,14.7976986383577,0.969,3.95608738968062,3.43920674799665,0.832442903389189,0.505112958942417
1987-12-26,0.04,220.41,1.45,1.45,468.75,1.476007786064351,658.41,27.06629,750.88,3.17552224503765,2.27054970568104,0.715016154973943,0.219528466253919,0.207214753166224,16.85,1.1541095890411,212.45,3.09468317552804,0,-16.0641,4.11759799833194,1.37608385686463,0.451685660266874,1.30108445697626,0.601283991047423,33.3877563865537,51.0347891166449,14.7976986383577,0.969,3.95608738968062,3.43920674799665,0.832442903389189,0.505112958942417
1987-12-27,0.85,205.62,-2.67,-2.67,350.32,1.2577019987215,658.41,27.06629,750.88,3.17552224503765,2.27054970568104,0.715016154973943,0.219528466253919,0.207214753166224,16.85,1.1541095890411,212.45,3.09468317552804,0,-16.0641,4.11759799833194,1.37608385686463,0.451685660266874,1.30108445697626,0.601283991047423,33.3877563865537,51.0347891166449,14.7976986383577,0.969,3.95608738968062,3.43920674799665,0.832442903389189,0.505112958942417
1987-12-28,6.5,141.18,-3.24,-3.24,349.45,1.199052682718943,658.41,27.06629,750.88,3.17552224503765,2.27054970568104,0.715016154973943,0.219528466253919,0.207214753166224,16.85,1.1541095890411,212.45,3.09468317552804,0,-16.0641,4.11759799833194,1.37608385686463,0.451685660266874,1.30108445697626,0.601283991047423,33.3877563865537,51.0347891166449,14.7976986383577,0.969,3.95608738968062,3.43920674799665,0.832442903389189,0.505112958942417
1987-12-29,4.02,200.86,-7.05,-7.05,241.53,1.1664697293841892,658.41,27.06629,750.88,3.17552224503765,2.27054970568104,0.715016154973943,0.219528466253919,0.207214753166224,16.85,1.1541095890411,212.45,3.09468317552804,0,-16.0641,4.11759799833194,1.37608385686463,0.451685660266874,1.30108445697626,0.601283991047423,33.3877563865537,51.0347891166449,14.7976986383577,0.969,3.95608738968062,3.43920674799665,0.832442903389189,0.505112958942417
1987-12-30,0.82,220.72,-11.31,-11.31,160.92,0.9774886000426166,658.41,27.06629,750.88,3.17552224503765,2.27054970568104,0.715016154973943,0.219528466253919,0.207214753166224,16.85,1.1541095890411,212.45,3.09468317552804,0,-16.0641,4.11759799833194,1.37608385686463,0.451685660266874,1.30108445697626,0.601283991047423,33.3877563865537,51.0347891166449,14.7976986383577,0.969,3.95608738968062,3.43920674799665,0.832442903389189,0.505112958942417
1987-12-31,0.1,280.45,-9.08,-9.08,187.53,1.3033181333901556,658.41,27.06629,750.88,3.17552224503765,2.27054970568104,0.715016154973943,0.219528466253919,0.207214753166224,16.85,1.1541095890411,212.45,3.09468317552804,0,-16.0641,4.11759799833194,1.37608385686463,0.451685660266874,1.30108445697626,0.601283991047423,33.3877563865537,51.0347891166449,14.7976986383577,0.969,3.95608738968062,3.43920674799665,0.832442903389189,0.505112958942417
1988-01-01,0.01,278.61,-4.48,-4.48,260.68,1.2381522267206477,658.41,27.06629,750.88,3.17552224503765,2.27054970568104,0.715016154973943,0.219528466253919,0.207214753166224,16.85,1.1541095890411,212.45,3.09468317552804,0,-16.0641,4.11759799833194,1.37608385686463,0.451685660266874,1.30108445697626,0.601283991047423,33.3877563865537,51.0347891166449,14.7976986383577,0.969,3.95608738968062,3.43920674799665,0.832442903389189,0.505112958942417
1988-01-02,0.0,230.39,-5.97,-5.97,250.19,1.0426545067121245,658.41,27.06629,750.88,3.17552224503765,2.27054970568104,0.715016154973943,0.219528466253919,0.207214753166224,16.85,1.1541095890411,212.45,3.09468317552804,0,-16.0641,4.11759799833194,1.37608385686463,0.451685660266874,1.30108445697626,0.601283991047423,33.3877563865537,51.0347891166449,14.7976986383577,0.969,3.95608738968062,3.43920674799665,0.832442903389189,0.505112958942417
1988-01-03,0.0,286.03,-8.14,-8.14,198.5,0.8471567867036011,658.41,27.06629,750.88,3.17552224503765,2.27054970568104,0.715016154973943,0.219528466253919,0.207214753166224,16.85,1.1541095890411,212.45,3.09468317552804,0,-16.0641,4.11759799833194,1.37608385686463,0.451685660266874,1.30108445697626,0.601283991047423,33.3877563865537,51.0347891166449,14.7976986383577,0.969,3.95608738968062,3.43920674799665,0.832442903389189,0.505112958942417
1988-01-04,0.22,217.85,-7.48,-7.48,199.96,0.7819908800340932,658.41,27.06629,750.88,3.17552224503765,2.27054970568104,0.715016154973943,0.219528466253919,0.207214753166224,16.85,1.1541095890411,212.45,3.09468317552804,0,-16.0641,4.11759799833194,1.37608385686463,0.451685660266874,1.30108445697626,0.601283991047423,33.3877563865537,51.0347891166449,14.7976986383577,0.969,3.95608738968062,3.43920674799665,0.832442903389189,0.505112958942417
1988-01-05,0.06,278.43,-11.46,-11.46,141.71,0.58649316002557,658.41,27.06629,750.88,3.17552224503765,2.27054970568104,0.715016154973943,0.219528466253919,0.207214753166224,16.85,1.1541095890411,212.45,3.09468317552804,0,-16.0641,4.11759799833194,1.37608385686463,0.451685660266874,1.30108445697626,0.601283991047423,33.3877563865537,51.0347891166449,14.7976986383577,0.969,3.95608738968062,3.43920674799665,0.832442903389189,0.505112958942417
1988-01-06,0.0,248.43,-15.05,-15.05,112.21,0.58649316002557,658.41,27.06629,750.88,3.17552224503765,2.27054970568104,0.715016154973943,0.219528466253919,0.207214753166224,16.85,1.1541095890411,212.45,3.09468317552804,0,-16.0641,4.11759799833194,1.37608385686463,0.451685660266874,1.30108445697626,0.601283991047423,33.3877563865537,51.0347891166449,14.7976986383577,0.969,3.95608738968062,3.43920674799665,0.832442903389189,0.505112958942417
1988-01-07,0.85,221.39,-15.05,-15.05,114.69,0.6190761133603239,658.41,27.06629,750.88,3.17552224503765,2.27054970568104,0.715016154973943,0.219528466253919,0.207214753166224,16.85,1.1541095890411,212.45,3.09468317552804,0,-16.0641,4.11759799833194,1.37608385686463,0.451685660266874,1.30108445697626,0.601283991047423,33.3877563865537,51.0347891166449,14.7976986383577,0.969,3.95608738968062,3.43920674799665,0.832442903389189,0.505112958942417
1988-01-08,0.65,219.06,-11.84,-11.84,150.16,0.6516590666950778,658.41,27.06629,750.88,3.17552224503765,2.27054970568104,0.715016154973943,0.219528466253919,0.207214753166224,16.85,1.1541095890411,212.45,3.09468317552804,0,-16.0641,4.11759799833194,1.37608385686463,0.451685660266874,1.30108445697626,0.601283991047423,33.3877563865537,51.0347891166449,14.7976986383577,0.969,3.95608738968062,3.43920674799665,0.832442903389189,0.505112958942417
1988-01-09,0.11,251.53,-10.18,-10.18,174.63,0.6190761133603239,658.41,27.06629,750.88,3.17552224503765,2.27054970568104,0.715016154973943,0.219528466253919,0.207214753166224,16.85,1.1541095890411,212.45,3.09468317552804,0,-16.0641,4.11759799833194,1.37608385686463,0.451685660266874,1.30108445697626,0.601283991047423,33.3877563865537,51.0347891166449,14.7976986383577,0.969,3.95608738968062,3.43920674799665,0.832442903389189,0.505112958942417
1988-01-10,0.0,283.35,-11.41,-11.41,147.09,0.553910206690816,658.41,27.06629,750.88,3.17552224503765,2.27054970568104,0.715016154973943,0.219528466253919,0.207214753166224,16.85,1.1541095890411,212.45,3.09468317552804,0,-16.0641,4.11759799833194,1.37608385686463,0.451685660266874,1.30108445697626,0.601283991047423,33.3877563865537,51.0347891166449,14.7976986383577,0.969,3.95608738968062,3.43920674799665,0.832442903389189,0.505112958942417
1988-01-11,0.0,306.02,-12.74,-12.74,110.72,0.45616134668655445,658.41,27.06629,750.88,3.17552224503765,2.27054970568104,0.715016154973943,0.219528466253919,0.207214753166224,16.85,1.1541095890411,212.45,3.09468317552804,0,-16.0641,4.11759799833194,1.37608385686463,0.451685660266874,1.30108445697626,0.601283991047423,33.3877563865537,51.0347891166449,14.7976986383577,0.969,3.95608738968062,3.43920674799665,0.832442903389189,0.505112958942417
1988-01-12,0.11,240.23,-8.35,-8.35,155.45,0.5213272533560622,658.41,27.06629,750.88,3.17552224503765,2.27054970568104,0.715016154973943,0.219528466253919,0.207214753166224,16.85,1.1541095890411,212.45,3.09468317552804,0,-16.0641,4.11759799833194,1.37608385686463,0.451685660266874,1.30108445697626,0.601283991047423,33.3877563865537,51.0347891166449,14.7976986383577,0.969,3.95608738968062,3.43920674799665,0.832442903389189,0.505112958942417
1988-01-13,0.08,263.11,-3.42,-3.42,230.64,0.4887443000213083,658.41,27.06629,750.88,3.17552224503765,2.27054970568104,0.715016154973943,0.219528466253919,0.207214753166224,16.85,1.1541095890411,212.45,3.09468317552804,0,-16.0641,4.11759799833194,1.37608385686463,0.451685660266874,1.30108445697626,0.601283991047423,33.3877563865537,51.0347891166449,14.7976986383577,0.969,3.95608738968062,3.43920674799665,0.832442903389189,0.505112958942417
1988-01-14,0.01,308.46,-12.74,-12.74,111.83,0.45616134668655445,658.41,27.06629,750.88,3.17552224503765,2.27054970568104,0.715016154973943,0.219528466253919,0.207214753166224,16.85,1.1541095890411,212.45,3.09468317552804,0,-16.0641,4.11759799833194,1.37608385686463,0.451685660266874,1.30108445697626,0.601283991047423,33.3877563865537,51.0347891166449,14.7976986383577,0.969,3.95608738968062,3.43920674799665,0.832442903389189,0.505112958942417
1988-01-15,0.0,305.0,-13.97,-13.97,112.03,0.45616134668655445,658.41,27.06629,750.88,3.17552224503765,2.27054970568104,0.715016154973943,0.219528466253919,0.207214753166224,16.85,1.1541095890411,212.45,3.09468317552804,0,-16.0641,4.11759799833194,1.37608385686463,0.451685660266874,1.30108445697626,0.601283991047423,33.3877563865537,51.0347891166449,14.7976986383577,0.969,3.95608738968062,3.43920674799665,0.832442903389189,0.505112958942417
1988-01-16,0.0,307.17,-6.81,-6.81,214.3,0.4887443000213083,658.41,27.06629,750.88,3.17552224503765,2.27054970568104,0.715016154973943,0.219528466253919,0.207214753166224,16.85,1.1541095890411,212.45,3.09468317552804,0,-16.0641,4.11759799833194,1.37608385686463,0.451685660266874,1.30108445697626,0.601283991047423,33.3877563865537,51.0347891166449,14.7976986383577,0.969,3.95608738968062,3.43920674799665,0.832442903389189,0.505112958942417
1988-01-17,0.9,229.72,-0.23,-0.23,390.16,0.553910206690816,658.41,27.06629,750.88,3.17552224503765,2.27054970568104,0.715016154973943,0.219528466253919,0.207214753166224,16.85,1.1541095890411,212.45,3.09468317552804,0,-16.0641,4.11759799833194,1.37608385686463,0.451685660266874,1.30108445697626,0.601283991047423,33.3877563865537,51.0347891166449,14.7976986383577,0.969,3.95608738968062,3.43920674799665,0.832442903389189,0.505112958942417
1988-01-18,3.65,155.79,2.88,2.88,549.83,0.6386258853611761,658.41,27.06629,750.88,3.17552224503765,2.27054970568104,0.715016154973943,0.219528466253919,0.207214753166224,16.85,1.1541095890411,212.45,3.09468317552804,0,-16.0641,4.11759799833194,1.37608385686463,0.451685660266874,1.30108445697626,0.601283991047423,33.3877563865537,51.0347891166449,14.7976986383577,0.969,3.95608738968062,3.43920674799665,0.832442903389189,0.505112958942417
1988-01-19,4.69,154.4,0.08,0.08,479.28,0.6614339526955039,658.41,27.06629,750.88,3.17552224503765,2.27054970568104,0.715016154973943,0.219528466253919,0.207214753166224,16.85,1.1541095890411,212.45,3.09468317552804,0,-16.0641,4.11759799833194,1.37608385686463,0.451685660266874,1.30108445697626,0.601283991047423,33.3877563865537,51.0347891166449,14.7976986383577,0.969,3.95608738968062,3.43920674799665,0.832442903389189,0.505112958942417
1988-01-20,1.37,135.75,0.37,0.37,491.01,0.9188392840400595,658.41,27.06629,750.88,3.17552224503765,2.27054970568104,0.715016154973943,0.219528466253919,0.207214753166224,16.85,1.1541095890411,212.45,3.09468317552804,0,-16.0641,4.11759799833194,1.37608385686463,0.451685660266874,1.30108445697626,0.601283991047423,33.3877563865537,51.0347891166449,14.7976986383577,0.969,3.95608738968062,3.43920674799665,0.832442903389189,0.505112958942417
1988-01-21,0.22,149.5,-0.49,-0.49,434.79,1.0328796207116981,658.41,27.06629,750.88,3.17552224503765,2.27054970568104,0.715016154973943,0.219528466253919,0.207214753166224,16.85,1.1541095890411,212.45,3.09468317552804,0,-16.0641,4.11759799833194,1.37608385686463,0.451685660266874,1.30108445697626,0.601283991047423,33.3877563865537,51.0347891166449,14.7976986383577,0.969,3.95608738968062,3.43920674799665,0.832442903389189,0.505112958942417
1988-01-22,0.19,194.72,-5.12,-5.12,286.42,0.6907586106967823,658.41,27.06629,750.88,3.17552224503765,2.27054970568104,0.715016154973943,0.219528466253919,0.207214753166224,16.85,1.1541095890411,212.45,3.09468317552804,0,-16.0641,4.11759799833194,1.37608385686463,0.451685660266874,1.30108445697626,0.601283991047423,33.3877563865537,51.0347891166449,14.7976986383577,0.969,3.95608738968062,3.43920674799665,0.832442903389189,0.505112958942417
1988-01-23,0.29,225.82,-7.09,-7.09,233.11,0.5669433880247176,658.41,27.06629,750.88,3.17552224503765,2.27054970568104,0.715016154973943,0.219528466253919,0.207214753166224,16.85,1.1541095890411,212.45,3.09468317552804,0,-16.0641,4.11759799833194,1.37608385686463,0.451685660266874,1.30108445697626,0.601283991047423,33.3877563865537,51.0347891166449,14.7976986383577,0.969,3.95608738968062,3.43920674799665,0.832442903389189,0.505112958942417
1988-01-24,0.47,226.66,-4.69,-4.69,274.76,0.5343604346899637,658.41,27.06629,750.88,3.17552224503765,2.27054970568104,0.715016154973943,0.219528466253919,0.207214753166224,16.85,1.1541095890411,212.45,3.09468317552804,0,-16.0641,4.11759799833194,1.37608385686463,0.451685660266874,1.30108445697626,0.601283991047423,33.3877563865537,51.0347891166449,14.7976986383577,0.969,3.95608738968062,3.43920674799665,0.832442903389189,0.505112958942417
1988-01-25,2.43,216.4,-4.15,-4.15,285.57,0.4887443000213083,658.41,27.06629,750.88,3.17552224503765,2.27054970568104,0.715016154973943,0.219528466253919,0.207214753166224,16.85,1.1541095890411,212.45,3.09468317552804,0,-16.0641,4.11759799833194,1.37608385686463,0.451685660266874,1.30108445697626,0.601283991047423,33.3877563865537,51.0347891166449,14.7976986383577,0.969,3.95608738968062,3.43920674799665,0.832442903389189,0.505112958942417
1988-01-26,2.08,202.66,-6.66,-6.66,230.81,0.45616134668655445,658.41,27.06629,750.88,3.17552224503765,2.27054970568104,0.715016154973943,0.219528466253919,0.207214753166224,16.85,1.1541095890411,212.45,3.09468317552804,0,-16.0641,4.11759799833194,1.37608385686463,0.451685660266874,1.30108445697626,0.601283991047423,33.3877563865537,51.0347891166449,14.7976986383577,0.969,3.95608738968062,3.43920674799665,0.832442903389189,0.505112958942417
1988-01-27,0.4,297.54,-13.01,-13.01,128.51,0.35841248668229275,658.41,27.06629,750.88,3.17552224503765,2.27054970568104,0.715016154973943,0.219528466253919,0.207214753166224,16.85,1.1541095890411,212.45,3.09468317552804,0,-16.0641,4.11759799833194,1.37608385686463,0.451685660266874,1.30108445697626,0.601283991047423,33.3877563865537,51.0347891166449,14.7976986383577,0.969,3.95608738968062,3.43920674799665,0.832442903389189,0.505112958942417
1988-01-28,0.01,322.26,-13.65,-13.65,113.38,0.45616134668655445,658.41,27.06629,750.88,3.17552224503765,2.27054970568104,0.715016154973943,0.219528466253919,0.207214753166224,16.85,1.1541095890411,212.45,3.09468317552804,0,-16.0641,4.11759799833194,1.37608385686463,0.451685660266874,1.30108445697626,0.601283991047423,33.3877563865537,51.0347891166449,14.7976986383577,0.969,3.95608738968062,3.43920674799665,0.832442903389189,0.505112958942417
1988-01-29,0.0,341.73,-11.49,-11.49,143.29,0.553910206690816,658.41,27.06629,750.88,3.17552224503765,2.27054970568104,0.715016154973943,0.219528466253919,0.207214753166224,16.85,1.1541095890411,212.45,3.09468317552804,0,-16.0641,4.11759799833194,1.37608385686463,0.451685660266874,1.30108445697626,0.601283991047423,33.3877563865537,51.0347891166449,14.7976986383577,0.969,3.95608738968062,3.43920674799665,0.832442903389189,0.505112958942417
1988-01-30,0.0,342.21,-2.49,-2.49,323.03,0.6190761133603239,658.41,27.06629,750.88,3.17552224503765,2.27054970568104,0.715016154973943,0.219528466253919,0.207214753166224,16.85,1.1541095890411,212.45,3.09468317552804,0,-16.0641,4.11759799833194,1.37608385686463,0.451685660266874,1.30108445697626,0.601283991047423,33.3877563865537,51.0347891166449,14.7976986383577,0.969,3.95608738968062,3.43920674799665,0.832442903389189,0.505112958942417
1988-01-31,1.77,229.12,6.32,6.32,669.41,0.9123226933731089,658.41,27.06629,750.88,3.17552224503765,2.27054970568104,0.715016154973943,0.219528466253919,0.207214753166224,16.85,1.1541095890411,212.45,3.09468317552804,0,-16.0641,4.11759799833194,1.37608385686463,0.451685660266874,1.30108445697626,0.601283991047423,33.3877563865537,51.0347891166449,14.7976986383577,0.969,3.95608738968062,3.43920674799665,0.832442903389189,0.505112958942417
1988-02-01,10.47,149.79,8.59,8.59,801.05,1.8246453867462178,658.41,27.06629,750.88,3.17552224503765,2.27054970568104,0.715016154973943,0.219528466253919,0.207214753166224,16.85,1.1541095890411,212.45,3.09468317552804,0,-16.0641,4.11759799833194,1.37608385686463,0.451685660266874,1.30108445697626,0.601283991047423,33.3877563865537,51.0347891166449,14.7976986383577,0.969,3.95608738968062,3.43920674799665,0.832442903389189,0.505112958942417
1988-02-02,5.29,227.85,3.15,3.15,487.77,4.757111186874067,658.41,27.06629,750.88,3.17552224503765,2.27054970568104,0.715016154973943,0.219528466253919,0.207214753166224,16.85,1.1541095890411,212.45,3.09468317552804,0,-16.0641,4.11759799833194,1.37608385686463,0.451685660266874,1.30108445697626,0.601283991047423,33.3877563865537,51.0347891166449,14.7976986383577,0.969,3.95608738968062,3.43920674799665,0.832442903389189,0.505112958942417
1988-02-03,13.58,223.06,-3.16,-3.16,304.54,2.4534963861069676,658.41,27.06629,750.88,3.17552224503765,2.27054970568104,0.715016154973943,0.219528466253919,0.207214753166224,16.85,1.1541095890411,212.45,3.09468317552804,0,-16.0641,4.11759799833194,1.37608385686463,0.451685660266874,1.30108445697626,0.601283991047423,33.3877563865537,51.0347891166449,14.7976986383577,0.969,3.95608738968062,3.43920674799665,0.832442903389189,0.505112958942417
1988-02-04,4.65,226.2,-5.58,-5.58,249.56,1.9549772000852332,658.41,27.06629,750.88,3.17552224503765,2.27054970568104,0.715016154973943,0.219528466253919,0.207214753166224,16.85,1.1541095890411,212.45,3.09468317552804,0,-16.0641,4.11759799833194,1.37608385686463,0.451685660266874,1.30108445697626,0.601283991047423,33.3877563865537,51.0347891166449,14.7976986383577,0.969,3.95608738968062,3.43920674799665,0.832442903389189,0.505112958942417
1988-02-05,0.88,266.41,-12.25,-12.25,131.69,1.6943135734072021,658.41,27.06629,750.88,3.17552224503765,2.27054970568104,0.715016154973943,0.219528466253919,0.207214753166224,16.85,1.1541095890411,212.45,3.09468317552804,0,-16.0641,4.11759799833194,1.37608385686463,0.451685660266874,1.30108445697626,0.601283991047423,33.3877563865537,51.0347891166449,14.7976986383577,0.969,3.95608738968062,3.43920674799665,0.832442903389189,0.505112958942417
1988-02-06,0.17,299.93,-16.25,-16.25,87.84,1.2381522267206477,658.41,27.06629,750.88,3.17552224503765,2.27054970568104,0.715016154973943,0.219528466253919,0.207214753166224,16.85,1.1541095890411,212.45,3.09468317552804,0,-16.0641,4.11759799833194,1.37608385686463,0.451685660266874,1.30108445697626,0.601283991047423,33.3877563865537,51.0347891166449,14.7976986383577,0.969,3.95608738968062,3.43920674799665,0.832442903389189,0.505112958942417
1988-02-07,2.78,290.28,-17.65,-17.65,81.42,1.140403366716386,658.41,27.06629,750.88,3.17552224503765,2.27054970568104,0.715016154973943,0.219528466253919,0.207214753166224,16.85,1.1541095890411,212.45,3.09468317552804,0,-16.0641,4.11759799833194,1.37608385686463,0.451685660266874,1.30108445697626,0.601283991047423,33.3877563865537,51.0347891166449,14.7976986383577,0.969,3.95608738968062,3.43920674799665,0.832442903389189,0.505112958942417
1988-02-08,0.73,322.48,-11.84,-11.84,137.88,1.0426545067121245,658.41,27.06629,750.88,3.17552224503765,2.27054970568104,0.715016154973943,0.219528466253919,0.207214753166224,16.85,1.1541095890411,212.45,3.09468317552804,0,-16.0641,4.11759799833194,1.37608385686463,0.451685660266874,1.30108445697626,0.601283991047423,33.3877563865537,51.0347891166449,14.7976986383577,0.969,3.95608738968062,3.43920674799665,0.832442903389189,0.505112958942417
1988-02-09,0.3,297.88,-11.55,-11.55,130.51,0.9774886000426166,658.41,27.06629,750.88,3.17552224503765,2.27054970568104,0.715016154973943,0.219528466253919,0.207214753166224,16.85,1.1541095890411,212.45,3.09468317552804,0,-16.0641,4.11759799833194,1.37608385686463,0.451685660266874,1.30108445697626,0.601283991047423,33.3877563865537,51.0347891166449,14.7976986383577,0.969,3.95608738968062,3.43920674799665,0.832442903389189,0.505112958942417
1988-02-10,0.08,345.66,-8.03,-8.03,188.05,0.9449056467078627,658.41,27.06629,750.88,3.17552224503765,2.27054970568104,0.715016154973943,0.219528466253919,0.207214753166224,16.85,1.1541095890411,212.45,3.09468317552804,0,-16.0641,4.11759799833194,1.37608385686463,0.451685660266874,1.30108445697626,0.601283991047423,33.3877563865537,51.0347891166449,14.7976986383577,0.969,3.95608738968062,3.43920674799665,0.832442903389189,0.505112958942417
1988-02-11,4.0,270.0,-6.27,-6.27,232.34,0.9123226933731089,658.41,27.06629,750.88,3.17552224503765,2.27054970568104,0.715016154973943,0.219528466253919,0.207214753166224,16.85,1.1541095890411,212.45,3.09468317552804,0,-16.0641,4.11759799833194,1.37608385686463,0.451685660266874,1.30108445697626,0.601283991047423,33.3877563865537,51.0347891166449,14.7976986383577,0.969,3.95608738968062,3.43920674799665,0.832442903389189,0.505112958942417
1988-02-12,1.45,260.42,-6.52,-6.52,227.55,0.8471567867036011,658.41,27.06629,750.88,3.17552224503765,2.27054970568104,0.715016154973943,0.219528466253919,0.207214753166224,16.85,1.1541095890411,212.45,3.09468317552804,0,-16.0641,4.11759799833194,1.37608385686463,0.451685660266874,1.30108445697626,0.601283991047423,33.3877563865537,51.0347891166449,14.7976986383577,0.969,3.95608738968062,3.43920674799665,0.832442903389189,0.505112958942417
1988-02-13,0.43,226.05,-9.36,-9.36,193.04,0.7168249733645855,658.41,27.06629,750.88,3.17552224503765,2.27054970568104,0.715016154973943,0.219528466253919,0.207214753166224,16.85,1.1541095890411,212.45,3.09468317552804,0,-16.0641,4.11759799833194,1.37608385686463,0.451685660266874,1.30108445697626,0.601283991047423,33.3877563865537,51.0347891166449,14.7976986383577,0.969,3.95608738968062,3.43920674799665,0.832442903389189,0.505112958942417
1988-02-14,2.68,288.23,-9.19,-9.19,200.34,0.6516590666950778,658.41,27.06629,750.88,3.17552224503765,2.27054970568104,0.715016154973943,0.219528466253919,0.207214753166224,16.85,1.1541095890411,212.45,3.09468317552804,0,-16.0641,4.11759799833194,1.37608385686463,0.451685660266874,1.30108445697626,0.601283991047423,33.3877563865537,51.0347891166449,14.7976986383577,0.969,3.95608738968062,3.43920674799665,0.832442903389189,0.505112958942417
1988-02-15,1.06,294.79,-3.48,-3.48,292.09,0.6842420200298316,658.41,27.06629,750.88,3.17552224503765,2.27054970568104,0.715016154973943,0.219528466253919,0.207214753166224,16.85,1.1541095890411,212.45,3.09468317552804,0,-16.0641,4.11759799833194,1.37608385686463,0.451685660266874,1.30108445697626,0.601283991047423,33.3877563865537,51.0347891166449,14.7976986383577,0.969,3.95608738968062,3.43920674799665,0.832442903389189,0.505112958942417
1988-02-16,0.1,356.65,-2.43,-2.43,304.66,0.7168249733645855,658.41,27.06629,750.88,3.17552224503765,2.27054970568104,0.715016154973943,0.219528466253919,0.207214753166224,16.85,1.1541095890411,212.45,3.09468317552804,0,-16.0641,4.11759799833194,1.37608385686463,0.451685660266874,1.30108445697626,0.601283991047423,33.3877563865537,51.0347891166449,14.7976986383577,0.969,3.95608738968062,3.43920674799665,0.832442903389189,0.505112958942417
1988-02-17,0.0,383.48,-3.81,-3.81,269.2,0.7168249733645855,658.41,27.06629,750.88,3.17552224503765,2.27054970568104,0.715016154973943,0.219528466253919,0.207214753166224,16.85,1.1541095890411,212.45,3.09468317552804,0,-16.0641,4.11759799833194,1.37608385686463,0.451685660266874,1.30108445697626,0.601283991047423,33.3877563865537,51.0347891166449,14.7976986383577,0.969,3.95608738968062,3.43920674799665,0.832442903389189,0.505112958942417
1988-02-18,0.6,326.51,-2.45,-2.45,268.61,0.7494079266993394,658.41,27.06629,750.88,3.17552224503765,2.27054970568104,0.715016154973943,0.219528466253919,0.207214753166224,16.85,1.1541095890411,212.45,3.09468317552804,0,-16.0641,4.11759799833194,1.37608385686463,0.451685660266874,1.30108445697626,0.601283991047423,33.3877563865537,51.0347891166449,14.7976986383577,0.969,3.95608738968062,3.43920674799665,0.832442903389189,0.505112958942417
1988-02-19,4.36,313.19,-3.74,-3.74,272.68,0.7819908800340932,658.41,27.06629,750.88,3.17552224503765,2.27054970568104,0.715016154973943,0.219528466253919,0.207214753166224,16.85,1.1541095890411,212.45,3.09468317552804,0,-16.0641,4.11759799833194,1.37608385686463,0.451685660266874,1.30108445697626,0.601283991047423,33.3877563865537,51.0347891166449,14.7976986383577,0.969,3.95608738968062,3.43920674799665,0.832442903389189,0.505112958942417
1988-02-20,1.99,239.33,-0.69,-0.69,362.86,0.7168249733645855,658.41,27.06629,750.88,3.17552224503765,2.27054970568104,0.715016154973943,0.219528466253919,0.207214753166224,16.85,1.1541095890411,212.45,3.09468317552804,0,-16.0641,4.11759799833194,1.37608385686463,0.451685660266874,1.30108445697626,0.601283991047423,33.3877563865537,51.0347891166449,14.7976986383577,0.969,3.95608738968062,3.43920674799665,0.832442903389189,0.505112958942417
1988-02-21,0.3,378.34,-7.73,-7.73,178.39,0.7819908800340932,658.41,27.06629,750.88,3.17552224503765,2.27054970568104,0.715016154973943,0.219528466253919,0.207214753166224,16.85,1.1541095890411,212.45,3.09468317552804,0,-16.0641,4.11759799833194,1.37608385686463,0.451685660266874,1.30108445697626,0.601283991047423,33.3877563865537,51.0347891166449,14.7976986383577,0.969,3.95608738968062,3.43920674799665,0.832442903389189,0.505112958942417
1988-02-22,1.53,334.27,-6.45,-6.45,210.89,0.8145738333688473,658.41,27.06629,750.88,3.17552224503765,2.27054970568104,0.715016154973943,0.219528466253919,0.207214753166224,16.85,1.1541095890411,212.45,3.09468317552804,0,-16.0641,4.11759799833194,1.37608385686463,0.451685660266874,1.30108445697626,0.601283991047423,33.3877563865537,51.0347891166449,14.7976986383577,0.969,3.95608738968062,3.43920674799665,0.832442903389189,0.505112958942417
1988-02-23,1.52,291.4,0.36,0.36,361.92,0.7168249733645855,658.41,27.06629,750.88,3.17552224503765,2.27054970568104,0.715016154973943,0.219528466253919,0.207214753166224,16.85,1.1541095890411,212.45,3.09468317552804,0,-16.0641,4.11759799833194,1.37608385686463,0.451685660266874,1.30108445697626,0.601283991047423,33.3877563865537,51.0347891166449,14.7976986383577,0.969,3.95608738968062,3.43920674799665,0.832442903389189,0.505112958942417
1988-02-24,0.99,320.11,-6.52,-6.52,209.7,0.6516590666950778,658.41,27.06629,750.88,3.17552224503765,2.27054970568104,0.715016154973943,0.219528466253919,0.207214753166224,16.85,1.1541095890411,212.45,3.09468317552804,0,-16.0641,4.11759799833194,1.37608385686463,0.451685660266874,1.30108445697626,0.601283991047423,33.3877563865537,51.0347891166449,14.7976986383577,0.969,3.95608738968062,3.43920674799665,0.832442903389189,0.505112958942417
1988-02-25,0.63,268.79,-8.76,-8.76,184.34,0.58649316002557,658.41,27.06629,750.88,3.17552224503765,2.27054970568104,0.715016154973943,0.219528466253919,0.207214753166224,16.85,1.1541095890411,212.45,3.09468317552804,0,-16.0641,4.11759799833194,1.37608385686463,0.451685660266874,1.30108445697626,0.601283991047423,33.3877563865537,51.0347891166449,14.7976986383577,0.969,3.95608738968062,3.43920674799665,0.832442903389189,0.505112958942417
1988-02-26,1.18,314.21,-10.31,-10.31,174.02,0.58649316002557,658.41,27.06629,750.88,3.17552224503765,2.27054970568104,0.715016154973943,0.219528466253919,0.207214753166224,16.85,1.1541095890411,212.45,3.09468317552804,0,-16.0641,4.11759799833194,1.37608385686463,0.451685660266874,1.30108445697626,0.601283991047423,33.3877563865537,51.0347891166449,14.7976986383577,0.969,3.95608738968062,3.43920674799665,0.832442903389189,0.505112958942417
1988-02-27,0.51,271.05,-6.21,-6.21,230.75,0.553910206690816,658.41,27.06629,750.88,3.17552224503765,2.27054970568104,0.715016154973943,0.219528466253919,0.207214753166224,16.85,1.1541095890411,212.45,3.09468317552804,0,-16.0641,4.11759799833194,1.37608385686463,0.451685660266874,1.30108445697626,0.601283991047423,33.3877563865537,51.0347891166449,14.7976986383577,0.969,3.95608738968062,3.43920674799665,0.832442903389189,0.505112958942417
1988-02-28,0.29,401.94,-8.33,-8.33,177.63,0.58649316002557,658.41,27.06629,750.88,3.17552224503765,2.27054970568104,0.715016154973943,0.219528466253919,0.207214753166224,16.85,1.1541095890411,212.45,3.09468317552804,0,-16.0641,4.11759799833194,1.37608385686463,0.451685660266874,1.30108445697626,0.601283991047423,33.3877563865537,51.0347891166449,14.7976986383577,0.969,3.95608738968062,3.43920674799665,0.832442903389189,0.505112958942417
1988-02-29,0.16,392.05,-6.99,-6.99,198.13,0.5213272533560622,658.41,27.06629,750.88,3.17552224503765,2.27054970568104,0.715016154973943,0.219528466253919,0.207214753166224,16.85,1.1541095890411,212.45,3.09468317552804,0,-16.0641,4.11759799833194,1.37608385686463,0.451685660266874,1.30108445697626,0.601283991047423,33.3877563865537,51.0347891166449,14.7976986383577,0.969,3.95608738968062,3.43920674799665,0.832442903389189,0.505112958942417
1988-03-01,0.03,382.51,-5.65,-5.65,218.64,0.553910206690816,658.41,27.06629,750.88,3.17552224503765,2.27054970568104,0.715016154973943,0.219528466253919,0.207214753166224,16.85,1.1541095890411,212.45,3.09468317552804,0,-16.0641,4.11759799833194,1.37608385686463,0.451685660266874,1.30108445697626,0.601283991047423,33.3877563865537,51.0347891166449,14.7976986383577,0.969,3.95608738968062,3.43920674799665,0.832442903389189,0.505112958942417
1988-03-02,0.6,359.49,-4.74,-4.74,224.68,0.58649316002557,658.41,27.06629,750.88,3.17552224503765,2.27054970568104,0.715016154973943,0.219528466253919,0.207214753166224,16.85,1.1541095890411,212.45,3.09468317552804,0,-16.0641,4.11759799833194,1.37608385686463,0.451685660266874,1.30108445697626,0.601283991047423,33.3877563865537,51.0347891166449,14.7976986383577,0.969,3.95608738968062,3.43920674799665,0.832442903389189,0.505112958942417
1988-03-03,3.79,334.2,0.14,0.14,332.61,0.6516590666950778,658.41,27.06629,750.88,3.17552224503765,2.27054970568104,0.715016154973943,0.219528466253919,0.207214753166224,16.85,1.1541095890411,212.45,3.09468317552804,0,-16.0641,4.11759799833194,1.37608385686463,0.451685660266874,1.30108445697626,0.601283991047423,33.3877563865537,51.0347891166449,14.7976986383577,0.969,3.95608738968062,3.43920674799665,0.832442903389189,0.505112958942417
1988-03-04,1.04,256.73,-3.21,-3.21,291.43,0.6516590666950778,658.41,27.06629,750.88,3.17552224503765,2.27054970568104,0.715016154973943,0.219528466253919,0.207214753166224,16.85,1.1541095890411,212.45,3.09468317552804,0,-16.0641,4.11759799833194,1.37608385686463,0.451685660266874,1.30108445697626,0.601283991047423,33.3877563865537,51.0347891166449,14.7976986383577,0.969,3.95608738968062,3.43920674799665,0.832442903389189,0.505112958942417
1988-03-05,0.02,476.09,-7.99,-7.99,173.39,0.6842420200298316,658.41,27.06629,750.88,3.17552224503765,2.27054970568104,0.715016154973943,0.219528466253919,0.207214753166224,16.85,1.1541095890411,212.45,3.09468317552804,0,-16.0641,4.11759799833194,1.37608385686463,0.451685660266874,1.30108445697626,0.601283991047423,33.3877563865537,51.0347891166449,14.7976986383577,0.969,3.95608738968062,3.43920674799665,0.832442903389189,0.505112958942417
1988-03-06,0.0,478.17,-2.31,-2.31,246.75,0.7494079266993394,658.41,27.06629,750.88,3.17552224503765,2.27054970568104,0.715016154973943,0.219528466253919,0.207214753166224,16.85,1.1541095890411,212.45,3.09468317552804,0,-16.0641,4.11759799833194,1.37608385686463,0.451685660266874,1.30108445697626,0.601283991047423,33.3877563865537,51.0347891166449,14.7976986383577,0.969,3.95608738968062,3.43920674799665,0.832442903389189,0.505112958942417
1988-03-07,0.0,442.01,0.77,0.77,327.31,0.8145738333688473,658.41,27.06629,750.88,3.17552224503765,2.27054970568104,0.715016154973943,0.219528466253919,0.207214753166224,16.85,1.1541095890411,212.45,3.09468317552804,0,-16.0641,4.11759799833194,1.37608385686463,0.451685660266874,1.30108445697626,0.601283991047423,33.3877563865537,51.0347891166449,14.7976986383577,0.969,3.95608738968062,3.43920674799665,0.832442903389189,0.505112958942417
1988-03-08,0.32,382.21,0.18,0.18,335.43,0.8797397400383549,658.41,27.06629,750.88,3.17552224503765,2.27054970568104,0.715016154973943,0.219528466253919,0.207214753166224,16.85,1.1541095890411,212.45,3.09468317552804,0,-16.0641,4.11759799833194,1.37608385686463,0.451685660266874,1.30108445697626,0.601283991047423,33.3877563865537,51.0347891166449,14.7976986383577,0.969,3.95608738968062,3.43920674799665,0.832442903389189,0.505112958942417
1988-03-09,2.38,299.99,4.29,4.29,486.19,2.085309013424249,658.41,27.06629,750.88,3.17552224503765,2.27054970568104,0.715016154973943,0.219528466253919,0.207214753166224,16.85,1.1541095890411,212.45,3.09468317552804,0,-16.0641,4.11759799833194,1.37608385686463,0.451685660266874,1.30108445697626,0.601283991047423,33.3877563865537,51.0347891166449,14.7976986383577,0.969,3.95608738968062,3.43920674799665,0.832442903389189,0.505112958942417
1988-03-10,0.6,422.05,0.08,0.08,351.38,3.258295333475389,658.41,27.06629,750.88,3.17552224503765,2.27054970568104,0.715016154973943,0.219528466253919,0.207214753166224,16.85,1.1541095890411,212.45,3.09468317552804,0,-16.0641,4.11759799833194,1.37608385686463,0.451685660266874,1.30108445697626,0.601283991047423,33.3877563865537,51.0347891166449,14.7976986383577,0.969,3.95608738968062,3.43920674799665,0.832442903389189,0.505112958942417
1988-03-11,0.14,374.35,-1.47,-1.47,303.45,2.1341834434263793,658.41,27.06629,750.88,3.17552224503765,2.27054970568104,0.715016154973943,0.219528466253919,0.207214753166224,16.85,1.1541095890411,212.45,3.09468317552804,0,-16.0641,4.11759799833194,1.37608385686463,0.451685660266874,1.30108445697626,0.601283991047423,33.3877563865537,51.0347891166449,14.7976986383577,0.969,3.95608738968062,3.43920674799665,0.832442903389189,0.505112958942417
1988-03-12,1.2,376.41,1.91,1.91,375.97,2.09834219475815,658.41,27.06629,750.88,3.17552224503765,2.27054970568104,0.715016154973943,0.219528466253919,0.207214753166224,16.85,1.1541095890411,212.45,3.09468317552804,0,-16.0641,4.11759799833194,1.37608385686463,0.451685660266874,1.30108445697626,0.601283991047423,33.3877563865537,51.0347891166449,14.7976986383577,0.969,3.95608738968062,3.43920674799665,0.832442903389189,0.505112958942417
1988-03-13,1.35,349.01,4.51,4.51,454.18,3.176837950138504,658.41,27.06629,750.88,3.17552224503765,2.27054970568104,0.715016154973943,0.219528466253919,0.207214753166224,16.85,1.1541095890411,212.45,3.09468317552804,0,-16.0641,4.11759799833194,1.37608385686463,0.451685660266874,1.30108445697626,0.601283991047423,33.3877563865537,51.0347891166449,14.7976986383577,0.969,3.95608738968062,3.43920674799665,0.832442903389189,0.505112958942417
1988-03-14,0.51,219.21,-1.82,-1.82,334.45,2.398105365437886,658.41,27.06629,750.88,3.17552224503765,2.27054970568104,0.715016154973943,0.219528466253919,0.207214753166224,16.85,1.1541095890411,212.45,3.09468317552804,0,-16.0641,4.11759799833194,1.37608385686463,0.451685660266874,1.30108445697626,0.601283991047423,33.3877563865537,51.0347891166449,14.7976986383577,0.969,3.95608738968062,3.43920674799665,0.832442903389189,0.505112958942417
1988-03-15,0.45,282.79,-7.17,-7.17,232.79,1.9549772000852332,658.41,27.06629,750.88,3.17552224503765,2.27054970568104,0.715016154973943,0.219528466253919,0.207214753166224,16.85,1.1541095890411,212.45,3.09468317552804,0,-16.0641,4.11759799833194,1.37608385686463,0.451685660266874,1.30108445697626,0.601283991047423,33.3877563865537,51.0347891166449,14.7976986383577,0.969,3.95608738968062,3.43920674799665,0.832442903389189,0.505112958942417
1988-03-16,0.44,278.7,-6.11,-6.11,257.24,1.6291476667376945,658.41,27.06629,750.88,3.17552224503765,2.27054970568104,0.715016154973943,0.219528466253919,0.207214753166224,16.85,1.1541095890411,212.45,3.09468317552804,0,-16.0641,4.11759799833194,1.37608385686463,0.451685660266874,1.30108445697626,0.601283991047423,33.3877563865537,51.0347891166449,14.7976986383577,0.969,3.95608738968062,3.43920674799665,0.832442903389189,0.505112958942417
1988-03-17,0.19,300.29,-3.48,-3.48,295.61,1.4662329000639247,658.41,27.06629,750.88,3.17552224503765,2.27054970568104,0.715016154973943,0.219528466253919,0.207214753166224,16.85,1.1541095890411,212.45,3.09468317552804,0,-16.0641,4.11759799833194,1.37608385686463,0.451685660266874,1.30108445697626,0.601283991047423,33.3877563865537,51.0347891166449,14.7976986383577,0.969,3.95608738968062,3.43920674799665,0.832442903389189,0.505112958942417
1988-03-18,1.24,334.66,-4.32,-4.32,271.42,1.3359010867249093,658.41,27.06629,750.88,3.17552224503765,2.27054970568104,0.715016154973943,0.219528466253919,0.207214753166224,16.85,1.1541095890411,212.45,3.09468317552804,0,-16.0641,4.11759799833194,1.37608385686463,0.451685660266874,1.30108445697626,0.601283991047423,33.3877563865537,51.0347891166449,14.7976986383577,0.969,3.95608738968062,3.43920674799665,0.832442903389189,0.505112958942417
1988-03-19,2.25,249.81,-3.28,-3.28,307.95,1.2381522267206477,658.41,27.06629,750.88,3.17552224503765,2.27054970568104,0.715016154973943,0.219528466253919,0.207214753166224,16.85,1.1541095890411,212.45,3.09468317552804,0,-16.0641,4.11759799833194,1.37608385686463,0.451685660266874,1.30108445697626,0.601283991047423,33.3877563865537,51.0347891166449,14.7976986383577,0.969,3.95608738968062,3.43920674799665,0.832442903389189,0.505112958942417
1988-03-20,0.64,309.35,-4.85,-4.85,247.9,1.140403366716386,658.41,27.06629,750.88,3.17552224503765,2.27054970568104,0.715016154973943,0.219528466253919,0.207214753166224,16.85,1.1541095890411,212.45,3.09468317552804,0,-16.0641,4.11759799833194,1.37608385686463,0.451685660266874,1.30108445697626,0.601283991047423,33.3877563865537,51.0347891166449,14.7976986383577,0.969,3.95608738968062,3.43920674799665,0.832442903389189,0.505112958942417
1988-03-21,0.03,506.79,-10.25,-10.25,135.5,0.9449056467078627,658.41,27.06629,750.88,3.17552224503765,2.27054970568104,0.715016154973943,0.219528466253919,0.207214753166224,16.85,1.1541095890411,212.45,3.09468317552804,0,-16.0641,4.11759799833194,1.37608385686463,0.451685660266874,1.30108445697626,0.601283991047423,33.3877563865537,51.0347891166449,14.7976986383577,0.969,3.95608738968062,3.43920674799665,0.832442903389189,0.505112958942417
1988-03-22,0.0,529.6,-9.98,-9.98,146.77,0.8797397400383549,658.41,27.06629,750.88,3.17552224503765,2.27054970568104,0.715016154973943,0.219528466253919,0.207214753166224,16.85,1.1541095890411,212.45,3.09468317552804,0,-16.0641,4.11759799833194,1.37608385686463,0.451685660266874,1.30108445697626,0.601283991047423,33.3877563865537,51.0347891166449,14.7976986383577,0.969,3.95608738968062,3.43920674799665,0.832442903389189,0.505112958942417
1988-03-23,0.35,413.18,-0.15,-0.15,337.1,0.9123226933731089,658.41,27.06629,750.88,3.17552224503765,2.27054970568104,0.715016154973943,0.219528466253919,0.207214753166224,16.85,1.1541095890411,212.45,3.09468317552804,0,-16.0641,4.11759799833194,1.37608385686463,0.451685660266874,1.30108445697626,0.601283991047423,33.3877563865537,51.0347891166449,14.7976986383577,0.969,3.95608738968062,3.43920674799665,0.832442903389189,0.505112958942417
1988-03-24,3.57,369.83,7.65,7.65,589.66,1.417358470061794,658.41,27.06629,750.88,3.17552224503765,2.27054970568104,0.715016154973943,0.219528466253919,0.207214753166224,16.85,1.1541095890411,212.45,3.09468317552804,0,-16.0641,4.11759799833194,1.37608385686463,0.451685660266874,1.30108445697626,0.601283991047423,33.3877563865537,51.0347891166449,14.7976986383577,0.969,3.95608738968062,3.43920674799665,0.832442903389189,0.505112958942417
1988-03-25,13.59,398.86,8.99,8.99,615.77,2.290581619433198,658.41,27.06629,750.88,3.17552224503765,2.27054970568104,0.715016154973943,0.219528466253919,0.207214753166224,16.85,1.1541095890411,212.45,3.09468317552804,0,-16.0641,4.11759799833194,1.37608385686463,0.451685660266874,1.30108445697626,0.601283991047423,33.3877563865537,51.0347891166449,14.7976986383577,0.969,3.95608738968062,3.43920674799665,0.832442903389189,0.505112958942417
1988-03-26,9.99,388.37,10.5,10.5,651.29,9.97038372043469,658.41,27.06629,750.88,3.17552224503765,2.27054970568104,0.715016154973943,0.219528466253919,0.207214753166224,16.85,1.1541095890411,212.45,3.09468317552804,0,-16.0641,4.11759799833194,1.37608385686463,0.451685660266874,1.30108445697626,0.601283991047423,33.3877563865537,51.0347891166449,14.7976986383577,0.969,3.95608738968062,3.43920674799665,0.832442903389189,0.505112958942417
1988-03-27,3.1,406.74,6.33,6.33,475.32,8.178321287023225,658.41,27.06629,750.88,3.17552224503765,2.27054970568104,0.715016154973943,0.219528466253919,0.207214753166224,16.85,1.1541095890411,212.45,3.09468317552804,0,-16.0641,4.11759799833194,1.37608385686463,0.451685660266874,1.30108445697626,0.601283991047423,33.3877563865537,51.0347891166449,14.7976986383577,0.969,3.95608738968062,3.43920674799665,0.832442903389189,0.505112958942417
1988-03-28,0.36,422.84,2.71,2.71,435.6,4.561613466865544,658.41,27.06629,750.88,3.17552224503765,2.27054970568104,0.715016154973943,0.219528466253919,0.207214753166224,16.85,1.1541095890411,212.45,3.09468317552804,0,-16.0641,4.11759799833194,1.37608385686463,0.451685660266874,1.30108445697626,0.601283991047423,33.3877563865537,51.0347891166449,14.7976986383577,0.969,3.95608738968062,3.43920674799665,0.832442903389189,0.505112958942417
1988-03-29,0.0,525.58,7.5,7.5,574.42,3.486376006818666,658.41,27.06629,750.88,3.17552224503765,2.27054970568104,0.715016154973943,0.219528466253919,0.207214753166224,16.85,1.1541095890411,212.45,3.09468317552804,0,-16.0641,4.11759799833194,1.37608385686463,0.451685660266874,1.30108445697626,0.601283991047423,33.3877563865537,51.0347891166449,14.7976986383577,0.969,3.95608738968062,3.43920674799665,0.832442903389189,0.505112958942417
1988-03-30,0.0,510.09,12.53,12.53,680.87,2.7630344427871294,658.41,27.06629,750.88,3.17552224503765,2.27054970568104,0.715016154973943,0.219528466253919,0.207214753166224,16.85,1.1541095890411,212.45,3.09468317552804,0,-16.0641,4.11759799833194,1.37608385686463,0.451685660266874,1.30108445697626,0.601283991047423,33.3877563865537,51.0347891166449,14.7976986383577,0.969,3.95608738968062,3.43920674799665,0.832442903389189,0.505112958942417
1988-03-31,2.54,420.81,6.32,6.32,469.82,2.2742901427658215,658.41,27.06629,750.88,3.17552224503765,2.27054970568104,0.715016154973943,0.219528466253919,0.207214753166224,16.85,1.1541095890411,212.45,3.09468317552804,0,-16.0641,4.11759799833194,1.37608385686463,0.451685660266874,1.30108445697626,0.601283991047423,33.3877563865537,51.0347891166449,14.7976986383577,0.969,3.95608738968062,3.43920674799665,0.832442903389189,0.505112958942417
1988-04-01,2.01,357.84,7.73,7.73,649.67,2.238448894097592,658.41,27.06629,750.88,3.17552224503765,2.27054970568104,0.715016154973943,0.219528466253919,0.207214753166224,16.85,1.1541095890411,212.45,3.09468317552804,0,-16.0641,4.11759799833194,1.37608385686463,0.451685660266874,1.30108445697626,0.601283991047423,33.3877563865537,51.0347891166449,14.7976986383577,0.969,3.95608738968062,3.43920674799665,0.832442903389189,0.505112958942417
1988-04-02,5.79,310.26,10.48,10.48,850.87,2.0755341274238224,658.41,27.06629,750.88,3.17552224503765,2.27054970568104,0.715016154973943,0.219528466253919,0.207214753166224,16.85,1.1541095890411,212.45,3.09468317552804,0,-16.0641,4.11759799833194,1.37608385686463,0.451685660266874,1.30108445697626,0.601283991047423,33.3877563865537,51.0347891166449,14.7976986383577,0.969,3.95608738968062,3.43920674799665,0.832442903389189,0.505112958942417
1988-04-03,13.82,367.03,12.86,12.86,906.01,2.147216624760281,658.41,27.06629,750.88,3.17552224503765,2.27054970568104,0.715016154973943,0.219528466253919,0.207214753166224,16.85,1.1541095890411,212.45,3.09468317552804,0,-16.0641,4.11759799833194,1.37608385686463,0.451685660266874,1.30108445697626,0.601283991047423,33.3877563865537,51.0347891166449,14.7976986383577,0.969,3.95608738968062,3.43920674799665,0.832442903389189,0.505112958942417
1988-04-04,3.39,418.22,12.4,12.4,897.78,6.7120883869593,658.41,27.06629,750.88,3.17552224503765,2.27054970568104,0.715016154973943,0.219528466253919,0.207214753166224,16.85,1.1541095890411,212.45,3.09468317552804,0,-16.0641,4.11759799833194,1.37608385686463,0.451685660266874,1.30108445697626,0.601283991047423,33.3877563865537,51.0347891166449,14.7976986383577,0.969,3.95608738968062,3.43920674799665,0.832442903389189,0.505112958942417
1988-04-05,0.16,374.44,12.93,12.93,903.59,3.3886271468144042,658.41,27.06629,750.88,3.17552224503765,2.27054970568104,0.715016154973943,0.219528466253919,0.207214753166224,16.85,1.1541095890411,212.45,3.09468317552804,0,-16.0641,4.11759799833194,1.37608385686463,0.451685660266874,1.30108445697626,0.601283991047423,33.3877563865537,51.0347891166449,14.7976986383577,0.969,3.95608738968062,3.43920674799665,0.832442903389189,0.505112958942417
1988-04-06,0.51,370.43,12.8,12.8,855.76,2.6848353547837203,658.41,27.06629,750.88,3.17552224503765,2.27054970568104,0.715016154973943,0.219528466253919,0.207214753166224,16.85,1.1541095890411,212.45,3.09468317552804,0,-16.0641,4.11759799833194,1.37608385686463,0.451685660266874,1.30108445697626,0.601283991047423,33.3877563865537,51.0347891166449,14.7976986383577,0.969,3.95608738968062,3.43920674799665,0.832442903389189,0.505112958942417
1988-04-07,1.27,332.94,11.21,11.21,783.97,2.365522412103132,658.41,27.06629,750.88,3.17552224503765,2.27054970568104,0.715016154973943,0.219528466253919,0.207214753166224,16.85,1.1541095890411,212.45,3.09468317552804,0,-16.0641,4.11759799833194,1.37608385686463,0.451685660266874,1.30108445697626,0.601283991047423,33.3877563865537,51.0347891166449,14.7976986383577,0.969,3.95608738968062,3.43920674799665,0.832442903389189,0.505112958942417
1988-04-08,0.86,342.11,6.32,6.32,578.72,2.117891966759003,658.41,27.06629,750.88,3.17552224503765,2.27054970568104,0.715016154973943,0.219528466253919,0.207214753166224,16.85,1.1541095890411,212.45,3.09468317552804,0,-16.0641,4.11759799833194,1.37608385686463,0.451685660266874,1.30108445697626,0.601283991047423,33.3877563865537,51.0347891166449,14.7976986383577,0.969,3.95608738968062,3.43920674799665,0.832442903389189,0.505112958942417
1988-04-09,0.15,300.45,1.66,1.66,453.37,1.9321691327509054,658.41,27.06629,750.88,3.17552224503765,2.27054970568104,0.715016154973943,0.219528466253919,0.207214753166224,16.85,1.1541095890411,212.45,3.09468317552804,0,-16.0641,4.11759799833194,1.37608385686463,0.451685660266874,1.30108445697626,0.601283991047423,33.3877563865537,51.0347891166449,14.7976986383577,0.969,3.95608738968062,3.43920674799665,0.832442903389189,0.505112958942417
1988-04-10,0.0,523.48,1.31,1.31,364.39,1.6617306200724482,658.41,27.06629,750.88,3.17552224503765,2.27054970568104,0.715016154973943,0.219528466253919,0.207214753166224,16.85,1.1541095890411,212.45,3.09468317552804,0,-16.0641,4.11759799833194,1.37608385686463,0.451685660266874,1.30108445697626,0.601283991047423,33.3877563865537,51.0347891166449,14.7976986383577,0.969,3.95608738968062,3.43920674799665,0.832442903389189,0.505112958942417
1988-04-11,0.0,541.57,3.58,3.58,376.99,1.4434248327295973,658.41,27.06629,750.88,3.17552224503765,2.27054970568104,0.715016154973943,0.219528466253919,0.207214753166224,16.85,1.1541095890411,212.45,3.09468317552804,0,-16.0641,4.11759799833194,1.37608385686463,0.451685660266874,1.30108445697626,0.601283991047423,33.3877563865537,51.0347891166449,14.7976986383577,0.969,3.95608738968062,3.43920674799665,0.832442903389189,0.505112958942417
1988-04-12,0.0,538.1,5.25,5.25,437.41,1.2805100660558277,658.41,27.06629,750.88,3.17552224503765,2.27054970568104,0.715016154973943,0.219528466253919,0.207214753166224,16.85,1.1541095890411,212.45,3.09468317552804,0,-16.0641,4.11759799833194,1.37608385686463,0.451685660266874,1.30108445697626,0.601283991047423,33.3877563865537,51.0347891166449,14.7976986383577,0.969,3.95608738968062,3.43920674799665,0.832442903389189,0.505112958942417
1988-04-13,0.25,399.68,6.62,6.62,544.99,1.1599531387172384,658.41,27.06629,750.88,3.17552224503765,2.27054970568104,0.715016154973943,0.219528466253919,0.207214753166224,16.85,1.1541095890411,212.45,3.09468317552804,0,-16.0641,4.11759799833194,1.37608385686463,0.451685660266874,1.30108445697626,0.601283991047423,33.3877563865537,51.0347891166449,14.7976986383577,0.969,3.95608738968062,3.43920674799665,0.832442903389189,0.505112958942417
1988-04-14,0.64,353.15,7.13,7.13,587.68,1.0622042787129766,658.41,27.06629,750.88,3.17552224503765,2.27054970568104,0.715016154973943,0.219528466253919,0.207214753166224,16.85,1.1541095890411,212.45,3.09468317552804,0,-16.0641,4.11759799833194,1.37608385686463,0.451685660266874,1.30108445697626,0.601283991047423,33.3877563865537,51.0347891166449,14.7976986383577,0.969,3.95608738968062,3.43920674799665,0.832442903389189,0.505112958942417
1988-04-15,0.56,374.71,3.74,3.74,449.42,1.049171097379075,658.41,27.06629,750.88,3.17552224503765,2.27054970568104,0.715016154973943,0.219528466253919,0.207214753166224,16.85,1.1541095890411,212.45,3.09468317552804,0,-16.0641,4.11759799833194,1.37608385686463,0.451685660266874,1.30108445697626,0.601283991047423,33.3877563865537,51.0347891166449,14.7976986383577,0.969,3.95608738968062,3.43920674799665,0.832442903389189,0.505112958942417
1988-04-16,0.11,405.92,0.05,0.05,381.91,0.9611971233752395,658.41,27.06629,750.88,3.17552224503765,2.27054970568104,0.715016154973943,0.219528466253919,0.207214753166224,16.85,1.1541095890411,212.45,3.09468317552804,0,-16.0641,4.11759799833194,1.37608385686463,0.451685660266874,1.30108445697626,0.601283991047423,33.3877563865537,51.0347891166449,14.7976986383577,0.969,3.95608738968062,3.43920674799665,0.832442903389189,0.505112958942417
1988-04-17,1.51,407.37,3.46,3.46,440.96,0.8862563307053057,658.41,27.06629,750.88,3.17552224503765,2.27054970568104,0.715016154973943,0.219528466253919,0.207214753166224,16.85,1.1541095890411,212.45,3.09468317552804,0,-16.0641,4.11759799833194,1.37608385686463,0.451685660266874,1.30108445697626,0.601283991047423,33.3877563865537,51.0347891166449,14.7976986383577,0.969,3.95608738968062,3.43920674799665,0.832442903389189,0.505112958942417
1988-04-18,0.41,483.82,6.25,6.25,480.52,0.8667065587044533,658.41,27.06629,750.88,3.17552224503765,2.27054970568104,0.715016154973943,0.219528466253919,0.207214753166224,16.85,1.1541095890411,212.45,3.09468317552804,0,-16.0641,4.11759799833194,1.37608385686463,0.451685660266874,1.30108445697626,0.601283991047423,33.3877563865537,51.0347891166449,14.7976986383577,0.969,3.95608738968062,3.43920674799665,0.832442903389189,0.505112958942417
1988-04-19,0.01,511.99,0.33,0.33,335.38,0.7982823567014702,658.41,27.06629,750.88,3.17552224503765,2.27054970568104,0.715016154973943,0.219528466253919,0.207214753166224,16.85,1.1541095890411,212.45,3.09468317552804,0,-16.0641,4.11759799833194,1.37608385686463,0.451685660266874,1.30108445697626,0.601283991047423,33.3877563865537,51.0347891166449,14.7976986383577,0.969,3.95608738968062,3.43920674799665,0.832442903389189,0.505112958942417
1988-04-20,0.41,391.51,1.68,1.68,392.37,0.7037917920306839,658.41,27.06629,750.88,3.17552224503765,2.27054970568104,0.715016154973943,0.219528466253919,0.207214753166224,16.85,1.1541095890411,212.45,3.09468317552804,0,-16.0641,4.11759799833194,1.37608385686463,0.451685660266874,1.30108445697626,0.601283991047423,33.3877563865537,51.0347891166449,14.7976986383577,0.969,3.95608738968062,3.43920674799665,0.832442903389189,0.505112958942417
1988-04-21,0.35,417.14,3.41,3.41,449.21,0.6809837246963562,658.41,27.06629,750.88,3.17552224503765,2.27054970568104,0.715016154973943,0.219528466253919,0.207214753166224,16.85,1.1541095890411,212.45,3.09468317552804,0,-16.0641,4.11759799833194,1.37608385686463,0.451685660266874,1.30108445697626,0.601283991047423,33.3877563865537,51.0347891166449,14.7976986383577,0.969,3.95608738968062,3.43920674799665,0.832442903389189,0.505112958942417
1988-04-22,4.53,417.73,1.47,1.47,371.12,0.6321092946942254,658.41,27.06629,750.88,3.17552224503765,2.27054970568104,0.715016154973943,0.219528466253919,0.207214753166224,16.85,1.1541095890411,212.45,3.09468317552804,0,-16.0641,4.11759799833194,1.37608385686463,0.451685660266874,1.30108445697626,0.601283991047423,33.3877563865537,51.0347891166449,14.7976986383577,0.969,3.95608738968062,3.43920674799665,0.832442903389189,0.505112958942417
1988-04-23,13.53,429.46,3.6,3.6,427.57,0.8308653100362241,658.41,27.06629,750.88,3.17552224503765,2.27054970568104,0.715016154973943,0.219528466253919,0.207214753166224,16.85,1.1541095890411,212.45,3.09468317552804,0,-16.0641,4.11759799833194,1.37608385686463,0.451685660266874,1.30108445697626,0.601283991047423,33.3877563865537,51.0347891166449,14.7976986383577,0.969,3.95608738968062,3.43920674799665,0.832442903389189,0.505112958942417
1988-04-24,3.44,384.11,5.71,5.71,532.57,2.1016004900916254,658.41,27.06629,750.88,3.17552224503765,2.27054970568104,0.715016154973943,0.219528466253919,0.207214753166224,16.85,1.1541095890411,212.45,3.09468317552804,0,-16.0641,4.11759799833194,1.37608385686463,0.451685660266874,1.30108445697626,0.601283991047423,33.3877563865537,51.0347891166449,14.7976986383577,0.969,3.95608738968062,3.43920674799665,0.832442903389189,0.505112958942417
1988-04-25,0.05,517.66,3.25,3.25,430.47,1.2088275687193692,658.41,27.06629,750.88,3.17552224503765,2.27054970568104,0.715016154973943,0.219528466253919,0.207214753166224,16.85,1.1541095890411,212.45,3.09468317552804,0,-16.0641,4.11759799833194,1.37608385686463,0.451685660266874,1.30108445697626,0.601283991047423,33.3877563865537,51.0347891166449,14.7976986383577,0.969,3.95608738968062,3.43920674799665,0.832442903389189,0.505112958942417
1988-04-26,0.77,446.67,4.81,4.81,425.49,1.0133298487108457,658.41,27.06629,750.88,3.17552224503765,2.27054970568104,0.715016154973943,0.219528466253919,0.207214753166224,16.85,1.1541095890411,212.45,3.09468317552804,0,-16.0641,4.11759799833194,1.37608385686463,0.451685660266874,1.30108445697626,0.601283991047423,33.3877563865537,51.0347891166449,14.7976986383577,0.969,3.95608738968062,3.43920674799665,0.832442903389189,0.505112958942417
1988-04-27,3.6,425.73,7.22,7.22,490.66,0.9677137140421904,658.41,27.06629,750.88,3.17552224503765,2.27054970568104,0.715016154973943,0.219528466253919,0.207214753166224,16.85,1.1541095890411,212.45,3.09468317552804,0,-16.0641,4.11759799833194,1.37608385686463,0.451685660266874,1.30108445697626,0.601283991047423,33.3877563865537,51.0347891166449,14.7976986383577,0.969,3.95608738968062,3.43920674799665,0.832442903389189,0.505112958942417
1988-04-28,6.44,374.47,4.35,4.35,486.25,1.1045621180481566,658.41,27.06629,750.88,3.17552224503765,2.27054970568104,0.715016154973943,0.219528466253919,0.207214753166224,16.85,1.1541095890411,212.45,3.09468317552804,0,-16.0641,4.11759799833194,1.37608385686463,0.451685660266874,1.30108445697626,0.601283991047423,33.3877563865537,51.0347891166449,14.7976986383577,0.969,3.95608738968062,3.43920674799665,0.832442903389189,0.505112958942417
1988-04-29,8.03,226.61,2.84,2.84,562.0,1.6128561900703173,658.41,27.06629,750.88,3.17552224503765,2.27054970568104,0.715016154973943,0.219528466253919,0.207214753166224,16.85,1.1541095890411,212.45,3.09468317552804,0,-16.0641,4.11759799833194,1.37608385686463,0.451685660266874,1.30108445697626,0.601283991047423,33.3877563865537,51.0347891166449,14.7976986383577,0.969,3.95608738968062,3.43920674799665,0.832442903389189,0.505112958942417
1988-04-30,1.9,174.04,3.93,3.93,623.35,2.339456049435329,658.41,27.06629,750.88,3.17552224503765,2.27054970568104,0.715016154973943,0.219528466253919,0.207214753166224,16.85,1.1541095890411,212.45,3.09468317552804,0,-16.0641,4.11759799833194,1.37608385686463,0.451685660266874,1.30108445697626,0.601283991047423,33.3877563865537,51.0347891166449,14.7976986383577,0.969,3.95608738968062,3.43920674799665,0.832442903389189,0.505112958942417
1988-05-01,0.04,541.78,4.53,4.53,492.19,1.6226310760707434,658.41,27.06629,750.88,3.17552224503765,2.27054970568104,0.715016154973943,0.219528466253919,0.207214753166224,16.85,1.1541095890411,212.45,3.09468317552804,0,-16.0641,4.11759799833194,1.37608385686463,0.451685660266874,1.30108445697626,0.601283991047423,33.3877563865537,51.0347891166449,14.7976986383577,0.969,3.95608738968062,3.43920674799665,0.832442903389189,0.505112958942417
1988-05-02,0.0,542.38,5.31,5.31,461.43,1.4043252887278925,658.41,27.06629,750.88,3.17552224503765,2.27054970568104,0.715016154973943,0.219528466253919,0.207214753166224,16.85,1.1541095890411,212.45,3.09468317552804,0,-16.0641,4.11759799833194,1.37608385686463,0.451685660266874,1.30108445697626,0.601283991047423,33.3877563865537,51.0347891166449,14.7976986383577,0.969,3.95608738968062,3.43920674799665,0.832442903389189,0.505112958942417
1988-05-03,0.0,550.64,4.27,4.27,441.21,1.2870266567227786,658.41,27.06629,750.88,3.17552224503765,2.27054970568104,0.715016154973943,0.219528466253919,0.207214753166224,16.85,1.1541095890411,212.45,3.09468317552804,0,-16.0641,4.11759799833194,1.37608385686463,0.451685660266874,1.30108445697626,0.601283991047423,33.3877563865537,51.0347891166449,14.7976986383577,0.969,3.95608738968062,3.43920674799665,0.832442903389189,0.505112958942417
1988-05-04,1.24,426.36,7.1,7.1,581.23,1.1925360920519923,658.41,27.06629,750.88,3.17552224503765,2.27054970568104,0.715016154973943,0.219528466253919,0.207214753166224,16.85,1.1541095890411,212.45,3.09468317552804,0,-16.0641,4.11759799833194,1.37608385686463,0.451685660266874,1.30108445697626,0.601283991047423,33.3877563865537,51.0347891166449,14.7976986383577,0.969,3.95608738968062,3.43920674799665,0.832442903389189,0.505112958942417
1988-05-05,4.06,341.4,11.2,11.2,837.13,1.1534365480502875,658.41,27.06629,750.88,3.17552224503765,2.27054970568104,0.715016154973943,0.219528466253919,0.207214753166224,16.85,1.1541095890411,212.45,3.09468317552804,0,-16.0641,4.11759799833194,1.37608385686463,0.451685660266874,1.30108445697626,0.601283991047423,33.3877563865537,51.0347891166449,14.7976986383577,0.969,3.95608738968062,3.43920674799665,0.832442903389189,0.505112958942417
1988-05-06,1.37,353.9,12.33,12.33,843.84,1.283768361389303,658.41,27.06629,750.88,3.17552224503765,2.27054970568104,0.715016154973943,0.219528466253919,0.207214753166224,16.85,1.1541095890411,212.45,3.09468317552804,0,-16.0641,4.11759799833194,1.37608385686463,0.451685660266874,1.30108445697626,0.601283991047423,33.3877563865537,51.0347891166449,14.7976986383577,0.969,3.95608738968062,3.43920674799665,0.832442903389189,0.505112958942417
1988-05-07,0.1,580.26,9.97,9.97,573.94,1.0556876880460258,658.41,27.06629,750.88,3.17552224503765,2.27054970568104,0.715016154973943,0.219528466253919,0.207214753166224,16.85,1.1541095890411,212.45,3.09468317552804,0,-16.0641,4.11759799833194,1.37608385686463,0.451685660266874,1.30108445697626,0.601283991047423,33.3877563865537,51.0347891166449,14.7976986383577,0.969,3.95608738968062,3.43920674799665,0.832442903389189,0.505112958942417
1988-05-08,0.82,449.95,10.95,10.95,629.3,0.9025478073726826,658.41,27.06629,750.88,3.17552224503765,2.27054970568104,0.715016154973943,0.219528466253919,0.207214753166224,16.85,1.1541095890411,212.45,3.09468317552804,0,-16.0641,4.11759799833194,1.37608385686463,0.451685660266874,1.30108445697626,0.601283991047423,33.3877563865537,51.0347891166449,14.7976986383577,0.969,3.95608738968062,3.43920674799665,0.832442903389189,0.505112958942417
1988-05-09,4.5,395.63,15.4,15.4,939.79,0.8341236053696995,658.41,27.06629,750.88,3.17552224503765,2.27054970568104,0.715016154973943,0.219528466253919,0.207214753166224,16.85,1.1541095890411,212.45,3.09468317552804,0,-16.0641,4.11759799833194,1.37608385686463,0.451685660266874,1.30108445697626,0.601283991047423,33.3877563865537,51.0347891166449,14.7976986383577,0.969,3.95608738968062,3.43920674799665,0.832442903389189,0.505112958942417
1988-05-10,2.2,364.56,15.0,15.0,961.33,0.9579388280417642,658.41,27.06629,750.88,3.17552224503765,2.27054970568104,0.715016154973943,0.219528466253919,0.207214753166224,16.85,1.1541095890411,212.45,3.09468317552804,0,-16.0641,4.11759799833194,1.37608385686463,0.451685660266874,1.30108445697626,0.601283991047423,33.3877563865537,51.0347891166449,14.7976986383577,0.969,3.95608738968062,3.43920674799665,0.832442903389189,0.505112958942417
1988-05-11,0.29,445.73,10.45,10.45,715.24,0.8895146260387811,658.41,27.06629,750.88,3.17552224503765,2.27054970568104,0.715016154973943,0.219528466253919,0.207214753166224,16.85,1.1541095890411,212.45,3.09468317552804,0,-16.0641,4.11759799833194,1.37608385686463,0.451685660266874,1.30108445697626,0.601283991047423,33.3877563865537,51.0347891166449,14.7976986383577,0.969,3.95608738968062,3.43920674799665,0.832442903389189,0.505112958942417
1988-05-12,1.08,447.62,8.44,8.44,559.27,0.772215994033667,658.41,27.06629,750.88,3.17552224503765,2.27054970568104,0.715016154973943,0.219528466253919,0.207214753166224,16.85,1.1541095890411,212.45,3.09468317552804,0,-16.0641,4.11759799833194,1.37608385686463,0.451685660266874,1.30108445697626,0.601283991047423,33.3877563865537,51.0347891166449,14.7976986383577,0.969,3.95608738968062,3.43920674799665,0.832442903389189,0.505112958942417
1988-05-13,2.01,432.83,12.11,12.11,636.26,0.7037917920306839,658.41,27.06629,750.88,3.17552224503765,2.27054970568104,0.715016154973943,0.219528466253919,0.207214753166224,16.85,1.1541095890411,212.45,3.09468317552804,0,-16.0641,4.11759799833194,1.37608385686463,0.451685660266874,1.30108445697626,0.601283991047423,33.3877563865537,51.0347891166449,14.7976986383577,0.969,3.95608738968062,3.43920674799665,0.832442903389189,0.505112958942417
1988-05-14,0.45,585.34,9.77,9.77,532.73,0.7070500873641594,658.41,27.06629,750.88,3.17552224503765,2.27054970568104,0.715016154973943,0.219528466253919,0.207214753166224,16.85,1.1541095890411,212.45,3.09468317552804,0,-16.0641,4.11759799833194,1.37608385686463,0.451685660266874,1.30108445697626,0.601283991047423,33.3877563865537,51.0347891166449,14.7976986383577,0.969,3.95608738968062,3.43920674799665,0.832442903389189,0.505112958942417
1988-05-15,5.72,439.69,11.73,11.73,700.79,0.62885099936075,658.41,27.06629,750.88,3.17552224503765,2.27054970568104,0.715016154973943,0.219528466253919,0.207214753166224,16.85,1.1541095890411,212.45,3.09468317552804,0,-16.0641,4.11759799833194,1.37608385686463,0.451685660266874,1.30108445697626,0.601283991047423,33.3877563865537,51.0347891166449,14.7976986383577,0.969,3.95608738968062,3.43920674799665,0.832442903389189,0.505112958942417
1988-05-16,4.77,387.09,16.31,16.31,997.24,0.9188392840400595,658.41,27.06629,750.88,3.17552224503765,2.27054970568104,0.715016154973943,0.219528466253919,0.207214753166224,16.85,1.1541095890411,212.45,3.09468317552804,0,-16.0641,4.11759799833194,1.37608385686463,0.451685660266874,1.30108445697626,0.601283991047423,33.3877563865537,51.0347891166449,14.7976986383577,0.969,3.95608738968062,3.43920674799665,0.832442903389189,0.505112958942417
1988-05-17,3.35,367.29,13.28,13.28,940.21,1.1208535947155336,658.41,27.06629,750.88,3.17552224503765,2.27054970568104,0.715016154973943,0.219528466253919,0.207214753166224,16.85,1.1541095890411,212.45,3.09468317552804,0,-16.0641,4.11759799833194,1.37608385686463,0.451685660266874,1.30108445697626,0.601283991047423,33.3877563865537,51.0347891166449,14.7976986383577,0.969,3.95608738968062,3.43920674799665,0.832442903389189,0.505112958942417
1988-05-18,19.64,253.94,12.88,12.88,1035.29,1.0133298487108457,658.41,27.06629,750.88,3.17552224503765,2.27054970568104,0.715016154973943,0.219528466253919,0.207214753166224,16.85,1.1541095890411,212.45,3.09468317552804,0,-16.0641,4.11759799833194,1.37608385686463,0.451685660266874,1.30108445697626,0.601283991047423,33.3877563865537,51.0347891166449,14.7976986383577,0.969,3.95608738968062,3.43920674799665,0.832442903389189,0.505112958942417
1988-05-19,14.48,302.7,12.5,12.5,1023.51,6.190761133603239,658.41,27.06629,750.88,3.17552224503765,2.27054970568104,0.715016154973943,0.219528466253919,0.207214753166224,16.85,1.1541095890411,212.45,3.09468317552804,0,-16.0641,4.11759799833194,1.37608385686463,0.451685660266874,1.30108445697626,0.601283991047423,33.3877563865537,51.0347891166449,14.7976986383577,0.969,3.95608738968062,3.43920674799665,0.832442903389189,0.505112958942417
1988-05-20,5.51,334.44,14.16,14.16,1072.14,5.050357766886853,658.41,27.06629,750.88,3.17552224503765,2.27054970568104,0.715016154973943,0.219528466253919,0.207214753166224,16.85,1.1541095890411,212.45,3.09468317552804,0,-16.0641,4.11759799833194,1.37608385686463,0.451685660266874,1.30108445697626,0.601283991047423,33.3877563865537,51.0347891166449,14.7976986383577,0.969,3.95608738968062,3.43920674799665,0.832442903389189,0.505112958942417
1988-05-21,6.06,352.61,14.29,14.29,1070.18,4.496447560196037,658.41,27.06629,750.88,3.17552224503765,2.27054970568104,0.715016154973943,0.219528466253919,0.207214753166224,16.85,1.1541095890411,212.45,3.09468317552804,0,-16.0641,4.11759799833194,1.37608385686463,0.451685660266874,1.30108445697626,0.601283991047423,33.3877563865537,51.0347891166449,14.7976986383577,0.969,3.95608738968062,3.43920674799665,0.832442903389189,0.505112958942417
1988-05-22,2.43,364.64,15.66,15.66,1141.33,4.333532793522267,658.41,27.06629,750.88,3.17552224503765,2.27054970568104,0.715016154973943,0.219528466253919,0.207214753166224,16.85,1.1541095890411,212.45,3.09468317552804,0,-16.0641,4.11759799833194,1.37608385686463,0.451685660266874,1.30108445697626,0.601283991047423,33.3877563865537,51.0347891166449,14.7976986383577,0.969,3.95608738968062,3.43920674799665,0.832442903389189,0.505112958942417
1988-05-23,4.06,400.26,17.42,17.42,1160.58,2.84775012145749,658.41,27.06629,750.88,3.17552224503765,2.27054970568104,0.715016154973943,0.219528466253919,0.207214753166224,16.85,1.1541095890411,212.45,3.09468317552804,0,-16.0641,4.11759799833194,1.37608385686463,0.451685660266874,1.30108445697626,0.601283991047423,33.3877563865537,51.0347891166449,14.7976986383577,0.969,3.95608738968062,3.43920674799665,0.832442903389189,0.505112958942417
1988-05-24,1.33,372.45,16.19,16.19,1035.4,2.8868496654591946,658.41,27.06629,750.88,3.17552224503765,2.27054970568104,0.715016154973943,0.219528466253919,0.207214753166224,16.85,1.1541095890411,212.45,3.09468317552804,0,-16.0641,4.11759799833194,1.37608385686463,0.451685660266874,1.30108445697626,0.601283991047423,33.3877563865537,51.0347891166449,14.7976986383577,0.969,3.95608738968062,3.43920674799665,0.832442903389189,0.505112958942417
1988-05-25,0.1,448.42,8.39,8.39,654.89,2.3329394587683785,658.41,27.06629,750.88,3.17552224503765,2.27054970568104,0.715016154973943,0.219528466253919,0.207214753166224,16.85,1.1541095890411,212.45,3.09468317552804,0,-16.0641,4.11759799833194,1.37608385686463,0.451685660266874,1.30108445697626,0.601283991047423,33.3877563865537,51.0347891166449,14.7976986383577,0.969,3.95608738968062,3.43920674799665,0.832442903389189,0.505112958942417
1988-05-26,0.0,582.57,7.17,7.17,555.44,1.922394246750479,658.41,27.06629,750.88,3.17552224503765,2.27054970568104,0.715016154973943,0.219528466253919,0.207214753166224,16.85,1.1541095890411,212.45,3.09468317552804,0,-16.0641,4.11759799833194,1.37608385686463,0.451685660266874,1.30108445697626,0.601283991047423,33.3877563865537,51.0347891166449,14.7976986383577,0.969,3.95608738968062,3.43920674799665,0.832442903389189,0.505112958942417
1988-05-27,0.0,581.38,11.99,11.99,714.52,1.5639817600681865,658.41,27.06629,750.88,3.17552224503765,2.27054970568104,0.715016154973943,0.219528466253919,0.207214753166224,16.85,1.1541095890411,212.45,3.09468317552804,0,-16.0641,4.11759799833194,1.37608385686463,0.451685660266874,1.30108445697626,0.601283991047423,33.3877563865537,51.0347891166449,14.7976986383577,0.969,3.95608738968062,3.43920674799665,0.832442903389189,0.505112958942417
1988-05-28,0.0,579.12,15.35,15.35,824.16,1.316351314724057,658.41,27.06629,750.88,3.17552224503765,2.27054970568104,0.715016154973943,0.219528466253919,0.207214753166224,16.85,1.1541095890411,212.45,3.09468317552804,0,-16.0641,4.11759799833194,1.37608385686463,0.451685660266874,1.30108445697626,0.601283991047423,33.3877563865537,51.0347891166449,14.7976986383577,0.969,3.95608738968062,3.43920674799665,0.832442903389189,0.505112958942417
1988-05-29,0.0,580.73,15.7,15.7,844.84,1.140403366716386,658.41,27.06629,750.88,3.17552224503765,2.27054970568104,0.715016154973943,0.219528466253919,0.207214753166224,16.85,1.1541095890411,212.45,3.09468317552804,0,-16.0641,4.11759799833194,1.37608385686463,0.451685660266874,1.30108445697626,0.601283991047423,33.3877563865537,51.0347891166449,14.7976986383577,0.969,3.95608738968062,3.43920674799665,0.832442903389189,0.505112958942417
1988-05-30,0.0,575.53,17.48,17.48,956.84,0.9774886000426166,658.41,27.06629,750.88,3.17552224503765,2.27054970568104,0.715016154973943,0.219528466253919,0.207214753166224,16.85,1.1541095890411,212.45,3.09468317552804,0,-16.0641,4.11759799833194,1.37608385686463,0.451685660266874,1.30108445697626,0.601283991047423,33.3877563865537,51.0347891166449,14.7976986383577,0.969,3.95608738968062,3.43920674799665,0.832442903389189,0.505112958942417
1988-05-31,0.52,430.73,18.34,18.34,1090.78,0.8373819007031749,658.41,27.06629,750.88,3.17552224503765,2.27054970568104,0.715016154973943,0.219528466253919,0.207214753166224,16.85,1.1541095890411,212.45,3.09468317552804,0,-16.0641,4.11759799833194,1.37608385686463,0.451685660266874,1.30108445697626,0.601283991047423,33.3877563865537,51.0347891166449,14.7976986383577,0.969,3.95608738968062,3.43920674799665,0.832442903389189,0.505112958942417
1988-06-01,4.95,409.92,17.94,17.94,1033.08,0.7363747453654379,658.41,27.06629,750.88,3.17552224503765,2.27054970568104,0.715016154973943,0.219528466253919,0.207214753166224,16.85,1.1541095890411,212.45,3.09468317552804,0,-16.0641,4.11759799833194,1.37608385686463,0.451685660266874,1.30108445697626,0.601283991047423,33.3877563865537,51.0347891166449,14.7976986383577,0.969,3.95608738968062,3.43920674799665,0.832442903389189,0.505112958942417
1988-06-02,6.7,445.48,13.6,13.6,713.16,0.7819908800340932,658.41,27.06629,750.88,3.17552224503765,2.27054970568104,0.715016154973943,0.219528466253919,0.207214753166224,16.85,1.1541095890411,212.45,3.09468317552804,0,-16.0641,4.11759799833194,1.37608385686463,0.451685660266874,1.30108445697626,0.601283991047423,33.3877563865537,51.0347891166449,14.7976986383577,0.969,3.95608738968062,3.43920674799665,0.832442903389189,0.505112958942417
1988-06-03,4.0,427.07,12.01,12.01,688.14,0.7428913360323885,658.41,27.06629,750.88,3.17552224503765,2.27054970568104,0.715016154973943,0.219528466253919,0.207214753166224,16.85,1.1541095890411,212.45,3.09468317552804,0,-16.0641,4.11759799833194,1.37608385686463,0.451685660266874,1.30108445697626,0.601283991047423,33.3877563865537,51.0347891166449,14.7976986383577,0.969,3.95608738968062,3.43920674799665,0.832442903389189,0.505112958942417
1988-06-04,0.74,523.44,7.95,7.95,601.71,0.7624411080332409,658.41,27.06629,750.88,3.17552224503765,2.27054970568104,0.715016154973943,0.219528466253919,0.207214753166224,16.85,1.1541095890411,212.45,3.09468317552804,0,-16.0641,4.11759799833194,1.37608385686463,0.451685660266874,1.30108445697626,0.601283991047423,33.3877563865537,51.0347891166449,14.7976986383577,0.969,3.95608738968062,3.43920674799665,0.832442903389189,0.505112958942417
1988-06-05,0.24,503.33,10.57,10.57,729.99,0.6093012273598977,658.41,27.06629,750.88,3.17552224503765,2.27054970568104,0.715016154973943,0.219528466253919,0.207214753166224,16.85,1.1541095890411,212.45,3.09468317552804,0,-16.0641,4.11759799833194,1.37608385686463,0.451685660266874,1.30108445697626,0.601283991047423,33.3877563865537,51.0347891166449,14.7976986383577,0.969,3.95608738968062,3.43920674799665,0.832442903389189,0.505112958942417
1988-06-06,1.21,409.19,15.1,15.1,977.15,0.5017774813552098,658.41,27.06629,750.88,3.17552224503765,2.27054970568104,0.715016154973943,0.219528466253919,0.207214753166224,16.85,1.1541095890411,212.45,3.09468317552804,0,-16.0641,4.11759799833194,1.37608385686463,0.451685660266874,1.30108445697626,0.601283991047423,33.3877563865537,51.0347891166449,14.7976986383577,0.969,3.95608738968062,3.43920674799665,0.832442903389189,0.505112958942417
1988-06-07,2.74,382.06,15.14,15.14,990.81,0.4594196420200298,658.41,27.06629,750.88,3.17552224503765,2.27054970568104,0.715016154973943,0.219528466253919,0.207214753166224,16.85,1.1541095890411,212.45,3.09468317552804,0,-16.0641,4.11759799833194,1.37608385686463,0.451685660266874,1.30108445697626,0.601283991047423,33.3877563865537,51.0347891166449,14.7976986383577,0.969,3.95608738968062,3.43920674799665,0.832442903389189,0.505112958942417
1988-06-08,1.18,381.01,11.62,11.62,801.45,0.46593623268698053,658.41,27.06629,750.88,3.17552224503765,2.27054970568104,0.715016154973943,0.219528466253919,0.207214753166224,16.85,1.1541095890411,212.45,3.09468317552804,0,-16.0641,4.11759799833194,1.37608385686463,0.451685660266874,1.30108445697626,0.601283991047423,33.3877563865537,51.0347891166449,14.7976986383577,0.969,3.95608738968062,3.43920674799665,0.832442903389189,0.505112958942417
1988-06-09,0.18,499.0,8.76,8.76,629.86,0.43986987001917743,658.41,27.06629,750.88,3.17552224503765,2.27054970568104,0.715016154973943,0.219528466253919,0.207214753166224,16.85,1.1541095890411,212.45,3.09468317552804,0,-16.0641,4.11759799833194,1.37608385686463,0.451685660266874,1.30108445697626,0.601283991047423,33.3877563865537,51.0347891166449,14.7976986383577,0.969,3.95608738968062,3.43920674799665,0.832442903389189,0.505112958942417
1988-06-10,0.01,584.43,6.74,6.74,512.61,0.3877371446835713,658.41,27.06629,750.88,3.17552224503765,2.27054970568104,0.715016154973943,0.219528466253919,0.207214753166224,16.85,1.1541095890411,212.45,3.09468317552804,0,-16.0641,4.11759799833194,1.37608385686463,0.451685660266874,1.30108445697626,0.601283991047423,33.3877563865537,51.0347891166449,14.7976986383577,0.969,3.95608738968062,3.43920674799665,0.832442903389189,0.505112958942417
1988-06-11,0.0,590.06,10.26,10.26,640.74,0.35515419134881737,658.41,27.06629,750.88,3.17552224503765,2.27054970568104,0.715016154973943,0.219528466253919,0.207214753166224,16.85,1.1541095890411,212.45,3.09468317552804,0,-16.0641,4.11759799833194,1.37608385686463,0.451685660266874,1.30108445697626,0.601283991047423,33.3877563865537,51.0347891166449,14.7976986383577,0.969,3.95608738968062,3.43920674799665,0.832442903389189,0.505112958942417
1988-06-12,0.0,576.22,15.16,15.16,849.57,0.3193129426805881,658.41,27.06629,750.88,3.17552224503765,2.27054970568104,0.715016154973943,0.219528466253919,0.207214753166224,16.85,1.1541095890411,212.45,3.09468317552804,0,-16.0641,4.11759799833194,1.37608385686463,0.451685660266874,1.30108445697626,0.601283991047423,33.3877563865537,51.0347891166449,14.7976986383577,0.969,3.95608738968062,3.43920674799665,0.832442903389189,0.505112958942417
1988-06-13,0.0,574.63,17.48,17.48,970.26,0.293246580012785,658.41,27.06629,750.88,3.17552224503765,2.27054970568104,0.715016154973943,0.219528466253919,0.207214753166224,16.85,1.1541095890411,212.45,3.09468317552804,0,-16.0641,4.11759799833194,1.37608385686463,0.451685660266874,1.30108445697626,0.601283991047423,33.3877563865537,51.0347891166449,14.7976986383577,0.969,3.95608738968062,3.43920674799665,0.832442903389189,0.505112958942417
1988-06-14,0.0,566.97,19.8,19.8,1134.54,0.27043851267845725,658.41,27.06629,750.88,3.17552224503765,2.27054970568104,0.715016154973943,0.219528466253919,0.207214753166224,16.85,1.1541095890411,212.45,3.09468317552804,0,-16.0641,4.11759799833194,1.37608385686463,0.451685660266874,1.30108445697626,0.601283991047423,33.3877563865537,51.0347891166449,14.7976986383577,0.969,3.95608738968062,3.43920674799665,0.832442903389189,0.505112958942417
1988-06-15,0.9,419.04,20.93,20.93,1275.68,0.2508887406776049,658.41,27.06629,750.88,3.17552224503765,2.27054970568104,0.715016154973943,0.219528466253919,0.207214753166224,16.85,1.1541095890411,212.45,3.09468317552804,0,-16.0641,4.11759799833194,1.37608385686463,0.451685660266874,1.30108445697626,0.601283991047423,33.3877563865537,51.0347891166449,14.7976986383577,0.969,3.95608738968062,3.43920674799665,0.832442903389189,0.505112958942417
1988-06-16,2.18,405.62,19.36,19.36,1178.41,0.24763044534412954,658.41,27.06629,750.88,3.17552224503765,2.27054970568104,0.715016154973943,0.219528466253919,0.207214753166224,16.85,1.1541095890411,212.45,3.09468317552804,0,-16.0641,4.11759799833194,1.37608385686463,0.451685660266874,1.30108445697626,0.601283991047423,33.3877563865537,51.0347891166449,14.7976986383577,0.969,3.95608738968062,3.43920674799665,0.832442903389189,0.505112958942417
1988-06-17,0.51,515.07,15.62,15.62,955.25,0.2606636266780311,658.41,27.06629,750.88,3.17552224503765,2.27054970568104,0.715016154973943,0.219528466253919,0.207214753166224,16.85,1.1541095890411,212.45,3.09468317552804,0,-16.0641,4.11759799833194,1.37608385686463,0.451685660266874,1.30108445697626,0.601283991047423,33.3877563865537,51.0347891166449,14.7976986383577,0.969,3.95608738968062,3.43920674799665,0.832442903389189,0.505112958942417
1988-06-18,0.0,571.16,14.46,14.46,832.31,0.2313389686767526,658.41,27.06629,750.88,3.17552224503765,2.27054970568104,0.715016154973943,0.219528466253919,0.207214753166224,16.85,1.1541095890411,212.45,3.09468317552804,0,-16.0641,4.11759799833194,1.37608385686463,0.451685660266874,1.30108445697626,0.601283991047423,33.3877563865537,51.0347891166449,14.7976986383577,0.969,3.95608738968062,3.43920674799665,0.832442903389189,0.505112958942417
1988-06-19,1.04,532.24,15.93,15.93,889.18,0.21178919667590027,658.41,27.06629,750.88,3.17552224503765,2.27054970568104,0.715016154973943,0.219528466253919,0.207214753166224,16.85,1.1541095890411,212.45,3.09468317552804,0,-16.0641,4.11759799833194,1.37608385686463,0.451685660266874,1.30108445697626,0.601283991047423,33.3877563865537,51.0347891166449,14.7976986383577,0.969,3.95608738968062,3.43920674799665,0.832442903389189,0.505112958942417
1988-06-20,0.5,466.87,18.57,18.57,1078.49,0.19875601534199872,658.41,27.06629,750.88,3.17552224503765,2.27054970568104,0.715016154973943,0.219528466253919,0.207214753166224,16.85,1.1541095890411,212.45,3.09468317552804,0,-16.0641,4.11759799833194,1.37608385686463,0.451685660266874,1.30108445697626,0.601283991047423,33.3877563865537,51.0347891166449,14.7976986383577,0.969,3.95608738968062,3.43920674799665,0.832442903389189,0.505112958942417
1988-06-21,0.09,455.55,20.48,20.48,1282.27,0.18572283400809714,658.41,27.06629,750.88,3.17552224503765,2.27054970568104,0.715016154973943,0.219528466253919,0.207214753166224,16.85,1.1541095890411,212.45,3.09468317552804,0,-16.0641,4.11759799833194,1.37608385686463,0.451685660266874,1.30108445697626,0.601283991047423,33.3877563865537,51.0347891166449,14.7976986383577,0.969,3.95608738968062,3.43920674799665,0.832442903389189,0.505112958942417
1988-06-22,7.6,399.32,21.3,21.3,1415.51,0.17920624334114638,658.41,27.06629,750.88,3.17552224503765,2.27054970568104,0.715016154973943,0.219528466253919,0.207214753166224,16.85,1.1541095890411,212.45,3.09468317552804,0,-16.0641,4.11759799833194,1.37608385686463,0.451685660266874,1.30108445697626,0.601283991047423,33.3877563865537,51.0347891166449,14.7976986383577,0.969,3.95608738968062,3.43920674799665,0.832442903389189,0.505112958942417
1988-06-23,2.27,479.42,22.15,22.15,1376.83,0.25414703601108035,658.41,27.06629,750.88,3.17552224503765,2.27054970568104,0.715016154973943,0.219528466253919,0.207214753166224,16.85,1.1541095890411,212.45,3.09468317552804,0,-16.0641,4.11759799833194,1.37608385686463,0.451685660266874,1.30108445697626,0.601283991047423,33.3877563865537,51.0347891166449,14.7976986383577,0.969,3.95608738968062,3.43920674799665,0.832442903389189,0.505112958942417
1988-06-24,0.07,566.72,15.67,15.67,931.99,0.22482237800980182,658.41,27.06629,750.88,3.17552224503765,2.27054970568104,0.715016154973943,0.219528466253919,0.207214753166224,16.85,1.1541095890411,212.45,3.09468317552804,0,-16.0641,4.11759799833194,1.37608385686463,0.451685660266874,1.30108445697626,0.601283991047423,33.3877563865537,51.0347891166449,14.7976986383577,0.969,3.95608738968062,3.43920674799665,0.832442903389189,0.505112958942417
1988-06-25,0.6,422.19,18.39,18.39,1108.7,0.18246453867462176,658.41,27.06629,750.88,3.17552224503765,2.27054970568104,0.715016154973943,0.219528466253919,0.207214753166224,16.85,1.1541095890411,212.45,3.09468317552804,0,-16.0641,4.11759799833194,1.37608385686463,0.451685660266874,1.30108445697626,0.601283991047423,33.3877563865537,51.0347891166449,14.7976986383577,0.969,3.95608738968062,3.43920674799665,0.832442903389189,0.505112958942417
1988-06-26,0.29,421.18,19.7,19.7,1115.39,0.1726896526741956,658.41,27.06629,750.88,3.17552224503765,2.27054970568104,0.715016154973943,0.219528466253919,0.207214753166224,16.85,1.1541095890411,212.45,3.09468317552804,0,-16.0641,4.11759799833194,1.37608385686463,0.451685660266874,1.30108445697626,0.601283991047423,33.3877563865537,51.0347891166449,14.7976986383577,0.969,3.95608738968062,3.43920674799665,0.832442903389189,0.505112958942417
1988-06-27,0.27,399.13,13.66,13.66,850.97,0.1726896526741956,658.41,27.06629,750.88,3.17552224503765,2.27054970568104,0.715016154973943,0.219528466253919,0.207214753166224,16.85,1.1541095890411,212.45,3.09468317552804,0,-16.0641,4.11759799833194,1.37608385686463,0.451685660266874,1.30108445697626,0.601283991047423,33.3877563865537,51.0347891166449,14.7976986383577,0.969,3.95608738968062,3.43920674799665,0.832442903389189,0.505112958942417
1988-06-28,0.6,429.55,12.83,12.83,773.45,0.16617306200724483,658.41,27.06629,750.88,3.17552224503765,2.27054970568104,0.715016154973943,0.219528466253919,0.207214753166224,16.85,1.1541095890411,212.45,3.09468317552804,0,-16.0641,4.11759799833194,1.37608385686463,0.451685660266874,1.30108445697626,0.601283991047423,33.3877563865537,51.0347891166449,14.7976986383577,0.969,3.95608738968062,3.43920674799665,0.832442903389189,0.505112958942417
1988-06-29,0.65,401.1,12.72,12.72,811.92,0.15313988067334328,658.41,27.06629,750.88,3.17552224503765,2.27054970568104,0.715016154973943,0.219528466253919,0.207214753166224,16.85,1.1541095890411,212.45,3.09468317552804,0,-16.0641,4.11759799833194,1.37608385686463,0.451685660266874,1.30108445697626,0.601283991047423,33.3877563865537,51.0347891166449,14.7976986383577,0.969,3.95608738968062,3.43920674799665,0.832442903389189,0.505112958942417
1988-06-30,0.86,335.91,11.01,11.01,830.18,0.14988158533986787,658.41,27.06629,750.88,3.17552224503765,2.27054970568104,0.715016154973943,0.219528466253919,0.207214753166224,16.85,1.1541095890411,212.45,3.09468317552804,0,-16.0641,4.11759799833194,1.37608385686463,0.451685660266874,1.30108445697626,0.601283991047423,33.3877563865537,51.0347891166449,14.7976986383577,0.969,3.95608738968062,3.43920674799665,0.832442903389189,0.505112958942417
1988-07-01,1.09,300.62,10.24,10.24,852.56,0.14988158533986787,658.41,27.06629,750.88,3.17552224503765,2.27054970568104,0.715016154973943,0.219528466253919,0.207214753166224,16.85,1.1541095890411,212.45,3.09468317552804,0,-16.0641,4.11759799833194,1.37608385686463,0.451685660266874,1.30108445697626,0.601283991047423,33.3877563865537,51.0347891166449,14.7976986383577,0.969,3.95608738968062,3.43920674799665,0.832442903389189,0.505112958942417
1988-07-02,0.24,512.93,13.2,13.2,886.27,0.15639817600681866,658.41,27.06629,750.88,3.17552224503765,2.27054970568104,0.715016154973943,0.219528466253919,0.207214753166224,16.85,1.1541095890411,212.45,3.09468317552804,0,-16.0641,4.11759799833194,1.37608385686463,0.451685660266874,1.30108445697626,0.601283991047423,33.3877563865537,51.0347891166449,14.7976986383577,0.969,3.95608738968062,3.43920674799665,0.832442903389189,0.505112958942417
1988-07-03,0.0,543.42,16.11,16.11,948.77,0.1433649946729171,658.41,27.06629,750.88,3.17552224503765,2.27054970568104,0.715016154973943,0.219528466253919,0.207214753166224,16.85,1.1541095890411,212.45,3.09468317552804,0,-16.0641,4.11759799833194,1.37608385686463,0.451685660266874,1.30108445697626,0.601283991047423,33.3877563865537,51.0347891166449,14.7976986383577,0.969,3.95608738968062,3.43920674799665,0.832442903389189,0.505112958942417
1988-07-04,0.0,566.88,18.68,18.68,1025.8,0.13359010867249094,658.41,27.06629,750.88,3.17552224503765,2.27054970568104,0.715016154973943,0.219528466253919,0.207214753166224,16.85,1.1541095890411,212.45,3.09468317552804,0,-16.0641,4.11759799833194,1.37608385686463,0.451685660266874,1.30108445697626,0.601283991047423,33.3877563865537,51.0347891166449,14.7976986383577,0.969,3.95608738968062,3.43920674799665,0.832442903389189,0.505112958942417
1988-07-05,0.0,554.05,20.98,20.98,1146.81,0.12707351800554018,658.41,27.06629,750.88,3.17552224503765,2.27054970568104,0.715016154973943,0.219528466253919,0.207214753166224,16.85,1.1541095890411,212.45,3.09468317552804,0,-16.0641,4.11759799833194,1.37608385686463,0.451685660266874,1.30108445697626,0.601283991047423,33.3877563865537,51.0347891166449,14.7976986383577,0.969,3.95608738968062,3.43920674799665,0.832442903389189,0.505112958942417
1988-07-06,0.0,563.1,21.5,21.5,1156.5,0.11729863200511399,658.41,27.06629,750.88,3.17552224503765,2.27054970568104,0.715016154973943,0.219528466253919,0.207214753166224,16.85,1.1541095890411,212.45,3.09468317552804,0,-16.0641,4.11759799833194,1.37608385686463,0.451685660266874,1.30108445697626,0.601283991047423,33.3877563865537,51.0347891166449,14.7976986383577,0.969,3.95608738968062,3.43920674799665,0.832442903389189,0.505112958942417
1988-07-07,0.0,557.35,22.64,22.64,1238.13,0.11404033667163861,658.41,27.06629,750.88,3.17552224503765,2.27054970568104,0.715016154973943,0.219528466253919,0.207214753166224,16.85,1.1541095890411,212.45,3.09468317552804,0,-16.0641,4.11759799833194,1.37608385686463,0.451685660266874,1.30108445697626,0.601283991047423,33.3877563865537,51.0347891166449,14.7976986383577,0.969,3.95608738968062,3.43920674799665,0.832442903389189,0.505112958942417
1988-07-08,0.0,553.65,23.36,23.36,1322.8,0.11078204133816322,658.41,27.06629,750.88,3.17552224503765,2.27054970568104,0.715016154973943,0.219528466253919,0.207214753166224,16.85,1.1541095890411,212.45,3.09468317552804,0,-16.0641,4.11759799833194,1.37608385686463,0.451685660266874,1.30108445697626,0.601283991047423,33.3877563865537,51.0347891166449,14.7976986383577,0.969,3.95608738968062,3.43920674799665,0.832442903389189,0.505112958942417
1988-07-09,0.06,471.98,24.07,24.07,1452.99,0.10426545067121244,658.41,27.06629,750.88,3.17552224503765,2.27054970568104,0.715016154973943,0.219528466253919,0.207214753166224,16.85,1.1541095890411,212.45,3.09468317552804,0,-16.0641,4.11759799833194,1.37608385686463,0.451685660266874,1.30108445697626,0.601283991047423,33.3877563865537,51.0347891166449,14.7976986383577,0.969,3.95608738968062,3.43920674799665,0.832442903389189,0.505112958942417
1988-07-10,1.4,404.08,23.8,23.8,1467.38,0.10100715533773705,658.41,27.06629,750.88,3.17552224503765,2.27054970568104,0.715016154973943,0.219528466253919,0.207214753166224,16.85,1.1541095890411,212.45,3.09468317552804,0,-16.0641,4.11759799833194,1.37608385686463,0.451685660266874,1.30108445697626,0.601283991047423,33.3877563865537,51.0347891166449,14.7976986383577,0.969,3.95608738968062,3.43920674799665,0.832442903389189,0.505112958942417
1988-07-11,1.93,379.64,22.08,22.08,1392.57,0.10426545067121244,658.41,27.06629,750.88,3.17552224503765,2.27054970568104,0.715016154973943,0.219528466253919,0.207214753166224,16.85,1.1541095890411,212.45,3.09468317552804,0,-16.0641,4.11759799833194,1.37608385686463,0.451685660266874,1.30108445697626,0.601283991047423,33.3877563865537,51.0347891166449,14.7976986383577,0.969,3.95608738968062,3.43920674799665,0.832442903389189,0.505112958942417
1988-07-12,0.41,529.06,20.14,20.14,1214.5,0.10426545067121244,658.41,27.06629,750.88,3.17552224503765,2.27054970568104,0.715016154973943,0.219528466253919,0.207214753166224,16.85,1.1541095890411,212.45,3.09468317552804,0,-16.0641,4.11759799833194,1.37608385686463,0.451685660266874,1.30108445697626,0.601283991047423,33.3877563865537,51.0347891166449,14.7976986383577,0.969,3.95608738968062,3.43920674799665,0.832442903389189,0.505112958942417
1988-07-13,0.03,445.84,20.47,20.47,1276.11,0.09774886000426165,658.41,27.06629,750.88,3.17552224503765,2.27054970568104,0.715016154973943,0.219528466253919,0.207214753166224,16.85,1.1541095890411,212.45,3.09468317552804,0,-16.0641,4.11759799833194,1.37608385686463,0.451685660266874,1.30108445697626,0.601283991047423,33.3877563865537,51.0347891166449,14.7976986383577,0.969,3.95608738968062,3.43920674799665,0.832442903389189,0.505112958942417
1988-07-14,0.61,400.26,21.32,21.32,1302.02,0.09123226933731088,658.41,27.06629,750.88,3.17552224503765,2.27054970568104,0.715016154973943,0.219528466253919,0.207214753166224,16.85,1.1541095890411,212.45,3.09468317552804,0,-16.0641,4.11759799833194,1.37608385686463,0.451685660266874,1.30108445697626,0.601283991047423,33.3877563865537,51.0347891166449,14.7976986383577,0.969,3.95608738968062,3.43920674799665,0.832442903389189,0.505112958942417
1988-07-15,5.04,412.95,20.09,20.09,1241.0,0.09449056467078627,658.41,27.06629,750.88,3.17552224503765,2.27054970568104,0.715016154973943,0.219528466253919,0.207214753166224,16.85,1.1541095890411,212.45,3.09468317552804,0,-16.0641,4.11759799833194,1.37608385686463,0.451685660266874,1.30108445697626,0.601283991047423,33.3877563865537,51.0347891166449,14.7976986383577,0.969,3.95608738968062,3.43920674799665,0.832442903389189,0.505112958942417
1988-07-16,13.43,407.77,23.16,23.16,1447.71,0.10100715533773705,658.41,27.06629,750.88,3.17552224503765,2.27054970568104,0.715016154973943,0.219528466253919,0.207214753166224,16.85,1.1541095890411,212.45,3.09468317552804,0,-16.0641,4.11759799833194,1.37608385686463,0.451685660266874,1.30108445697626,0.601283991047423,33.3877563865537,51.0347891166449,14.7976986383577,0.969,3.95608738968062,3.43920674799665,0.832442903389189,0.505112958942417
1988-07-17,8.94,370.9,22.63,22.63,1501.77,0.21178919667590027,658.41,27.06629,750.88,3.17552224503765,2.27054970568104,0.715016154973943,0.219528466253919,0.207214753166224,16.85,1.1541095890411,212.45,3.09468317552804,0,-16.0641,4.11759799833194,1.37608385686463,0.451685660266874,1.30108445697626,0.601283991047423,33.3877563865537,51.0347891166449,14.7976986383577,0.969,3.95608738968062,3.43920674799665,0.832442903389189,0.505112958942417
1988-07-18,6.49,401.64,20.93,20.93,1398.13,0.19875601534199872,658.41,27.06629,750.88,3.17552224503765,2.27054970568104,0.715016154973943,0.219528466253919,0.207214753166224,16.85,1.1541095890411,212.45,3.09468317552804,0,-16.0641,4.11759799833194,1.37608385686463,0.451685660266874,1.30108445697626,0.601283991047423,33.3877563865537,51.0347891166449,14.7976986383577,0.969,3.95608738968062,3.43920674799665,0.832442903389189,0.505112958942417
1988-07-19,8.88,328.04,21.64,21.64,1621.97,0.15639817600681866,658.41,27.06629,750.88,3.17552224503765,2.27054970568104,0.715016154973943,0.219528466253919,0.207214753166224,16.85,1.1541095890411,212.45,3.09468317552804,0,-16.0641,4.11759799833194,1.37608385686463,0.451685660266874,1.30108445697626,0.601283991047423,33.3877563865537,51.0347891166449,14.7976986383577,0.969,3.95608738968062,3.43920674799665,0.832442903389189,0.505112958942417
1988-07-20,30.02,292.23,20.84,20.84,1669.0,0.19223942467504793,658.41,27.06629,750.88,3.17552224503765,2.27054970568104,0.715016154973943,0.219528466253919,0.207214753166224,16.85,1.1541095890411,212.45,3.09468317552804,0,-16.0641,4.11759799833194,1.37608385686463,0.451685660266874,1.30108445697626,0.601283991047423,33.3877563865537,51.0347891166449,14.7976986383577,0.969,3.95608738968062,3.43920674799665,0.832442903389189,0.505112958942417
1988-07-21,24.06,232.8,19.3,19.3,1587.61,2.4404632047730663,658.41,27.06629,750.88,3.17552224503765,2.27054970568104,0.715016154973943,0.219528466253919,0.207214753166224,16.85,1.1541095890411,212.45,3.09468317552804,0,-16.0641,4.11759799833194,1.37608385686463,0.451685660266874,1.30108445697626,0.601283991047423,33.3877563865537,51.0347891166449,14.7976986383577,0.969,3.95608738968062,3.43920674799665,0.832442903389189,0.505112958942417
1988-07-22,4.99,369.56,17.71,17.71,1319.87,1.0165881440443214,658.41,27.06629,750.88,3.17552224503765,2.27054970568104,0.715016154973943,0.219528466253919,0.207214753166224,16.85,1.1541095890411,212.45,3.09468317552804,0,-16.0641,4.11759799833194,1.37608385686463,0.451685660266874,1.30108445697626,0.601283991047423,33.3877563865537,51.0347891166449,14.7976986383577,0.969,3.95608738968062,3.43920674799665,0.832442903389189,0.505112958942417
1988-07-23,4.8,366.9,18.38,18.38,1339.04,0.4138035073513744,658.41,27.06629,750.88,3.17552224503765,2.27054970568104,0.715016154973943,0.219528466253919,0.207214753166224,16.85,1.1541095890411,212.45,3.09468317552804,0,-16.0641,4.11759799833194,1.37608385686463,0.451685660266874,1.30108445697626,0.601283991047423,33.3877563865537,51.0347891166449,14.7976986383577,0.969,3.95608738968062,3.43920674799665,0.832442903389189,0.505112958942417
1988-07-24,2.55,325.0,18.28,18.28,1384.74,0.36818737268271895,658.41,27.06629,750.88,3.17552224503765,2.27054970568104,0.715016154973943,0.219528466253919,0.207214753166224,16.85,1.1541095890411,212.45,3.09468317552804,0,-16.0641,4.11759799833194,1.37608385686463,0.451685660266874,1.30108445697626,0.601283991047423,33.3877563865537,51.0347891166449,14.7976986383577,0.969,3.95608738968062,3.43920674799665,0.832442903389189,0.505112958942417
1988-07-25,1.55,391.01,18.53,18.53,1341.24,0.41706180268484977,658.41,27.06629,750.88,3.17552224503765,2.27054970568104,0.715016154973943,0.219528466253919,0.207214753166224,16.85,1.1541095890411,212.45,3.09468317552804,0,-16.0641,4.11759799833194,1.37608385686463,0.451685660266874,1.30108445697626,0.601283991047423,33.3877563865537,51.0347891166449,14.7976986383577,0.969,3.95608738968062,3.43920674799665,0.832442903389189,0.505112958942417
1988-07-26,1.42,353.38,19.21,19.21,1401.51,0.30627976134668655,658.41,27.06629,750.88,3.17552224503765,2.27054970568104,0.715016154973943,0.219528466253919,0.207214753166224,16.85,1.1541095890411,212.45,3.09468317552804,0,-16.0641,4.11759799833194,1.37608385686463,0.451685660266874,1.30108445697626,0.601283991047423,33.3877563865537,51.0347891166449,14.7976986383577,0.969,3.95608738968062,3.43920674799665,0.832442903389189,0.505112958942417
1988-07-27,6.97,379.78,18.76,18.76,1347.49,0.2606636266780311,658.41,27.06629,750.88,3.17552224503765,2.27054970568104,0.715016154973943,0.219528466253919,0.207214753166224,16.85,1.1541095890411,212.45,3.09468317552804,0,-16.0641,4.11759799833194,1.37608385686463,0.451685660266874,1.30108445697626,0.601283991047423,33.3877563865537,51.0347891166449,14.7976986383577,0.969,3.95608738968062,3.43920674799665,0.832442903389189,0.505112958942417
1988-07-28,1.92,484.37,19.81,19.81,1411.04,0.293246580012785,658.41,27.06629,750.88,3.17552224503765,2.27054970568104,0.715016154973943,0.219528466253919,0.207214753166224,16.85,1.1541095890411,212.45,3.09468317552804,0,-16.0641,4.11759799833194,1.37608385686463,0.451685660266874,1.30108445697626,0.601283991047423,33.3877563865537,51.0347891166449,14.7976986383577,0.969,3.95608738968062,3.43920674799665,0.832442903389189,0.505112958942417
1988-07-29,0.66,395.4,21.88,21.88,1571.8,0.2313389686767526,658.41,27.06629,750.88,3.17552224503765,2.27054970568104,0.715016154973943,0.219528466253919,0.207214753166224,16.85,1.1541095890411,212.45,3.09468317552804,0,-16.0641,4.11759799833194,1.37608385686463,0.451685660266874,1.30108445697626,0.601283991047423,33.3877563865537,51.0347891166449,14.7976986383577,0.969,3.95608738968062,3.43920674799665,0.832442903389189,0.505112958942417
1988-07-30,4.99,370.94,22.66,22.66,1663.02,0.18246453867462176,658.41,27.06629,750.88,3.17552224503765,2.27054970568104,0.715016154973943,0.219528466253919,0.207214753166224,16.85,1.1541095890411,212.45,3.09468317552804,0,-16.0641,4.11759799833194,1.37608385686463,0.451685660266874,1.30108445697626,0.601283991047423,33.3877563865537,51.0347891166449,14.7976986383577,0.969,3.95608738968062,3.43920674799665,0.832442903389189,0.505112958942417
1988-07-31,1.39,417.92,22.36,22.36,1584.17,0.21178919667590027,658.41,27.06629,750.88,3.17552224503765,2.27054970568104,0.715016154973943,0.219528466253919,0.207214753166224,16.85,1.1541095890411,212.45,3.09468317552804,0,-16.0641,4.11759799833194,1.37608385686463,0.451685660266874,1.30108445697626,0.601283991047423,33.3877563865537,51.0347891166449,14.7976986383577,0.969,3.95608738968062,3.43920674799665,0.832442903389189,0.505112958942417
1988-08-01,0.03,554.58,17.55,17.55,1128.97,0.1726896526741956,658.41,27.06629,750.88,3.17552224503765,2.27054970568104,0.715016154973943,0.219528466253919,0.207214753166224,16.85,1.1541095890411,212.45,3.09468317552804,0,-16.0641,4.11759799833194,1.37608385686463,0.451685660266874,1.30108445697626,0.601283991047423,33.3877563865537,51.0347891166449,14.7976986383577,0.969,3.95608738968062,3.43920674799665,0.832442903389189,0.505112958942417
1988-08-02,0.0,527.56,21.53,21.53,1421.71,0.15313988067334328,658.41,27.06629,750.88,3.17552224503765,2.27054970568104,0.715016154973943,0.219528466253919,0.207214753166224,16.85,1.1541095890411,212.45,3.09468317552804,0,-16.0641,4.11759799833194,1.37608385686463,0.451685660266874,1.30108445697626,0.601283991047423,33.3877563865537,51.0347891166449,14.7976986383577,0.969,3.95608738968062,3.43920674799665,0.832442903389189,0.505112958942417
1988-08-03,0.0,495.61,23.75,23.75,1689.26,0.1401066993394417,658.41,27.06629,750.88,3.17552224503765,2.27054970568104,0.715016154973943,0.219528466253919,0.207214753166224,16.85,1.1541095890411,212.45,3.09468317552804,0,-16.0641,4.11759799833194,1.37608385686463,0.451685660266874,1.30108445697626,0.601283991047423,33.3877563865537,51.0347891166449,14.7976986383577,0.969,3.95608738968062,3.43920674799665,0.832442903389189,0.505112958942417
1988-08-04,1.28,370.46,23.97,23.97,1848.09,0.13033181333901556,658.41,27.06629,750.88,3.17552224503765,2.27054970568104,0.715016154973943,0.219528466253919,0.207214753166224,16.85,1.1541095890411,212.45,3.09468317552804,0,-16.0641,4.11759799833194,1.37608385686463,0.451685660266874,1.30108445697626,0.601283991047423,33.3877563865537,51.0347891166449,14.7976986383577,0.969,3.95608738968062,3.43920674799665,0.832442903389189,0.505112958942417
1988-08-05,3.15,320.98,24.7,24.7,2026.01,0.13033181333901556,658.41,27.06629,750.88,3.17552224503765,2.27054970568104,0.715016154973943,0.219528466253919,0.207214753166224,16.85,1.1541095890411,212.45,3.09468317552804,0,-16.0641,4.11759799833194,1.37608385686463,0.451685660266874,1.30108445697626,0.601283991047423,33.3877563865537,51.0347891166449,14.7976986383577,0.969,3.95608738968062,3.43920674799665,0.832442903389189,0.505112958942417
1988-08-06,1.42,309.09,23.63,23.63,1889.09,0.13359010867249094,658.41,27.06629,750.88,3.17552224503765,2.27054970568104,0.715016154973943,0.219528466253919,0.207214753166224,16.85,1.1541095890411,212.45,3.09468317552804,0,-16.0641,4.11759799833194,1.37608385686463,0.451685660266874,1.30108445697626,0.601283991047423,33.3877563865537,51.0347891166449,14.7976986383577,0.969,3.95608738968062,3.43920674799665,0.832442903389189,0.505112958942417
1988-08-07,0.18,470.01,19.39,19.39,1388.67,0.13359010867249094,658.41,27.06629,750.88,3.17552224503765,2.27054970568104,0.715016154973943,0.219528466253919,0.207214753166224,16.85,1.1541095890411,212.45,3.09468317552804,0,-16.0641,4.11759799833194,1.37608385686463,0.451685660266874,1.30108445697626,0.601283991047423,33.3877563865537,51.0347891166449,14.7976986383577,0.969,3.95608738968062,3.43920674799665,0.832442903389189,0.505112958942417
1988-08-08,0.0,520.07,19.06,19.06,1266.78,0.12381522267206477,658.41,27.06629,750.88,3.17552224503765,2.27054970568104,0.715016154973943,0.219528466253919,0.207214753166224,16.85,1.1541095890411,212.45,3.09468317552804,0,-16.0641,4.11759799833194,1.37608385686463,0.451685660266874,1.30108445697626,0.601283991047423,33.3877563865537,51.0347891166449,14.7976986383577,0.969,3.95608738968062,3.43920674799665,0.832442903389189,0.505112958942417
1988-08-09,0.0,523.36,20.1,20.1,1323.15,0.10752374600468782,658.41,27.06629,750.88,3.17552224503765,2.27054970568104,0.715016154973943,0.219528466253919,0.207214753166224,16.85,1.1541095890411,212.45,3.09468317552804,0,-16.0641,4.11759799833194,1.37608385686463,0.451685660266874,1.30108445697626,0.601283991047423,33.3877563865537,51.0347891166449,14.7976986383577,0.969,3.95608738968062,3.43920674799665,0.832442903389189,0.505112958942417
1988-08-10,0.0,491.04,21.4,21.4,1529.92,0.10100715533773705,658.41,27.06629,750.88,3.17552224503765,2.27054970568104,0.715016154973943,0.219528466253919,0.207214753166224,16.85,1.1541095890411,212.45,3.09468317552804,0,-16.0641,4.11759799833194,1.37608385686463,0.451685660266874,1.30108445697626,0.601283991047423,33.3877563865537,51.0347891166449,14.7976986383577,0.969,3.95608738968062,3.43920674799665,0.832442903389189,0.505112958942417
1988-08-11,1.45,428.06,23.49,23.49,1791.51,0.10100715533773705,658.41,27.06629,750.88,3.17552224503765,2.27054970568104,0.715016154973943,0.219528466253919,0.207214753166224,16.85,1.1541095890411,212.45,3.09468317552804,0,-16.0641,4.11759799833194,1.37608385686463,0.451685660266874,1.30108445697626,0.601283991047423,33.3877563865537,51.0347891166449,14.7976986383577,0.969,3.95608738968062,3.43920674799665,0.832442903389189,0.505112958942417
1988-08-12,0.38,450.24,24.2,24.2,1859.67,0.09774886000426165,658.41,27.06629,750.88,3.17552224503765,2.27054970568104,0.715016154973943,0.219528466253919,0.207214753166224,16.85,1.1541095890411,212.45,3.09468317552804,0,-16.0641,4.11759799833194,1.37608385686463,0.451685660266874,1.30108445697626,0.601283991047423,33.3877563865537,51.0347891166449,14.7976986383577,0.969,3.95608738968062,3.43920674799665,0.832442903389189,0.505112958942417
1988-08-13,0.1,370.93,23.75,23.75,1800.44,0.09123226933731088,658.41,27.06629,750.88,3.17552224503765,2.27054970568104,0.715016154973943,0.219528466253919,0.207214753166224,16.85,1.1541095890411,212.45,3.09468317552804,0,-16.0641,4.11759799833194,1.37608385686463,0.451685660266874,1.30108445697626,0.601283991047423,33.3877563865537,51.0347891166449,14.7976986383577,0.969,3.95608738968062,3.43920674799665,0.832442903389189,0.505112958942417
1988-08-14,0.08,421.9,23.09,23.09,1746.11,0.09123226933731088,658.41,27.06629,750.88,3.17552224503765,2.27054970568104,0.715016154973943,0.219528466253919,0.207214753166224,16.85,1.1541095890411,212.45,3.09468317552804,0,-16.0641,4.11759799833194,1.37608385686463,0.451685660266874,1.30108445697626,0.601283991047423,33.3877563865537,51.0347891166449,14.7976986383577,0.969,3.95608738968062,3.43920674799665,0.832442903389189,0.505112958942417
1988-08-15,0.53,342.23,23.76,23.76,1826.12,0.0847156786703601,658.41,27.06629,750.88,3.17552224503765,2.27054970568104,0.715016154973943,0.219528466253919,0.207214753166224,16.85,1.1541095890411,212.45,3.09468317552804,0,-16.0641,4.11759799833194,1.37608385686463,0.451685660266874,1.30108445697626,0.601283991047423,33.3877563865537,51.0347891166449,14.7976986383577,0.969,3.95608738968062,3.43920674799665,0.832442903389189,0.505112958942417
1988-08-16,0.22,498.16,19.85,19.85,1339.19,0.07168249733645855,658.41,27.06629,750.88,3.17552224503765,2.27054970568104,0.715016154973943,0.219528466253919,0.207214753166224,16.85,1.1541095890411,212.45,3.09468317552804,0,-16.0641,4.11759799833194,1.37608385686463,0.451685660266874,1.30108445697626,0.601283991047423,33.3877563865537,51.0347891166449,14.7976986383577,0.969,3.95608738968062,3.43920674799665,0.832442903389189,0.505112958942417
1988-08-17,0.57,354.44,21.43,21.43,1484.44,0.06516590666950778,658.41,27.06629,750.88,3.17552224503765,2.27054970568104,0.715016154973943,0.219528466253919,0.207214753166224,16.85,1.1541095890411,212.45,3.09468317552804,0,-16.0641,4.11759799833194,1.37608385686463,0.451685660266874,1.30108445697626,0.601283991047423,33.3877563865537,51.0347891166449,14.7976986383577,0.969,3.95608738968062,3.43920674799665,0.832442903389189,0.505112958942417
1988-08-18,0.14,494.12,19.28,19.28,1216.36,0.06516590666950778,658.41,27.06629,750.88,3.17552224503765,2.27054970568104,0.715016154973943,0.219528466253919,0.207214753166224,16.85,1.1541095890411,212.45,3.09468317552804,0,-16.0641,4.11759799833194,1.37608385686463,0.451685660266874,1.30108445697626,0.601283991047423,33.3877563865537,51.0347891166449,14.7976986383577,0.969,3.95608738968062,3.43920674799665,0.832442903389189,0.505112958942417
1988-08-19,0.0,522.73,15.97,15.97,951.3,0.06516590666950778,658.41,27.06629,750.88,3.17552224503765,2.27054970568104,0.715016154973943,0.219528466253919,0.207214753166224,16.85,1.1541095890411,212.45,3.09468317552804,0,-16.0641,4.11759799833194,1.37608385686463,0.451685660266874,1.30108445697626,0.601283991047423,33.3877563865537,51.0347891166449,14.7976986383577,0.969,3.95608738968062,3.43920674799665,0.832442903389189,0.505112958942417
1988-08-20,0.0,527.87,15.49,15.49,891.34,0.06516590666950778,658.41,27.06629,750.88,3.17552224503765,2.27054970568104,0.715016154973943,0.219528466253919,0.207214753166224,16.85,1.1541095890411,212.45,3.09468317552804,0,-16.0641,4.11759799833194,1.37608385686463,0.451685660266874,1.30108445697626,0.601283991047423,33.3877563865537,51.0347891166449,14.7976986383577,0.969,3.95608738968062,3.43920674799665,0.832442903389189,0.505112958942417
1988-08-21,0.0,516.93,14.78,14.78,834.09,0.058649316002556996,658.41,27.06629,750.88,3.17552224503765,2.27054970568104,0.715016154973943,0.219528466253919,0.207214753166224,16.85,1.1541095890411,212.45,3.09468317552804,0,-16.0641,4.11759799833194,1.37608385686463,0.451685660266874,1.30108445697626,0.601283991047423,33.3877563865537,51.0347891166449,14.7976986383577,0.969,3.95608738968062,3.43920674799665,0.832442903389189,0.505112958942417
1988-08-22,1.07,420.64,11.45,11.45,698.68,0.058649316002556996,658.41,27.06629,750.88,3.17552224503765,2.27054970568104,0.715016154973943,0.219528466253919,0.207214753166224,16.85,1.1541095890411,212.45,3.09468317552804,0,-16.0641,4.11759799833194,1.37608385686463,0.451685660266874,1.30108445697626,0.601283991047423,33.3877563865537,51.0347891166449,14.7976986383577,0.969,3.95608738968062,3.43920674799665,0.832442903389189,0.505112958942417
1988-08-23,12.17,371.97,13.12,13.12,932.04,0.061907611336032384,658.41,27.06629,750.88,3.17552224503765,2.27054970568104,0.715016154973943,0.219528466253919,0.207214753166224,16.85,1.1541095890411,212.45,3.09468317552804,0,-16.0641,4.11759799833194,1.37608385686463,0.451685660266874,1.30108445697626,0.601283991047423,33.3877563865537,51.0347891166449,14.7976986383577,0.969,3.95608738968062,3.43920674799665,0.832442903389189,0.505112958942417
1988-08-24,9.2,285.78,16.98,16.98,1284.9,0.09123226933731088,658.41,27.06629,750.88,3.17552224503765,2.27054970568104,0.715016154973943,0.219528466253919,0.207214753166224,16.85,1.1541095890411,212.45,3.09468317552804,0,-16.0641,4.11759799833194,1.37608385686463,0.451685660266874,1.30108445697626,0.601283991047423,33.3877563865537,51.0347891166449,14.7976986383577,0.969,3.95608738968062,3.43920674799665,0.832442903389189,0.505112958942417
1988-08-25,4.49,345.51,16.43,16.43,1224.26,0.12381522267206477,658.41,27.06629,750.88,3.17552224503765,2.27054970568104,0.715016154973943,0.219528466253919,0.207214753166224,16.85,1.1541095890411,212.45,3.09468317552804,0,-16.0641,4.11759799833194,1.37608385686463,0.451685660266874,1.30108445697626,0.601283991047423,33.3877563865537,51.0347891166449,14.7976986383577,0.969,3.95608738968062,3.43920674799665,0.832442903389189,0.505112958942417
1988-08-26,1.58,316.29,17.99,17.99,1312.24,0.11404033667163861,658.41,27.06629,750.88,3.17552224503765,2.27054970568104,0.715016154973943,0.219528466253919,0.207214753166224,16.85,1.1541095890411,212.45,3.09468317552804,0,-16.0641,4.11759799833194,1.37608385686463,0.451685660266874,1.30108445697626,0.601283991047423,33.3877563865537,51.0347891166449,14.7976986383577,0.969,3.95608738968062,3.43920674799665,0.832442903389189,0.505112958942417
1988-08-27,10.6,365.01,16.36,16.36,1164.97,0.09774886000426165,658.41,27.06629,750.88,3.17552224503765,2.27054970568104,0.715016154973943,0.219528466253919,0.207214753166224,16.85,1.1541095890411,212.45,3.09468317552804,0,-16.0641,4.11759799833194,1.37608385686463,0.451685660266874,1.30108445697626,0.601283991047423,33.3877563865537,51.0347891166449,14.7976986383577,0.969,3.95608738968062,3.43920674799665,0.832442903389189,0.505112958942417
1988-08-28,11.54,306.59,17.71,17.71,1367.84,0.12707351800554018,658.41,27.06629,750.88,3.17552224503765,2.27054970568104,0.715016154973943,0.219528466253919,0.207214753166224,16.85,1.1541095890411,212.45,3.09468317552804,0,-16.0641,4.11759799833194,1.37608385686463,0.451685660266874,1.30108445697626,0.601283991047423,33.3877563865537,51.0347891166449,14.7976986383577,0.969,3.95608738968062,3.43920674799665,0.832442903389189,0.505112958942417
1988-08-29,9.76,188.23,17.23,17.23,1408.39,0.19223942467504793,658.41,27.06629,750.88,3.17552224503765,2.27054970568104,0.715016154973943,0.219528466253919,0.207214753166224,16.85,1.1541095890411,212.45,3.09468317552804,0,-16.0641,4.11759799833194,1.37608385686463,0.451685660266874,1.30108445697626,0.601283991047423,33.3877563865537,51.0347891166449,14.7976986383577,0.969,3.95608738968062,3.43920674799665,0.832442903389189,0.505112958942417
1988-08-30,1.96,455.42,13.0,13.0,964.58,0.2802133986788834,658.41,27.06629,750.88,3.17552224503765,2.27054970568104,0.715016154973943,0.219528466253919,0.207214753166224,16.85,1.1541095890411,212.45,3.09468317552804,0,-16.0641,4.11759799833194,1.37608385686463,0.451685660266874,1.30108445697626,0.601283991047423,33.3877563865537,51.0347891166449,14.7976986383577,0.969,3.95608738968062,3.43920674799665,0.832442903389189,0.505112958942417
1988-08-31,0.0,499.17,13.08,13.08,852.87,0.16291476667376945,658.41,27.06629,750.88,3.17552224503765,2.27054970568104,0.715016154973943,0.219528466253919,0.207214753166224,16.85,1.1541095890411,212.45,3.09468317552804,0,-16.0641,4.11759799833194,1.37608385686463,0.451685660266874,1.30108445697626,0.601283991047423,33.3877563865537,51.0347891166449,14.7976986383577,0.969,3.95608738968062,3.43920674799665,0.832442903389189,0.505112958942417
1988-09-01,0.0,512.35,13.31,13.31,825.98,0.12707351800554018,658.41,27.06629,750.88,3.17552224503765,2.27054970568104,0.715016154973943,0.219528466253919,0.207214753166224,16.85,1.1541095890411,212.45,3.09468317552804,0,-16.0641,4.11759799833194,1.37608385686463,0.451685660266874,1.30108445697626,0.601283991047423,33.3877563865537,51.0347891166449,14.7976986383577,0.969,3.95608738968062,3.43920674799665,0.832442903389189,0.505112958942417
1988-09-02,0.0,503.48,15.04,15.04,933.82,0.11078204133816322,658.41,27.06629,750.88,3.17552224503765,2.27054970568104,0.715016154973943,0.219528466253919,0.207214753166224,16.85,1.1541095890411,212.45,3.09468317552804,0,-16.0641,4.11759799833194,1.37608385686463,0.451685660266874,1.30108445697626,0.601283991047423,33.3877563865537,51.0347891166449,14.7976986383577,0.969,3.95608738968062,3.43920674799665,0.832442903389189,0.505112958942417
1988-09-03,11.86,358.69,16.46,16.46,1128.85,0.10100715533773705,658.41,27.06629,750.88,3.17552224503765,2.27054970568104,0.715016154973943,0.219528466253919,0.207214753166224,16.85,1.1541095890411,212.45,3.09468317552804,0,-16.0641,4.11759799833194,1.37608385686463,0.451685660266874,1.30108445697626,0.601283991047423,33.3877563865537,51.0347891166449,14.7976986383577,0.969,3.95608738968062,3.43920674799665,0.832442903389189,0.505112958942417
1988-09-04,7.2,285.63,16.8,16.8,1265.21,0.14988158533986787,658.41,27.06629,750.88,3.17552224503765,2.27054970568104,0.715016154973943,0.219528466253919,0.207214753166224,16.85,1.1541095890411,212.45,3.09468317552804,0,-16.0641,4.11759799833194,1.37608385686463,0.451685660266874,1.30108445697626,0.601283991047423,33.3877563865537,51.0347891166449,14.7976986383577,0.969,3.95608738968062,3.43920674799665,0.832442903389189,0.505112958942417
1988-09-05,1.86,243.07,13.51,13.51,1047.98,0.19875601534199872,658.41,27.06629,750.88,3.17552224503765,2.27054970568104,0.715016154973943,0.219528466253919,0.207214753166224,16.85,1.1541095890411,212.45,3.09468317552804,0,-16.0641,4.11759799833194,1.37608385686463,0.451685660266874,1.30108445697626,0.601283991047423,33.3877563865537,51.0347891166449,14.7976986383577,0.969,3.95608738968062,3.43920674799665,0.832442903389189,0.505112958942417
1988-09-06,0.22,443.32,7.34,7.34,662.59,0.16617306200724483,658.41,27.06629,750.88,3.17552224503765,2.27054970568104,0.715016154973943,0.219528466253919,0.207214753166224,16.85,1.1541095890411,212.45,3.09468317552804,0,-16.0641,4.11759799833194,1.37608385686463,0.451685660266874,1.30108445697626,0.601283991047423,33.3877563865537,51.0347891166449,14.7976986383577,0.969,3.95608738968062,3.43920674799665,0.832442903389189,0.505112958942417
1988-09-07,0.0,478.0,8.49,8.49,659.26,0.13359010867249094,658.41,27.06629,750.88,3.17552224503765,2.27054970568104,0.715016154973943,0.219528466253919,0.207214753166224,16.85,1.1541095890411,212.45,3.09468317552804,0,-16.0641,4.11759799833194,1.37608385686463,0.451685660266874,1.30108445697626,0.601283991047423,33.3877563865537,51.0347891166449,14.7976986383577,0.969,3.95608738968062,3.43920674799665,0.832442903389189,0.505112958942417
1988-09-08,0.0,501.05,9.88,9.88,673.14,0.11729863200511399,658.41,27.06629,750.88,3.17552224503765,2.27054970568104,0.715016154973943,0.219528466253919,0.207214753166224,16.85,1.1541095890411,212.45,3.09468317552804,0,-16.0641,4.11759799833194,1.37608385686463,0.451685660266874,1.30108445697626,0.601283991047423,33.3877563865537,51.0347891166449,14.7976986383577,0.969,3.95608738968062,3.43920674799665,0.832442903389189,0.505112958942417
1988-09-09,0.0,489.91,12.43,12.43,808.35,0.11078204133816322,658.41,27.06629,750.88,3.17552224503765,2.27054970568104,0.715016154973943,0.219528466253919,0.207214753166224,16.85,1.1541095890411,212.45,3.09468317552804,0,-16.0641,4.11759799833194,1.37608385686463,0.451685660266874,1.30108445697626,0.601283991047423,33.3877563865537,51.0347891166449,14.7976986383577,0.969,3.95608738968062,3.43920674799665,0.832442903389189,0.505112958942417
1988-09-10,0.0,466.06,14.88,14.88,931.85,0.09774886000426165,658.41,27.06629,750.88,3.17552224503765,2.27054970568104,0.715016154973943,0.219528466253919,0.207214753166224,16.85,1.1541095890411,212.45,3.09468317552804,0,-16.0641,4.11759799833194,1.37608385686463,0.451685660266874,1.30108445697626,0.601283991047423,33.3877563865537,51.0347891166449,14.7976986383577,0.969,3.95608738968062,3.43920674799665,0.832442903389189,0.505112958942417
1988-09-11,0.22,426.02,12.58,12.58,797.33,0.09449056467078627,658.41,27.06629,750.88,3.17552224503765,2.27054970568104,0.715016154973943,0.219528466253919,0.207214753166224,16.85,1.1541095890411,212.45,3.09468317552804,0,-16.0641,4.11759799833194,1.37608385686463,0.451685660266874,1.30108445697626,0.601283991047423,33.3877563865537,51.0347891166449,14.7976986383577,0.969,3.95608738968062,3.43920674799665,0.832442903389189,0.505112958942417
1988-09-12,2.03,359.77,12.27,12.27,839.21,0.09449056467078627,658.41,27.06629,750.88,3.17552224503765,2.27054970568104,0.715016154973943,0.219528466253919,0.207214753166224,16.85,1.1541095890411,212.45,3.09468317552804,0,-16.0641,4.11759799833194,1.37608385686463,0.451685660266874,1.30108445697626,0.601283991047423,33.3877563865537,51.0347891166449,14.7976986383577,0.969,3.95608738968062,3.43920674799665,0.832442903389189,0.505112958942417
1988-09-13,0.89,321.29,15.34,15.34,1041.48,0.09449056467078627,658.41,27.06629,750.88,3.17552224503765,2.27054970568104,0.715016154973943,0.219528466253919,0.207214753166224,16.85,1.1541095890411,212.45,3.09468317552804,0,-16.0641,4.11759799833194,1.37608385686463,0.451685660266874,1.30108445697626,0.601283991047423,33.3877563865537,51.0347891166449,14.7976986383577,0.969,3.95608738968062,3.43920674799665,0.832442903389189,0.505112958942417
1988-09-14,0.1,462.78,12.01,12.01,807.4,0.09449056467078627,658.41,27.06629,750.88,3.17552224503765,2.27054970568104,0.715016154973943,0.219528466253919,0.207214753166224,16.85,1.1541095890411,212.45,3.09468317552804,0,-16.0641,4.11759799833194,1.37608385686463,0.451685660266874,1.30108445697626,0.601283991047423,33.3877563865537,51.0347891166449,14.7976986383577,0.969,3.95608738968062,3.43920674799665,0.832442903389189,0.505112958942417
1988-09-15,0.0,455.49,10.57,10.57,716.58,0.09123226933731088,658.41,27.06629,750.88,3.17552224503765,2.27054970568104,0.715016154973943,0.219528466253919,0.207214753166224,16.85,1.1541095890411,212.45,3.09468317552804,0,-16.0641,4.11759799833194,1.37608385686463,0.451685660266874,1.30108445697626,0.601283991047423,33.3877563865537,51.0347891166449,14.7976986383577,0.969,3.95608738968062,3.43920674799665,0.832442903389189,0.505112958942417
1988-09-16,1.2,364.04,8.39,8.39,647.38,0.07819908800340933,658.41,27.06629,750.88,3.17552224503765,2.27054970568104,0.715016154973943,0.219528466253919,0.207214753166224,16.85,1.1541095890411,212.45,3.09468317552804,0,-16.0641,4.11759799833194,1.37608385686463,0.451685660266874,1.30108445697626,0.601283991047423,33.3877563865537,51.0347891166449,14.7976986383577,0.969,3.95608738968062,3.43920674799665,0.832442903389189,0.505112958942417
1988-09-17,4.36,312.59,12.31,12.31,979.39,0.0847156786703601,658.41,27.06629,750.88,3.17552224503765,2.27054970568104,0.715016154973943,0.219528466253919,0.207214753166224,16.85,1.1541095890411,212.45,3.09468317552804,0,-16.0641,4.11759799833194,1.37608385686463,0.451685660266874,1.30108445697626,0.601283991047423,33.3877563865537,51.0347891166449,14.7976986383577,0.969,3.95608738968062,3.43920674799665,0.832442903389189,0.505112958942417
1988-09-18,1.09,312.72,17.5,17.5,1421.01,0.09123226933731088,658.41,27.06629,750.88,3.17552224503765,2.27054970568104,0.715016154973943,0.219528466253919,0.207214753166224,16.85,1.1541095890411,212.45,3.09468317552804,0,-16.0641,4.11759799833194,1.37608385686463,0.451685660266874,1.30108445697626,0.601283991047423,33.3877563865537,51.0347891166449,14.7976986383577,0.969,3.95608738968062,3.43920674799665,0.832442903389189,0.505112958942417
1988-09-19,0.96,286.37,18.36,18.36,1489.57,0.08797397400383548,658.41,27.06629,750.88,3.17552224503765,2.27054970568104,0.715016154973943,0.219528466253919,0.207214753166224,16.85,1.1541095890411,212.45,3.09468317552804,0,-16.0641,4.11759799833194,1.37608385686463,0.451685660266874,1.30108445697626,0.601283991047423,33.3877563865537,51.0347891166449,14.7976986383577,0.969,3.95608738968062,3.43920674799665,0.832442903389189,0.505112958942417
1988-09-20,2.04,204.06,18.78,18.78,1563.81,0.0847156786703601,658.41,27.06629,750.88,3.17552224503765,2.27054970568104,0.715016154973943,0.219528466253919,0.207214753166224,16.85,1.1541095890411,212.45,3.09468317552804,0,-16.0641,4.11759799833194,1.37608385686463,0.451685660266874,1.30108445697626,0.601283991047423,33.3877563865537,51.0347891166449,14.7976986383577,0.969,3.95608738968062,3.43920674799665,0.832442903389189,0.505112958942417
1988-09-21,1.6,264.65,15.72,15.72,1258.39,0.08145738333688472,658.41,27.06629,750.88,3.17552224503765,2.27054970568104,0.715016154973943,0.219528466253919,0.207214753166224,16.85,1.1541095890411,212.45,3.09468317552804,0,-16.0641,4.11759799833194,1.37608385686463,0.451685660266874,1.30108445697626,0.601283991047423,33.3877563865537,51.0347891166449,14.7976986383577,0.969,3.95608738968062,3.43920674799665,0.832442903389189,0.505112958942417
1988-09-22,7.35,244.59,13.14,13.14,1101.98,0.07494079266993393,658.41,27.06629,750.88,3.17552224503765,2.27054970568104,0.715016154973943,0.219528466253919,0.207214753166224,16.85,1.1541095890411,212.45,3.09468317552804,0,-16.0641,4.11759799833194,1.37608385686463,0.451685660266874,1.30108445697626,0.601283991047423,33.3877563865537,51.0347891166449,14.7976986383577,0.969,3.95608738968062,3.43920674799665,0.832442903389189,0.505112958942417
1988-09-23,2.65,246.4,13.64,13.64,1089.7,0.10426545067121244,658.41,27.06629,750.88,3.17552224503765,2.27054970568104,0.715016154973943,0.219528466253919,0.207214753166224,16.85,1.1541095890411,212.45,3.09468317552804,0,-16.0641,4.11759799833194,1.37608385686463,0.451685660266874,1.30108445697626,0.601283991047423,33.3877563865537,51.0347891166449,14.7976986383577,0.969,3.95608738968062,3.43920674799665,0.832442903389189,0.505112958942417
1988-09-24,0.21,423.67,10.34,10.34,804.68,0.11729863200511399,658.41,27.06629,750.88,3.17552224503765,2.27054970568104,0.715016154973943,0.219528466253919,0.207214753166224,16.85,1.1541095890411,212.45,3.09468317552804,0,-16.0641,4.11759799833194,1.37608385686463,0.451685660266874,1.30108445697626,0.601283991047423,33.3877563865537,51.0347891166449,14.7976986383577,0.969,3.95608738968062,3.43920674799665,0.832442903389189,0.505112958942417
1988-09-25,0.0,409.38,10.81,10.81,808.44,0.10426545067121244,658.41,27.06629,750.88,3.17552224503765,2.27054970568104,0.715016154973943,0.219528466253919,0.207214753166224,16.85,1.1541095890411,212.45,3.09468317552804,0,-16.0641,4.11759799833194,1.37608385686463,0.451685660266874,1.30108445697626,0.601283991047423,33.3877563865537,51.0347891166449,14.7976986383577,0.969,3.95608738968062,3.43920674799665,0.832442903389189,0.505112958942417
1988-09-26,0.0,425.41,11.17,11.17,797.9,0.09123226933731088,658.41,27.06629,750.88,3.17552224503765,2.27054970568104,0.715016154973943,0.219528466253919,0.207214753166224,16.85,1.1541095890411,212.45,3.09468317552804,0,-16.0641,4.11759799833194,1.37608385686463,0.451685660266874,1.30108445697626,0.601283991047423,33.3877563865537,51.0347891166449,14.7976986383577,0.969,3.95608738968062,3.43920674799665,0.832442903389189,0.505112958942417
1988-09-27,0.0,437.2,12.21,12.21,795.81,0.08797397400383548,658.41,27.06629,750.88,3.17552224503765,2.27054970568104,0.715016154973943,0.219528466253919,0.207214753166224,16.85,1.1541095890411,212.45,3.09468317552804,0,-16.0641,4.11759799833194,1.37608385686463,0.451685660266874,1.30108445697626,0.601283991047423,33.3877563865537,51.0347891166449,14.7976986383577,0.969,3.95608738968062,3.43920674799665,0.832442903389189,0.505112958942417
1988-09-28,0.07,412.68,12.16,12.16,776.09,0.08145738333688472,658.41,27.06629,750.88,3.17552224503765,2.27054970568104,0.715016154973943,0.219528466253919,0.207214753166224,16.85,1.1541095890411,212.45,3.09468317552804,0,-16.0641,4.11759799833194,1.37608385686463,0.451685660266874,1.30108445697626,0.601283991047423,33.3877563865537,51.0347891166449,14.7976986383577,0.969,3.95608738968062,3.43920674799665,0.832442903389189,0.505112958942417
1988-09-29,0.03,419.5,6.94,6.94,615.01,0.07494079266993393,658.41,27.06629,750.88,3.17552224503765,2.27054970568104,0.715016154973943,0.219528466253919,0.207214753166224,16.85,1.1541095890411,212.45,3.09468317552804,0,-16.0641,4.11759799833194,1.37608385686463,0.451685660266874,1.30108445697626,0.601283991047423,33.3877563865537,51.0347891166449,14.7976986383577,0.969,3.95608738968062,3.43920674799665,0.832442903389189,0.505112958942417
1988-09-30,0.0,412.32,11.52,11.52,870.88,0.07494079266993393,658.41,27.06629,750.88,3.17552224503765,2.27054970568104,0.715016154973943,0.219528466253919,0.207214753166224,16.85,1.1541095890411,212.45,3.09468317552804,0,-16.0641,4.11759799833194,1.37608385686463,0.451685660266874,1.30108445697626,0.601283991047423,33.3877563865537,51.0347891166449,14.7976986383577,0.969,3.95608738968062,3.43920674799665,0.832442903389189,0.505112958942417
1988-10-01,0.28,298.65,16.59,16.59,1208.87,0.07168249733645855,658.41,27.06629,750.88,3.17552224503765,2.27054970568104,0.715016154973943,0.219528466253919,0.207214753166224,16.85,1.1541095890411,212.45,3.09468317552804,0,-16.0641,4.11759799833194,1.37608385686463,0.451685660266874,1.30108445697626,0.601283991047423,33.3877563865537,51.0347891166449,14.7976986383577,0.969,3.95608738968062,3.43920674799665,0.832442903389189,0.505112958942417
1988-10-02,2.01,233.79,16.64,16.64,1245.8,0.06842420200298316,658.41,27.06629,750.88,3.17552224503765,2.27054970568104,0.715016154973943,0.219528466253919,0.207214753166224,16.85,1.1541095890411,212.45,3.09468317552804,0,-16.0641,4.11759799833194,1.37608385686463,0.451685660266874,1.30108445697626,0.601283991047423,33.3877563865537,51.0347891166449,14.7976986383577,0.969,3.95608738968062,3.43920674799665,0.832442903389189,0.505112958942417
1988-10-03,0.68,289.46,10.86,10.86,826.35,0.07168249733645855,658.41,27.06629,750.88,3.17552224503765,2.27054970568104,0.715016154973943,0.219528466253919,0.207214753166224,16.85,1.1541095890411,212.45,3.09468317552804,0,-16.0641,4.11759799833194,1.37608385686463,0.451685660266874,1.30108445697626,0.601283991047423,33.3877563865537,51.0347891166449,14.7976986383577,0.969,3.95608738968062,3.43920674799665,0.832442903389189,0.505112958942417
1988-10-04,1.26,300.25,7.13,7.13,621.58,0.07168249733645855,658.41,27.06629,750.88,3.17552224503765,2.27054970568104,0.715016154973943,0.219528466253919,0.207214753166224,16.85,1.1541095890411,212.45,3.09468317552804,0,-16.0641,4.11759799833194,1.37608385686463,0.451685660266874,1.30108445697626,0.601283991047423,33.3877563865537,51.0347891166449,14.7976986383577,0.969,3.95608738968062,3.43920674799665,0.832442903389189,0.505112958942417
1988-10-05,1.02,255.79,5.83,5.83,623.05,0.07168249733645855,658.41,27.06629,750.88,3.17552224503765,2.27054970568104,0.715016154973943,0.219528466253919,0.207214753166224,16.85,1.1541095890411,212.45,3.09468317552804,0,-16.0641,4.11759799833194,1.37608385686463,0.451685660266874,1.30108445697626,0.601283991047423,33.3877563865537,51.0347891166449,14.7976986383577,0.969,3.95608738968062,3.43920674799665,0.832442903389189,0.505112958942417
1988-10-06,0.88,177.84,4.5,4.5,625.14,0.06842420200298316,658.41,27.06629,750.88,3.17552224503765,2.27054970568104,0.715016154973943,0.219528466253919,0.207214753166224,16.85,1.1541095890411,212.45,3.09468317552804,0,-16.0641,4.11759799833194,1.37608385686463,0.451685660266874,1.30108445697626,0.601283991047423,33.3877563865537,51.0347891166449,14.7976986383577,0.969,3.95608738968062,3.43920674799665,0.832442903389189,0.505112958942417
1988-10-07,0.97,238.54,2.87,2.87,537.11,0.06516590666950778,658.41,27.06629,750.88,3.17552224503765,2.27054970568104,0.715016154973943,0.219528466253919,0.207214753166224,16.85,1.1541095890411,212.45,3.09468317552804,0,-16.0641,4.11759799833194,1.37608385686463,0.451685660266874,1.30108445697626,0.601283991047423,33.3877563865537,51.0347891166449,14.7976986383577,0.969,3.95608738968062,3.43920674799665,0.832442903389189,0.505112958942417
1988-10-08,3.88,271.87,2.47,2.47,488.35,0.06516590666950778,658.41,27.06629,750.88,3.17552224503765,2.27054970568104,0.715016154973943,0.219528466253919,0.207214753166224,16.85,1.1541095890411,212.45,3.09468317552804,0,-16.0641,4.11759799833194,1.37608385686463,0.451685660266874,1.30108445697626,0.601283991047423,33.3877563865537,51.0347891166449,14.7976986383577,0.969,3.95608738968062,3.43920674799665,0.832442903389189,0.505112958942417
1988-10-09,4.4,245.97,2.85,2.85,532.1,0.06842420200298316,658.41,27.06629,750.88,3.17552224503765,2.27054970568104,0.715016154973943,0.219528466253919,0.207214753166224,16.85,1.1541095890411,212.45,3.09468317552804,0,-16.0641,4.11759799833194,1.37608385686463,0.451685660266874,1.30108445697626,0.601283991047423,33.3877563865537,51.0347891166449,14.7976986383577,0.969,3.95608738968062,3.43920674799665,0.832442903389189,0.505112958942417
1988-10-10,11.71,230.3,4.91,4.91,637.51,0.0847156786703601,658.41,27.06629,750.88,3.17552224503765,2.27054970568104,0.715016154973943,0.219528466253919,0.207214753166224,16.85,1.1541095890411,212.45,3.09468317552804,0,-16.0641,4.11759799833194,1.37608385686463,0.451685660266874,1.30108445697626,0.601283991047423,33.3877563865537,51.0347891166449,14.7976986383577,0.969,3.95608738968062,3.43920674799665,0.832442903389189,0.505112958942417
1988-10-11,5.88,144.93,4.79,4.79,662.24,0.12707351800554018,658.41,27.06629,750.88,3.17552224503765,2.27054970568104,0.715016154973943,0.219528466253919,0.207214753166224,16.85,1.1541095890411,212.45,3.09468317552804,0,-16.0641,4.11759799833194,1.37608385686463,0.451685660266874,1.30108445697626,0.601283991047423,33.3877563865537,51.0347891166449,14.7976986383577,0.969,3.95608738968062,3.43920674799665,0.832442903389189,0.505112958942417
1988-10-12,1.52,209.97,2.59,2.59,551.58,0.14988158533986787,658.41,27.06629,750.88,3.17552224503765,2.27054970568104,0.715016154973943,0.219528466253919,0.207214753166224,16.85,1.1541095890411,212.45,3.09468317552804,0,-16.0641,4.11759799833194,1.37608385686463,0.451685660266874,1.30108445697626,0.601283991047423,33.3877563865537,51.0347891166449,14.7976986383577,0.969,3.95608738968062,3.43920674799665,0.832442903389189,0.505112958942417
1988-10-13,0.21,219.44,0.89,0.89,497.63,0.12707351800554018,658.41,27.06629,750.88,3.17552224503765,2.27054970568104,0.715016154973943,0.219528466253919,0.207214753166224,16.85,1.1541095890411,212.45,3.09468317552804,0,-16.0641,4.11759799833194,1.37608385686463,0.451685660266874,1.30108445697626,0.601283991047423,33.3877563865537,51.0347891166449,14.7976986383577,0.969,3.95608738968062,3.43920674799665,0.832442903389189,0.505112958942417
1988-10-14,0.08,283.17,3.03,3.03,530.32,0.11078204133816322,658.41,27.06629,750.88,3.17552224503765,2.27054970568104,0.715016154973943,0.219528466253919,0.207214753166224,16.85,1.1541095890411,212.45,3.09468317552804,0,-16.0641,4.11759799833194,1.37608385686463,0.451685660266874,1.30108445697626,0.601283991047423,33.3877563865537,51.0347891166449,14.7976986383577,0.969,3.95608738968062,3.43920674799665,0.832442903389189,0.505112958942417
1988-10-15,0.19,316.42,8.11,8.11,663.18,0.10100715533773705,658.41,27.06629,750.88,3.17552224503765,2.27054970568104,0.715016154973943,0.219528466253919,0.207214753166224,16.85,1.1541095890411,212.45,3.09468317552804,0,-16.0641,4.11759799833194,1.37608385686463,0.451685660266874,1.30108445697626,0.601283991047423,33.3877563865537,51.0347891166449,14.7976986383577,0.969,3.95608738968062,3.43920674799665,0.832442903389189,0.505112958942417
1988-10-16,0.06,359.81,11.71,11.71,788.6,0.09774886000426165,658.41,27.06629,750.88,3.17552224503765,2.27054970568104,0.715016154973943,0.219528466253919,0.207214753166224,16.85,1.1541095890411,212.45,3.09468317552804,0,-16.0641,4.11759799833194,1.37608385686463,0.451685660266874,1.30108445697626,0.601283991047423,33.3877563865537,51.0347891166449,14.7976986383577,0.969,3.95608738968062,3.43920674799665,0.832442903389189,0.505112958942417
1988-10-17,8.42,272.48,12.09,12.09,843.56,0.09123226933731088,658.41,27.06629,750.88,3.17552224503765,2.27054970568104,0.715016154973943,0.219528466253919,0.207214753166224,16.85,1.1541095890411,212.45,3.09468317552804,0,-16.0641,4.11759799833194,1.37608385686463,0.451685660266874,1.30108445697626,0.601283991047423,33.3877563865537,51.0347891166449,14.7976986383577,0.969,3.95608738968062,3.43920674799665,0.832442903389189,0.505112958942417
1988-10-18,4.65,233.88,11.37,11.37,851.36,0.1433649946729171,658.41,27.06629,750.88,3.17552224503765,2.27054970568104,0.715016154973943,0.219528466253919,0.207214753166224,16.85,1.1541095890411,212.45,3.09468317552804,0,-16.0641,4.11759799833194,1.37608385686463,0.451685660266874,1.30108445697626,0.601283991047423,33.3877563865537,51.0347891166449,14.7976986383577,0.969,3.95608738968062,3.43920674799665,0.832442903389189,0.505112958942417
1988-10-19,1.02,249.75,5.04,5.04,578.16,0.18898112934157255,658.41,27.06629,750.88,3.17552224503765,2.27054970568104,0.715016154973943,0.219528466253919,0.207214753166224,16.85,1.1541095890411,212.45,3.09468317552804,0,-16.0641,4.11759799833194,1.37608385686463,0.451685660266874,1.30108445697626,0.601283991047423,33.3877563865537,51.0347891166449,14.7976986383577,0.969,3.95608738968062,3.43920674799665,0.832442903389189,0.505112958942417
1988-10-20,0.82,252.43,4.11,4.11,523.6,0.14988158533986787,658.41,27.06629,750.88,3.17552224503765,2.27054970568104,0.715016154973943,0.219528466253919,0.207214753166224,16.85,1.1541095890411,212.45,3.09468317552804,0,-16.0641,4.11759799833194,1.37608385686463,0.451685660266874,1.30108445697626,0.601283991047423,33.3877563865537,51.0347891166449,14.7976986383577,0.969,3.95608738968062,3.43920674799665,0.832442903389189,0.505112958942417
1988-10-21,8.02,227.13,2.9,2.9,505.6,0.12055692733858939,658.41,27.06629,750.88,3.17552224503765,2.27054970568104,0.715016154973943,0.219528466253919,0.207214753166224,16.85,1.1541095890411,212.45,3.09468317552804,0,-16.0641,4.11759799833194,1.37608385686463,0.451685660266874,1.30108445697626,0.601283991047423,33.3877563865537,51.0347891166449,14.7976986383577,0.969,3.95608738968062,3.43920674799665,0.832442903389189,0.505112958942417
1988-10-22,5.47,147.95,1.83,1.83,534.2,0.15639817600681866,658.41,27.06629,750.88,3.17552224503765,2.27054970568104,0.715016154973943,0.219528466253919,0.207214753166224,16.85,1.1541095890411,212.45,3.09468317552804,0,-16.0641,4.11759799833194,1.37608385686463,0.451685660266874,1.30108445697626,0.601283991047423,33.3877563865537,51.0347891166449,14.7976986383577,0.969,3.95608738968062,3.43920674799665,0.832442903389189,0.505112958942417
1988-10-23,2.94,189.92,2.85,2.85,571.73,0.2671802173449819,658.41,27.06629,750.88,3.17552224503765,2.27054970568104,0.715016154973943,0.219528466253919,0.207214753166224,16.85,1.1541095890411,212.45,3.09468317552804,0,-16.0641,4.11759799833194,1.37608385686463,0.451685660266874,1.30108445697626,0.601283991047423,33.3877563865537,51.0347891166449,14.7976986383577,0.969,3.95608738968062,3.43920674799665,0.832442903389189,0.505112958942417
1988-10-24,1.22,184.91,3.32,3.32,572.37,0.22156408267632643,658.41,27.06629,750.88,3.17552224503765,2.27054970568104,0.715016154973943,0.219528466253919,0.207214753166224,16.85,1.1541095890411,212.45,3.09468317552804,0,-16.0641,4.11759799833194,1.37608385686463,0.451685660266874,1.30108445697626,0.601283991047423,33.3877563865537,51.0347891166449,14.7976986383577,0.969,3.95608738968062,3.43920674799665,0.832442903389189,0.505112958942417
1988-10-25,0.18,210.96,1.81,1.81,516.25,0.19875601534199872,658.41,27.06629,750.88,3.17552224503765,2.27054970568104,0.715016154973943,0.219528466253919,0.207214753166224,16.85,1.1541095890411,212.45,3.09468317552804,0,-16.0641,4.11759799833194,1.37608385686463,0.451685660266874,1.30108445697626,0.601283991047423,33.3877563865537,51.0347891166449,14.7976986383577,0.969,3.95608738968062,3.43920674799665,0.832442903389189,0.505112958942417
1988-10-26,0.0,210.77,0.38,0.38,460.19,0.17594794800767097,658.41,27.06629,750.88,3.17552224503765,2.27054970568104,0.715016154973943,0.219528466253919,0.207214753166224,16.85,1.1541095890411,212.45,3.09468317552804,0,-16.0641,4.11759799833194,1.37608385686463,0.451685660266874,1.30108445697626,0.601283991047423,33.3877563865537,51.0347891166449,14.7976986383577,0.969,3.95608738968062,3.43920674799665,0.832442903389189,0.505112958942417
1988-10-27,1.39,279.44,-0.48,-0.48,404.14,0.15965647134029404,658.41,27.06629,750.88,3.17552224503765,2.27054970568104,0.715016154973943,0.219528466253919,0.207214753166224,16.85,1.1541095890411,212.45,3.09468317552804,0,-16.0641,4.11759799833194,1.37608385686463,0.451685660266874,1.30108445697626,0.601283991047423,33.3877563865537,51.0347891166449,14.7976986383577,0.969,3.95608738968062,3.43920674799665,0.832442903389189,0.505112958942417
1988-10-28,1.47,220.36,3.33,3.33,541.45,0.15639817600681866,658.41,27.06629,750.88,3.17552224503765,2.27054970568104,0.715016154973943,0.219528466253919,0.207214753166224,16.85,1.1541095890411,212.45,3.09468317552804,0,-16.0641,4.11759799833194,1.37608385686463,0.451685660266874,1.30108445697626,0.601283991047423,33.3877563865537,51.0347891166449,14.7976986383577,0.969,3.95608738968062,3.43920674799665,0.832442903389189,0.505112958942417
1988-10-29,0.29,219.6,3.53,3.53,564.74,0.15639817600681866,658.41,27.06629,750.88,3.17552224503765,2.27054970568104,0.715016154973943,0.219528466253919,0.207214753166224,16.85,1.1541095890411,212.45,3.09468317552804,0,-16.0641,4.11759799833194,1.37608385686463,0.451685660266874,1.30108445697626,0.601283991047423,33.3877563865537,51.0347891166449,14.7976986383577,0.969,3.95608738968062,3.43920674799665,0.832442903389189,0.505112958942417
1988-10-30,0.0,257.54,0.17,0.17,421.61,0.14988158533986787,658.41,27.06629,750.88,3.17552224503765,2.27054970568104,0.715016154973943,0.219528466253919,0.207214753166224,16.85,1.1541095890411,212.45,3.09468317552804,0,-16.0641,4.11759799833194,1.37608385686463,0.451685660266874,1.30108445697626,0.601283991047423,33.3877563865537,51.0347891166449,14.7976986383577,0.969,3.95608738968062,3.43920674799665,0.832442903389189,0.505112958942417
1988-10-31,0.0,332.92,-2.48,-2.48,306.55,0.1401066993394417,658.41,27.06629,750.88,3.17552224503765,2.27054970568104,0.715016154973943,0.219528466253919,0.207214753166224,16.85,1.1541095890411,212.45,3.09468317552804,0,-16.0641,4.11759799833194,1.37608385686463,0.451685660266874,1.30108445697626,0.601283991047423,33.3877563865537,51.0347891166449,14.7976986383577,0.969,3.95608738968062,3.43920674799665,0.832442903389189,0.505112958942417
1988-11-01,0.0,292.14,1.43,1.43,434.41,0.12381522267206477,658.41,27.06629,750.88,3.17552224503765,2.27054970568104,0.715016154973943,0.219528466253919,0.207214753166224,16.85,1.1541095890411,212.45,3.09468317552804,0,-16.0641,4.11759799833194,1.37608385686463,0.451685660266874,1.30108445697626,0.601283991047423,33.3877563865537,51.0347891166449,14.7976986383577,0.969,3.95608738968062,3.43920674799665,0.832442903389189,0.505112958942417
1988-11-02,0.53,151.76,2.17,2.17,534.22,0.12055692733858939,658.41,27.06629,750.88,3.17552224503765,2.27054970568104,0.715016154973943,0.219528466253919,0.207214753166224,16.85,1.1541095890411,212.45,3.09468317552804,0,-16.0641,4.11759799833194,1.37608385686463,0.451685660266874,1.30108445697626,0.601283991047423,33.3877563865537,51.0347891166449,14.7976986383577,0.969,3.95608738968062,3.43920674799665,0.832442903389189,0.505112958942417
1988-11-03,3.68,206.49,3.11,3.11,573.84,0.11404033667163861,658.41,27.06629,750.88,3.17552224503765,2.27054970568104,0.715016154973943,0.219528466253919,0.207214753166224,16.85,1.1541095890411,212.45,3.09468317552804,0,-16.0641,4.11759799833194,1.37608385686463,0.451685660266874,1.30108445697626,0.601283991047423,33.3877563865537,51.0347891166449,14.7976986383577,0.969,3.95608738968062,3.43920674799665,0.832442903389189,0.505112958942417
1988-11-04,3.98,227.7,7.04,7.04,694.36,0.13033181333901556,658.41,27.06629,750.88,3.17552224503765,2.27054970568104,0.715016154973943,0.219528466253919,0.207214753166224,16.85,1.1541095890411,212.45,3.09468317552804,0,-16.0641,4.11759799833194,1.37608385686463,0.451685660266874,1.30108445697626,0.601283991047423,33.3877563865537,51.0347891166449,14.7976986383577,0.969,3.95608738968062,3.43920674799665,0.832442903389189,0.505112958942417
1988-11-05,13.53,198.39,10.51,10.51,862.71,0.17920624334114638,658.41,27.06629,750.88,3.17552224503765,2.27054970568104,0.715016154973943,0.219528466253919,0.207214753166224,16.85,1.1541095890411,212.45,3.09468317552804,0,-16.0641,4.11759799833194,1.37608385686463,0.451685660266874,1.30108445697626,0.601283991047423,33.3877563865537,51.0347891166449,14.7976986383577,0.969,3.95608738968062,3.43920674799665,0.832442903389189,0.505112958942417
1988-11-06,4.89,167.25,7.78,7.78,753.21,0.6907586106967823,658.41,27.06629,750.88,3.17552224503765,2.27054970568104,0.715016154973943,0.219528466253919,0.207214753166224,16.85,1.1541095890411,212.45,3.09468317552804,0,-16.0641,4.11759799833194,1.37608385686463,0.451685660266874,1.30108445697626,0.601283991047423,33.3877563865537,51.0347891166449,14.7976986383577,0.969,3.95608738968062,3.43920674799665,0.832442903389189,0.505112958942417
1988-11-07,1.13,189.62,3.03,3.03,552.01,0.36167078201576813,658.41,27.06629,750.88,3.17552224503765,2.27054970568104,0.715016154973943,0.219528466253919,0.207214753166224,16.85,1.1541095890411,212.45,3.09468317552804,0,-16.0641,4.11759799833194,1.37608385686463,0.451685660266874,1.30108445697626,0.601283991047423,33.3877563865537,51.0347891166449,14.7976986383577,0.969,3.95608738968062,3.43920674799665,0.832442903389189,0.505112958942417
1988-11-08,2.36,132.55,1.79,1.79,547.28,0.2899882846793096,658.41,27.06629,750.88,3.17552224503765,2.27054970568104,0.715016154973943,0.219528466253919,0.207214753166224,16.85,1.1541095890411,212.45,3.09468317552804,0,-16.0641,4.11759799833194,1.37608385686463,0.451685660266874,1.30108445697626,0.601283991047423,33.3877563865537,51.0347891166449,14.7976986383577,0.969,3.95608738968062,3.43920674799665,0.832442903389189,0.505112958942417
1988-11-09,0.77,176.48,3.64,3.64,620.03,0.2834716940123588,658.41,27.06629,750.88,3.17552224503765,2.27054970568104,0.715016154973943,0.219528466253919,0.207214753166224,16.85,1.1541095890411,212.45,3.09468317552804,0,-16.0641,4.11759799833194,1.37608385686463,0.451685660266874,1.30108445697626,0.601283991047423,33.3877563865537,51.0347891166449,14.7976986383577,0.969,3.95608738968062,3.43920674799665,0.832442903389189,0.505112958942417
1988-11-10,1.76,179.85,5.14,5.14,652.14,0.276955103345408,658.41,27.06629,750.88,3.17552224503765,2.27054970568104,0.715016154973943,0.219528466253919,0.207214753166224,16.85,1.1541095890411,212.45,3.09468317552804,0,-16.0641,4.11759799833194,1.37608385686463,0.451685660266874,1.30108445697626,0.601283991047423,33.3877563865537,51.0347891166449,14.7976986383577,0.969,3.95608738968062,3.43920674799665,0.832442903389189,0.505112958942417
1988-11-11,0.92,189.22,4.37,4.37,600.64,0.27043851267845725,658.41,27.06629,750.88,3.17552224503765,2.27054970568104,0.715016154973943,0.219528466253919,0.207214753166224,16.85,1.1541095890411,212.45,3.09468317552804,0,-16.0641,4.11759799833194,1.37608385686463,0.451685660266874,1.30108445697626,0.601283991047423,33.3877563865537,51.0347891166449,14.7976986383577,0.969,3.95608738968062,3.43920674799665,0.832442903389189,0.505112958942417
1988-11-12,3.1,190.38,1.52,1.52,499.77,0.2671802173449819,658.41,27.06629,750.88,3.17552224503765,2.27054970568104,0.715016154973943,0.219528466253919,0.207214753166224,16.85,1.1541095890411,212.45,3.09468317552804,0,-16.0641,4.11759799833194,1.37608385686463,0.451685660266874,1.30108445697626,0.601283991047423,33.3877563865537,51.0347891166449,14.7976986383577,0.969,3.95608738968062,3.43920674799665,0.832442903389189,0.505112958942417
1988-11-13,3.06,149.59,4.07,4.07,611.7,0.276955103345408,658.41,27.06629,750.88,3.17552224503765,2.27054970568104,0.715016154973943,0.219528466253919,0.207214753166224,16.85,1.1541095890411,212.45,3.09468317552804,0,-16.0641,4.11759799833194,1.37608385686463,0.451685660266874,1.30108445697626,0.601283991047423,33.3877563865537,51.0347891166449,14.7976986383577,0.969,3.95608738968062,3.43920674799665,0.832442903389189,0.505112958942417
1988-11-14,0.6,278.3,3.61,3.61,520.49,0.4007703260174728,658.41,27.06629,750.88,3.17552224503765,2.27054970568104,0.715016154973943,0.219528466253919,0.207214753166224,16.85,1.1541095890411,212.45,3.09468317552804,0,-16.0641,4.11759799833194,1.37608385686463,0.451685660266874,1.30108445697626,0.601283991047423,33.3877563865537,51.0347891166449,14.7976986383577,0.969,3.95608738968062,3.43920674799665,0.832442903389189,0.505112958942417
1988-11-15,0.0,270.69,4.61,4.61,548.53,0.30953805668016193,658.41,27.06629,750.88,3.17552224503765,2.27054970568104,0.715016154973943,0.219528466253919,0.207214753166224,16.85,1.1541095890411,212.45,3.09468317552804,0,-16.0641,4.11759799833194,1.37608385686463,0.451685660266874,1.30108445697626,0.601283991047423,33.3877563865537,51.0347891166449,14.7976986383577,0.969,3.95608738968062,3.43920674799665,0.832442903389189,0.505112958942417
1988-11-16,1.47,201.65,7.15,7.15,654.0,0.276955103345408,658.41,27.06629,750.88,3.17552224503765,2.27054970568104,0.715016154973943,0.219528466253919,0.207214753166224,16.85,1.1541095890411,212.45,3.09468317552804,0,-16.0641,4.11759799833194,1.37608385686463,0.451685660266874,1.30108445697626,0.601283991047423,33.3877563865537,51.0347891166449,14.7976986383577,0.969,3.95608738968062,3.43920674799665,0.832442903389189,0.505112958942417
1988-11-17,0.39,267.32,7.26,7.26,631.32,0.27369680801193264,658.41,27.06629,750.88,3.17552224503765,2.27054970568104,0.715016154973943,0.219528466253919,0.207214753166224,16.85,1.1541095890411,212.45,3.09468317552804,0,-16.0641,4.11759799833194,1.37608385686463,0.451685660266874,1.30108445697626,0.601283991047423,33.3877563865537,51.0347891166449,14.7976986383577,0.969,3.95608738968062,3.43920674799665,0.832442903389189,0.505112958942417
1988-11-18,0.98,190.34,3.48,3.48,531.99,0.26392192201150644,658.41,27.06629,750.88,3.17552224503765,2.27054970568104,0.715016154973943,0.219528466253919,0.207214753166224,16.85,1.1541095890411,212.45,3.09468317552804,0,-16.0641,4.11759799833194,1.37608385686463,0.451685660266874,1.30108445697626,0.601283991047423,33.3877563865537,51.0347891166449,14.7976986383577,0.969,3.95608738968062,3.43920674799665,0.832442903389189,0.505112958942417
1988-11-19,8.32,176.14,-0.13,-0.13,449.41,0.23459726401022798,658.41,27.06629,750.88,3.17552224503765,2.27054970568104,0.715016154973943,0.219528466253919,0.207214753166224,16.85,1.1541095890411,212.45,3.09468317552804,0,-16.0641,4.11759799833194,1.37608385686463,0.451685660266874,1.30108445697626,0.601283991047423,33.3877563865537,51.0347891166449,14.7976986383577,0.969,3.95608738968062,3.43920674799665,0.832442903389189,0.505112958942417
1988-11-20,7.82,174.04,3.5,3.5,579.2,0.3388627146814404,658.41,27.06629,750.88,3.17552224503765,2.27054970568104,0.715016154973943,0.219528466253919,0.207214753166224,16.85,1.1541095890411,212.45,3.09468317552804,0,-16.0641,4.11759799833194,1.37608385686463,0.451685660266874,1.30108445697626,0.601283991047423,33.3877563865537,51.0347891166449,14.7976986383577,0.969,3.95608738968062,3.43920674799665,0.832442903389189,0.505112958942417
1988-11-21,2.1,180.02,3.69,3.69,580.45,0.8536733773705517,658.41,27.06629,750.88,3.17552224503765,2.27054970568104,0.715016154973943,0.219528466253919,0.207214753166224,16.85,1.1541095890411,212.45,3.09468317552804,0,-16.0641,4.11759799833194,1.37608385686463,0.451685660266874,1.30108445697626,0.601283991047423,33.3877563865537,51.0347891166449,14.7976986383577,0.969,3.95608738968062,3.43920674799665,0.832442903389189,0.505112958942417
1988-11-22,0.16,179.29,0.75,0.75,469.44,0.5636850926912422,658.41,27.06629,750.88,3.17552224503765,2.27054970568104,0.715016154973943,0.219528466253919,0.207214753166224,16.85,1.1541095890411,212.45,3.09468317552804,0,-16.0641,4.11759799833194,1.37608385686463,0.451685660266874,1.30108445697626,0.601283991047423,33.3877563865537,51.0347891166449,14.7976986383577,0.969,3.95608738968062,3.43920674799665,0.832442903389189,0.505112958942417
1988-11-23,0.02,237.6,-2.77,-2.77,333.8,0.43986987001917743,658.41,27.06629,750.88,3.17552224503765,2.27054970568104,0.715016154973943,0.219528466253919,0.207214753166224,16.85,1.1541095890411,212.45,3.09468317552804,0,-16.0641,4.11759799833194,1.37608385686463,0.451685660266874,1.30108445697626,0.601283991047423,33.3877563865537,51.0347891166449,14.7976986383577,0.969,3.95608738968062,3.43920674799665,0.832442903389189,0.505112958942417
1988-11-24,0.0,264.72,-2.14,-2.14,317.71,0.38122055401662047,658.41,27.06629,750.88,3.17552224503765,2.27054970568104,0.715016154973943,0.219528466253919,0.207214753166224,16.85,1.1541095890411,212.45,3.09468317552804,0,-16.0641,4.11759799833194,1.37608385686463,0.451685660266874,1.30108445697626,0.601283991047423,33.3877563865537,51.0347891166449,14.7976986383577,0.969,3.95608738968062,3.43920674799665,0.832442903389189,0.505112958942417
1988-11-25,0.0,270.04,0.41,0.41,366.7,0.32908782868101427,658.41,27.06629,750.88,3.17552224503765,2.27054970568104,0.715016154973943,0.219528466253919,0.207214753166224,16.85,1.1541095890411,212.45,3.09468317552804,0,-16.0641,4.11759799833194,1.37608385686463,0.451685660266874,1.30108445697626,0.601283991047423,33.3877563865537,51.0347891166449,14.7976986383577,0.969,3.95608738968062,3.43920674799665,0.832442903389189,0.505112958942417
1988-11-26,0.52,194.6,5.04,5.04,523.42,0.33234612401448965,658.41,27.06629,750.88,3.17552224503765,2.27054970568104,0.715016154973943,0.219528466253919,0.207214753166224,16.85,1.1541095890411,212.45,3.09468317552804,0,-16.0641,4.11759799833194,1.37608385686463,0.451685660266874,1.30108445697626,0.601283991047423,33.3877563865537,51.0347891166449,14.7976986383577,0.969,3.95608738968062,3.43920674799665,0.832442903389189,0.505112958942417
1988-11-27,0.96,176.51,8.76,8.76,698.1,0.32257123801406345,658.41,27.06629,750.88,3.17552224503765,2.27054970568104,0.715016154973943,0.219528466253919,0.207214753166224,16.85,1.1541095890411,212.45,3.09468317552804,0,-16.0641,4.11759799833194,1.37608385686463,0.451685660266874,1.30108445697626,0.601283991047423,33.3877563865537,51.0347891166449,14.7976986383577,0.969,3.95608738968062,3.43920674799665,0.832442903389189,0.505112958942417
1988-11-28,2.88,181.43,4.6,4.6,533.13,0.32257123801406345,658.41,27.06629,750.88,3.17552224503765,2.27054970568104,0.715016154973943,0.219528466253919,0.207214753166224,16.85,1.1541095890411,212.45,3.09468317552804,0,-16.0641,4.11759799833194,1.37608385686463,0.451685660266874,1.30108445697626,0.601283991047423,33.3877563865537,51.0347891166449,14.7976986383577,0.969,3.95608738968062,3.43920674799665,0.832442903389189,0.505112958942417
1988-11-29,0.72,108.44,1.19,1.19,494.16,0.3258295333475389,658.41,27.06629,750.88,3.17552224503765,2.27054970568104,0.715016154973943,0.219528466253919,0.207214753166224,16.85,1.1541095890411,212.45,3.09468317552804,0,-16.0641,4.11759799833194,1.37608385686463,0.451685660266874,1.30108445697626,0.601283991047423,33.3877563865537,51.0347891166449,14.7976986383577,0.969,3.95608738968062,3.43920674799665,0.832442903389189,0.505112958942417
1988-11-30,0.04,160.36,-0.09,-0.09,470.61,0.29976317067973574,658.41,27.06629,750.88,3.17552224503765,2.27054970568104,0.715016154973943,0.219528466253919,0.207214753166224,16.85,1.1541095890411,212.45,3.09468317552804,0,-16.0641,4.11759799833194,1.37608385686463,0.451685660266874,1.30108445697626,0.601283991047423,33.3877563865537,51.0347891166449,14.7976986383577,0.969,3.95608738968062,3.43920674799665,0.832442903389189,0.505112958942417
1988-12-01,0.61,82.72,0.84,0.84,509.07,0.29650487534626035,658.41,27.06629,750.88,3.17552224503765,2.27054970568104,0.715016154973943,0.219528466253919,0.207214753166224,16.85,1.1541095890411,212.45,3.09468317552804,0,-16.0641,4.11759799833194,1.37608385686463,0.451685660266874,1.30108445697626,0.601283991047423,33.3877563865537,51.0347891166449,14.7976986383577,0.969,3.95608738968062,3.43920674799665,0.832442903389189,0.505112958942417
1988-12-02,0.16,155.25,-1.99,-1.99,407.49,0.2802133986788834,658.41,27.06629,750.88,3.17552224503765,2.27054970568104,0.715016154973943,0.219528466253919,0.207214753166224,16.85,1.1541095890411,212.45,3.09468317552804,0,-16.0641,4.11759799833194,1.37608385686463,0.451685660266874,1.30108445697626,0.601283991047423,33.3877563865537,51.0347891166449,14.7976986383577,0.969,3.95608738968062,3.43920674799665,0.832442903389189,0.505112958942417
1988-12-03,0.0,225.22,-0.34,-0.34,399.15,0.2508887406776049,658.41,27.06629,750.88,3.17552224503765,2.27054970568104,0.715016154973943,0.219528466253919,0.207214753166224,16.85,1.1541095890411,212.45,3.09468317552804,0,-16.0641,4.11759799833194,1.37608385686463,0.451685660266874,1.30108445697626,0.601283991047423,33.3877563865537,51.0347891166449,14.7976986383577,0.969,3.95608738968062,3.43920674799665,0.832442903389189,0.505112958942417
1988-12-04,0.0,230.1,-1.07,-1.07,352.98,0.23785555934370337,658.41,27.06629,750.88,3.17552224503765,2.27054970568104,0.715016154973943,0.219528466253919,0.207214753166224,16.85,1.1541095890411,212.45,3.09468317552804,0,-16.0641,4.11759799833194,1.37608385686463,0.451685660266874,1.30108445697626,0.601283991047423,33.3877563865537,51.0347891166449,14.7976986383577,0.969,3.95608738968062,3.43920674799665,0.832442903389189,0.505112958942417
1988-12-05,0.0,201.35,-2.11,-2.11,356.93,0.21830578734285105,658.41,27.06629,750.88,3.17552224503765,2.27054970568104,0.715016154973943,0.219528466253919,0.207214753166224,16.85,1.1541095890411,212.45,3.09468317552804,0,-16.0641,4.11759799833194,1.37608385686463,0.451685660266874,1.30108445697626,0.601283991047423,33.3877563865537,51.0347891166449,14.7976986383577,0.969,3.95608738968062,3.43920674799665,0.832442903389189,0.505112958942417
1988-12-06,0.0,204.24,0.38,0.38,445.55,0.23459726401022798,658.41,27.06629,750.88,3.17552224503765,2.27054970568104,0.715016154973943,0.219528466253919,0.207214753166224,16.85,1.1541095890411,212.45,3.09468317552804,0,-16.0641,4.11759799833194,1.37608385686463,0.451685660266874,1.30108445697626,0.601283991047423,33.3877563865537,51.0347891166449,14.7976986383577,0.969,3.95608738968062,3.43920674799665,0.832442903389189,0.505112958942417
1988-12-07,0.01,190.75,1.9,1.9,468.7,0.22156408267632643,658.41,27.06629,750.88,3.17552224503765,2.27054970568104,0.715016154973943,0.219528466253919,0.207214753166224,16.85,1.1541095890411,212.45,3.09468317552804,0,-16.0641,4.11759799833194,1.37608385686463,0.451685660266874,1.30108445697626,0.601283991047423,33.3877563865537,51.0347891166449,14.7976986383577,0.969,3.95608738968062,3.43920674799665,0.832442903389189,0.505112958942417
1988-12-08,0.78,196.73,-1.6,-1.6,353.15,0.20853090134242488,658.41,27.06629,750.88,3.17552224503765,2.27054970568104,0.715016154973943,0.219528466253919,0.207214753166224,16.85,1.1541095890411,212.45,3.09468317552804,0,-16.0641,4.11759799833194,1.37608385686463,0.451685660266874,1.30108445697626,0.601283991047423,33.3877563865537,51.0347891166449,14.7976986383577,0.969,3.95608738968062,3.43920674799665,0.832442903389189,0.505112958942417
1988-12-09,1.42,183.86,-4.36,-4.36,285.8,0.19223942467504793,658.41,27.06629,750.88,3.17552224503765,2.27054970568104,0.715016154973943,0.219528466253919,0.207214753166224,16.85,1.1541095890411,212.45,3.09468317552804,0,-16.0641,4.11759799833194,1.37608385686463,0.451685660266874,1.30108445697626,0.601283991047423,33.3877563865537,51.0347891166449,14.7976986383577,0.969,3.95608738968062,3.43920674799665,0.832442903389189,0.505112958942417
1988-12-10,1.63,182.24,-8.18,-8.18,206.9,0.16291476667376945,658.41,27.06629,750.88,3.17552224503765,2.27054970568104,0.715016154973943,0.219528466253919,0.207214753166224,16.85,1.1541095890411,212.45,3.09468317552804,0,-16.0641,4.11759799833194,1.37608385686463,0.451685660266874,1.30108445697626,0.601283991047423,33.3877563865537,51.0347891166449,14.7976986383577,0.969,3.95608738968062,3.43920674799665,0.832442903389189,0.505112958942417
1988-12-11,0.37,267.41,-12.5,-12.5,123.62,0.18246453867462176,658.41,27.06629,750.88,3.17552224503765,2.27054970568104,0.715016154973943,0.219528466253919,0.207214753166224,16.85,1.1541095890411,212.45,3.09468317552804,0,-16.0641,4.11759799833194,1.37608385686463,0.451685660266874,1.30108445697626,0.601283991047423,33.3877563865537,51.0347891166449,14.7976986383577,0.969,3.95608738968062,3.43920674799665,0.832442903389189,0.505112958942417
1988-12-12,0.35,229.1,-18.51,-18.51,66.23,0.3388627146814404,658.41,27.06629,750.88,3.17552224503765,2.27054970568104,0.715016154973943,0.219528466253919,0.207214753166224,16.85,1.1541095890411,212.45,3.09468317552804,0,-16.0641,4.11759799833194,1.37608385686463,0.451685660266874,1.30108445697626,0.601283991047423,33.3877563865537,51.0347891166449,14.7976986383577,0.969,3.95608738968062,3.43920674799665,0.832442903389189,0.505112958942417
1988-12-13,1.17,222.24,-15.87,-15.87,91.97,0.22482237800980182,658.41,27.06629,750.88,3.17552224503765,2.27054970568104,0.715016154973943,0.219528466253919,0.207214753166224,16.85,1.1541095890411,212.45,3.09468317552804,0,-16.0641,4.11759799833194,1.37608385686463,0.451685660266874,1.30108445697626,0.601283991047423,33.3877563865537,51.0347891166449,14.7976986383577,0.969,3.95608738968062,3.43920674799665,0.832442903389189,0.505112958942417
1988-12-14,2.92,195.72,-10.99,-10.99,166.38,0.21504749200937565,658.41,27.06629,750.88,3.17552224503765,2.27054970568104,0.715016154973943,0.219528466253919,0.207214753166224,16.85,1.1541095890411,212.45,3.09468317552804,0,-16.0641,4.11759799833194,1.37608385686463,0.451685660266874,1.30108445697626,0.601283991047423,33.3877563865537,51.0347891166449,14.7976986383577,0.969,3.95608738968062,3.43920674799665,0.832442903389189,0.505112958942417
1988-12-15,2.93,227.47,-6.24,-6.24,220.02,0.22482237800980182,658.41,27.06629,750.88,3.17552224503765,2.27054970568104,0.715016154973943,0.219528466253919,0.207214753166224,16.85,1.1541095890411,212.45,3.09468317552804,0,-16.0641,4.11759799833194,1.37608385686463,0.451685660266874,1.30108445697626,0.601283991047423,33.3877563865537,51.0347891166449,14.7976986383577,0.969,3.95608738968062,3.43920674799665,0.832442903389189,0.505112958942417
1988-12-16,0.99,213.55,-11.1,-11.1,147.3,0.26392192201150644,658.41,27.06629,750.88,3.17552224503765,2.27054970568104,0.715016154973943,0.219528466253919,0.207214753166224,16.85,1.1541095890411,212.45,3.09468317552804,0,-16.0641,4.11759799833194,1.37608385686463,0.451685660266874,1.30108445697626,0.601283991047423,33.3877563865537,51.0347891166449,14.7976986383577,0.969,3.95608738968062,3.43920674799665,0.832442903389189,0.505112958942417
1988-12-17,0.87,200.94,-11.05,-11.05,152.69,0.18246453867462176,658.41,27.06629,750.88,3.17552224503765,2.27054970568104,0.715016154973943,0.219528466253919,0.207214753166224,16.85,1.1541095890411,212.45,3.09468317552804,0,-16.0641,4.11759799833194,1.37608385686463,0.451685660266874,1.30108445697626,0.601283991047423,33.3877563865537,51.0347891166449,14.7976986383577,0.969,3.95608738968062,3.43920674799665,0.832442903389189,0.505112958942417
1988-12-18,0.81,211.16,-11.75,-11.75,154.67,0.18246453867462176,658.41,27.06629,750.88,3.17552224503765,2.27054970568104,0.715016154973943,0.219528466253919,0.207214753166224,16.85,1.1541095890411,212.45,3.09468317552804,0,-16.0641,4.11759799833194,1.37608385686463,0.451685660266874,1.30108445697626,0.601283991047423,33.3877563865537,51.0347891166449,14.7976986383577,0.969,3.95608738968062,3.43920674799665,0.832442903389189,0.505112958942417
1988-12-19,0.16,235.11,-6.77,-6.77,261.24,0.21178919667590027,658.41,27.06629,750.88,3.17552224503765,2.27054970568104,0.715016154973943,0.219528466253919,0.207214753166224,16.85,1.1541095890411,212.45,3.09468317552804,0,-16.0641,4.11759799833194,1.37608385686463,0.451685660266874,1.30108445697626,0.601283991047423,33.3877563865537,51.0347891166449,14.7976986383577,0.969,3.95608738968062,3.43920674799665,0.832442903389189,0.505112958942417
1988-12-20,0.04,259.68,1.12,1.12,423.36,0.20853090134242488,658.41,27.06629,750.88,3.17552224503765,2.27054970568104,0.715016154973943,0.219528466253919,0.207214753166224,16.85,1.1541095890411,212.45,3.09468317552804,0,-16.0641,4.11759799833194,1.37608385686463,0.451685660266874,1.30108445697626,0.601283991047423,33.3877563865537,51.0347891166449,14.7976986383577,0.969,3.95608738968062,3.43920674799665,0.832442903389189,0.505112958942417
1988-12-21,0.01,222.08,3.61,3.61,519.55,0.511552367355636,658.41,27.06629,750.88,3.17552224503765,2.27054970568104,0.715016154973943,0.219528466253919,0.207214753166224,16.85,1.1541095890411,212.45,3.09468317552804,0,-16.0641,4.11759799833194,1.37608385686463,0.451685660266874,1.30108445697626,0.601283991047423,33.3877563865537,51.0347891166449,14.7976986383577,0.969,3.95608738968062,3.43920674799665,0.832442903389189,0.505112958942417
1988-12-22,0.74,169.98,-0.44,-0.44,425.27,0.42357839335180053,658.41,27.06629,750.88,3.17552224503765,2.27054970568104,0.715016154973943,0.219528466253919,0.207214753166224,16.85,1.1541095890411,212.45,3.09468317552804,0,-16.0641,4.11759799833194,1.37608385686463,0.451685660266874,1.30108445697626,0.601283991047423,33.3877563865537,51.0347891166449,14.7976986383577,0.969,3.95608738968062,3.43920674799665,0.832442903389189,0.505112958942417
1988-12-23,3.24,189.49,-0.49,-0.49,411.06,0.3127963520136373,658.41,27.06629,750.88,3.17552224503765,2.27054970568104,0.715016154973943,0.219528466253919,0.207214753166224,16.85,1.1541095890411,212.45,3.09468317552804,0,-16.0641,4.11759799833194,1.37608385686463,0.451685660266874,1.30108445697626,0.601283991047423,33.3877563865537,51.0347891166449,14.7976986383577,0.969,3.95608738968062,3.43920674799665,0.832442903389189,0.505112958942417
1988-12-24,7.31,210.73,0.16,0.16,413.97,0.4920025953547837,658.41,27.06629,750.88,3.17552224503765,2.27054970568104,0.715016154973943,0.219528466253919,0.207214753166224,16.85,1.1541095890411,212.45,3.09468317552804,0,-16.0641,4.11759799833194,1.37608385686463,0.451685660266874,1.30108445697626,0.601283991047423,33.3877563865537,51.0347891166449,14.7976986383577,0.969,3.95608738968062,3.43920674799665,0.832442903389189,0.505112958942417
1988-12-25,2.46,173.43,1.91,1.91,482.2,1.107820413381632,658.41,27.06629,750.88,3.17552224503765,2.27054970568104,0.715016154973943,0.219528466253919,0.207214753166224,16.85,1.1541095890411,212.45,3.09468317552804,0,-16.0641,4.11759799833194,1.37608385686463,0.451685660266874,1.30108445697626,0.601283991047423,33.3877563865537,51.0347891166449,14.7976986383577,0.969,3.95608738968062,3.43920674799665,0.832442903389189,0.505112958942417
1988-12-26,1.55,160.69,-3.11,-3.11,353.75,0.8373819007031749,658.41,27.06629,750.88,3.17552224503765,2.27054970568104,0.715016154973943,0.219528466253919,0.207214753166224,16.85,1.1541095890411,212.45,3.09468317552804,0,-16.0641,4.11759799833194,1.37608385686463,0.451685660266874,1.30108445697626,0.601283991047423,33.3877563865537,51.0347891166449,14.7976986383577,0.969,3.95608738968062,3.43920674799665,0.832442903389189,0.505112958942417
1988-12-27,5.29,194.77,-3.18,-3.18,343.7,0.7233415640315363,658.41,27.06629,750.88,3.17552224503765,2.27054970568104,0.715016154973943,0.219528466253919,0.207214753166224,16.85,1.1541095890411,212.45,3.09468317552804,0,-16.0641,4.11759799833194,1.37608385686463,0.451685660266874,1.30108445697626,0.601283991047423,33.3877563865537,51.0347891166449,14.7976986383577,0.969,3.95608738968062,3.43920674799665,0.832442903389189,0.505112958942417
1988-12-28,5.87,191.97,-1.52,-1.52,369.59,1.3261262007244832,658.41,27.06629,750.88,3.17552224503765,2.27054970568104,0.715016154973943,0.219528466253919,0.207214753166224,16.85,1.1541095890411,212.45,3.09468317552804,0,-16.0641,4.11759799833194,1.37608385686463,0.451685660266874,1.30108445697626,0.601283991047423,33.3877563865537,51.0347891166449,14.7976986383577,0.969,3.95608738968062,3.43920674799665,0.832442903389189,0.505112958942417
1988-12-29,1.55,213.18,-4.64,-4.64,292.12,1.4988158533986788,658.41,27.06629,750.88,3.17552224503765,2.27054970568104,0.715016154973943,0.219528466253919,0.207214753166224,16.85,1.1541095890411,212.45,3.09468317552804,0,-16.0641,4.11759799833194,1.37608385686463,0.451685660266874,1.30108445697626,0.601283991047423,33.3877563865537,51.0347891166449,14.7976986383577,0.969,3.95608738968062,3.43920674799665,0.832442903389189,0.505112958942417
1988-12-30,0.09,244.91,-5.67,-5.67,268.69,1.0263630300447473,658.41,27.06629,750.88,3.17552224503765,2.27054970568104,0.715016154973943,0.219528466253919,0.207214753166224,16.85,1.1541095890411,212.45,3.09468317552804,0,-16.0641,4.11759799833194,1.37608385686463,0.451685660266874,1.30108445697626,0.601283991047423,33.3877563865537,51.0347891166449,14.7976986383577,0.969,3.95608738968062,3.43920674799665,0.832442903389189,0.505112958942417
1988-12-31,0.0,253.08,-5.17,-5.17,269.37,0.8471567867036011,658.41,27.06629,750.88,3.17552224503765,2.27054970568104,0.715016154973943,0.219528466253919,0.207214753166224,16.85,1.1541095890411,212.45,3.09468317552804,0,-16.0641,4.11759799833194,1.37608385686463,0.451685660266874,1.30108445697626,0.601283991047423,33.3877563865537,51.0347891166449,14.7976986383577,0.969,3.95608738968062,3.43920674799665,0.832442903389189,0.505112958942417
1989-01-01,0.0,263.02,-4.83,-4.83,275.38,0.6679505433624546,658.41,27.06629,750.88,3.17552224503765,2.27054970568104,0.715016154973943,0.219528466253919,0.207214753166224,16.85,1.1541095890411,212.45,3.09468317552804,0,-16.0641,4.11759799833194,1.37608385686463,0.451685660266874,1.30108445697626,0.601283991047423,33.3877563865537,51.0347891166449,14.7976986383577,0.969,3.95608738968062,3.43920674799665,0.832442903389189,0.505112958942417
1989-01-02,0.67,176.59,-3.83,-3.83,313.42,0.5799765693586192,658.41,27.06629,750.88,3.17552224503765,2.27054970568104,0.715016154973943,0.219528466253919,0.207214753166224,16.85,1.1541095890411,212.45,3.09468317552804,0,-16.0641,4.11759799833194,1.37608385686463,0.451685660266874,1.30108445697626,0.601283991047423,33.3877563865537,51.0347891166449,14.7976986383577,0.969,3.95608738968062,3.43920674799665,0.832442903389189,0.505112958942417
1989-01-03,2.33,172.12,-5.78,-5.78,265.19,0.47245282335393135,658.41,27.06629,750.88,3.17552224503765,2.27054970568104,0.715016154973943,0.219528466253919,0.207214753166224,16.85,1.1541095890411,212.45,3.09468317552804,0,-16.0641,4.11759799833194,1.37608385686463,0.451685660266874,1.30108445697626,0.601283991047423,33.3877563865537,51.0347891166449,14.7976986383577,0.969,3.95608738968062,3.43920674799665,0.832442903389189,0.505112958942417
1989-01-04,1.12,248.67,-11.95,-11.95,139.7,0.30627976134668655,658.41,27.06629,750.88,3.17552224503765,2.27054970568104,0.715016154973943,0.219528466253919,0.207214753166224,16.85,1.1541095890411,212.45,3.09468317552804,0,-16.0641,4.11759799833194,1.37608385686463,0.451685660266874,1.30108445697626,0.601283991047423,33.3877563865537,51.0347891166449,14.7976986383577,0.969,3.95608738968062,3.43920674799665,0.832442903389189,0.505112958942417
1989-01-05,1.62,226.48,-14.44,-14.44,118.39,0.27369680801193264,658.41,27.06629,750.88,3.17552224503765,2.27054970568104,0.715016154973943,0.219528466253919,0.207214753166224,16.85,1.1541095890411,212.45,3.09468317552804,0,-16.0641,4.11759799833194,1.37608385686463,0.451685660266874,1.30108445697626,0.601283991047423,33.3877563865537,51.0347891166449,14.7976986383577,0.969,3.95608738968062,3.43920674799665,0.832442903389189,0.505112958942417
1989-01-06,1.92,203.4,-8.97,-8.97,218.69,0.27369680801193264,658.41,27.06629,750.88,3.17552224503765,2.27054970568104,0.715016154973943,0.219528466253919,0.207214753166224,16.85,1.1541095890411,212.45,3.09468317552804,0,-16.0641,4.11759799833194,1.37608385686463,0.451685660266874,1.30108445697626,0.601283991047423,33.3877563865537,51.0347891166449,14.7976986383577,0.969,3.95608738968062,3.43920674799665,0.832442903389189,0.505112958942417
1989-01-07,4.61,153.14,-3.49,-3.49,366.62,0.29650487534626035,658.41,27.06629,750.88,3.17552224503765,2.27054970568104,0.715016154973943,0.219528466253919,0.207214753166224,16.85,1.1541095890411,212.45,3.09468317552804,0,-16.0641,4.11759799833194,1.37608385686463,0.451685660266874,1.30108445697626,0.601283991047423,33.3877563865537,51.0347891166449,14.7976986383577,0.969,3.95608738968062,3.43920674799665,0.832442903389189,0.505112958942417
1989-01-08,1.18,190.62,-0.48,-0.48,427.19,0.3388627146814404,658.41,27.06629,750.88,3.17552224503765,2.27054970568104,0.715016154973943,0.219528466253919,0.207214753166224,16.85,1.1541095890411,212.45,3.09468317552804,0,-16.0641,4.11759799833194,1.37608385686463,0.451685660266874,1.30108445697626,0.601283991047423,33.3877563865537,51.0347891166449,14.7976986383577,0.969,3.95608738968062,3.43920674799665,0.832442903389189,0.505112958942417
1989-01-09,0.02,234.04,-3.63,-3.63,310.14,0.4203200980183251,658.41,27.06629,750.88,3.17552224503765,2.27054970568104,0.715016154973943,0.219528466253919,0.207214753166224,16.85,1.1541095890411,212.45,3.09468317552804,0,-16.0641,4.11759799833194,1.37608385686463,0.451685660266874,1.30108445697626,0.601283991047423,33.3877563865537,51.0347891166449,14.7976986383577,0.969,3.95608738968062,3.43920674799665,0.832442903389189,0.505112958942417
1989-01-10,0.0,290.79,-8.1,-8.1,206.3,0.39751203068399743,658.41,27.06629,750.88,3.17552224503765,2.27054970568104,0.715016154973943,0.219528466253919,0.207214753166224,16.85,1.1541095890411,212.45,3.09468317552804,0,-16.0641,4.11759799833194,1.37608385686463,0.451685660266874,1.30108445697626,0.601283991047423,33.3877563865537,51.0347891166449,14.7976986383577,0.969,3.95608738968062,3.43920674799665,0.832442903389189,0.505112958942417
1989-01-11,0.0,269.2,-5.76,-5.76,264.69,0.4333532793522267,658.41,27.06629,750.88,3.17552224503765,2.27054970568104,0.715016154973943,0.219528466253919,0.207214753166224,16.85,1.1541095890411,212.45,3.09468317552804,0,-16.0641,4.11759799833194,1.37608385686463,0.451685660266874,1.30108445697626,0.601283991047423,33.3877563865537,51.0347891166449,14.7976986383577,0.969,3.95608738968062,3.43920674799665,0.832442903389189,0.505112958942417
1989-01-12,0.09,215.33,-1.91,-1.91,360.88,0.4463864606861282,658.41,27.06629,750.88,3.17552224503765,2.27054970568104,0.715016154973943,0.219528466253919,0.207214753166224,16.85,1.1541095890411,212.45,3.09468317552804,0,-16.0641,4.11759799833194,1.37608385686463,0.451685660266874,1.30108445697626,0.601283991047423,33.3877563865537,51.0347891166449,14.7976986383577,0.969,3.95608738968062,3.43920674799665,0.832442903389189,0.505112958942417
1989-01-13,0.23,231.34,-2.2,-2.2,315.11,0.4333532793522267,658.41,27.06629,750.88,3.17552224503765,2.27054970568104,0.715016154973943,0.219528466253919,0.207214753166224,16.85,1.1541095890411,212.45,3.09468317552804,0,-16.0641,4.11759799833194,1.37608385686463,0.451685660266874,1.30108445697626,0.601283991047423,33.3877563865537,51.0347891166449,14.7976986383577,0.969,3.95608738968062,3.43920674799665,0.832442903389189,0.505112958942417
1989-01-14,0.71,246.64,-6.44,-6.44,217.09,0.38447884935009585,658.41,27.06629,750.88,3.17552224503765,2.27054970568104,0.715016154973943,0.219528466253919,0.207214753166224,16.85,1.1541095890411,212.45,3.09468317552804,0,-16.0641,4.11759799833194,1.37608385686463,0.451685660266874,1.30108445697626,0.601283991047423,33.3877563865537,51.0347891166449,14.7976986383577,0.969,3.95608738968062,3.43920674799665,0.832442903389189,0.505112958942417
1989-01-15,0.77,257.86,-2.59,-2.59,324.74,0.3909954400170466,658.41,27.06629,750.88,3.17552224503765,2.27054970568104,0.715016154973943,0.219528466253919,0.207214753166224,16.85,1.1541095890411,212.45,3.09468317552804,0,-16.0641,4.11759799833194,1.37608385686463,0.451685660266874,1.30108445697626,0.601283991047423,33.3877563865537,51.0347891166449,14.7976986383577,0.969,3.95608738968062,3.43920674799665,0.832442903389189,0.505112958942417
1989-01-16,0.16,155.52,-1.11,-1.11,414.73,0.38447884935009585,658.41,27.06629,750.88,3.17552224503765,2.27054970568104,0.715016154973943,0.219528466253919,0.207214753166224,16.85,1.1541095890411,212.45,3.09468317552804,0,-16.0641,4.11759799833194,1.37608385686463,0.451685660266874,1.30108445697626,0.601283991047423,33.3877563865537,51.0347891166449,14.7976986383577,0.969,3.95608738968062,3.43920674799665,0.832442903389189,0.505112958942417
1989-01-17,0.29,231.71,-2.91,-2.91,342.86,0.38447884935009585,658.41,27.06629,750.88,3.17552224503765,2.27054970568104,0.715016154973943,0.219528466253919,0.207214753166224,16.85,1.1541095890411,212.45,3.09468317552804,0,-16.0641,4.11759799833194,1.37608385686463,0.451685660266874,1.30108445697626,0.601283991047423,33.3877563865537,51.0347891166449,14.7976986383577,0.969,3.95608738968062,3.43920674799665,0.832442903389189,0.505112958942417
1989-01-18,0.14,269.21,-1.0,-1.0,366.19,0.3388627146814404,658.41,27.06629,750.88,3.17552224503765,2.27054970568104,0.715016154973943,0.219528466253919,0.207214753166224,16.85,1.1541095890411,212.45,3.09468317552804,0,-16.0641,4.11759799833194,1.37608385686463,0.451685660266874,1.30108445697626,0.601283991047423,33.3877563865537,51.0347891166449,14.7976986383577,0.969,3.95608738968062,3.43920674799665,0.832442903389189,0.505112958942417
1989-01-19,1.32,216.46,0.36,0.36,419.05,0.29650487534626035,658.41,27.06629,750.88,3.17552224503765,2.27054970568104,0.715016154973943,0.219528466253919,0.207214753166224,16.85,1.1541095890411,212.45,3.09468317552804,0,-16.0641,4.11759799833194,1.37608385686463,0.451685660266874,1.30108445697626,0.601283991047423,33.3877563865537,51.0347891166449,14.7976986383577,0.969,3.95608738968062,3.43920674799665,0.832442903389189,0.505112958942417
1989-01-20,1.34,207.47,-1.32,-1.32,359.8,0.27369680801193264,658.41,27.06629,750.88,3.17552224503765,2.27054970568104,0.715016154973943,0.219528466253919,0.207214753166224,16.85,1.1541095890411,212.45,3.09468317552804,0,-16.0641,4.11759799833194,1.37608385686463,0.451685660266874,1.30108445697626,0.601283991047423,33.3877563865537,51.0347891166449,14.7976986383577,0.969,3.95608738968062,3.43920674799665,0.832442903389189,0.505112958942417
1989-01-21,0.26,328.09,-9.05,-9.05,172.17,0.29650487534626035,658.41,27.06629,750.88,3.17552224503765,2.27054970568104,0.715016154973943,0.219528466253919,0.207214753166224,16.85,1.1541095890411,212.45,3.09468317552804,0,-16.0641,4.11759799833194,1.37608385686463,0.451685660266874,1.30108445697626,0.601283991047423,33.3877563865537,51.0347891166449,14.7976986383577,0.969,3.95608738968062,3.43920674799665,0.832442903389189,0.505112958942417
1989-01-22,0.0,330.68,-5.97,-5.97,206.02,0.30627976134668655,658.41,27.06629,750.88,3.17552224503765,2.27054970568104,0.715016154973943,0.219528466253919,0.207214753166224,16.85,1.1541095890411,212.45,3.09468317552804,0,-16.0641,4.11759799833194,1.37608385686463,0.451685660266874,1.30108445697626,0.601283991047423,33.3877563865537,51.0347891166449,14.7976986383577,0.969,3.95608738968062,3.43920674799665,0.832442903389189,0.505112958942417
1989-01-23,0.0,328.88,0.42,0.42,324.74,0.24437215001065415,658.41,27.06629,750.88,3.17552224503765,2.27054970568104,0.715016154973943,0.219528466253919,0.207214753166224,16.85,1.1541095890411,212.45,3.09468317552804,0,-16.0641,4.11759799833194,1.37608385686463,0.451685660266874,1.30108445697626,0.601283991047423,33.3877563865537,51.0347891166449,14.7976986383577,0.969,3.95608738968062,3.43920674799665,0.832442903389189,0.505112958942417
1989-01-24,0.0,330.0,1.34,1.34,354.87,0.21504749200937565,658.41,27.06629,750.88,3.17552224503765,2.27054970568104,0.715016154973943,0.219528466253919,0.207214753166224,16.85,1.1541095890411,212.45,3.09468317552804,0,-16.0641,4.11759799833194,1.37608385686463,0.451685660266874,1.30108445697626,0.601283991047423,33.3877563865537,51.0347891166449,14.7976986383577,0.969,3.95608738968062,3.43920674799665,0.832442903389189,0.505112958942417
1989-01-25,6.64,219.59,0.26,0.26,391.44,0.22808067334327722,658.41,27.06629,750.88,3.17552224503765,2.27054970568104,0.715016154973943,0.219528466253919,0.207214753166224,16.85,1.1541095890411,212.45,3.09468317552804,0,-16.0641,4.11759799833194,1.37608385686463,0.451685660266874,1.30108445697626,0.601283991047423,33.3877563865537,51.0347891166449,14.7976986383577,0.969,3.95608738968062,3.43920674799665,0.832442903389189,0.505112958942417
1989-01-26,7.54,226.03,-0.87,-0.87,389.42,0.5897514553590454,658.41,27.06629,750.88,3.17552224503765,2.27054970568104,0.715016154973943,0.219528466253919,0.207214753166224,16.85,1.1541095890411,212.45,3.09468317552804,0,-16.0641,4.11759799833194,1.37608385686463,0.451685660266874,1.30108445697626,0.601283991047423,33.3877563865537,51.0347891166449,14.7976986383577,0.969,3.95608738968062,3.43920674799665,0.832442903389189,0.505112958942417
1989-01-27,1.55,244.55,-0.45,-0.45,390.39,1.2609602940549753,658.41,27.06629,750.88,3.17552224503765,2.27054970568104,0.715016154973943,0.219528466253919,0.207214753166224,16.85,1.1541095890411,212.45,3.09468317552804,0,-16.0641,4.11759799833194,1.37608385686463,0.451685660266874,1.30108445697626,0.601283991047423,33.3877563865537,51.0347891166449,14.7976986383577,0.969,3.95608738968062,3.43920674799665,0.832442903389189,0.505112958942417
1989-01-28,0.01,333.09,-1.66,-1.66,337.3,0.8764814447048795,658.41,27.06629,750.88,3.17552224503765,2.27054970568104,0.715016154973943,0.219528466253919,0.207214753166224,16.85,1.1541095890411,212.45,3.09468317552804,0,-16.0641,4.11759799833194,1.37608385686463,0.451685660266874,1.30108445697626,0.601283991047423,33.3877563865537,51.0347891166449,14.7976986383577,0.969,3.95608738968062,3.43920674799665,0.832442903389189,0.505112958942417
1989-01-29,0.06,257.53,1.31,1.31,448.83,0.5506519113573407,658.41,27.06629,750.88,3.17552224503765,2.27054970568104,0.715016154973943,0.219528466253919,0.207214753166224,16.85,1.1541095890411,212.45,3.09468317552804,0,-16.0641,4.11759799833194,1.37608385686463,0.451685660266874,1.30108445697626,0.601283991047423,33.3877563865537,51.0347891166449,14.7976986383577,0.969,3.95608738968062,3.43920674799665,0.832442903389189,0.505112958942417
1989-01-30,0.03,217.2,2.28,2.28,528.23,0.6353675900277007,658.41,27.06629,750.88,3.17552224503765,2.27054970568104,0.715016154973943,0.219528466253919,0.207214753166224,16.85,1.1541095890411,212.45,3.09468317552804,0,-16.0641,4.11759799833194,1.37608385686463,0.451685660266874,1.30108445697626,0.601283991047423,33.3877563865537,51.0347891166449,14.7976986383577,0.969,3.95608738968062,3.43920674799665,0.832442903389189,0.505112958942417
1989-01-31,0.02,298.02,3.26,3.26,559.05,0.7233415640315363,658.41,27.06629,750.88,3.17552224503765,2.27054970568104,0.715016154973943,0.219528466253919,0.207214753166224,16.85,1.1541095890411,212.45,3.09468317552804,0,-16.0641,4.11759799833194,1.37608385686463,0.451685660266874,1.30108445697626,0.601283991047423,33.3877563865537,51.0347891166449,14.7976986383577,0.969,3.95608738968062,3.43920674799665,0.832442903389189,0.505112958942417
1989-02-01,0.6,265.18,7.06,7.06,657.78,0.7656994033667164,658.41,27.06629,750.88,3.17552224503765,2.27054970568104,0.715016154973943,0.219528466253919,0.207214753166224,16.85,1.1541095890411,212.45,3.09468317552804,0,-16.0641,4.11759799833194,1.37608385686463,0.451685660266874,1.30108445697626,0.601283991047423,33.3877563865537,51.0347891166449,14.7976986383577,0.969,3.95608738968062,3.43920674799665,0.832442903389189,0.505112958942417
1989-02-02,5.05,272.01,1.74,1.74,390.92,0.8243487193692732,658.41,27.06629,750.88,3.17552224503765,2.27054970568104,0.715016154973943,0.219528466253919,0.207214753166224,16.85,1.1541095890411,212.45,3.09468317552804,0,-16.0641,4.11759799833194,1.37608385686463,0.451685660266874,1.30108445697626,0.601283991047423,33.3877563865537,51.0347891166449,14.7976986383577,0.969,3.95608738968062,3.43920674799665,0.832442903389189,0.505112958942417
1989-02-03,3.92,254.77,-5.17,-5.17,229.51,0.6027846366929469,658.41,27.06629,750.88,3.17552224503765,2.27054970568104,0.715016154973943,0.219528466253919,0.207214753166224,16.85,1.1541095890411,212.45,3.09468317552804,0,-16.0641,4.11759799833194,1.37608385686463,0.451685660266874,1.30108445697626,0.601283991047423,33.3877563865537,51.0347891166449,14.7976986383577,0.969,3.95608738968062,3.43920674799665,0.832442903389189,0.505112958942417
1989-02-04,4.46,205.35,-10.85,-10.85,170.8,0.3714456680161943,658.41,27.06629,750.88,3.17552224503765,2.27054970568104,0.715016154973943,0.219528466253919,0.207214753166224,16.85,1.1541095890411,212.45,3.09468317552804,0,-16.0641,4.11759799833194,1.37608385686463,0.451685660266874,1.30108445697626,0.601283991047423,33.3877563865537,51.0347891166449,14.7976986383577,0.969,3.95608738968062,3.43920674799665,0.832442903389189,0.505112958942417
1989-02-05,2.0,206.71,-10.17,-10.17,192.84,0.4594196420200298,658.41,27.06629,750.88,3.17552224503765,2.27054970568104,0.715016154973943,0.219528466253919,0.207214753166224,16.85,1.1541095890411,212.45,3.09468317552804,0,-16.0641,4.11759799833194,1.37608385686463,0.451685660266874,1.30108445697626,0.601283991047423,33.3877563865537,51.0347891166449,14.7976986383577,0.969,3.95608738968062,3.43920674799665,0.832442903389189,0.505112958942417
1989-02-06,1.54,218.93,-8.45,-8.45,211.97,0.4463864606861282,658.41,27.06629,750.88,3.17552224503765,2.27054970568104,0.715016154973943,0.219528466253919,0.207214753166224,16.85,1.1541095890411,212.45,3.09468317552804,0,-16.0641,4.11759799833194,1.37608385686463,0.451685660266874,1.30108445697626,0.601283991047423,33.3877563865537,51.0347891166449,14.7976986383577,0.969,3.95608738968062,3.43920674799665,0.832442903389189,0.505112958942417
1989-02-07,0.37,279.09,-9.34,-9.34,181.35,0.4333532793522267,658.41,27.06629,750.88,3.17552224503765,2.27054970568104,0.715016154973943,0.219528466253919,0.207214753166224,16.85,1.1541095890411,212.45,3.09468317552804,0,-16.0641,4.11759799833194,1.37608385686463,0.451685660266874,1.30108445697626,0.601283991047423,33.3877563865537,51.0347891166449,14.7976986383577,0.969,3.95608738968062,3.43920674799665,0.832442903389189,0.505112958942417
1989-02-08,0.78,284.55,-10.84,-10.84,144.0,0.27369680801193264,658.41,27.06629,750.88,3.17552224503765,2.27054970568104,0.715016154973943,0.219528466253919,0.207214753166224,16.85,1.1541095890411,212.45,3.09468317552804,0,-16.0641,4.11759799833194,1.37608385686463,0.451685660266874,1.30108445697626,0.601283991047423,33.3877563865537,51.0347891166449,14.7976986383577,0.969,3.95608738968062,3.43920674799665,0.832442903389189,0.505112958942417
1989-02-09,0.23,336.45,-11.7,-11.7,134.7,0.24111385467717877,658.41,27.06629,750.88,3.17552224503765,2.27054970568104,0.715016154973943,0.219528466253919,0.207214753166224,16.85,1.1541095890411,212.45,3.09468317552804,0,-16.0641,4.11759799833194,1.37608385686463,0.451685660266874,1.30108445697626,0.601283991047423,33.3877563865537,51.0347891166449,14.7976986383577,0.969,3.95608738968062,3.43920674799665,0.832442903389189,0.505112958942417
1989-02-10,0.05,294.23,-12.05,-12.05,147.51,0.24437215001065415,658.41,27.06629,750.88,3.17552224503765,2.27054970568104,0.715016154973943,0.219528466253919,0.207214753166224,16.85,1.1541095890411,212.45,3.09468317552804,0,-16.0641,4.11759799833194,1.37608385686463,0.451685660266874,1.30108445697626,0.601283991047423,33.3877563865537,51.0347891166449,14.7976986383577,0.969,3.95608738968062,3.43920674799665,0.832442903389189,0.505112958942417
1989-02-11,0.59,256.89,-8.54,-8.54,211.58,0.27369680801193264,658.41,27.06629,750.88,3.17552224503765,2.27054970568104,0.715016154973943,0.219528466253919,0.207214753166224,16.85,1.1541095890411,212.45,3.09468317552804,0,-16.0641,4.11759799833194,1.37608385686463,0.451685660266874,1.30108445697626,0.601283991047423,33.3877563865537,51.0347891166449,14.7976986383577,0.969,3.95608738968062,3.43920674799665,0.832442903389189,0.505112958942417
1989-02-12,0.32,225.2,-5.22,-5.22,268.39,0.2834716940123588,658.41,27.06629,750.88,3.17552224503765,2.27054970568104,0.715016154973943,0.219528466253919,0.207214753166224,16.85,1.1541095890411,212.45,3.09468317552804,0,-16.0641,4.11759799833194,1.37608385686463,0.451685660266874,1.30108445697626,0.601283991047423,33.3877563865537,51.0347891166449,14.7976986383577,0.969,3.95608738968062,3.43920674799665,0.832442903389189,0.505112958942417
1989-02-13,0.62,310.46,-9.28,-9.28,177.04,0.3258295333475389,658.41,27.06629,750.88,3.17552224503765,2.27054970568104,0.715016154973943,0.219528466253919,0.207214753166224,16.85,1.1541095890411,212.45,3.09468317552804,0,-16.0641,4.11759799833194,1.37608385686463,0.451685660266874,1.30108445697626,0.601283991047423,33.3877563865537,51.0347891166449,14.7976986383577,0.969,3.95608738968062,3.43920674799665,0.832442903389189,0.505112958942417
1989-02-14,2.7,288.43,-2.81,-2.81,307.8,0.4463864606861282,658.41,27.06629,750.88,3.17552224503765,2.27054970568104,0.715016154973943,0.219528466253919,0.207214753166224,16.85,1.1541095890411,212.45,3.09468317552804,0,-16.0641,4.11759799833194,1.37608385686463,0.451685660266874,1.30108445697626,0.601283991047423,33.3877563865537,51.0347891166449,14.7976986383577,0.969,3.95608738968062,3.43920674799665,0.832442903389189,0.505112958942417
1989-02-15,5.08,175.1,-0.26,-0.26,418.75,0.4333532793522267,658.41,27.06629,750.88,3.17552224503765,2.27054970568104,0.715016154973943,0.219528466253919,0.207214753166224,16.85,1.1541095890411,212.45,3.09468317552804,0,-16.0641,4.11759799833194,1.37608385686463,0.451685660266874,1.30108445697626,0.601283991047423,33.3877563865537,51.0347891166449,14.7976986383577,0.969,3.95608738968062,3.43920674799665,0.832442903389189,0.505112958942417
1989-02-16,1.19,320.79,-3.14,-3.14,295.71,0.38447884935009585,658.41,27.06629,750.88,3.17552224503765,2.27054970568104,0.715016154973943,0.219528466253919,0.207214753166224,16.85,1.1541095890411,212.45,3.09468317552804,0,-16.0641,4.11759799833194,1.37608385686463,0.451685660266874,1.30108445697626,0.601283991047423,33.3877563865537,51.0347891166449,14.7976986383577,0.969,3.95608738968062,3.43920674799665,0.832442903389189,0.505112958942417
1989-02-17,0.01,399.89,-10.17,-10.17,149.16,0.3258295333475389,658.41,27.06629,750.88,3.17552224503765,2.27054970568104,0.715016154973943,0.219528466253919,0.207214753166224,16.85,1.1541095890411,212.45,3.09468317552804,0,-16.0641,4.11759799833194,1.37608385686463,0.451685660266874,1.30108445697626,0.601283991047423,33.3877563865537,51.0347891166449,14.7976986383577,0.969,3.95608738968062,3.43920674799665,0.832442903389189,0.505112958942417
1989-02-18,0.0,398.34,-10.28,-10.28,147.75,0.30627976134668655,658.41,27.06629,750.88,3.17552224503765,2.27054970568104,0.715016154973943,0.219528466253919,0.207214753166224,16.85,1.1541095890411,212.45,3.09468317552804,0,-16.0641,4.11759799833194,1.37608385686463,0.451685660266874,1.30108445697626,0.601283991047423,33.3877563865537,51.0347891166449,14.7976986383577,0.969,3.95608738968062,3.43920674799665,0.832442903389189,0.505112958942417
1989-02-19,0.54,351.11,-7.43,-7.43,192.68,0.30627976134668655,658.41,27.06629,750.88,3.17552224503765,2.27054970568104,0.715016154973943,0.219528466253919,0.207214753166224,16.85,1.1541095890411,212.45,3.09468317552804,0,-16.0641,4.11759799833194,1.37608385686463,0.451685660266874,1.30108445697626,0.601283991047423,33.3877563865537,51.0347891166449,14.7976986383577,0.969,3.95608738968062,3.43920674799665,0.832442903389189,0.505112958942417
1989-02-20,5.97,319.54,-4.36,-4.36,269.77,0.3160546473471127,658.41,27.06629,750.88,3.17552224503765,2.27054970568104,0.715016154973943,0.219528466253919,0.207214753166224,16.85,1.1541095890411,212.45,3.09468317552804,0,-16.0641,4.11759799833194,1.37608385686463,0.451685660266874,1.30108445697626,0.601283991047423,33.3877563865537,51.0347891166449,14.7976986383577,0.969,3.95608738968062,3.43920674799665,0.832442903389189,0.505112958942417
1989-02-21,4.66,270.9,1.48,1.48,441.35,1.8898112934157254,658.41,27.06629,750.88,3.17552224503765,2.27054970568104,0.715016154973943,0.219528466253919,0.207214753166224,16.85,1.1541095890411,212.45,3.09468317552804,0,-16.0641,4.11759799833194,1.37608385686463,0.451685660266874,1.30108445697626,0.601283991047423,33.3877563865537,51.0347891166449,14.7976986383577,0.969,3.95608738968062,3.43920674799665,0.832442903389189,0.505112958942417
1989-02-22,1.17,238.11,0.27,0.27,404.99,2.313389686767526,658.41,27.06629,750.88,3.17552224503765,2.27054970568104,0.715016154973943,0.219528466253919,0.207214753166224,16.85,1.1541095890411,212.45,3.09468317552804,0,-16.0641,4.11759799833194,1.37608385686463,0.451685660266874,1.30108445697626,0.601283991047423,33.3877563865537,51.0347891166449,14.7976986383577,0.969,3.95608738968062,3.43920674799665,0.832442903389189,0.505112958942417
1989-02-23,0.37,321.06,-5.49,-5.49,237.14,1.1241118900490092,658.41,27.06629,750.88,3.17552224503765,2.27054970568104,0.715016154973943,0.219528466253919,0.207214753166224,16.85,1.1541095890411,212.45,3.09468317552804,0,-16.0641,4.11759799833194,1.37608385686463,0.451685660266874,1.30108445697626,0.601283991047423,33.3877563865537,51.0347891166449,14.7976986383577,0.969,3.95608738968062,3.43920674799665,0.832442903389189,0.505112958942417
1989-02-24,0.07,413.4,-11.15,-11.15,136.11,1.0752374600468781,658.41,27.06629,750.88,3.17552224503765,2.27054970568104,0.715016154973943,0.219528466253919,0.207214753166224,16.85,1.1541095890411,212.45,3.09468317552804,0,-16.0641,4.11759799833194,1.37608385686463,0.451685660266874,1.30108445697626,0.601283991047423,33.3877563865537,51.0347891166449,14.7976986383577,0.969,3.95608738968062,3.43920674799665,0.832442903389189,0.505112958942417
1989-02-25,0.84,342.86,-12.16,-12.16,128.13,1.0459128020455999,658.41,27.06629,750.88,3.17552224503765,2.27054970568104,0.715016154973943,0.219528466253919,0.207214753166224,16.85,1.1541095890411,212.45,3.09468317552804,0,-16.0641,4.11759799833194,1.37608385686463,0.451685660266874,1.30108445697626,0.601283991047423,33.3877563865537,51.0347891166449,14.7976986383577,0.969,3.95608738968062,3.43920674799665,0.832442903389189,0.505112958942417
1989-02-26,2.09,322.68,-6.07,-6.07,227.44,0.7331164500319624,658.41,27.06629,750.88,3.17552224503765,2.27054970568104,0.715016154973943,0.219528466253919,0.207214753166224,16.85,1.1541095890411,212.45,3.09468317552804,0,-16.0641,4.11759799833194,1.37608385686463,0.451685660266874,1.30108445697626,0.601283991047423,33.3877563865537,51.0347891166449,14.7976986383577,0.969,3.95608738968062,3.43920674799665,0.832442903389189,0.505112958942417
1989-02-27,0.71,260.16,-3.73,-3.73,292.52,0.6386258853611761,658.41,27.06629,750.88,3.17552224503765,2.27054970568104,0.715016154973943,0.219528466253919,0.207214753166224,16.85,1.1541095890411,212.45,3.09468317552804,0,-16.0641,4.11759799833194,1.37608385686463,0.451685660266874,1.30108445697626,0.601283991047423,33.3877563865537,51.0347891166449,14.7976986383577,0.969,3.95608738968062,3.43920674799665,0.832442903389189,0.505112958942417
1989-02-28,0.4,322.79,-4.75,-4.75,255.21,0.5669433880247176,658.41,27.06629,750.88,3.17552224503765,2.27054970568104,0.715016154973943,0.219528466253919,0.207214753166224,16.85,1.1541095890411,212.45,3.09468317552804,0,-16.0641,4.11759799833194,1.37608385686463,0.451685660266874,1.30108445697626,0.601283991047423,33.3877563865537,51.0347891166449,14.7976986383577,0.969,3.95608738968062,3.43920674799665,0.832442903389189,0.505112958942417
1989-03-01,0.22,305.11,-5.56,-5.56,231.62,0.49851918602173445,658.41,27.06629,750.88,3.17552224503765,2.27054970568104,0.715016154973943,0.219528466253919,0.207214753166224,16.85,1.1541095890411,212.45,3.09468317552804,0,-16.0641,4.11759799833194,1.37608385686463,0.451685660266874,1.30108445697626,0.601283991047423,33.3877563865537,51.0347891166449,14.7976986383577,0.969,3.95608738968062,3.43920674799665,0.832442903389189,0.505112958942417
1989-03-02,1.17,345.36,-9.37,-9.37,169.18,0.47245282335393135,658.41,27.06629,750.88,3.17552224503765,2.27054970568104,0.715016154973943,0.219528466253919,0.207214753166224,16.85,1.1541095890411,212.45,3.09468317552804,0,-16.0641,4.11759799833194,1.37608385686463,0.451685660266874,1.30108445697626,0.601283991047423,33.3877563865537,51.0347891166449,14.7976986383577,0.969,3.95608738968062,3.43920674799665,0.832442903389189,0.505112958942417
1989-03-03,0.38,408.36,-5.96,-5.96,225.61,0.4333532793522267,658.41,27.06629,750.88,3.17552224503765,2.27054970568104,0.715016154973943,0.219528466253919,0.207214753166224,16.85,1.1541095890411,212.45,3.09468317552804,0,-16.0641,4.11759799833194,1.37608385686463,0.451685660266874,1.30108445697626,0.601283991047423,33.3877563865537,51.0347891166449,14.7976986383577,0.969,3.95608738968062,3.43920674799665,0.832442903389189,0.505112958942417
1989-03-04,1.86,307.0,-2.09,-2.09,333.78,0.4072869166844236,658.41,27.06629,750.88,3.17552224503765,2.27054970568104,0.715016154973943,0.219528466253919,0.207214753166224,16.85,1.1541095890411,212.45,3.09468317552804,0,-16.0641,4.11759799833194,1.37608385686463,0.451685660266874,1.30108445697626,0.601283991047423,33.3877563865537,51.0347891166449,14.7976986383577,0.969,3.95608738968062,3.43920674799665,0.832442903389189,0.505112958942417
1989-03-05,4.55,274.42,-0.48,-0.48,372.07,1.3684840400596632,658.41,27.06629,750.88,3.17552224503765,2.27054970568104,0.715016154973943,0.219528466253919,0.207214753166224,16.85,1.1541095890411,212.45,3.09468317552804,0,-16.0641,4.11759799833194,1.37608385686463,0.451685660266874,1.30108445697626,0.601283991047423,33.3877563865537,51.0347891166449,14.7976986383577,0.969,3.95608738968062,3.43920674799665,0.832442903389189,0.505112958942417
1989-03-06,1.08,416.36,-5.22,-5.22,227.39,1.199052682718943,658.41,27.06629,750.88,3.17552224503765,2.27054970568104,0.715016154973943,0.219528466253919,0.207214753166224,16.85,1.1541095890411,212.45,3.09468317552804,0,-16.0641,4.11759799833194,1.37608385686463,0.451685660266874,1.30108445697626,0.601283991047423,33.3877563865537,51.0347891166449,14.7976986383577,0.969,3.95608738968062,3.43920674799665,0.832442903389189,0.505112958942417
1989-03-07,0.0,409.04,-11.55,-11.55,136.74,0.5245855486895376,658.41,27.06629,750.88,3.17552224503765,2.27054970568104,0.715016154973943,0.219528466253919,0.207214753166224,16.85,1.1541095890411,212.45,3.09468317552804,0,-16.0641,4.11759799833194,1.37608385686463,0.451685660266874,1.30108445697626,0.601283991047423,33.3877563865537,51.0347891166449,14.7976986383577,0.969,3.95608738968062,3.43920674799665,0.832442903389189,0.505112958942417
1989-03-08,0.0,481.66,-12.26,-12.26,121.28,0.5245855486895376,658.41,27.06629,750.88,3.17552224503765,2.27054970568104,0.715016154973943,0.219528466253919,0.207214753166224,16.85,1.1541095890411,212.45,3.09468317552804,0,-16.0641,4.11759799833194,1.37608385686463,0.451685660266874,1.30108445697626,0.601283991047423,33.3877563865537,51.0347891166449,14.7976986383577,0.969,3.95608738968062,3.43920674799665,0.832442903389189,0.505112958942417
1989-03-09,0.0,488.83,-6.54,-6.54,174.38,0.47245282335393135,658.41,27.06629,750.88,3.17552224503765,2.27054970568104,0.715016154973943,0.219528466253919,0.207214753166224,16.85,1.1541095890411,212.45,3.09468317552804,0,-16.0641,4.11759799833194,1.37608385686463,0.451685660266874,1.30108445697626,0.601283991047423,33.3877563865537,51.0347891166449,14.7976986383577,0.969,3.95608738968062,3.43920674799665,0.832442903389189,0.505112958942417
1989-03-10,0.0,488.94,-3.24,-3.24,224.81,0.4463864606861282,658.41,27.06629,750.88,3.17552224503765,2.27054970568104,0.715016154973943,0.219528466253919,0.207214753166224,16.85,1.1541095890411,212.45,3.09468317552804,0,-16.0641,4.11759799833194,1.37608385686463,0.451685660266874,1.30108445697626,0.601283991047423,33.3877563865537,51.0347891166449,14.7976986383577,0.969,3.95608738968062,3.43920674799665,0.832442903389189,0.505112958942417
1989-03-11,0.01,450.73,-0.28,-0.28,284.28,0.43986987001917743,658.41,27.06629,750.88,3.17552224503765,2.27054970568104,0.715016154973943,0.219528466253919,0.207214753166224,16.85,1.1541095890411,212.45,3.09468317552804,0,-16.0641,4.11759799833194,1.37608385686463,0.451685660266874,1.30108445697626,0.601283991047423,33.3877563865537,51.0347891166449,14.7976986383577,0.969,3.95608738968062,3.43920674799665,0.832442903389189,0.505112958942417
1989-03-12,0.0,472.91,-0.03,-0.03,285.73,0.4920025953547837,658.41,27.06629,750.88,3.17552224503765,2.27054970568104,0.715016154973943,0.219528466253919,0.207214753166224,16.85,1.1541095890411,212.45,3.09468317552804,0,-16.0641,4.11759799833194,1.37608385686463,0.451685660266874,1.30108445697626,0.601283991047423,33.3877563865537,51.0347891166449,14.7976986383577,0.969,3.95608738968062,3.43920674799665,0.832442903389189,0.505112958942417
1989-03-13,0.22,448.05,-4.62,-4.62,210.01,0.4007703260174728,658.41,27.06629,750.88,3.17552224503765,2.27054970568104,0.715016154973943,0.219528466253919,0.207214753166224,16.85,1.1541095890411,212.45,3.09468317552804,0,-16.0641,4.11759799833194,1.37608385686463,0.451685660266874,1.30108445697626,0.601283991047423,33.3877563865537,51.0347891166449,14.7976986383577,0.969,3.95608738968062,3.43920674799665,0.832442903389189,0.505112958942417
1989-03-14,1.77,380.22,0.65,0.65,336.03,0.452903051353079,658.41,27.06629,750.88,3.17552224503765,2.27054970568104,0.715016154973943,0.219528466253919,0.207214753166224,16.85,1.1541095890411,212.45,3.09468317552804,0,-16.0641,4.11759799833194,1.37608385686463,0.451685660266874,1.30108445697626,0.601283991047423,33.3877563865537,51.0347891166449,14.7976986383577,0.969,3.95608738968062,3.43920674799665,0.832442903389189,0.505112958942417
1989-03-15,0.45,483.57,5.03,5.03,435.97,0.9807468953760919,658.41,27.06629,750.88,3.17552224503765,2.27054970568104,0.715016154973943,0.219528466253919,0.207214753166224,16.85,1.1541095890411,212.45,3.09468317552804,0,-16.0641,4.11759799833194,1.37608385686463,0.451685660266874,1.30108445697626,0.601283991047423,33.3877563865537,51.0347891166449,14.7976986383577,0.969,3.95608738968062,3.43920674799665,0.832442903389189,0.505112958942417
1989-03-16,0.24,448.7,2.19,2.19,392.71,0.9220975793735351,658.41,27.06629,750.88,3.17552224503765,2.27054970568104,0.715016154973943,0.219528466253919,0.207214753166224,16.85,1.1541095890411,212.45,3.09468317552804,0,-16.0641,4.11759799833194,1.37608385686463,0.451685660266874,1.30108445697626,0.601283991047423,33.3877563865537,51.0347891166449,14.7976986383577,0.969,3.95608738968062,3.43920674799665,0.832442903389189,0.505112958942417
1989-03-17,5.27,384.11,4.31,4.31,432.77,0.6777254293628808,658.41,27.06629,750.88,3.17552224503765,2.27054970568104,0.715016154973943,0.219528466253919,0.207214753166224,16.85,1.1541095890411,212.45,3.09468317552804,0,-16.0641,4.11759799833194,1.37608385686463,0.451685660266874,1.30108445697626,0.601283991047423,33.3877563865537,51.0347891166449,14.7976986383577,0.969,3.95608738968062,3.43920674799665,0.832442903389189,0.505112958942417
1989-03-18,3.57,381.29,3.36,3.36,380.79,1.7334131174089067,658.41,27.06629,750.88,3.17552224503765,2.27054970568104,0.715016154973943,0.219528466253919,0.207214753166224,16.85,1.1541095890411,212.45,3.09468317552804,0,-16.0641,4.11759799833194,1.37608385686463,0.451685660266874,1.30108445697626,0.601283991047423,33.3877563865537,51.0347891166449,14.7976986383577,0.969,3.95608738968062,3.43920674799665,0.832442903389189,0.505112958942417
1989-03-19,1.22,360.13,-2.64,-2.64,270.68,1.3359010867249093,658.41,27.06629,750.88,3.17552224503765,2.27054970568104,0.715016154973943,0.219528466253919,0.207214753166224,16.85,1.1541095890411,212.45,3.09468317552804,0,-16.0641,4.11759799833194,1.37608385686463,0.451685660266874,1.30108445697626,0.601283991047423,33.3877563865537,51.0347891166449,14.7976986383577,0.969,3.95608738968062,3.43920674799665,0.832442903389189,0.505112958942417
1989-03-20,4.62,339.52,-4.23,-4.23,265.55,0.9449056467078627,658.41,27.06629,750.88,3.17552224503765,2.27054970568104,0.715016154973943,0.219528466253919,0.207214753166224,16.85,1.1541095890411,212.45,3.09468317552804,0,-16.0641,4.11759799833194,1.37608385686463,0.451685660266874,1.30108445697626,0.601283991047423,33.3877563865537,51.0347891166449,14.7976986383577,0.969,3.95608738968062,3.43920674799665,0.832442903389189,0.505112958942417
1989-03-21,1.25,290.14,-3.71,-3.71,282.81,0.9449056467078627,658.41,27.06629,750.88,3.17552224503765,2.27054970568104,0.715016154973943,0.219528466253919,0.207214753166224,16.85,1.1541095890411,212.45,3.09468317552804,0,-16.0641,4.11759799833194,1.37608385686463,0.451685660266874,1.30108445697626,0.601283991047423,33.3877563865537,51.0347891166449,14.7976986383577,0.969,3.95608738968062,3.43920674799665,0.832442903389189,0.505112958942417
1989-03-22,0.02,500.52,-6.47,-6.47,202.34,0.8308653100362241,658.41,27.06629,750.88,3.17552224503765,2.27054970568104,0.715016154973943,0.219528466253919,0.207214753166224,16.85,1.1541095890411,212.45,3.09468317552804,0,-16.0641,4.11759799833194,1.37608385686463,0.451685660266874,1.30108445697626,0.601283991047423,33.3877563865537,51.0347891166449,14.7976986383577,0.969,3.95608738968062,3.43920674799665,0.832442903389189,0.505112958942417
1989-03-23,2.23,406.79,-3.73,-3.73,244.0,0.7982823567014702,658.41,27.06629,750.88,3.17552224503765,2.27054970568104,0.715016154973943,0.219528466253919,0.207214753166224,16.85,1.1541095890411,212.45,3.09468317552804,0,-16.0641,4.11759799833194,1.37608385686463,0.451685660266874,1.30108445697626,0.601283991047423,33.3877563865537,51.0347891166449,14.7976986383577,0.969,3.95608738968062,3.43920674799665,0.832442903389189,0.505112958942417
1989-03-24,8.76,338.47,0.51,0.51,395.58,1.7236382314084806,658.41,27.06629,750.88,3.17552224503765,2.27054970568104,0.715016154973943,0.219528466253919,0.207214753166224,16.85,1.1541095890411,212.45,3.09468317552804,0,-16.0641,4.11759799833194,1.37608385686463,0.451685660266874,1.30108445697626,0.601283991047423,33.3877563865537,51.0347891166449,14.7976986383577,0.969,3.95608738968062,3.43920674799665,0.832442903389189,0.505112958942417
1989-03-25,2.21,416.9,4.48,4.48,531.97,2.899882846793096,658.41,27.06629,750.88,3.17552224503765,2.27054970568104,0.715016154973943,0.219528466253919,0.207214753166224,16.85,1.1541095890411,212.45,3.09468317552804,0,-16.0641,4.11759799833194,1.37608385686463,0.451685660266874,1.30108445697626,0.601283991047423,33.3877563865537,51.0347891166449,14.7976986383577,0.969,3.95608738968062,3.43920674799665,0.832442903389189,0.505112958942417
1989-03-26,0.16,457.15,7.5,7.5,565.51,2.3199062774344767,658.41,27.06629,750.88,3.17552224503765,2.27054970568104,0.715016154973943,0.219528466253919,0.207214753166224,16.85,1.1541095890411,212.45,3.09468317552804,0,-16.0641,4.11759799833194,1.37608385686463,0.451685660266874,1.30108445697626,0.601283991047423,33.3877563865537,51.0347891166449,14.7976986383577,0.969,3.95608738968062,3.43920674799665,0.832442903389189,0.505112958942417
1989-03-27,4.96,410.69,10.33,10.33,624.88,2.059242650756446,658.41,27.06629,750.88,3.17552224503765,2.27054970568104,0.715016154973943,0.219528466253919,0.207214753166224,16.85,1.1541095890411,212.45,3.09468317552804,0,-16.0641,4.11759799833194,1.37608385686463,0.451685660266874,1.30108445697626,0.601283991047423,33.3877563865537,51.0347891166449,14.7976986383577,0.969,3.95608738968062,3.43920674799665,0.832442903389189,0.505112958942417
1989-03-28,5.66,380.15,14.9,14.9,886.09,2.8738164841252924,658.41,27.06629,750.88,3.17552224503765,2.27054970568104,0.715016154973943,0.219528466253919,0.207214753166224,16.85,1.1541095890411,212.45,3.09468317552804,0,-16.0641,4.11759799833194,1.37608385686463,0.451685660266874,1.30108445697626,0.601283991047423,33.3877563865537,51.0347891166449,14.7976986383577,0.969,3.95608738968062,3.43920674799665,0.832442903389189,0.505112958942417
1989-03-29,12.92,362.65,12.84,12.84,822.93,4.52903051353079,658.41,27.06629,750.88,3.17552224503765,2.27054970568104,0.715016154973943,0.219528466253919,0.207214753166224,16.85,1.1541095890411,212.45,3.09468317552804,0,-16.0641,4.11759799833194,1.37608385686463,0.451685660266874,1.30108445697626,0.601283991047423,33.3877563865537,51.0347891166449,14.7976986383577,0.969,3.95608738968062,3.43920674799665,0.832442903389189,0.505112958942417
1989-03-30,14.06,319.33,6.7,6.7,617.56,7.656994033667163,658.41,27.06629,750.88,3.17552224503765,2.27054970568104,0.715016154973943,0.219528466253919,0.207214753166224,16.85,1.1541095890411,212.45,3.09468317552804,0,-16.0641,4.11759799833194,1.37608385686463,0.451685660266874,1.30108445697626,0.601283991047423,33.3877563865537,51.0347891166449,14.7976986383577,0.969,3.95608738968062,3.43920674799665,0.832442903389189,0.505112958942417
1989-03-31,9.48,267.59,3.0,3.0,513.38,9.54680532708289,658.41,27.06629,750.88,3.17552224503765,2.27054970568104,0.715016154973943,0.219528466253919,0.207214753166224,16.85,1.1541095890411,212.45,3.09468317552804,0,-16.0641,4.11759799833194,1.37608385686463,0.451685660266874,1.30108445697626,0.601283991047423,33.3877563865537,51.0347891166449,14.7976986383577,0.969,3.95608738968062,3.43920674799665,0.832442903389189,0.505112958942417
1989-04-01,1.86,261.35,-0.63,-0.63,421.77,7.363747453654378,658.41,27.06629,750.88,3.17552224503765,2.27054970568104,0.715016154973943,0.219528466253919,0.207214753166224,16.85,1.1541095890411,212.45,3.09468317552804,0,-16.0641,4.11759799833194,1.37608385686463,0.451685660266874,1.30108445697626,0.601283991047423,33.3877563865537,51.0347891166449,14.7976986383577,0.969,3.95608738968062,3.43920674799665,0.832442903389189,0.505112958942417
1989-04-02,1.52,367.53,1.08,1.08,439.14,4.822277093543575,658.41,27.06629,750.88,3.17552224503765,2.27054970568104,0.715016154973943,0.219528466253919,0.207214753166224,16.85,1.1541095890411,212.45,3.09468317552804,0,-16.0641,4.11759799833194,1.37608385686463,0.451685660266874,1.30108445697626,0.601283991047423,33.3877563865537,51.0347891166449,14.7976986383577,0.969,3.95608738968062,3.43920674799665,0.832442903389189,0.505112958942417
1989-04-03,6.81,359.98,3.95,3.95,526.98,4.69194528020456,658.41,27.06629,750.88,3.17552224503765,2.27054970568104,0.715016154973943,0.219528466253919,0.207214753166224,16.85,1.1541095890411,212.45,3.09468317552804,0,-16.0641,4.11759799833194,1.37608385686463,0.451685660266874,1.30108445697626,0.601283991047423,33.3877563865537,51.0347891166449,14.7976986383577,0.969,3.95608738968062,3.43920674799665,0.832442903389189,0.505112958942417
1989-04-04,5.76,397.82,6.96,6.96,602.2,4.333532793522267,658.41,27.06629,750.88,3.17552224503765,2.27054970568104,0.715016154973943,0.219528466253919,0.207214753166224,16.85,1.1541095890411,212.45,3.09468317552804,0,-16.0641,4.11759799833194,1.37608385686463,0.451685660266874,1.30108445697626,0.601283991047423,33.3877563865537,51.0347891166449,14.7976986383577,0.969,3.95608738968062,3.43920674799665,0.832442903389189,0.505112958942417
1989-04-05,1.21,442.2,7.76,7.76,632.43,4.985191860217345,658.41,27.06629,750.88,3.17552224503765,2.27054970568104,0.715016154973943,0.219528466253919,0.207214753166224,16.85,1.1541095890411,212.45,3.09468317552804,0,-16.0641,4.11759799833194,1.37608385686463,0.451685660266874,1.30108445697626,0.601283991047423,33.3877563865537,51.0347891166449,14.7976986383577,0.969,3.95608738968062,3.43920674799665,0.832442903389189,0.505112958942417
1989-04-06,0.48,355.25,4.46,4.46,547.94,3.616707820157681,658.41,27.06629,750.88,3.17552224503765,2.27054970568104,0.715016154973943,0.219528466253919,0.207214753166224,16.85,1.1541095890411,212.45,3.09468317552804,0,-16.0641,4.11759799833194,1.37608385686463,0.451685660266874,1.30108445697626,0.601283991047423,33.3877563865537,51.0347891166449,14.7976986383577,0.969,3.95608738968062,3.43920674799665,0.832442903389189,0.505112958942417
1989-04-07,0.12,387.37,1.85,1.85,443.63,3.0432478414660133,658.41,27.06629,750.88,3.17552224503765,2.27054970568104,0.715016154973943,0.219528466253919,0.207214753166224,16.85,1.1541095890411,212.45,3.09468317552804,0,-16.0641,4.11759799833194,1.37608385686463,0.451685660266874,1.30108445697626,0.601283991047423,33.3877563865537,51.0347891166449,14.7976986383577,0.969,3.95608738968062,3.43920674799665,0.832442903389189,0.505112958942417
1989-04-08,0.18,400.47,-0.87,-0.87,339.08,2.5284371787769016,658.41,27.06629,750.88,3.17552224503765,2.27054970568104,0.715016154973943,0.219528466253919,0.207214753166224,16.85,1.1541095890411,212.45,3.09468317552804,0,-16.0641,4.11759799833194,1.37608385686463,0.451685660266874,1.30108445697626,0.601283991047423,33.3877563865537,51.0347891166449,14.7976986383577,0.969,3.95608738968062,3.43920674799665,0.832442903389189,0.505112958942417
1989-04-09,1.42,378.36,-0.42,-0.42,342.38,2.205865940762838,658.41,27.06629,750.88,3.17552224503765,2.27054970568104,0.715016154973943,0.219528466253919,0.207214753166224,16.85,1.1541095890411,212.45,3.09468317552804,0,-16.0641,4.11759799833194,1.37608385686463,0.451685660266874,1.30108445697626,0.601283991047423,33.3877563865537,51.0347891166449,14.7976986383577,0.969,3.95608738968062,3.43920674799665,0.832442903389189,0.505112958942417
1989-04-10,0.51,336.7,-2.6,-2.6,300.83,1.9484606094182824,658.41,27.06629,750.88,3.17552224503765,2.27054970568104,0.715016154973943,0.219528466253919,0.207214753166224,16.85,1.1541095890411,212.45,3.09468317552804,0,-16.0641,4.11759799833194,1.37608385686463,0.451685660266874,1.30108445697626,0.601283991047423,33.3877563865537,51.0347891166449,14.7976986383577,0.969,3.95608738968062,3.43920674799665,0.832442903389189,0.505112958942417
1989-04-11,0.04,515.43,-4.27,-4.27,255.27,1.6617306200724482,658.41,27.06629,750.88,3.17552224503765,2.27054970568104,0.715016154973943,0.219528466253919,0.207214753166224,16.85,1.1541095890411,212.45,3.09468317552804,0,-16.0641,4.11759799833194,1.37608385686463,0.451685660266874,1.30108445697626,0.601283991047423,33.3877563865537,51.0347891166449,14.7976986383577,0.969,3.95608738968062,3.43920674799665,0.832442903389189,0.505112958942417
1989-04-12,2.36,436.26,-1.2,-1.2,299.17,1.4825243767313019,658.41,27.06629,750.88,3.17552224503765,2.27054970568104,0.715016154973943,0.219528466253919,0.207214753166224,16.85,1.1541095890411,212.45,3.09468317552804,0,-16.0641,4.11759799833194,1.37608385686463,0.451685660266874,1.30108445697626,0.601283991047423,33.3877563865537,51.0347891166449,14.7976986383577,0.969,3.95608738968062,3.43920674799665,0.832442903389189,0.505112958942417
1989-04-13,1.89,408.43,0.54,0.54,348.9,1.4434248327295973,658.41,27.06629,750.88,3.17552224503765,2.27054970568104,0.715016154973943,0.219528466253919,0.207214753166224,16.85,1.1541095890411,212.45,3.09468317552804,0,-16.0641,4.11759799833194,1.37608385686463,0.451685660266874,1.30108445697626,0.601283991047423,33.3877563865537,51.0347891166449,14.7976986383577,0.969,3.95608738968062,3.43920674799665,0.832442903389189,0.505112958942417
1989-04-14,0.41,454.93,1.1,1.1,363.04,1.423875060728745,658.41,27.06629,750.88,3.17552224503765,2.27054970568104,0.715016154973943,0.219528466253919,0.207214753166224,16.85,1.1541095890411,212.45,3.09468317552804,0,-16.0641,4.11759799833194,1.37608385686463,0.451685660266874,1.30108445697626,0.601283991047423,33.3877563865537,51.0347891166449,14.7976986383577,0.969,3.95608738968062,3.43920674799665,0.832442903389189,0.505112958942417
1989-04-15,0.56,377.15,4.25,4.25,512.74,1.2479271127210738,658.41,27.06629,750.88,3.17552224503765,2.27054970568104,0.715016154973943,0.219528466253919,0.207214753166224,16.85,1.1541095890411,212.45,3.09468317552804,0,-16.0641,4.11759799833194,1.37608385686463,0.451685660266874,1.30108445697626,0.601283991047423,33.3877563865537,51.0347891166449,14.7976986383577,0.969,3.95608738968062,3.43920674799665,0.832442903389189,0.505112958942417
1989-04-16,1.17,404.42,5.86,5.86,560.17,1.17298632005114,658.41,27.06629,750.88,3.17552224503765,2.27054970568104,0.715016154973943,0.219528466253919,0.207214753166224,16.85,1.1541095890411,212.45,3.09468317552804,0,-16.0641,4.11759799833194,1.37608385686463,0.451685660266874,1.30108445697626,0.601283991047423,33.3877563865537,51.0347891166449,14.7976986383577,0.969,3.95608738968062,3.43920674799665,0.832442903389189,0.505112958942417
1989-04-17,2.16,434.25,7.27,7.27,523.75,1.049171097379075,658.41,27.06629,750.88,3.17552224503765,2.27054970568104,0.715016154973943,0.219528466253919,0.207214753166224,16.85,1.1541095890411,212.45,3.09468317552804,0,-16.0641,4.11759799833194,1.37608385686463,0.451685660266874,1.30108445697626,0.601283991047423,33.3877563865537,51.0347891166449,14.7976986383577,0.969,3.95608738968062,3.43920674799665,0.832442903389189,0.505112958942417
1989-04-18,0.74,438.25,7.72,7.72,503.69,1.107820413381632,658.41,27.06629,750.88,3.17552224503765,2.27054970568104,0.715016154973943,0.219528466253919,0.207214753166224,16.85,1.1541095890411,212.45,3.09468317552804,0,-16.0641,4.11759799833194,1.37608385686463,0.451685660266874,1.30108445697626,0.601283991047423,33.3877563865537,51.0347891166449,14.7976986383577,0.969,3.95608738968062,3.43920674799665,0.832442903389189,0.505112958942417
1989-04-19,0.08,540.89,4.35,4.35,405.49,1.023104734711272,658.41,27.06629,750.88,3.17552224503765,2.27054970568104,0.715016154973943,0.219528466253919,0.207214753166224,16.85,1.1541095890411,212.45,3.09468317552804,0,-16.0641,4.11759799833194,1.37608385686463,0.451685660266874,1.30108445697626,0.601283991047423,33.3877563865537,51.0347891166449,14.7976986383577,0.969,3.95608738968062,3.43920674799665,0.832442903389189,0.505112958942417
1989-04-20,0.0,581.98,3.87,3.87,370.12,0.9123226933731089,658.41,27.06629,750.88,3.17552224503765,2.27054970568104,0.715016154973943,0.219528466253919,0.207214753166224,16.85,1.1541095890411,212.45,3.09468317552804,0,-16.0641,4.11759799833194,1.37608385686463,0.451685660266874,1.30108445697626,0.601283991047423,33.3877563865537,51.0347891166449,14.7976986383577,0.969,3.95608738968062,3.43920674799665,0.832442903389189,0.505112958942417
1989-04-21,0.0,583.05,4.96,4.96,371.88,0.8373819007031749,658.41,27.06629,750.88,3.17552224503765,2.27054970568104,0.715016154973943,0.219528466253919,0.207214753166224,16.85,1.1541095890411,212.45,3.09468317552804,0,-16.0641,4.11759799833194,1.37608385686463,0.451685660266874,1.30108445697626,0.601283991047423,33.3877563865537,51.0347891166449,14.7976986383577,0.969,3.95608738968062,3.43920674799665,0.832442903389189,0.505112958942417
1989-04-22,0.0,578.78,3.27,3.27,336.38,0.7656994033667164,658.41,27.06629,750.88,3.17552224503765,2.27054970568104,0.715016154973943,0.219528466253919,0.207214753166224,16.85,1.1541095890411,212.45,3.09468317552804,0,-16.0641,4.11759799833194,1.37608385686463,0.451685660266874,1.30108445697626,0.601283991047423,33.3877563865537,51.0347891166449,14.7976986383577,0.969,3.95608738968062,3.43920674799665,0.832442903389189,0.505112958942417
1989-04-23,0.0,576.51,0.35,0.35,301.75,0.7103083826976347,658.41,27.06629,750.88,3.17552224503765,2.27054970568104,0.715016154973943,0.219528466253919,0.207214753166224,16.85,1.1541095890411,212.45,3.09468317552804,0,-16.0641,4.11759799833194,1.37608385686463,0.451685660266874,1.30108445697626,0.601283991047423,33.3877563865537,51.0347891166449,14.7976986383577,0.969,3.95608738968062,3.43920674799665,0.832442903389189,0.505112958942417
1989-04-24,1.06,447.83,2.6,2.6,388.36,0.6712088386959301,658.41,27.06629,750.88,3.17552224503765,2.27054970568104,0.715016154973943,0.219528466253919,0.207214753166224,16.85,1.1541095890411,212.45,3.09468317552804,0,-16.0641,4.11759799833194,1.37608385686463,0.451685660266874,1.30108445697626,0.601283991047423,33.3877563865537,51.0347891166449,14.7976986383577,0.969,3.95608738968062,3.43920674799665,0.832442903389189,0.505112958942417
1989-04-25,0.5,437.31,6.75,6.75,514.37,0.6712088386959301,658.41,27.06629,750.88,3.17552224503765,2.27054970568104,0.715016154973943,0.219528466253919,0.207214753166224,16.85,1.1541095890411,212.45,3.09468317552804,0,-16.0641,4.11759799833194,1.37608385686463,0.451685660266874,1.30108445697626,0.601283991047423,33.3877563865537,51.0347891166449,14.7976986383577,0.969,3.95608738968062,3.43920674799665,0.832442903389189,0.505112958942417
1989-04-26,0.5,435.47,8.95,8.95,565.78,0.6744671340294054,658.41,27.06629,750.88,3.17552224503765,2.27054970568104,0.715016154973943,0.219528466253919,0.207214753166224,16.85,1.1541095890411,212.45,3.09468317552804,0,-16.0641,4.11759799833194,1.37608385686463,0.451685660266874,1.30108445697626,0.601283991047423,33.3877563865537,51.0347891166449,14.7976986383577,0.969,3.95608738968062,3.43920674799665,0.832442903389189,0.505112958942417
1989-04-27,0.12,587.57,7.78,7.78,461.52,0.6223344086937993,658.41,27.06629,750.88,3.17552224503765,2.27054970568104,0.715016154973943,0.219528466253919,0.207214753166224,16.85,1.1541095890411,212.45,3.09468317552804,0,-16.0641,4.11759799833194,1.37608385686463,0.451685660266874,1.30108445697626,0.601283991047423,33.3877563865537,51.0347891166449,14.7976986383577,0.969,3.95608738968062,3.43920674799665,0.832442903389189,0.505112958942417
1989-04-28,0.04,517.81,6.2,6.2,470.97,0.5734599786916684,658.41,27.06629,750.88,3.17552224503765,2.27054970568104,0.715016154973943,0.219528466253919,0.207214753166224,16.85,1.1541095890411,212.45,3.09468317552804,0,-16.0641,4.11759799833194,1.37608385686463,0.451685660266874,1.30108445697626,0.601283991047423,33.3877563865537,51.0347891166449,14.7976986383577,0.969,3.95608738968062,3.43920674799665,0.832442903389189,0.505112958942417
1989-04-29,0.19,385.73,9.47,9.47,702.75,0.54413532069039,658.41,27.06629,750.88,3.17552224503765,2.27054970568104,0.715016154973943,0.219528466253919,0.207214753166224,16.85,1.1541095890411,212.45,3.09468317552804,0,-16.0641,4.11759799833194,1.37608385686463,0.451685660266874,1.30108445697626,0.601283991047423,33.3877563865537,51.0347891166449,14.7976986383577,0.969,3.95608738968062,3.43920674799665,0.832442903389189,0.505112958942417
1989-04-30,5.25,411.96,11.84,11.84,796.27,0.5311021393564883,658.41,27.06629,750.88,3.17552224503765,2.27054970568104,0.715016154973943,0.219528466253919,0.207214753166224,16.85,1.1541095890411,212.45,3.09468317552804,0,-16.0641,4.11759799833194,1.37608385686463,0.451685660266874,1.30108445697626,0.601283991047423,33.3877563865537,51.0347891166449,14.7976986383577,0.969,3.95608738968062,3.43920674799665,0.832442903389189,0.505112958942417
1989-05-01,20.15,408.66,12.93,12.93,809.74,0.5962680460259961,658.41,27.06629,750.88,3.17552224503765,2.27054970568104,0.715016154973943,0.219528466253919,0.207214753166224,16.85,1.1541095890411,212.45,3.09468317552804,0,-16.0641,4.11759799833194,1.37608385686463,0.451685660266874,1.30108445697626,0.601283991047423,33.3877563865537,51.0347891166449,14.7976986383577,0.969,3.95608738968062,3.43920674799665,0.832442903389189,0.505112958942417
1989-05-02,5.29,164.74,7.77,7.77,741.27,4.040286213509482,658.41,27.06629,750.88,3.17552224503765,2.27054970568104,0.715016154973943,0.219528466253919,0.207214753166224,16.85,1.1541095890411,212.45,3.09468317552804,0,-16.0641,4.11759799833194,1.37608385686463,0.451685660266874,1.30108445697626,0.601283991047423,33.3877563865537,51.0347891166449,14.7976986383577,0.969,3.95608738968062,3.43920674799665,0.832442903389189,0.505112958942417
1989-05-03,0.14,284.66,4.09,4.09,591.53,2.153733215427232,658.41,27.06629,750.88,3.17552224503765,2.27054970568104,0.715016154973943,0.219528466253919,0.207214753166224,16.85,1.1541095890411,212.45,3.09468317552804,0,-16.0641,4.11759799833194,1.37608385686463,0.451685660266874,1.30108445697626,0.601283991047423,33.3877563865537,51.0347891166449,14.7976986383577,0.969,3.95608738968062,3.43920674799665,0.832442903389189,0.505112958942417
1989-05-04,0.21,402.83,3.54,3.54,505.83,1.7203799360750052,658.41,27.06629,750.88,3.17552224503765,2.27054970568104,0.715016154973943,0.219528466253919,0.207214753166224,16.85,1.1541095890411,212.45,3.09468317552804,0,-16.0641,4.11759799833194,1.37608385686463,0.451685660266874,1.30108445697626,0.601283991047423,33.3877563865537,51.0347891166449,14.7976986383577,0.969,3.95608738968062,3.43920674799665,0.832442903389189,0.505112958942417
1989-05-05,5.83,409.2,8.64,8.64,672.54,1.518365625399531,658.41,27.06629,750.88,3.17552224503765,2.27054970568104,0.715016154973943,0.219528466253919,0.207214753166224,16.85,1.1541095890411,212.45,3.09468317552804,0,-16.0641,4.11759799833194,1.37608385686463,0.451685660266874,1.30108445697626,0.601283991047423,33.3877563865537,51.0347891166449,14.7976986383577,0.969,3.95608738968062,3.43920674799665,0.832442903389189,0.505112958942417
1989-05-06,14.44,276.61,10.12,10.12,777.3,1.6454391434050712,658.41,27.06629,750.88,3.17552224503765,2.27054970568104,0.715016154973943,0.219528466253919,0.207214753166224,16.85,1.1541095890411,212.45,3.09468317552804,0,-16.0641,4.11759799833194,1.37608385686463,0.451685660266874,1.30108445697626,0.601283991047423,33.3877563865537,51.0347891166449,14.7976986383577,0.969,3.95608738968062,3.43920674799665,0.832442903389189,0.505112958942417
1989-05-07,8.74,384.44,5.16,5.16,543.88,4.594196420200298,658.41,27.06629,750.88,3.17552224503765,2.27054970568104,0.715016154973943,0.219528466253919,0.207214753166224,16.85,1.1541095890411,212.45,3.09468317552804,0,-16.0641,4.11759799833194,1.37608385686463,0.451685660266874,1.30108445697626,0.601283991047423,33.3877563865537,51.0347891166449,14.7976986383577,0.969,3.95608738968062,3.43920674799665,0.832442903389189,0.505112958942417
1989-05-08,2.38,176.02,1.97,1.97,516.68,4.333532793522267,658.41,27.06629,750.88,3.17552224503765,2.27054970568104,0.715016154973943,0.219528466253919,0.207214753166224,16.85,1.1541095890411,212.45,3.09468317552804,0,-16.0641,4.11759799833194,1.37608385686463,0.451685660266874,1.30108445697626,0.601283991047423,33.3877563865537,51.0347891166449,14.7976986383577,0.969,3.95608738968062,3.43920674799665,0.832442903389189,0.505112958942417
1989-05-09,11.34,302.71,2.11,2.11,526.09,4.007703260174727,658.41,27.06629,750.88,3.17552224503765,2.27054970568104,0.715016154973943,0.219528466253919,0.207214753166224,16.85,1.1541095890411,212.45,3.09468317552804,0,-16.0641,4.11759799833194,1.37608385686463,0.451685660266874,1.30108445697626,0.601283991047423,33.3877563865537,51.0347891166449,14.7976986383577,0.969,3.95608738968062,3.43920674799665,0.832442903389189,0.505112958942417
1989-05-10,22.65,365.86,5.58,5.58,627.48,7.88507470701044,658.41,27.06629,750.88,3.17552224503765,2.27054970568104,0.715016154973943,0.219528466253919,0.207214753166224,16.85,1.1541095890411,212.45,3.09468317552804,0,-16.0641,4.11759799833194,1.37608385686463,0.451685660266874,1.30108445697626,0.601283991047423,33.3877563865537,51.0347891166449,14.7976986383577,0.969,3.95608738968062,3.43920674799665,0.832442903389189,0.505112958942417
1989-05-11,12.28,134.29,5.99,5.99,733.17,14.727494907308756,658.41,27.06629,750.88,3.17552224503765,2.27054970568104,0.715016154973943,0.219528466253919,0.207214753166224,16.85,1.1541095890411,212.45,3.09468317552804,0,-16.0641,4.11759799833194,1.37608385686463,0.451685660266874,1.30108445697626,0.601283991047423,33.3877563865537,51.0347891166449,14.7976986383577,0.969,3.95608738968062,3.43920674799665,0.832442903389189,0.505112958942417
1989-05-12,1.92,166.39,4.2,4.2,668.26,11.013038227146813,658.41,27.06629,750.88,3.17552224503765,2.27054970568104,0.715016154973943,0.219528466253919,0.207214753166224,16.85,1.1541095890411,212.45,3.09468317552804,0,-16.0641,4.11759799833194,1.37608385686463,0.451685660266874,1.30108445697626,0.601283991047423,33.3877563865537,51.0347891166449,14.7976986383577,0.969,3.95608738968062,3.43920674799665,0.832442903389189,0.505112958942417
1989-05-13,0.44,395.4,4.51,4.51,595.78,6.3210929469422545,658.41,27.06629,750.88,3.17552224503765,2.27054970568104,0.715016154973943,0.219528466253919,0.207214753166224,16.85,1.1541095890411,212.45,3.09468317552804,0,-16.0641,4.11759799833194,1.37608385686463,0.451685660266874,1.30108445697626,0.601283991047423,33.3877563865537,51.0347891166449,14.7976986383577,0.969,3.95608738968062,3.43920674799665,0.832442903389189,0.505112958942417
1989-05-14,7.79,392.35,8.53,8.53,718.35,4.561613466865544,658.41,27.06629,750.88,3.17552224503765,2.27054970568104,0.715016154973943,0.219528466253919,0.207214753166224,16.85,1.1541095890411,212.45,3.09468317552804,0,-16.0641,4.11759799833194,1.37608385686463,0.451685660266874,1.30108445697626,0.601283991047423,33.3877563865537,51.0347891166449,14.7976986383577,0.969,3.95608738968062,3.43920674799665,0.832442903389189,0.505112958942417
1989-05-15,15.17,398.33,10.4,10.4,814.09,4.920025953547836,658.41,27.06629,750.88,3.17552224503765,2.27054970568104,0.715016154973943,0.219528466253919,0.207214753166224,16.85,1.1541095890411,212.45,3.09468317552804,0,-16.0641,4.11759799833194,1.37608385686463,0.451685660266874,1.30108445697626,0.601283991047423,33.3877563865537,51.0347891166449,14.7976986383577,0.969,3.95608738968062,3.43920674799665,0.832442903389189,0.505112958942417
1989-05-16,5.23,330.6,12.07,12.07,947.78,9.090643980396333,658.41,27.06629,750.88,3.17552224503765,2.27054970568104,0.715016154973943,0.219528466253919,0.207214753166224,16.85,1.1541095890411,212.45,3.09468317552804,0,-16.0641,4.11759799833194,1.37608385686463,0.451685660266874,1.30108445697626,0.601283991047423,33.3877563865537,51.0347891166449,14.7976986383577,0.969,3.95608738968062,3.43920674799665,0.832442903389189,0.505112958942417
1989-05-17,0.54,539.59,13.51,13.51,888.42,5.311021393564884,658.41,27.06629,750.88,3.17552224503765,2.27054970568104,0.715016154973943,0.219528466253919,0.207214753166224,16.85,1.1541095890411,212.45,3.09468317552804,0,-16.0641,4.11759799833194,1.37608385686463,0.451685660266874,1.30108445697626,0.601283991047423,33.3877563865537,51.0347891166449,14.7976986383577,0.969,3.95608738968062,3.43920674799665,0.832442903389189,0.505112958942417
1989-05-18,0.02,575.7,15.2,15.2,896.34,3.844788493500958,658.41,27.06629,750.88,3.17552224503765,2.27054970568104,0.715016154973943,0.219528466253919,0.207214753166224,16.85,1.1541095890411,212.45,3.09468317552804,0,-16.0641,4.11759799833194,1.37608385686463,0.451685660266874,1.30108445697626,0.601283991047423,33.3877563865537,51.0347891166449,14.7976986383577,0.969,3.95608738968062,3.43920674799665,0.832442903389189,0.505112958942417
1989-05-19,0.27,495.25,17.63,17.63,1067.02,3.0562810227999146,658.41,27.06629,750.88,3.17552224503765,2.27054970568104,0.715016154973943,0.219528466253919,0.207214753166224,16.85,1.1541095890411,212.45,3.09468317552804,0,-16.0641,4.11759799833194,1.37608385686463,0.451685660266874,1.30108445697626,0.601283991047423,33.3877563865537,51.0347891166449,14.7976986383577,0.969,3.95608738968062,3.43920674799665,0.832442903389189,0.505112958942417
1989-05-20,2.14,410.58,18.16,18.16,1158.65,2.4958542254421476,658.41,27.06629,750.88,3.17552224503765,2.27054970568104,0.715016154973943,0.219528466253919,0.207214753166224,16.85,1.1541095890411,212.45,3.09468317552804,0,-16.0641,4.11759799833194,1.37608385686463,0.451685660266874,1.30108445697626,0.601283991047423,33.3877563865537,51.0347891166449,14.7976986383577,0.969,3.95608738968062,3.43920674799665,0.832442903389189,0.505112958942417
1989-05-21,0.56,493.53,16.11,16.11,1041.36,2.2254157127636907,658.41,27.06629,750.88,3.17552224503765,2.27054970568104,0.715016154973943,0.219528466253919,0.207214753166224,16.85,1.1541095890411,212.45,3.09468317552804,0,-16.0641,4.11759799833194,1.37608385686463,0.451685660266874,1.30108445697626,0.601283991047423,33.3877563865537,51.0347891166449,14.7976986383577,0.969,3.95608738968062,3.43920674799665,0.832442903389189,0.505112958942417
1989-05-22,2.05,441.77,13.19,13.19,857.95,1.7953207287449393,658.41,27.06629,750.88,3.17552224503765,2.27054970568104,0.715016154973943,0.219528466253919,0.207214753166224,16.85,1.1541095890411,212.45,3.09468317552804,0,-16.0641,4.11759799833194,1.37608385686463,0.451685660266874,1.30108445697626,0.601283991047423,33.3877563865537,51.0347891166449,14.7976986383577,0.969,3.95608738968062,3.43920674799665,0.832442903389189,0.505112958942417
1989-05-23,7.44,409.92,13.69,13.69,932.66,1.7073467547411034,658.41,27.06629,750.88,3.17552224503765,2.27054970568104,0.715016154973943,0.219528466253919,0.207214753166224,16.85,1.1541095890411,212.45,3.09468317552804,0,-16.0641,4.11759799833194,1.37608385686463,0.451685660266874,1.30108445697626,0.601283991047423,33.3877563865537,51.0347891166449,14.7976986383577,0.969,3.95608738968062,3.43920674799665,0.832442903389189,0.505112958942417
1989-05-24,1.99,362.99,13.03,13.03,988.86,1.97126867675261,658.41,27.06629,750.88,3.17552224503765,2.27054970568104,0.715016154973943,0.219528466253919,0.207214753166224,16.85,1.1541095890411,212.45,3.09468317552804,0,-16.0641,4.11759799833194,1.37608385686463,0.451685660266874,1.30108445697626,0.601283991047423,33.3877563865537,51.0347891166449,14.7976986383577,0.969,3.95608738968062,3.43920674799665,0.832442903389189,0.505112958942417
1989-05-25,2.69,417.91,14.39,14.39,997.64,1.4890409673982525,658.41,27.06629,750.88,3.17552224503765,2.27054970568104,0.715016154973943,0.219528466253919,0.207214753166224,16.85,1.1541095890411,212.45,3.09468317552804,0,-16.0641,4.11759799833194,1.37608385686463,0.451685660266874,1.30108445697626,0.601283991047423,33.3877563865537,51.0347891166449,14.7976986383577,0.969,3.95608738968062,3.43920674799665,0.832442903389189,0.505112958942417
1989-05-26,2.48,414.58,15.76,15.76,1032.39,1.4108418793948432,658.41,27.06629,750.88,3.17552224503765,2.27054970568104,0.715016154973943,0.219528466253919,0.207214753166224,16.85,1.1541095890411,212.45,3.09468317552804,0,-16.0641,4.11759799833194,1.37608385686463,0.451685660266874,1.30108445697626,0.601283991047423,33.3877563865537,51.0347891166449,14.7976986383577,0.969,3.95608738968062,3.43920674799665,0.832442903389189,0.505112958942417
1989-05-27,0.47,552.0,15.02,15.02,887.17,1.2511854080545493,658.41,27.06629,750.88,3.17552224503765,2.27054970568104,0.715016154973943,0.219528466253919,0.207214753166224,16.85,1.1541095890411,212.45,3.09468317552804,0,-16.0641,4.11759799833194,1.37608385686463,0.451685660266874,1.30108445697626,0.601283991047423,33.3877563865537,51.0347891166449,14.7976986383577,0.969,3.95608738968062,3.43920674799665,0.832442903389189,0.505112958942417
1989-05-28,0.0,589.27,9.12,9.12,605.44,1.0263630300447473,658.41,27.06629,750.88,3.17552224503765,2.27054970568104,0.715016154973943,0.219528466253919,0.207214753166224,16.85,1.1541095890411,212.45,3.09468317552804,0,-16.0641,4.11759799833194,1.37608385686463,0.451685660266874,1.30108445697626,0.601283991047423,33.3877563865537,51.0347891166449,14.7976986383577,0.969,3.95608738968062,3.43920674799665,0.832442903389189,0.505112958942417
1989-05-29,1.34,459.17,11.11,11.11,692.49,0.8699648540379288,658.41,27.06629,750.88,3.17552224503765,2.27054970568104,0.715016154973943,0.219528466253919,0.207214753166224,16.85,1.1541095890411,212.45,3.09468317552804,0,-16.0641,4.11759799833194,1.37608385686463,0.451685660266874,1.30108445697626,0.601283991047423,33.3877563865537,51.0347891166449,14.7976986383577,0.969,3.95608738968062,3.43920674799665,0.832442903389189,0.505112958942417
1989-05-30,6.06,432.19,15.89,15.89,1063.73,0.9416473513743873,658.41,27.06629,750.88,3.17552224503765,2.27054970568104,0.715016154973943,0.219528466253919,0.207214753166224,16.85,1.1541095890411,212.45,3.09468317552804,0,-16.0641,4.11759799833194,1.37608385686463,0.451685660266874,1.30108445697626,0.601283991047423,33.3877563865537,51.0347891166449,14.7976986383577,0.969,3.95608738968062,3.43920674799665,0.832442903389189,0.505112958942417
1989-05-31,5.32,321.61,19.78,19.78,1550.03,0.905806102706158,658.41,27.06629,750.88,3.17552224503765,2.27054970568104,0.715016154973943,0.219528466253919,0.207214753166224,16.85,1.1541095890411,212.45,3.09468317552804,0,-16.0641,4.11759799833194,1.37608385686463,0.451685660266874,1.30108445697626,0.601283991047423,33.3877563865537,51.0347891166449,14.7976986383577,0.969,3.95608738968062,3.43920674799665,0.832442903389189,0.505112958942417
1989-06-01,8.04,358.99,19.97,19.97,1586.74,1.071979164713403,658.41,27.06629,750.88,3.17552224503765,2.27054970568104,0.715016154973943,0.219528466253919,0.207214753166224,16.85,1.1541095890411,212.45,3.09468317552804,0,-16.0641,4.11759799833194,1.37608385686463,0.451685660266874,1.30108445697626,0.601283991047423,33.3877563865537,51.0347891166449,14.7976986383577,0.969,3.95608738968062,3.43920674799665,0.832442903389189,0.505112958942417
1989-06-02,4.68,293.28,20.04,20.04,1559.66,1.6161144854037928,658.41,27.06629,750.88,3.17552224503765,2.27054970568104,0.715016154973943,0.219528466253919,0.207214753166224,16.85,1.1541095890411,212.45,3.09468317552804,0,-16.0641,4.11759799833194,1.37608385686463,0.451685660266874,1.30108445697626,0.601283991047423,33.3877563865537,51.0347891166449,14.7976986383577,0.969,3.95608738968062,3.43920674799665,0.832442903389189,0.505112958942417
1989-06-03,9.22,410.21,15.87,15.87,1145.55,1.1208535947155336,658.41,27.06629,750.88,3.17552224503765,2.27054970568104,0.715016154973943,0.219528466253919,0.207214753166224,16.85,1.1541095890411,212.45,3.09468317552804,0,-16.0641,4.11759799833194,1.37608385686463,0.451685660266874,1.30108445697626,0.601283991047423,33.3877563865537,51.0347891166449,14.7976986383577,0.969,3.95608738968062,3.43920674799665,0.832442903389189,0.505112958942417
1989-06-04,3.53,358.14,16.41,16.41,1198.38,2.05598435542297,658.41,27.06629,750.88,3.17552224503765,2.27054970568104,0.715016154973943,0.219528466253919,0.207214753166224,16.85,1.1541095890411,212.45,3.09468317552804,0,-16.0641,4.11759799833194,1.37608385686463,0.451685660266874,1.30108445697626,0.601283991047423,33.3877563865537,51.0347891166449,14.7976986383577,0.969,3.95608738968062,3.43920674799665,0.832442903389189,0.505112958942417
1989-06-05,5.57,365.92,14.01,14.01,1070.35,1.3424176773918601,658.41,27.06629,750.88,3.17552224503765,2.27054970568104,0.715016154973943,0.219528466253919,0.207214753166224,16.85,1.1541095890411,212.45,3.09468317552804,0,-16.0641,4.11759799833194,1.37608385686463,0.451685660266874,1.30108445697626,0.601283991047423,33.3877563865537,51.0347891166449,14.7976986383577,0.969,3.95608738968062,3.43920674799665,0.832442903389189,0.505112958942417
1989-06-06,1.51,499.28,15.02,15.02,1076.79,1.4955575580652034,658.41,27.06629,750.88,3.17552224503765,2.27054970568104,0.715016154973943,0.219528466253919,0.207214753166224,16.85,1.1541095890411,212.45,3.09468317552804,0,-16.0641,4.11759799833194,1.37608385686463,0.451685660266874,1.30108445697626,0.601283991047423,33.3877563865537,51.0347891166449,14.7976986383577,0.969,3.95608738968062,3.43920674799665,0.832442903389189,0.505112958942417
1989-06-07,0.04,530.96,15.81,15.81,1105.77,1.2348939313871723,658.41,27.06629,750.88,3.17552224503765,2.27054970568104,0.715016154973943,0.219528466253919,0.207214753166224,16.85,1.1541095890411,212.45,3.09468317552804,0,-16.0641,4.11759799833194,1.37608385686463,0.451685660266874,1.30108445697626,0.601283991047423,33.3877563865537,51.0347891166449,14.7976986383577,0.969,3.95608738968062,3.43920674799665,0.832442903389189,0.505112958942417
1989-06-08,5.83,419.59,17.28,17.28,1222.15,1.0426545067121245,658.41,27.06629,750.88,3.17552224503765,2.27054970568104,0.715016154973943,0.219528466253919,0.207214753166224,16.85,1.1541095890411,212.45,3.09468317552804,0,-16.0641,4.11759799833194,1.37608385686463,0.451685660266874,1.30108445697626,0.601283991047423,33.3877563865537,51.0347891166449,14.7976986383577,0.969,3.95608738968062,3.43920674799665,0.832442903389189,0.505112958942417
1989-06-09,10.06,357.99,18.07,18.07,1335.55,1.0752374600468781,658.41,27.06629,750.88,3.17552224503765,2.27054970568104,0.715016154973943,0.219528466253919,0.207214753166224,16.85,1.1541095890411,212.45,3.09468317552804,0,-16.0641,4.11759799833194,1.37608385686463,0.451685660266874,1.30108445697626,0.601283991047423,33.3877563865537,51.0347891166449,14.7976986383577,0.969,3.95608738968062,3.43920674799665,0.832442903389189,0.505112958942417
1989-06-10,2.56,258.85,14.69,14.69,1181.05,1.7659960707436608,658.41,27.06629,750.88,3.17552224503765,2.27054970568104,0.715016154973943,0.219528466253919,0.207214753166224,16.85,1.1541095890411,212.45,3.09468317552804,0,-16.0641,4.11759799833194,1.37608385686463,0.451685660266874,1.30108445697626,0.601283991047423,33.3877563865537,51.0347891166449,14.7976986383577,0.969,3.95608738968062,3.43920674799665,0.832442903389189,0.505112958942417
1989-06-11,3.36,400.16,12.61,12.61,916.31,1.150178252716812,658.41,27.06629,750.88,3.17552224503765,2.27054970568104,0.715016154973943,0.219528466253919,0.207214753166224,16.85,1.1541095890411,212.45,3.09468317552804,0,-16.0641,4.11759799833194,1.37608385686463,0.451685660266874,1.30108445697626,0.601283991047423,33.3877563865537,51.0347891166449,14.7976986383577,0.969,3.95608738968062,3.43920674799665,0.832442903389189,0.505112958942417
1989-06-12,10.37,431.09,11.64,11.64,840.62,0.9286141700404857,658.41,27.06629,750.88,3.17552224503765,2.27054970568104,0.715016154973943,0.219528466253919,0.207214753166224,16.85,1.1541095890411,212.45,3.09468317552804,0,-16.0641,4.11759799833194,1.37608385686463,0.451685660266874,1.30108445697626,0.601283991047423,33.3877563865537,51.0347891166449,14.7976986383577,0.969,3.95608738968062,3.43920674799665,0.832442903389189,0.505112958942417
1989-06-13,6.26,319.42,13.37,13.37,1072.21,1.9810435627530363,658.41,27.06629,750.88,3.17552224503765,2.27054970568104,0.715016154973943,0.219528466253919,0.207214753166224,16.85,1.1541095890411,212.45,3.09468317552804,0,-16.0641,4.11759799833194,1.37608385686463,0.451685660266874,1.30108445697626,0.601283991047423,33.3877563865537,51.0347891166449,14.7976986383577,0.969,3.95608738968062,3.43920674799665,0.832442903389189,0.505112958942417
1989-06-14,17.15,224.57,12.85,12.85,1193.75,2.4958542254421476,658.41,27.06629,750.88,3.17552224503765,2.27054970568104,0.715016154973943,0.219528466253919,0.207214753166224,16.85,1.1541095890411,212.45,3.09468317552804,0,-16.0641,4.11759799833194,1.37608385686463,0.451685660266874,1.30108445697626,0.601283991047423,33.3877563865537,51.0347891166449,14.7976986383577,0.969,3.95608738968062,3.43920674799665,0.832442903389189,0.505112958942417
1989-06-15,16.46,146.18,14.12,14.12,1365.63,6.614339526955038,658.41,27.06629,750.88,3.17552224503765,2.27054970568104,0.715016154973943,0.219528466253919,0.207214753166224,16.85,1.1541095890411,212.45,3.09468317552804,0,-16.0641,4.11759799833194,1.37608385686463,0.451685660266874,1.30108445697626,0.601283991047423,33.3877563865537,51.0347891166449,14.7976986383577,0.969,3.95608738968062,3.43920674799665,0.832442903389189,0.505112958942417
1989-06-16,9.96,233.79,15.42,15.42,1381.18,7.005334966972085,658.41,27.06629,750.88,3.17552224503765,2.27054970568104,0.715016154973943,0.219528466253919,0.207214753166224,16.85,1.1541095890411,212.45,3.09468317552804,0,-16.0641,4.11759799833194,1.37608385686463,0.451685660266874,1.30108445697626,0.601283991047423,33.3877563865537,51.0347891166449,14.7976986383577,0.969,3.95608738968062,3.43920674799665,0.832442903389189,0.505112958942417
1989-06-17,2.74,328.93,15.59,15.59,1262.54,5.604267973577668,658.41,27.06629,750.88,3.17552224503765,2.27054970568104,0.715016154973943,0.219528466253919,0.207214753166224,16.85,1.1541095890411,212.45,3.09468317552804,0,-16.0641,4.11759799833194,1.37608385686463,0.451685660266874,1.30108445697626,0.601283991047423,33.3877563865537,51.0347891166449,14.7976986383577,0.969,3.95608738968062,3.43920674799665,0.832442903389189,0.505112958942417
1989-06-18,0.27,500.07,15.39,15.39,1141.08,3.681873726827189,658.41,27.06629,750.88,3.17552224503765,2.27054970568104,0.715016154973943,0.219528466253919,0.207214753166224,16.85,1.1541095890411,212.45,3.09468317552804,0,-16.0641,4.11759799833194,1.37608385686463,0.451685660266874,1.30108445697626,0.601283991047423,33.3877563865537,51.0347891166449,14.7976986383577,0.969,3.95608738968062,3.43920674799665,0.832442903389189,0.505112958942417
1989-06-19,20.68,420.11,16.48,16.48,1170.15,2.7369680801193264,658.41,27.06629,750.88,3.17552224503765,2.27054970568104,0.715016154973943,0.219528466253919,0.207214753166224,16.85,1.1541095890411,212.45,3.09468317552804,0,-16.0641,4.11759799833194,1.37608385686463,0.451685660266874,1.30108445697626,0.601283991047423,33.3877563865537,51.0347891166449,14.7976986383577,0.969,3.95608738968062,3.43920674799665,0.832442903389189,0.505112958942417
1989-06-20,47.1,328.1,16.73,16.73,1373.04,16.09597894736842,658.41,27.06629,750.88,3.17552224503765,2.27054970568104,0.715016154973943,0.219528466253919,0.207214753166224,16.85,1.1541095890411,212.45,3.09468317552804,0,-16.0641,4.11759799833194,1.37608385686463,0.451685660266874,1.30108445697626,0.601283991047423,33.3877563865537,51.0347891166449,14.7976986383577,0.969,3.95608738968062,3.43920674799665,0.832442903389189,0.505112958942417
1989-06-21,13.77,301.48,18.22,18.22,1622.82,28.705581887918175,658.41,27.06629,750.88,3.17552224503765,2.27054970568104,0.715016154973943,0.219528466253919,0.207214753166224,16.85,1.1541095890411,212.45,3.09468317552804,0,-16.0641,4.11759799833194,1.37608385686463,0.451685660266874,1.30108445697626,0.601283991047423,33.3877563865537,51.0347891166449,14.7976986383577,0.969,3.95608738968062,3.43920674799665,0.832442903389189,0.505112958942417
1989-06-22,0.98,305.59,20.56,20.56,1799.13,10.91528936714255,658.41,27.06629,750.88,3.17552224503765,2.27054970568104,0.715016154973943,0.219528466253919,0.207214753166224,16.85,1.1541095890411,212.45,3.09468317552804,0,-16.0641,4.11759799833194,1.37608385686463,0.451685660266874,1.30108445697626,0.601283991047423,33.3877563865537,51.0347891166449,14.7976986383577,0.969,3.95608738968062,3.43920674799665,0.832442903389189,0.505112958942417
1989-06-23,3.34,357.02,20.5,20.5,1677.54,5.897514553590454,658.41,27.06629,750.88,3.17552224503765,2.27054970568104,0.715016154973943,0.219528466253919,0.207214753166224,16.85,1.1541095890411,212.45,3.09468317552804,0,-16.0641,4.11759799833194,1.37608385686463,0.451685660266874,1.30108445697626,0.601283991047423,33.3877563865537,51.0347891166449,14.7976986383577,0.969,3.95608738968062,3.43920674799665,0.832442903389189,0.505112958942417
1989-06-24,1.18,478.35,20.59,20.59,1579.52,4.333532793522267,658.41,27.06629,750.88,3.17552224503765,2.27054970568104,0.715016154973943,0.219528466253919,0.207214753166224,16.85,1.1541095890411,212.45,3.09468317552804,0,-16.0641,4.11759799833194,1.37608385686463,0.451685660266874,1.30108445697626,0.601283991047423,33.3877563865537,51.0347891166449,14.7976986383577,0.969,3.95608738968062,3.43920674799665,0.832442903389189,0.505112958942417
1989-06-25,0.08,510.02,21.32,21.32,1654.71,3.0986388621350947,658.41,27.06629,750.88,3.17552224503765,2.27054970568104,0.715016154973943,0.219528466253919,0.207214753166224,16.85,1.1541095890411,212.45,3.09468317552804,0,-16.0641,4.11759799833194,1.37608385686463,0.451685660266874,1.30108445697626,0.601283991047423,33.3877563865537,51.0347891166449,14.7976986383577,0.969,3.95608738968062,3.43920674799665,0.832442903389189,0.505112958942417
1989-06-26,0.63,377.86,21.53,21.53,1723.41,2.424171728105689,658.41,27.06629,750.88,3.17552224503765,2.27054970568104,0.715016154973943,0.219528466253919,0.207214753166224,16.85,1.1541095890411,212.45,3.09468317552804,0,-16.0641,4.11759799833194,1.37608385686463,0.451685660266874,1.30108445697626,0.601283991047423,33.3877563865537,51.0347891166449,14.7976986383577,0.969,3.95608738968062,3.43920674799665,0.832442903389189,0.505112958942417
1989-06-27,6.44,383.99,21.38,21.38,1695.71,1.9582354954187087,658.41,27.06629,750.88,3.17552224503765,2.27054970568104,0.715016154973943,0.219528466253919,0.207214753166224,16.85,1.1541095890411,212.45,3.09468317552804,0,-16.0641,4.11759799833194,1.37608385686463,0.451685660266874,1.30108445697626,0.601283991047423,33.3877563865537,51.0347891166449,14.7976986383577,0.969,3.95608738968062,3.43920674799665,0.832442903389189,0.505112958942417
1989-06-28,2.65,336.1,20.38,20.38,1563.26,1.88655299808225,658.41,27.06629,750.88,3.17552224503765,2.27054970568104,0.715016154973943,0.219528466253919,0.207214753166224,16.85,1.1541095890411,212.45,3.09468317552804,0,-16.0641,4.11759799833194,1.37608385686463,0.451685660266874,1.30108445697626,0.601283991047423,33.3877563865537,51.0347891166449,14.7976986383577,0.969,3.95608738968062,3.43920674799665,0.832442903389189,0.505112958942417
1989-06-29,0.26,555.15,14.38,14.38,1001.84,1.534657102066908,658.41,27.06629,750.88,3.17552224503765,2.27054970568104,0.715016154973943,0.219528466253919,0.207214753166224,16.85,1.1541095890411,212.45,3.09468317552804,0,-16.0641,4.11759799833194,1.37608385686463,0.451685660266874,1.30108445697626,0.601283991047423,33.3877563865537,51.0347891166449,14.7976986383577,0.969,3.95608738968062,3.43920674799665,0.832442903389189,0.505112958942417
1989-06-30,0.0,583.5,13.42,13.42,896.03,1.2088275687193692,658.41,27.06629,750.88,3.17552224503765,2.27054970568104,0.715016154973943,0.219528466253919,0.207214753166224,16.85,1.1541095890411,212.45,3.09468317552804,0,-16.0641,4.11759799833194,1.37608385686463,0.451685660266874,1.30108445697626,0.601283991047423,33.3877563865537,51.0347891166449,14.7976986383577,0.969,3.95608738968062,3.43920674799665,0.832442903389189,0.505112958942417
1989-07-01,0.0,574.31,16.69,16.69,1061.35,1.0133298487108457,658.41,27.06629,750.88,3.17552224503765,2.27054970568104,0.715016154973943,0.219528466253919,0.207214753166224,16.85,1.1541095890411,212.45,3.09468317552804,0,-16.0641,4.11759799833194,1.37608385686463,0.451685660266874,1.30108445697626,0.601283991047423,33.3877563865537,51.0347891166449,14.7976986383577,0.969,3.95608738968062,3.43920674799665,0.832442903389189,0.505112958942417
1989-07-02,0.0,570.37,17.89,17.89,1149.6,0.8732231493714042,658.41,27.06629,750.88,3.17552224503765,2.27054970568104,0.715016154973943,0.219528466253919,0.207214753166224,16.85,1.1541095890411,212.45,3.09468317552804,0,-16.0641,4.11759799833194,1.37608385686463,0.451685660266874,1.30108445697626,0.601283991047423,33.3877563865537,51.0347891166449,14.7976986383577,0.969,3.95608738968062,3.43920674799665,0.832442903389189,0.505112958942417
1989-07-03,1.76,425.33,18.77,18.77,1305.47,0.7624411080332409,658.41,27.06629,750.88,3.17552224503765,2.27054970568104,0.715016154973943,0.219528466253919,0.207214753166224,16.85,1.1541095890411,212.45,3.09468317552804,0,-16.0641,4.11759799833194,1.37608385686463,0.451685660266874,1.30108445697626,0.601283991047423,33.3877563865537,51.0347891166449,14.7976986383577,0.969,3.95608738968062,3.43920674799665,0.832442903389189,0.505112958942417
1989-07-04,6.04,359.39,19.71,19.71,1541.93,0.7005334966972085,658.41,27.06629,750.88,3.17552224503765,2.27054970568104,0.715016154973943,0.219528466253919,0.207214753166224,16.85,1.1541095890411,212.45,3.09468317552804,0,-16.0641,4.11759799833194,1.37608385686463,0.451685660266874,1.30108445697626,0.601283991047423,33.3877563865537,51.0347891166449,14.7976986383577,0.969,3.95608738968062,3.43920674799665,0.832442903389189,0.505112958942417
1989-07-05,1.83,363.72,19.19,19.19,1573.8,1.1208535947155336,658.41,27.06629,750.88,3.17552224503765,2.27054970568104,0.715016154973943,0.219528466253919,0.207214753166224,16.85,1.1541095890411,212.45,3.09468317552804,0,-16.0641,4.11759799833194,1.37608385686463,0.451685660266874,1.30108445697626,0.601283991047423,33.3877563865537,51.0347891166449,14.7976986383577,0.969,3.95608738968062,3.43920674799665,0.832442903389189,0.505112958942417
1989-07-06,0.42,440.45,20.59,20.59,1579.57,0.8113155380353717,658.41,27.06629,750.88,3.17552224503765,2.27054970568104,0.715016154973943,0.219528466253919,0.207214753166224,16.85,1.1541095890411,212.45,3.09468317552804,0,-16.0641,4.11759799833194,1.37608385686463,0.451685660266874,1.30108445697626,0.601283991047423,33.3877563865537,51.0347891166449,14.7976986383577,0.969,3.95608738968062,3.43920674799665,0.832442903389189,0.505112958942417
1989-07-07,1.52,396.54,19.71,19.71,1423.55,0.6223344086937993,658.41,27.06629,750.88,3.17552224503765,2.27054970568104,0.715016154973943,0.219528466253919,0.207214753166224,16.85,1.1541095890411,212.45,3.09468317552804,0,-16.0641,4.11759799833194,1.37608385686463,0.451685660266874,1.30108445697626,0.601283991047423,33.3877563865537,51.0347891166449,14.7976986383577,0.969,3.95608738968062,3.43920674799665,0.832442903389189,0.505112958942417
1989-07-08,0.42,536.31,18.09,18.09,1227.73,0.5669433880247176,658.41,27.06629,750.88,3.17552224503765,2.27054970568104,0.715016154973943,0.219528466253919,0.207214753166224,16.85,1.1541095890411,212.45,3.09468317552804,0,-16.0641,4.11759799833194,1.37608385686463,0.451685660266874,1.30108445697626,0.601283991047423,33.3877563865537,51.0347891166449,14.7976986383577,0.969,3.95608738968062,3.43920674799665,0.832442903389189,0.505112958942417
1989-07-09,0.01,561.14,18.07,18.07,1273.68,0.4854860046878329,658.41,27.06629,750.88,3.17552224503765,2.27054970568104,0.715016154973943,0.219528466253919,0.207214753166224,16.85,1.1541095890411,212.45,3.09468317552804,0,-16.0641,4.11759799833194,1.37608385686463,0.451685660266874,1.30108445697626,0.601283991047423,33.3877563865537,51.0347891166449,14.7976986383577,0.969,3.95608738968062,3.43920674799665,0.832442903389189,0.505112958942417
1989-07-10,0.0,518.34,21.59,21.59,1544.07,0.43986987001917743,658.41,27.06629,750.88,3.17552224503765,2.27054970568104,0.715016154973943,0.219528466253919,0.207214753166224,16.85,1.1541095890411,212.45,3.09468317552804,0,-16.0641,4.11759799833194,1.37608385686463,0.451685660266874,1.30108445697626,0.601283991047423,33.3877563865537,51.0347891166449,14.7976986383577,0.969,3.95608738968062,3.43920674799665,0.832442903389189,0.505112958942417
1989-07-11,0.0,537.51,19.63,19.63,1351.21,0.39751203068399743,658.41,27.06629,750.88,3.17552224503765,2.27054970568104,0.715016154973943,0.219528466253919,0.207214753166224,16.85,1.1541095890411,212.45,3.09468317552804,0,-16.0641,4.11759799833194,1.37608385686463,0.451685660266874,1.30108445697626,0.601283991047423,33.3877563865537,51.0347891166449,14.7976986383577,0.969,3.95608738968062,3.43920674799665,0.832442903389189,0.505112958942417
1989-07-12,0.0,517.87,17.28,17.28,1211.68,0.35515419134881737,658.41,27.06629,750.88,3.17552224503765,2.27054970568104,0.715016154973943,0.219528466253919,0.207214753166224,16.85,1.1541095890411,212.45,3.09468317552804,0,-16.0641,4.11759799833194,1.37608385686463,0.451685660266874,1.30108445697626,0.601283991047423,33.3877563865537,51.0347891166449,14.7976986383577,0.969,3.95608738968062,3.43920674799665,0.832442903389189,0.505112958942417
1989-07-13,0.0,543.42,15.91,15.91,1117.61,0.3421210100149158,658.41,27.06629,750.88,3.17552224503765,2.27054970568104,0.715016154973943,0.219528466253919,0.207214753166224,16.85,1.1541095890411,212.45,3.09468317552804,0,-16.0641,4.11759799833194,1.37608385686463,0.451685660266874,1.30108445697626,0.601283991047423,33.3877563865537,51.0347891166449,14.7976986383577,0.969,3.95608738968062,3.43920674799665,0.832442903389189,0.505112958942417
1989-07-14,0.0,529.34,16.27,16.27,1122.07,0.3160546473471127,658.41,27.06629,750.88,3.17552224503765,2.27054970568104,0.715016154973943,0.219528466253919,0.207214753166224,16.85,1.1541095890411,212.45,3.09468317552804,0,-16.0641,4.11759799833194,1.37608385686463,0.451685660266874,1.30108445697626,0.601283991047423,33.3877563865537,51.0347891166449,14.7976986383577,0.969,3.95608738968062,3.43920674799665,0.832442903389189,0.505112958942417
1989-07-15,0.15,432.36,15.05,15.05,1026.48,0.293246580012785,658.41,27.06629,750.88,3.17552224503765,2.27054970568104,0.715016154973943,0.219528466253919,0.207214753166224,16.85,1.1541095890411,212.45,3.09468317552804,0,-16.0641,4.11759799833194,1.37608385686463,0.451685660266874,1.30108445697626,0.601283991047423,33.3877563865537,51.0347891166449,14.7976986383577,0.969,3.95608738968062,3.43920674799665,0.832442903389189,0.505112958942417
1989-07-16,0.24,445.95,15.17,15.17,1086.23,0.2802133986788834,658.41,27.06629,750.88,3.17552224503765,2.27054970568104,0.715016154973943,0.219528466253919,0.207214753166224,16.85,1.1541095890411,212.45,3.09468317552804,0,-16.0641,4.11759799833194,1.37608385686463,0.451685660266874,1.30108445697626,0.601283991047423,33.3877563865537,51.0347891166449,14.7976986383577,0.969,3.95608738968062,3.43920674799665,0.832442903389189,0.505112958942417
1989-07-17,0.05,518.38,16.13,16.13,1146.1,0.2802133986788834,658.41,27.06629,750.88,3.17552224503765,2.27054970568104,0.715016154973943,0.219528466253919,0.207214753166224,16.85,1.1541095890411,212.45,3.09468317552804,0,-16.0641,4.11759799833194,1.37608385686463,0.451685660266874,1.30108445697626,0.601283991047423,33.3877563865537,51.0347891166449,14.7976986383577,0.969,3.95608738968062,3.43920674799665,0.832442903389189,0.505112958942417
1989-07-18,1.82,426.64,16.54,16.54,1143.54,0.25414703601108035,658.41,27.06629,750.88,3.17552224503765,2.27054970568104,0.715016154973943,0.219528466253919,0.207214753166224,16.85,1.1541095890411,212.45,3.09468317552804,0,-16.0641,4.11759799833194,1.37608385686463,0.451685660266874,1.30108445697626,0.601283991047423,33.3877563865537,51.0347891166449,14.7976986383577,0.969,3.95608738968062,3.43920674799665,0.832442903389189,0.505112958942417
1989-07-19,23.74,408.05,18.0,18.0,1307.35,0.24111385467717877,658.41,27.06629,750.88,3.17552224503765,2.27054970568104,0.715016154973943,0.219528466253919,0.207214753166224,16.85,1.1541095890411,212.45,3.09468317552804,0,-16.0641,4.11759799833194,1.37608385686463,0.451685660266874,1.30108445697626,0.601283991047423,33.3877563865537,51.0347891166449,14.7976986383577,0.969,3.95608738968062,3.43920674799665,0.832442903389189,0.505112958942417
1989-07-20,14.79,324.79,19.88,19.88,1633.83,1.2055692733858938,658.41,27.06629,750.88,3.17552224503765,2.27054970568104,0.715016154973943,0.219528466253919,0.207214753166224,16.85,1.1541095890411,212.45,3.09468317552804,0,-16.0641,4.11759799833194,1.37608385686463,0.451685660266874,1.30108445697626,0.601283991047423,33.3877563865537,51.0347891166449,14.7976986383577,0.969,3.95608738968062,3.43920674799665,0.832442903389189,0.505112958942417
1989-07-21,4.09,220.89,19.16,19.16,1762.63,1.133886776049435,658.41,27.06629,750.88,3.17552224503765,2.27054970568104,0.715016154973943,0.219528466253919,0.207214753166224,16.85,1.1541095890411,212.45,3.09468317552804,0,-16.0641,4.11759799833194,1.37608385686463,0.451685660266874,1.30108445697626,0.601283991047423,33.3877563865537,51.0347891166449,14.7976986383577,0.969,3.95608738968062,3.43920674799665,0.832442903389189,0.505112958942417
1989-07-22,1.99,287.59,20.71,20.71,1833.32,0.5734599786916684,658.41,27.06629,750.88,3.17552224503765,2.27054970568104,0.715016154973943,0.219528466253919,0.207214753166224,16.85,1.1541095890411,212.45,3.09468317552804,0,-16.0641,4.11759799833194,1.37608385686463,0.451685660266874,1.30108445697626,0.601283991047423,33.3877563865537,51.0347891166449,14.7976986383577,0.969,3.95608738968062,3.43920674799665,0.832442903389189,0.505112958942417
1989-07-23,0.66,401.1,21.37,21.37,1727.61,0.4789694140208821,658.41,27.06629,750.88,3.17552224503765,2.27054970568104,0.715016154973943,0.219528466253919,0.207214753166224,16.85,1.1541095890411,212.45,3.09468317552804,0,-16.0641,4.11759799833194,1.37608385686463,0.451685660266874,1.30108445697626,0.601283991047423,33.3877563865537,51.0347891166449,14.7976986383577,0.969,3.95608738968062,3.43920674799665,0.832442903389189,0.505112958942417
1989-07-24,0.08,449.43,21.73,21.73,1711.94,0.39425373535052205,658.41,27.06629,750.88,3.17552224503765,2.27054970568104,0.715016154973943,0.219528466253919,0.207214753166224,16.85,1.1541095890411,212.45,3.09468317552804,0,-16.0641,4.11759799833194,1.37608385686463,0.451685660266874,1.30108445697626,0.601283991047423,33.3877563865537,51.0347891166449,14.7976986383577,0.969,3.95608738968062,3.43920674799665,0.832442903389189,0.505112958942417
1989-07-25,0.28,382.18,22.17,22.17,1756.1,0.3388627146814404,658.41,27.06629,750.88,3.17552224503765,2.27054970568104,0.715016154973943,0.219528466253919,0.207214753166224,16.85,1.1541095890411,212.45,3.09468317552804,0,-16.0641,4.11759799833194,1.37608385686463,0.451685660266874,1.30108445697626,0.601283991047423,33.3877563865537,51.0347891166449,14.7976986383577,0.969,3.95608738968062,3.43920674799665,0.832442903389189,0.505112958942417
1989-07-26,7.42,369.64,22.6,22.6,1807.11,0.3127963520136373,658.41,27.06629,750.88,3.17552224503765,2.27054970568104,0.715016154973943,0.219528466253919,0.207214753166224,16.85,1.1541095890411,212.45,3.09468317552804,0,-16.0641,4.11759799833194,1.37608385686463,0.451685660266874,1.30108445697626,0.601283991047423,33.3877563865537,51.0347891166449,14.7976986383577,0.969,3.95608738968062,3.43920674799665,0.832442903389189,0.505112958942417
1989-07-27,2.12,337.3,22.42,22.42,1880.83,0.5636850926912422,658.41,27.06629,750.88,3.17552224503765,2.27054970568104,0.715016154973943,0.219528466253919,0.207214753166224,16.85,1.1541095890411,212.45,3.09468317552804,0,-16.0641,4.11759799833194,1.37608385686463,0.451685660266874,1.30108445697626,0.601283991047423,33.3877563865537,51.0347891166449,14.7976986383577,0.969,3.95608738968062,3.43920674799665,0.832442903389189,0.505112958942417
1989-07-28,0.29,286.4,21.55,21.55,1736.38,0.3779622586831451,658.41,27.06629,750.88,3.17552224503765,2.27054970568104,0.715016154973943,0.219528466253919,0.207214753166224,16.85,1.1541095890411,212.45,3.09468317552804,0,-16.0641,4.11759799833194,1.37608385686463,0.451685660266874,1.30108445697626,0.601283991047423,33.3877563865537,51.0347891166449,14.7976986383577,0.969,3.95608738968062,3.43920674799665,0.832442903389189,0.505112958942417
1989-07-29,1.02,409.2,15.07,15.07,1092.92,0.3160546473471127,658.41,27.06629,750.88,3.17552224503765,2.27054970568104,0.715016154973943,0.219528466253919,0.207214753166224,16.85,1.1541095890411,212.45,3.09468317552804,0,-16.0641,4.11759799833194,1.37608385686463,0.451685660266874,1.30108445697626,0.601283991047423,33.3877563865537,51.0347891166449,14.7976986383577,0.969,3.95608738968062,3.43920674799665,0.832442903389189,0.505112958942417
1989-07-30,0.38,423.04,15.56,15.56,1099.11,0.2867299893458342,658.41,27.06629,750.88,3.17552224503765,2.27054970568104,0.715016154973943,0.219528466253919,0.207214753166224,16.85,1.1541095890411,212.45,3.09468317552804,0,-16.0641,4.11759799833194,1.37608385686463,0.451685660266874,1.30108445697626,0.601283991047423,33.3877563865537,51.0347891166449,14.7976986383577,0.969,3.95608738968062,3.43920674799665,0.832442903389189,0.505112958942417
1989-07-31,0.42,349.88,14.58,14.58,1148.54,0.2802133986788834,658.41,27.06629,750.88,3.17552224503765,2.27054970568104,0.715016154973943,0.219528466253919,0.207214753166224,16.85,1.1541095890411,212.45,3.09468317552804,0,-16.0641,4.11759799833194,1.37608385686463,0.451685660266874,1.30108445697626,0.601283991047423,33.3877563865537,51.0347891166449,14.7976986383577,0.969,3.95608738968062,3.43920674799665,0.832442903389189,0.505112958942417
1989-08-01,0.38,284.0,15.02,15.02,1284.09,0.27369680801193264,658.41,27.06629,750.88,3.17552224503765,2.27054970568104,0.715016154973943,0.219528466253919,0.207214753166224,16.85,1.1541095890411,212.45,3.09468317552804,0,-16.0641,4.11759799833194,1.37608385686463,0.451685660266874,1.30108445697626,0.601283991047423,33.3877563865537,51.0347891166449,14.7976986383577,0.969,3.95608738968062,3.43920674799665,0.832442903389189,0.505112958942417
1989-08-02,0.97,343.72,16.2,16.2,1364.43,0.2606636266780311,658.41,27.06629,750.88,3.17552224503765,2.27054970568104,0.715016154973943,0.219528466253919,0.207214753166224,16.85,1.1541095890411,212.45,3.09468317552804,0,-16.0641,4.11759799833194,1.37608385686463,0.451685660266874,1.30108445697626,0.601283991047423,33.3877563865537,51.0347891166449,14.7976986383577,0.969,3.95608738968062,3.43920674799665,0.832442903389189,0.505112958942417
1989-08-03,4.08,372.25,19.09,19.09,1612.92,0.27043851267845725,658.41,27.06629,750.88,3.17552224503765,2.27054970568104,0.715016154973943,0.219528466253919,0.207214753166224,16.85,1.1541095890411,212.45,3.09468317552804,0,-16.0641,4.11759799833194,1.37608385686463,0.451685660266874,1.30108445697626,0.601283991047423,33.3877563865537,51.0347891166449,14.7976986383577,0.969,3.95608738968062,3.43920674799665,0.832442903389189,0.505112958942417
1989-08-04,8.65,314.12,22.88,22.88,2017.62,0.25740533134455573,658.41,27.06629,750.88,3.17552224503765,2.27054970568104,0.715016154973943,0.219528466253919,0.207214753166224,16.85,1.1541095890411,212.45,3.09468317552804,0,-16.0641,4.11759799833194,1.37608385686463,0.451685660266874,1.30108445697626,0.601283991047423,33.3877563865537,51.0347891166449,14.7976986383577,0.969,3.95608738968062,3.43920674799665,0.832442903389189,0.505112958942417
1989-08-05,3.21,311.99,23.4,23.4,2061.53,0.3877371446835713,658.41,27.06629,750.88,3.17552224503765,2.27054970568104,0.715016154973943,0.219528466253919,0.207214753166224,16.85,1.1541095890411,212.45,3.09468317552804,0,-16.0641,4.11759799833194,1.37608385686463,0.451685660266874,1.30108445697626,0.601283991047423,33.3877563865537,51.0347891166449,14.7976986383577,0.969,3.95608738968062,3.43920674799665,0.832442903389189,0.505112958942417
1989-08-06,6.63,299.82,22.36,22.36,1862.74,0.2867299893458342,658.41,27.06629,750.88,3.17552224503765,2.27054970568104,0.715016154973943,0.219528466253919,0.207214753166224,16.85,1.1541095890411,212.45,3.09468317552804,0,-16.0641,4.11759799833194,1.37608385686463,0.451685660266874,1.30108445697626,0.601283991047423,33.3877563865537,51.0347891166449,14.7976986383577,0.969,3.95608738968062,3.43920674799665,0.832442903389189,0.505112958942417
1989-08-07,1.66,500.4,18.47,18.47,1308.42,0.2508887406776049,658.41,27.06629,750.88,3.17552224503765,2.27054970568104,0.715016154973943,0.219528466253919,0.207214753166224,16.85,1.1541095890411,212.45,3.09468317552804,0,-16.0641,4.11759799833194,1.37608385686463,0.451685660266874,1.30108445697626,0.601283991047423,33.3877563865537,51.0347891166449,14.7976986383577,0.969,3.95608738968062,3.43920674799665,0.832442903389189,0.505112958942417
1989-08-08,0.0,467.5,11.71,11.71,894.02,0.22808067334327722,658.41,27.06629,750.88,3.17552224503765,2.27054970568104,0.715016154973943,0.219528466253919,0.207214753166224,16.85,1.1541095890411,212.45,3.09468317552804,0,-16.0641,4.11759799833194,1.37608385686463,0.451685660266874,1.30108445697626,0.601283991047423,33.3877563865537,51.0347891166449,14.7976986383577,0.969,3.95608738968062,3.43920674799665,0.832442903389189,0.505112958942417
1989-08-09,0.0,541.47,10.86,10.86,823.59,0.21178919667590027,658.41,27.06629,750.88,3.17552224503765,2.27054970568104,0.715016154973943,0.219528466253919,0.207214753166224,16.85,1.1541095890411,212.45,3.09468317552804,0,-16.0641,4.11759799833194,1.37608385686463,0.451685660266874,1.30108445697626,0.601283991047423,33.3877563865537,51.0347891166449,14.7976986383577,0.969,3.95608738968062,3.43920674799665,0.832442903389189,0.505112958942417
1989-08-10,0.0,547.71,13.43,13.43,927.42,0.1954977200085233,658.41,27.06629,750.88,3.17552224503765,2.27054970568104,0.715016154973943,0.219528466253919,0.207214753166224,16.85,1.1541095890411,212.45,3.09468317552804,0,-16.0641,4.11759799833194,1.37608385686463,0.451685660266874,1.30108445697626,0.601283991047423,33.3877563865537,51.0347891166449,14.7976986383577,0.969,3.95608738968062,3.43920674799665,0.832442903389189,0.505112958942417
1989-08-11,0.05,421.07,15.7,15.7,1106.6,0.18246453867462176,658.41,27.06629,750.88,3.17552224503765,2.27054970568104,0.715016154973943,0.219528466253919,0.207214753166224,16.85,1.1541095890411,212.45,3.09468317552804,0,-16.0641,4.11759799833194,1.37608385686463,0.451685660266874,1.30108445697626,0.601283991047423,33.3877563865537,51.0347891166449,14.7976986383577,0.969,3.95608738968062,3.43920674799665,0.832442903389189,0.505112958942417
1989-08-12,0.41,358.0,16.5,16.5,1247.55,0.18246453867462176,658.41,27.06629,750.88,3.17552224503765,2.27054970568104,0.715016154973943,0.219528466253919,0.207214753166224,16.85,1.1541095890411,212.45,3.09468317552804,0,-16.0641,4.11759799833194,1.37608385686463,0.451685660266874,1.30108445697626,0.601283991047423,33.3877563865537,51.0347891166449,14.7976986383577,0.969,3.95608738968062,3.43920674799665,0.832442903389189,0.505112958942417
1989-08-13,0.6,411.23,16.55,16.55,1247.03,0.17920624334114638,658.41,27.06629,750.88,3.17552224503765,2.27054970568104,0.715016154973943,0.219528466253919,0.207214753166224,16.85,1.1541095890411,212.45,3.09468317552804,0,-16.0641,4.11759799833194,1.37608385686463,0.451685660266874,1.30108445697626,0.601283991047423,33.3877563865537,51.0347891166449,14.7976986383577,0.969,3.95608738968062,3.43920674799665,0.832442903389189,0.505112958942417
1989-08-14,0.13,508.04,17.82,17.82,1303.47,0.17594794800767097,658.41,27.06629,750.88,3.17552224503765,2.27054970568104,0.715016154973943,0.219528466253919,0.207214753166224,16.85,1.1541095890411,212.45,3.09468317552804,0,-16.0641,4.11759799833194,1.37608385686463,0.451685660266874,1.30108445697626,0.601283991047423,33.3877563865537,51.0347891166449,14.7976986383577,0.969,3.95608738968062,3.43920674799665,0.832442903389189,0.505112958942417
1989-08-15,1.28,360.98,19.02,19.02,1441.43,0.16291476667376945,658.41,27.06629,750.88,3.17552224503765,2.27054970568104,0.715016154973943,0.219528466253919,0.207214753166224,16.85,1.1541095890411,212.45,3.09468317552804,0,-16.0641,4.11759799833194,1.37608385686463,0.451685660266874,1.30108445697626,0.601283991047423,33.3877563865537,51.0347891166449,14.7976986383577,0.969,3.95608738968062,3.43920674799665,0.832442903389189,0.505112958942417
1989-08-16,0.38,389.76,18.95,18.95,1400.07,0.15639817600681866,658.41,27.06629,750.88,3.17552224503765,2.27054970568104,0.715016154973943,0.219528466253919,0.207214753166224,16.85,1.1541095890411,212.45,3.09468317552804,0,-16.0641,4.11759799833194,1.37608385686463,0.451685660266874,1.30108445697626,0.601283991047423,33.3877563865537,51.0347891166449,14.7976986383577,0.969,3.95608738968062,3.43920674799665,0.832442903389189,0.505112958942417
1989-08-17,0.01,505.91,16.61,16.61,1131.26,0.15639817600681866,658.41,27.06629,750.88,3.17552224503765,2.27054970568104,0.715016154973943,0.219528466253919,0.207214753166224,16.85,1.1541095890411,212.45,3.09468317552804,0,-16.0641,4.11759799833194,1.37608385686463,0.451685660266874,1.30108445697626,0.601283991047423,33.3877563865537,51.0347891166449,14.7976986383577,0.969,3.95608738968062,3.43920674799665,0.832442903389189,0.505112958942417
1989-08-18,1.76,410.95,14.04,14.04,978.63,0.1466232900063925,658.41,27.06629,750.88,3.17552224503765,2.27054970568104,0.715016154973943,0.219528466253919,0.207214753166224,16.85,1.1541095890411,212.45,3.09468317552804,0,-16.0641,4.11759799833194,1.37608385686463,0.451685660266874,1.30108445697626,0.601283991047423,33.3877563865537,51.0347891166449,14.7976986383577,0.969,3.95608738968062,3.43920674799665,0.832442903389189,0.505112958942417
1989-08-19,7.67,374.38,14.58,14.58,1072.69,0.15313988067334328,658.41,27.06629,750.88,3.17552224503765,2.27054970568104,0.715016154973943,0.219528466253919,0.207214753166224,16.85,1.1541095890411,212.45,3.09468317552804,0,-16.0641,4.11759799833194,1.37608385686463,0.451685660266874,1.30108445697626,0.601283991047423,33.3877563865537,51.0347891166449,14.7976986383577,0.969,3.95608738968062,3.43920674799665,0.832442903389189,0.505112958942417
1989-08-20,3.24,331.08,14.86,14.86,1216.94,0.1954977200085233,658.41,27.06629,750.88,3.17552224503765,2.27054970568104,0.715016154973943,0.219528466253919,0.207214753166224,16.85,1.1541095890411,212.45,3.09468317552804,0,-16.0641,4.11759799833194,1.37608385686463,0.451685660266874,1.30108445697626,0.601283991047423,33.3877563865537,51.0347891166449,14.7976986383577,0.969,3.95608738968062,3.43920674799665,0.832442903389189,0.505112958942417
1989-08-21,0.79,351.58,17.7,17.7,1442.22,0.17920624334114638,658.41,27.06629,750.88,3.17552224503765,2.27054970568104,0.715016154973943,0.219528466253919,0.207214753166224,16.85,1.1541095890411,212.45,3.09468317552804,0,-16.0641,4.11759799833194,1.37608385686463,0.451685660266874,1.30108445697626,0.601283991047423,33.3877563865537,51.0347891166449,14.7976986383577,0.969,3.95608738968062,3.43920674799665,0.832442903389189,0.505112958942417
1989-08-22,1.87,357.52,18.48,18.48,1465.92,0.15965647134029404,658.41,27.06629,750.88,3.17552224503765,2.27054970568104,0.715016154973943,0.219528466253919,0.207214753166224,16.85,1.1541095890411,212.45,3.09468317552804,0,-16.0641,4.11759799833194,1.37608385686463,0.451685660266874,1.30108445697626,0.601283991047423,33.3877563865537,51.0347891166449,14.7976986383577,0.969,3.95608738968062,3.43920674799665,0.832442903389189,0.505112958942417
1989-08-23,1.74,295.37,19.76,19.76,1567.84,0.15639817600681866,658.41,27.06629,750.88,3.17552224503765,2.27054970568104,0.715016154973943,0.219528466253919,0.207214753166224,16.85,1.1541095890411,212.45,3.09468317552804,0,-16.0641,4.11759799833194,1.37608385686463,0.451685660266874,1.30108445697626,0.601283991047423,33.3877563865537,51.0347891166449,14.7976986383577,0.969,3.95608738968062,3.43920674799665,0.832442903389189,0.505112958942417
1989-08-24,0.34,475.6,16.53,16.53,1166.92,0.15313988067334328,658.41,27.06629,750.88,3.17552224503765,2.27054970568104,0.715016154973943,0.219528466253919,0.207214753166224,16.85,1.1541095890411,212.45,3.09468317552804,0,-16.0641,4.11759799833194,1.37608385686463,0.451685660266874,1.30108445697626,0.601283991047423,33.3877563865537,51.0347891166449,14.7976986383577,0.969,3.95608738968062,3.43920674799665,0.832442903389189,0.505112958942417
1989-08-25,0.0,530.89,12.56,12.56,837.98,0.13359010867249094,658.41,27.06629,750.88,3.17552224503765,2.27054970568104,0.715016154973943,0.219528466253919,0.207214753166224,16.85,1.1541095890411,212.45,3.09468317552804,0,-16.0641,4.11759799833194,1.37608385686463,0.451685660266874,1.30108445697626,0.601283991047423,33.3877563865537,51.0347891166449,14.7976986383577,0.969,3.95608738968062,3.43920674799665,0.832442903389189,0.505112958942417
1989-08-26,0.0,527.24,13.18,13.18,855.5,0.11729863200511399,658.41,27.06629,750.88,3.17552224503765,2.27054970568104,0.715016154973943,0.219528466253919,0.207214753166224,16.85,1.1541095890411,212.45,3.09468317552804,0,-16.0641,4.11759799833194,1.37608385686463,0.451685660266874,1.30108445697626,0.601283991047423,33.3877563865537,51.0347891166449,14.7976986383577,0.969,3.95608738968062,3.43920674799665,0.832442903389189,0.505112958942417
1989-08-27,0.0,516.38,14.82,14.82,973.07,0.11078204133816322,658.41,27.06629,750.88,3.17552224503765,2.27054970568104,0.715016154973943,0.219528466253919,0.207214753166224,16.85,1.1541095890411,212.45,3.09468317552804,0,-16.0641,4.11759799833194,1.37608385686463,0.451685660266874,1.30108445697626,0.601283991047423,33.3877563865537,51.0347891166449,14.7976986383577,0.969,3.95608738968062,3.43920674799665,0.832442903389189,0.505112958942417
1989-08-28,2.7,380.59,16.31,16.31,1128.1,0.11078204133816322,658.41,27.06629,750.88,3.17552224503765,2.27054970568104,0.715016154973943,0.219528466253919,0.207214753166224,16.85,1.1541095890411,212.45,3.09468317552804,0,-16.0641,4.11759799833194,1.37608385686463,0.451685660266874,1.30108445697626,0.601283991047423,33.3877563865537,51.0347891166449,14.7976986383577,0.969,3.95608738968062,3.43920674799665,0.832442903389189,0.505112958942417
1989-08-29,2.01,353.52,18.07,18.07,1384.9,0.11078204133816322,658.41,27.06629,750.88,3.17552224503765,2.27054970568104,0.715016154973943,0.219528466253919,0.207214753166224,16.85,1.1541095890411,212.45,3.09468317552804,0,-16.0641,4.11759799833194,1.37608385686463,0.451685660266874,1.30108445697626,0.601283991047423,33.3877563865537,51.0347891166449,14.7976986383577,0.969,3.95608738968062,3.43920674799665,0.832442903389189,0.505112958942417
1989-08-30,0.38,293.28,19.33,19.33,1558.79,0.11078204133816322,658.41,27.06629,750.88,3.17552224503765,2.27054970568104,0.715016154973943,0.219528466253919,0.207214753166224,16.85,1.1541095890411,212.45,3.09468317552804,0,-16.0641,4.11759799833194,1.37608385686463,0.451685660266874,1.30108445697626,0.601283991047423,33.3877563865537,51.0347891166449,14.7976986383577,0.969,3.95608738968062,3.43920674799665,0.832442903389189,0.505112958942417
1989-08-31,1.03,383.14,15.37,15.37,1141.67,0.10752374600468782,658.41,27.06629,750.88,3.17552224503765,2.27054970568104,0.715016154973943,0.219528466253919,0.207214753166224,16.85,1.1541095890411,212.45,3.09468317552804,0,-16.0641,4.11759799833194,1.37608385686463,0.451685660266874,1.30108445697626,0.601283991047423,33.3877563865537,51.0347891166449,14.7976986383577,0.969,3.95608738968062,3.43920674799665,0.832442903389189,0.505112958942417
1989-09-01,5.05,331.93,16.44,16.44,1223.23,0.10426545067121244,658.41,27.06629,750.88,3.17552224503765,2.27054970568104,0.715016154973943,0.219528466253919,0.207214753166224,16.85,1.1541095890411,212.45,3.09468317552804,0,-16.0641,4.11759799833194,1.37608385686463,0.451685660266874,1.30108445697626,0.601283991047423,33.3877563865537,51.0347891166449,14.7976986383577,0.969,3.95608738968062,3.43920674799665,0.832442903389189,0.505112958942417
1989-09-02,1.26,392.18,14.89,14.89,1119.87,0.11404033667163861,658.41,27.06629,750.88,3.17552224503765,2.27054970568104,0.715016154973943,0.219528466253919,0.207214753166224,16.85,1.1541095890411,212.45,3.09468317552804,0,-16.0641,4.11759799833194,1.37608385686463,0.451685660266874,1.30108445697626,0.601283991047423,33.3877563865537,51.0347891166449,14.7976986383577,0.969,3.95608738968062,3.43920674799665,0.832442903389189,0.505112958942417
1989-09-03,0.0,498.03,12.46,12.46,849.29,0.11404033667163861,658.41,27.06629,750.88,3.17552224503765,2.27054970568104,0.715016154973943,0.219528466253919,0.207214753166224,16.85,1.1541095890411,212.45,3.09468317552804,0,-16.0641,4.11759799833194,1.37608385686463,0.451685660266874,1.30108445697626,0.601283991047423,33.3877563865537,51.0347891166449,14.7976986383577,0.969,3.95608738968062,3.43920674799665,0.832442903389189,0.505112958942417
1989-09-04,0.0,511.34,11.86,11.86,796.88,0.10100715533773705,658.41,27.06629,750.88,3.17552224503765,2.27054970568104,0.715016154973943,0.219528466253919,0.207214753166224,16.85,1.1541095890411,212.45,3.09468317552804,0,-16.0641,4.11759799833194,1.37608385686463,0.451685660266874,1.30108445697626,0.601283991047423,33.3877563865537,51.0347891166449,14.7976986383577,0.969,3.95608738968062,3.43920674799665,0.832442903389189,0.505112958942417
1989-09-05,0.0,478.77,14.31,14.31,1009.16,0.09449056467078627,658.41,27.06629,750.88,3.17552224503765,2.27054970568104,0.715016154973943,0.219528466253919,0.207214753166224,16.85,1.1541095890411,212.45,3.09468317552804,0,-16.0641,4.11759799833194,1.37608385686463,0.451685660266874,1.30108445697626,0.601283991047423,33.3877563865537,51.0347891166449,14.7976986383577,0.969,3.95608738968062,3.43920674799665,0.832442903389189,0.505112958942417
1989-09-06,0.06,377.83,16.86,16.86,1254.32,0.08797397400383548,658.41,27.06629,750.88,3.17552224503765,2.27054970568104,0.715016154973943,0.219528466253919,0.207214753166224,16.85,1.1541095890411,212.45,3.09468317552804,0,-16.0641,4.11759799833194,1.37608385686463,0.451685660266874,1.30108445697626,0.601283991047423,33.3877563865537,51.0347891166449,14.7976986383577,0.969,3.95608738968062,3.43920674799665,0.832442903389189,0.505112958942417
1989-09-07,0.38,328.74,18.24,18.24,1394.04,0.08797397400383548,658.41,27.06629,750.88,3.17552224503765,2.27054970568104,0.715016154973943,0.219528466253919,0.207214753166224,16.85,1.1541095890411,212.45,3.09468317552804,0,-16.0641,4.11759799833194,1.37608385686463,0.451685660266874,1.30108445697626,0.601283991047423,33.3877563865537,51.0347891166449,14.7976986383577,0.969,3.95608738968062,3.43920674799665,0.832442903389189,0.505112958942417
1989-09-08,0.1,410.0,19.58,19.58,1550.84,0.09123226933731088,658.41,27.06629,750.88,3.17552224503765,2.27054970568104,0.715016154973943,0.219528466253919,0.207214753166224,16.85,1.1541095890411,212.45,3.09468317552804,0,-16.0641,4.11759799833194,1.37608385686463,0.451685660266874,1.30108445697626,0.601283991047423,33.3877563865537,51.0347891166449,14.7976986383577,0.969,3.95608738968062,3.43920674799665,0.832442903389189,0.505112958942417
1989-09-09,0.83,299.94,21.36,21.36,1741.21,0.09123226933731088,658.41,27.06629,750.88,3.17552224503765,2.27054970568104,0.715016154973943,0.219528466253919,0.207214753166224,16.85,1.1541095890411,212.45,3.09468317552804,0,-16.0641,4.11759799833194,1.37608385686463,0.451685660266874,1.30108445697626,0.601283991047423,33.3877563865537,51.0347891166449,14.7976986383577,0.969,3.95608738968062,3.43920674799665,0.832442903389189,0.505112958942417
1989-09-10,1.95,296.93,20.72,20.72,1636.3,0.08797397400383548,658.41,27.06629,750.88,3.17552224503765,2.27054970568104,0.715016154973943,0.219528466253919,0.207214753166224,16.85,1.1541095890411,212.45,3.09468317552804,0,-16.0641,4.11759799833194,1.37608385686463,0.451685660266874,1.30108445697626,0.601283991047423,33.3877563865537,51.0347891166449,14.7976986383577,0.969,3.95608738968062,3.43920674799665,0.832442903389189,0.505112958942417
1989-09-11,0.46,355.44,17.66,17.66,1341.97,0.09123226933731088,658.41,27.06629,750.88,3.17552224503765,2.27054970568104,0.715016154973943,0.219528466253919,0.207214753166224,16.85,1.1541095890411,212.45,3.09468317552804,0,-16.0641,4.11759799833194,1.37608385686463,0.451685660266874,1.30108445697626,0.601283991047423,33.3877563865537,51.0347891166449,14.7976986383577,0.969,3.95608738968062,3.43920674799665,0.832442903389189,0.505112958942417
1989-09-12,0.0,449.83,14.26,14.26,1075.92,0.08797397400383548,658.41,27.06629,750.88,3.17552224503765,2.27054970568104,0.715016154973943,0.219528466253919,0.207214753166224,16.85,1.1541095890411,212.45,3.09468317552804,0,-16.0641,4.11759799833194,1.37608385686463,0.451685660266874,1.30108445697626,0.601283991047423,33.3877563865537,51.0347891166449,14.7976986383577,0.969,3.95608738968062,3.43920674799665,0.832442903389189,0.505112958942417
1989-09-13,5.98,314.51,16.48,16.48,1247.66,0.0847156786703601,658.41,27.06629,750.88,3.17552224503765,2.27054970568104,0.715016154973943,0.219528466253919,0.207214753166224,16.85,1.1541095890411,212.45,3.09468317552804,0,-16.0641,4.11759799833194,1.37608385686463,0.451685660266874,1.30108445697626,0.601283991047423,33.3877563865537,51.0347891166449,14.7976986383577,0.969,3.95608738968062,3.43920674799665,0.832442903389189,0.505112958942417
1989-09-14,24.98,282.8,15.83,15.83,1231.42,0.10426545067121244,658.41,27.06629,750.88,3.17552224503765,2.27054970568104,0.715016154973943,0.219528466253919,0.207214753166224,16.85,1.1541095890411,212.45,3.09468317552804,0,-16.0641,4.11759799833194,1.37608385686463,0.451685660266874,1.30108445697626,0.601283991047423,33.3877563865537,51.0347891166449,14.7976986383577,0.969,3.95608738968062,3.43920674799665,0.832442903389189,0.505112958942417
1989-09-15,10.25,170.15,12.82,12.82,1139.44,0.5408770253569145,658.41,27.06629,750.88,3.17552224503765,2.27054970568104,0.715016154973943,0.219528466253919,0.207214753166224,16.85,1.1541095890411,212.45,3.09468317552804,0,-16.0641,4.11759799833194,1.37608385686463,0.451685660266874,1.30108445697626,0.601283991047423,33.3877563865537,51.0347891166449,14.7976986383577,0.969,3.95608738968062,3.43920674799665,0.832442903389189,0.505112958942417
1989-09-16,13.37,216.04,11.68,11.68,1092.39,0.3877371446835713,658.41,27.06629,750.88,3.17552224503765,2.27054970568104,0.715016154973943,0.219528466253919,0.207214753166224,16.85,1.1541095890411,212.45,3.09468317552804,0,-16.0641,4.11759799833194,1.37608385686463,0.451685660266874,1.30108445697626,0.601283991047423,33.3877563865537,51.0347891166449,14.7976986383577,0.969,3.95608738968062,3.43920674799665,0.832442903389189,0.505112958942417
1989-09-17,4.24,180.93,12.36,12.36,1142.93,0.553910206690816,658.41,27.06629,750.88,3.17552224503765,2.27054970568104,0.715016154973943,0.219528466253919,0.207214753166224,16.85,1.1541095890411,212.45,3.09468317552804,0,-16.0641,4.11759799833194,1.37608385686463,0.451685660266874,1.30108445697626,0.601283991047423,33.3877563865537,51.0347891166449,14.7976986383577,0.969,3.95608738968062,3.43920674799665,0.832442903389189,0.505112958942417
1989-09-18,0.41,294.78,12.98,12.98,1093.73,0.30953805668016193,658.41,27.06629,750.88,3.17552224503765,2.27054970568104,0.715016154973943,0.219528466253919,0.207214753166224,16.85,1.1541095890411,212.45,3.09468317552804,0,-16.0641,4.11759799833194,1.37608385686463,0.451685660266874,1.30108445697626,0.601283991047423,33.3877563865537,51.0347891166449,14.7976986383577,0.969,3.95608738968062,3.43920674799665,0.832442903389189,0.505112958942417
1989-09-19,1.0,277.05,13.67,13.67,1100.02,0.21830578734285105,658.41,27.06629,750.88,3.17552224503765,2.27054970568104,0.715016154973943,0.219528466253919,0.207214753166224,16.85,1.1541095890411,212.45,3.09468317552804,0,-16.0641,4.11759799833194,1.37608385686463,0.451685660266874,1.30108445697626,0.601283991047423,33.3877563865537,51.0347891166449,14.7976986383577,0.969,3.95608738968062,3.43920674799665,0.832442903389189,0.505112958942417
1989-09-20,0.51,373.08,15.01,15.01,1123.71,0.18898112934157255,658.41,27.06629,750.88,3.17552224503765,2.27054970568104,0.715016154973943,0.219528466253919,0.207214753166224,16.85,1.1541095890411,212.45,3.09468317552804,0,-16.0641,4.11759799833194,1.37608385686463,0.451685660266874,1.30108445697626,0.601283991047423,33.3877563865537,51.0347891166449,14.7976986383577,0.969,3.95608738968062,3.43920674799665,0.832442903389189,0.505112958942417
1989-09-21,2.0,332.77,15.87,15.87,1185.0,0.17920624334114638,658.41,27.06629,750.88,3.17552224503765,2.27054970568104,0.715016154973943,0.219528466253919,0.207214753166224,16.85,1.1541095890411,212.45,3.09468317552804,0,-16.0641,4.11759799833194,1.37608385686463,0.451685660266874,1.30108445697626,0.601283991047423,33.3877563865537,51.0347891166449,14.7976986383577,0.969,3.95608738968062,3.43920674799665,0.832442903389189,0.505112958942417
1989-09-22,13.98,249.0,18.48,18.48,1382.99,0.1694313573407202,658.41,27.06629,750.88,3.17552224503765,2.27054970568104,0.715016154973943,0.219528466253919,0.207214753166224,16.85,1.1541095890411,212.45,3.09468317552804,0,-16.0641,4.11759799833194,1.37608385686463,0.451685660266874,1.30108445697626,0.601283991047423,33.3877563865537,51.0347891166449,14.7976986383577,0.969,3.95608738968062,3.43920674799665,0.832442903389189,0.505112958942417
1989-09-23,6.22,341.82,12.76,12.76,817.03,0.3909954400170466,658.41,27.06629,750.88,3.17552224503765,2.27054970568104,0.715016154973943,0.219528466253919,0.207214753166224,16.85,1.1541095890411,212.45,3.09468317552804,0,-16.0641,4.11759799833194,1.37608385686463,0.451685660266874,1.30108445697626,0.601283991047423,33.3877563865537,51.0347891166449,14.7976986383577,0.969,3.95608738968062,3.43920674799665,0.832442903389189,0.505112958942417
1989-09-24,1.01,371.58,5.67,5.67,533.41,0.39751203068399743,658.41,27.06629,750.88,3.17552224503765,2.27054970568104,0.715016154973943,0.219528466253919,0.207214753166224,16.85,1.1541095890411,212.45,3.09468317552804,0,-16.0641,4.11759799833194,1.37608385686463,0.451685660266874,1.30108445697626,0.601283991047423,33.3877563865537,51.0347891166449,14.7976986383577,0.969,3.95608738968062,3.43920674799665,0.832442903389189,0.505112958942417
1989-09-25,0.3,444.46,5.57,5.57,548.58,0.276955103345408,658.41,27.06629,750.88,3.17552224503765,2.27054970568104,0.715016154973943,0.219528466253919,0.207214753166224,16.85,1.1541095890411,212.45,3.09468317552804,0,-16.0641,4.11759799833194,1.37608385686463,0.451685660266874,1.30108445697626,0.601283991047423,33.3877563865537,51.0347891166449,14.7976986383577,0.969,3.95608738968062,3.43920674799665,0.832442903389189,0.505112958942417
1989-09-26,0.07,389.8,8.26,8.26,649.81,0.22808067334327722,658.41,27.06629,750.88,3.17552224503765,2.27054970568104,0.715016154973943,0.219528466253919,0.207214753166224,16.85,1.1541095890411,212.45,3.09468317552804,0,-16.0641,4.11759799833194,1.37608385686463,0.451685660266874,1.30108445697626,0.601283991047423,33.3877563865537,51.0347891166449,14.7976986383577,0.969,3.95608738968062,3.43920674799665,0.832442903389189,0.505112958942417
1989-09-27,0.0,437.56,6.09,6.09,544.08,0.19875601534199872,658.41,27.06629,750.88,3.17552224503765,2.27054970568104,0.715016154973943,0.219528466253919,0.207214753166224,16.85,1.1541095890411,212.45,3.09468317552804,0,-16.0641,4.11759799833194,1.37608385686463,0.451685660266874,1.30108445697626,0.601283991047423,33.3877563865537,51.0347891166449,14.7976986383577,0.969,3.95608738968062,3.43920674799665,0.832442903389189,0.505112958942417
1989-09-28,0.0,452.45,6.7,6.7,536.32,0.18246453867462176,658.41,27.06629,750.88,3.17552224503765,2.27054970568104,0.715016154973943,0.219528466253919,0.207214753166224,16.85,1.1541095890411,212.45,3.09468317552804,0,-16.0641,4.11759799833194,1.37608385686463,0.451685660266874,1.30108445697626,0.601283991047423,33.3877563865537,51.0347891166449,14.7976986383577,0.969,3.95608738968062,3.43920674799665,0.832442903389189,0.505112958942417
1989-09-29,0.0,437.59,10.13,10.13,655.78,0.17594794800767097,658.41,27.06629,750.88,3.17552224503765,2.27054970568104,0.715016154973943,0.219528466253919,0.207214753166224,16.85,1.1541095890411,212.45,3.09468317552804,0,-16.0641,4.11759799833194,1.37608385686463,0.451685660266874,1.30108445697626,0.601283991047423,33.3877563865537,51.0347891166449,14.7976986383577,0.969,3.95608738968062,3.43920674799665,0.832442903389189,0.505112958942417
1989-09-30,0.0,439.21,9.72,9.72,642.93,0.16291476667376945,658.41,27.06629,750.88,3.17552224503765,2.27054970568104,0.715016154973943,0.219528466253919,0.207214753166224,16.85,1.1541095890411,212.45,3.09468317552804,0,-16.0641,4.11759799833194,1.37608385686463,0.451685660266874,1.30108445697626,0.601283991047423,33.3877563865537,51.0347891166449,14.7976986383577,0.969,3.95608738968062,3.43920674799665,0.832442903389189,0.505112958942417
1989-10-01,4.75,320.44,10.08,10.08,702.08,0.1433649946729171,658.41,27.06629,750.88,3.17552224503765,2.27054970568104,0.715016154973943,0.219528466253919,0.207214753166224,16.85,1.1541095890411,212.45,3.09468317552804,0,-16.0641,4.11759799833194,1.37608385686463,0.451685660266874,1.30108445697626,0.601283991047423,33.3877563865537,51.0347891166449,14.7976986383577,0.969,3.95608738968062,3.43920674799665,0.832442903389189,0.505112958942417
1989-10-02,1.98,314.74,11.45,11.45,784.36,0.14988158533986787,658.41,27.06629,750.88,3.17552224503765,2.27054970568104,0.715016154973943,0.219528466253919,0.207214753166224,16.85,1.1541095890411,212.45,3.09468317552804,0,-16.0641,4.11759799833194,1.37608385686463,0.451685660266874,1.30108445697626,0.601283991047423,33.3877563865537,51.0347891166449,14.7976986383577,0.969,3.95608738968062,3.43920674799665,0.832442903389189,0.505112958942417
1989-10-03,0.22,337.59,11.62,11.62,774.78,0.14988158533986787,658.41,27.06629,750.88,3.17552224503765,2.27054970568104,0.715016154973943,0.219528466253919,0.207214753166224,16.85,1.1541095890411,212.45,3.09468317552804,0,-16.0641,4.11759799833194,1.37608385686463,0.451685660266874,1.30108445697626,0.601283991047423,33.3877563865537,51.0347891166449,14.7976986383577,0.969,3.95608738968062,3.43920674799665,0.832442903389189,0.505112958942417
1989-10-04,0.01,350.2,6.45,6.45,612.16,0.1401066993394417,658.41,27.06629,750.88,3.17552224503765,2.27054970568104,0.715016154973943,0.219528466253919,0.207214753166224,16.85,1.1541095890411,212.45,3.09468317552804,0,-16.0641,4.11759799833194,1.37608385686463,0.451685660266874,1.30108445697626,0.601283991047423,33.3877563865537,51.0347891166449,14.7976986383577,0.969,3.95608738968062,3.43920674799665,0.832442903389189,0.505112958942417
1989-10-05,0.64,309.64,5.95,5.95,565.82,0.13359010867249094,658.41,27.06629,750.88,3.17552224503765,2.27054970568104,0.715016154973943,0.219528466253919,0.207214753166224,16.85,1.1541095890411,212.45,3.09468317552804,0,-16.0641,4.11759799833194,1.37608385686463,0.451685660266874,1.30108445697626,0.601283991047423,33.3877563865537,51.0347891166449,14.7976986383577,0.969,3.95608738968062,3.43920674799665,0.832442903389189,0.505112958942417
1989-10-06,2.3,312.46,7.32,7.32,598.6,0.12707351800554018,658.41,27.06629,750.88,3.17552224503765,2.27054970568104,0.715016154973943,0.219528466253919,0.207214753166224,16.85,1.1541095890411,212.45,3.09468317552804,0,-16.0641,4.11759799833194,1.37608385686463,0.451685660266874,1.30108445697626,0.601283991047423,33.3877563865537,51.0347891166449,14.7976986383577,0.969,3.95608738968062,3.43920674799665,0.832442903389189,0.505112958942417
1989-10-07,1.26,225.89,8.07,8.07,724.83,0.12055692733858939,658.41,27.06629,750.88,3.17552224503765,2.27054970568104,0.715016154973943,0.219528466253919,0.207214753166224,16.85,1.1541095890411,212.45,3.09468317552804,0,-16.0641,4.11759799833194,1.37608385686463,0.451685660266874,1.30108445697626,0.601283991047423,33.3877563865537,51.0347891166449,14.7976986383577,0.969,3.95608738968062,3.43920674799665,0.832442903389189,0.505112958942417
1989-10-08,0.54,146.64,4.92,4.92,659.83,0.12055692733858939,658.41,27.06629,750.88,3.17552224503765,2.27054970568104,0.715016154973943,0.219528466253919,0.207214753166224,16.85,1.1541095890411,212.45,3.09468317552804,0,-16.0641,4.11759799833194,1.37608385686463,0.451685660266874,1.30108445697626,0.601283991047423,33.3877563865537,51.0347891166449,14.7976986383577,0.969,3.95608738968062,3.43920674799665,0.832442903389189,0.505112958942417
1989-10-09,1.06,229.97,2.17,2.17,516.95,0.12055692733858939,658.41,27.06629,750.88,3.17552224503765,2.27054970568104,0.715016154973943,0.219528466253919,0.207214753166224,16.85,1.1541095890411,212.45,3.09468317552804,0,-16.0641,4.11759799833194,1.37608385686463,0.451685660266874,1.30108445697626,0.601283991047423,33.3877563865537,51.0347891166449,14.7976986383577,0.969,3.95608738968062,3.43920674799665,0.832442903389189,0.505112958942417
1989-10-10,3.66,297.93,2.46,2.46,463.9,0.11729863200511399,658.41,27.06629,750.88,3.17552224503765,2.27054970568104,0.715016154973943,0.219528466253919,0.207214753166224,16.85,1.1541095890411,212.45,3.09468317552804,0,-16.0641,4.11759799833194,1.37608385686463,0.451685660266874,1.30108445697626,0.601283991047423,33.3877563865537,51.0347891166449,14.7976986383577,0.969,3.95608738968062,3.43920674799665,0.832442903389189,0.505112958942417
1989-10-11,0.91,337.82,5.37,5.37,573.76,0.12381522267206477,658.41,27.06629,750.88,3.17552224503765,2.27054970568104,0.715016154973943,0.219528466253919,0.207214753166224,16.85,1.1541095890411,212.45,3.09468317552804,0,-16.0641,4.11759799833194,1.37608385686463,0.451685660266874,1.30108445697626,0.601283991047423,33.3877563865537,51.0347891166449,14.7976986383577,0.969,3.95608738968062,3.43920674799665,0.832442903389189,0.505112958942417
1989-10-12,0.0,388.92,7.93,7.93,639.45,0.12707351800554018,658.41,27.06629,750.88,3.17552224503765,2.27054970568104,0.715016154973943,0.219528466253919,0.207214753166224,16.85,1.1541095890411,212.45,3.09468317552804,0,-16.0641,4.11759799833194,1.37608385686463,0.451685660266874,1.30108445697626,0.601283991047423,33.3877563865537,51.0347891166449,14.7976986383577,0.969,3.95608738968062,3.43920674799665,0.832442903389189,0.505112958942417
1989-10-13,0.0,388.57,10.08,10.08,692.39,0.12055692733858939,658.41,27.06629,750.88,3.17552224503765,2.27054970568104,0.715016154973943,0.219528466253919,0.207214753166224,16.85,1.1541095890411,212.45,3.09468317552804,0,-16.0641,4.11759799833194,1.37608385686463,0.451685660266874,1.30108445697626,0.601283991047423,33.3877563865537,51.0347891166449,14.7976986383577,0.969,3.95608738968062,3.43920674799665,0.832442903389189,0.505112958942417
1989-10-14,0.0,377.13,12.18,12.18,826.86,0.12055692733858939,658.41,27.06629,750.88,3.17552224503765,2.27054970568104,0.715016154973943,0.219528466253919,0.207214753166224,16.85,1.1541095890411,212.45,3.09468317552804,0,-16.0641,4.11759799833194,1.37608385686463,0.451685660266874,1.30108445697626,0.601283991047423,33.3877563865537,51.0347891166449,14.7976986383577,0.969,3.95608738968062,3.43920674799665,0.832442903389189,0.505112958942417
1989-10-15,0.5,280.4,14.71,14.71,990.73,0.12055692733858939,658.41,27.06629,750.88,3.17552224503765,2.27054970568104,0.715016154973943,0.219528466253919,0.207214753166224,16.85,1.1541095890411,212.45,3.09468317552804,0,-16.0641,4.11759799833194,1.37608385686463,0.451685660266874,1.30108445697626,0.601283991047423,33.3877563865537,51.0347891166449,14.7976986383577,0.969,3.95608738968062,3.43920674799665,0.832442903389189,0.505112958942417
1989-10-16,6.23,272.54,15.33,15.33,988.5,0.11404033667163861,658.41,27.06629,750.88,3.17552224503765,2.27054970568104,0.715016154973943,0.219528466253919,0.207214753166224,16.85,1.1541095890411,212.45,3.09468317552804,0,-16.0641,4.11759799833194,1.37608385686463,0.451685660266874,1.30108445697626,0.601283991047423,33.3877563865537,51.0347891166449,14.7976986383577,0.969,3.95608738968062,3.43920674799665,0.832442903389189,0.505112958942417
1989-10-17,5.36,272.67,13.13,13.13,821.24,0.13033181333901556,658.41,27.06629,750.88,3.17552224503765,2.27054970568104,0.715016154973943,0.219528466253919,0.207214753166224,16.85,1.1541095890411,212.45,3.09468317552804,0,-16.0641,4.11759799833194,1.37608385686463,0.451685660266874,1.30108445697626,0.601283991047423,33.3877563865537,51.0347891166449,14.7976986383577,0.969,3.95608738968062,3.43920674799665,0.832442903389189,0.505112958942417
1989-10-18,10.66,131.71,4.95,4.95,614.01,0.18898112934157255,658.41,27.06629,750.88,3.17552224503765,2.27054970568104,0.715016154973943,0.219528466253919,0.207214753166224,16.85,1.1541095890411,212.45,3.09468317552804,0,-16.0641,4.11759799833194,1.37608385686463,0.451685660266874,1.30108445697626,0.601283991047423,33.3877563865537,51.0347891166449,14.7976986383577,0.969,3.95608738968062,3.43920674799665,0.832442903389189,0.505112958942417
1989-10-19,12.83,161.37,2.18,2.18,557.9,0.2867299893458342,658.41,27.06629,750.88,3.17552224503765,2.27054970568104,0.715016154973943,0.219528466253919,0.207214753166224,16.85,1.1541095890411,212.45,3.09468317552804,0,-16.0641,4.11759799833194,1.37608385686463,0.451685660266874,1.30108445697626,0.601283991047423,33.3877563865537,51.0347891166449,14.7976986383577,0.969,3.95608738968062,3.43920674799665,0.832442903389189,0.505112958942417
1989-10-20,9.22,190.57,2.85,2.85,562.17,1.4303916513956956,658.41,27.06629,750.88,3.17552224503765,2.27054970568104,0.715016154973943,0.219528466253919,0.207214753166224,16.85,1.1541095890411,212.45,3.09468317552804,0,-16.0641,4.11759799833194,1.37608385686463,0.451685660266874,1.30108445697626,0.601283991047423,33.3877563865537,51.0347891166449,14.7976986383577,0.969,3.95608738968062,3.43920674799665,0.832442903389189,0.505112958942417
1989-10-21,3.44,116.82,2.03,2.03,558.76,1.065462574046452,658.41,27.06629,750.88,3.17552224503765,2.27054970568104,0.715016154973943,0.219528466253919,0.207214753166224,16.85,1.1541095890411,212.45,3.09468317552804,0,-16.0641,4.11759799833194,1.37608385686463,0.451685660266874,1.30108445697626,0.601283991047423,33.3877563865537,51.0347891166449,14.7976986383577,0.969,3.95608738968062,3.43920674799665,0.832442903389189,0.505112958942417
1989-10-22,0.45,309.51,3.11,3.11,531.53,0.7005334966972085,658.41,27.06629,750.88,3.17552224503765,2.27054970568104,0.715016154973943,0.219528466253919,0.207214753166224,16.85,1.1541095890411,212.45,3.09468317552804,0,-16.0641,4.11759799833194,1.37608385686463,0.451685660266874,1.30108445697626,0.601283991047423,33.3877563865537,51.0347891166449,14.7976986383577,0.969,3.95608738968062,3.43920674799665,0.832442903389189,0.505112958942417
1989-10-23,0.0,356.41,5.67,5.67,519.15,0.5571685020242915,658.41,27.06629,750.88,3.17552224503765,2.27054970568104,0.715016154973943,0.219528466253919,0.207214753166224,16.85,1.1541095890411,212.45,3.09468317552804,0,-16.0641,4.11759799833194,1.37608385686463,0.451685660266874,1.30108445697626,0.601283991047423,33.3877563865537,51.0347891166449,14.7976986383577,0.969,3.95608738968062,3.43920674799665,0.832442903389189,0.505112958942417
1989-10-24,0.0,351.99,7.82,7.82,566.75,0.4594196420200298,658.41,27.06629,750.88,3.17552224503765,2.27054970568104,0.715016154973943,0.219528466253919,0.207214753166224,16.85,1.1541095890411,212.45,3.09468317552804,0,-16.0641,4.11759799833194,1.37608385686463,0.451685660266874,1.30108445697626,0.601283991047423,33.3877563865537,51.0347891166449,14.7976986383577,0.969,3.95608738968062,3.43920674799665,0.832442903389189,0.505112958942417
1989-10-25,0.0,344.7,9.99,9.99,665.16,0.4040286213509482,658.41,27.06629,750.88,3.17552224503765,2.27054970568104,0.715016154973943,0.219528466253919,0.207214753166224,16.85,1.1541095890411,212.45,3.09468317552804,0,-16.0641,4.11759799833194,1.37608385686463,0.451685660266874,1.30108445697626,0.601283991047423,33.3877563865537,51.0347891166449,14.7976986383577,0.969,3.95608738968062,3.43920674799665,0.832442903389189,0.505112958942417
1989-10-26,0.0,336.72,10.95,10.95,720.32,0.36818737268271895,658.41,27.06629,750.88,3.17552224503765,2.27054970568104,0.715016154973943,0.219528466253919,0.207214753166224,16.85,1.1541095890411,212.45,3.09468317552804,0,-16.0641,4.11759799833194,1.37608385686463,0.451685660266874,1.30108445697626,0.601283991047423,33.3877563865537,51.0347891166449,14.7976986383577,0.969,3.95608738968062,3.43920674799665,0.832442903389189,0.505112958942417
1989-10-27,0.11,291.01,11.23,11.23,742.7,0.3258295333475389,658.41,27.06629,750.88,3.17552224503765,2.27054970568104,0.715016154973943,0.219528466253919,0.207214753166224,16.85,1.1541095890411,212.45,3.09468317552804,0,-16.0641,4.11759799833194,1.37608385686463,0.451685660266874,1.30108445697626,0.601283991047423,33.3877563865537,51.0347891166449,14.7976986383577,0.969,3.95608738968062,3.43920674799665,0.832442903389189,0.505112958942417
1989-10-28,0.03,333.12,10.89,10.89,706.72,0.29976317067973574,658.41,27.06629,750.88,3.17552224503765,2.27054970568104,0.715016154973943,0.219528466253919,0.207214753166224,16.85,1.1541095890411,212.45,3.09468317552804,0,-16.0641,4.11759799833194,1.37608385686463,0.451685660266874,1.30108445697626,0.601283991047423,33.3877563865537,51.0347891166449,14.7976986383577,0.969,3.95608738968062,3.43920674799665,0.832442903389189,0.505112958942417
1989-10-29,0.0,329.08,11.36,11.36,731.32,0.2834716940123588,658.41,27.06629,750.88,3.17552224503765,2.27054970568104,0.715016154973943,0.219528466253919,0.207214753166224,16.85,1.1541095890411,212.45,3.09468317552804,0,-16.0641,4.11759799833194,1.37608385686463,0.451685660266874,1.30108445697626,0.601283991047423,33.3877563865537,51.0347891166449,14.7976986383577,0.969,3.95608738968062,3.43920674799665,0.832442903389189,0.505112958942417
1989-10-30,1.51,241.62,11.4,11.4,780.85,0.26392192201150644,658.41,27.06629,750.88,3.17552224503765,2.27054970568104,0.715016154973943,0.219528466253919,0.207214753166224,16.85,1.1541095890411,212.45,3.09468317552804,0,-16.0641,4.11759799833194,1.37608385686463,0.451685660266874,1.30108445697626,0.601283991047423,33.3877563865537,51.0347891166449,14.7976986383577,0.969,3.95608738968062,3.43920674799665,0.832442903389189,0.505112958942417
1989-10-31,7.45,217.46,11.28,11.28,837.05,0.25740533134455573,658.41,27.06629,750.88,3.17552224503765,2.27054970568104,0.715016154973943,0.219528466253919,0.207214753166224,16.85,1.1541095890411,212.45,3.09468317552804,0,-16.0641,4.11759799833194,1.37608385686463,0.451685660266874,1.30108445697626,0.601283991047423,33.3877563865537,51.0347891166449,14.7976986383577,0.969,3.95608738968062,3.43920674799665,0.832442903389189,0.505112958942417
1989-11-01,2.01,245.61,9.74,9.74,773.14,0.4007703260174728,658.41,27.06629,750.88,3.17552224503765,2.27054970568104,0.715016154973943,0.219528466253919,0.207214753166224,16.85,1.1541095890411,212.45,3.09468317552804,0,-16.0641,4.11759799833194,1.37608385686463,0.451685660266874,1.30108445697626,0.601283991047423,33.3877563865537,51.0347891166449,14.7976986383577,0.969,3.95608738968062,3.43920674799665,0.832442903389189,0.505112958942417
1989-11-02,2.18,142.78,4.4,4.4,604.21,0.35189589601534194,658.41,27.06629,750.88,3.17552224503765,2.27054970568104,0.715016154973943,0.219528466253919,0.207214753166224,16.85,1.1541095890411,212.45,3.09468317552804,0,-16.0641,4.11759799833194,1.37608385686463,0.451685660266874,1.30108445697626,0.601283991047423,33.3877563865537,51.0347891166449,14.7976986383577,0.969,3.95608738968062,3.43920674799665,0.832442903389189,0.505112958942417
1989-11-03,0.8,185.25,2.43,2.43,499.92,0.3160546473471127,658.41,27.06629,750.88,3.17552224503765,2.27054970568104,0.715016154973943,0.219528466253919,0.207214753166224,16.85,1.1541095890411,212.45,3.09468317552804,0,-16.0641,4.11759799833194,1.37608385686463,0.451685660266874,1.30108445697626,0.601283991047423,33.3877563865537,51.0347891166449,14.7976986383577,0.969,3.95608738968062,3.43920674799665,0.832442903389189,0.505112958942417
1989-11-04,0.06,300.32,-2.63,-2.63,319.21,0.3160546473471127,658.41,27.06629,750.88,3.17552224503765,2.27054970568104,0.715016154973943,0.219528466253919,0.207214753166224,16.85,1.1541095890411,212.45,3.09468317552804,0,-16.0641,4.11759799833194,1.37608385686463,0.451685660266874,1.30108445697626,0.601283991047423,33.3877563865537,51.0347891166449,14.7976986383577,0.969,3.95608738968062,3.43920674799665,0.832442903389189,0.505112958942417
1989-11-05,1.1,214.63,1.2,1.2,445.07,0.29650487534626035,658.41,27.06629,750.88,3.17552224503765,2.27054970568104,0.715016154973943,0.219528466253919,0.207214753166224,16.85,1.1541095890411,212.45,3.09468317552804,0,-16.0641,4.11759799833194,1.37608385686463,0.451685660266874,1.30108445697626,0.601283991047423,33.3877563865537,51.0347891166449,14.7976986383577,0.969,3.95608738968062,3.43920674799665,0.832442903389189,0.505112958942417
1989-11-06,0.43,226.25,5.0,5.0,585.13,0.293246580012785,658.41,27.06629,750.88,3.17552224503765,2.27054970568104,0.715016154973943,0.219528466253919,0.207214753166224,16.85,1.1541095890411,212.45,3.09468317552804,0,-16.0641,4.11759799833194,1.37608385686463,0.451685660266874,1.30108445697626,0.601283991047423,33.3877563865537,51.0347891166449,14.7976986383577,0.969,3.95608738968062,3.43920674799665,0.832442903389189,0.505112958942417
1989-11-07,3.55,215.74,4.28,4.28,539.66,0.2899882846793096,658.41,27.06629,750.88,3.17552224503765,2.27054970568104,0.715016154973943,0.219528466253919,0.207214753166224,16.85,1.1541095890411,212.45,3.09468317552804,0,-16.0641,4.11759799833194,1.37608385686463,0.451685660266874,1.30108445697626,0.601283991047423,33.3877563865537,51.0347891166449,14.7976986383577,0.969,3.95608738968062,3.43920674799665,0.832442903389189,0.505112958942417
1989-11-08,4.39,176.71,5.75,5.75,649.87,0.36818737268271895,658.41,27.06629,750.88,3.17552224503765,2.27054970568104,0.715016154973943,0.219528466253919,0.207214753166224,16.85,1.1541095890411,212.45,3.09468317552804,0,-16.0641,4.11759799833194,1.37608385686463,0.451685660266874,1.30108445697626,0.601283991047423,33.3877563865537,51.0347891166449,14.7976986383577,0.969,3.95608738968062,3.43920674799665,0.832442903389189,0.505112958942417
1989-11-09,8.33,151.75,6.94,6.94,723.19,0.7200832686980609,658.41,27.06629,750.88,3.17552224503765,2.27054970568104,0.715016154973943,0.219528466253919,0.207214753166224,16.85,1.1541095890411,212.45,3.09468317552804,0,-16.0641,4.11759799833194,1.37608385686463,0.451685660266874,1.30108445697626,0.601283991047423,33.3877563865537,51.0347891166449,14.7976986383577,0.969,3.95608738968062,3.43920674799665,0.832442903389189,0.505112958942417
1989-11-10,4.56,177.23,3.82,3.82,572.58,0.9644554187087151,658.41,27.06629,750.88,3.17552224503765,2.27054970568104,0.715016154973943,0.219528466253919,0.207214753166224,16.85,1.1541095890411,212.45,3.09468317552804,0,-16.0641,4.11759799833194,1.37608385686463,0.451685660266874,1.30108445697626,0.601283991047423,33.3877563865537,51.0347891166449,14.7976986383577,0.969,3.95608738968062,3.43920674799665,0.832442903389189,0.505112958942417
1989-11-11,1.8,148.77,2.66,2.66,540.99,0.7787325847006179,658.41,27.06629,750.88,3.17552224503765,2.27054970568104,0.715016154973943,0.219528466253919,0.207214753166224,16.85,1.1541095890411,212.45,3.09468317552804,0,-16.0641,4.11759799833194,1.37608385686463,0.451685660266874,1.30108445697626,0.601283991047423,33.3877563865537,51.0347891166449,14.7976986383577,0.969,3.95608738968062,3.43920674799665,0.832442903389189,0.505112958942417
1989-11-12,0.97,192.58,2.2,2.2,513.72,0.729858154698487,658.41,27.06629,750.88,3.17552224503765,2.27054970568104,0.715016154973943,0.219528466253919,0.207214753166224,16.85,1.1541095890411,212.45,3.09468317552804,0,-16.0641,4.11759799833194,1.37608385686463,0.451685660266874,1.30108445697626,0.601283991047423,33.3877563865537,51.0347891166449,14.7976986383577,0.969,3.95608738968062,3.43920674799665,0.832442903389189,0.505112958942417
1989-11-13,0.18,285.45,3.1,3.1,505.2,0.6386258853611761,658.41,27.06629,750.88,3.17552224503765,2.27054970568104,0.715016154973943,0.219528466253919,0.207214753166224,16.85,1.1541095890411,212.45,3.09468317552804,0,-16.0641,4.11759799833194,1.37608385686463,0.451685660266874,1.30108445697626,0.601283991047423,33.3877563865537,51.0347891166449,14.7976986383577,0.969,3.95608738968062,3.43920674799665,0.832442903389189,0.505112958942417
1989-11-14,0.71,185.47,9.48,9.48,825.95,0.5832348646920946,658.41,27.06629,750.88,3.17552224503765,2.27054970568104,0.715016154973943,0.219528466253919,0.207214753166224,16.85,1.1541095890411,212.45,3.09468317552804,0,-16.0641,4.11759799833194,1.37608385686463,0.451685660266874,1.30108445697626,0.601283991047423,33.3877563865537,51.0347891166449,14.7976986383577,0.969,3.95608738968062,3.43920674799665,0.832442903389189,0.505112958942417
1989-11-15,8.11,157.94,12.57,12.57,1020.57,0.570201683358193,658.41,27.06629,750.88,3.17552224503765,2.27054970568104,0.715016154973943,0.219528466253919,0.207214753166224,16.85,1.1541095890411,212.45,3.09468317552804,0,-16.0641,4.11759799833194,1.37608385686463,0.451685660266874,1.30108445697626,0.601283991047423,33.3877563865537,51.0347891166449,14.7976986383577,0.969,3.95608738968062,3.43920674799665,0.832442903389189,0.505112958942417
1989-11-16,5.14,197.16,8.4,8.4,703.67,1.6356642574046452,658.41,27.06629,750.88,3.17552224503765,2.27054970568104,0.715016154973943,0.219528466253919,0.207214753166224,16.85,1.1541095890411,212.45,3.09468317552804,0,-16.0641,4.11759799833194,1.37608385686463,0.451685660266874,1.30108445697626,0.601283991047423,33.3877563865537,51.0347891166449,14.7976986383577,0.969,3.95608738968062,3.43920674799665,0.832442903389189,0.505112958942417
1989-11-17,1.08,178.88,1.32,1.32,434.92,1.4922992627317277,658.41,27.06629,750.88,3.17552224503765,2.27054970568104,0.715016154973943,0.219528466253919,0.207214753166224,16.85,1.1541095890411,212.45,3.09468317552804,0,-16.0641,4.11759799833194,1.37608385686463,0.451685660266874,1.30108445697626,0.601283991047423,33.3877563865537,51.0347891166449,14.7976986383577,0.969,3.95608738968062,3.43920674799665,0.832442903389189,0.505112958942417
1989-11-18,2.26,108.92,-2.77,-2.77,364.25,1.0752374600468781,658.41,27.06629,750.88,3.17552224503765,2.27054970568104,0.715016154973943,0.219528466253919,0.207214753166224,16.85,1.1541095890411,212.45,3.09468317552804,0,-16.0641,4.11759799833194,1.37608385686463,0.451685660266874,1.30108445697626,0.601283991047423,33.3877563865537,51.0347891166449,14.7976986383577,0.969,3.95608738968062,3.43920674799665,0.832442903389189,0.505112958942417
1989-11-19,0.92,150.22,-4.77,-4.77,329.73,0.9611971233752395,658.41,27.06629,750.88,3.17552224503765,2.27054970568104,0.715016154973943,0.219528466253919,0.207214753166224,16.85,1.1541095890411,212.45,3.09468317552804,0,-16.0641,4.11759799833194,1.37608385686463,0.451685660266874,1.30108445697626,0.601283991047423,33.3877563865537,51.0347891166449,14.7976986383577,0.969,3.95608738968062,3.43920674799665,0.832442903389189,0.505112958942417
1989-11-20,5.76,232.42,-1.48,-1.48,348.31,0.9774886000426166,658.41,27.06629,750.88,3.17552224503765,2.27054970568104,0.715016154973943,0.219528466253919,0.207214753166224,16.85,1.1541095890411,212.45,3.09468317552804,0,-16.0641,4.11759799833194,1.37608385686463,0.451685660266874,1.30108445697626,0.601283991047423,33.3877563865537,51.0347891166449,14.7976986383577,0.969,3.95608738968062,3.43920674799665,0.832442903389189,0.505112958942417
1989-11-21,1.63,244.12,-2.17,-2.17,274.99,1.17298632005114,658.41,27.06629,750.88,3.17552224503765,2.27054970568104,0.715016154973943,0.219528466253919,0.207214753166224,16.85,1.1541095890411,212.45,3.09468317552804,0,-16.0641,4.11759799833194,1.37608385686463,0.451685660266874,1.30108445697626,0.601283991047423,33.3877563865537,51.0347891166449,14.7976986383577,0.969,3.95608738968062,3.43920674799665,0.832442903389189,0.505112958942417
1989-11-22,0.13,227.06,-8.31,-8.31,189.87,0.8471567867036011,658.41,27.06629,750.88,3.17552224503765,2.27054970568104,0.715016154973943,0.219528466253919,0.207214753166224,16.85,1.1541095890411,212.45,3.09468317552804,0,-16.0641,4.11759799833194,1.37608385686463,0.451685660266874,1.30108445697626,0.601283991047423,33.3877563865537,51.0347891166449,14.7976986383577,0.969,3.95608738968062,3.43920674799665,0.832442903389189,0.505112958942417
1989-11-23,0.55,194.96,-8.97,-8.97,201.16,0.7819908800340932,658.41,27.06629,750.88,3.17552224503765,2.27054970568104,0.715016154973943,0.219528466253919,0.207214753166224,16.85,1.1541095890411,212.45,3.09468317552804,0,-16.0641,4.11759799833194,1.37608385686463,0.451685660266874,1.30108445697626,0.601283991047423,33.3877563865537,51.0347891166449,14.7976986383577,0.969,3.95608738968062,3.43920674799665,0.832442903389189,0.505112958942417
1989-11-24,0.21,222.68,-7.47,-7.47,226.91,0.6842420200298316,658.41,27.06629,750.88,3.17552224503765,2.27054970568104,0.715016154973943,0.219528466253919,0.207214753166224,16.85,1.1541095890411,212.45,3.09468317552804,0,-16.0641,4.11759799833194,1.37608385686463,0.451685660266874,1.30108445697626,0.601283991047423,33.3877563865537,51.0347891166449,14.7976986383577,0.969,3.95608738968062,3.43920674799665,0.832442903389189,0.505112958942417
1989-11-25,0.67,235.94,-4.5,-4.5,282.87,0.6516590666950778,658.41,27.06629,750.88,3.17552224503765,2.27054970568104,0.715016154973943,0.219528466253919,0.207214753166224,16.85,1.1541095890411,212.45,3.09468317552804,0,-16.0641,4.11759799833194,1.37608385686463,0.451685660266874,1.30108445697626,0.601283991047423,33.3877563865537,51.0347891166449,14.7976986383577,0.969,3.95608738968062,3.43920674799665,0.832442903389189,0.505112958942417
1989-11-26,0.3,194.92,1.52,1.52,474.18,0.7526662220328147,658.41,27.06629,750.88,3.17552224503765,2.27054970568104,0.715016154973943,0.219528466253919,0.207214753166224,16.85,1.1541095890411,212.45,3.09468317552804,0,-16.0641,4.11759799833194,1.37608385686463,0.451685660266874,1.30108445697626,0.601283991047423,33.3877563865537,51.0347891166449,14.7976986383577,0.969,3.95608738968062,3.43920674799665,0.832442903389189,0.505112958942417
1989-11-27,2.58,214.81,1.14,1.14,457.82,0.7461496313658639,658.41,27.06629,750.88,3.17552224503765,2.27054970568104,0.715016154973943,0.219528466253919,0.207214753166224,16.85,1.1541095890411,212.45,3.09468317552804,0,-16.0641,4.11759799833194,1.37608385686463,0.451685660266874,1.30108445697626,0.601283991047423,33.3877563865537,51.0347891166449,14.7976986383577,0.969,3.95608738968062,3.43920674799665,0.832442903389189,0.505112958942417
1989-11-28,0.96,217.35,2.38,2.38,459.13,0.7917657660345194,658.41,27.06629,750.88,3.17552224503765,2.27054970568104,0.715016154973943,0.219528466253919,0.207214753166224,16.85,1.1541095890411,212.45,3.09468317552804,0,-16.0641,4.11759799833194,1.37608385686463,0.451685660266874,1.30108445697626,0.601283991047423,33.3877563865537,51.0347891166449,14.7976986383577,0.969,3.95608738968062,3.43920674799665,0.832442903389189,0.505112958942417
1989-11-29,0.58,227.93,-2.27,-2.27,300.75,0.7526662220328147,658.41,27.06629,750.88,3.17552224503765,2.27054970568104,0.715016154973943,0.219528466253919,0.207214753166224,16.85,1.1541095890411,212.45,3.09468317552804,0,-16.0641,4.11759799833194,1.37608385686463,0.451685660266874,1.30108445697626,0.601283991047423,33.3877563865537,51.0347891166449,14.7976986383577,0.969,3.95608738968062,3.43920674799665,0.832442903389189,0.505112958942417
1989-11-30,1.78,183.43,-5.91,-5.91,253.72,0.553910206690816,658.41,27.06629,750.88,3.17552224503765,2.27054970568104,0.715016154973943,0.219528466253919,0.207214753166224,16.85,1.1541095890411,212.45,3.09468317552804,0,-16.0641,4.11759799833194,1.37608385686463,0.451685660266874,1.30108445697626,0.601283991047423,33.3877563865537,51.0347891166449,14.7976986383577,0.969,3.95608738968062,3.43920674799665,0.832442903389189,0.505112958942417
1989-12-01,0.45,218.75,-6.64,-6.64,245.02,0.553910206690816,658.41,27.06629,750.88,3.17552224503765,2.27054970568104,0.715016154973943,0.219528466253919,0.207214753166224,16.85,1.1541095890411,212.45,3.09468317552804,0,-16.0641,4.11759799833194,1.37608385686463,0.451685660266874,1.30108445697626,0.601283991047423,33.3877563865537,51.0347891166449,14.7976986383577,0.969,3.95608738968062,3.43920674799665,0.832442903389189,0.505112958942417
1989-12-02,0.65,227.59,-9.6,-9.6,172.2,0.58649316002557,658.41,27.06629,750.88,3.17552224503765,2.27054970568104,0.715016154973943,0.219528466253919,0.207214753166224,16.85,1.1541095890411,212.45,3.09468317552804,0,-16.0641,4.11759799833194,1.37608385686463,0.451685660266874,1.30108445697626,0.601283991047423,33.3877563865537,51.0347891166449,14.7976986383577,0.969,3.95608738968062,3.43920674799665,0.832442903389189,0.505112958942417
1989-12-03,0.25,229.55,-7.54,-7.54,180.07,0.4887443000213083,658.41,27.06629,750.88,3.17552224503765,2.27054970568104,0.715016154973943,0.219528466253919,0.207214753166224,16.85,1.1541095890411,212.45,3.09468317552804,0,-16.0641,4.11759799833194,1.37608385686463,0.451685660266874,1.30108445697626,0.601283991047423,33.3877563865537,51.0347891166449,14.7976986383577,0.969,3.95608738968062,3.43920674799665,0.832442903389189,0.505112958942417
1989-12-04,0.49,182.22,-11.4,-11.4,150.46,0.3909954400170466,658.41,27.06629,750.88,3.17552224503765,2.27054970568104,0.715016154973943,0.219528466253919,0.207214753166224,16.85,1.1541095890411,212.45,3.09468317552804,0,-16.0641,4.11759799833194,1.37608385686463,0.451685660266874,1.30108445697626,0.601283991047423,33.3877563865537,51.0347891166449,14.7976986383577,0.969,3.95608738968062,3.43920674799665,0.832442903389189,0.505112958942417
1989-12-05,0.84,225.94,-12.24,-12.24,147.13,0.45616134668655445,658.41,27.06629,750.88,3.17552224503765,2.27054970568104,0.715016154973943,0.219528466253919,0.207214753166224,16.85,1.1541095890411,212.45,3.09468317552804,0,-16.0641,4.11759799833194,1.37608385686463,0.451685660266874,1.30108445697626,0.601283991047423,33.3877563865537,51.0347891166449,14.7976986383577,0.969,3.95608738968062,3.43920674799665,0.832442903389189,0.505112958942417
1989-12-06,2.48,220.51,-6.67,-6.67,224.16,0.42357839335180053,658.41,27.06629,750.88,3.17552224503765,2.27054970568104,0.715016154973943,0.219528466253919,0.207214753166224,16.85,1.1541095890411,212.45,3.09468317552804,0,-16.0641,4.11759799833194,1.37608385686463,0.451685660266874,1.30108445697626,0.601283991047423,33.3877563865537,51.0347891166449,14.7976986383577,0.969,3.95608738968062,3.43920674799665,0.832442903389189,0.505112958942417
1989-12-07,0.8,228.2,-4.38,-4.38,236.0,0.45616134668655445,658.41,27.06629,750.88,3.17552224503765,2.27054970568104,0.715016154973943,0.219528466253919,0.207214753166224,16.85,1.1541095890411,212.45,3.09468317552804,0,-16.0641,4.11759799833194,1.37608385686463,0.451685660266874,1.30108445697626,0.601283991047423,33.3877563865537,51.0347891166449,14.7976986383577,0.969,3.95608738968062,3.43920674799665,0.832442903389189,0.505112958942417
1989-12-08,0.05,233.97,-9.63,-9.63,170.14,0.4887443000213083,658.41,27.06629,750.88,3.17552224503765,2.27054970568104,0.715016154973943,0.219528466253919,0.207214753166224,16.85,1.1541095890411,212.45,3.09468317552804,0,-16.0641,4.11759799833194,1.37608385686463,0.451685660266874,1.30108445697626,0.601283991047423,33.3877563865537,51.0347891166449,14.7976986383577,0.969,3.95608738968062,3.43920674799665,0.832442903389189,0.505112958942417
1989-12-09,0.0,282.99,-12.61,-12.61,128.32,0.42357839335180053,658.41,27.06629,750.88,3.17552224503765,2.27054970568104,0.715016154973943,0.219528466253919,0.207214753166224,16.85,1.1541095890411,212.45,3.09468317552804,0,-16.0641,4.11759799833194,1.37608385686463,0.451685660266874,1.30108445697626,0.601283991047423,33.3877563865537,51.0347891166449,14.7976986383577,0.969,3.95608738968062,3.43920674799665,0.832442903389189,0.505112958942417
1989-12-10,0.65,221.9,-10.51,-10.51,162.41,0.3747039633496697,658.41,27.06629,750.88,3.17552224503765,2.27054970568104,0.715016154973943,0.219528466253919,0.207214753166224,16.85,1.1541095890411,212.45,3.09468317552804,0,-16.0641,4.11759799833194,1.37608385686463,0.451685660266874,1.30108445697626,0.601283991047423,33.3877563865537,51.0347891166449,14.7976986383577,0.969,3.95608738968062,3.43920674799665,0.832442903389189,0.505112958942417
1989-12-11,1.01,166.81,-5.73,-5.73,272.05,0.35841248668229275,658.41,27.06629,750.88,3.17552224503765,2.27054970568104,0.715016154973943,0.219528466253919,0.207214753166224,16.85,1.1541095890411,212.45,3.09468317552804,0,-16.0641,4.11759799833194,1.37608385686463,0.451685660266874,1.30108445697626,0.601283991047423,33.3877563865537,51.0347891166449,14.7976986383577,0.969,3.95608738968062,3.43920674799665,0.832442903389189,0.505112958942417
1989-12-12,0.92,161.6,-5.68,-5.68,282.09,0.3258295333475389,658.41,27.06629,750.88,3.17552224503765,2.27054970568104,0.715016154973943,0.219528466253919,0.207214753166224,16.85,1.1541095890411,212.45,3.09468317552804,0,-16.0641,4.11759799833194,1.37608385686463,0.451685660266874,1.30108445697626,0.601283991047423,33.3877563865537,51.0347891166449,14.7976986383577,0.969,3.95608738968062,3.43920674799665,0.832442903389189,0.505112958942417
1989-12-13,0.54,172.22,-7.5,-7.5,229.26,0.29976317067973574,658.41,27.06629,750.88,3.17552224503765,2.27054970568104,0.715016154973943,0.219528466253919,0.207214753166224,16.85,1.1541095890411,212.45,3.09468317552804,0,-16.0641,4.11759799833194,1.37608385686463,0.451685660266874,1.30108445697626,0.601283991047423,33.3877563865537,51.0347891166449,14.7976986383577,0.969,3.95608738968062,3.43920674799665,0.832442903389189,0.505112958942417
1989-12-14,1.18,220.69,-12.61,-12.61,130.21,0.2802133986788834,658.41,27.06629,750.88,3.17552224503765,2.27054970568104,0.715016154973943,0.219528466253919,0.207214753166224,16.85,1.1541095890411,212.45,3.09468317552804,0,-16.0641,4.11759799833194,1.37608385686463,0.451685660266874,1.30108445697626,0.601283991047423,33.3877563865537,51.0347891166449,14.7976986383577,0.969,3.95608738968062,3.43920674799665,0.832442903389189,0.505112958942417
1989-12-15,3.7,223.24,-13.4,-13.4,114.41,0.27369680801193264,658.41,27.06629,750.88,3.17552224503765,2.27054970568104,0.715016154973943,0.219528466253919,0.207214753166224,16.85,1.1541095890411,212.45,3.09468317552804,0,-16.0641,4.11759799833194,1.37608385686463,0.451685660266874,1.30108445697626,0.601283991047423,33.3877563865537,51.0347891166449,14.7976986383577,0.969,3.95608738968062,3.43920674799665,0.832442903389189,0.505112958942417
1989-12-16,1.12,194.4,-12.99,-12.99,131.32,0.2671802173449819,658.41,27.06629,750.88,3.17552224503765,2.27054970568104,0.715016154973943,0.219528466253919,0.207214753166224,16.85,1.1541095890411,212.45,3.09468317552804,0,-16.0641,4.11759799833194,1.37608385686463,0.451685660266874,1.30108445697626,0.601283991047423,33.3877563865537,51.0347891166449,14.7976986383577,0.969,3.95608738968062,3.43920674799665,0.832442903389189,0.505112958942417
1989-12-17,0.06,236.18,-13.22,-13.22,129.87,0.2606636266780311,658.41,27.06629,750.88,3.17552224503765,2.27054970568104,0.715016154973943,0.219528466253919,0.207214753166224,16.85,1.1541095890411,212.45,3.09468317552804,0,-16.0641,4.11759799833194,1.37608385686463,0.451685660266874,1.30108445697626,0.601283991047423,33.3877563865537,51.0347891166449,14.7976986383577,0.969,3.95608738968062,3.43920674799665,0.832442903389189,0.505112958942417
1989-12-18,0.04,241.82,-15.25,-15.25,98.25,0.25414703601108035,658.41,27.06629,750.88,3.17552224503765,2.27054970568104,0.715016154973943,0.219528466253919,0.207214753166224,16.85,1.1541095890411,212.45,3.09468317552804,0,-16.0641,4.11759799833194,1.37608385686463,0.451685660266874,1.30108445697626,0.601283991047423,33.3877563865537,51.0347891166449,14.7976986383577,0.969,3.95608738968062,3.43920674799665,0.832442903389189,0.505112958942417
1989-12-19,0.91,223.36,-14.53,-14.53,103.1,0.24763044534412954,658.41,27.06629,750.88,3.17552224503765,2.27054970568104,0.715016154973943,0.219528466253919,0.207214753166224,16.85,1.1541095890411,212.45,3.09468317552804,0,-16.0641,4.11759799833194,1.37608385686463,0.451685660266874,1.30108445697626,0.601283991047423,33.3877563865537,51.0347891166449,14.7976986383577,0.969,3.95608738968062,3.43920674799665,0.832442903389189,0.505112958942417
1989-12-20,0.6,190.0,-12.93,-12.93,130.86,0.24763044534412954,658.41,27.06629,750.88,3.17552224503765,2.27054970568104,0.715016154973943,0.219528466253919,0.207214753166224,16.85,1.1541095890411,212.45,3.09468317552804,0,-16.0641,4.11759799833194,1.37608385686463,0.451685660266874,1.30108445697626,0.601283991047423,33.3877563865537,51.0347891166449,14.7976986383577,0.969,3.95608738968062,3.43920674799665,0.832442903389189,0.505112958942417
1989-12-21,0.32,184.39,-14.57,-14.57,117.07,0.24111385467717877,658.41,27.06629,750.88,3.17552224503765,2.27054970568104,0.715016154973943,0.219528466253919,0.207214753166224,16.85,1.1541095890411,212.45,3.09468317552804,0,-16.0641,4.11759799833194,1.37608385686463,0.451685660266874,1.30108445697626,0.601283991047423,33.3877563865537,51.0347891166449,14.7976986383577,0.969,3.95608738968062,3.43920674799665,0.832442903389189,0.505112958942417
1989-12-22,0.06,267.9,-17.49,-17.49,83.13,0.24111385467717877,658.41,27.06629,750.88,3.17552224503765,2.27054970568104,0.715016154973943,0.219528466253919,0.207214753166224,16.85,1.1541095890411,212.45,3.09468317552804,0,-16.0641,4.11759799833194,1.37608385686463,0.451685660266874,1.30108445697626,0.601283991047423,33.3877563865537,51.0347891166449,14.7976986383577,0.969,3.95608738968062,3.43920674799665,0.832442903389189,0.505112958942417
1989-12-23,0.0,276.36,-18.81,-18.81,67.95,0.23459726401022798,658.41,27.06629,750.88,3.17552224503765,2.27054970568104,0.715016154973943,0.219528466253919,0.207214753166224,16.85,1.1541095890411,212.45,3.09468317552804,0,-16.0641,4.11759799833194,1.37608385686463,0.451685660266874,1.30108445697626,0.601283991047423,33.3877563865537,51.0347891166449,14.7976986383577,0.969,3.95608738968062,3.43920674799665,0.832442903389189,0.505112958942417
1989-12-24,0.0,290.72,-19.15,-19.15,65.08,0.23459726401022798,658.41,27.06629,750.88,3.17552224503765,2.27054970568104,0.715016154973943,0.219528466253919,0.207214753166224,16.85,1.1541095890411,212.45,3.09468317552804,0,-16.0641,4.11759799833194,1.37608385686463,0.451685660266874,1.30108445697626,0.601283991047423,33.3877563865537,51.0347891166449,14.7976986383577,0.969,3.95608738968062,3.43920674799665,0.832442903389189,0.505112958942417
1989-12-25,0.92,206.94,-14.46,-14.46,116.57,0.22808067334327722,658.41,27.06629,750.88,3.17552224503765,2.27054970568104,0.715016154973943,0.219528466253919,0.207214753166224,16.85,1.1541095890411,212.45,3.09468317552804,0,-16.0641,4.11759799833194,1.37608385686463,0.451685660266874,1.30108445697626,0.601283991047423,33.3877563865537,51.0347891166449,14.7976986383577,0.969,3.95608738968062,3.43920674799665,0.832442903389189,0.505112958942417
1989-12-26,0.46,151.04,-11.24,-11.24,164.41,0.22808067334327722,658.41,27.06629,750.88,3.17552224503765,2.27054970568104,0.715016154973943,0.219528466253919,0.207214753166224,16.85,1.1541095890411,212.45,3.09468317552804,0,-16.0641,4.11759799833194,1.37608385686463,0.451685660266874,1.30108445697626,0.601283991047423,33.3877563865537,51.0347891166449,14.7976986383577,0.969,3.95608738968062,3.43920674799665,0.832442903389189,0.505112958942417
1989-12-27,1.07,223.17,-15.8,-15.8,101.29,0.2606636266780311,658.41,27.06629,750.88,3.17552224503765,2.27054970568104,0.715016154973943,0.219528466253919,0.207214753166224,16.85,1.1541095890411,212.45,3.09468317552804,0,-16.0641,4.11759799833194,1.37608385686463,0.451685660266874,1.30108445697626,0.601283991047423,33.3877563865537,51.0347891166449,14.7976986383577,0.969,3.95608738968062,3.43920674799665,0.832442903389189,0.505112958942417
1989-12-28,1.0,220.35,-13.72,-13.72,131.2,0.293246580012785,658.41,27.06629,750.88,3.17552224503765,2.27054970568104,0.715016154973943,0.219528466253919,0.207214753166224,16.85,1.1541095890411,212.45,3.09468317552804,0,-16.0641,4.11759799833194,1.37608385686463,0.451685660266874,1.30108445697626,0.601283991047423,33.3877563865537,51.0347891166449,14.7976986383577,0.969,3.95608738968062,3.43920674799665,0.832442903389189,0.505112958942417
1989-12-29,3.45,178.07,-7.16,-7.16,243.57,0.3258295333475389,658.41,27.06629,750.88,3.17552224503765,2.27054970568104,0.715016154973943,0.219528466253919,0.207214753166224,16.85,1.1541095890411,212.45,3.09468317552804,0,-16.0641,4.11759799833194,1.37608385686463,0.451685660266874,1.30108445697626,0.601283991047423,33.3877563865537,51.0347891166449,14.7976986383577,0.969,3.95608738968062,3.43920674799665,0.832442903389189,0.505112958942417
1989-12-30,2.55,184.99,-6.2,-6.2,277.08,0.35841248668229275,658.41,27.06629,750.88,3.17552224503765,2.27054970568104,0.715016154973943,0.219528466253919,0.207214753166224,16.85,1.1541095890411,212.45,3.09468317552804,0,-16.0641,4.11759799833194,1.37608385686463,0.451685660266874,1.30108445697626,0.601283991047423,33.3877563865537,51.0347891166449,14.7976986383577,0.969,3.95608738968062,3.43920674799665,0.832442903389189,0.505112958942417
1989-12-31,1.21,173.35,-2.82,-2.82,361.03,0.42357839335180053,658.41,27.06629,750.88,3.17552224503765,2.27054970568104,0.715016154973943,0.219528466253919,0.207214753166224,16.85,1.1541095890411,212.45,3.09468317552804,0,-16.0641,4.11759799833194,1.37608385686463,0.451685660266874,1.30108445697626,0.601283991047423,33.3877563865537,51.0347891166449,14.7976986383577,0.969,3.95608738968062,3.43920674799665,0.832442903389189,0.505112958942417
1990-01-01,1.23,201.26,-1.78,-1.78,363.73,0.58649316002557,658.41,27.06629,750.88,3.17552224503765,2.27054970568104,0.715016154973943,0.219528466253919,0.207214753166224,16.85,1.1541095890411,212.45,3.09468317552804,0,-16.0641,4.11759799833194,1.37608385686463,0.451685660266874,1.30108445697626,0.601283991047423,33.3877563865537,51.0347891166449,14.7976986383577,0.969,3.95608738968062,3.43920674799665,0.832442903389189,0.505112958942417
1990-01-02,0.27,241.35,-3.56,-3.56,312.45,0.4887443000213083,658.41,27.06629,750.88,3.17552224503765,2.27054970568104,0.715016154973943,0.219528466253919,0.207214753166224,16.85,1.1541095890411,212.45,3.09468317552804,0,-16.0641,4.11759799833194,1.37608385686463,0.451685660266874,1.30108445697626,0.601283991047423,33.3877563865537,51.0347891166449,14.7976986383577,0.969,3.95608738968062,3.43920674799665,0.832442903389189,0.505112958942417
1990-01-03,0.23,242.94,-2.97,-2.97,313.35,0.45616134668655445,658.41,27.06629,750.88,3.17552224503765,2.27054970568104,0.715016154973943,0.219528466253919,0.207214753166224,16.85,1.1541095890411,212.45,3.09468317552804,0,-16.0641,4.11759799833194,1.37608385686463,0.451685660266874,1.30108445697626,0.601283991047423,33.3877563865537,51.0347891166449,14.7976986383577,0.969,3.95608738968062,3.43920674799665,0.832442903389189,0.505112958942417
1990-01-04,0.39,219.43,0.74,0.74,406.13,0.7819908800340932,658.41,27.06629,750.88,3.17552224503765,2.27054970568104,0.715016154973943,0.219528466253919,0.207214753166224,16.85,1.1541095890411,212.45,3.09468317552804,0,-16.0641,4.11759799833194,1.37608385686463,0.451685660266874,1.30108445697626,0.601283991047423,33.3877563865537,51.0347891166449,14.7976986383577,0.969,3.95608738968062,3.43920674799665,0.832442903389189,0.505112958942417
1990-01-05,0.09,272.92,-0.26,-0.26,367.18,0.9774886000426166,658.41,27.06629,750.88,3.17552224503765,2.27054970568104,0.715016154973943,0.219528466253919,0.207214753166224,16.85,1.1541095890411,212.45,3.09468317552804,0,-16.0641,4.11759799833194,1.37608385686463,0.451685660266874,1.30108445697626,0.601283991047423,33.3877563865537,51.0347891166449,14.7976986383577,0.969,3.95608738968062,3.43920674799665,0.832442903389189,0.505112958942417
1990-01-06,0.0,275.15,-4.27,-4.27,274.95,0.8145738333688473,658.41,27.06629,750.88,3.17552224503765,2.27054970568104,0.715016154973943,0.219528466253919,0.207214753166224,16.85,1.1541095890411,212.45,3.09468317552804,0,-16.0641,4.11759799833194,1.37608385686463,0.451685660266874,1.30108445697626,0.601283991047423,33.3877563865537,51.0347891166449,14.7976986383577,0.969,3.95608738968062,3.43920674799665,0.832442903389189,0.505112958942417
1990-01-07,0.0,280.83,-3.69,-3.69,283.98,0.6516590666950778,658.41,27.06629,750.88,3.17552224503765,2.27054970568104,0.715016154973943,0.219528466253919,0.207214753166224,16.85,1.1541095890411,212.45,3.09468317552804,0,-16.0641,4.11759799833194,1.37608385686463,0.451685660266874,1.30108445697626,0.601283991047423,33.3877563865537,51.0347891166449,14.7976986383577,0.969,3.95608738968062,3.43920674799665,0.832442903389189,0.505112958942417
1990-01-08,0.02,279.96,-2.8,-2.8,302.49,0.58649316002557,658.41,27.06629,750.88,3.17552224503765,2.27054970568104,0.715016154973943,0.219528466253919,0.207214753166224,16.85,1.1541095890411,212.45,3.09468317552804,0,-16.0641,4.11759799833194,1.37608385686463,0.451685660266874,1.30108445697626,0.601283991047423,33.3877563865537,51.0347891166449,14.7976986383577,0.969,3.95608738968062,3.43920674799665,0.832442903389189,0.505112958942417
1990-01-09,0.46,217.38,-1.11,-1.11,375.1,0.553910206690816,658.41,27.06629,750.88,3.17552224503765,2.27054970568104,0.715016154973943,0.219528466253919,0.207214753166224,16.85,1.1541095890411,212.45,3.09468317552804,0,-16.0641,4.11759799833194,1.37608385686463,0.451685660266874,1.30108445697626,0.601283991047423,33.3877563865537,51.0347891166449,14.7976986383577,0.969,3.95608738968062,3.43920674799665,0.832442903389189,0.505112958942417
1990-01-10,1.36,167.39,0.25,0.25,455.79,0.5213272533560622,658.41,27.06629,750.88,3.17552224503765,2.27054970568104,0.715016154973943,0.219528466253919,0.207214753166224,16.85,1.1541095890411,212.45,3.09468317552804,0,-16.0641,4.11759799833194,1.37608385686463,0.451685660266874,1.30108445697626,0.601283991047423,33.3877563865537,51.0347891166449,14.7976986383577,0.969,3.95608738968062,3.43920674799665,0.832442903389189,0.505112958942417
1990-01-11,3.74,171.51,-0.78,-0.78,416.94,0.5213272533560622,658.41,27.06629,750.88,3.17552224503765,2.27054970568104,0.715016154973943,0.219528466253919,0.207214753166224,16.85,1.1541095890411,212.45,3.09468317552804,0,-16.0641,4.11759799833194,1.37608385686463,0.451685660266874,1.30108445697626,0.601283991047423,33.3877563865537,51.0347891166449,14.7976986383577,0.969,3.95608738968062,3.43920674799665,0.832442903389189,0.505112958942417
1990-01-12,1.42,211.9,-4.43,-4.43,287.77,0.4887443000213083,658.41,27.06629,750.88,3.17552224503765,2.27054970568104,0.715016154973943,0.219528466253919,0.207214753166224,16.85,1.1541095890411,212.45,3.09468317552804,0,-16.0641,4.11759799833194,1.37608385686463,0.451685660266874,1.30108445697626,0.601283991047423,33.3877563865537,51.0347891166449,14.7976986383577,0.969,3.95608738968062,3.43920674799665,0.832442903389189,0.505112958942417
1990-01-13,0.25,207.62,-8.27,-8.27,222.55,0.45616134668655445,658.41,27.06629,750.88,3.17552224503765,2.27054970568104,0.715016154973943,0.219528466253919,0.207214753166224,16.85,1.1541095890411,212.45,3.09468317552804,0,-16.0641,4.11759799833194,1.37608385686463,0.451685660266874,1.30108445697626,0.601283991047423,33.3877563865537,51.0347891166449,14.7976986383577,0.969,3.95608738968062,3.43920674799665,0.832442903389189,0.505112958942417
1990-01-14,0.95,183.68,-6.91,-6.91,275.5,0.42357839335180053,658.41,27.06629,750.88,3.17552224503765,2.27054970568104,0.715016154973943,0.219528466253919,0.207214753166224,16.85,1.1541095890411,212.45,3.09468317552804,0,-16.0641,4.11759799833194,1.37608385686463,0.451685660266874,1.30108445697626,0.601283991047423,33.3877563865537,51.0347891166449,14.7976986383577,0.969,3.95608738968062,3.43920674799665,0.832442903389189,0.505112958942417
1990-01-15,0.26,230.78,-1.53,-1.53,421.46,0.3909954400170466,658.41,27.06629,750.88,3.17552224503765,2.27054970568104,0.715016154973943,0.219528466253919,0.207214753166224,16.85,1.1541095890411,212.45,3.09468317552804,0,-16.0641,4.11759799833194,1.37608385686463,0.451685660266874,1.30108445697626,0.601283991047423,33.3877563865537,51.0347891166449,14.7976986383577,0.969,3.95608738968062,3.43920674799665,0.832442903389189,0.505112958942417
1990-01-16,0.31,191.7,3.14,3.14,596.74,0.58649316002557,658.41,27.06629,750.88,3.17552224503765,2.27054970568104,0.715016154973943,0.219528466253919,0.207214753166224,16.85,1.1541095890411,212.45,3.09468317552804,0,-16.0641,4.11759799833194,1.37608385686463,0.451685660266874,1.30108445697626,0.601283991047423,33.3877563865537,51.0347891166449,14.7976986383577,0.969,3.95608738968062,3.43920674799665,0.832442903389189,0.505112958942417
1990-01-17,0.62,188.55,6.3,6.3,713.26,1.9549772000852332,658.41,27.06629,750.88,3.17552224503765,2.27054970568104,0.715016154973943,0.219528466253919,0.207214753166224,16.85,1.1541095890411,212.45,3.09468317552804,0,-16.0641,4.11759799833194,1.37608385686463,0.451685660266874,1.30108445697626,0.601283991047423,33.3877563865537,51.0347891166449,14.7976986383577,0.969,3.95608738968062,3.43920674799665,0.832442903389189,0.505112958942417
1990-01-18,0.44,231.13,5.86,5.86,608.89,3.5841248668229277,658.41,27.06629,750.88,3.17552224503765,2.27054970568104,0.715016154973943,0.219528466253919,0.207214753166224,16.85,1.1541095890411,212.45,3.09468317552804,0,-16.0641,4.11759799833194,1.37608385686463,0.451685660266874,1.30108445697626,0.601283991047423,33.3877563865537,51.0347891166449,14.7976986383577,0.969,3.95608738968062,3.43920674799665,0.832442903389189,0.505112958942417
1990-01-19,4.55,237.8,0.15,0.15,381.9,2.691351945450671,658.41,27.06629,750.88,3.17552224503765,2.27054970568104,0.715016154973943,0.219528466253919,0.207214753166224,16.85,1.1541095890411,212.45,3.09468317552804,0,-16.0641,4.11759799833194,1.37608385686463,0.451685660266874,1.30108445697626,0.601283991047423,33.3877563865537,51.0347891166449,14.7976986383577,0.969,3.95608738968062,3.43920674799665,0.832442903389189,0.505112958942417
1990-01-20,13.14,197.61,-3.4,-3.4,333.43,2.0266596974216915,658.41,27.06629,750.88,3.17552224503765,2.27054970568104,0.715016154973943,0.219528466253919,0.207214753166224,16.85,1.1541095890411,212.45,3.09468317552804,0,-16.0641,4.11759799833194,1.37608385686463,0.451685660266874,1.30108445697626,0.601283991047423,33.3877563865537,51.0347891166449,14.7976986383577,0.969,3.95608738968062,3.43920674799665,0.832442903389189,0.505112958942417
1990-01-21,4.9,128.99,-1.62,-1.62,433.24,2.4632712721073937,658.41,27.06629,750.88,3.17552224503765,2.27054970568104,0.715016154973943,0.219528466253919,0.207214753166224,16.85,1.1541095890411,212.45,3.09468317552804,0,-16.0641,4.11759799833194,1.37608385686463,0.451685660266874,1.30108445697626,0.601283991047423,33.3877563865537,51.0347891166449,14.7976986383577,0.969,3.95608738968062,3.43920674799665,0.832442903389189,0.505112958942417
1990-01-22,2.24,148.95,-1.17,-1.17,431.56,2.212382531429789,658.41,27.06629,750.88,3.17552224503765,2.27054970568104,0.715016154973943,0.219528466253919,0.207214753166224,16.85,1.1541095890411,212.45,3.09468317552804,0,-16.0641,4.11759799833194,1.37608385686463,0.451685660266874,1.30108445697626,0.601283991047423,33.3877563865537,51.0347891166449,14.7976986383577,0.969,3.95608738968062,3.43920674799665,0.832442903389189,0.505112958942417
1990-01-23,0.77,246.57,-3.86,-3.86,313.0,1.7562211847432343,658.41,27.06629,750.88,3.17552224503765,2.27054970568104,0.715016154973943,0.219528466253919,0.207214753166224,16.85,1.1541095890411,212.45,3.09468317552804,0,-16.0641,4.11759799833194,1.37608385686463,0.451685660266874,1.30108445697626,0.601283991047423,33.3877563865537,51.0347891166449,14.7976986383577,0.969,3.95608738968062,3.43920674799665,0.832442903389189,0.505112958942417
1990-01-24,0.08,327.01,-0.77,-0.77,362.58,1.9614937907521839,658.41,27.06629,750.88,3.17552224503765,2.27054970568104,0.715016154973943,0.219528466253919,0.207214753166224,16.85,1.1541095890411,212.45,3.09468317552804,0,-16.0641,4.11759799833194,1.37608385686463,0.451685660266874,1.30108445697626,0.601283991047423,33.3877563865537,51.0347891166449,14.7976986383577,0.969,3.95608738968062,3.43920674799665,0.832442903389189,0.505112958942417
1990-01-25,1.71,257.55,2.5,2.5,445.16,2.658768992115917,658.41,27.06629,750.88,3.17552224503765,2.27054970568104,0.715016154973943,0.219528466253919,0.207214753166224,16.85,1.1541095890411,212.45,3.09468317552804,0,-16.0641,4.11759799833194,1.37608385686463,0.451685660266874,1.30108445697626,0.601283991047423,33.3877563865537,51.0347891166449,14.7976986383577,0.969,3.95608738968062,3.43920674799665,0.832442903389189,0.505112958942417
1990-01-26,0.45,322.81,2.27,2.27,409.7,3.616707820157681,658.41,27.06629,750.88,3.17552224503765,2.27054970568104,0.715016154973943,0.219528466253919,0.207214753166224,16.85,1.1541095890411,212.45,3.09468317552804,0,-16.0641,4.11759799833194,1.37608385686463,0.451685660266874,1.30108445697626,0.601283991047423,33.3877563865537,51.0347891166449,14.7976986383577,0.969,3.95608738968062,3.43920674799665,0.832442903389189,0.505112958942417
1990-01-27,1.79,266.87,-2.42,-2.42,328.4,2.241707189431067,658.41,27.06629,750.88,3.17552224503765,2.27054970568104,0.715016154973943,0.219528466253919,0.207214753166224,16.85,1.1541095890411,212.45,3.09468317552804,0,-16.0641,4.11759799833194,1.37608385686463,0.451685660266874,1.30108445697626,0.601283991047423,33.3877563865537,51.0347891166449,14.7976986383577,0.969,3.95608738968062,3.43920674799665,0.832442903389189,0.505112958942417
1990-01-28,6.55,259.43,-0.4,-0.4,381.51,2.01362651608779,658.41,27.06629,750.88,3.17552224503765,2.27054970568104,0.715016154973943,0.219528466253919,0.207214753166224,16.85,1.1541095890411,212.45,3.09468317552804,0,-16.0641,4.11759799833194,1.37608385686463,0.451685660266874,1.30108445697626,0.601283991047423,33.3877563865537,51.0347891166449,14.7976986383577,0.969,3.95608738968062,3.43920674799665,0.832442903389189,0.505112958942417
1990-01-29,15.05,199.54,-1.37,-1.37,381.82,1.8050956147453652,658.41,27.06629,750.88,3.17552224503765,2.27054970568104,0.715016154973943,0.219528466253919,0.207214753166224,16.85,1.1541095890411,212.45,3.09468317552804,0,-16.0641,4.11759799833194,1.37608385686463,0.451685660266874,1.30108445697626,0.601283991047423,33.3877563865537,51.0347891166449,14.7976986383577,0.969,3.95608738968062,3.43920674799665,0.832442903389189,0.505112958942417
1990-01-30,3.77,201.66,-2.45,-2.45,360.89,1.684538687406776,658.41,27.06629,750.88,3.17552224503765,2.27054970568104,0.715016154973943,0.219528466253919,0.207214753166224,16.85,1.1541095890411,212.45,3.09468317552804,0,-16.0641,4.11759799833194,1.37608385686463,0.451685660266874,1.30108445697626,0.601283991047423,33.3877563865537,51.0347891166449,14.7976986383577,0.969,3.95608738968062,3.43920674799665,0.832442903389189,0.505112958942417
1990-01-31,0.35,286.27,-6.18,-6.18,212.67,1.417358470061794,658.41,27.06629,750.88,3.17552224503765,2.27054970568104,0.715016154973943,0.219528466253919,0.207214753166224,16.85,1.1541095890411,212.45,3.09468317552804,0,-16.0641,4.11759799833194,1.37608385686463,0.451685660266874,1.30108445697626,0.601283991047423,33.3877563865537,51.0347891166449,14.7976986383577,0.969,3.95608738968062,3.43920674799665,0.832442903389189,0.505112958942417
1990-02-01,5.1,285.76,-3.62,-3.62,243.89,1.38477551672704,658.41,27.06629,750.88,3.17552224503765,2.27054970568104,0.715016154973943,0.219528466253919,0.207214753166224,16.85,1.1541095890411,212.45,3.09468317552804,0,-16.0641,4.11759799833194,1.37608385686463,0.451685660266874,1.30108445697626,0.601283991047423,33.3877563865537,51.0347891166449,14.7976986383577,0.969,3.95608738968062,3.43920674799665,0.832442903389189,0.505112958942417
1990-02-02,6.71,275.63,0.39,0.39,355.71,5.245855486895375,658.41,27.06629,750.88,3.17552224503765,2.27054970568104,0.715016154973943,0.219528466253919,0.207214753166224,16.85,1.1541095890411,212.45,3.09468317552804,0,-16.0641,4.11759799833194,1.37608385686463,0.451685660266874,1.30108445697626,0.601283991047423,33.3877563865537,51.0347891166449,14.7976986383577,0.969,3.95608738968062,3.43920674799665,0.832442903389189,0.505112958942417
1990-02-03,8.42,243.27,-2.31,-2.31,328.22,4.496447560196037,658.41,27.06629,750.88,3.17552224503765,2.27054970568104,0.715016154973943,0.219528466253919,0.207214753166224,16.85,1.1541095890411,212.45,3.09468317552804,0,-16.0641,4.11759799833194,1.37608385686463,0.451685660266874,1.30108445697626,0.601283991047423,33.3877563865537,51.0347891166449,14.7976986383577,0.969,3.95608738968062,3.43920674799665,0.832442903389189,0.505112958942417
1990-02-04,4.73,253.49,-3.58,-3.58,307.54,3.9099544001704665,658.41,27.06629,750.88,3.17552224503765,2.27054970568104,0.715016154973943,0.219528466253919,0.207214753166224,16.85,1.1541095890411,212.45,3.09468317552804,0,-16.0641,4.11759799833194,1.37608385686463,0.451685660266874,1.30108445697626,0.601283991047423,33.3877563865537,51.0347891166449,14.7976986383577,0.969,3.95608738968062,3.43920674799665,0.832442903389189,0.505112958942417
1990-02-05,1.04,277.82,-5.19,-5.19,277.94,3.0823473854677172,658.41,27.06629,750.88,3.17552224503765,2.27054970568104,0.715016154973943,0.219528466253919,0.207214753166224,16.85,1.1541095890411,212.45,3.09468317552804,0,-16.0641,4.11759799833194,1.37608385686463,0.451685660266874,1.30108445697626,0.601283991047423,33.3877563865537,51.0347891166449,14.7976986383577,0.969,3.95608738968062,3.43920674799665,0.832442903389189,0.505112958942417
1990-02-06,0.07,339.28,-3.46,-3.46,320.35,2.606636266780311,658.41,27.06629,750.88,3.17552224503765,2.27054970568104,0.715016154973943,0.219528466253919,0.207214753166224,16.85,1.1541095890411,212.45,3.09468317552804,0,-16.0641,4.11759799833194,1.37608385686463,0.451685660266874,1.30108445697626,0.601283991047423,33.3877563865537,51.0347891166449,14.7976986383577,0.969,3.95608738968062,3.43920674799665,0.832442903389189,0.505112958942417
1990-02-07,0.0,343.86,-0.24,-0.24,390.38,2.4697878627743446,658.41,27.06629,750.88,3.17552224503765,2.27054970568104,0.715016154973943,0.219528466253919,0.207214753166224,16.85,1.1541095890411,212.45,3.09468317552804,0,-16.0641,4.11759799833194,1.37608385686463,0.451685660266874,1.30108445697626,0.601283991047423,33.3877563865537,51.0347891166449,14.7976986383577,0.969,3.95608738968062,3.43920674799665,0.832442903389189,0.505112958942417
1990-02-08,0.1,311.22,-0.16,-0.16,387.55,2.482821044108246,658.41,27.06629,750.88,3.17552224503765,2.27054970568104,0.715016154973943,0.219528466253919,0.207214753166224,16.85,1.1541095890411,212.45,3.09468317552804,0,-16.0641,4.11759799833194,1.37608385686463,0.451685660266874,1.30108445697626,0.601283991047423,33.3877563865537,51.0347891166449,14.7976986383577,0.969,3.95608738968062,3.43920674799665,0.832442903389189,0.505112958942417
1990-02-09,6.66,283.56,2.66,2.66,478.77,3.6492907734924356,658.41,27.06629,750.88,3.17552224503765,2.27054970568104,0.715016154973943,0.219528466253919,0.207214753166224,16.85,1.1541095890411,212.45,3.09468317552804,0,-16.0641,4.11759799833194,1.37608385686463,0.451685660266874,1.30108445697626,0.601283991047423,33.3877563865537,51.0347891166449,14.7976986383577,0.969,3.95608738968062,3.43920674799665,0.832442903389189,0.505112958942417
1990-02-10,1.9,357.27,3.72,3.72,466.5,6.484007713616023,658.41,27.06629,750.88,3.17552224503765,2.27054970568104,0.715016154973943,0.219528466253919,0.207214753166224,16.85,1.1541095890411,212.45,3.09468317552804,0,-16.0641,4.11759799833194,1.37608385686463,0.451685660266874,1.30108445697626,0.601283991047423,33.3877563865537,51.0347891166449,14.7976986383577,0.969,3.95608738968062,3.43920674799665,0.832442903389189,0.505112958942417
1990-02-11,0.09,348.48,-3.61,-3.61,270.75,3.844788493500958,658.41,27.06629,750.88,3.17552224503765,2.27054970568104,0.715016154973943,0.219528466253919,0.207214753166224,16.85,1.1541095890411,212.45,3.09468317552804,0,-16.0641,4.11759799833194,1.37608385686463,0.451685660266874,1.30108445697626,0.601283991047423,33.3877563865537,51.0347891166449,14.7976986383577,0.969,3.95608738968062,3.43920674799665,0.832442903389189,0.505112958942417
1990-02-12,0.01,377.96,-4.87,-4.87,252.59,3.0236980694651607,658.41,27.06629,750.88,3.17552224503765,2.27054970568104,0.715016154973943,0.219528466253919,0.207214753166224,16.85,1.1541095890411,212.45,3.09468317552804,0,-16.0641,4.11759799833194,1.37608385686463,0.451685660266874,1.30108445697626,0.601283991047423,33.3877563865537,51.0347891166449,14.7976986383577,0.969,3.95608738968062,3.43920674799665,0.832442903389189,0.505112958942417
1990-02-13,0.34,305.54,-1.77,-1.77,328.89,2.5870864947794585,658.41,27.06629,750.88,3.17552224503765,2.27054970568104,0.715016154973943,0.219528466253919,0.207214753166224,16.85,1.1541095890411,212.45,3.09468317552804,0,-16.0641,4.11759799833194,1.37608385686463,0.451685660266874,1.30108445697626,0.601283991047423,33.3877563865537,51.0347891166449,14.7976986383577,0.969,3.95608738968062,3.43920674799665,0.832442903389189,0.505112958942417
1990-02-14,9.89,312.98,3.06,3.06,416.63,2.6457358107820155,658.41,27.06629,750.88,3.17552224503765,2.27054970568104,0.715016154973943,0.219528466253919,0.207214753166224,16.85,1.1541095890411,212.45,3.09468317552804,0,-16.0641,4.11759799833194,1.37608385686463,0.451685660266874,1.30108445697626,0.601283991047423,33.3877563865537,51.0347891166449,14.7976986383577,0.969,3.95608738968062,3.43920674799665,0.832442903389189,0.505112958942417
1990-02-15,15.15,222.42,-1.35,-1.35,375.39,3.421210100149158,658.41,27.06629,750.88,3.17552224503765,2.27054970568104,0.715016154973943,0.219528466253919,0.207214753166224,16.85,1.1541095890411,212.45,3.09468317552804,0,-16.0641,4.11759799833194,1.37608385686463,0.451685660266874,1.30108445697626,0.601283991047423,33.3877563865537,51.0347891166449,14.7976986383577,0.969,3.95608738968062,3.43920674799665,0.832442903389189,0.505112958942417
1990-02-16,5.64,305.52,2.09,2.09,463.44,11.110787087151074,658.41,27.06629,750.88,3.17552224503765,2.27054970568104,0.715016154973943,0.219528466253919,0.207214753166224,16.85,1.1541095890411,212.45,3.09468317552804,0,-16.0641,4.11759799833194,1.37608385686463,0.451685660266874,1.30108445697626,0.601283991047423,33.3877563865537,51.0347891166449,14.7976986383577,0.969,3.95608738968062,3.43920674799665,0.832442903389189,0.505112958942417
1990-02-17,1.12,326.72,2.49,2.49,353.29,7.1682497336458555,658.41,27.06629,750.88,3.17552224503765,2.27054970568104,0.715016154973943,0.219528466253919,0.207214753166224,16.85,1.1541095890411,212.45,3.09468317552804,0,-16.0641,4.11759799833194,1.37608385686463,0.451685660266874,1.30108445697626,0.601283991047423,33.3877563865537,51.0347891166449,14.7976986383577,0.969,3.95608738968062,3.43920674799665,0.832442903389189,0.505112958942417
1990-02-18,0.13,410.21,-7.17,-7.17,186.04,3.9751203068399743,658.41,27.06629,750.88,3.17552224503765,2.27054970568104,0.715016154973943,0.219528466253919,0.207214753166224,16.85,1.1541095890411,212.45,3.09468317552804,0,-16.0641,4.11759799833194,1.37608385686463,0.451685660266874,1.30108445697626,0.601283991047423,33.3877563865537,51.0347891166449,14.7976986383577,0.969,3.95608738968062,3.43920674799665,0.832442903389189,0.505112958942417
1990-02-19,0.0,421.7,-5.08,-5.08,216.64,3.2908782868101425,658.41,27.06629,750.88,3.17552224503765,2.27054970568104,0.715016154973943,0.219528466253919,0.207214753166224,16.85,1.1541095890411,212.45,3.09468317552804,0,-16.0641,4.11759799833194,1.37608385686463,0.451685660266874,1.30108445697626,0.601283991047423,33.3877563865537,51.0347891166449,14.7976986383577,0.969,3.95608738968062,3.43920674799665,0.832442903389189,0.505112958942417
1990-02-20,0.0,399.48,-4.35,-4.35,234.46,2.460012976773918,658.41,27.06629,750.88,3.17552224503765,2.27054970568104,0.715016154973943,0.219528466253919,0.207214753166224,16.85,1.1541095890411,212.45,3.09468317552804,0,-16.0641,4.11759799833194,1.37608385686463,0.451685660266874,1.30108445697626,0.601283991047423,33.3877563865537,51.0347891166449,14.7976986383577,0.969,3.95608738968062,3.43920674799665,0.832442903389189,0.505112958942417
1990-02-21,0.22,326.96,-6.04,-6.04,227.67,2.0168848114212654,658.41,27.06629,750.88,3.17552224503765,2.27054970568104,0.715016154973943,0.219528466253919,0.207214753166224,16.85,1.1541095890411,212.45,3.09468317552804,0,-16.0641,4.11759799833194,1.37608385686463,0.451685660266874,1.30108445697626,0.601283991047423,33.3877563865537,51.0347891166449,14.7976986383577,0.969,3.95608738968062,3.43920674799665,0.832442903389189,0.505112958942417
1990-02-22,2.9,339.51,-0.71,-0.71,348.78,1.945202314084807,658.41,27.06629,750.88,3.17552224503765,2.27054970568104,0.715016154973943,0.219528466253919,0.207214753166224,16.85,1.1541095890411,212.45,3.09468317552804,0,-16.0641,4.11759799833194,1.37608385686463,0.451685660266874,1.30108445697626,0.601283991047423,33.3877563865537,51.0347891166449,14.7976986383577,0.969,3.95608738968062,3.43920674799665,0.832442903389189,0.505112958942417
1990-02-23,4.11,308.58,5.61,5.61,531.24,2.4111385467717876,658.41,27.06629,750.88,3.17552224503765,2.27054970568104,0.715016154973943,0.219528466253919,0.207214753166224,16.85,1.1541095890411,212.45,3.09468317552804,0,-16.0641,4.11759799833194,1.37608385686463,0.451685660266874,1.30108445697626,0.601283991047423,33.3877563865537,51.0347891166449,14.7976986383577,0.969,3.95608738968062,3.43920674799665,0.832442903389189,0.505112958942417
1990-02-24,4.61,316.46,-0.72,-0.72,322.39,1.8898112934157254,658.41,27.06629,750.88,3.17552224503765,2.27054970568104,0.715016154973943,0.219528466253919,0.207214753166224,16.85,1.1541095890411,212.45,3.09468317552804,0,-16.0641,4.11759799833194,1.37608385686463,0.451685660266874,1.30108445697626,0.601283991047423,33.3877563865537,51.0347891166449,14.7976986383577,0.969,3.95608738968062,3.43920674799665,0.832442903389189,0.505112958942417
1990-02-25,1.1,414.95,-8.46,-8.46,157.92,1.4988158533986788,658.41,27.06629,750.88,3.17552224503765,2.27054970568104,0.715016154973943,0.219528466253919,0.207214753166224,16.85,1.1541095890411,212.45,3.09468317552804,0,-16.0641,4.11759799833194,1.37608385686463,0.451685660266874,1.30108445697626,0.601283991047423,33.3877563865537,51.0347891166449,14.7976986383577,0.969,3.95608738968062,3.43920674799665,0.832442903389189,0.505112958942417
1990-02-26,0.03,424.26,-16.32,-16.32,90.07,1.3359010867249093,658.41,27.06629,750.88,3.17552224503765,2.27054970568104,0.715016154973943,0.219528466253919,0.207214753166224,16.85,1.1541095890411,212.45,3.09468317552804,0,-16.0641,4.11759799833194,1.37608385686463,0.451685660266874,1.30108445697626,0.601283991047423,33.3877563865537,51.0347891166449,14.7976986383577,0.969,3.95608738968062,3.43920674799665,0.832442903389189,0.505112958942417
1990-02-27,0.05,376.16,-12.25,-12.25,141.48,1.2707351800554014,658.41,27.06629,750.88,3.17552224503765,2.27054970568104,0.715016154973943,0.219528466253919,0.207214753166224,16.85,1.1541095890411,212.45,3.09468317552804,0,-16.0641,4.11759799833194,1.37608385686463,0.451685660266874,1.30108445697626,0.601283991047423,33.3877563865537,51.0347891166449,14.7976986383577,0.969,3.95608738968062,3.43920674799665,0.832442903389189,0.505112958942417
1990-02-28,0.01,382.81,-5.9,-5.9,224.99,1.2381522267206477,658.41,27.06629,750.88,3.17552224503765,2.27054970568104,0.715016154973943,0.219528466253919,0.207214753166224,16.85,1.1541095890411,212.45,3.09468317552804,0,-16.0641,4.11759799833194,1.37608385686463,0.451685660266874,1.30108445697626,0.601283991047423,33.3877563865537,51.0347891166449,14.7976986383577,0.969,3.95608738968062,3.43920674799665,0.832442903389189,0.505112958942417
1990-03-01,0.0,423.53,-8.56,-8.56,188.15,1.17298632005114,658.41,27.06629,750.88,3.17552224503765,2.27054970568104,0.715016154973943,0.219528466253919,0.207214753166224,16.85,1.1541095890411,212.45,3.09468317552804,0,-16.0641,4.11759799833194,1.37608385686463,0.451685660266874,1.30108445697626,0.601283991047423,33.3877563865537,51.0347891166449,14.7976986383577,0.969,3.95608738968062,3.43920674799665,0.832442903389189,0.505112958942417
1990-03-02,0.0,449.03,-3.46,-3.46,270.72,1.0752374600468781,658.41,27.06629,750.88,3.17552224503765,2.27054970568104,0.715016154973943,0.219528466253919,0.207214753166224,16.85,1.1541095890411,212.45,3.09468317552804,0,-16.0641,4.11759799833194,1.37608385686463,0.451685660266874,1.30108445697626,0.601283991047423,33.3877563865537,51.0347891166449,14.7976986383577,0.969,3.95608738968062,3.43920674799665,0.832442903389189,0.505112958942417
1990-03-03,0.0,451.14,0.49,0.49,318.94,1.0100715533773705,658.41,27.06629,750.88,3.17552224503765,2.27054970568104,0.715016154973943,0.219528466253919,0.207214753166224,16.85,1.1541095890411,212.45,3.09468317552804,0,-16.0641,4.11759799833194,1.37608385686463,0.451685660266874,1.30108445697626,0.601283991047423,33.3877563865537,51.0347891166449,14.7976986383577,0.969,3.95608738968062,3.43920674799665,0.832442903389189,0.505112958942417
1990-03-04,0.13,357.06,-6.75,-6.75,195.47,0.9416473513743873,658.41,27.06629,750.88,3.17552224503765,2.27054970568104,0.715016154973943,0.219528466253919,0.207214753166224,16.85,1.1541095890411,212.45,3.09468317552804,0,-16.0641,4.11759799833194,1.37608385686463,0.451685660266874,1.30108445697626,0.601283991047423,33.3877563865537,51.0347891166449,14.7976986383577,0.969,3.95608738968062,3.43920674799665,0.832442903389189,0.505112958942417
1990-03-05,1.16,309.58,-6.86,-6.86,213.23,0.8504150820370764,658.41,27.06629,750.88,3.17552224503765,2.27054970568104,0.715016154973943,0.219528466253919,0.207214753166224,16.85,1.1541095890411,212.45,3.09468317552804,0,-16.0641,4.11759799833194,1.37608385686463,0.451685660266874,1.30108445697626,0.601283991047423,33.3877563865537,51.0347891166449,14.7976986383577,0.969,3.95608738968062,3.43920674799665,0.832442903389189,0.505112958942417
1990-03-06,0.29,422.18,-7.08,-7.08,192.81,0.7819908800340932,658.41,27.06629,750.88,3.17552224503765,2.27054970568104,0.715016154973943,0.219528466253919,0.207214753166224,16.85,1.1541095890411,212.45,3.09468317552804,0,-16.0641,4.11759799833194,1.37608385686463,0.451685660266874,1.30108445697626,0.601283991047423,33.3877563865537,51.0347891166449,14.7976986383577,0.969,3.95608738968062,3.43920674799665,0.832442903389189,0.505112958942417
1990-03-07,0.0,485.05,-11.38,-11.38,128.06,0.7135666780311101,658.41,27.06629,750.88,3.17552224503765,2.27054970568104,0.715016154973943,0.219528466253919,0.207214753166224,16.85,1.1541095890411,212.45,3.09468317552804,0,-16.0641,4.11759799833194,1.37608385686463,0.451685660266874,1.30108445697626,0.601283991047423,33.3877563865537,51.0347891166449,14.7976986383577,0.969,3.95608738968062,3.43920674799665,0.832442903389189,0.505112958942417
1990-03-08,0.14,385.44,-6.64,-6.64,197.85,0.7689576987001917,658.41,27.06629,750.88,3.17552224503765,2.27054970568104,0.715016154973943,0.219528466253919,0.207214753166224,16.85,1.1541095890411,212.45,3.09468317552804,0,-16.0641,4.11759799833194,1.37608385686463,0.451685660266874,1.30108445697626,0.601283991047423,33.3877563865537,51.0347891166449,14.7976986383577,0.969,3.95608738968062,3.43920674799665,0.832442903389189,0.505112958942417
1990-03-09,0.37,365.01,-0.37,-0.37,364.1,0.687500315363307,658.41,27.06629,750.88,3.17552224503765,2.27054970568104,0.715016154973943,0.219528466253919,0.207214753166224,16.85,1.1541095890411,212.45,3.09468317552804,0,-16.0641,4.11759799833194,1.37608385686463,0.451685660266874,1.30108445697626,0.601283991047423,33.3877563865537,51.0347891166449,14.7976986383577,0.969,3.95608738968062,3.43920674799665,0.832442903389189,0.505112958942417
1990-03-10,3.16,234.39,4.13,4.13,615.38,0.7982823567014702,658.41,27.06629,750.88,3.17552224503765,2.27054970568104,0.715016154973943,0.219528466253919,0.207214753166224,16.85,1.1541095890411,212.45,3.09468317552804,0,-16.0641,4.11759799833194,1.37608385686463,0.451685660266874,1.30108445697626,0.601283991047423,33.3877563865537,51.0347891166449,14.7976986383577,0.969,3.95608738968062,3.43920674799665,0.832442903389189,0.505112958942417
1990-03-11,1.33,296.41,7.69,7.69,770.12,1.2870266567227786,658.41,27.06629,750.88,3.17552224503765,2.27054970568104,0.715016154973943,0.219528466253919,0.207214753166224,16.85,1.1541095890411,212.45,3.09468317552804,0,-16.0641,4.11759799833194,1.37608385686463,0.451685660266874,1.30108445697626,0.601283991047423,33.3877563865537,51.0347891166449,14.7976986383577,0.969,3.95608738968062,3.43920674799665,0.832442903389189,0.505112958942417
1990-03-12,0.15,395.04,10.18,10.18,869.57,1.3978086980609417,658.41,27.06629,750.88,3.17552224503765,2.27054970568104,0.715016154973943,0.219528466253919,0.207214753166224,16.85,1.1541095890411,212.45,3.09468317552804,0,-16.0641,4.11759799833194,1.37608385686463,0.451685660266874,1.30108445697626,0.601283991047423,33.3877563865537,51.0347891166449,14.7976986383577,0.969,3.95608738968062,3.43920674799665,0.832442903389189,0.505112958942417
1990-03-13,0.0,409.02,14.81,14.81,1053.0,1.316351314724057,658.41,27.06629,750.88,3.17552224503765,2.27054970568104,0.715016154973943,0.219528466253919,0.207214753166224,16.85,1.1541095890411,212.45,3.09468317552804,0,-16.0641,4.11759799833194,1.37608385686463,0.451685660266874,1.30108445697626,0.601283991047423,33.3877563865537,51.0347891166449,14.7976986383577,0.969,3.95608738968062,3.43920674799665,0.832442903389189,0.505112958942417
1990-03-14,0.0,478.43,14.13,14.13,874.53,1.199052682718943,658.41,27.06629,750.88,3.17552224503765,2.27054970568104,0.715016154973943,0.219528466253919,0.207214753166224,16.85,1.1541095890411,212.45,3.09468317552804,0,-16.0641,4.11759799833194,1.37608385686463,0.451685660266874,1.30108445697626,0.601283991047423,33.3877563865537,51.0347891166449,14.7976986383577,0.969,3.95608738968062,3.43920674799665,0.832442903389189,0.505112958942417
1990-03-15,0.0,484.99,14.37,14.37,855.12,1.1110787087151075,658.41,27.06629,750.88,3.17552224503765,2.27054970568104,0.715016154973943,0.219528466253919,0.207214753166224,16.85,1.1541095890411,212.45,3.09468317552804,0,-16.0641,4.11759799833194,1.37608385686463,0.451685660266874,1.30108445697626,0.601283991047423,33.3877563865537,51.0347891166449,14.7976986383577,0.969,3.95608738968062,3.43920674799665,0.832442903389189,0.505112958942417
1990-03-16,10.21,359.25,15.3,15.3,947.98,1.0524293927125505,658.41,27.06629,750.88,3.17552224503765,2.27054970568104,0.715016154973943,0.219528466253919,0.207214753166224,16.85,1.1541095890411,212.45,3.09468317552804,0,-16.0641,4.11759799833194,1.37608385686463,0.451685660266874,1.30108445697626,0.601283991047423,33.3877563865537,51.0347891166449,14.7976986383577,0.969,3.95608738968062,3.43920674799665,0.832442903389189,0.505112958942417
1990-03-17,5.89,353.41,12.82,12.82,830.61,2.326422868101427,658.41,27.06629,750.88,3.17552224503765,2.27054970568104,0.715016154973943,0.219528466253919,0.207214753166224,16.85,1.1541095890411,212.45,3.09468317552804,0,-16.0641,4.11759799833194,1.37608385686463,0.451685660266874,1.30108445697626,0.601283991047423,33.3877563865537,51.0347891166449,14.7976986383577,0.969,3.95608738968062,3.43920674799665,0.832442903389189,0.505112958942417
1990-03-18,2.03,310.06,5.79,5.79,567.15,2.046209469422544,658.41,27.06629,750.88,3.17552224503765,2.27054970568104,0.715016154973943,0.219528466253919,0.207214753166224,16.85,1.1541095890411,212.45,3.09468317552804,0,-16.0641,4.11759799833194,1.37608385686463,0.451685660266874,1.30108445697626,0.601283991047423,33.3877563865537,51.0347891166449,14.7976986383577,0.969,3.95608738968062,3.43920674799665,0.832442903389189,0.505112958942417
1990-03-19,5.06,291.21,-1.09,-1.09,369.67,1.769254366077136,658.41,27.06629,750.88,3.17552224503765,2.27054970568104,0.715016154973943,0.219528466253919,0.207214753166224,16.85,1.1541095890411,212.45,3.09468317552804,0,-16.0641,4.11759799833194,1.37608385686463,0.451685660266874,1.30108445697626,0.601283991047423,33.3877563865537,51.0347891166449,14.7976986383577,0.969,3.95608738968062,3.43920674799665,0.832442903389189,0.505112958942417
1990-03-20,2.39,285.24,-2.87,-2.87,336.44,1.9582354954187087,658.41,27.06629,750.88,3.17552224503765,2.27054970568104,0.715016154973943,0.219528466253919,0.207214753166224,16.85,1.1541095890411,212.45,3.09468317552804,0,-16.0641,4.11759799833194,1.37608385686463,0.451685660266874,1.30108445697626,0.601283991047423,33.3877563865537,51.0347891166449,14.7976986383577,0.969,3.95608738968062,3.43920674799665,0.832442903389189,0.505112958942417
1990-03-21,0.3,340.07,-2.17,-2.17,372.0,1.7268965267419558,658.41,27.06629,750.88,3.17552224503765,2.27054970568104,0.715016154973943,0.219528466253919,0.207214753166224,16.85,1.1541095890411,212.45,3.09468317552804,0,-16.0641,4.11759799833194,1.37608385686463,0.451685660266874,1.30108445697626,0.601283991047423,33.3877563865537,51.0347891166449,14.7976986383577,0.969,3.95608738968062,3.43920674799665,0.832442903389189,0.505112958942417
1990-03-22,0.15,377.05,2.12,2.12,467.52,1.827903682079693,658.41,27.06629,750.88,3.17552224503765,2.27054970568104,0.715016154973943,0.219528466253919,0.207214753166224,16.85,1.1541095890411,212.45,3.09468317552804,0,-16.0641,4.11759799833194,1.37608385686463,0.451685660266874,1.30108445697626,0.601283991047423,33.3877563865537,51.0347891166449,14.7976986383577,0.969,3.95608738968062,3.43920674799665,0.832442903389189,0.505112958942417
1990-03-23,0.09,450.78,6.98,6.98,532.92,1.6063395994033667,658.41,27.06629,750.88,3.17552224503765,2.27054970568104,0.715016154973943,0.219528466253919,0.207214753166224,16.85,1.1541095890411,212.45,3.09468317552804,0,-16.0641,4.11759799833194,1.37608385686463,0.451685660266874,1.30108445697626,0.601283991047423,33.3877563865537,51.0347891166449,14.7976986383577,0.969,3.95608738968062,3.43920674799665,0.832442903389189,0.505112958942417
1990-03-24,0.01,455.72,-1.16,-1.16,314.62,1.4303916513956956,658.41,27.06629,750.88,3.17552224503765,2.27054970568104,0.715016154973943,0.219528466253919,0.207214753166224,16.85,1.1541095890411,212.45,3.09468317552804,0,-16.0641,4.11759799833194,1.37608385686463,0.451685660266874,1.30108445697626,0.601283991047423,33.3877563865537,51.0347891166449,14.7976986383577,0.969,3.95608738968062,3.43920674799665,0.832442903389189,0.505112958942417
1990-03-25,0.0,461.71,-3.41,-3.41,282.2,1.3261262007244832,658.41,27.06629,750.88,3.17552224503765,2.27054970568104,0.715016154973943,0.219528466253919,0.207214753166224,16.85,1.1541095890411,212.45,3.09468317552804,0,-16.0641,4.11759799833194,1.37608385686463,0.451685660266874,1.30108445697626,0.601283991047423,33.3877563865537,51.0347891166449,14.7976986383577,0.969,3.95608738968062,3.43920674799665,0.832442903389189,0.505112958942417
1990-03-26,0.0,464.89,-1.87,-1.87,293.55,1.2283773407202214,658.41,27.06629,750.88,3.17552224503765,2.27054970568104,0.715016154973943,0.219528466253919,0.207214753166224,16.85,1.1541095890411,212.45,3.09468317552804,0,-16.0641,4.11759799833194,1.37608385686463,0.451685660266874,1.30108445697626,0.601283991047423,33.3877563865537,51.0347891166449,14.7976986383577,0.969,3.95608738968062,3.43920674799665,0.832442903389189,0.505112958942417
1990-03-27,0.0,532.39,-6.15,-6.15,194.54,1.08827064138078,658.41,27.06629,750.88,3.17552224503765,2.27054970568104,0.715016154973943,0.219528466253919,0.207214753166224,16.85,1.1541095890411,212.45,3.09468317552804,0,-16.0641,4.11759799833194,1.37608385686463,0.451685660266874,1.30108445697626,0.601283991047423,33.3877563865537,51.0347891166449,14.7976986383577,0.969,3.95608738968062,3.43920674799665,0.832442903389189,0.505112958942417
1990-03-28,0.0,533.93,-4.09,-4.09,232.65,0.9872634860430427,658.41,27.06629,750.88,3.17552224503765,2.27054970568104,0.715016154973943,0.219528466253919,0.207214753166224,16.85,1.1541095890411,212.45,3.09468317552804,0,-16.0641,4.11759799833194,1.37608385686463,0.451685660266874,1.30108445697626,0.601283991047423,33.3877563865537,51.0347891166449,14.7976986383577,0.969,3.95608738968062,3.43920674799665,0.832442903389189,0.505112958942417
1990-03-29,1.17,398.7,-0.59,-0.59,347.89,0.9546805327082889,658.41,27.06629,750.88,3.17552224503765,2.27054970568104,0.715016154973943,0.219528466253919,0.207214753166224,16.85,1.1541095890411,212.45,3.09468317552804,0,-16.0641,4.11759799833194,1.37608385686463,0.451685660266874,1.30108445697626,0.601283991047423,33.3877563865537,51.0347891166449,14.7976986383577,0.969,3.95608738968062,3.43920674799665,0.832442903389189,0.505112958942417
1990-03-30,0.98,293.46,2.56,2.56,517.38,0.9774886000426166,658.41,27.06629,750.88,3.17552224503765,2.27054970568104,0.715016154973943,0.219528466253919,0.207214753166224,16.85,1.1541095890411,212.45,3.09468317552804,0,-16.0641,4.11759799833194,1.37608385686463,0.451685660266874,1.30108445697626,0.601283991047423,33.3877563865537,51.0347891166449,14.7976986383577,0.969,3.95608738968062,3.43920674799665,0.832442903389189,0.505112958942417
1990-03-31,2.79,290.96,4.4,4.4,624.58,0.9970383720434689,658.41,27.06629,750.88,3.17552224503765,2.27054970568104,0.715016154973943,0.219528466253919,0.207214753166224,16.85,1.1541095890411,212.45,3.09468317552804,0,-16.0641,4.11759799833194,1.37608385686463,0.451685660266874,1.30108445697626,0.601283991047423,33.3877563865537,51.0347891166449,14.7976986383577,0.969,3.95608738968062,3.43920674799665,0.832442903389189,0.505112958942417
1990-04-01,3.47,311.91,6.97,6.97,713.18,1.1110787087151075,658.41,27.06629,750.88,3.17552224503765,2.27054970568104,0.715016154973943,0.219528466253919,0.207214753166224,16.85,1.1541095890411,212.45,3.09468317552804,0,-16.0641,4.11759799833194,1.37608385686463,0.451685660266874,1.30108445697626,0.601283991047423,33.3877563865537,51.0347891166449,14.7976986383577,0.969,3.95608738968062,3.43920674799665,0.832442903389189,0.505112958942417
1990-04-02,5.7,287.45,6.87,6.87,680.36,1.391292107393991,658.41,27.06629,750.88,3.17552224503765,2.27054970568104,0.715016154973943,0.219528466253919,0.207214753166224,16.85,1.1541095890411,212.45,3.09468317552804,0,-16.0641,4.11759799833194,1.37608385686463,0.451685660266874,1.30108445697626,0.601283991047423,33.3877563865537,51.0347891166449,14.7976986383577,0.969,3.95608738968062,3.43920674799665,0.832442903389189,0.505112958942417
1990-04-03,11.41,373.4,3.72,3.72,511.79,1.8898112934157254,658.41,27.06629,750.88,3.17552224503765,2.27054970568104,0.715016154973943,0.219528466253919,0.207214753166224,16.85,1.1541095890411,212.45,3.09468317552804,0,-16.0641,4.11759799833194,1.37608385686463,0.451685660266874,1.30108445697626,0.601283991047423,33.3877563865537,51.0347891166449,14.7976986383577,0.969,3.95608738968062,3.43920674799665,0.832442903389189,0.505112958942417
1990-04-04,15.72,230.29,1.13,1.13,471.71,1.9614937907521839,658.41,27.06629,750.88,3.17552224503765,2.27054970568104,0.715016154973943,0.219528466253919,0.207214753166224,16.85,1.1541095890411,212.45,3.09468317552804,0,-16.0641,4.11759799833194,1.37608385686463,0.451685660266874,1.30108445697626,0.601283991047423,33.3877563865537,51.0347891166449,14.7976986383577,0.969,3.95608738968062,3.43920674799665,0.832442903389189,0.505112958942417
1990-04-05,4.0,334.46,-0.33,-0.33,407.46,2.0038516300873637,658.41,27.06629,750.88,3.17552224503765,2.27054970568104,0.715016154973943,0.219528466253919,0.207214753166224,16.85,1.1541095890411,212.45,3.09468317552804,0,-16.0641,4.11759799833194,1.37608385686463,0.451685660266874,1.30108445697626,0.601283991047423,33.3877563865537,51.0347891166449,14.7976986383577,0.969,3.95608738968062,3.43920674799665,0.832442903389189,0.505112958942417
1990-04-06,0.16,471.73,-0.11,-0.11,375.16,2.3557475261027063,658.41,27.06629,750.88,3.17552224503765,2.27054970568104,0.715016154973943,0.219528466253919,0.207214753166224,16.85,1.1541095890411,212.45,3.09468317552804,0,-16.0641,4.11759799833194,1.37608385686463,0.451685660266874,1.30108445697626,0.601283991047423,33.3877563865537,51.0347891166449,14.7976986383577,0.969,3.95608738968062,3.43920674799665,0.832442903389189,0.505112958942417
1990-04-07,0.6,365.7,-1.14,-1.14,362.69,2.2775484380992967,658.41,27.06629,750.88,3.17552224503765,2.27054970568104,0.715016154973943,0.219528466253919,0.207214753166224,16.85,1.1541095890411,212.45,3.09468317552804,0,-16.0641,4.11759799833194,1.37608385686463,0.451685660266874,1.30108445697626,0.601283991047423,33.3877563865537,51.0347891166449,14.7976986383577,0.969,3.95608738968062,3.43920674799665,0.832442903389189,0.505112958942417
1990-04-08,0.22,378.7,-0.23,-0.23,398.19,2.2254157127636907,658.41,27.06629,750.88,3.17552224503765,2.27054970568104,0.715016154973943,0.219528466253919,0.207214753166224,16.85,1.1541095890411,212.45,3.09468317552804,0,-16.0641,4.11759799833194,1.37608385686463,0.451685660266874,1.30108445697626,0.601283991047423,33.3877563865537,51.0347891166449,14.7976986383577,0.969,3.95608738968062,3.43920674799665,0.832442903389189,0.505112958942417
1990-04-09,4.11,423.43,3.08,3.08,466.9,2.6033779714468355,658.41,27.06629,750.88,3.17552224503765,2.27054970568104,0.715016154973943,0.219528466253919,0.207214753166224,16.85,1.1541095890411,212.45,3.09468317552804,0,-16.0641,4.11759799833194,1.37608385686463,0.451685660266874,1.30108445697626,0.601283991047423,33.3877563865537,51.0347891166449,14.7976986383577,0.969,3.95608738968062,3.43920674799665,0.832442903389189,0.505112958942417
1990-04-10,19.27,404.44,5.8,5.8,535.9,5.278438440230129,658.41,27.06629,750.88,3.17552224503765,2.27054970568104,0.715016154973943,0.219528466253919,0.207214753166224,16.85,1.1541095890411,212.45,3.09468317552804,0,-16.0641,4.11759799833194,1.37608385686463,0.451685660266874,1.30108445697626,0.601283991047423,33.3877563865537,51.0347891166449,14.7976986383577,0.969,3.95608738968062,3.43920674799665,0.832442903389189,0.505112958942417
1990-04-11,5.51,392.09,2.59,2.59,426.2,14.955575580652035,658.41,27.06629,750.88,3.17552224503765,2.27054970568104,0.715016154973943,0.219528466253919,0.207214753166224,16.85,1.1541095890411,212.45,3.09468317552804,0,-16.0641,4.11759799833194,1.37608385686463,0.451685660266874,1.30108445697626,0.601283991047423,33.3877563865537,51.0347891166449,14.7976986383577,0.969,3.95608738968062,3.43920674799665,0.832442903389189,0.505112958942417
1990-04-12,0.19,526.53,-2.08,-2.08,297.91,6.7772542936288085,658.41,27.06629,750.88,3.17552224503765,2.27054970568104,0.715016154973943,0.219528466253919,0.207214753166224,16.85,1.1541095890411,212.45,3.09468317552804,0,-16.0641,4.11759799833194,1.37608385686463,0.451685660266874,1.30108445697626,0.601283991047423,33.3877563865537,51.0347891166449,14.7976986383577,0.969,3.95608738968062,3.43920674799665,0.832442903389189,0.505112958942417
1990-04-13,0.07,445.16,-2.3,-2.3,292.23,4.300949840187513,658.41,27.06629,750.88,3.17552224503765,2.27054970568104,0.715016154973943,0.219528466253919,0.207214753166224,16.85,1.1541095890411,212.45,3.09468317552804,0,-16.0641,4.11759799833194,1.37608385686463,0.451685660266874,1.30108445697626,0.601283991047423,33.3877563865537,51.0347891166449,14.7976986383577,0.969,3.95608738968062,3.43920674799665,0.832442903389189,0.505112958942417
1990-04-14,0.27,439.08,0.77,0.77,392.04,3.35604419347965,658.41,27.06629,750.88,3.17552224503765,2.27054970568104,0.715016154973943,0.219528466253919,0.207214753166224,16.85,1.1541095890411,212.45,3.09468317552804,0,-16.0641,4.11759799833194,1.37608385686463,0.451685660266874,1.30108445697626,0.601283991047423,33.3877563865537,51.0347891166449,14.7976986383577,0.969,3.95608738968062,3.43920674799665,0.832442903389189,0.505112958942417
1990-04-15,0.07,499.22,5.69,5.69,571.74,2.8705581887918172,658.41,27.06629,750.88,3.17552224503765,2.27054970568104,0.715016154973943,0.219528466253919,0.207214753166224,16.85,1.1541095890411,212.45,3.09468317552804,0,-16.0641,4.11759799833194,1.37608385686463,0.451685660266874,1.30108445697626,0.601283991047423,33.3877563865537,51.0347891166449,14.7976986383577,0.969,3.95608738968062,3.43920674799665,0.832442903389189,0.505112958942417
1990-04-16,0.36,432.11,6.01,6.01,555.13,2.3361977541018537,658.41,27.06629,750.88,3.17552224503765,2.27054970568104,0.715016154973943,0.219528466253919,0.207214753166224,16.85,1.1541095890411,212.45,3.09468317552804,0,-16.0641,4.11759799833194,1.37608385686463,0.451685660266874,1.30108445697626,0.601283991047423,33.3877563865537,51.0347891166449,14.7976986383577,0.969,3.95608738968062,3.43920674799665,0.832442903389189,0.505112958942417
1990-04-17,0.56,424.34,5.99,5.99,512.18,2.1407000340933307,658.41,27.06629,750.88,3.17552224503765,2.27054970568104,0.715016154973943,0.219528466253919,0.207214753166224,16.85,1.1541095890411,212.45,3.09468317552804,0,-16.0641,4.11759799833194,1.37608385686463,0.451685660266874,1.30108445697626,0.601283991047423,33.3877563865537,51.0347891166449,14.7976986383577,0.969,3.95608738968062,3.43920674799665,0.832442903389189,0.505112958942417
1990-04-18,0.12,530.55,1.11,1.11,385.14,1.8670032260813976,658.41,27.06629,750.88,3.17552224503765,2.27054970568104,0.715016154973943,0.219528466253919,0.207214753166224,16.85,1.1541095890411,212.45,3.09468317552804,0,-16.0641,4.11759799833194,1.37608385686463,0.451685660266874,1.30108445697626,0.601283991047423,33.3877563865537,51.0347891166449,14.7976986383577,0.969,3.95608738968062,3.43920674799665,0.832442903389189,0.505112958942417
1990-04-19,0.31,447.67,2.85,2.85,456.56,1.5867898274025143,658.41,27.06629,750.88,3.17552224503765,2.27054970568104,0.715016154973943,0.219528466253919,0.207214753166224,16.85,1.1541095890411,212.45,3.09468317552804,0,-16.0641,4.11759799833194,1.37608385686463,0.451685660266874,1.30108445697626,0.601283991047423,33.3877563865537,51.0347891166449,14.7976986383577,0.969,3.95608738968062,3.43920674799665,0.832442903389189,0.505112958942417
1990-04-20,4.65,400.91,8.99,8.99,747.57,1.4075835840613677,658.41,27.06629,750.88,3.17552224503765,2.27054970568104,0.715016154973943,0.219528466253919,0.207214753166224,16.85,1.1541095890411,212.45,3.09468317552804,0,-16.0641,4.11759799833194,1.37608385686463,0.451685660266874,1.30108445697626,0.601283991047423,33.3877563865537,51.0347891166449,14.7976986383577,0.969,3.95608738968062,3.43920674799665,0.832442903389189,0.505112958942417
1990-04-21,1.33,311.17,10.68,10.68,865.74,1.6486974387385465,658.41,27.06629,750.88,3.17552224503765,2.27054970568104,0.715016154973943,0.219528466253919,0.207214753166224,16.85,1.1541095890411,212.45,3.09468317552804,0,-16.0641,4.11759799833194,1.37608385686463,0.451685660266874,1.30108445697626,0.601283991047423,33.3877563865537,51.0347891166449,14.7976986383577,0.969,3.95608738968062,3.43920674799665,0.832442903389189,0.505112958942417
1990-04-22,0.03,566.06,7.65,7.65,600.1,1.4303916513956956,658.41,27.06629,750.88,3.17552224503765,2.27054970568104,0.715016154973943,0.219528466253919,0.207214753166224,16.85,1.1541095890411,212.45,3.09468317552804,0,-16.0641,4.11759799833194,1.37608385686463,0.451685660266874,1.30108445697626,0.601283991047423,33.3877563865537,51.0347891166449,14.7976986383577,0.969,3.95608738968062,3.43920674799665,0.832442903389189,0.505112958942417
1990-04-23,0.0,565.0,10.76,10.76,669.04,1.2218607500532708,658.41,27.06629,750.88,3.17552224503765,2.27054970568104,0.715016154973943,0.219528466253919,0.207214753166224,16.85,1.1541095890411,212.45,3.09468317552804,0,-16.0641,4.11759799833194,1.37608385686463,0.451685660266874,1.30108445697626,0.601283991047423,33.3877563865537,51.0347891166449,14.7976986383577,0.969,3.95608738968062,3.43920674799665,0.832442903389189,0.505112958942417
1990-04-24,0.63,422.71,12.65,12.65,798.42,1.0947872320477305,658.41,27.06629,750.88,3.17552224503765,2.27054970568104,0.715016154973943,0.219528466253919,0.207214753166224,16.85,1.1541095890411,212.45,3.09468317552804,0,-16.0641,4.11759799833194,1.37608385686463,0.451685660266874,1.30108445697626,0.601283991047423,33.3877563865537,51.0347891166449,14.7976986383577,0.969,3.95608738968062,3.43920674799665,0.832442903389189,0.505112958942417
1990-04-25,0.87,413.81,15.08,15.08,952.8,1.029621325378223,658.41,27.06629,750.88,3.17552224503765,2.27054970568104,0.715016154973943,0.219528466253919,0.207214753166224,16.85,1.1541095890411,212.45,3.09468317552804,0,-16.0641,4.11759799833194,1.37608385686463,0.451685660266874,1.30108445697626,0.601283991047423,33.3877563865537,51.0347891166449,14.7976986383577,0.969,3.95608738968062,3.43920674799665,0.832442903389189,0.505112958942417
1990-04-26,0.29,501.81,16.9,16.9,1040.96,0.9546805327082889,658.41,27.06629,750.88,3.17552224503765,2.27054970568104,0.715016154973943,0.219528466253919,0.207214753166224,16.85,1.1541095890411,212.45,3.09468317552804,0,-16.0641,4.11759799833194,1.37608385686463,0.451685660266874,1.30108445697626,0.601283991047423,33.3877563865537,51.0347891166449,14.7976986383577,0.969,3.95608738968062,3.43920674799665,0.832442903389189,0.505112958942417
1990-04-27,0.03,548.81,17.31,17.31,1031.96,0.8667065587044533,658.41,27.06629,750.88,3.17552224503765,2.27054970568104,0.715016154973943,0.219528466253919,0.207214753166224,16.85,1.1541095890411,212.45,3.09468317552804,0,-16.0641,4.11759799833194,1.37608385686463,0.451685660266874,1.30108445697626,0.601283991047423,33.3877563865537,51.0347891166449,14.7976986383577,0.969,3.95608738968062,3.43920674799665,0.832442903389189,0.505112958942417
1990-04-28,0.0,552.73,18.94,18.94,1109.2,0.7950240613679949,658.41,27.06629,750.88,3.17552224503765,2.27054970568104,0.715016154973943,0.219528466253919,0.207214753166224,16.85,1.1541095890411,212.45,3.09468317552804,0,-16.0641,4.11759799833194,1.37608385686463,0.451685660266874,1.30108445697626,0.601283991047423,33.3877563865537,51.0347891166449,14.7976986383577,0.969,3.95608738968062,3.43920674799665,0.832442903389189,0.505112958942417
1990-04-29,0.88,395.39,20.19,20.19,1236.24,0.7233415640315363,658.41,27.06629,750.88,3.17552224503765,2.27054970568104,0.715016154973943,0.219528466253919,0.207214753166224,16.85,1.1541095890411,212.45,3.09468317552804,0,-16.0641,4.11759799833194,1.37608385686463,0.451685660266874,1.30108445697626,0.601283991047423,33.3877563865537,51.0347891166449,14.7976986383577,0.969,3.95608738968062,3.43920674799665,0.832442903389189,0.505112958942417
1990-04-30,0.33,365.06,15.19,15.19,982.18,0.6940169060302578,658.41,27.06629,750.88,3.17552224503765,2.27054970568104,0.715016154973943,0.219528466253919,0.207214753166224,16.85,1.1541095890411,212.45,3.09468317552804,0,-16.0641,4.11759799833194,1.37608385686463,0.451685660266874,1.30108445697626,0.601283991047423,33.3877563865537,51.0347891166449,14.7976986383577,0.969,3.95608738968062,3.43920674799665,0.832442903389189,0.505112958942417
1990-05-01,0.03,519.73,11.18,11.18,714.0,0.6712088386959301,658.41,27.06629,750.88,3.17552224503765,2.27054970568104,0.715016154973943,0.219528466253919,0.207214753166224,16.85,1.1541095890411,212.45,3.09468317552804,0,-16.0641,4.11759799833194,1.37608385686463,0.451685660266874,1.30108445697626,0.601283991047423,33.3877563865537,51.0347891166449,14.7976986383577,0.969,3.95608738968062,3.43920674799665,0.832442903389189,0.505112958942417
1990-05-02,0.0,567.28,7.69,7.69,508.19,0.6027846366929469,658.41,27.06629,750.88,3.17552224503765,2.27054970568104,0.715016154973943,0.219528466253919,0.207214753166224,16.85,1.1541095890411,212.45,3.09468317552804,0,-16.0641,4.11759799833194,1.37608385686463,0.451685660266874,1.30108445697626,0.601283991047423,33.3877563865537,51.0347891166449,14.7976986383577,0.969,3.95608738968062,3.43920674799665,0.832442903389189,0.505112958942417
1990-05-03,4.45,436.87,6.42,6.42,507.47,0.5506519113573407,658.41,27.06629,750.88,3.17552224503765,2.27054970568104,0.715016154973943,0.219528466253919,0.207214753166224,16.85,1.1541095890411,212.45,3.09468317552804,0,-16.0641,4.11759799833194,1.37608385686463,0.451685660266874,1.30108445697626,0.601283991047423,33.3877563865537,51.0347891166449,14.7976986383577,0.969,3.95608738968062,3.43920674799665,0.832442903389189,0.505112958942417
1990-05-04,16.33,380.17,8.11,8.11,665.99,0.6223344086937993,658.41,27.06629,750.88,3.17552224503765,2.27054970568104,0.715016154973943,0.219528466253919,0.207214753166224,16.85,1.1541095890411,212.45,3.09468317552804,0,-16.0641,4.11759799833194,1.37608385686463,0.451685660266874,1.30108445697626,0.601283991047423,33.3877563865537,51.0347891166449,14.7976986383577,0.969,3.95608738968062,3.43920674799665,0.832442903389189,0.505112958942417
1990-05-05,4.46,259.41,9.12,9.12,764.13,2.156991510760707,658.41,27.06629,750.88,3.17552224503765,2.27054970568104,0.715016154973943,0.219528466253919,0.207214753166224,16.85,1.1541095890411,212.45,3.09468317552804,0,-16.0641,4.11759799833194,1.37608385686463,0.451685660266874,1.30108445697626,0.601283991047423,33.3877563865537,51.0347891166449,14.7976986383577,0.969,3.95608738968062,3.43920674799665,0.832442903389189,0.505112958942417
1990-05-06,0.17,448.75,5.98,5.98,550.07,1.2511854080545493,658.41,27.06629,750.88,3.17552224503765,2.27054970568104,0.715016154973943,0.219528466253919,0.207214753166224,16.85,1.1541095890411,212.45,3.09468317552804,0,-16.0641,4.11759799833194,1.37608385686463,0.451685660266874,1.30108445697626,0.601283991047423,33.3877563865537,51.0347891166449,14.7976986383577,0.969,3.95608738968062,3.43920674799665,0.832442903389189,0.505112958942417
1990-05-07,0.01,564.01,7.45,7.45,563.81,0.9905217813765181,658.41,27.06629,750.88,3.17552224503765,2.27054970568104,0.715016154973943,0.219528466253919,0.207214753166224,16.85,1.1541095890411,212.45,3.09468317552804,0,-16.0641,4.11759799833194,1.37608385686463,0.451685660266874,1.30108445697626,0.601283991047423,33.3877563865537,51.0347891166449,14.7976986383577,0.969,3.95608738968062,3.43920674799665,0.832442903389189,0.505112958942417
1990-05-08,0.0,559.48,12.63,12.63,774.45,0.8667065587044533,658.41,27.06629,750.88,3.17552224503765,2.27054970568104,0.715016154973943,0.219528466253919,0.207214753166224,16.85,1.1541095890411,212.45,3.09468317552804,0,-16.0641,4.11759799833194,1.37608385686463,0.451685660266874,1.30108445697626,0.601283991047423,33.3877563865537,51.0347891166449,14.7976986383577,0.969,3.95608738968062,3.43920674799665,0.832442903389189,0.505112958942417
1990-05-09,0.78,413.46,15.55,15.55,945.99,0.7819908800340932,658.41,27.06629,750.88,3.17552224503765,2.27054970568104,0.715016154973943,0.219528466253919,0.207214753166224,16.85,1.1541095890411,212.45,3.09468317552804,0,-16.0641,4.11759799833194,1.37608385686463,0.451685660266874,1.30108445697626,0.601283991047423,33.3877563865537,51.0347891166449,14.7976986383577,0.969,3.95608738968062,3.43920674799665,0.832442903389189,0.505112958942417
1990-05-10,4.57,400.75,14.46,14.46,849.64,0.7852491753675686,658.41,27.06629,750.88,3.17552224503765,2.27054970568104,0.715016154973943,0.219528466253919,0.207214753166224,16.85,1.1541095890411,212.45,3.09468317552804,0,-16.0641,4.11759799833194,1.37608385686463,0.451685660266874,1.30108445697626,0.601283991047423,33.3877563865537,51.0347891166449,14.7976986383577,0.969,3.95608738968062,3.43920674799665,0.832442903389189,0.505112958942417
1990-05-11,2.14,419.98,7.93,7.93,540.06,0.8178321287023226,658.41,27.06629,750.88,3.17552224503765,2.27054970568104,0.715016154973943,0.219528466253919,0.207214753166224,16.85,1.1541095890411,212.45,3.09468317552804,0,-16.0641,4.11759799833194,1.37608385686463,0.451685660266874,1.30108445697626,0.601283991047423,33.3877563865537,51.0347891166449,14.7976986383577,0.969,3.95608738968062,3.43920674799665,0.832442903389189,0.505112958942417
1990-05-12,5.38,412.23,3.4,3.4,442.39,0.7168249733645855,658.41,27.06629,750.88,3.17552224503765,2.27054970568104,0.715016154973943,0.219528466253919,0.207214753166224,16.85,1.1541095890411,212.45,3.09468317552804,0,-16.0641,4.11759799833194,1.37608385686463,0.451685660266874,1.30108445697626,0.601283991047423,33.3877563865537,51.0347891166449,14.7976986383577,0.969,3.95608738968062,3.43920674799665,0.832442903389189,0.505112958942417
1990-05-13,5.95,390.97,6.39,6.39,579.45,0.8732231493714042,658.41,27.06629,750.88,3.17552224503765,2.27054970568104,0.715016154973943,0.219528466253919,0.207214753166224,16.85,1.1541095890411,212.45,3.09468317552804,0,-16.0641,4.11759799833194,1.37608385686463,0.451685660266874,1.30108445697626,0.601283991047423,33.3877563865537,51.0347891166449,14.7976986383577,0.969,3.95608738968062,3.43920674799665,0.832442903389189,0.505112958942417
1990-05-14,2.53,423.83,8.73,8.73,657.68,1.1762446153846153,658.41,27.06629,750.88,3.17552224503765,2.27054970568104,0.715016154973943,0.219528466253919,0.207214753166224,16.85,1.1541095890411,212.45,3.09468317552804,0,-16.0641,4.11759799833194,1.37608385686463,0.451685660266874,1.30108445697626,0.601283991047423,33.3877563865537,51.0347891166449,14.7976986383577,0.969,3.95608738968062,3.43920674799665,0.832442903389189,0.505112958942417
1990-05-15,8.25,412.26,12.43,12.43,866.62,0.8471567867036011,658.41,27.06629,750.88,3.17552224503765,2.27054970568104,0.715016154973943,0.219528466253919,0.207214753166224,16.85,1.1541095890411,212.45,3.09468317552804,0,-16.0641,4.11759799833194,1.37608385686463,0.451685660266874,1.30108445697626,0.601283991047423,33.3877563865537,51.0347891166449,14.7976986383577,0.969,3.95608738968062,3.43920674799665,0.832442903389189,0.505112958942417
1990-05-16,13.59,331.18,15.95,15.95,1145.37,2.010368220754315,658.41,27.06629,750.88,3.17552224503765,2.27054970568104,0.715016154973943,0.219528466253919,0.207214753166224,16.85,1.1541095890411,212.45,3.09468317552804,0,-16.0641,4.11759799833194,1.37608385686463,0.451685660266874,1.30108445697626,0.601283991047423,33.3877563865537,51.0347891166449,14.7976986383577,0.969,3.95608738968062,3.43920674799665,0.832442903389189,0.505112958942417
1990-05-17,12.71,314.04,14.3,14.3,1044.7,3.3234612401448964,658.41,27.06629,750.88,3.17552224503765,2.27054970568104,0.715016154973943,0.219528466253919,0.207214753166224,16.85,1.1541095890411,212.45,3.09468317552804,0,-16.0641,4.11759799833194,1.37608385686463,0.451685660266874,1.30108445697626,0.601283991047423,33.3877563865537,51.0347891166449,14.7976986383577,0.969,3.95608738968062,3.43920674799665,0.832442903389189,0.505112958942417
1990-05-18,3.42,349.11,11.01,11.01,845.96,3.6492907734924356,658.41,27.06629,750.88,3.17552224503765,2.27054970568104,0.715016154973943,0.219528466253919,0.207214753166224,16.85,1.1541095890411,212.45,3.09468317552804,0,-16.0641,4.11759799833194,1.37608385686463,0.451685660266874,1.30108445697626,0.601283991047423,33.3877563865537,51.0347891166449,14.7976986383577,0.969,3.95608738968062,3.43920674799665,0.832442903389189,0.505112958942417
1990-05-19,7.09,329.18,9.68,9.68,806.03,2.7630344427871294,658.41,27.06629,750.88,3.17552224503765,2.27054970568104,0.715016154973943,0.219528466253919,0.207214753166224,16.85,1.1541095890411,212.45,3.09468317552804,0,-16.0641,4.11759799833194,1.37608385686463,0.451685660266874,1.30108445697626,0.601283991047423,33.3877563865537,51.0347891166449,14.7976986383577,0.969,3.95608738968062,3.43920674799665,0.832442903389189,0.505112958942417
1990-05-20,15.25,368.42,10.7,10.7,816.28,2.326422868101427,658.41,27.06629,750.88,3.17552224503765,2.27054970568104,0.715016154973943,0.219528466253919,0.207214753166224,16.85,1.1541095890411,212.45,3.09468317552804,0,-16.0641,4.11759799833194,1.37608385686463,0.451685660266874,1.30108445697626,0.601283991047423,33.3877563865537,51.0347891166449,14.7976986383577,0.969,3.95608738968062,3.43920674799665,0.832442903389189,0.505112958942417
1990-05-21,5.09,385.58,10.52,10.52,746.4,7.559245173662902,658.41,27.06629,750.88,3.17552224503765,2.27054970568104,0.715016154973943,0.219528466253919,0.207214753166224,16.85,1.1541095890411,212.45,3.09468317552804,0,-16.0641,4.11759799833194,1.37608385686463,0.451685660266874,1.30108445697626,0.601283991047423,33.3877563865537,51.0347891166449,14.7976986383577,0.969,3.95608738968062,3.43920674799665,0.832442903389189,0.505112958942417
1990-05-22,0.41,493.27,6.95,6.95,614.35,3.8773714468357126,658.41,27.06629,750.88,3.17552224503765,2.27054970568104,0.715016154973943,0.219528466253919,0.207214753166224,16.85,1.1541095890411,212.45,3.09468317552804,0,-16.0641,4.11759799833194,1.37608385686463,0.451685660266874,1.30108445697626,0.601283991047423,33.3877563865537,51.0347891166449,14.7976986383577,0.969,3.95608738968062,3.43920674799665,0.832442903389189,0.505112958942417
1990-05-23,0.0,513.84,8.55,8.55,668.4,2.8216837587896864,658.41,27.06629,750.88,3.17552224503765,2.27054970568104,0.715016154973943,0.219528466253919,0.207214753166224,16.85,1.1541095890411,212.45,3.09468317552804,0,-16.0641,4.11759799833194,1.37608385686463,0.451685660266874,1.30108445697626,0.601283991047423,33.3877563865537,51.0347891166449,14.7976986383577,0.969,3.95608738968062,3.43920674799665,0.832442903389189,0.505112958942417
1990-05-24,0.0,527.39,8.75,8.75,662.8,2.280806733432772,658.41,27.06629,750.88,3.17552224503765,2.27054970568104,0.715016154973943,0.219528466253919,0.207214753166224,16.85,1.1541095890411,212.45,3.09468317552804,0,-16.0641,4.11759799833194,1.37608385686463,0.451685660266874,1.30108445697626,0.601283991047423,33.3877563865537,51.0347891166449,14.7976986383577,0.969,3.95608738968062,3.43920674799665,0.832442903389189,0.505112958942417
1990-05-25,0.0,560.74,10.06,10.06,698.08,1.88655299808225,658.41,27.06629,750.88,3.17552224503765,2.27054970568104,0.715016154973943,0.219528466253919,0.207214753166224,16.85,1.1541095890411,212.45,3.09468317552804,0,-16.0641,4.11759799833194,1.37608385686463,0.451685660266874,1.30108445697626,0.601283991047423,33.3877563865537,51.0347891166449,14.7976986383577,0.969,3.95608738968062,3.43920674799665,0.832442903389189,0.505112958942417
1990-05-26,0.01,526.23,11.89,11.89,790.44,1.5965647134029404,658.41,27.06629,750.88,3.17552224503765,2.27054970568104,0.715016154973943,0.219528466253919,0.207214753166224,16.85,1.1541095890411,212.45,3.09468317552804,0,-16.0641,4.11759799833194,1.37608385686463,0.451685660266874,1.30108445697626,0.601283991047423,33.3877563865537,51.0347891166449,14.7976986383577,0.969,3.95608738968062,3.43920674799665,0.832442903389189,0.505112958942417
1990-05-27,0.0,533.08,11.93,11.93,780.78,1.4108418793948432,658.41,27.06629,750.88,3.17552224503765,2.27054970568104,0.715016154973943,0.219528466253919,0.207214753166224,16.85,1.1541095890411,212.45,3.09468317552804,0,-16.0641,4.11759799833194,1.37608385686463,0.451685660266874,1.30108445697626,0.601283991047423,33.3877563865537,51.0347891166449,14.7976986383577,0.969,3.95608738968062,3.43920674799665,0.832442903389189,0.505112958942417
1990-05-28,4.86,432.54,11.4,11.4,743.44,1.2120858640528445,658.41,27.06629,750.88,3.17552224503765,2.27054970568104,0.715016154973943,0.219528466253919,0.207214753166224,16.85,1.1541095890411,212.45,3.09468317552804,0,-16.0641,4.11759799833194,1.37608385686463,0.451685660266874,1.30108445697626,0.601283991047423,33.3877563865537,51.0347891166449,14.7976986383577,0.969,3.95608738968062,3.43920674799665,0.832442903389189,0.505112958942417
1990-05-29,11.27,414.45,12.36,12.36,761.85,1.391292107393991,658.41,27.06629,750.88,3.17552224503765,2.27054970568104,0.715016154973943,0.219528466253919,0.207214753166224,16.85,1.1541095890411,212.45,3.09468317552804,0,-16.0641,4.11759799833194,1.37608385686463,0.451685660266874,1.30108445697626,0.601283991047423,33.3877563865537,51.0347891166449,14.7976986383577,0.969,3.95608738968062,3.43920674799665,0.832442903389189,0.505112958942417
1990-05-30,3.04,525.94,7.54,7.54,580.33,2.170024692094609,658.41,27.06629,750.88,3.17552224503765,2.27054970568104,0.715016154973943,0.219528466253919,0.207214753166224,16.85,1.1541095890411,212.45,3.09468317552804,0,-16.0641,4.11759799833194,1.37608385686463,0.451685660266874,1.30108445697626,0.601283991047423,33.3877563865537,51.0347891166449,14.7976986383577,0.969,3.95608738968062,3.43920674799665,0.832442903389189,0.505112958942417
1990-05-31,0.11,586.36,8.02,8.02,559.7,1.2348939313871723,658.41,27.06629,750.88,3.17552224503765,2.27054970568104,0.715016154973943,0.219528466253919,0.207214753166224,16.85,1.1541095890411,212.45,3.09468317552804,0,-16.0641,4.11759799833194,1.37608385686463,0.451685660266874,1.30108445697626,0.601283991047423,33.3877563865537,51.0347891166449,14.7976986383577,0.969,3.95608738968062,3.43920674799665,0.832442903389189,0.505112958942417
1990-06-01,0.0,588.79,10.3,10.3,672.48,0.9872634860430427,658.41,27.06629,750.88,3.17552224503765,2.27054970568104,0.715016154973943,0.219528466253919,0.207214753166224,16.85,1.1541095890411,212.45,3.09468317552804,0,-16.0641,4.11759799833194,1.37608385686463,0.451685660266874,1.30108445697626,0.601283991047423,33.3877563865537,51.0347891166449,14.7976986383577,0.969,3.95608738968062,3.43920674799665,0.832442903389189,0.505112958942417
1990-06-02,0.55,433.07,15.35,15.35,1037.98,0.8536733773705517,658.41,27.06629,750.88,3.17552224503765,2.27054970568104,0.715016154973943,0.219528466253919,0.207214753166224,16.85,1.1541095890411,212.45,3.09468317552804,0,-16.0641,4.11759799833194,1.37608385686463,0.451685660266874,1.30108445697626,0.601283991047423,33.3877563865537,51.0347891166449,14.7976986383577,0.969,3.95608738968062,3.43920674799665,0.832442903389189,0.505112958942417
1990-06-03,3.5,350.88,19.47,19.47,1332.02,0.8113155380353717,658.41,27.06629,750.88,3.17552224503765,2.27054970568104,0.715016154973943,0.219528466253919,0.207214753166224,16.85,1.1541095890411,212.45,3.09468317552804,0,-16.0641,4.11759799833194,1.37608385686463,0.451685660266874,1.30108445697626,0.601283991047423,33.3877563865537,51.0347891166449,14.7976986383577,0.969,3.95608738968062,3.43920674799665,0.832442903389189,0.505112958942417
1990-06-04,1.02,432.1,14.47,14.47,853.45,0.7656994033667164,658.41,27.06629,750.88,3.17552224503765,2.27054970568104,0.715016154973943,0.219528466253919,0.207214753166224,16.85,1.1541095890411,212.45,3.09468317552804,0,-16.0641,4.11759799833194,1.37608385686463,0.451685660266874,1.30108445697626,0.601283991047423,33.3877563865537,51.0347891166449,14.7976986383577,0.969,3.95608738968062,3.43920674799665,0.832442903389189,0.505112958942417
1990-06-05,0.04,558.01,7.98,7.98,598.88,0.6940169060302578,658.41,27.06629,750.88,3.17552224503765,2.27054970568104,0.715016154973943,0.219528466253919,0.207214753166224,16.85,1.1541095890411,212.45,3.09468317552804,0,-16.0641,4.11759799833194,1.37608385686463,0.451685660266874,1.30108445697626,0.601283991047423,33.3877563865537,51.0347891166449,14.7976986383577,0.969,3.95608738968062,3.43920674799665,0.832442903389189,0.505112958942417
1990-06-06,0.01,535.87,10.56,10.56,784.47,0.5995263413594715,658.41,27.06629,750.88,3.17552224503765,2.27054970568104,0.715016154973943,0.219528466253919,0.207214753166224,16.85,1.1541095890411,212.45,3.09468317552804,0,-16.0641,4.11759799833194,1.37608385686463,0.451685660266874,1.30108445697626,0.601283991047423,33.3877563865537,51.0347891166449,14.7976986383577,0.969,3.95608738968062,3.43920674799665,0.832442903389189,0.505112958942417
1990-06-07,0.51,344.8,15.95,15.95,1138.81,0.5408770253569145,658.41,27.06629,750.88,3.17552224503765,2.27054970568104,0.715016154973943,0.219528466253919,0.207214753166224,16.85,1.1541095890411,212.45,3.09468317552804,0,-16.0641,4.11759799833194,1.37608385686463,0.451685660266874,1.30108445697626,0.601283991047423,33.3877563865537,51.0347891166449,14.7976986383577,0.969,3.95608738968062,3.43920674799665,0.832442903389189,0.505112958942417
1990-06-08,1.79,417.5,14.78,14.78,1027.74,0.48222770935435755,658.41,27.06629,750.88,3.17552224503765,2.27054970568104,0.715016154973943,0.219528466253919,0.207214753166224,16.85,1.1541095890411,212.45,3.09468317552804,0,-16.0641,4.11759799833194,1.37608385686463,0.451685660266874,1.30108445697626,0.601283991047423,33.3877563865537,51.0347891166449,14.7976986383577,0.969,3.95608738968062,3.43920674799665,0.832442903389189,0.505112958942417
1990-06-09,1.5,363.54,16.51,16.51,1145.67,0.4920025953547837,658.41,27.06629,750.88,3.17552224503765,2.27054970568104,0.715016154973943,0.219528466253919,0.207214753166224,16.85,1.1541095890411,212.45,3.09468317552804,0,-16.0641,4.11759799833194,1.37608385686463,0.451685660266874,1.30108445697626,0.601283991047423,33.3877563865537,51.0347891166449,14.7976986383577,0.969,3.95608738968062,3.43920674799665,0.832442903389189,0.505112958942417
1990-06-10,1.37,408.18,14.89,14.89,1035.11,0.46919452802045597,658.41,27.06629,750.88,3.17552224503765,2.27054970568104,0.715016154973943,0.219528466253919,0.207214753166224,16.85,1.1541095890411,212.45,3.09468317552804,0,-16.0641,4.11759799833194,1.37608385686463,0.451685660266874,1.30108445697626,0.601283991047423,33.3877563865537,51.0347891166449,14.7976986383577,0.969,3.95608738968062,3.43920674799665,0.832442903389189,0.505112958942417
1990-06-11,0.29,425.85,15.28,15.28,1078.39,0.4463864606861282,658.41,27.06629,750.88,3.17552224503765,2.27054970568104,0.715016154973943,0.219528466253919,0.207214753166224,16.85,1.1541095890411,212.45,3.09468317552804,0,-16.0641,4.11759799833194,1.37608385686463,0.451685660266874,1.30108445697626,0.601283991047423,33.3877563865537,51.0347891166449,14.7976986383577,0.969,3.95608738968062,3.43920674799665,0.832442903389189,0.505112958942417
1990-06-12,0.0,559.51,13.94,13.94,927.15,0.39425373535052205,658.41,27.06629,750.88,3.17552224503765,2.27054970568104,0.715016154973943,0.219528466253919,0.207214753166224,16.85,1.1541095890411,212.45,3.09468317552804,0,-16.0641,4.11759799833194,1.37608385686463,0.451685660266874,1.30108445697626,0.601283991047423,33.3877563865537,51.0347891166449,14.7976986383577,0.969,3.95608738968062,3.43920674799665,0.832442903389189,0.505112958942417
1990-06-13,0.06,494.4,16.47,16.47,1093.8,0.35515419134881737,658.41,27.06629,750.88,3.17552224503765,2.27054970568104,0.715016154973943,0.219528466253919,0.207214753166224,16.85,1.1541095890411,212.45,3.09468317552804,0,-16.0641,4.11759799833194,1.37608385686463,0.451685660266874,1.30108445697626,0.601283991047423,33.3877563865537,51.0347891166449,14.7976986383577,0.969,3.95608738968062,3.43920674799665,0.832442903389189,0.505112958942417
1990-06-14,0.53,403.32,19.93,19.93,1395.68,0.3193129426805881,658.41,27.06629,750.88,3.17552224503765,2.27054970568104,0.715016154973943,0.219528466253919,0.207214753166224,16.85,1.1541095890411,212.45,3.09468317552804,0,-16.0641,4.11759799833194,1.37608385686463,0.451685660266874,1.30108445697626,0.601283991047423,33.3877563865537,51.0347891166449,14.7976986383577,0.969,3.95608738968062,3.43920674799665,0.832442903389189,0.505112958942417
1990-06-15,0.17,485.12,21.88,21.88,1510.45,0.4138035073513744,658.41,27.06629,750.88,3.17552224503765,2.27054970568104,0.715016154973943,0.219528466253919,0.207214753166224,16.85,1.1541095890411,212.45,3.09468317552804,0,-16.0641,4.11759799833194,1.37608385686463,0.451685660266874,1.30108445697626,0.601283991047423,33.3877563865537,51.0347891166449,14.7976986383577,0.969,3.95608738968062,3.43920674799665,0.832442903389189,0.505112958942417
1990-06-16,0.14,514.14,21.28,21.28,1460.38,0.3258295333475389,658.41,27.06629,750.88,3.17552224503765,2.27054970568104,0.715016154973943,0.219528466253919,0.207214753166224,16.85,1.1541095890411,212.45,3.09468317552804,0,-16.0641,4.11759799833194,1.37608385686463,0.451685660266874,1.30108445697626,0.601283991047423,33.3877563865537,51.0347891166449,14.7976986383577,0.969,3.95608738968062,3.43920674799665,0.832442903389189,0.505112958942417
1990-06-17,4.83,378.18,22.29,22.29,1621.89,0.2899882846793096,658.41,27.06629,750.88,3.17552224503765,2.27054970568104,0.715016154973943,0.219528466253919,0.207214753166224,16.85,1.1541095890411,212.45,3.09468317552804,0,-16.0641,4.11759799833194,1.37608385686463,0.451685660266874,1.30108445697626,0.601283991047423,33.3877563865537,51.0347891166449,14.7976986383577,0.969,3.95608738968062,3.43920674799665,0.832442903389189,0.505112958942417
1990-06-18,14.94,366.53,21.51,21.51,1522.42,0.7787325847006179,658.41,27.06629,750.88,3.17552224503765,2.27054970568104,0.715016154973943,0.219528466253919,0.207214753166224,16.85,1.1541095890411,212.45,3.09468317552804,0,-16.0641,4.11759799833194,1.37608385686463,0.451685660266874,1.30108445697626,0.601283991047423,33.3877563865537,51.0347891166449,14.7976986383577,0.969,3.95608738968062,3.43920674799665,0.832442903389189,0.505112958942417
1990-06-19,3.6,514.42,18.71,18.71,1212.38,0.6907586106967823,658.41,27.06629,750.88,3.17552224503765,2.27054970568104,0.715016154973943,0.219528466253919,0.207214753166224,16.85,1.1541095890411,212.45,3.09468317552804,0,-16.0641,4.11759799833194,1.37608385686463,0.451685660266874,1.30108445697626,0.601283991047423,33.3877563865537,51.0347891166449,14.7976986383577,0.969,3.95608738968062,3.43920674799665,0.832442903389189,0.505112958942417
1990-06-20,0.0,492.75,14.95,14.95,1063.41,0.39751203068399743,658.41,27.06629,750.88,3.17552224503765,2.27054970568104,0.715016154973943,0.219528466253919,0.207214753166224,16.85,1.1541095890411,212.45,3.09468317552804,0,-16.0641,4.11759799833194,1.37608385686463,0.451685660266874,1.30108445697626,0.601283991047423,33.3877563865537,51.0347891166449,14.7976986383577,0.969,3.95608738968062,3.43920674799665,0.832442903389189,0.505112958942417
1990-06-21,0.3,390.71,16.92,16.92,1210.9,0.32908782868101427,658.41,27.06629,750.88,3.17552224503765,2.27054970568104,0.715016154973943,0.219528466253919,0.207214753166224,16.85,1.1541095890411,212.45,3.09468317552804,0,-16.0641,4.11759799833194,1.37608385686463,0.451685660266874,1.30108445697626,0.601283991047423,33.3877563865537,51.0347891166449,14.7976986383577,0.969,3.95608738968062,3.43920674799665,0.832442903389189,0.505112958942417
1990-06-22,4.33,391.89,18.17,18.17,1270.09,0.30953805668016193,658.41,27.06629,750.88,3.17552224503765,2.27054970568104,0.715016154973943,0.219528466253919,0.207214753166224,16.85,1.1541095890411,212.45,3.09468317552804,0,-16.0641,4.11759799833194,1.37608385686463,0.451685660266874,1.30108445697626,0.601283991047423,33.3877563865537,51.0347891166449,14.7976986383577,0.969,3.95608738968062,3.43920674799665,0.832442903389189,0.505112958942417
1990-06-23,2.36,353.91,17.7,17.7,1290.24,0.3160546473471127,658.41,27.06629,750.88,3.17552224503765,2.27054970568104,0.715016154973943,0.219528466253919,0.207214753166224,16.85,1.1541095890411,212.45,3.09468317552804,0,-16.0641,4.11759799833194,1.37608385686463,0.451685660266874,1.30108445697626,0.601283991047423,33.3877563865537,51.0347891166449,14.7976986383577,0.969,3.95608738968062,3.43920674799665,0.832442903389189,0.505112958942417
1990-06-24,1.14,322.22,16.22,16.22,1199.14,0.33560441934796503,658.41,27.06629,750.88,3.17552224503765,2.27054970568104,0.715016154973943,0.219528466253919,0.207214753166224,16.85,1.1541095890411,212.45,3.09468317552804,0,-16.0641,4.11759799833194,1.37608385686463,0.451685660266874,1.30108445697626,0.601283991047423,33.3877563865537,51.0347891166449,14.7976986383577,0.969,3.95608738968062,3.43920674799665,0.832442903389189,0.505112958942417
1990-06-25,0.22,459.35,13.85,13.85,994.04,0.3030214660132111,658.41,27.06629,750.88,3.17552224503765,2.27054970568104,0.715016154973943,0.219528466253919,0.207214753166224,16.85,1.1541095890411,212.45,3.09468317552804,0,-16.0641,4.11759799833194,1.37608385686463,0.451685660266874,1.30108445697626,0.601283991047423,33.3877563865537,51.0347891166449,14.7976986383577,0.969,3.95608738968062,3.43920674799665,0.832442903389189,0.505112958942417
1990-06-26,0.02,561.99,14.89,14.89,952.18,0.27043851267845725,658.41,27.06629,750.88,3.17552224503765,2.27054970568104,0.715016154973943,0.219528466253919,0.207214753166224,16.85,1.1541095890411,212.45,3.09468317552804,0,-16.0641,4.11759799833194,1.37608385686463,0.451685660266874,1.30108445697626,0.601283991047423,33.3877563865537,51.0347891166449,14.7976986383577,0.969,3.95608738968062,3.43920674799665,0.832442903389189,0.505112958942417
1990-06-27,0.07,519.14,17.45,17.45,1139.86,0.23459726401022798,658.41,27.06629,750.88,3.17552224503765,2.27054970568104,0.715016154973943,0.219528466253919,0.207214753166224,16.85,1.1541095890411,212.45,3.09468317552804,0,-16.0641,4.11759799833194,1.37608385686463,0.451685660266874,1.30108445697626,0.601283991047423,33.3877563865537,51.0347891166449,14.7976986383577,0.969,3.95608738968062,3.43920674799665,0.832442903389189,0.505112958942417
1990-06-28,6.84,372.64,18.62,18.62,1375.1,0.21504749200937565,658.41,27.06629,750.88,3.17552224503765,2.27054970568104,0.715016154973943,0.219528466253919,0.207214753166224,16.85,1.1541095890411,212.45,3.09468317552804,0,-16.0641,4.11759799833194,1.37608385686463,0.451685660266874,1.30108445697626,0.601283991047423,33.3877563865537,51.0347891166449,14.7976986383577,0.969,3.95608738968062,3.43920674799665,0.832442903389189,0.505112958942417
1990-06-29,11.19,350.24,20.18,20.18,1545.09,0.2867299893458342,658.41,27.06629,750.88,3.17552224503765,2.27054970568104,0.715016154973943,0.219528466253919,0.207214753166224,16.85,1.1541095890411,212.45,3.09468317552804,0,-16.0641,4.11759799833194,1.37608385686463,0.451685660266874,1.30108445697626,0.601283991047423,33.3877563865537,51.0347891166449,14.7976986383577,0.969,3.95608738968062,3.43920674799665,0.832442903389189,0.505112958942417
1990-06-30,4.71,352.7,19.94,19.94,1493.42,0.48222770935435755,658.41,27.06629,750.88,3.17552224503765,2.27054970568104,0.715016154973943,0.219528466253919,0.207214753166224,16.85,1.1541095890411,212.45,3.09468317552804,0,-16.0641,4.11759799833194,1.37608385686463,0.451685660266874,1.30108445697626,0.601283991047423,33.3877563865537,51.0347891166449,14.7976986383577,0.969,3.95608738968062,3.43920674799665,0.832442903389189,0.505112958942417
1990-07-01,5.1,360.18,17.84,17.84,1278.55,0.32257123801406345,658.41,27.06629,750.88,3.17552224503765,2.27054970568104,0.715016154973943,0.219528466253919,0.207214753166224,16.85,1.1541095890411,212.45,3.09468317552804,0,-16.0641,4.11759799833194,1.37608385686463,0.451685660266874,1.30108445697626,0.601283991047423,33.3877563865537,51.0347891166449,14.7976986383577,0.969,3.95608738968062,3.43920674799665,0.832442903389189,0.505112958942417
1990-07-02,1.22,531.93,15.87,15.87,1041.64,0.4007703260174728,658.41,27.06629,750.88,3.17552224503765,2.27054970568104,0.715016154973943,0.219528466253919,0.207214753166224,16.85,1.1541095890411,212.45,3.09468317552804,0,-16.0641,4.11759799833194,1.37608385686463,0.451685660266874,1.30108445697626,0.601283991047423,33.3877563865537,51.0347891166449,14.7976986383577,0.969,3.95608738968062,3.43920674799665,0.832442903389189,0.505112958942417
1990-07-03,0.01,556.72,16.48,16.48,1086.27,0.276955103345408,658.41,27.06629,750.88,3.17552224503765,2.27054970568104,0.715016154973943,0.219528466253919,0.207214753166224,16.85,1.1541095890411,212.45,3.09468317552804,0,-16.0641,4.11759799833194,1.37608385686463,0.451685660266874,1.30108445697626,0.601283991047423,33.3877563865537,51.0347891166449,14.7976986383577,0.969,3.95608738968062,3.43920674799665,0.832442903389189,0.505112958942417
1990-07-04,0.04,494.27,20.53,20.53,1400.76,0.23459726401022798,658.41,27.06629,750.88,3.17552224503765,2.27054970568104,0.715016154973943,0.219528466253919,0.207214753166224,16.85,1.1541095890411,212.45,3.09468317552804,0,-16.0641,4.11759799833194,1.37608385686463,0.451685660266874,1.30108445697626,0.601283991047423,33.3877563865537,51.0347891166449,14.7976986383577,0.969,3.95608738968062,3.43920674799665,0.832442903389189,0.505112958942417
1990-07-05,0.03,483.83,23.49,23.49,1574.72,0.20853090134242488,658.41,27.06629,750.88,3.17552224503765,2.27054970568104,0.715016154973943,0.219528466253919,0.207214753166224,16.85,1.1541095890411,212.45,3.09468317552804,0,-16.0641,4.11759799833194,1.37608385686463,0.451685660266874,1.30108445697626,0.601283991047423,33.3877563865537,51.0347891166449,14.7976986383577,0.969,3.95608738968062,3.43920674799665,0.832442903389189,0.505112958942417
1990-07-06,0.05,542.69,17.6,17.6,1058.85,0.18246453867462176,658.41,27.06629,750.88,3.17552224503765,2.27054970568104,0.715016154973943,0.219528466253919,0.207214753166224,16.85,1.1541095890411,212.45,3.09468317552804,0,-16.0641,4.11759799833194,1.37608385686463,0.451685660266874,1.30108445697626,0.601283991047423,33.3877563865537,51.0347891166449,14.7976986383577,0.969,3.95608738968062,3.43920674799665,0.832442903389189,0.505112958942417
1990-07-07,0.01,559.91,13.77,13.77,895.15,0.1726896526741956,658.41,27.06629,750.88,3.17552224503765,2.27054970568104,0.715016154973943,0.219528466253919,0.207214753166224,16.85,1.1541095890411,212.45,3.09468317552804,0,-16.0641,4.11759799833194,1.37608385686463,0.451685660266874,1.30108445697626,0.601283991047423,33.3877563865537,51.0347891166449,14.7976986383577,0.969,3.95608738968062,3.43920674799665,0.832442903389189,0.505112958942417
1990-07-08,15.77,414.79,16.57,16.57,1133.45,0.1694313573407202,658.41,27.06629,750.88,3.17552224503765,2.27054970568104,0.715016154973943,0.219528466253919,0.207214753166224,16.85,1.1541095890411,212.45,3.09468317552804,0,-16.0641,4.11759799833194,1.37608385686463,0.451685660266874,1.30108445697626,0.601283991047423,33.3877563865537,51.0347891166449,14.7976986383577,0.969,3.95608738968062,3.43920674799665,0.832442903389189,0.505112958942417
1990-07-09,4.7,397.75,19.49,19.49,1337.91,0.3714456680161943,658.41,27.06629,750.88,3.17552224503765,2.27054970568104,0.715016154973943,0.219528466253919,0.207214753166224,16.85,1.1541095890411,212.45,3.09468317552804,0,-16.0641,4.11759799833194,1.37608385686463,0.451685660266874,1.30108445697626,0.601283991047423,33.3877563865537,51.0347891166449,14.7976986383577,0.969,3.95608738968062,3.43920674799665,0.832442903389189,0.505112958942417
1990-07-10,2.17,397.21,18.63,18.63,1263.88,0.33234612401448965,658.41,27.06629,750.88,3.17552224503765,2.27054970568104,0.715016154973943,0.219528466253919,0.207214753166224,16.85,1.1541095890411,212.45,3.09468317552804,0,-16.0641,4.11759799833194,1.37608385686463,0.451685660266874,1.30108445697626,0.601283991047423,33.3877563865537,51.0347891166449,14.7976986383577,0.969,3.95608738968062,3.43920674799665,0.832442903389189,0.505112958942417
1990-07-11,22.03,382.91,17.35,17.35,1203.85,0.22482237800980182,658.41,27.06629,750.88,3.17552224503765,2.27054970568104,0.715016154973943,0.219528466253919,0.207214753166224,16.85,1.1541095890411,212.45,3.09468317552804,0,-16.0641,4.11759799833194,1.37608385686463,0.451685660266874,1.30108445697626,0.601283991047423,33.3877563865537,51.0347891166449,14.7976986383577,0.969,3.95608738968062,3.43920674799665,0.832442903389189,0.505112958942417
1990-07-12,16.2,301.91,15.11,15.11,1203.39,2.26125696143192,658.41,27.06629,750.88,3.17552224503765,2.27054970568104,0.715016154973943,0.219528466253919,0.207214753166224,16.85,1.1541095890411,212.45,3.09468317552804,0,-16.0641,4.11759799833194,1.37608385686463,0.451685660266874,1.30108445697626,0.601283991047423,33.3877563865537,51.0347891166449,14.7976986383577,0.969,3.95608738968062,3.43920674799665,0.832442903389189,0.505112958942417
1990-07-13,3.63,272.99,15.12,15.12,1306.28,2.0234014020882163,658.41,27.06629,750.88,3.17552224503765,2.27054970568104,0.715016154973943,0.219528466253919,0.207214753166224,16.85,1.1541095890411,212.45,3.09468317552804,0,-16.0641,4.11759799833194,1.37608385686463,0.451685660266874,1.30108445697626,0.601283991047423,33.3877563865537,51.0347891166449,14.7976986383577,0.969,3.95608738968062,3.43920674799665,0.832442903389189,0.505112958942417
1990-07-14,1.49,320.15,17.83,17.83,1433.67,1.140403366716386,658.41,27.06629,750.88,3.17552224503765,2.27054970568104,0.715016154973943,0.219528466253919,0.207214753166224,16.85,1.1541095890411,212.45,3.09468317552804,0,-16.0641,4.11759799833194,1.37608385686463,0.451685660266874,1.30108445697626,0.601283991047423,33.3877563865537,51.0347891166449,14.7976986383577,0.969,3.95608738968062,3.43920674799665,0.832442903389189,0.505112958942417
1990-07-15,9.68,352.94,17.62,17.62,1346.91,0.9351307607074366,658.41,27.06629,750.88,3.17552224503765,2.27054970568104,0.715016154973943,0.219528466253919,0.207214753166224,16.85,1.1541095890411,212.45,3.09468317552804,0,-16.0641,4.11759799833194,1.37608385686463,0.451685660266874,1.30108445697626,0.601283991047423,33.3877563865537,51.0347891166449,14.7976986383577,0.969,3.95608738968062,3.43920674799665,0.832442903389189,0.505112958942417
1990-07-16,2.46,496.19,18.04,18.04,1320.47,1.417358470061794,658.41,27.06629,750.88,3.17552224503765,2.27054970568104,0.715016154973943,0.219528466253919,0.207214753166224,16.85,1.1541095890411,212.45,3.09468317552804,0,-16.0641,4.11759799833194,1.37608385686463,0.451685660266874,1.30108445697626,0.601283991047423,33.3877563865537,51.0347891166449,14.7976986383577,0.969,3.95608738968062,3.43920674799665,0.832442903389189,0.505112958942417
1990-07-17,0.08,507.45,19.64,19.64,1393.1,0.8797397400383549,658.41,27.06629,750.88,3.17552224503765,2.27054970568104,0.715016154973943,0.219528466253919,0.207214753166224,16.85,1.1541095890411,212.45,3.09468317552804,0,-16.0641,4.11759799833194,1.37608385686463,0.451685660266874,1.30108445697626,0.601283991047423,33.3877563865537,51.0347891166449,14.7976986383577,0.969,3.95608738968062,3.43920674799665,0.832442903389189,0.505112958942417
1990-07-18,0.02,523.19,20.83,20.83,1469.23,0.7135666780311101,658.41,27.06629,750.88,3.17552224503765,2.27054970568104,0.715016154973943,0.219528466253919,0.207214753166224,16.85,1.1541095890411,212.45,3.09468317552804,0,-16.0641,4.11759799833194,1.37608385686463,0.451685660266874,1.30108445697626,0.601283991047423,33.3877563865537,51.0347891166449,14.7976986383577,0.969,3.95608738968062,3.43920674799665,0.832442903389189,0.505112958942417
1990-07-19,1.07,394.5,21.29,21.29,1544.1,0.6125595226933731,658.41,27.06629,750.88,3.17552224503765,2.27054970568104,0.715016154973943,0.219528466253919,0.207214753166224,16.85,1.1541095890411,212.45,3.09468317552804,0,-16.0641,4.11759799833194,1.37608385686463,0.451685660266874,1.30108445697626,0.601283991047423,33.3877563865537,51.0347891166449,14.7976986383577,0.969,3.95608738968062,3.43920674799665,0.832442903389189,0.505112958942417
1990-07-20,3.43,386.1,21.17,21.17,1546.71,0.5506519113573407,658.41,27.06629,750.88,3.17552224503765,2.27054970568104,0.715016154973943,0.219528466253919,0.207214753166224,16.85,1.1541095890411,212.45,3.09468317552804,0,-16.0641,4.11759799833194,1.37608385686463,0.451685660266874,1.30108445697626,0.601283991047423,33.3877563865537,51.0347891166449,14.7976986383577,0.969,3.95608738968062,3.43920674799665,0.832442903389189,0.505112958942417
1990-07-21,1.18,373.99,20.58,20.58,1507.36,0.553910206690816,658.41,27.06629,750.88,3.17552224503765,2.27054970568104,0.715016154973943,0.219528466253919,0.207214753166224,16.85,1.1541095890411,212.45,3.09468317552804,0,-16.0641,4.11759799833194,1.37608385686463,0.451685660266874,1.30108445697626,0.601283991047423,33.3877563865537,51.0347891166449,14.7976986383577,0.969,3.95608738968062,3.43920674799665,0.832442903389189,0.505112958942417
1990-07-22,8.92,386.84,18.4,18.4,1317.78,0.4594196420200298,658.41,27.06629,750.88,3.17552224503765,2.27054970568104,0.715016154973943,0.219528466253919,0.207214753166224,16.85,1.1541095890411,212.45,3.09468317552804,0,-16.0641,4.11759799833194,1.37608385686463,0.451685660266874,1.30108445697626,0.601283991047423,33.3877563865537,51.0347891166449,14.7976986383577,0.969,3.95608738968062,3.43920674799665,0.832442903389189,0.505112958942417
1990-07-23,3.74,364.04,17.09,17.09,1256.71,0.6255927040272746,658.41,27.06629,750.88,3.17552224503765,2.27054970568104,0.715016154973943,0.219528466253919,0.207214753166224,16.85,1.1541095890411,212.45,3.09468317552804,0,-16.0641,4.11759799833194,1.37608385686463,0.451685660266874,1.30108445697626,0.601283991047423,33.3877563865537,51.0347891166449,14.7976986383577,0.969,3.95608738968062,3.43920674799665,0.832442903389189,0.505112958942417
1990-07-24,0.73,387.85,16.42,16.42,1173.98,0.5376187300234391,658.41,27.06629,750.88,3.17552224503765,2.27054970568104,0.715016154973943,0.219528466253919,0.207214753166224,16.85,1.1541095890411,212.45,3.09468317552804,0,-16.0641,4.11759799833194,1.37608385686463,0.451685660266874,1.30108445697626,0.601283991047423,33.3877563865537,51.0347891166449,14.7976986383577,0.969,3.95608738968062,3.43920674799665,0.832442903389189,0.505112958942417
1990-07-25,0.09,550.25,16.83,16.83,1073.15,0.4040286213509482,658.41,27.06629,750.88,3.17552224503765,2.27054970568104,0.715016154973943,0.219528466253919,0.207214753166224,16.85,1.1541095890411,212.45,3.09468317552804,0,-16.0641,4.11759799833194,1.37608385686463,0.451685660266874,1.30108445697626,0.601283991047423,33.3877563865537,51.0347891166449,14.7976986383577,0.969,3.95608738968062,3.43920674799665,0.832442903389189,0.505112958942417
1990-07-26,0.0,558.4,16.84,16.84,1048.83,0.3486376006818666,658.41,27.06629,750.88,3.17552224503765,2.27054970568104,0.715016154973943,0.219528466253919,0.207214753166224,16.85,1.1541095890411,212.45,3.09468317552804,0,-16.0641,4.11759799833194,1.37608385686463,0.451685660266874,1.30108445697626,0.601283991047423,33.3877563865537,51.0347891166449,14.7976986383577,0.969,3.95608738968062,3.43920674799665,0.832442903389189,0.505112958942417
1990-07-27,0.0,547.95,18.35,18.35,1166.62,0.29976317067973574,658.41,27.06629,750.88,3.17552224503765,2.27054970568104,0.715016154973943,0.219528466253919,0.207214753166224,16.85,1.1541095890411,212.45,3.09468317552804,0,-16.0641,4.11759799833194,1.37608385686463,0.451685660266874,1.30108445697626,0.601283991047423,33.3877563865537,51.0347891166449,14.7976986383577,0.969,3.95608738968062,3.43920674799665,0.832442903389189,0.505112958942417
1990-07-28,0.0,540.88,19.93,19.93,1304.44,0.27369680801193264,658.41,27.06629,750.88,3.17552224503765,2.27054970568104,0.715016154973943,0.219528466253919,0.207214753166224,16.85,1.1541095890411,212.45,3.09468317552804,0,-16.0641,4.11759799833194,1.37608385686463,0.451685660266874,1.30108445697626,0.601283991047423,33.3877563865537,51.0347891166449,14.7976986383577,0.969,3.95608738968062,3.43920674799665,0.832442903389189,0.505112958942417
1990-07-29,0.0,524.19,20.75,20.75,1412.66,0.2508887406776049,658.41,27.06629,750.88,3.17552224503765,2.27054970568104,0.715016154973943,0.219528466253919,0.207214753166224,16.85,1.1541095890411,212.45,3.09468317552804,0,-16.0641,4.11759799833194,1.37608385686463,0.451685660266874,1.30108445697626,0.601283991047423,33.3877563865537,51.0347891166449,14.7976986383577,0.969,3.95608738968062,3.43920674799665,0.832442903389189,0.505112958942417
1990-07-30,3.01,395.36,20.79,20.79,1426.13,0.2313389686767526,658.41,27.06629,750.88,3.17552224503765,2.27054970568104,0.715016154973943,0.219528466253919,0.207214753166224,16.85,1.1541095890411,212.45,3.09468317552804,0,-16.0641,4.11759799833194,1.37608385686463,0.451685660266874,1.30108445697626,0.601283991047423,33.3877563865537,51.0347891166449,14.7976986383577,0.969,3.95608738968062,3.43920674799665,0.832442903389189,0.505112958942417
1990-07-31,1.39,401.17,19.62,19.62,1240.44,0.25414703601108035,658.41,27.06629,750.88,3.17552224503765,2.27054970568104,0.715016154973943,0.219528466253919,0.207214753166224,16.85,1.1541095890411,212.45,3.09468317552804,0,-16.0641,4.11759799833194,1.37608385686463,0.451685660266874,1.30108445697626,0.601283991047423,33.3877563865537,51.0347891166449,14.7976986383577,0.969,3.95608738968062,3.43920674799665,0.832442903389189,0.505112958942417
1990-08-01,0.16,533.64,14.18,14.18,922.76,0.26392192201150644,658.41,27.06629,750.88,3.17552224503765,2.27054970568104,0.715016154973943,0.219528466253919,0.207214753166224,16.85,1.1541095890411,212.45,3.09468317552804,0,-16.0641,4.11759799833194,1.37608385686463,0.451685660266874,1.30108445697626,0.601283991047423,33.3877563865537,51.0347891166449,14.7976986383577,0.969,3.95608738968062,3.43920674799665,0.832442903389189,0.505112958942417
1990-08-02,0.0,553.8,14.96,14.96,959.06,0.21830578734285105,658.41,27.06629,750.88,3.17552224503765,2.27054970568104,0.715016154973943,0.219528466253919,0.207214753166224,16.85,1.1541095890411,212.45,3.09468317552804,0,-16.0641,4.11759799833194,1.37608385686463,0.451685660266874,1.30108445697626,0.601283991047423,33.3877563865537,51.0347891166449,14.7976986383577,0.969,3.95608738968062,3.43920674799665,0.832442903389189,0.505112958942417
1990-08-03,0.0,549.21,17.46,17.46,1098.63,0.19875601534199872,658.41,27.06629,750.88,3.17552224503765,2.27054970568104,0.715016154973943,0.219528466253919,0.207214753166224,16.85,1.1541095890411,212.45,3.09468317552804,0,-16.0641,4.11759799833194,1.37608385686463,0.451685660266874,1.30108445697626,0.601283991047423,33.3877563865537,51.0347891166449,14.7976986383577,0.969,3.95608738968062,3.43920674799665,0.832442903389189,0.505112958942417
1990-08-04,3.78,392.44,19.14,19.14,1341.21,0.18246453867462176,658.41,27.06629,750.88,3.17552224503765,2.27054970568104,0.715016154973943,0.219528466253919,0.207214753166224,16.85,1.1541095890411,212.45,3.09468317552804,0,-16.0641,4.11759799833194,1.37608385686463,0.451685660266874,1.30108445697626,0.601283991047423,33.3877563865537,51.0347891166449,14.7976986383577,0.969,3.95608738968062,3.43920674799665,0.832442903389189,0.505112958942417
1990-08-05,9.21,322.4,20.27,20.27,1597.15,0.21178919667590027,658.41,27.06629,750.88,3.17552224503765,2.27054970568104,0.715016154973943,0.219528466253919,0.207214753166224,16.85,1.1541095890411,212.45,3.09468317552804,0,-16.0641,4.11759799833194,1.37608385686463,0.451685660266874,1.30108445697626,0.601283991047423,33.3877563865537,51.0347891166449,14.7976986383577,0.969,3.95608738968062,3.43920674799665,0.832442903389189,0.505112958942417
1990-08-06,2.85,223.96,19.13,19.13,1596.88,0.2899882846793096,658.41,27.06629,750.88,3.17552224503765,2.27054970568104,0.715016154973943,0.219528466253919,0.207214753166224,16.85,1.1541095890411,212.45,3.09468317552804,0,-16.0641,4.11759799833194,1.37608385686463,0.451685660266874,1.30108445697626,0.601283991047423,33.3877563865537,51.0347891166449,14.7976986383577,0.969,3.95608738968062,3.43920674799665,0.832442903389189,0.505112958942417
1990-08-07,0.22,366.23,16.49,16.49,1243.92,0.21830578734285105,658.41,27.06629,750.88,3.17552224503765,2.27054970568104,0.715016154973943,0.219528466253919,0.207214753166224,16.85,1.1541095890411,212.45,3.09468317552804,0,-16.0641,4.11759799833194,1.37608385686463,0.451685660266874,1.30108445697626,0.601283991047423,33.3877563865537,51.0347891166449,14.7976986383577,0.969,3.95608738968062,3.43920674799665,0.832442903389189,0.505112958942417
1990-08-08,0.01,530.74,15.13,15.13,1016.74,0.19223942467504793,658.41,27.06629,750.88,3.17552224503765,2.27054970568104,0.715016154973943,0.219528466253919,0.207214753166224,16.85,1.1541095890411,212.45,3.09468317552804,0,-16.0641,4.11759799833194,1.37608385686463,0.451685660266874,1.30108445697626,0.601283991047423,33.3877563865537,51.0347891166449,14.7976986383577,0.969,3.95608738968062,3.43920674799665,0.832442903389189,0.505112958942417
1990-08-09,0.0,523.47,15.51,15.51,1012.19,0.1694313573407202,658.41,27.06629,750.88,3.17552224503765,2.27054970568104,0.715016154973943,0.219528466253919,0.207214753166224,16.85,1.1541095890411,212.45,3.09468317552804,0,-16.0641,4.11759799833194,1.37608385686463,0.451685660266874,1.30108445697626,0.601283991047423,33.3877563865537,51.0347891166449,14.7976986383577,0.969,3.95608738968062,3.43920674799665,0.832442903389189,0.505112958942417
1990-08-10,0.0,540.01,15.47,15.47,1006.3,0.15639817600681866,658.41,27.06629,750.88,3.17552224503765,2.27054970568104,0.715016154973943,0.219528466253919,0.207214753166224,16.85,1.1541095890411,212.45,3.09468317552804,0,-16.0641,4.11759799833194,1.37608385686463,0.451685660266874,1.30108445697626,0.601283991047423,33.3877563865537,51.0347891166449,14.7976986383577,0.969,3.95608738968062,3.43920674799665,0.832442903389189,0.505112958942417
1990-08-11,0.24,436.11,17.41,17.41,1173.26,0.14988158533986787,658.41,27.06629,750.88,3.17552224503765,2.27054970568104,0.715016154973943,0.219528466253919,0.207214753166224,16.85,1.1541095890411,212.45,3.09468317552804,0,-16.0641,4.11759799833194,1.37608385686463,0.451685660266874,1.30108445697626,0.601283991047423,33.3877563865537,51.0347891166449,14.7976986383577,0.969,3.95608738968062,3.43920674799665,0.832442903389189,0.505112958942417
1990-08-12,0.14,485.27,19.19,19.19,1325.55,0.1433649946729171,658.41,27.06629,750.88,3.17552224503765,2.27054970568104,0.715016154973943,0.219528466253919,0.207214753166224,16.85,1.1541095890411,212.45,3.09468317552804,0,-16.0641,4.11759799833194,1.37608385686463,0.451685660266874,1.30108445697626,0.601283991047423,33.3877563865537,51.0347891166449,14.7976986383577,0.969,3.95608738968062,3.43920674799665,0.832442903389189,0.505112958942417
1990-08-13,13.36,354.31,18.19,18.19,1293.88,0.18898112934157255,658.41,27.06629,750.88,3.17552224503765,2.27054970568104,0.715016154973943,0.219528466253919,0.207214753166224,16.85,1.1541095890411,212.45,3.09468317552804,0,-16.0641,4.11759799833194,1.37608385686463,0.451685660266874,1.30108445697626,0.601283991047423,33.3877563865537,51.0347891166449,14.7976986383577,0.969,3.95608738968062,3.43920674799665,0.832442903389189,0.505112958942417
1990-08-14,3.54,485.57,16.81,16.81,1125.14,0.25740533134455573,658.41,27.06629,750.88,3.17552224503765,2.27054970568104,0.715016154973943,0.219528466253919,0.207214753166224,16.85,1.1541095890411,212.45,3.09468317552804,0,-16.0641,4.11759799833194,1.37608385686463,0.451685660266874,1.30108445697626,0.601283991047423,33.3877563865537,51.0347891166449,14.7976986383577,0.969,3.95608738968062,3.43920674799665,0.832442903389189,0.505112958942417
1990-08-15,0.01,525.61,15.44,15.44,996.55,0.18246453867462176,658.41,27.06629,750.88,3.17552224503765,2.27054970568104,0.715016154973943,0.219528466253919,0.207214753166224,16.85,1.1541095890411,212.45,3.09468317552804,0,-16.0641,4.11759799833194,1.37608385686463,0.451685660266874,1.30108445697626,0.601283991047423,33.3877563865537,51.0347891166449,14.7976986383577,0.969,3.95608738968062,3.43920674799665,0.832442903389189,0.505112958942417
1990-08-16,0.03,492.9,16.94,16.94,1079.3,0.15639817600681866,658.41,27.06629,750.88,3.17552224503765,2.27054970568104,0.715016154973943,0.219528466253919,0.207214753166224,16.85,1.1541095890411,212.45,3.09468317552804,0,-16.0641,4.11759799833194,1.37608385686463,0.451685660266874,1.30108445697626,0.601283991047423,33.3877563865537,51.0347891166449,14.7976986383577,0.969,3.95608738968062,3.43920674799665,0.832442903389189,0.505112958942417
1990-08-17,0.01,518.35,19.21,19.21,1209.28,0.1466232900063925,658.41,27.06629,750.88,3.17552224503765,2.27054970568104,0.715016154973943,0.219528466253919,0.207214753166224,16.85,1.1541095890411,212.45,3.09468317552804,0,-16.0641,4.11759799833194,1.37608385686463,0.451685660266874,1.30108445697626,0.601283991047423,33.3877563865537,51.0347891166449,14.7976986383577,0.969,3.95608738968062,3.43920674799665,0.832442903389189,0.505112958942417
1990-08-18,0.13,404.03,19.57,19.57,1317.39,0.13359010867249094,658.41,27.06629,750.88,3.17552224503765,2.27054970568104,0.715016154973943,0.219528466253919,0.207214753166224,16.85,1.1541095890411,212.45,3.09468317552804,0,-16.0641,4.11759799833194,1.37608385686463,0.451685660266874,1.30108445697626,0.601283991047423,33.3877563865537,51.0347891166449,14.7976986383577,0.969,3.95608738968062,3.43920674799665,0.832442903389189,0.505112958942417
1990-08-19,2.62,341.59,18.63,18.63,1307.53,0.13359010867249094,658.41,27.06629,750.88,3.17552224503765,2.27054970568104,0.715016154973943,0.219528466253919,0.207214753166224,16.85,1.1541095890411,212.45,3.09468317552804,0,-16.0641,4.11759799833194,1.37608385686463,0.451685660266874,1.30108445697626,0.601283991047423,33.3877563865537,51.0347891166449,14.7976986383577,0.969,3.95608738968062,3.43920674799665,0.832442903389189,0.505112958942417
1990-08-20,4.74,215.95,13.84,13.84,1176.31,0.1433649946729171,658.41,27.06629,750.88,3.17552224503765,2.27054970568104,0.715016154973943,0.219528466253919,0.207214753166224,16.85,1.1541095890411,212.45,3.09468317552804,0,-16.0641,4.11759799833194,1.37608385686463,0.451685660266874,1.30108445697626,0.601283991047423,33.3877563865537,51.0347891166449,14.7976986383577,0.969,3.95608738968062,3.43920674799665,0.832442903389189,0.505112958942417
1990-08-21,3.29,206.8,14.1,14.1,1281.26,0.1433649946729171,658.41,27.06629,750.88,3.17552224503765,2.27054970568104,0.715016154973943,0.219528466253919,0.207214753166224,16.85,1.1541095890411,212.45,3.09468317552804,0,-16.0641,4.11759799833194,1.37608385686463,0.451685660266874,1.30108445697626,0.601283991047423,33.3877563865537,51.0347891166449,14.7976986383577,0.969,3.95608738968062,3.43920674799665,0.832442903389189,0.505112958942417
1990-08-22,6.76,126.19,14.92,14.92,1431.0,0.14988158533986787,658.41,27.06629,750.88,3.17552224503765,2.27054970568104,0.715016154973943,0.219528466253919,0.207214753166224,16.85,1.1541095890411,212.45,3.09468317552804,0,-16.0641,4.11759799833194,1.37608385686463,0.451685660266874,1.30108445697626,0.601283991047423,33.3877563865537,51.0347891166449,14.7976986383577,0.969,3.95608738968062,3.43920674799665,0.832442903389189,0.505112958942417
1990-08-23,5.62,181.17,16.41,16.41,1505.19,0.19875601534199872,658.41,27.06629,750.88,3.17552224503765,2.27054970568104,0.715016154973943,0.219528466253919,0.207214753166224,16.85,1.1541095890411,212.45,3.09468317552804,0,-16.0641,4.11759799833194,1.37608385686463,0.451685660266874,1.30108445697626,0.601283991047423,33.3877563865537,51.0347891166449,14.7976986383577,0.969,3.95608738968062,3.43920674799665,0.832442903389189,0.505112958942417
1990-08-24,1.06,343.28,17.58,17.58,1461.47,0.3127963520136373,658.41,27.06629,750.88,3.17552224503765,2.27054970568104,0.715016154973943,0.219528466253919,0.207214753166224,16.85,1.1541095890411,212.45,3.09468317552804,0,-16.0641,4.11759799833194,1.37608385686463,0.451685660266874,1.30108445697626,0.601283991047423,33.3877563865537,51.0347891166449,14.7976986383577,0.969,3.95608738968062,3.43920674799665,0.832442903389189,0.505112958942417
1990-08-25,0.05,427.36,19.51,19.51,1493.16,0.20527260600894948,658.41,27.06629,750.88,3.17552224503765,2.27054970568104,0.715016154973943,0.219528466253919,0.207214753166224,16.85,1.1541095890411,212.45,3.09468317552804,0,-16.0641,4.11759799833194,1.37608385686463,0.451685660266874,1.30108445697626,0.601283991047423,33.3877563865537,51.0347891166449,14.7976986383577,0.969,3.95608738968062,3.43920674799665,0.832442903389189,0.505112958942417
1990-08-26,0.01,454.6,20.69,20.69,1535.78,0.1726896526741956,658.41,27.06629,750.88,3.17552224503765,2.27054970568104,0.715016154973943,0.219528466253919,0.207214753166224,16.85,1.1541095890411,212.45,3.09468317552804,0,-16.0641,4.11759799833194,1.37608385686463,0.451685660266874,1.30108445697626,0.601283991047423,33.3877563865537,51.0347891166449,14.7976986383577,0.969,3.95608738968062,3.43920674799665,0.832442903389189,0.505112958942417
1990-08-27,8.42,337.37,20.94,20.94,1592.54,0.14988158533986787,658.41,27.06629,750.88,3.17552224503765,2.27054970568104,0.715016154973943,0.219528466253919,0.207214753166224,16.85,1.1541095890411,212.45,3.09468317552804,0,-16.0641,4.11759799833194,1.37608385686463,0.451685660266874,1.30108445697626,0.601283991047423,33.3877563865537,51.0347891166449,14.7976986383577,0.969,3.95608738968062,3.43920674799665,0.832442903389189,0.505112958942417
1990-08-28,11.64,338.59,20.88,20.88,1551.0,0.18246453867462176,658.41,27.06629,750.88,3.17552224503765,2.27054970568104,0.715016154973943,0.219528466253919,0.207214753166224,16.85,1.1541095890411,212.45,3.09468317552804,0,-16.0641,4.11759799833194,1.37608385686463,0.451685660266874,1.30108445697626,0.601283991047423,33.3877563865537,51.0347891166449,14.7976986383577,0.969,3.95608738968062,3.43920674799665,0.832442903389189,0.505112958942417
1990-08-29,2.65,424.74,19.2,19.2,1332.61,0.3877371446835713,658.41,27.06629,750.88,3.17552224503765,2.27054970568104,0.715016154973943,0.219528466253919,0.207214753166224,16.85,1.1541095890411,212.45,3.09468317552804,0,-16.0641,4.11759799833194,1.37608385686463,0.451685660266874,1.30108445697626,0.601283991047423,33.3877563865537,51.0347891166449,14.7976986383577,0.969,3.95608738968062,3.43920674799665,0.832442903389189,0.505112958942417
1990-08-30,0.05,495.7,16.0,16.0,1035.89,0.23785555934370337,658.41,27.06629,750.88,3.17552224503765,2.27054970568104,0.715016154973943,0.219528466253919,0.207214753166224,16.85,1.1541095890411,212.45,3.09468317552804,0,-16.0641,4.11759799833194,1.37608385686463,0.451685660266874,1.30108445697626,0.601283991047423,33.3877563865537,51.0347891166449,14.7976986383577,0.969,3.95608738968062,3.43920674799665,0.832442903389189,0.505112958942417
1990-08-31,0.0,513.65,15.19,15.19,972.74,0.18572283400809714,658.41,27.06629,750.88,3.17552224503765,2.27054970568104,0.715016154973943,0.219528466253919,0.207214753166224,16.85,1.1541095890411,212.45,3.09468317552804,0,-16.0641,4.11759799833194,1.37608385686463,0.451685660266874,1.30108445697626,0.601283991047423,33.3877563865537,51.0347891166449,14.7976986383577,0.969,3.95608738968062,3.43920674799665,0.832442903389189,0.505112958942417
1990-09-01,0.0,490.25,17.7,17.7,1171.31,0.16617306200724483,658.41,27.06629,750.88,3.17552224503765,2.27054970568104,0.715016154973943,0.219528466253919,0.207214753166224,16.85,1.1541095890411,212.45,3.09468317552804,0,-16.0641,4.11759799833194,1.37608385686463,0.451685660266874,1.30108445697626,0.601283991047423,33.3877563865537,51.0347891166449,14.7976986383577,0.969,3.95608738968062,3.43920674799665,0.832442903389189,0.505112958942417
1990-09-02,0.02,436.57,19.17,19.17,1282.79,0.14988158533986787,658.41,27.06629,750.88,3.17552224503765,2.27054970568104,0.715016154973943,0.219528466253919,0.207214753166224,16.85,1.1541095890411,212.45,3.09468317552804,0,-16.0641,4.11759799833194,1.37608385686463,0.451685660266874,1.30108445697626,0.601283991047423,33.3877563865537,51.0347891166449,14.7976986383577,0.969,3.95608738968062,3.43920674799665,0.832442903389189,0.505112958942417
1990-09-03,2.74,353.46,16.25,16.25,1099.52,0.1433649946729171,658.41,27.06629,750.88,3.17552224503765,2.27054970568104,0.715016154973943,0.219528466253919,0.207214753166224,16.85,1.1541095890411,212.45,3.09468317552804,0,-16.0641,4.11759799833194,1.37608385686463,0.451685660266874,1.30108445697626,0.601283991047423,33.3877563865537,51.0347891166449,14.7976986383577,0.969,3.95608738968062,3.43920674799665,0.832442903389189,0.505112958942417
1990-09-04,9.31,383.17,12.6,12.6,866.24,0.1401066993394417,658.41,27.06629,750.88,3.17552224503765,2.27054970568104,0.715016154973943,0.219528466253919,0.207214753166224,16.85,1.1541095890411,212.45,3.09468317552804,0,-16.0641,4.11759799833194,1.37608385686463,0.451685660266874,1.30108445697626,0.601283991047423,33.3877563865537,51.0347891166449,14.7976986383577,0.969,3.95608738968062,3.43920674799665,0.832442903389189,0.505112958942417
1990-09-05,11.08,351.78,15.08,15.08,1138.07,0.29650487534626035,658.41,27.06629,750.88,3.17552224503765,2.27054970568104,0.715016154973943,0.219528466253919,0.207214753166224,16.85,1.1541095890411,212.45,3.09468317552804,0,-16.0641,4.11759799833194,1.37608385686463,0.451685660266874,1.30108445697626,0.601283991047423,33.3877563865537,51.0347891166449,14.7976986383577,0.969,3.95608738968062,3.43920674799665,0.832442903389189,0.505112958942417
1990-09-06,8.1,266.48,18.88,18.88,1581.1,0.39425373535052205,658.41,27.06629,750.88,3.17552224503765,2.27054970568104,0.715016154973943,0.219528466253919,0.207214753166224,16.85,1.1541095890411,212.45,3.09468317552804,0,-16.0641,4.11759799833194,1.37608385686463,0.451685660266874,1.30108445697626,0.601283991047423,33.3877563865537,51.0347891166449,14.7976986383577,0.969,3.95608738968062,3.43920674799665,0.832442903389189,0.505112958942417
1990-09-07,3.81,208.12,18.96,18.96,1552.98,0.29976317067973574,658.41,27.06629,750.88,3.17552224503765,2.27054970568104,0.715016154973943,0.219528466253919,0.207214753166224,16.85,1.1541095890411,212.45,3.09468317552804,0,-16.0641,4.11759799833194,1.37608385686463,0.451685660266874,1.30108445697626,0.601283991047423,33.3877563865537,51.0347891166449,14.7976986383577,0.969,3.95608738968062,3.43920674799665,0.832442903389189,0.505112958942417
1990-09-08,4.89,366.41,12.65,12.65,946.72,0.3160546473471127,658.41,27.06629,750.88,3.17552224503765,2.27054970568104,0.715016154973943,0.219528466253919,0.207214753166224,16.85,1.1541095890411,212.45,3.09468317552804,0,-16.0641,4.11759799833194,1.37608385686463,0.451685660266874,1.30108445697626,0.601283991047423,33.3877563865537,51.0347891166449,14.7976986383577,0.969,3.95608738968062,3.43920674799665,0.832442903389189,0.505112958942417
1990-09-09,11.09,319.95,13.34,13.34,1025.96,0.3193129426805881,658.41,27.06629,750.88,3.17552224503765,2.27054970568104,0.715016154973943,0.219528466253919,0.207214753166224,16.85,1.1541095890411,212.45,3.09468317552804,0,-16.0641,4.11759799833194,1.37608385686463,0.451685660266874,1.30108445697626,0.601283991047423,33.3877563865537,51.0347891166449,14.7976986383577,0.969,3.95608738968062,3.43920674799665,0.832442903389189,0.505112958942417
1990-09-10,2.78,304.69,13.46,13.46,1135.72,0.6451424760281269,658.41,27.06629,750.88,3.17552224503765,2.27054970568104,0.715016154973943,0.219528466253919,0.207214753166224,16.85,1.1541095890411,212.45,3.09468317552804,0,-16.0641,4.11759799833194,1.37608385686463,0.451685660266874,1.30108445697626,0.601283991047423,33.3877563865537,51.0347891166449,14.7976986383577,0.969,3.95608738968062,3.43920674799665,0.832442903389189,0.505112958942417
1990-09-11,0.04,449.88,16.42,16.42,1247.22,0.4007703260174728,658.41,27.06629,750.88,3.17552224503765,2.27054970568104,0.715016154973943,0.219528466253919,0.207214753166224,16.85,1.1541095890411,212.45,3.09468317552804,0,-16.0641,4.11759799833194,1.37608385686463,0.451685660266874,1.30108445697626,0.601283991047423,33.3877563865537,51.0347891166449,14.7976986383577,0.969,3.95608738968062,3.43920674799665,0.832442903389189,0.505112958942417
1990-09-12,0.0,422.89,18.44,18.44,1337.86,0.3030214660132111,658.41,27.06629,750.88,3.17552224503765,2.27054970568104,0.715016154973943,0.219528466253919,0.207214753166224,16.85,1.1541095890411,212.45,3.09468317552804,0,-16.0641,4.11759799833194,1.37608385686463,0.451685660266874,1.30108445697626,0.601283991047423,33.3877563865537,51.0347891166449,14.7976986383577,0.969,3.95608738968062,3.43920674799665,0.832442903389189,0.505112958942417
1990-09-13,4.39,358.68,16.74,16.74,1189.98,0.2606636266780311,658.41,27.06629,750.88,3.17552224503765,2.27054970568104,0.715016154973943,0.219528466253919,0.207214753166224,16.85,1.1541095890411,212.45,3.09468317552804,0,-16.0641,4.11759799833194,1.37608385686463,0.451685660266874,1.30108445697626,0.601283991047423,33.3877563865537,51.0347891166449,14.7976986383577,0.969,3.95608738968062,3.43920674799665,0.832442903389189,0.505112958942417
1990-09-14,14.87,336.74,18.18,18.18,1294.59,0.25414703601108035,658.41,27.06629,750.88,3.17552224503765,2.27054970568104,0.715016154973943,0.219528466253919,0.207214753166224,16.85,1.1541095890411,212.45,3.09468317552804,0,-16.0641,4.11759799833194,1.37608385686463,0.451685660266874,1.30108445697626,0.601283991047423,33.3877563865537,51.0347891166449,14.7976986383577,0.969,3.95608738968062,3.43920674799665,0.832442903389189,0.505112958942417
1990-09-15,9.5,284.55,16.67,16.67,1247.01,1.1892777967185169,658.41,27.06629,750.88,3.17552224503765,2.27054970568104,0.715016154973943,0.219528466253919,0.207214753166224,16.85,1.1541095890411,212.45,3.09468317552804,0,-16.0641,4.11759799833194,1.37608385686463,0.451685660266874,1.30108445697626,0.601283991047423,33.3877563865537,51.0347891166449,14.7976986383577,0.969,3.95608738968062,3.43920674799665,0.832442903389189,0.505112958942417
1990-09-16,9.59,306.94,11.71,11.71,923.75,1.1469199573833369,658.41,27.06629,750.88,3.17552224503765,2.27054970568104,0.715016154973943,0.219528466253919,0.207214753166224,16.85,1.1541095890411,212.45,3.09468317552804,0,-16.0641,4.11759799833194,1.37608385686463,0.451685660266874,1.30108445697626,0.601283991047423,33.3877563865537,51.0347891166449,14.7976986383577,0.969,3.95608738968062,3.43920674799665,0.832442903389189,0.505112958942417
1990-09-17,3.7,278.93,6.87,6.87,687.0,1.5476902834008097,658.41,27.06629,750.88,3.17552224503765,2.27054970568104,0.715016154973943,0.219528466253919,0.207214753166224,16.85,1.1541095890411,212.45,3.09468317552804,0,-16.0641,4.11759799833194,1.37608385686463,0.451685660266874,1.30108445697626,0.601283991047423,33.3877563865537,51.0347891166449,14.7976986383577,0.969,3.95608738968062,3.43920674799665,0.832442903389189,0.505112958942417
1990-09-18,1.16,353.56,4.83,4.83,573.25,0.9123226933731089,658.41,27.06629,750.88,3.17552224503765,2.27054970568104,0.715016154973943,0.219528466253919,0.207214753166224,16.85,1.1541095890411,212.45,3.09468317552804,0,-16.0641,4.11759799833194,1.37608385686463,0.451685660266874,1.30108445697626,0.601283991047423,33.3877563865537,51.0347891166449,14.7976986383577,0.969,3.95608738968062,3.43920674799665,0.832442903389189,0.505112958942417
1990-09-19,5.39,323.04,7.74,7.74,718.98,0.8047989473684211,658.41,27.06629,750.88,3.17552224503765,2.27054970568104,0.715016154973943,0.219528466253919,0.207214753166224,16.85,1.1541095890411,212.45,3.09468317552804,0,-16.0641,4.11759799833194,1.37608385686463,0.451685660266874,1.30108445697626,0.601283991047423,33.3877563865537,51.0347891166449,14.7976986383577,0.969,3.95608738968062,3.43920674799665,0.832442903389189,0.505112958942417
1990-09-20,1.65,298.27,9.33,9.33,849.54,1.0556876880460258,658.41,27.06629,750.88,3.17552224503765,2.27054970568104,0.715016154973943,0.219528466253919,0.207214753166224,16.85,1.1541095890411,212.45,3.09468317552804,0,-16.0641,4.11759799833194,1.37608385686463,0.451685660266874,1.30108445697626,0.601283991047423,33.3877563865537,51.0347891166449,14.7976986383577,0.969,3.95608738968062,3.43920674799665,0.832442903389189,0.505112958942417
1990-09-21,4.85,307.89,9.84,9.84,875.44,0.7787325847006179,658.41,27.06629,750.88,3.17552224503765,2.27054970568104,0.715016154973943,0.219528466253919,0.207214753166224,16.85,1.1541095890411,212.45,3.09468317552804,0,-16.0641,4.11759799833194,1.37608385686463,0.451685660266874,1.30108445697626,0.601283991047423,33.3877563865537,51.0347891166449,14.7976986383577,0.969,3.95608738968062,3.43920674799665,0.832442903389189,0.505112958942417
1990-09-22,3.23,285.42,12.21,12.21,991.07,0.8276070147027488,658.41,27.06629,750.88,3.17552224503765,2.27054970568104,0.715016154973943,0.219528466253919,0.207214753166224,16.85,1.1541095890411,212.45,3.09468317552804,0,-16.0641,4.11759799833194,1.37608385686463,0.451685660266874,1.30108445697626,0.601283991047423,33.3877563865537,51.0347891166449,14.7976986383577,0.969,3.95608738968062,3.43920674799665,0.832442903389189,0.505112958942417
1990-09-23,2.72,270.46,11.24,11.24,932.77,0.7917657660345194,658.41,27.06629,750.88,3.17552224503765,2.27054970568104,0.715016154973943,0.219528466253919,0.207214753166224,16.85,1.1541095890411,212.45,3.09468317552804,0,-16.0641,4.11759799833194,1.37608385686463,0.451685660266874,1.30108445697626,0.601283991047423,33.3877563865537,51.0347891166449,14.7976986383577,0.969,3.95608738968062,3.43920674799665,0.832442903389189,0.505112958942417
1990-09-24,0.73,248.75,8.25,8.25,818.03,0.7982823567014702,658.41,27.06629,750.88,3.17552224503765,2.27054970568104,0.715016154973943,0.219528466253919,0.207214753166224,16.85,1.1541095890411,212.45,3.09468317552804,0,-16.0641,4.11759799833194,1.37608385686463,0.451685660266874,1.30108445697626,0.601283991047423,33.3877563865537,51.0347891166449,14.7976986383577,0.969,3.95608738968062,3.43920674799665,0.832442903389189,0.505112958942417
1990-09-25,1.64,307.77,8.46,8.46,804.66,0.6679505433624546,658.41,27.06629,750.88,3.17552224503765,2.27054970568104,0.715016154973943,0.219528466253919,0.207214753166224,16.85,1.1541095890411,212.45,3.09468317552804,0,-16.0641,4.11759799833194,1.37608385686463,0.451685660266874,1.30108445697626,0.601283991047423,33.3877563865537,51.0347891166449,14.7976986383577,0.969,3.95608738968062,3.43920674799665,0.832442903389189,0.505112958942417
1990-09-26,0.8,313.88,11.69,11.69,953.77,0.6418841806946515,658.41,27.06629,750.88,3.17552224503765,2.27054970568104,0.715016154973943,0.219528466253919,0.207214753166224,16.85,1.1541095890411,212.45,3.09468317552804,0,-16.0641,4.11759799833194,1.37608385686463,0.451685660266874,1.30108445697626,0.601283991047423,33.3877563865537,51.0347891166449,14.7976986383577,0.969,3.95608738968062,3.43920674799665,0.832442903389189,0.505112958942417
1990-09-27,0.1,397.91,12.26,12.26,960.54,0.5962680460259961,658.41,27.06629,750.88,3.17552224503765,2.27054970568104,0.715016154973943,0.219528466253919,0.207214753166224,16.85,1.1541095890411,212.45,3.09468317552804,0,-16.0641,4.11759799833194,1.37608385686463,0.451685660266874,1.30108445697626,0.601283991047423,33.3877563865537,51.0347891166449,14.7976986383577,0.969,3.95608738968062,3.43920674799665,0.832442903389189,0.505112958942417
1990-09-28,0.83,321.94,13.55,13.55,1001.62,0.5180689580225868,658.41,27.06629,750.88,3.17552224503765,2.27054970568104,0.715016154973943,0.219528466253919,0.207214753166224,16.85,1.1541095890411,212.45,3.09468317552804,0,-16.0641,4.11759799833194,1.37608385686463,0.451685660266874,1.30108445697626,0.601283991047423,33.3877563865537,51.0347891166449,14.7976986383577,0.969,3.95608738968062,3.43920674799665,0.832442903389189,0.505112958942417
1990-09-29,4.21,305.42,15.52,15.52,1144.09,0.4626779373535052,658.41,27.06629,750.88,3.17552224503765,2.27054970568104,0.715016154973943,0.219528466253919,0.207214753166224,16.85,1.1541095890411,212.45,3.09468317552804,0,-16.0641,4.11759799833194,1.37608385686463,0.451685660266874,1.30108445697626,0.601283991047423,33.3877563865537,51.0347891166449,14.7976986383577,0.969,3.95608738968062,3.43920674799665,0.832442903389189,0.505112958942417
1990-09-30,3.1,267.78,16.52,16.52,1218.8,0.5376187300234391,658.41,27.06629,750.88,3.17552224503765,2.27054970568104,0.715016154973943,0.219528466253919,0.207214753166224,16.85,1.1541095890411,212.45,3.09468317552804,0,-16.0641,4.11759799833194,1.37608385686463,0.451685660266874,1.30108445697626,0.601283991047423,33.3877563865537,51.0347891166449,14.7976986383577,0.969,3.95608738968062,3.43920674799665,0.832442903389189,0.505112958942417
1990-10-01,0.71,302.63,10.21,10.21,816.96,0.6093012273598977,658.41,27.06629,750.88,3.17552224503765,2.27054970568104,0.715016154973943,0.219528466253919,0.207214753166224,16.85,1.1541095890411,212.45,3.09468317552804,0,-16.0641,4.11759799833194,1.37608385686463,0.451685660266874,1.30108445697626,0.601283991047423,33.3877563865537,51.0347891166449,14.7976986383577,0.969,3.95608738968062,3.43920674799665,0.832442903389189,0.505112958942417
1990-10-02,0.05,397.03,8.57,8.57,710.23,0.47245282335393135,658.41,27.06629,750.88,3.17552224503765,2.27054970568104,0.715016154973943,0.219528466253919,0.207214753166224,16.85,1.1541095890411,212.45,3.09468317552804,0,-16.0641,4.11759799833194,1.37608385686463,0.451685660266874,1.30108445697626,0.601283991047423,33.3877563865537,51.0347891166449,14.7976986383577,0.969,3.95608738968062,3.43920674799665,0.832442903389189,0.505112958942417
1990-10-03,3.65,324.91,8.03,8.03,664.4,0.41054521201789895,658.41,27.06629,750.88,3.17552224503765,2.27054970568104,0.715016154973943,0.219528466253919,0.207214753166224,16.85,1.1541095890411,212.45,3.09468317552804,0,-16.0641,4.11759799833194,1.37608385686463,0.451685660266874,1.30108445697626,0.601283991047423,33.3877563865537,51.0347891166449,14.7976986383577,0.969,3.95608738968062,3.43920674799665,0.832442903389189,0.505112958942417
1990-10-04,7.78,290.97,11.53,11.53,880.46,0.47571111868740673,658.41,27.06629,750.88,3.17552224503765,2.27054970568104,0.715016154973943,0.219528466253919,0.207214753166224,16.85,1.1541095890411,212.45,3.09468317552804,0,-16.0641,4.11759799833194,1.37608385686463,0.451685660266874,1.30108445697626,0.601283991047423,33.3877563865537,51.0347891166449,14.7976986383577,0.969,3.95608738968062,3.43920674799665,0.832442903389189,0.505112958942417
1990-10-05,2.11,320.98,12.28,12.28,961.08,0.8113155380353717,658.41,27.06629,750.88,3.17552224503765,2.27054970568104,0.715016154973943,0.219528466253919,0.207214753166224,16.85,1.1541095890411,212.45,3.09468317552804,0,-16.0641,4.11759799833194,1.37608385686463,0.451685660266874,1.30108445697626,0.601283991047423,33.3877563865537,51.0347891166449,14.7976986383577,0.969,3.95608738968062,3.43920674799665,0.832442903389189,0.505112958942417
1990-10-06,0.08,390.6,14.46,14.46,1063.05,0.5604267973577668,658.41,27.06629,750.88,3.17552224503765,2.27054970568104,0.715016154973943,0.219528466253919,0.207214753166224,16.85,1.1541095890411,212.45,3.09468317552804,0,-16.0641,4.11759799833194,1.37608385686463,0.451685660266874,1.30108445697626,0.601283991047423,33.3877563865537,51.0347891166449,14.7976986383577,0.969,3.95608738968062,3.43920674799665,0.832442903389189,0.505112958942417
1990-10-07,0.21,302.18,16.47,16.47,1188.34,0.4626779373535052,658.41,27.06629,750.88,3.17552224503765,2.27054970568104,0.715016154973943,0.219528466253919,0.207214753166224,16.85,1.1541095890411,212.45,3.09468317552804,0,-16.0641,4.11759799833194,1.37608385686463,0.451685660266874,1.30108445697626,0.601283991047423,33.3877563865537,51.0347891166449,14.7976986383577,0.969,3.95608738968062,3.43920674799665,0.832442903389189,0.505112958942417
1990-10-08,3.86,265.24,17.4,17.4,1317.35,0.4203200980183251,658.41,27.06629,750.88,3.17552224503765,2.27054970568104,0.715016154973943,0.219528466253919,0.207214753166224,16.85,1.1541095890411,212.45,3.09468317552804,0,-16.0641,4.11759799833194,1.37608385686463,0.451685660266874,1.30108445697626,0.601283991047423,33.3877563865537,51.0347891166449,14.7976986383577,0.969,3.95608738968062,3.43920674799665,0.832442903389189,0.505112958942417
1990-10-09,5.85,247.14,15.35,15.35,1213.71,0.5245855486895376,658.41,27.06629,750.88,3.17552224503765,2.27054970568104,0.715016154973943,0.219528466253919,0.207214753166224,16.85,1.1541095890411,212.45,3.09468317552804,0,-16.0641,4.11759799833194,1.37608385686463,0.451685660266874,1.30108445697626,0.601283991047423,33.3877563865537,51.0347891166449,14.7976986383577,0.969,3.95608738968062,3.43920674799665,0.832442903389189,0.505112958942417
1990-10-10,19.04,269.27,14.64,14.64,1133.92,1.2055692733858938,658.41,27.06629,750.88,3.17552224503765,2.27054970568104,0.715016154973943,0.219528466253919,0.207214753166224,16.85,1.1541095890411,212.45,3.09468317552804,0,-16.0641,4.11759799833194,1.37608385686463,0.451685660266874,1.30108445697626,0.601283991047423,33.3877563865537,51.0347891166449,14.7976986383577,0.969,3.95608738968062,3.43920674799665,0.832442903389189,0.505112958942417
1990-10-11,31.3,271.5,15.26,15.26,1126.77,8.471567867036011,658.41,27.06629,750.88,3.17552224503765,2.27054970568104,0.715016154973943,0.219528466253919,0.207214753166224,16.85,1.1541095890411,212.45,3.09468317552804,0,-16.0641,4.11759799833194,1.37608385686463,0.451685660266874,1.30108445697626,0.601283991047423,33.3877563865537,51.0347891166449,14.7976986383577,0.969,3.95608738968062,3.43920674799665,0.832442903389189,0.505112958942417
1990-10-12,17.05,219.6,13.2,13.2,1105.05,8.341236053696996,658.41,27.06629,750.88,3.17552224503765,2.27054970568104,0.715016154973943,0.219528466253919,0.207214753166224,16.85,1.1541095890411,212.45,3.09468317552804,0,-16.0641,4.11759799833194,1.37608385686463,0.451685660266874,1.30108445697626,0.601283991047423,33.3877563865537,51.0347891166449,14.7976986383577,0.969,3.95608738968062,3.43920674799665,0.832442903389189,0.505112958942417
1990-10-13,4.76,214.85,14.0,14.0,1209.81,5.311021393564884,658.41,27.06629,750.88,3.17552224503765,2.27054970568104,0.715016154973943,0.219528466253919,0.207214753166224,16.85,1.1541095890411,212.45,3.09468317552804,0,-16.0641,4.11759799833194,1.37608385686463,0.451685660266874,1.30108445697626,0.601283991047423,33.3877563865537,51.0347891166449,14.7976986383577,0.969,3.95608738968062,3.43920674799665,0.832442903389189,0.505112958942417
1990-10-14,0.67,219.12,14.0,14.0,1189.83,3.7470396334966973,658.41,27.06629,750.88,3.17552224503765,2.27054970568104,0.715016154973943,0.219528466253919,0.207214753166224,16.85,1.1541095890411,212.45,3.09468317552804,0,-16.0641,4.11759799833194,1.37608385686463,0.451685660266874,1.30108445697626,0.601283991047423,33.3877563865537,51.0347891166449,14.7976986383577,0.969,3.95608738968062,3.43920674799665,0.832442903389189,0.505112958942417
1990-10-15,0.03,311.0,11.36,11.36,930.23,2.7858425101214572,658.41,27.06629,750.88,3.17552224503765,2.27054970568104,0.715016154973943,0.219528466253919,0.207214753166224,16.85,1.1541095890411,212.45,3.09468317552804,0,-16.0641,4.11759799833194,1.37608385686463,0.451685660266874,1.30108445697626,0.601283991047423,33.3877563865537,51.0347891166449,14.7976986383577,0.969,3.95608738968062,3.43920674799665,0.832442903389189,0.505112958942417
1990-10-16,0.0,375.32,7.4,7.4,668.26,2.17654128276156,658.41,27.06629,750.88,3.17552224503765,2.27054970568104,0.715016154973943,0.219528466253919,0.207214753166224,16.85,1.1541095890411,212.45,3.09468317552804,0,-16.0641,4.11759799833194,1.37608385686463,0.451685660266874,1.30108445697626,0.601283991047423,33.3877563865537,51.0347891166449,14.7976986383577,0.969,3.95608738968062,3.43920674799665,0.832442903389189,0.505112958942417
1990-10-17,3.52,283.61,10.47,10.47,782.52,1.8050956147453652,658.41,27.06629,750.88,3.17552224503765,2.27054970568104,0.715016154973943,0.219528466253919,0.207214753166224,16.85,1.1541095890411,212.45,3.09468317552804,0,-16.0641,4.11759799833194,1.37608385686463,0.451685660266874,1.30108445697626,0.601283991047423,33.3877563865537,51.0347891166449,14.7976986383577,0.969,3.95608738968062,3.43920674799665,0.832442903389189,0.505112958942417
1990-10-18,20.54,270.82,12.61,12.61,844.37,5.408770253569146,658.41,27.06629,750.88,3.17552224503765,2.27054970568104,0.715016154973943,0.219528466253919,0.207214753166224,16.85,1.1541095890411,212.45,3.09468317552804,0,-16.0641,4.11759799833194,1.37608385686463,0.451685660266874,1.30108445697626,0.601283991047423,33.3877563865537,51.0347891166449,14.7976986383577,0.969,3.95608738968062,3.43920674799665,0.832442903389189,0.505112958942417
1990-10-19,7.93,257.05,7.56,7.56,656.7,5.636850926912422,658.41,27.06629,750.88,3.17552224503765,2.27054970568104,0.715016154973943,0.219528466253919,0.207214753166224,16.85,1.1541095890411,212.45,3.09468317552804,0,-16.0641,4.11759799833194,1.37608385686463,0.451685660266874,1.30108445697626,0.601283991047423,33.3877563865537,51.0347891166449,14.7976986383577,0.969,3.95608738968062,3.43920674799665,0.832442903389189,0.505112958942417
1990-10-20,0.73,363.64,4.51,4.51,537.42,3.075830794800767,658.41,27.06629,750.88,3.17552224503765,2.27054970568104,0.715016154973943,0.219528466253919,0.207214753166224,16.85,1.1541095890411,212.45,3.09468317552804,0,-16.0641,4.11759799833194,1.37608385686463,0.451685660266874,1.30108445697626,0.601283991047423,33.3877563865537,51.0347891166449,14.7976986383577,0.969,3.95608738968062,3.43920674799665,0.832442903389189,0.505112958942417
1990-10-21,1.45,265.92,8.19,8.19,720.0,2.5023708161090985,658.41,27.06629,750.88,3.17552224503765,2.27054970568104,0.715016154973943,0.219528466253919,0.207214753166224,16.85,1.1541095890411,212.45,3.09468317552804,0,-16.0641,4.11759799833194,1.37608385686463,0.451685660266874,1.30108445697626,0.601283991047423,33.3877563865537,51.0347891166449,14.7976986383577,0.969,3.95608738968062,3.43920674799665,0.832442903389189,0.505112958942417
1990-10-22,7.68,215.28,10.55,10.55,909.92,2.1602498060941824,658.41,27.06629,750.88,3.17552224503765,2.27054970568104,0.715016154973943,0.219528466253919,0.207214753166224,16.85,1.1541095890411,212.45,3.09468317552804,0,-16.0641,4.11759799833194,1.37608385686463,0.451685660266874,1.30108445697626,0.601283991047423,33.3877563865537,51.0347891166449,14.7976986383577,0.969,3.95608738968062,3.43920674799665,0.832442903389189,0.505112958942417
1990-10-23,10.26,168.63,10.41,10.41,946.74,3.844788493500958,658.41,27.06629,750.88,3.17552224503765,2.27054970568104,0.715016154973943,0.219528466253919,0.207214753166224,16.85,1.1541095890411,212.45,3.09468317552804,0,-16.0641,4.11759799833194,1.37608385686463,0.451685660266874,1.30108445697626,0.601283991047423,33.3877563865537,51.0347891166449,14.7976986383577,0.969,3.95608738968062,3.43920674799665,0.832442903389189,0.505112958942417
1990-10-24,3.12,198.19,7.97,7.97,787.9,4.007703260174727,658.41,27.06629,750.88,3.17552224503765,2.27054970568104,0.715016154973943,0.219528466253919,0.207214753166224,16.85,1.1541095890411,212.45,3.09468317552804,0,-16.0641,4.11759799833194,1.37608385686463,0.451685660266874,1.30108445697626,0.601283991047423,33.3877563865537,51.0347891166449,14.7976986383577,0.969,3.95608738968062,3.43920674799665,0.832442903389189,0.505112958942417
1990-10-25,1.33,202.12,5.39,5.39,640.78,2.733709784785851,658.41,27.06629,750.88,3.17552224503765,2.27054970568104,0.715016154973943,0.219528466253919,0.207214753166224,16.85,1.1541095890411,212.45,3.09468317552804,0,-16.0641,4.11759799833194,1.37608385686463,0.451685660266874,1.30108445697626,0.601283991047423,33.3877563865537,51.0347891166449,14.7976986383577,0.969,3.95608738968062,3.43920674799665,0.832442903389189,0.505112958942417
1990-10-26,0.32,228.28,1.72,1.72,493.37,2.4111385467717876,658.41,27.06629,750.88,3.17552224503765,2.27054970568104,0.715016154973943,0.219528466253919,0.207214753166224,16.85,1.1541095890411,212.45,3.09468317552804,0,-16.0641,4.11759799833194,1.37608385686463,0.451685660266874,1.30108445697626,0.601283991047423,33.3877563865537,51.0347891166449,14.7976986383577,0.969,3.95608738968062,3.43920674799665,0.832442903389189,0.505112958942417
1990-10-27,2.65,284.97,-0.43,-0.43,389.44,2.0755341274238224,658.41,27.06629,750.88,3.17552224503765,2.27054970568104,0.715016154973943,0.219528466253919,0.207214753166224,16.85,1.1541095890411,212.45,3.09468317552804,0,-16.0641,4.11759799833194,1.37608385686463,0.451685660266874,1.30108445697626,0.601283991047423,33.3877563865537,51.0347891166449,14.7976986383577,0.969,3.95608738968062,3.43920674799665,0.832442903389189,0.505112958942417
1990-10-28,1.21,268.93,2.23,2.23,461.47,2.0038516300873637,658.41,27.06629,750.88,3.17552224503765,2.27054970568104,0.715016154973943,0.219528466253919,0.207214753166224,16.85,1.1541095890411,212.45,3.09468317552804,0,-16.0641,4.11759799833194,1.37608385686463,0.451685660266874,1.30108445697626,0.601283991047423,33.3877563865537,51.0347891166449,14.7976986383577,0.969,3.95608738968062,3.43920674799665,0.832442903389189,0.505112958942417
1990-10-29,0.14,271.98,1.47,1.47,470.07,1.8050956147453652,658.41,27.06629,750.88,3.17552224503765,2.27054970568104,0.715016154973943,0.219528466253919,0.207214753166224,16.85,1.1541095890411,212.45,3.09468317552804,0,-16.0641,4.11759799833194,1.37608385686463,0.451685660266874,1.30108445697626,0.601283991047423,33.3877563865537,51.0347891166449,14.7976986383577,0.969,3.95608738968062,3.43920674799665,0.832442903389189,0.505112958942417
1990-10-30,0.0,355.66,2.23,2.23,461.8,1.5281405113999573,658.41,27.06629,750.88,3.17552224503765,2.27054970568104,0.715016154973943,0.219528466253919,0.207214753166224,16.85,1.1541095890411,212.45,3.09468317552804,0,-16.0641,4.11759799833194,1.37608385686463,0.451685660266874,1.30108445697626,0.601283991047423,33.3877563865537,51.0347891166449,14.7976986383577,0.969,3.95608738968062,3.43920674799665,0.832442903389189,0.505112958942417
1990-10-31,0.01,330.91,7.0,7.0,632.78,1.358709154059237,658.41,27.06629,750.88,3.17552224503765,2.27054970568104,0.715016154973943,0.219528466253919,0.207214753166224,16.85,1.1541095890411,212.45,3.09468317552804,0,-16.0641,4.11759799833194,1.37608385686463,0.451685660266874,1.30108445697626,0.601283991047423,33.3877563865537,51.0347891166449,14.7976986383577,0.969,3.95608738968062,3.43920674799665,0.832442903389189,0.505112958942417
1990-11-01,0.0,311.34,10.74,10.74,797.34,1.1892777967185169,658.41,27.06629,750.88,3.17552224503765,2.27054970568104,0.715016154973943,0.219528466253919,0.207214753166224,16.85,1.1541095890411,212.45,3.09468317552804,0,-16.0641,4.11759799833194,1.37608385686463,0.451685660266874,1.30108445697626,0.601283991047423,33.3877563865537,51.0347891166449,14.7976986383577,0.969,3.95608738968062,3.43920674799665,0.832442903389189,0.505112958942417
1990-11-02,0.0,310.36,11.11,11.11,814.7,1.0524293927125505,658.41,27.06629,750.88,3.17552224503765,2.27054970568104,0.715016154973943,0.219528466253919,0.207214753166224,16.85,1.1541095890411,212.45,3.09468317552804,0,-16.0641,4.11759799833194,1.37608385686463,0.451685660266874,1.30108445697626,0.601283991047423,33.3877563865537,51.0347891166449,14.7976986383577,0.969,3.95608738968062,3.43920674799665,0.832442903389189,0.505112958942417
1990-11-03,0.0,295.59,12.83,12.83,918.35,0.9546805327082889,658.41,27.06629,750.88,3.17552224503765,2.27054970568104,0.715016154973943,0.219528466253919,0.207214753166224,16.85,1.1541095890411,212.45,3.09468317552804,0,-16.0641,4.11759799833194,1.37608385686463,0.451685660266874,1.30108445697626,0.601283991047423,33.3877563865537,51.0347891166449,14.7976986383577,0.969,3.95608738968062,3.43920674799665,0.832442903389189,0.505112958942417
1990-11-04,0.0,293.04,11.8,11.8,860.74,0.8764814447048795,658.41,27.06629,750.88,3.17552224503765,2.27054970568104,0.715016154973943,0.219528466253919,0.207214753166224,16.85,1.1541095890411,212.45,3.09468317552804,0,-16.0641,4.11759799833194,1.37608385686463,0.451685660266874,1.30108445697626,0.601283991047423,33.3877563865537,51.0347891166449,14.7976986383577,0.969,3.95608738968062,3.43920674799665,0.832442903389189,0.505112958942417
1990-11-05,4.78,221.61,9.26,9.26,736.8,0.8145738333688473,658.41,27.06629,750.88,3.17552224503765,2.27054970568104,0.715016154973943,0.219528466253919,0.207214753166224,16.85,1.1541095890411,212.45,3.09468317552804,0,-16.0641,4.11759799833194,1.37608385686463,0.451685660266874,1.30108445697626,0.601283991047423,33.3877563865537,51.0347891166449,14.7976986383577,0.969,3.95608738968062,3.43920674799665,0.832442903389189,0.505112958942417
1990-11-06,3.01,220.86,7.83,7.83,657.49,1.150178252716812,658.41,27.06629,750.88,3.17552224503765,2.27054970568104,0.715016154973943,0.219528466253919,0.207214753166224,16.85,1.1541095890411,212.45,3.09468317552804,0,-16.0641,4.11759799833194,1.37608385686463,0.451685660266874,1.30108445697626,0.601283991047423,33.3877563865537,51.0347891166449,14.7976986383577,0.969,3.95608738968062,3.43920674799665,0.832442903389189,0.505112958942417
1990-11-07,3.26,100.67,2.83,2.83,541.09,0.9318724653739611,658.41,27.06629,750.88,3.17552224503765,2.27054970568104,0.715016154973943,0.219528466253919,0.207214753166224,16.85,1.1541095890411,212.45,3.09468317552804,0,-16.0641,4.11759799833194,1.37608385686463,0.451685660266874,1.30108445697626,0.601283991047423,33.3877563865537,51.0347891166449,14.7976986383577,0.969,3.95608738968062,3.43920674799665,0.832442903389189,0.505112958942417
1990-11-08,1.15,184.1,-1.45,-1.45,409.55,0.9318724653739611,658.41,27.06629,750.88,3.17552224503765,2.27054970568104,0.715016154973943,0.219528466253919,0.207214753166224,16.85,1.1541095890411,212.45,3.09468317552804,0,-16.0641,4.11759799833194,1.37608385686463,0.451685660266874,1.30108445697626,0.601283991047423,33.3877563865537,51.0347891166449,14.7976986383577,0.969,3.95608738968062,3.43920674799665,0.832442903389189,0.505112958942417
1990-11-09,14.6,233.87,-2.31,-2.31,369.79,0.8373819007031749,658.41,27.06629,750.88,3.17552224503765,2.27054970568104,0.715016154973943,0.219528466253919,0.207214753166224,16.85,1.1541095890411,212.45,3.09468317552804,0,-16.0641,4.11759799833194,1.37608385686463,0.451685660266874,1.30108445697626,0.601283991047423,33.3877563865537,51.0347891166449,14.7976986383577,0.969,3.95608738968062,3.43920674799665,0.832442903389189,0.505112958942417
1990-11-10,6.57,161.26,0.0,0.0,467.46,4.040286213509482,658.41,27.06629,750.88,3.17552224503765,2.27054970568104,0.715016154973943,0.219528466253919,0.207214753166224,16.85,1.1541095890411,212.45,3.09468317552804,0,-16.0641,4.11759799833194,1.37608385686463,0.451685660266874,1.30108445697626,0.601283991047423,33.3877563865537,51.0347891166449,14.7976986383577,0.969,3.95608738968062,3.43920674799665,0.832442903389189,0.505112958942417
1990-11-11,3.46,173.5,-0.37,-0.37,454.32,2.7369680801193264,658.41,27.06629,750.88,3.17552224503765,2.27054970568104,0.715016154973943,0.219528466253919,0.207214753166224,16.85,1.1541095890411,212.45,3.09468317552804,0,-16.0641,4.11759799833194,1.37608385686463,0.451685660266874,1.30108445697626,0.601283991047423,33.3877563865537,51.0347891166449,14.7976986383577,0.969,3.95608738968062,3.43920674799665,0.832442903389189,0.505112958942417
1990-11-12,2.5,200.5,-2.02,-2.02,389.67,2.17654128276156,658.41,27.06629,750.88,3.17552224503765,2.27054970568104,0.715016154973943,0.219528466253919,0.207214753166224,16.85,1.1541095890411,212.45,3.09468317552804,0,-16.0641,4.11759799833194,1.37608385686463,0.451685660266874,1.30108445697626,0.601283991047423,33.3877563865537,51.0347891166449,14.7976986383577,0.969,3.95608738968062,3.43920674799665,0.832442903389189,0.505112958942417
1990-11-13,1.02,184.91,-1.84,-1.84,410.28,1.9386857234178563,658.41,27.06629,750.88,3.17552224503765,2.27054970568104,0.715016154973943,0.219528466253919,0.207214753166224,16.85,1.1541095890411,212.45,3.09468317552804,0,-16.0641,4.11759799833194,1.37608385686463,0.451685660266874,1.30108445697626,0.601283991047423,33.3877563865537,51.0347891166449,14.7976986383577,0.969,3.95608738968062,3.43920674799665,0.832442903389189,0.505112958942417
1990-11-14,0.76,257.3,-0.22,-0.22,464.17,1.7399297080758576,658.41,27.06629,750.88,3.17552224503765,2.27054970568104,0.715016154973943,0.219528466253919,0.207214753166224,16.85,1.1541095890411,212.45,3.09468317552804,0,-16.0641,4.11759799833194,1.37608385686463,0.451685660266874,1.30108445697626,0.601283991047423,33.3877563865537,51.0347891166449,14.7976986383577,0.969,3.95608738968062,3.43920674799665,0.832442903389189,0.505112958942417
1990-11-15,0.16,310.29,5.48,5.48,626.89,1.752962889409759,658.41,27.06629,750.88,3.17552224503765,2.27054970568104,0.715016154973943,0.219528466253919,0.207214753166224,16.85,1.1541095890411,212.45,3.09468317552804,0,-16.0641,4.11759799833194,1.37608385686463,0.451685660266874,1.30108445697626,0.601283991047423,33.3877563865537,51.0347891166449,14.7976986383577,0.969,3.95608738968062,3.43920674799665,0.832442903389189,0.505112958942417
1990-11-16,2.31,244.43,8.93,8.93,702.16,1.710605050074579,658.41,27.06629,750.88,3.17552224503765,2.27054970568104,0.715016154973943,0.219528466253919,0.207214753166224,16.85,1.1541095890411,212.45,3.09468317552804,0,-16.0641,4.11759799833194,1.37608385686463,0.451685660266874,1.30108445697626,0.601283991047423,33.3877563865537,51.0347891166449,14.7976986383577,0.969,3.95608738968062,3.43920674799665,0.832442903389189,0.505112958942417
1990-11-17,0.69,260.19,6.11,6.11,519.47,1.6063395994033667,658.41,27.06629,750.88,3.17552224503765,2.27054970568104,0.715016154973943,0.219528466253919,0.207214753166224,16.85,1.1541095890411,212.45,3.09468317552804,0,-16.0641,4.11759799833194,1.37608385686463,0.451685660266874,1.30108445697626,0.601283991047423,33.3877563865537,51.0347891166449,14.7976986383577,0.969,3.95608738968062,3.43920674799665,0.832442903389189,0.505112958942417
1990-11-18,0.02,295.0,-1.62,-1.62,316.34,1.4401665373961219,658.41,27.06629,750.88,3.17552224503765,2.27054970568104,0.715016154973943,0.219528466253919,0.207214753166224,16.85,1.1541095890411,212.45,3.09468317552804,0,-16.0641,4.11759799833194,1.37608385686463,0.451685660266874,1.30108445697626,0.601283991047423,33.3877563865537,51.0347891166449,14.7976986383577,0.969,3.95608738968062,3.43920674799665,0.832442903389189,0.505112958942417
1990-11-19,0.0,317.19,-4.04,-4.04,262.87,1.2674768847219262,658.41,27.06629,750.88,3.17552224503765,2.27054970568104,0.715016154973943,0.219528466253919,0.207214753166224,16.85,1.1541095890411,212.45,3.09468317552804,0,-16.0641,4.11759799833194,1.37608385686463,0.451685660266874,1.30108445697626,0.601283991047423,33.3877563865537,51.0347891166449,14.7976986383577,0.969,3.95608738968062,3.43920674799665,0.832442903389189,0.505112958942417
1990-11-20,0.0,306.63,-1.17,-1.17,335.59,1.1762446153846153,658.41,27.06629,750.88,3.17552224503765,2.27054970568104,0.715016154973943,0.219528466253919,0.207214753166224,16.85,1.1541095890411,212.45,3.09468317552804,0,-16.0641,4.11759799833194,1.37608385686463,0.451685660266874,1.30108445697626,0.601283991047423,33.3877563865537,51.0347891166449,14.7976986383577,0.969,3.95608738968062,3.43920674799665,0.832442903389189,0.505112958942417
1990-11-21,0.0,294.37,0.92,0.92,434.3,1.1110787087151075,658.41,27.06629,750.88,3.17552224503765,2.27054970568104,0.715016154973943,0.219528466253919,0.207214753166224,16.85,1.1541095890411,212.45,3.09468317552804,0,-16.0641,4.11759799833194,1.37608385686463,0.451685660266874,1.30108445697626,0.601283991047423,33.3877563865537,51.0347891166449,14.7976986383577,0.969,3.95608738968062,3.43920674799665,0.832442903389189,0.505112958942417
1990-11-22,5.41,215.37,5.15,5.15,621.0,1.0589459833795014,658.41,27.06629,750.88,3.17552224503765,2.27054970568104,0.715016154973943,0.219528466253919,0.207214753166224,16.85,1.1541095890411,212.45,3.09468317552804,0,-16.0641,4.11759799833194,1.37608385686463,0.451685660266874,1.30108445697626,0.601283991047423,33.3877563865537,51.0347891166449,14.7976986383577,0.969,3.95608738968062,3.43920674799665,0.832442903389189,0.505112958942417
1990-11-23,3.06,205.18,5.94,5.94,643.2,1.5313988067334328,658.41,27.06629,750.88,3.17552224503765,2.27054970568104,0.715016154973943,0.219528466253919,0.207214753166224,16.85,1.1541095890411,212.45,3.09468317552804,0,-16.0641,4.11759799833194,1.37608385686463,0.451685660266874,1.30108445697626,0.601283991047423,33.3877563865537,51.0347891166449,14.7976986383577,0.969,3.95608738968062,3.43920674799665,0.832442903389189,0.505112958942417
1990-11-24,0.66,204.1,3.23,3.23,522.4,1.2511854080545493,658.41,27.06629,750.88,3.17552224503765,2.27054970568104,0.715016154973943,0.219528466253919,0.207214753166224,16.85,1.1541095890411,212.45,3.09468317552804,0,-16.0641,4.11759799833194,1.37608385686463,0.451685660266874,1.30108445697626,0.601283991047423,33.3877563865537,51.0347891166449,14.7976986383577,0.969,3.95608738968062,3.43920674799665,0.832442903389189,0.505112958942417
1990-11-25,0.06,259.53,2.89,2.89,486.37,1.1208535947155336,658.41,27.06629,750.88,3.17552224503765,2.27054970568104,0.715016154973943,0.219528466253919,0.207214753166224,16.85,1.1541095890411,212.45,3.09468317552804,0,-16.0641,4.11759799833194,1.37608385686463,0.451685660266874,1.30108445697626,0.601283991047423,33.3877563865537,51.0347891166449,14.7976986383577,0.969,3.95608738968062,3.43920674799665,0.832442903389189,0.505112958942417
1990-11-26,0.41,209.51,2.34,2.34,468.45,1.0165881440443214,658.41,27.06629,750.88,3.17552224503765,2.27054970568104,0.715016154973943,0.219528466253919,0.207214753166224,16.85,1.1541095890411,212.45,3.09468317552804,0,-16.0641,4.11759799833194,1.37608385686463,0.451685660266874,1.30108445697626,0.601283991047423,33.3877563865537,51.0347891166449,14.7976986383577,0.969,3.95608738968062,3.43920674799665,0.832442903389189,0.505112958942417
1990-11-27,0.42,191.32,6.86,6.86,682.97,0.9709720093756657,658.41,27.06629,750.88,3.17552224503765,2.27054970568104,0.715016154973943,0.219528466253919,0.207214753166224,16.85,1.1541095890411,212.45,3.09468317552804,0,-16.0641,4.11759799833194,1.37608385686463,0.451685660266874,1.30108445697626,0.601283991047423,33.3877563865537,51.0347891166449,14.7976986383577,0.969,3.95608738968062,3.43920674799665,0.832442903389189,0.505112958942417
1990-11-28,0.09,237.42,11.17,11.17,815.02,0.9514222373748135,658.41,27.06629,750.88,3.17552224503765,2.27054970568104,0.715016154973943,0.219528466253919,0.207214753166224,16.85,1.1541095890411,212.45,3.09468317552804,0,-16.0641,4.11759799833194,1.37608385686463,0.451685660266874,1.30108445697626,0.601283991047423,33.3877563865537,51.0347891166449,14.7976986383577,0.969,3.95608738968062,3.43920674799665,0.832442903389189,0.505112958942417
1990-11-29,1.17,185.58,7.02,7.02,568.23,0.8829980353718304,658.41,27.06629,750.88,3.17552224503765,2.27054970568104,0.715016154973943,0.219528466253919,0.207214753166224,16.85,1.1541095890411,212.45,3.09468317552804,0,-16.0641,4.11759799833194,1.37608385686463,0.451685660266874,1.30108445697626,0.601283991047423,33.3877563865537,51.0347891166449,14.7976986383577,0.969,3.95608738968062,3.43920674799665,0.832442903389189,0.505112958942417
1990-11-30,0.31,215.67,-0.45,-0.45,386.66,0.8406401960366502,658.41,27.06629,750.88,3.17552224503765,2.27054970568104,0.715016154973943,0.219528466253919,0.207214753166224,16.85,1.1541095890411,212.45,3.09468317552804,0,-16.0641,4.11759799833194,1.37608385686463,0.451685660266874,1.30108445697626,0.601283991047423,33.3877563865537,51.0347891166449,14.7976986383577,0.969,3.95608738968062,3.43920674799665,0.832442903389189,0.505112958942417
1990-12-01,0.0,224.63,1.72,1.72,470.19,0.7917657660345194,658.41,27.06629,750.88,3.17552224503765,2.27054970568104,0.715016154973943,0.219528466253919,0.207214753166224,16.85,1.1541095890411,212.45,3.09468317552804,0,-16.0641,4.11759799833194,1.37608385686463,0.451685660266874,1.30108445697626,0.601283991047423,33.3877563865537,51.0347891166449,14.7976986383577,0.969,3.95608738968062,3.43920674799665,0.832442903389189,0.505112958942417
1990-12-02,2.81,164.64,1.77,1.77,468.48,0.7526662220328147,658.41,27.06629,750.88,3.17552224503765,2.27054970568104,0.715016154973943,0.219528466253919,0.207214753166224,16.85,1.1541095890411,212.45,3.09468317552804,0,-16.0641,4.11759799833194,1.37608385686463,0.451685660266874,1.30108445697626,0.601283991047423,33.3877563865537,51.0347891166449,14.7976986383577,0.969,3.95608738968062,3.43920674799665,0.832442903389189,0.505112958942417
1990-12-03,16.25,163.64,0.96,0.96,437.49,0.7624411080332409,658.41,27.06629,750.88,3.17552224503765,2.27054970568104,0.715016154973943,0.219528466253919,0.207214753166224,16.85,1.1541095890411,212.45,3.09468317552804,0,-16.0641,4.11759799833194,1.37608385686463,0.451685660266874,1.30108445697626,0.601283991047423,33.3877563865537,51.0347891166449,14.7976986383577,0.969,3.95608738968062,3.43920674799665,0.832442903389189,0.505112958942417
1990-12-04,5.17,193.33,0.23,0.23,385.54,3.5841248668229277,658.41,27.06629,750.88,3.17552224503765,2.27054970568104,0.715016154973943,0.219528466253919,0.207214753166224,16.85,1.1541095890411,212.45,3.09468317552804,0,-16.0641,4.11759799833194,1.37608385686463,0.451685660266874,1.30108445697626,0.601283991047423,33.3877563865537,51.0347891166449,14.7976986383577,0.969,3.95608738968062,3.43920674799665,0.832442903389189,0.505112958942417
1990-12-05,0.57,169.2,-4.3,-4.3,304.42,2.143958329426806,658.41,27.06629,750.88,3.17552224503765,2.27054970568104,0.715016154973943,0.219528466253919,0.207214753166224,16.85,1.1541095890411,212.45,3.09468317552804,0,-16.0641,4.11759799833194,1.37608385686463,0.451685660266874,1.30108445697626,0.601283991047423,33.3877563865537,51.0347891166449,14.7976986383577,0.969,3.95608738968062,3.43920674799665,0.832442903389189,0.505112958942417
1990-12-06,0.07,192.96,-4.12,-4.12,334.69,1.8246453867462178,658.41,27.06629,750.88,3.17552224503765,2.27054970568104,0.715016154973943,0.219528466253919,0.207214753166224,16.85,1.1541095890411,212.45,3.09468317552804,0,-16.0641,4.11759799833194,1.37608385686463,0.451685660266874,1.30108445697626,0.601283991047423,33.3877563865537,51.0347891166449,14.7976986383577,0.969,3.95608738968062,3.43920674799665,0.832442903389189,0.505112958942417
1990-12-07,0.0,214.93,-2.79,-2.79,355.99,1.6812803920733004,658.41,27.06629,750.88,3.17552224503765,2.27054970568104,0.715016154973943,0.219528466253919,0.207214753166224,16.85,1.1541095890411,212.45,3.09468317552804,0,-16.0641,4.11759799833194,1.37608385686463,0.451685660266874,1.30108445697626,0.601283991047423,33.3877563865537,51.0347891166449,14.7976986383577,0.969,3.95608738968062,3.43920674799665,0.832442903389189,0.505112958942417
1990-12-08,0.0,238.17,-3.04,-3.04,335.49,1.5118490347325804,658.41,27.06629,750.88,3.17552224503765,2.27054970568104,0.715016154973943,0.219528466253919,0.207214753166224,16.85,1.1541095890411,212.45,3.09468317552804,0,-16.0641,4.11759799833194,1.37608385686463,0.451685660266874,1.30108445697626,0.601283991047423,33.3877563865537,51.0347891166449,14.7976986383577,0.969,3.95608738968062,3.43920674799665,0.832442903389189,0.505112958942417
1990-12-09,0.0,254.58,-1.17,-1.17,371.37,1.3880338120605156,658.41,27.06629,750.88,3.17552224503765,2.27054970568104,0.715016154973943,0.219528466253919,0.207214753166224,16.85,1.1541095890411,212.45,3.09468317552804,0,-16.0641,4.11759799833194,1.37608385686463,0.451685660266874,1.30108445697626,0.601283991047423,33.3877563865537,51.0347891166449,14.7976986383577,0.969,3.95608738968062,3.43920674799665,0.832442903389189,0.505112958942417
1990-12-10,0.0,224.87,0.07,0.07,399.53,1.3130930193905817,658.41,27.06629,750.88,3.17552224503765,2.27054970568104,0.715016154973943,0.219528466253919,0.207214753166224,16.85,1.1541095890411,212.45,3.09468317552804,0,-16.0641,4.11759799833194,1.37608385686463,0.451685660266874,1.30108445697626,0.601283991047423,33.3877563865537,51.0347891166449,14.7976986383577,0.969,3.95608738968062,3.43920674799665,0.832442903389189,0.505112958942417
1990-12-11,0.0,225.76,-3.3,-3.3,319.69,1.1860195013850414,658.41,27.06629,750.88,3.17552224503765,2.27054970568104,0.715016154973943,0.219528466253919,0.207214753166224,16.85,1.1541095890411,212.45,3.09468317552804,0,-16.0641,4.11759799833194,1.37608385686463,0.451685660266874,1.30108445697626,0.601283991047423,33.3877563865537,51.0347891166449,14.7976986383577,0.969,3.95608738968062,3.43920674799665,0.832442903389189,0.505112958942417
1990-12-12,0.02,236.94,-0.88,-0.88,359.94,1.081754050713829,658.41,27.06629,750.88,3.17552224503765,2.27054970568104,0.715016154973943,0.219528466253919,0.207214753166224,16.85,1.1541095890411,212.45,3.09468317552804,0,-16.0641,4.11759799833194,1.37608385686463,0.451685660266874,1.30108445697626,0.601283991047423,33.3877563865537,51.0347891166449,14.7976986383577,0.969,3.95608738968062,3.43920674799665,0.832442903389189,0.505112958942417
1990-12-13,0.15,186.99,1.47,1.47,393.87,1.0784957553803536,658.41,27.06629,750.88,3.17552224503765,2.27054970568104,0.715016154973943,0.219528466253919,0.207214753166224,16.85,1.1541095890411,212.45,3.09468317552804,0,-16.0641,4.11759799833194,1.37608385686463,0.451685660266874,1.30108445697626,0.601283991047423,33.3877563865537,51.0347891166449,14.7976986383577,0.969,3.95608738968062,3.43920674799665,0.832442903389189,0.505112958942417
1990-12-14,1.56,212.07,-3.29,-3.29,285.51,0.9905217813765181,658.41,27.06629,750.88,3.17552224503765,2.27054970568104,0.715016154973943,0.219528466253919,0.207214753166224,16.85,1.1541095890411,212.45,3.09468317552804,0,-16.0641,4.11759799833194,1.37608385686463,0.451685660266874,1.30108445697626,0.601283991047423,33.3877563865537,51.0347891166449,14.7976986383577,0.969,3.95608738968062,3.43920674799665,0.832442903389189,0.505112958942417
1990-12-15,7.72,179.44,-2.58,-2.58,352.97,0.8667065587044533,658.41,27.06629,750.88,3.17552224503765,2.27054970568104,0.715016154973943,0.219528466253919,0.207214753166224,16.85,1.1541095890411,212.45,3.09468317552804,0,-16.0641,4.11759799833194,1.37608385686463,0.451685660266874,1.30108445697626,0.601283991047423,33.3877563865537,51.0347891166449,14.7976986383577,0.969,3.95608738968062,3.43920674799665,0.832442903389189,0.505112958942417
1990-12-16,2.63,132.57,-0.55,-0.55,463.98,1.3228679053910077,658.41,27.06629,750.88,3.17552224503765,2.27054970568104,0.715016154973943,0.219528466253919,0.207214753166224,16.85,1.1541095890411,212.45,3.09468317552804,0,-16.0641,4.11759799833194,1.37608385686463,0.451685660266874,1.30108445697626,0.601283991047423,33.3877563865537,51.0347891166449,14.7976986383577,0.969,3.95608738968062,3.43920674799665,0.832442903389189,0.505112958942417
1990-12-17,4.99,133.29,0.55,0.55,519.23,1.2316356360536969,658.41,27.06629,750.88,3.17552224503765,2.27054970568104,0.715016154973943,0.219528466253919,0.207214753166224,16.85,1.1541095890411,212.45,3.09468317552804,0,-16.0641,4.11759799833194,1.37608385686463,0.451685660266874,1.30108445697626,0.601283991047423,33.3877563865537,51.0347891166449,14.7976986383577,0.969,3.95608738968062,3.43920674799665,0.832442903389189,0.505112958942417
1990-12-18,9.27,150.07,2.08,2.08,548.21,2.772809328787556,658.41,27.06629,750.88,3.17552224503765,2.27054970568104,0.715016154973943,0.219528466253919,0.207214753166224,16.85,1.1541095890411,212.45,3.09468317552804,0,-16.0641,4.11759799833194,1.37608385686463,0.451685660266874,1.30108445697626,0.601283991047423,33.3877563865537,51.0347891166449,14.7976986383577,0.969,3.95608738968062,3.43920674799665,0.832442903389189,0.505112958942417
1990-12-19,2.73,202.11,-0.3,-0.3,427.39,4.789694140208821,658.41,27.06629,750.88,3.17552224503765,2.27054970568104,0.715016154973943,0.219528466253919,0.207214753166224,16.85,1.1541095890411,212.45,3.09468317552804,0,-16.0641,4.11759799833194,1.37608385686463,0.451685660266874,1.30108445697626,0.601283991047423,33.3877563865537,51.0347891166449,14.7976986383577,0.969,3.95608738968062,3.43920674799665,0.832442903389189,0.505112958942417
1990-12-20,1.04,208.21,-2.27,-2.27,362.08,2.798875691455359,658.41,27.06629,750.88,3.17552224503765,2.27054970568104,0.715016154973943,0.219528466253919,0.207214753166224,16.85,1.1541095890411,212.45,3.09468317552804,0,-16.0641,4.11759799833194,1.37608385686463,0.451685660266874,1.30108445697626,0.601283991047423,33.3877563865537,51.0347891166449,14.7976986383577,0.969,3.95608738968062,3.43920674799665,0.832442903389189,0.505112958942417
1990-12-21,3.45,182.01,2.61,2.61,558.47,2.8216837587896864,658.41,27.06629,750.88,3.17552224503765,2.27054970568104,0.715016154973943,0.219528466253919,0.207214753166224,16.85,1.1541095890411,212.45,3.09468317552804,0,-16.0641,4.11759799833194,1.37608385686463,0.451685660266874,1.30108445697626,0.601283991047423,33.3877563865537,51.0347891166449,14.7976986383577,0.969,3.95608738968062,3.43920674799665,0.832442903389189,0.505112958942417
1990-12-22,8.94,168.19,6.77,6.77,719.23,2.701126831451097,658.41,27.06629,750.88,3.17552224503765,2.27054970568104,0.715016154973943,0.219528466253919,0.207214753166224,16.85,1.1541095890411,212.45,3.09468317552804,0,-16.0641,4.11759799833194,1.37608385686463,0.451685660266874,1.30108445697626,0.601283991047423,33.3877563865537,51.0347891166449,14.7976986383577,0.969,3.95608738968062,3.43920674799665,0.832442903389189,0.505112958942417
1990-12-23,11.54,190.77,4.65,4.65,551.82,4.7245282335393135,658.41,27.06629,750.88,3.17552224503765,2.27054970568104,0.715016154973943,0.219528466253919,0.207214753166224,16.85,1.1541095890411,212.45,3.09468317552804,0,-16.0641,4.11759799833194,1.37608385686463,0.451685660266874,1.30108445697626,0.601283991047423,33.3877563865537,51.0347891166449,14.7976986383577,0.969,3.95608738968062,3.43920674799665,0.832442903389189,0.505112958942417
1990-12-24,2.89,202.9,-3.25,-3.25,291.88,6.8098372469635615,658.41,27.06629,750.88,3.17552224503765,2.27054970568104,0.715016154973943,0.219528466253919,0.207214753166224,16.85,1.1541095890411,212.45,3.09468317552804,0,-16.0641,4.11759799833194,1.37608385686463,0.451685660266874,1.30108445697626,0.601283991047423,33.3877563865537,51.0347891166449,14.7976986383577,0.969,3.95608738968062,3.43920674799665,0.832442903389189,0.505112958942417
1990-12-25,0.17,223.07,-9.46,-9.46,188.25,3.616707820157681,658.41,27.06629,750.88,3.17552224503765,2.27054970568104,0.715016154973943,0.219528466253919,0.207214753166224,16.85,1.1541095890411,212.45,3.09468317552804,0,-16.0641,4.11759799833194,1.37608385686463,0.451685660266874,1.30108445697626,0.601283991047423,33.3877563865537,51.0347891166449,14.7976986383577,0.969,3.95608738968062,3.43920674799665,0.832442903389189,0.505112958942417
1990-12-26,1.37,154.33,-7.62,-7.62,231.78,2.8705581887918172,658.41,27.06629,750.88,3.17552224503765,2.27054970568104,0.715016154973943,0.219528466253919,0.207214753166224,16.85,1.1541095890411,212.45,3.09468317552804,0,-16.0641,4.11759799833194,1.37608385686463,0.451685660266874,1.30108445697626,0.601283991047423,33.3877563865537,51.0347891166449,14.7976986383577,0.969,3.95608738968062,3.43920674799665,0.832442903389189,0.505112958942417
1990-12-27,4.9,201.18,-11.06,-11.06,177.62,2.117891966759003,658.41,27.06629,750.88,3.17552224503765,2.27054970568104,0.715016154973943,0.219528466253919,0.207214753166224,16.85,1.1541095890411,212.45,3.09468317552804,0,-16.0641,4.11759799833194,1.37608385686463,0.451685660266874,1.30108445697626,0.601283991047423,33.3877563865537,51.0347891166449,14.7976986383577,0.969,3.95608738968062,3.43920674799665,0.832442903389189,0.505112958942417
1990-12-28,4.65,205.57,-6.65,-6.65,267.62,2.0527260600894945,658.41,27.06629,750.88,3.17552224503765,2.27054970568104,0.715016154973943,0.219528466253919,0.207214753166224,16.85,1.1541095890411,212.45,3.09468317552804,0,-16.0641,4.11759799833194,1.37608385686463,0.451685660266874,1.30108445697626,0.601283991047423,33.3877563865537,51.0347891166449,14.7976986383577,0.969,3.95608738968062,3.43920674799665,0.832442903389189,0.505112958942417
1990-12-29,12.44,220.86,1.7,1.7,478.2,2.6457358107820155,658.41,27.06629,750.88,3.17552224503765,2.27054970568104,0.715016154973943,0.219528466253919,0.207214753166224,16.85,1.1541095890411,212.45,3.09468317552804,0,-16.0641,4.11759799833194,1.37608385686463,0.451685660266874,1.30108445697626,0.601283991047423,33.3877563865537,51.0347891166449,14.7976986383577,0.969,3.95608738968062,3.43920674799665,0.832442903389189,0.505112958942417
1990-12-30,15.32,195.27,7.01,7.01,662.6,13.978086980609415,658.41,27.06629,750.88,3.17552224503765,2.27054970568104,0.715016154973943,0.219528466253919,0.207214753166224,16.85,1.1541095890411,212.45,3.09468317552804,0,-16.0641,4.11759799833194,1.37608385686463,0.451685660266874,1.30108445697626,0.601283991047423,33.3877563865537,51.0347891166449,14.7976986383577,0.969,3.95608738968062,3.43920674799665,0.832442903389189,0.505112958942417
1990-12-31,3.3,277.04,-0.84,-0.84,338.16,10.654625740464521,658.41,27.06629,750.88,3.17552224503765,2.27054970568104,0.715016154973943,0.219528466253919,0.207214753166224,16.85,1.1541095890411,212.45,3.09468317552804,0,-16.0641,4.11759799833194,1.37608385686463,0.451685660266874,1.30108445697626,0.601283991047423,33.3877563865537,51.0347891166449,14.7976986383577,0.969,3.95608738968062,3.43920674799665,0.832442903389189,0.505112958942417
1991-01-01,0.23,248.07,-4.56,-4.56,265.05,5.1155236735563605,658.41,27.06629,750.88,3.17552224503765,2.27054970568104,0.715016154973943,0.219528466253919,0.207214753166224,16.85,1.1541095890411,212.45,3.09468317552804,0,-16.0641,4.11759799833194,1.37608385686463,0.451685660266874,1.30108445697626,0.601283991047423,33.3877563865537,51.0347891166449,14.7976986383577,0.969,3.95608738968062,3.43920674799665,0.832442903389189,0.505112958942417
1991-01-02,0.07,261.67,-3.85,-3.85,287.33,3.714456680161943,658.41,27.06629,750.88,3.17552224503765,2.27054970568104,0.715016154973943,0.219528466253919,0.207214753166224,16.85,1.1541095890411,212.45,3.09468317552804,0,-16.0641,4.11759799833194,1.37608385686463,0.451685660266874,1.30108445697626,0.601283991047423,33.3877563865537,51.0347891166449,14.7976986383577,0.969,3.95608738968062,3.43920674799665,0.832442903389189,0.505112958942417
1991-01-03,0.17,183.43,-4.67,-4.67,290.17,3.020439774131685,658.41,27.06629,750.88,3.17552224503765,2.27054970568104,0.715016154973943,0.219528466253919,0.207214753166224,16.85,1.1541095890411,212.45,3.09468317552804,0,-16.0641,4.11759799833194,1.37608385686463,0.451685660266874,1.30108445697626,0.601283991047423,33.3877563865537,51.0347891166449,14.7976986383577,0.969,3.95608738968062,3.43920674799665,0.832442903389189,0.505112958942417
1991-01-04,0.05,216.51,-5.58,-5.58,280.81,2.375297298103558,658.41,27.06629,750.88,3.17552224503765,2.27054970568104,0.715016154973943,0.219528466253919,0.207214753166224,16.85,1.1541095890411,212.45,3.09468317552804,0,-16.0641,4.11759799833194,1.37608385686463,0.451685660266874,1.30108445697626,0.601283991047423,33.3877563865537,51.0347891166449,14.7976986383577,0.969,3.95608738968062,3.43920674799665,0.832442903389189,0.505112958942417
1991-01-05,2.0,211.12,-5.89,-5.89,267.01,1.945202314084807,658.41,27.06629,750.88,3.17552224503765,2.27054970568104,0.715016154973943,0.219528466253919,0.207214753166224,16.85,1.1541095890411,212.45,3.09468317552804,0,-16.0641,4.11759799833194,1.37608385686463,0.451685660266874,1.30108445697626,0.601283991047423,33.3877563865537,51.0347891166449,14.7976986383577,0.969,3.95608738968062,3.43920674799665,0.832442903389189,0.505112958942417
1991-01-06,0.53,234.49,-3.69,-3.69,316.83,1.6943135734072021,658.41,27.06629,750.88,3.17552224503765,2.27054970568104,0.715016154973943,0.219528466253919,0.207214753166224,16.85,1.1541095890411,212.45,3.09468317552804,0,-16.0641,4.11759799833194,1.37608385686463,0.451685660266874,1.30108445697626,0.601283991047423,33.3877563865537,51.0347891166449,14.7976986383577,0.969,3.95608738968062,3.43920674799665,0.832442903389189,0.505112958942417
1991-01-07,0.06,169.86,-5.8,-5.8,268.11,1.401066993394417,658.41,27.06629,750.88,3.17552224503765,2.27054970568104,0.715016154973943,0.219528466253919,0.207214753166224,16.85,1.1541095890411,212.45,3.09468317552804,0,-16.0641,4.11759799833194,1.37608385686463,0.451685660266874,1.30108445697626,0.601283991047423,33.3877563865537,51.0347891166449,14.7976986383577,0.969,3.95608738968062,3.43920674799665,0.832442903389189,0.505112958942417
1991-01-08,0.35,233.35,-10.29,-10.29,169.71,1.140403366716386,658.41,27.06629,750.88,3.17552224503765,2.27054970568104,0.715016154973943,0.219528466253919,0.207214753166224,16.85,1.1541095890411,212.45,3.09468317552804,0,-16.0641,4.11759799833194,1.37608385686463,0.451685660266874,1.30108445697626,0.601283991047423,33.3877563865537,51.0347891166449,14.7976986383577,0.969,3.95608738968062,3.43920674799665,0.832442903389189,0.505112958942417
1991-01-09,0.09,270.41,-5.39,-5.39,260.04,1.140403366716386,658.41,27.06629,750.88,3.17552224503765,2.27054970568104,0.715016154973943,0.219528466253919,0.207214753166224,16.85,1.1541095890411,212.45,3.09468317552804,0,-16.0641,4.11759799833194,1.37608385686463,0.451685660266874,1.30108445697626,0.601283991047423,33.3877563865537,51.0347891166449,14.7976986383577,0.969,3.95608738968062,3.43920674799665,0.832442903389189,0.505112958942417
1991-01-10,1.67,192.14,-3.62,-3.62,312.63,1.0752374600468781,658.41,27.06629,750.88,3.17552224503765,2.27054970568104,0.715016154973943,0.219528466253919,0.207214753166224,16.85,1.1541095890411,212.45,3.09468317552804,0,-16.0641,4.11759799833194,1.37608385686463,0.451685660266874,1.30108445697626,0.601283991047423,33.3877563865537,51.0347891166449,14.7976986383577,0.969,3.95608738968062,3.43920674799665,0.832442903389189,0.505112958942417
1991-01-11,12.69,201.09,-6.1,-6.1,265.16,0.8797397400383549,658.41,27.06629,750.88,3.17552224503765,2.27054970568104,0.715016154973943,0.219528466253919,0.207214753166224,16.85,1.1541095890411,212.45,3.09468317552804,0,-16.0641,4.11759799833194,1.37608385686463,0.451685660266874,1.30108445697626,0.601283991047423,33.3877563865537,51.0347891166449,14.7976986383577,0.969,3.95608738968062,3.43920674799665,0.832442903389189,0.505112958942417
1991-01-12,3.62,223.6,-4.99,-4.99,275.14,0.8471567867036011,658.41,27.06629,750.88,3.17552224503765,2.27054970568104,0.715016154973943,0.219528466253919,0.207214753166224,16.85,1.1541095890411,212.45,3.09468317552804,0,-16.0641,4.11759799833194,1.37608385686463,0.451685660266874,1.30108445697626,0.601283991047423,33.3877563865537,51.0347891166449,14.7976986383577,0.969,3.95608738968062,3.43920674799665,0.832442903389189,0.505112958942417
1991-01-13,0.11,269.9,-5.38,-5.38,269.64,0.8471567867036011,658.41,27.06629,750.88,3.17552224503765,2.27054970568104,0.715016154973943,0.219528466253919,0.207214753166224,16.85,1.1541095890411,212.45,3.09468317552804,0,-16.0641,4.11759799833194,1.37608385686463,0.451685660266874,1.30108445697626,0.601283991047423,33.3877563865537,51.0347891166449,14.7976986383577,0.969,3.95608738968062,3.43920674799665,0.832442903389189,0.505112958942417
1991-01-14,0.02,253.38,-4.3,-4.3,322.94,0.8471567867036011,658.41,27.06629,750.88,3.17552224503765,2.27054970568104,0.715016154973943,0.219528466253919,0.207214753166224,16.85,1.1541095890411,212.45,3.09468317552804,0,-16.0641,4.11759799833194,1.37608385686463,0.451685660266874,1.30108445697626,0.601283991047423,33.3877563865537,51.0347891166449,14.7976986383577,0.969,3.95608738968062,3.43920674799665,0.832442903389189,0.505112958942417
1991-01-15,3.09,223.68,0.76,0.76,467.54,0.8927729213722564,658.41,27.06629,750.88,3.17552224503765,2.27054970568104,0.715016154973943,0.219528466253919,0.207214753166224,16.85,1.1541095890411,212.45,3.09468317552804,0,-16.0641,4.11759799833194,1.37608385686463,0.451685660266874,1.30108445697626,0.601283991047423,33.3877563865537,51.0347891166449,14.7976986383577,0.969,3.95608738968062,3.43920674799665,0.832442903389189,0.505112958942417
1991-01-16,4.55,192.94,2.51,2.51,530.32,1.508590739399105,658.41,27.06629,750.88,3.17552224503765,2.27054970568104,0.715016154973943,0.219528466253919,0.207214753166224,16.85,1.1541095890411,212.45,3.09468317552804,0,-16.0641,4.11759799833194,1.37608385686463,0.451685660266874,1.30108445697626,0.601283991047423,33.3877563865537,51.0347891166449,14.7976986383577,0.969,3.95608738968062,3.43920674799665,0.832442903389189,0.505112958942417
1991-01-17,2.08,205.4,0.13,0.13,438.37,2.4665295674408694,658.41,27.06629,750.88,3.17552224503765,2.27054970568104,0.715016154973943,0.219528466253919,0.207214753166224,16.85,1.1541095890411,212.45,3.09468317552804,0,-16.0641,4.11759799833194,1.37608385686463,0.451685660266874,1.30108445697626,0.601283991047423,33.3877563865537,51.0347891166449,14.7976986383577,0.969,3.95608738968062,3.43920674799665,0.832442903389189,0.505112958942417
1991-01-18,0.94,176.89,-2.85,-2.85,368.8,1.6454391434050712,658.41,27.06629,750.88,3.17552224503765,2.27054970568104,0.715016154973943,0.219528466253919,0.207214753166224,16.85,1.1541095890411,212.45,3.09468317552804,0,-16.0641,4.11759799833194,1.37608385686463,0.451685660266874,1.30108445697626,0.601283991047423,33.3877563865537,51.0347891166449,14.7976986383577,0.969,3.95608738968062,3.43920674799665,0.832442903389189,0.505112958942417
1991-01-19,0.17,277.3,-1.09,-1.09,404.58,1.417358470061794,658.41,27.06629,750.88,3.17552224503765,2.27054970568104,0.715016154973943,0.219528466253919,0.207214753166224,16.85,1.1541095890411,212.45,3.09468317552804,0,-16.0641,4.11759799833194,1.37608385686463,0.451685660266874,1.30108445697626,0.601283991047423,33.3877563865537,51.0347891166449,14.7976986383577,0.969,3.95608738968062,3.43920674799665,0.832442903389189,0.505112958942417
1991-01-20,3.49,199.43,-0.56,-0.56,399.41,1.4043252887278925,658.41,27.06629,750.88,3.17552224503765,2.27054970568104,0.715016154973943,0.219528466253919,0.207214753166224,16.85,1.1541095890411,212.45,3.09468317552804,0,-16.0641,4.11759799833194,1.37608385686463,0.451685660266874,1.30108445697626,0.601283991047423,33.3877563865537,51.0347891166449,14.7976986383577,0.969,3.95608738968062,3.43920674799665,0.832442903389189,0.505112958942417
1991-01-21,0.98,292.57,-6.11,-6.11,209.97,1.2707351800554014,658.41,27.06629,750.88,3.17552224503765,2.27054970568104,0.715016154973943,0.219528466253919,0.207214753166224,16.85,1.1541095890411,212.45,3.09468317552804,0,-16.0641,4.11759799833194,1.37608385686463,0.451685660266874,1.30108445697626,0.601283991047423,33.3877563865537,51.0347891166449,14.7976986383577,0.969,3.95608738968062,3.43920674799665,0.832442903389189,0.505112958942417
1991-01-22,0.02,325.43,-15.01,-15.01,97.5,0.9774886000426166,658.41,27.06629,750.88,3.17552224503765,2.27054970568104,0.715016154973943,0.219528466253919,0.207214753166224,16.85,1.1541095890411,212.45,3.09468317552804,0,-16.0641,4.11759799833194,1.37608385686463,0.451685660266874,1.30108445697626,0.601283991047423,33.3877563865537,51.0347891166449,14.7976986383577,0.969,3.95608738968062,3.43920674799665,0.832442903389189,0.505112958942417
1991-01-23,0.4,260.42,-13.11,-13.11,124.56,0.9449056467078627,658.41,27.06629,750.88,3.17552224503765,2.27054970568104,0.715016154973943,0.219528466253919,0.207214753166224,16.85,1.1541095890411,212.45,3.09468317552804,0,-16.0641,4.11759799833194,1.37608385686463,0.451685660266874,1.30108445697626,0.601283991047423,33.3877563865537,51.0347891166449,14.7976986383577,0.969,3.95608738968062,3.43920674799665,0.832442903389189,0.505112958942417
1991-01-24,0.5,193.5,-7.85,-7.85,207.42,0.9123226933731089,658.41,27.06629,750.88,3.17552224503765,2.27054970568104,0.715016154973943,0.219528466253919,0.207214753166224,16.85,1.1541095890411,212.45,3.09468317552804,0,-16.0641,4.11759799833194,1.37608385686463,0.451685660266874,1.30108445697626,0.601283991047423,33.3877563865537,51.0347891166449,14.7976986383577,0.969,3.95608738968062,3.43920674799665,0.832442903389189,0.505112958942417
1991-01-25,0.1,336.8,-14.04,-14.04,111.3,0.8797397400383549,658.41,27.06629,750.88,3.17552224503765,2.27054970568104,0.715016154973943,0.219528466253919,0.207214753166224,16.85,1.1541095890411,212.45,3.09468317552804,0,-16.0641,4.11759799833194,1.37608385686463,0.451685660266874,1.30108445697626,0.601283991047423,33.3877563865537,51.0347891166449,14.7976986383577,0.969,3.95608738968062,3.43920674799665,0.832442903389189,0.505112958942417
1991-01-26,0.73,257.09,-13.19,-13.19,123.13,0.8471567867036011,658.41,27.06629,750.88,3.17552224503765,2.27054970568104,0.715016154973943,0.219528466253919,0.207214753166224,16.85,1.1541095890411,212.45,3.09468317552804,0,-16.0641,4.11759799833194,1.37608385686463,0.451685660266874,1.30108445697626,0.601283991047423,33.3877563865537,51.0347891166449,14.7976986383577,0.969,3.95608738968062,3.43920674799665,0.832442903389189,0.505112958942417
1991-01-27,3.12,259.82,-8.66,-8.66,186.81,0.8471567867036011,658.41,27.06629,750.88,3.17552224503765,2.27054970568104,0.715016154973943,0.219528466253919,0.207214753166224,16.85,1.1541095890411,212.45,3.09468317552804,0,-16.0641,4.11759799833194,1.37608385686463,0.451685660266874,1.30108445697626,0.601283991047423,33.3877563865537,51.0347891166449,14.7976986383577,0.969,3.95608738968062,3.43920674799665,0.832442903389189,0.505112958942417
1991-01-28,1.65,278.09,-5.39,-5.39,236.31,0.8145738333688473,658.41,27.06629,750.88,3.17552224503765,2.27054970568104,0.715016154973943,0.219528466253919,0.207214753166224,16.85,1.1541095890411,212.45,3.09468317552804,0,-16.0641,4.11759799833194,1.37608385686463,0.451685660266874,1.30108445697626,0.601283991047423,33.3877563865537,51.0347891166449,14.7976986383577,0.969,3.95608738968062,3.43920674799665,0.832442903389189,0.505112958942417
1991-01-29,5.15,269.42,-3.63,-3.63,265.05,0.7819908800340932,658.41,27.06629,750.88,3.17552224503765,2.27054970568104,0.715016154973943,0.219528466253919,0.207214753166224,16.85,1.1541095890411,212.45,3.09468317552804,0,-16.0641,4.11759799833194,1.37608385686463,0.451685660266874,1.30108445697626,0.601283991047423,33.3877563865537,51.0347891166449,14.7976986383577,0.969,3.95608738968062,3.43920674799665,0.832442903389189,0.505112958942417
1991-01-30,2.53,247.86,-3.59,-3.59,282.07,0.7494079266993394,658.41,27.06629,750.88,3.17552224503765,2.27054970568104,0.715016154973943,0.219528466253919,0.207214753166224,16.85,1.1541095890411,212.45,3.09468317552804,0,-16.0641,4.11759799833194,1.37608385686463,0.451685660266874,1.30108445697626,0.601283991047423,33.3877563865537,51.0347891166449,14.7976986383577,0.969,3.95608738968062,3.43920674799665,0.832442903389189,0.505112958942417
1991-01-31,1.07,211.75,-6.42,-6.42,249.67,0.7494079266993394,658.41,27.06629,750.88,3.17552224503765,2.27054970568104,0.715016154973943,0.219528466253919,0.207214753166224,16.85,1.1541095890411,212.45,3.09468317552804,0,-16.0641,4.11759799833194,1.37608385686463,0.451685660266874,1.30108445697626,0.601283991047423,33.3877563865537,51.0347891166449,14.7976986383577,0.969,3.95608738968062,3.43920674799665,0.832442903389189,0.505112958942417
1991-02-01,0.21,289.38,-7.25,-7.25,239.44,0.7168249733645855,658.41,27.06629,750.88,3.17552224503765,2.27054970568104,0.715016154973943,0.219528466253919,0.207214753166224,16.85,1.1541095890411,212.45,3.09468317552804,0,-16.0641,4.11759799833194,1.37608385686463,0.451685660266874,1.30108445697626,0.601283991047423,33.3877563865537,51.0347891166449,14.7976986383577,0.969,3.95608738968062,3.43920674799665,0.832442903389189,0.505112958942417
1991-02-02,0.0,360.31,-3.47,-3.47,291.89,0.7168249733645855,658.41,27.06629,750.88,3.17552224503765,2.27054970568104,0.715016154973943,0.219528466253919,0.207214753166224,16.85,1.1541095890411,212.45,3.09468317552804,0,-16.0641,4.11759799833194,1.37608385686463,0.451685660266874,1.30108445697626,0.601283991047423,33.3877563865537,51.0347891166449,14.7976986383577,0.969,3.95608738968062,3.43920674799665,0.832442903389189,0.505112958942417
1991-02-03,0.0,357.27,2.41,2.41,433.79,0.7819908800340932,658.41,27.06629,750.88,3.17552224503765,2.27054970568104,0.715016154973943,0.219528466253919,0.207214753166224,16.85,1.1541095890411,212.45,3.09468317552804,0,-16.0641,4.11759799833194,1.37608385686463,0.451685660266874,1.30108445697626,0.601283991047423,33.3877563865537,51.0347891166449,14.7976986383577,0.969,3.95608738968062,3.43920674799665,0.832442903389189,0.505112958942417
1991-02-04,0.0,351.98,5.84,5.84,565.24,1.0328796207116981,658.41,27.06629,750.88,3.17552224503765,2.27054970568104,0.715016154973943,0.219528466253919,0.207214753166224,16.85,1.1541095890411,212.45,3.09468317552804,0,-16.0641,4.11759799833194,1.37608385686463,0.451685660266874,1.30108445697626,0.601283991047423,33.3877563865537,51.0347891166449,14.7976986383577,0.969,3.95608738968062,3.43920674799665,0.832442903389189,0.505112958942417
1991-02-05,0.02,309.58,6.27,6.27,618.57,2.0234014020882163,658.41,27.06629,750.88,3.17552224503765,2.27054970568104,0.715016154973943,0.219528466253919,0.207214753166224,16.85,1.1541095890411,212.45,3.09468317552804,0,-16.0641,4.11759799833194,1.37608385686463,0.451685660266874,1.30108445697626,0.601283991047423,33.3877563865537,51.0347891166449,14.7976986383577,0.969,3.95608738968062,3.43920674799665,0.832442903389189,0.505112958942417
1991-02-06,5.19,183.95,4.17,4.17,612.85,2.681577059450245,658.41,27.06629,750.88,3.17552224503765,2.27054970568104,0.715016154973943,0.219528466253919,0.207214753166224,16.85,1.1541095890411,212.45,3.09468317552804,0,-16.0641,4.11759799833194,1.37608385686463,0.451685660266874,1.30108445697626,0.601283991047423,33.3877563865537,51.0347891166449,14.7976986383577,0.969,3.95608738968062,3.43920674799665,0.832442903389189,0.505112958942417
1991-02-07,1.65,163.79,2.28,2.28,575.79,4.268366886852759,658.41,27.06629,750.88,3.17552224503765,2.27054970568104,0.715016154973943,0.219528466253919,0.207214753166224,16.85,1.1541095890411,212.45,3.09468317552804,0,-16.0641,4.11759799833194,1.37608385686463,0.451685660266874,1.30108445697626,0.601283991047423,33.3877563865537,51.0347891166449,14.7976986383577,0.969,3.95608738968062,3.43920674799665,0.832442903389189,0.505112958942417
1991-02-08,0.08,303.86,2.13,2.13,523.56,3.3234612401448964,658.41,27.06629,750.88,3.17552224503765,2.27054970568104,0.715016154973943,0.219528466253919,0.207214753166224,16.85,1.1541095890411,212.45,3.09468317552804,0,-16.0641,4.11759799833194,1.37608385686463,0.451685660266874,1.30108445697626,0.601283991047423,33.3877563865537,51.0347891166449,14.7976986383577,0.969,3.95608738968062,3.43920674799665,0.832442903389189,0.505112958942417
1991-02-09,0.0,270.65,1.81,1.81,505.73,2.831458644790113,658.41,27.06629,750.88,3.17552224503765,2.27054970568104,0.715016154973943,0.219528466253919,0.207214753166224,16.85,1.1541095890411,212.45,3.09468317552804,0,-16.0641,4.11759799833194,1.37608385686463,0.451685660266874,1.30108445697626,0.601283991047423,33.3877563865537,51.0347891166449,14.7976986383577,0.969,3.95608738968062,3.43920674799665,0.832442903389189,0.505112958942417
1991-02-10,0.46,172.88,0.52,0.52,460.27,2.433946614106115,658.41,27.06629,750.88,3.17552224503765,2.27054970568104,0.715016154973943,0.219528466253919,0.207214753166224,16.85,1.1541095890411,212.45,3.09468317552804,0,-16.0641,4.11759799833194,1.37608385686463,0.451685660266874,1.30108445697626,0.601283991047423,33.3877563865537,51.0347891166449,14.7976986383577,0.969,3.95608738968062,3.43920674799665,0.832442903389189,0.505112958942417
1991-02-11,0.67,280.38,-5.88,-5.88,251.76,2.033176288088643,658.41,27.06629,750.88,3.17552224503765,2.27054970568104,0.715016154973943,0.219528466253919,0.207214753166224,16.85,1.1541095890411,212.45,3.09468317552804,0,-16.0641,4.11759799833194,1.37608385686463,0.451685660266874,1.30108445697626,0.601283991047423,33.3877563865537,51.0347891166449,14.7976986383577,0.969,3.95608738968062,3.43920674799665,0.832442903389189,0.505112958942417
1991-02-12,0.3,287.7,-7.91,-7.91,220.23,1.7236382314084806,658.41,27.06629,750.88,3.17552224503765,2.27054970568104,0.715016154973943,0.219528466253919,0.207214753166224,16.85,1.1541095890411,212.45,3.09468317552804,0,-16.0641,4.11759799833194,1.37608385686463,0.451685660266874,1.30108445697626,0.601283991047423,33.3877563865537,51.0347891166449,14.7976986383577,0.969,3.95608738968062,3.43920674799665,0.832442903389189,0.505112958942417
1991-02-13,6.04,238.79,-5.88,-5.88,279.55,1.5867898274025143,658.41,27.06629,750.88,3.17552224503765,2.27054970568104,0.715016154973943,0.219528466253919,0.207214753166224,16.85,1.1541095890411,212.45,3.09468317552804,0,-16.0641,4.11759799833194,1.37608385686463,0.451685660266874,1.30108445697626,0.601283991047423,33.3877563865537,51.0347891166449,14.7976986383577,0.969,3.95608738968062,3.43920674799665,0.832442903389189,0.505112958942417
1991-02-14,5.63,248.39,-3.28,-3.28,316.45,1.4662329000639247,658.41,27.06629,750.88,3.17552224503765,2.27054970568104,0.715016154973943,0.219528466253919,0.207214753166224,16.85,1.1541095890411,212.45,3.09468317552804,0,-16.0641,4.11759799833194,1.37608385686463,0.451685660266874,1.30108445697626,0.601283991047423,33.3877563865537,51.0347891166449,14.7976986383577,0.969,3.95608738968062,3.43920674799665,0.832442903389189,0.505112958942417
1991-02-15,1.9,304.83,-6.81,-6.81,207.82,1.2707351800554014,658.41,27.06629,750.88,3.17552224503765,2.27054970568104,0.715016154973943,0.219528466253919,0.207214753166224,16.85,1.1541095890411,212.45,3.09468317552804,0,-16.0641,4.11759799833194,1.37608385686463,0.451685660266874,1.30108445697626,0.601283991047423,33.3877563865537,51.0347891166449,14.7976986383577,0.969,3.95608738968062,3.43920674799665,0.832442903389189,0.505112958942417
1991-02-16,0.22,334.07,-10.04,-10.04,171.84,1.0100715533773705,658.41,27.06629,750.88,3.17552224503765,2.27054970568104,0.715016154973943,0.219528466253919,0.207214753166224,16.85,1.1541095890411,212.45,3.09468317552804,0,-16.0641,4.11759799833194,1.37608385686463,0.451685660266874,1.30108445697626,0.601283991047423,33.3877563865537,51.0347891166449,14.7976986383577,0.969,3.95608738968062,3.43920674799665,0.832442903389189,0.505112958942417
1991-02-17,0.06,349.24,-8.17,-8.17,216.08,0.9774886000426166,658.41,27.06629,750.88,3.17552224503765,2.27054970568104,0.715016154973943,0.219528466253919,0.207214753166224,16.85,1.1541095890411,212.45,3.09468317552804,0,-16.0641,4.11759799833194,1.37608385686463,0.451685660266874,1.30108445697626,0.601283991047423,33.3877563865537,51.0347891166449,14.7976986383577,0.969,3.95608738968062,3.43920674799665,0.832442903389189,0.505112958942417
1991-02-18,1.98,285.4,-4.02,-4.02,319.62,0.9774886000426166,658.41,27.06629,750.88,3.17552224503765,2.27054970568104,0.715016154973943,0.219528466253919,0.207214753166224,16.85,1.1541095890411,212.45,3.09468317552804,0,-16.0641,4.11759799833194,1.37608385686463,0.451685660266874,1.30108445697626,0.601283991047423,33.3877563865537,51.0347891166449,14.7976986383577,0.969,3.95608738968062,3.43920674799665,0.832442903389189,0.505112958942417
1991-02-19,3.92,283.48,1.45,1.45,469.0,1.3130930193905817,658.41,27.06629,750.88,3.17552224503765,2.27054970568104,0.715016154973943,0.219528466253919,0.207214753166224,16.85,1.1541095890411,212.45,3.09468317552804,0,-16.0641,4.11759799833194,1.37608385686463,0.451685660266874,1.30108445697626,0.601283991047423,33.3877563865537,51.0347891166449,14.7976986383577,0.969,3.95608738968062,3.43920674799665,0.832442903389189,0.505112958942417
1991-02-20,0.99,358.01,3.1,3.1,481.23,4.138035073513744,658.41,27.06629,750.88,3.17552224503765,2.27054970568104,0.715016154973943,0.219528466253919,0.207214753166224,16.85,1.1541095890411,212.45,3.09468317552804,0,-16.0641,4.11759799833194,1.37608385686463,0.451685660266874,1.30108445697626,0.601283991047423,33.3877563865537,51.0347891166449,14.7976986383577,0.969,3.95608738968062,3.43920674799665,0.832442903389189,0.505112958942417
1991-02-21,0.05,364.4,1.71,1.71,437.24,2.3915887747709355,658.41,27.06629,750.88,3.17552224503765,2.27054970568104,0.715016154973943,0.219528466253919,0.207214753166224,16.85,1.1541095890411,212.45,3.09468317552804,0,-16.0641,4.11759799833194,1.37608385686463,0.451685660266874,1.30108445697626,0.601283991047423,33.3877563865537,51.0347891166449,14.7976986383577,0.969,3.95608738968062,3.43920674799665,0.832442903389189,0.505112958942417
1991-02-22,0.12,287.07,2.72,2.72,456.05,2.297098210100149,658.41,27.06629,750.88,3.17552224503765,2.27054970568104,0.715016154973943,0.219528466253919,0.207214753166224,16.85,1.1541095890411,212.45,3.09468317552804,0,-16.0641,4.11759799833194,1.37608385686463,0.451685660266874,1.30108445697626,0.601283991047423,33.3877563865537,51.0347891166449,14.7976986383577,0.969,3.95608738968062,3.43920674799665,0.832442903389189,0.505112958942417
1991-02-23,0.03,425.16,-5.35,-5.35,231.22,1.853970044747496,658.41,27.06629,750.88,3.17552224503765,2.27054970568104,0.715016154973943,0.219528466253919,0.207214753166224,16.85,1.1541095890411,212.45,3.09468317552804,0,-16.0641,4.11759799833194,1.37608385686463,0.451685660266874,1.30108445697626,0.601283991047423,33.3877563865537,51.0347891166449,14.7976986383577,0.969,3.95608738968062,3.43920674799665,0.832442903389189,0.505112958942417
1991-02-24,0.0,418.92,-4.19,-4.19,252.67,1.6128561900703173,658.41,27.06629,750.88,3.17552224503765,2.27054970568104,0.715016154973943,0.219528466253919,0.207214753166224,16.85,1.1541095890411,212.45,3.09468317552804,0,-16.0641,4.11759799833194,1.37608385686463,0.451685660266874,1.30108445697626,0.601283991047423,33.3877563865537,51.0347891166449,14.7976986383577,0.969,3.95608738968062,3.43920674799665,0.832442903389189,0.505112958942417
1991-02-25,0.65,291.57,-3.49,-3.49,285.73,1.5053324440656295,658.41,27.06629,750.88,3.17552224503765,2.27054970568104,0.715016154973943,0.219528466253919,0.207214753166224,16.85,1.1541095890411,212.45,3.09468317552804,0,-16.0641,4.11759799833194,1.37608385686463,0.451685660266874,1.30108445697626,0.601283991047423,33.3877563865537,51.0347891166449,14.7976986383577,0.969,3.95608738968062,3.43920674799665,0.832442903389189,0.505112958942417
1991-02-26,0.99,305.87,-5.85,-5.85,235.1,1.38477551672704,658.41,27.06629,750.88,3.17552224503765,2.27054970568104,0.715016154973943,0.219528466253919,0.207214753166224,16.85,1.1541095890411,212.45,3.09468317552804,0,-16.0641,4.11759799833194,1.37608385686463,0.451685660266874,1.30108445697626,0.601283991047423,33.3877563865537,51.0347891166449,14.7976986383577,0.969,3.95608738968062,3.43920674799665,0.832442903389189,0.505112958942417
1991-02-27,2.03,319.89,-8.35,-8.35,199.81,1.140403366716386,658.41,27.06629,750.88,3.17552224503765,2.27054970568104,0.715016154973943,0.219528466253919,0.207214753166224,16.85,1.1541095890411,212.45,3.09468317552804,0,-16.0641,4.11759799833194,1.37608385686463,0.451685660266874,1.30108445697626,0.601283991047423,33.3877563865537,51.0347891166449,14.7976986383577,0.969,3.95608738968062,3.43920674799665,0.832442903389189,0.505112958942417
1991-02-28,3.8,319.76,-5.31,-5.31,263.51,1.107820413381632,658.41,27.06629,750.88,3.17552224503765,2.27054970568104,0.715016154973943,0.219528466253919,0.207214753166224,16.85,1.1541095890411,212.45,3.09468317552804,0,-16.0641,4.11759799833194,1.37608385686463,0.451685660266874,1.30108445697626,0.601283991047423,33.3877563865537,51.0347891166449,14.7976986383577,0.969,3.95608738968062,3.43920674799665,0.832442903389189,0.505112958942417
1991-03-01,5.07,340.89,-1.57,-1.57,374.73,1.2968015427232047,658.41,27.06629,750.88,3.17552224503765,2.27054970568104,0.715016154973943,0.219528466253919,0.207214753166224,16.85,1.1541095890411,212.45,3.09468317552804,0,-16.0641,4.11759799833194,1.37608385686463,0.451685660266874,1.30108445697626,0.601283991047423,33.3877563865537,51.0347891166449,14.7976986383577,0.969,3.95608738968062,3.43920674799665,0.832442903389189,0.505112958942417
1991-03-02,10.54,341.51,6.68,6.68,628.61,3.147513292137225,658.41,27.06629,750.88,3.17552224503765,2.27054970568104,0.715016154973943,0.219528466253919,0.207214753166224,16.85,1.1541095890411,212.45,3.09468317552804,0,-16.0641,4.11759799833194,1.37608385686463,0.451685660266874,1.30108445697626,0.601283991047423,33.3877563865537,51.0347891166449,14.7976986383577,0.969,3.95608738968062,3.43920674799665,0.832442903389189,0.505112958942417
1991-03-03,27.53,337.56,9.32,9.32,685.64,4.072869166844236,658.41,27.06629,750.88,3.17552224503765,2.27054970568104,0.715016154973943,0.219528466253919,0.207214753166224,16.85,1.1541095890411,212.45,3.09468317552804,0,-16.0641,4.11759799833194,1.37608385686463,0.451685660266874,1.30108445697626,0.601283991047423,33.3877563865537,51.0347891166449,14.7976986383577,0.969,3.95608738968062,3.43920674799665,0.832442903389189,0.505112958942417
1991-03-04,11.78,291.99,3.24,3.24,497.96,15.672400554016619,658.41,27.06629,750.88,3.17552224503765,2.27054970568104,0.715016154973943,0.219528466253919,0.207214753166224,16.85,1.1541095890411,212.45,3.09468317552804,0,-16.0641,4.11759799833194,1.37608385686463,0.451685660266874,1.30108445697626,0.601283991047423,33.3877563865537,51.0347891166449,14.7976986383577,0.969,3.95608738968062,3.43920674799665,0.832442903389189,0.505112958942417
1991-03-05,1.82,238.08,-0.96,-0.96,419.24,8.015406520349455,658.41,27.06629,750.88,3.17552224503765,2.27054970568104,0.715016154973943,0.219528466253919,0.207214753166224,16.85,1.1541095890411,212.45,3.09468317552804,0,-16.0641,4.11759799833194,1.37608385686463,0.451685660266874,1.30108445697626,0.601283991047423,33.3877563865537,51.0347891166449,14.7976986383577,0.969,3.95608738968062,3.43920674799665,0.832442903389189,0.505112958942417
1991-03-06,2.14,325.11,0.61,0.61,443.84,5.864931600255699,658.41,27.06629,750.88,3.17552224503765,2.27054970568104,0.715016154973943,0.219528466253919,0.207214753166224,16.85,1.1541095890411,212.45,3.09468317552804,0,-16.0641,4.11759799833194,1.37608385686463,0.451685660266874,1.30108445697626,0.601283991047423,33.3877563865537,51.0347891166449,14.7976986383577,0.969,3.95608738968062,3.43920674799665,0.832442903389189,0.505112958942417
1991-03-07,0.62,396.05,2.43,2.43,427.57,5.213272533560622,658.41,27.06629,750.88,3.17552224503765,2.27054970568104,0.715016154973943,0.219528466253919,0.207214753166224,16.85,1.1541095890411,212.45,3.09468317552804,0,-16.0641,4.11759799833194,1.37608385686463,0.451685660266874,1.30108445697626,0.601283991047423,33.3877563865537,51.0347891166449,14.7976986383577,0.969,3.95608738968062,3.43920674799665,0.832442903389189,0.505112958942417
1991-03-08,0.09,320.88,-3.86,-3.86,283.8,3.421210100149158,658.41,27.06629,750.88,3.17552224503765,2.27054970568104,0.715016154973943,0.219528466253919,0.207214753166224,16.85,1.1541095890411,212.45,3.09468317552804,0,-16.0641,4.11759799833194,1.37608385686463,0.451685660266874,1.30108445697626,0.601283991047423,33.3877563865537,51.0347891166449,14.7976986383577,0.969,3.95608738968062,3.43920674799665,0.832442903389189,0.505112958942417
1991-03-09,0.13,355.7,-6.53,-6.53,233.69,2.776067624121031,658.41,27.06629,750.88,3.17552224503765,2.27054970568104,0.715016154973943,0.219528466253919,0.207214753166224,16.85,1.1541095890411,212.45,3.09468317552804,0,-16.0641,4.11759799833194,1.37608385686463,0.451685660266874,1.30108445697626,0.601283991047423,33.3877563865537,51.0347891166449,14.7976986383577,0.969,3.95608738968062,3.43920674799665,0.832442903389189,0.505112958942417
1991-03-10,0.04,449.22,-4.0,-4.0,257.79,2.489337634775197,658.41,27.06629,750.88,3.17552224503765,2.27054970568104,0.715016154973943,0.219528466253919,0.207214753166224,16.85,1.1541095890411,212.45,3.09468317552804,0,-16.0641,4.11759799833194,1.37608385686463,0.451685660266874,1.30108445697626,0.601283991047423,33.3877563865537,51.0347891166449,14.7976986383577,0.969,3.95608738968062,3.43920674799665,0.832442903389189,0.505112958942417
1991-03-11,0.0,456.16,-4.9,-4.9,233.95,1.9908184487534624,658.41,27.06629,750.88,3.17552224503765,2.27054970568104,0.715016154973943,0.219528466253919,0.207214753166224,16.85,1.1541095890411,212.45,3.09468317552804,0,-16.0641,4.11759799833194,1.37608385686463,0.451685660266874,1.30108445697626,0.601283991047423,33.3877563865537,51.0347891166449,14.7976986383577,0.969,3.95608738968062,3.43920674799665,0.832442903389189,0.505112958942417
1991-03-12,0.0,476.26,-6.95,-6.95,200.04,1.668247210739399,658.41,27.06629,750.88,3.17552224503765,2.27054970568104,0.715016154973943,0.219528466253919,0.207214753166224,16.85,1.1541095890411,212.45,3.09468317552804,0,-16.0641,4.11759799833194,1.37608385686463,0.451685660266874,1.30108445697626,0.601283991047423,33.3877563865537,51.0347891166449,14.7976986383577,0.969,3.95608738968062,3.43920674799665,0.832442903389189,0.505112958942417
1991-03-13,0.16,383.9,-5.04,-5.04,240.81,1.534657102066908,658.41,27.06629,750.88,3.17552224503765,2.27054970568104,0.715016154973943,0.219528466253919,0.207214753166224,16.85,1.1541095890411,212.45,3.09468317552804,0,-16.0641,4.11759799833194,1.37608385686463,0.451685660266874,1.30108445697626,0.601283991047423,33.3877563865537,51.0347891166449,14.7976986383577,0.969,3.95608738968062,3.43920674799665,0.832442903389189,0.505112958942417
1991-03-14,2.1,338.08,-2.41,-2.41,328.25,1.4369082420626462,658.41,27.06629,750.88,3.17552224503765,2.27054970568104,0.715016154973943,0.219528466253919,0.207214753166224,16.85,1.1541095890411,212.45,3.09468317552804,0,-16.0641,4.11759799833194,1.37608385686463,0.451685660266874,1.30108445697626,0.601283991047423,33.3877563865537,51.0347891166449,14.7976986383577,0.969,3.95608738968062,3.43920674799665,0.832442903389189,0.505112958942417
1991-03-15,0.59,294.79,-1.03,-1.03,386.28,1.3424176773918601,658.41,27.06629,750.88,3.17552224503765,2.27054970568104,0.715016154973943,0.219528466253919,0.207214753166224,16.85,1.1541095890411,212.45,3.09468317552804,0,-16.0641,4.11759799833194,1.37608385686463,0.451685660266874,1.30108445697626,0.601283991047423,33.3877563865537,51.0347891166449,14.7976986383577,0.969,3.95608738968062,3.43920674799665,0.832442903389189,0.505112958942417
1991-03-16,0.01,482.5,-2.94,-2.94,297.02,1.2088275687193692,658.41,27.06629,750.88,3.17552224503765,2.27054970568104,0.715016154973943,0.219528466253919,0.207214753166224,16.85,1.1541095890411,212.45,3.09468317552804,0,-16.0641,4.11759799833194,1.37608385686463,0.451685660266874,1.30108445697626,0.601283991047423,33.3877563865537,51.0347891166449,14.7976986383577,0.969,3.95608738968062,3.43920674799665,0.832442903389189,0.505112958942417
1991-03-17,0.9,391.94,-0.43,-0.43,331.64,1.182761206051566,658.41,27.06629,750.88,3.17552224503765,2.27054970568104,0.715016154973943,0.219528466253919,0.207214753166224,16.85,1.1541095890411,212.45,3.09468317552804,0,-16.0641,4.11759799833194,1.37608385686463,0.451685660266874,1.30108445697626,0.601283991047423,33.3877563865537,51.0347891166449,14.7976986383577,0.969,3.95608738968062,3.43920674799665,0.832442903389189,0.505112958942417
1991-03-18,2.12,375.37,3.13,3.13,454.12,1.2055692733858938,658.41,27.06629,750.88,3.17552224503765,2.27054970568104,0.715016154973943,0.219528466253919,0.207214753166224,16.85,1.1541095890411,212.45,3.09468317552804,0,-16.0641,4.11759799833194,1.37608385686463,0.451685660266874,1.30108445697626,0.601283991047423,33.3877563865537,51.0347891166449,14.7976986383577,0.969,3.95608738968062,3.43920674799665,0.832442903389189,0.505112958942417
1991-03-19,0.94,263.08,3.35,3.35,543.78,1.4206167653952695,658.41,27.06629,750.88,3.17552224503765,2.27054970568104,0.715016154973943,0.219528466253919,0.207214753166224,16.85,1.1541095890411,212.45,3.09468317552804,0,-16.0641,4.11759799833194,1.37608385686463,0.451685660266874,1.30108445697626,0.601283991047423,33.3877563865537,51.0347891166449,14.7976986383577,0.969,3.95608738968062,3.43920674799665,0.832442903389189,0.505112958942417
1991-03-20,0.12,356.24,2.43,2.43,516.65,1.2023109780524184,658.41,27.06629,750.88,3.17552224503765,2.27054970568104,0.715016154973943,0.219528466253919,0.207214753166224,16.85,1.1541095890411,212.45,3.09468317552804,0,-16.0641,4.11759799833194,1.37608385686463,0.451685660266874,1.30108445697626,0.601283991047423,33.3877563865537,51.0347891166449,14.7976986383577,0.969,3.95608738968062,3.43920674799665,0.832442903389189,0.505112958942417
1991-03-21,0.48,386.45,2.28,2.28,474.63,1.071979164713403,658.41,27.06629,750.88,3.17552224503765,2.27054970568104,0.715016154973943,0.219528466253919,0.207214753166224,16.85,1.1541095890411,212.45,3.09468317552804,0,-16.0641,4.11759799833194,1.37608385686463,0.451685660266874,1.30108445697626,0.601283991047423,33.3877563865537,51.0347891166449,14.7976986383577,0.969,3.95608738968062,3.43920674799665,0.832442903389189,0.505112958942417
1991-03-22,1.82,383.43,6.6,6.6,591.85,1.0426545067121245,658.41,27.06629,750.88,3.17552224503765,2.27054970568104,0.715016154973943,0.219528466253919,0.207214753166224,16.85,1.1541095890411,212.45,3.09468317552804,0,-16.0641,4.11759799833194,1.37608385686463,0.451685660266874,1.30108445697626,0.601283991047423,33.3877563865537,51.0347891166449,14.7976986383577,0.969,3.95608738968062,3.43920674799665,0.832442903389189,0.505112958942417
1991-03-23,2.88,311.94,6.2,6.2,632.95,1.1273701853824845,658.41,27.06629,750.88,3.17552224503765,2.27054970568104,0.715016154973943,0.219528466253919,0.207214753166224,16.85,1.1541095890411,212.45,3.09468317552804,0,-16.0641,4.11759799833194,1.37608385686463,0.451685660266874,1.30108445697626,0.601283991047423,33.3877563865537,51.0347891166449,14.7976986383577,0.969,3.95608738968062,3.43920674799665,0.832442903389189,0.505112958942417
1991-03-24,2.32,272.86,4.66,4.66,618.83,1.391292107393991,658.41,27.06629,750.88,3.17552224503765,2.27054970568104,0.715016154973943,0.219528466253919,0.207214753166224,16.85,1.1541095890411,212.45,3.09468317552804,0,-16.0641,4.11759799833194,1.37608385686463,0.451685660266874,1.30108445697626,0.601283991047423,33.3877563865537,51.0347891166449,14.7976986383577,0.969,3.95608738968062,3.43920674799665,0.832442903389189,0.505112958942417
1991-03-25,1.0,175.45,2.39,2.39,553.13,1.4955575580652034,658.41,27.06629,750.88,3.17552224503765,2.27054970568104,0.715016154973943,0.219528466253919,0.207214753166224,16.85,1.1541095890411,212.45,3.09468317552804,0,-16.0641,4.11759799833194,1.37608385686463,0.451685660266874,1.30108445697626,0.601283991047423,33.3877563865537,51.0347891166449,14.7976986383577,0.969,3.95608738968062,3.43920674799665,0.832442903389189,0.505112958942417
1991-03-26,0.88,349.88,-0.22,-0.22,431.53,1.3424176773918601,658.41,27.06629,750.88,3.17552224503765,2.27054970568104,0.715016154973943,0.219528466253919,0.207214753166224,16.85,1.1541095890411,212.45,3.09468317552804,0,-16.0641,4.11759799833194,1.37608385686463,0.451685660266874,1.30108445697626,0.601283991047423,33.3877563865537,51.0347891166449,14.7976986383577,0.969,3.95608738968062,3.43920674799665,0.832442903389189,0.505112958942417
1991-03-27,1.04,382.06,4.51,4.51,581.71,1.4108418793948432,658.41,27.06629,750.88,3.17552224503765,2.27054970568104,0.715016154973943,0.219528466253919,0.207214753166224,16.85,1.1541095890411,212.45,3.09468317552804,0,-16.0641,4.11759799833194,1.37608385686463,0.451685660266874,1.30108445697626,0.601283991047423,33.3877563865537,51.0347891166449,14.7976986383577,0.969,3.95608738968062,3.43920674799665,0.832442903389189,0.505112958942417
1991-03-28,0.22,472.55,10.93,10.93,777.53,1.4727494907308758,658.41,27.06629,750.88,3.17552224503765,2.27054970568104,0.715016154973943,0.219528466253919,0.207214753166224,16.85,1.1541095890411,212.45,3.09468317552804,0,-16.0641,4.11759799833194,1.37608385686463,0.451685660266874,1.30108445697626,0.601283991047423,33.3877563865537,51.0347891166449,14.7976986383577,0.969,3.95608738968062,3.43920674799665,0.832442903389189,0.505112958942417
1991-03-29,0.06,448.93,5.94,5.94,534.18,1.2805100660558277,658.41,27.06629,750.88,3.17552224503765,2.27054970568104,0.715016154973943,0.219528466253919,0.207214753166224,16.85,1.1541095890411,212.45,3.09468317552804,0,-16.0641,4.11759799833194,1.37608385686463,0.451685660266874,1.30108445697626,0.601283991047423,33.3877563865537,51.0347891166449,14.7976986383577,0.969,3.95608738968062,3.43920674799665,0.832442903389189,0.505112958942417
1991-03-30,0.03,441.97,-0.44,-0.44,334.35,1.2023109780524184,658.41,27.06629,750.88,3.17552224503765,2.27054970568104,0.715016154973943,0.219528466253919,0.207214753166224,16.85,1.1541095890411,212.45,3.09468317552804,0,-16.0641,4.11759799833194,1.37608385686463,0.451685660266874,1.30108445697626,0.601283991047423,33.3877563865537,51.0347891166449,14.7976986383577,0.969,3.95608738968062,3.43920674799665,0.832442903389189,0.505112958942417
1991-03-31,0.72,419.58,-4.27,-4.27,254.34,1.065462574046452,658.41,27.06629,750.88,3.17552224503765,2.27054970568104,0.715016154973943,0.219528466253919,0.207214753166224,16.85,1.1541095890411,212.45,3.09468317552804,0,-16.0641,4.11759799833194,1.37608385686463,0.451685660266874,1.30108445697626,0.601283991047423,33.3877563865537,51.0347891166449,14.7976986383577,0.969,3.95608738968062,3.43920674799665,0.832442903389189,0.505112958942417
1991-04-01,2.64,350.62,-0.55,-0.55,361.22,1.091528936714255,658.41,27.06629,750.88,3.17552224503765,2.27054970568104,0.715016154973943,0.219528466253919,0.207214753166224,16.85,1.1541095890411,212.45,3.09468317552804,0,-16.0641,4.11759799833194,1.37608385686463,0.451685660266874,1.30108445697626,0.601283991047423,33.3877563865537,51.0347891166449,14.7976986383577,0.969,3.95608738968062,3.43920674799665,0.832442903389189,0.505112958942417
1991-04-02,0.66,337.53,-1.3,-1.3,353.35,1.1436616620498614,658.41,27.06629,750.88,3.17552224503765,2.27054970568104,0.715016154973943,0.219528466253919,0.207214753166224,16.85,1.1541095890411,212.45,3.09468317552804,0,-16.0641,4.11759799833194,1.37608385686463,0.451685660266874,1.30108445697626,0.601283991047423,33.3877563865537,51.0347891166449,14.7976986383577,0.969,3.95608738968062,3.43920674799665,0.832442903389189,0.505112958942417
1991-04-03,0.0,550.29,-1.5,-1.5,293.66,0.9840051907095674,658.41,27.06629,750.88,3.17552224503765,2.27054970568104,0.715016154973943,0.219528466253919,0.207214753166224,16.85,1.1541095890411,212.45,3.09468317552804,0,-16.0641,4.11759799833194,1.37608385686463,0.451685660266874,1.30108445697626,0.601283991047423,33.3877563865537,51.0347891166449,14.7976986383577,0.969,3.95608738968062,3.43920674799665,0.832442903389189,0.505112958942417
1991-04-04,0.0,546.18,4.71,4.71,430.04,0.9123226933731089,658.41,27.06629,750.88,3.17552224503765,2.27054970568104,0.715016154973943,0.219528466253919,0.207214753166224,16.85,1.1541095890411,212.45,3.09468317552804,0,-16.0641,4.11759799833194,1.37608385686463,0.451685660266874,1.30108445697626,0.601283991047423,33.3877563865537,51.0347891166449,14.7976986383577,0.969,3.95608738968062,3.43920674799665,0.832442903389189,0.505112958942417
1991-04-05,0.08,436.35,10.42,10.42,682.82,0.8634482633709779,658.41,27.06629,750.88,3.17552224503765,2.27054970568104,0.715016154973943,0.219528466253919,0.207214753166224,16.85,1.1541095890411,212.45,3.09468317552804,0,-16.0641,4.11759799833194,1.37608385686463,0.451685660266874,1.30108445697626,0.601283991047423,33.3877563865537,51.0347891166449,14.7976986383577,0.969,3.95608738968062,3.43920674799665,0.832442903389189,0.505112958942417
1991-04-06,0.11,473.25,10.55,10.55,733.42,0.8504150820370764,658.41,27.06629,750.88,3.17552224503765,2.27054970568104,0.715016154973943,0.219528466253919,0.207214753166224,16.85,1.1541095890411,212.45,3.09468317552804,0,-16.0641,4.11759799833194,1.37608385686463,0.451685660266874,1.30108445697626,0.601283991047423,33.3877563865537,51.0347891166449,14.7976986383577,0.969,3.95608738968062,3.43920674799665,0.832442903389189,0.505112958942417
1991-04-07,1.41,412.29,14.76,14.76,921.98,0.8145738333688473,658.41,27.06629,750.88,3.17552224503765,2.27054970568104,0.715016154973943,0.219528466253919,0.207214753166224,16.85,1.1541095890411,212.45,3.09468317552804,0,-16.0641,4.11759799833194,1.37608385686463,0.451685660266874,1.30108445697626,0.601283991047423,33.3877563865537,51.0347891166449,14.7976986383577,0.969,3.95608738968062,3.43920674799665,0.832442903389189,0.505112958942417
1991-04-08,4.73,384.19,17.08,17.08,1069.9,0.7689576987001917,658.41,27.06629,750.88,3.17552224503765,2.27054970568104,0.715016154973943,0.219528466253919,0.207214753166224,16.85,1.1541095890411,212.45,3.09468317552804,0,-16.0641,4.11759799833194,1.37608385686463,0.451685660266874,1.30108445697626,0.601283991047423,33.3877563865537,51.0347891166449,14.7976986383577,0.969,3.95608738968062,3.43920674799665,0.832442903389189,0.505112958942417
1991-04-09,4.07,360.19,16.59,16.59,1030.13,0.9611971233752395,658.41,27.06629,750.88,3.17552224503765,2.27054970568104,0.715016154973943,0.219528466253919,0.207214753166224,16.85,1.1541095890411,212.45,3.09468317552804,0,-16.0641,4.11759799833194,1.37608385686463,0.451685660266874,1.30108445697626,0.601283991047423,33.3877563865537,51.0347891166449,14.7976986383577,0.969,3.95608738968062,3.43920674799665,0.832442903389189,0.505112958942417
1991-04-10,1.44,394.53,12.05,12.05,676.37,1.0524293927125505,658.41,27.06629,750.88,3.17552224503765,2.27054970568104,0.715016154973943,0.219528466253919,0.207214753166224,16.85,1.1541095890411,212.45,3.09468317552804,0,-16.0641,4.11759799833194,1.37608385686463,0.451685660266874,1.30108445697626,0.601283991047423,33.3877563865537,51.0347891166449,14.7976986383577,0.969,3.95608738968062,3.43920674799665,0.832442903389189,0.505112958942417
1991-04-11,0.18,462.17,3.55,3.55,423.1,0.8895146260387811,658.41,27.06629,750.88,3.17552224503765,2.27054970568104,0.715016154973943,0.219528466253919,0.207214753166224,16.85,1.1541095890411,212.45,3.09468317552804,0,-16.0641,4.11759799833194,1.37608385686463,0.451685660266874,1.30108445697626,0.601283991047423,33.3877563865537,51.0347891166449,14.7976986383577,0.969,3.95608738968062,3.43920674799665,0.832442903389189,0.505112958942417
1991-04-12,0.0,521.22,2.03,2.03,393.33,0.7754742893671426,658.41,27.06629,750.88,3.17552224503765,2.27054970568104,0.715016154973943,0.219528466253919,0.207214753166224,16.85,1.1541095890411,212.45,3.09468317552804,0,-16.0641,4.11759799833194,1.37608385686463,0.451685660266874,1.30108445697626,0.601283991047423,33.3877563865537,51.0347891166449,14.7976986383577,0.969,3.95608738968062,3.43920674799665,0.832442903389189,0.505112958942417
1991-04-13,1.8,361.1,4.47,4.47,520.22,0.7233415640315363,658.41,27.06629,750.88,3.17552224503765,2.27054970568104,0.715016154973943,0.219528466253919,0.207214753166224,16.85,1.1541095890411,212.45,3.09468317552804,0,-16.0641,4.11759799833194,1.37608385686463,0.451685660266874,1.30108445697626,0.601283991047423,33.3877563865537,51.0347891166449,14.7976986383577,0.969,3.95608738968062,3.43920674799665,0.832442903389189,0.505112958942417
1991-04-14,6.05,192.77,4.42,4.42,637.31,0.7494079266993394,658.41,27.06629,750.88,3.17552224503765,2.27054970568104,0.715016154973943,0.219528466253919,0.207214753166224,16.85,1.1541095890411,212.45,3.09468317552804,0,-16.0641,4.11759799833194,1.37608385686463,0.451685660266874,1.30108445697626,0.601283991047423,33.3877563865537,51.0347891166449,14.7976986383577,0.969,3.95608738968062,3.43920674799665,0.832442903389189,0.505112958942417
1991-04-15,2.78,298.19,6.59,6.59,704.29,1.1241118900490092,658.41,27.06629,750.88,3.17552224503765,2.27054970568104,0.715016154973943,0.219528466253919,0.207214753166224,16.85,1.1541095890411,212.45,3.09468317552804,0,-16.0641,4.11759799833194,1.37608385686463,0.451685660266874,1.30108445697626,0.601283991047423,33.3877563865537,51.0347891166449,14.7976986383577,0.969,3.95608738968062,3.43920674799665,0.832442903389189,0.505112958942417
1991-04-16,0.63,355.46,8.99,8.99,729.44,0.9807468953760919,658.41,27.06629,750.88,3.17552224503765,2.27054970568104,0.715016154973943,0.219528466253919,0.207214753166224,16.85,1.1541095890411,212.45,3.09468317552804,0,-16.0641,4.11759799833194,1.37608385686463,0.451685660266874,1.30108445697626,0.601283991047423,33.3877563865537,51.0347891166449,14.7976986383577,0.969,3.95608738968062,3.43920674799665,0.832442903389189,0.505112958942417
1991-04-17,0.14,366.73,8.39,8.39,663.37,0.8569316727040273,658.41,27.06629,750.88,3.17552224503765,2.27054970568104,0.715016154973943,0.219528466253919,0.207214753166224,16.85,1.1541095890411,212.45,3.09468317552804,0,-16.0641,4.11759799833194,1.37608385686463,0.451685660266874,1.30108445697626,0.601283991047423,33.3877563865537,51.0347891166449,14.7976986383577,0.969,3.95608738968062,3.43920674799665,0.832442903389189,0.505112958942417
1991-04-18,0.87,378.39,6.23,6.23,589.5,0.8178321287023226,658.41,27.06629,750.88,3.17552224503765,2.27054970568104,0.715016154973943,0.219528466253919,0.207214753166224,16.85,1.1541095890411,212.45,3.09468317552804,0,-16.0641,4.11759799833194,1.37608385686463,0.451685660266874,1.30108445697626,0.601283991047423,33.3877563865537,51.0347891166449,14.7976986383577,0.969,3.95608738968062,3.43920674799665,0.832442903389189,0.505112958942417
1991-04-19,2.67,320.16,6.66,6.66,651.07,0.7885074707010441,658.41,27.06629,750.88,3.17552224503765,2.27054970568104,0.715016154973943,0.219528466253919,0.207214753166224,16.85,1.1541095890411,212.45,3.09468317552804,0,-16.0641,4.11759799833194,1.37608385686463,0.451685660266874,1.30108445697626,0.601283991047423,33.3877563865537,51.0347891166449,14.7976986383577,0.969,3.95608738968062,3.43920674799665,0.832442903389189,0.505112958942417
1991-04-20,6.23,190.85,5.44,5.44,671.83,0.8243487193692732,658.41,27.06629,750.88,3.17552224503765,2.27054970568104,0.715016154973943,0.219528466253919,0.207214753166224,16.85,1.1541095890411,212.45,3.09468317552804,0,-16.0641,4.11759799833194,1.37608385686463,0.451685660266874,1.30108445697626,0.601283991047423,33.3877563865537,51.0347891166449,14.7976986383577,0.969,3.95608738968062,3.43920674799665,0.832442903389189,0.505112958942417
1991-04-21,9.39,198.09,3.38,3.38,593.27,1.0947872320477305,658.41,27.06629,750.88,3.17552224503765,2.27054970568104,0.715016154973943,0.219528466253919,0.207214753166224,16.85,1.1541095890411,212.45,3.09468317552804,0,-16.0641,4.11759799833194,1.37608385686463,0.451685660266874,1.30108445697626,0.601283991047423,33.3877563865537,51.0347891166449,14.7976986383577,0.969,3.95608738968062,3.43920674799665,0.832442903389189,0.505112958942417
1991-04-22,3.93,264.49,1.88,1.88,511.22,2.414396842105263,658.41,27.06629,750.88,3.17552224503765,2.27054970568104,0.715016154973943,0.219528466253919,0.207214753166224,16.85,1.1541095890411,212.45,3.09468317552804,0,-16.0641,4.11759799833194,1.37608385686463,0.451685660266874,1.30108445697626,0.601283991047423,33.3877563865537,51.0347891166449,14.7976986383577,0.969,3.95608738968062,3.43920674799665,0.832442903389189,0.505112958942417
1991-04-23,1.32,400.44,4.11,4.11,507.53,2.460012976773918,658.41,27.06629,750.88,3.17552224503765,2.27054970568104,0.715016154973943,0.219528466253919,0.207214753166224,16.85,1.1541095890411,212.45,3.09468317552804,0,-16.0641,4.11759799833194,1.37608385686463,0.451685660266874,1.30108445697626,0.601283991047423,33.3877563865537,51.0347891166449,14.7976986383577,0.969,3.95608738968062,3.43920674799665,0.832442903389189,0.505112958942417
1991-04-24,3.48,401.09,6.53,6.53,545.97,2.130925148092904,658.41,27.06629,750.88,3.17552224503765,2.27054970568104,0.715016154973943,0.219528466253919,0.207214753166224,16.85,1.1541095890411,212.45,3.09468317552804,0,-16.0641,4.11759799833194,1.37608385686463,0.451685660266874,1.30108445697626,0.601283991047423,33.3877563865537,51.0347891166449,14.7976986383577,0.969,3.95608738968062,3.43920674799665,0.832442903389189,0.505112958942417
1991-04-25,0.86,542.51,6.4,6.4,527.32,2.130925148092904,658.41,27.06629,750.88,3.17552224503765,2.27054970568104,0.715016154973943,0.219528466253919,0.207214753166224,16.85,1.1541095890411,212.45,3.09468317552804,0,-16.0641,4.11759799833194,1.37608385686463,0.451685660266874,1.30108445697626,0.601283991047423,33.3877563865537,51.0347891166449,14.7976986383577,0.969,3.95608738968062,3.43920674799665,0.832442903389189,0.505112958942417
1991-04-26,0.01,514.83,9.74,9.74,650.32,1.7268965267419558,658.41,27.06629,750.88,3.17552224503765,2.27054970568104,0.715016154973943,0.219528466253919,0.207214753166224,16.85,1.1541095890411,212.45,3.09468317552804,0,-16.0641,4.11759799833194,1.37608385686463,0.451685660266874,1.30108445697626,0.601283991047423,33.3877563865537,51.0347891166449,14.7976986383577,0.969,3.95608738968062,3.43920674799665,0.832442903389189,0.505112958942417
1991-04-27,2.25,424.64,13.34,13.34,825.26,1.6030813040698912,658.41,27.06629,750.88,3.17552224503765,2.27054970568104,0.715016154973943,0.219528466253919,0.207214753166224,16.85,1.1541095890411,212.45,3.09468317552804,0,-16.0641,4.11759799833194,1.37608385686463,0.451685660266874,1.30108445697626,0.601283991047423,33.3877563865537,51.0347891166449,14.7976986383577,0.969,3.95608738968062,3.43920674799665,0.832442903389189,0.505112958942417
1991-04-28,9.75,405.92,15.97,15.97,963.94,2.0071099254208393,658.41,27.06629,750.88,3.17552224503765,2.27054970568104,0.715016154973943,0.219528466253919,0.207214753166224,16.85,1.1541095890411,212.45,3.09468317552804,0,-16.0641,4.11759799833194,1.37608385686463,0.451685660266874,1.30108445697626,0.601283991047423,33.3877563865537,51.0347891166449,14.7976986383577,0.969,3.95608738968062,3.43920674799665,0.832442903389189,0.505112958942417
1991-04-29,6.3,384.05,15.17,15.17,998.78,5.376187300234391,658.41,27.06629,750.88,3.17552224503765,2.27054970568104,0.715016154973943,0.219528466253919,0.207214753166224,16.85,1.1541095890411,212.45,3.09468317552804,0,-16.0641,4.11759799833194,1.37608385686463,0.451685660266874,1.30108445697626,0.601283991047423,33.3877563865537,51.0347891166449,14.7976986383577,0.969,3.95608738968062,3.43920674799665,0.832442903389189,0.505112958942417
1991-04-30,7.38,394.35,15.72,15.72,991.19,3.9099544001704665,658.41,27.06629,750.88,3.17552224503765,2.27054970568104,0.715016154973943,0.219528466253919,0.207214753166224,16.85,1.1541095890411,212.45,3.09468317552804,0,-16.0641,4.11759799833194,1.37608385686463,0.451685660266874,1.30108445697626,0.601283991047423,33.3877563865537,51.0347891166449,14.7976986383577,0.969,3.95608738968062,3.43920674799665,0.832442903389189,0.505112958942417
1991-05-01,5.04,418.95,13.95,13.95,814.22,2.893366256126145,658.41,27.06629,750.88,3.17552224503765,2.27054970568104,0.715016154973943,0.219528466253919,0.207214753166224,16.85,1.1541095890411,212.45,3.09468317552804,0,-16.0641,4.11759799833194,1.37608385686463,0.451685660266874,1.30108445697626,0.601283991047423,33.3877563865537,51.0347891166449,14.7976986383577,0.969,3.95608738968062,3.43920674799665,0.832442903389189,0.505112958942417
1991-05-02,1.25,377.96,10.78,10.78,715.74,2.6750604687832937,658.41,27.06629,750.88,3.17552224503765,2.27054970568104,0.715016154973943,0.219528466253919,0.207214753166224,16.85,1.1541095890411,212.45,3.09468317552804,0,-16.0641,4.11759799833194,1.37608385686463,0.451685660266874,1.30108445697626,0.601283991047423,33.3877563865537,51.0347891166449,14.7976986383577,0.969,3.95608738968062,3.43920674799665,0.832442903389189,0.505112958942417
1991-05-03,0.09,392.64,5.58,5.58,576.72,2.238448894097592,658.41,27.06629,750.88,3.17552224503765,2.27054970568104,0.715016154973943,0.219528466253919,0.207214753166224,16.85,1.1541095890411,212.45,3.09468317552804,0,-16.0641,4.11759799833194,1.37608385686463,0.451685660266874,1.30108445697626,0.601283991047423,33.3877563865537,51.0347891166449,14.7976986383577,0.969,3.95608738968062,3.43920674799665,0.832442903389189,0.505112958942417
1991-05-04,0.44,428.5,5.07,5.07,518.87,1.912619360750053,658.41,27.06629,750.88,3.17552224503765,2.27054970568104,0.715016154973943,0.219528466253919,0.207214753166224,16.85,1.1541095890411,212.45,3.09468317552804,0,-16.0641,4.11759799833194,1.37608385686463,0.451685660266874,1.30108445697626,0.601283991047423,33.3877563865537,51.0347891166449,14.7976986383577,0.969,3.95608738968062,3.43920674799665,0.832442903389189,0.505112958942417
1991-05-05,2.87,437.56,8.89,8.89,619.3,1.6291476667376945,658.41,27.06629,750.88,3.17552224503765,2.27054970568104,0.715016154973943,0.219528466253919,0.207214753166224,16.85,1.1541095890411,212.45,3.09468317552804,0,-16.0641,4.11759799833194,1.37608385686463,0.451685660266874,1.30108445697626,0.601283991047423,33.3877563865537,51.0347891166449,14.7976986383577,0.969,3.95608738968062,3.43920674799665,0.832442903389189,0.505112958942417
1991-05-06,7.76,413.39,13.01,13.01,784.25,1.7953207287449393,658.41,27.06629,750.88,3.17552224503765,2.27054970568104,0.715016154973943,0.219528466253919,0.207214753166224,16.85,1.1541095890411,212.45,3.09468317552804,0,-16.0641,4.11759799833194,1.37608385686463,0.451685660266874,1.30108445697626,0.601283991047423,33.3877563865537,51.0347891166449,14.7976986383577,0.969,3.95608738968062,3.43920674799665,0.832442903389189,0.505112958942417
1991-05-07,2.23,512.91,10.19,10.19,676.16,2.020143106754741,658.41,27.06629,750.88,3.17552224503765,2.27054970568104,0.715016154973943,0.219528466253919,0.207214753166224,16.85,1.1541095890411,212.45,3.09468317552804,0,-16.0641,4.11759799833194,1.37608385686463,0.451685660266874,1.30108445697626,0.601283991047423,33.3877563865537,51.0347891166449,14.7976986383577,0.969,3.95608738968062,3.43920674799665,0.832442903389189,0.505112958942417
1991-05-08,0.29,422.48,8.07,8.07,625.35,1.4727494907308758,658.41,27.06629,750.88,3.17552224503765,2.27054970568104,0.715016154973943,0.219528466253919,0.207214753166224,16.85,1.1541095890411,212.45,3.09468317552804,0,-16.0641,4.11759799833194,1.37608385686463,0.451685660266874,1.30108445697626,0.601283991047423,33.3877563865537,51.0347891166449,14.7976986383577,0.969,3.95608738968062,3.43920674799665,0.832442903389189,0.505112958942417
1991-05-09,0.36,414.2,9.25,9.25,690.66,1.3065764287236308,658.41,27.06629,750.88,3.17552224503765,2.27054970568104,0.715016154973943,0.219528466253919,0.207214753166224,16.85,1.1541095890411,212.45,3.09468317552804,0,-16.0641,4.11759799833194,1.37608385686463,0.451685660266874,1.30108445697626,0.601283991047423,33.3877563865537,51.0347891166449,14.7976986383577,0.969,3.95608738968062,3.43920674799665,0.832442903389189,0.505112958942417
1991-05-10,0.26,467.15,11.86,11.86,773.66,1.2218607500532708,658.41,27.06629,750.88,3.17552224503765,2.27054970568104,0.715016154973943,0.219528466253919,0.207214753166224,16.85,1.1541095890411,212.45,3.09468317552804,0,-16.0641,4.11759799833194,1.37608385686463,0.451685660266874,1.30108445697626,0.601283991047423,33.3877563865537,51.0347891166449,14.7976986383577,0.969,3.95608738968062,3.43920674799665,0.832442903389189,0.505112958942417
1991-05-11,0.05,581.04,12.24,12.24,731.55,1.0752374600468781,658.41,27.06629,750.88,3.17552224503765,2.27054970568104,0.715016154973943,0.219528466253919,0.207214753166224,16.85,1.1541095890411,212.45,3.09468317552804,0,-16.0641,4.11759799833194,1.37608385686463,0.451685660266874,1.30108445697626,0.601283991047423,33.3877563865537,51.0347891166449,14.7976986383577,0.969,3.95608738968062,3.43920674799665,0.832442903389189,0.505112958942417
1991-05-12,0.18,511.71,16.56,16.56,972.09,0.9709720093756657,658.41,27.06629,750.88,3.17552224503765,2.27054970568104,0.715016154973943,0.219528466253919,0.207214753166224,16.85,1.1541095890411,212.45,3.09468317552804,0,-16.0641,4.11759799833194,1.37608385686463,0.451685660266874,1.30108445697626,0.601283991047423,33.3877563865537,51.0347891166449,14.7976986383577,0.969,3.95608738968062,3.43920674799665,0.832442903389189,0.505112958942417
1991-05-13,0.2,499.05,18.5,18.5,1130.36,0.8862563307053057,658.41,27.06629,750.88,3.17552224503765,2.27054970568104,0.715016154973943,0.219528466253919,0.207214753166224,16.85,1.1541095890411,212.45,3.09468317552804,0,-16.0641,4.11759799833194,1.37608385686463,0.451685660266874,1.30108445697626,0.601283991047423,33.3877563865537,51.0347891166449,14.7976986383577,0.969,3.95608738968062,3.43920674799665,0.832442903389189,0.505112958942417
1991-05-14,0.04,538.2,19.73,19.73,1187.7,0.8015406520349456,658.41,27.06629,750.88,3.17552224503765,2.27054970568104,0.715016154973943,0.219528466253919,0.207214753166224,16.85,1.1541095890411,212.45,3.09468317552804,0,-16.0641,4.11759799833194,1.37608385686463,0.451685660266874,1.30108445697626,0.601283991047423,33.3877563865537,51.0347891166449,14.7976986383577,0.969,3.95608738968062,3.43920674799665,0.832442903389189,0.505112958942417
1991-05-15,0.4,425.72,18.61,18.61,1095.37,0.7135666780311101,658.41,27.06629,750.88,3.17552224503765,2.27054970568104,0.715016154973943,0.219528466253919,0.207214753166224,16.85,1.1541095890411,212.45,3.09468317552804,0,-16.0641,4.11759799833194,1.37608385686463,0.451685660266874,1.30108445697626,0.601283991047423,33.3877563865537,51.0347891166449,14.7976986383577,0.969,3.95608738968062,3.43920674799665,0.832442903389189,0.505112958942417
1991-05-16,0.42,429.11,18.21,18.21,1116.35,0.62885099936075,658.41,27.06629,750.88,3.17552224503765,2.27054970568104,0.715016154973943,0.219528466253919,0.207214753166224,16.85,1.1541095890411,212.45,3.09468317552804,0,-16.0641,4.11759799833194,1.37608385686463,0.451685660266874,1.30108445697626,0.601283991047423,33.3877563865537,51.0347891166449,14.7976986383577,0.969,3.95608738968062,3.43920674799665,0.832442903389189,0.505112958942417
1991-05-17,3.72,368.67,20.5,20.5,1267.34,0.5832348646920946,658.41,27.06629,750.88,3.17552224503765,2.27054970568104,0.715016154973943,0.219528466253919,0.207214753166224,16.85,1.1541095890411,212.45,3.09468317552804,0,-16.0641,4.11759799833194,1.37608385686463,0.451685660266874,1.30108445697626,0.601283991047423,33.3877563865537,51.0347891166449,14.7976986383577,0.969,3.95608738968062,3.43920674799665,0.832442903389189,0.505112958942417
1991-05-18,1.21,558.15,13.55,13.55,721.74,0.6093012273598977,658.41,27.06629,750.88,3.17552224503765,2.27054970568104,0.715016154973943,0.219528466253919,0.207214753166224,16.85,1.1541095890411,212.45,3.09468317552804,0,-16.0641,4.11759799833194,1.37608385686463,0.451685660266874,1.30108445697626,0.601283991047423,33.3877563865537,51.0347891166449,14.7976986383577,0.969,3.95608738968062,3.43920674799665,0.832442903389189,0.505112958942417
1991-05-19,0.07,551.39,10.14,10.14,623.05,0.5213272533560622,658.41,27.06629,750.88,3.17552224503765,2.27054970568104,0.715016154973943,0.219528466253919,0.207214753166224,16.85,1.1541095890411,212.45,3.09468317552804,0,-16.0641,4.11759799833194,1.37608385686463,0.451685660266874,1.30108445697626,0.601283991047423,33.3877563865537,51.0347891166449,14.7976986383577,0.969,3.95608738968062,3.43920674799665,0.832442903389189,0.505112958942417
1991-05-20,0.0,578.81,10.47,10.47,635.26,0.4887443000213083,658.41,27.06629,750.88,3.17552224503765,2.27054970568104,0.715016154973943,0.219528466253919,0.207214753166224,16.85,1.1541095890411,212.45,3.09468317552804,0,-16.0641,4.11759799833194,1.37608385686463,0.451685660266874,1.30108445697626,0.601283991047423,33.3877563865537,51.0347891166449,14.7976986383577,0.969,3.95608738968062,3.43920674799665,0.832442903389189,0.505112958942417
1991-05-21,0.0,574.14,14.12,14.12,792.13,0.44312816535265287,658.41,27.06629,750.88,3.17552224503765,2.27054970568104,0.715016154973943,0.219528466253919,0.207214753166224,16.85,1.1541095890411,212.45,3.09468317552804,0,-16.0641,4.11759799833194,1.37608385686463,0.451685660266874,1.30108445697626,0.601283991047423,33.3877563865537,51.0347891166449,14.7976986383577,0.969,3.95608738968062,3.43920674799665,0.832442903389189,0.505112958942417
1991-05-22,0.0,555.78,17.61,17.61,996.35,0.4072869166844236,658.41,27.06629,750.88,3.17552224503765,2.27054970568104,0.715016154973943,0.219528466253919,0.207214753166224,16.85,1.1541095890411,212.45,3.09468317552804,0,-16.0641,4.11759799833194,1.37608385686463,0.451685660266874,1.30108445697626,0.601283991047423,33.3877563865537,51.0347891166449,14.7976986383577,0.969,3.95608738968062,3.43920674799665,0.832442903389189,0.505112958942417
1991-05-23,0.03,480.85,19.11,19.11,1151.47,0.36818737268271895,658.41,27.06629,750.88,3.17552224503765,2.27054970568104,0.715016154973943,0.219528466253919,0.207214753166224,16.85,1.1541095890411,212.45,3.09468317552804,0,-16.0641,4.11759799833194,1.37608385686463,0.451685660266874,1.30108445697626,0.601283991047423,33.3877563865537,51.0347891166449,14.7976986383577,0.969,3.95608738968062,3.43920674799665,0.832442903389189,0.505112958942417
1991-05-24,0.69,391.88,20.99,20.99,1394.09,0.3453793053483912,658.41,27.06629,750.88,3.17552224503765,2.27054970568104,0.715016154973943,0.219528466253919,0.207214753166224,16.85,1.1541095890411,212.45,3.09468317552804,0,-16.0641,4.11759799833194,1.37608385686463,0.451685660266874,1.30108445697626,0.601283991047423,33.3877563865537,51.0347891166449,14.7976986383577,0.969,3.95608738968062,3.43920674799665,0.832442903389189,0.505112958942417
1991-05-25,0.18,462.91,22.01,22.01,1550.46,0.32257123801406345,658.41,27.06629,750.88,3.17552224503765,2.27054970568104,0.715016154973943,0.219528466253919,0.207214753166224,16.85,1.1541095890411,212.45,3.09468317552804,0,-16.0641,4.11759799833194,1.37608385686463,0.451685660266874,1.30108445697626,0.601283991047423,33.3877563865537,51.0347891166449,14.7976986383577,0.969,3.95608738968062,3.43920674799665,0.832442903389189,0.505112958942417
1991-05-26,0.24,342.67,22.62,22.62,1698.62,0.3030214660132111,658.41,27.06629,750.88,3.17552224503765,2.27054970568104,0.715016154973943,0.219528466253919,0.207214753166224,16.85,1.1541095890411,212.45,3.09468317552804,0,-16.0641,4.11759799833194,1.37608385686463,0.451685660266874,1.30108445697626,0.601283991047423,33.3877563865537,51.0347891166449,14.7976986383577,0.969,3.95608738968062,3.43920674799665,0.832442903389189,0.505112958942417
1991-05-27,1.37,309.5,21.47,21.47,1638.91,0.2867299893458342,658.41,27.06629,750.88,3.17552224503765,2.27054970568104,0.715016154973943,0.219528466253919,0.207214753166224,16.85,1.1541095890411,212.45,3.09468317552804,0,-16.0641,4.11759799833194,1.37608385686463,0.451685660266874,1.30108445697626,0.601283991047423,33.3877563865537,51.0347891166449,14.7976986383577,0.969,3.95608738968062,3.43920674799665,0.832442903389189,0.505112958942417
1991-05-28,1.31,344.91,20.45,20.45,1464.13,0.2802133986788834,658.41,27.06629,750.88,3.17552224503765,2.27054970568104,0.715016154973943,0.219528466253919,0.207214753166224,16.85,1.1541095890411,212.45,3.09468317552804,0,-16.0641,4.11759799833194,1.37608385686463,0.451685660266874,1.30108445697626,0.601283991047423,33.3877563865537,51.0347891166449,14.7976986383577,0.969,3.95608738968062,3.43920674799665,0.832442903389189,0.505112958942417
1991-05-29,1.73,406.97,19.54,19.54,1311.13,0.27369680801193264,658.41,27.06629,750.88,3.17552224503765,2.27054970568104,0.715016154973943,0.219528466253919,0.207214753166224,16.85,1.1541095890411,212.45,3.09468317552804,0,-16.0641,4.11759799833194,1.37608385686463,0.451685660266874,1.30108445697626,0.601283991047423,33.3877563865537,51.0347891166449,14.7976986383577,0.969,3.95608738968062,3.43920674799665,0.832442903389189,0.505112958942417
1991-05-30,4.55,362.18,21.85,21.85,1543.55,0.29976317067973574,658.41,27.06629,750.88,3.17552224503765,2.27054970568104,0.715016154973943,0.219528466253919,0.207214753166224,16.85,1.1541095890411,212.45,3.09468317552804,0,-16.0641,4.11759799833194,1.37608385686463,0.451685660266874,1.30108445697626,0.601283991047423,33.3877563865537,51.0347891166449,14.7976986383577,0.969,3.95608738968062,3.43920674799665,0.832442903389189,0.505112958942417
1991-05-31,1.1,447.53,21.76,21.76,1477.25,0.30953805668016193,658.41,27.06629,750.88,3.17552224503765,2.27054970568104,0.715016154973943,0.219528466253919,0.207214753166224,16.85,1.1541095890411,212.45,3.09468317552804,0,-16.0641,4.11759799833194,1.37608385686463,0.451685660266874,1.30108445697626,0.601283991047423,33.3877563865537,51.0347891166449,14.7976986383577,0.969,3.95608738968062,3.43920674799665,0.832442903389189,0.505112958942417
1991-06-01,0.0,506.1,18.92,18.92,1115.44,0.2508887406776049,658.41,27.06629,750.88,3.17552224503765,2.27054970568104,0.715016154973943,0.219528466253919,0.207214753166224,16.85,1.1541095890411,212.45,3.09468317552804,0,-16.0641,4.11759799833194,1.37608385686463,0.451685660266874,1.30108445697626,0.601283991047423,33.3877563865537,51.0347891166449,14.7976986383577,0.969,3.95608738968062,3.43920674799665,0.832442903389189,0.505112958942417
1991-06-02,0.0,567.47,14.91,14.91,801.01,0.22808067334327722,658.41,27.06629,750.88,3.17552224503765,2.27054970568104,0.715016154973943,0.219528466253919,0.207214753166224,16.85,1.1541095890411,212.45,3.09468317552804,0,-16.0641,4.11759799833194,1.37608385686463,0.451685660266874,1.30108445697626,0.601283991047423,33.3877563865537,51.0347891166449,14.7976986383577,0.969,3.95608738968062,3.43920674799665,0.832442903389189,0.505112958942417
1991-06-03,0.86,420.65,15.72,15.72,859.24,0.20853090134242488,658.41,27.06629,750.88,3.17552224503765,2.27054970568104,0.715016154973943,0.219528466253919,0.207214753166224,16.85,1.1541095890411,212.45,3.09468317552804,0,-16.0641,4.11759799833194,1.37608385686463,0.451685660266874,1.30108445697626,0.601283991047423,33.3877563865537,51.0347891166449,14.7976986383577,0.969,3.95608738968062,3.43920674799665,0.832442903389189,0.505112958942417
1991-06-04,0.31,475.6,14.74,14.74,783.07,0.2020143106754741,658.41,27.06629,750.88,3.17552224503765,2.27054970568104,0.715016154973943,0.219528466253919,0.207214753166224,16.85,1.1541095890411,212.45,3.09468317552804,0,-16.0641,4.11759799833194,1.37608385686463,0.451685660266874,1.30108445697626,0.601283991047423,33.3877563865537,51.0347891166449,14.7976986383577,0.969,3.95608738968062,3.43920674799665,0.832442903389189,0.505112958942417
1991-06-05,0.02,568.0,10.87,10.87,589.96,0.19875601534199872,658.41,27.06629,750.88,3.17552224503765,2.27054970568104,0.715016154973943,0.219528466253919,0.207214753166224,16.85,1.1541095890411,212.45,3.09468317552804,0,-16.0641,4.11759799833194,1.37608385686463,0.451685660266874,1.30108445697626,0.601283991047423,33.3877563865537,51.0347891166449,14.7976986383577,0.969,3.95608738968062,3.43920674799665,0.832442903389189,0.505112958942417
1991-06-06,0.0,573.93,10.92,10.92,579.64,0.18898112934157255,658.41,27.06629,750.88,3.17552224503765,2.27054970568104,0.715016154973943,0.219528466253919,0.207214753166224,16.85,1.1541095890411,212.45,3.09468317552804,0,-16.0641,4.11759799833194,1.37608385686463,0.451685660266874,1.30108445697626,0.601283991047423,33.3877563865537,51.0347891166449,14.7976986383577,0.969,3.95608738968062,3.43920674799665,0.832442903389189,0.505112958942417
1991-06-07,0.0,582.74,12.21,12.21,624.23,0.18246453867462176,658.41,27.06629,750.88,3.17552224503765,2.27054970568104,0.715016154973943,0.219528466253919,0.207214753166224,16.85,1.1541095890411,212.45,3.09468317552804,0,-16.0641,4.11759799833194,1.37608385686463,0.451685660266874,1.30108445697626,0.601283991047423,33.3877563865537,51.0347891166449,14.7976986383577,0.969,3.95608738968062,3.43920674799665,0.832442903389189,0.505112958942417
1991-06-08,0.0,572.85,14.58,14.58,728.56,0.1726896526741956,658.41,27.06629,750.88,3.17552224503765,2.27054970568104,0.715016154973943,0.219528466253919,0.207214753166224,16.85,1.1541095890411,212.45,3.09468317552804,0,-16.0641,4.11759799833194,1.37608385686463,0.451685660266874,1.30108445697626,0.601283991047423,33.3877563865537,51.0347891166449,14.7976986383577,0.969,3.95608738968062,3.43920674799665,0.832442903389189,0.505112958942417
1991-06-09,0.0,578.11,16.54,16.54,821.97,0.16617306200724483,658.41,27.06629,750.88,3.17552224503765,2.27054970568104,0.715016154973943,0.219528466253919,0.207214753166224,16.85,1.1541095890411,212.45,3.09468317552804,0,-16.0641,4.11759799833194,1.37608385686463,0.451685660266874,1.30108445697626,0.601283991047423,33.3877563865537,51.0347891166449,14.7976986383577,0.969,3.95608738968062,3.43920674799665,0.832442903389189,0.505112958942417
1991-06-10,1.44,436.58,18.25,18.25,1010.88,0.15639817600681866,658.41,27.06629,750.88,3.17552224503765,2.27054970568104,0.715016154973943,0.219528466253919,0.207214753166224,16.85,1.1541095890411,212.45,3.09468317552804,0,-16.0641,4.11759799833194,1.37608385686463,0.451685660266874,1.30108445697626,0.601283991047423,33.3877563865537,51.0347891166449,14.7976986383577,0.969,3.95608738968062,3.43920674799665,0.832442903389189,0.505112958942417
1991-06-11,5.33,386.34,19.55,19.55,1189.83,0.14988158533986787,658.41,27.06629,750.88,3.17552224503765,2.27054970568104,0.715016154973943,0.219528466253919,0.207214753166224,16.85,1.1541095890411,212.45,3.09468317552804,0,-16.0641,4.11759799833194,1.37608385686463,0.451685660266874,1.30108445697626,0.601283991047423,33.3877563865537,51.0347891166449,14.7976986383577,0.969,3.95608738968062,3.43920674799665,0.832442903389189,0.505112958942417
1991-06-12,1.9,361.08,18.09,18.09,1069.38,0.17920624334114638,658.41,27.06629,750.88,3.17552224503765,2.27054970568104,0.715016154973943,0.219528466253919,0.207214753166224,16.85,1.1541095890411,212.45,3.09468317552804,0,-16.0641,4.11759799833194,1.37608385686463,0.451685660266874,1.30108445697626,0.601283991047423,33.3877563865537,51.0347891166449,14.7976986383577,0.969,3.95608738968062,3.43920674799665,0.832442903389189,0.505112958942417
1991-06-13,0.16,582.2,12.3,12.3,633.84,0.17594794800767097,658.41,27.06629,750.88,3.17552224503765,2.27054970568104,0.715016154973943,0.219528466253919,0.207214753166224,16.85,1.1541095890411,212.45,3.09468317552804,0,-16.0641,4.11759799833194,1.37608385686463,0.451685660266874,1.30108445697626,0.601283991047423,33.3877563865537,51.0347891166449,14.7976986383577,0.969,3.95608738968062,3.43920674799665,0.832442903389189,0.505112958942417
1991-06-14,0.0,594.26,13.47,13.47,660.38,0.15639817600681866,658.41,27.06629,750.88,3.17552224503765,2.27054970568104,0.715016154973943,0.219528466253919,0.207214753166224,16.85,1.1541095890411,212.45,3.09468317552804,0,-16.0641,4.11759799833194,1.37608385686463,0.451685660266874,1.30108445697626,0.601283991047423,33.3877563865537,51.0347891166449,14.7976986383577,0.969,3.95608738968062,3.43920674799665,0.832442903389189,0.505112958942417
1991-06-15,0.57,433.89,17.5,17.5,938.9,0.1433649946729171,658.41,27.06629,750.88,3.17552224503765,2.27054970568104,0.715016154973943,0.219528466253919,0.207214753166224,16.85,1.1541095890411,212.45,3.09468317552804,0,-16.0641,4.11759799833194,1.37608385686463,0.451685660266874,1.30108445697626,0.601283991047423,33.3877563865537,51.0347891166449,14.7976986383577,0.969,3.95608738968062,3.43920674799665,0.832442903389189,0.505112958942417
1991-06-16,0.15,519.3,20.86,20.86,1203.75,0.17594794800767097,658.41,27.06629,750.88,3.17552224503765,2.27054970568104,0.715016154973943,0.219528466253919,0.207214753166224,16.85,1.1541095890411,212.45,3.09468317552804,0,-16.0641,4.11759799833194,1.37608385686463,0.451685660266874,1.30108445697626,0.601283991047423,33.3877563865537,51.0347891166449,14.7976986383577,0.969,3.95608738968062,3.43920674799665,0.832442903389189,0.505112958942417
1991-06-17,0.0,440.15,20.19,20.19,1265.33,0.1433649946729171,658.41,27.06629,750.88,3.17552224503765,2.27054970568104,0.715016154973943,0.219528466253919,0.207214753166224,16.85,1.1541095890411,212.45,3.09468317552804,0,-16.0641,4.11759799833194,1.37608385686463,0.451685660266874,1.30108445697626,0.601283991047423,33.3877563865537,51.0347891166449,14.7976986383577,0.969,3.95608738968062,3.43920674799665,0.832442903389189,0.505112958942417
1991-06-18,0.0,485.45,18.62,18.62,1133.34,0.13359010867249094,658.41,27.06629,750.88,3.17552224503765,2.27054970568104,0.715016154973943,0.219528466253919,0.207214753166224,16.85,1.1541095890411,212.45,3.09468317552804,0,-16.0641,4.11759799833194,1.37608385686463,0.451685660266874,1.30108445697626,0.601283991047423,33.3877563865537,51.0347891166449,14.7976986383577,0.969,3.95608738968062,3.43920674799665,0.832442903389189,0.505112958942417
1991-06-19,0.0,523.76,19.2,19.2,1085.81,0.13359010867249094,658.41,27.06629,750.88,3.17552224503765,2.27054970568104,0.715016154973943,0.219528466253919,0.207214753166224,16.85,1.1541095890411,212.45,3.09468317552804,0,-16.0641,4.11759799833194,1.37608385686463,0.451685660266874,1.30108445697626,0.601283991047423,33.3877563865537,51.0347891166449,14.7976986383577,0.969,3.95608738968062,3.43920674799665,0.832442903389189,0.505112958942417
1991-06-20,0.0,563.76,19.98,19.98,1029.95,0.12381522267206477,658.41,27.06629,750.88,3.17552224503765,2.27054970568104,0.715016154973943,0.219528466253919,0.207214753166224,16.85,1.1541095890411,212.45,3.09468317552804,0,-16.0641,4.11759799833194,1.37608385686463,0.451685660266874,1.30108445697626,0.601283991047423,33.3877563865537,51.0347891166449,14.7976986383577,0.969,3.95608738968062,3.43920674799665,0.832442903389189,0.505112958942417
1991-06-21,0.2,437.49,19.93,19.93,1049.72,0.11404033667163861,658.41,27.06629,750.88,3.17552224503765,2.27054970568104,0.715016154973943,0.219528466253919,0.207214753166224,16.85,1.1541095890411,212.45,3.09468317552804,0,-16.0641,4.11759799833194,1.37608385686463,0.451685660266874,1.30108445697626,0.601283991047423,33.3877563865537,51.0347891166449,14.7976986383577,0.969,3.95608738968062,3.43920674799665,0.832442903389189,0.505112958942417
1991-06-22,1.24,412.72,19.92,19.92,1070.08,0.10752374600468782,658.41,27.06629,750.88,3.17552224503765,2.27054970568104,0.715016154973943,0.219528466253919,0.207214753166224,16.85,1.1541095890411,212.45,3.09468317552804,0,-16.0641,4.11759799833194,1.37608385686463,0.451685660266874,1.30108445697626,0.601283991047423,33.3877563865537,51.0347891166449,14.7976986383577,0.969,3.95608738968062,3.43920674799665,0.832442903389189,0.505112958942417
1991-06-23,0.79,499.02,16.87,16.87,862.93,0.10752374600468782,658.41,27.06629,750.88,3.17552224503765,2.27054970568104,0.715016154973943,0.219528466253919,0.207214753166224,16.85,1.1541095890411,212.45,3.09468317552804,0,-16.0641,4.11759799833194,1.37608385686463,0.451685660266874,1.30108445697626,0.601283991047423,33.3877563865537,51.0347891166449,14.7976986383577,0.969,3.95608738968062,3.43920674799665,0.832442903389189,0.505112958942417
1991-06-24,0.13,591.42,14.47,14.47,679.5,0.10100715533773705,658.41,27.06629,750.88,3.17552224503765,2.27054970568104,0.715016154973943,0.219528466253919,0.207214753166224,16.85,1.1541095890411,212.45,3.09468317552804,0,-16.0641,4.11759799833194,1.37608385686463,0.451685660266874,1.30108445697626,0.601283991047423,33.3877563865537,51.0347891166449,14.7976986383577,0.969,3.95608738968062,3.43920674799665,0.832442903389189,0.505112958942417
1991-06-25,0.0,580.74,16.97,16.97,803.97,0.09774886000426165,658.41,27.06629,750.88,3.17552224503765,2.27054970568104,0.715016154973943,0.219528466253919,0.207214753166224,16.85,1.1541095890411,212.45,3.09468317552804,0,-16.0641,4.11759799833194,1.37608385686463,0.451685660266874,1.30108445697626,0.601283991047423,33.3877563865537,51.0347891166449,14.7976986383577,0.969,3.95608738968062,3.43920674799665,0.832442903389189,0.505112958942417
1991-06-26,0.0,562.45,19.3,19.3,955.92,0.09449056467078627,658.41,27.06629,750.88,3.17552224503765,2.27054970568104,0.715016154973943,0.219528466253919,0.207214753166224,16.85,1.1541095890411,212.45,3.09468317552804,0,-16.0641,4.11759799833194,1.37608385686463,0.451685660266874,1.30108445697626,0.601283991047423,33.3877563865537,51.0347891166449,14.7976986383577,0.969,3.95608738968062,3.43920674799665,0.832442903389189,0.505112958942417
1991-06-27,0.0,561.63,20.54,20.54,1029.13,0.08797397400383548,658.41,27.06629,750.88,3.17552224503765,2.27054970568104,0.715016154973943,0.219528466253919,0.207214753166224,16.85,1.1541095890411,212.45,3.09468317552804,0,-16.0641,4.11759799833194,1.37608385686463,0.451685660266874,1.30108445697626,0.601283991047423,33.3877563865537,51.0347891166449,14.7976986383577,0.969,3.95608738968062,3.43920674799665,0.832442903389189,0.505112958942417
1991-06-28,0.0,558.37,21.67,21.67,1151.46,0.08145738333688472,658.41,27.06629,750.88,3.17552224503765,2.27054970568104,0.715016154973943,0.219528466253919,0.207214753166224,16.85,1.1541095890411,212.45,3.09468317552804,0,-16.0641,4.11759799833194,1.37608385686463,0.451685660266874,1.30108445697626,0.601283991047423,33.3877563865537,51.0347891166449,14.7976986383577,0.969,3.95608738968062,3.43920674799665,0.832442903389189,0.505112958942417
1991-06-29,0.41,397.24,23.09,23.09,1407.89,0.08145738333688472,658.41,27.06629,750.88,3.17552224503765,2.27054970568104,0.715016154973943,0.219528466253919,0.207214753166224,16.85,1.1541095890411,212.45,3.09468317552804,0,-16.0641,4.11759799833194,1.37608385686463,0.451685660266874,1.30108445697626,0.601283991047423,33.3877563865537,51.0347891166449,14.7976986383577,0.969,3.95608738968062,3.43920674799665,0.832442903389189,0.505112958942417
1991-06-30,2.12,352.14,22.05,22.05,1318.38,0.08145738333688472,658.41,27.06629,750.88,3.17552224503765,2.27054970568104,0.715016154973943,0.219528466253919,0.207214753166224,16.85,1.1541095890411,212.45,3.09468317552804,0,-16.0641,4.11759799833194,1.37608385686463,0.451685660266874,1.30108445697626,0.601283991047423,33.3877563865537,51.0347891166449,14.7976986383577,0.969,3.95608738968062,3.43920674799665,0.832442903389189,0.505112958942417
1991-07-01,0.53,578.92,16.32,16.32,848.11,0.13359010867249094,658.41,27.06629,750.88,3.17552224503765,2.27054970568104,0.715016154973943,0.219528466253919,0.207214753166224,16.85,1.1541095890411,212.45,3.09468317552804,0,-16.0641,4.11759799833194,1.37608385686463,0.451685660266874,1.30108445697626,0.601283991047423,33.3877563865537,51.0347891166449,14.7976986383577,0.969,3.95608738968062,3.43920674799665,0.832442903389189,0.505112958942417
1991-07-02,9.38,392.55,18.14,18.14,1093.75,0.13033181333901556,658.41,27.06629,750.88,3.17552224503765,2.27054970568104,0.715016154973943,0.219528466253919,0.207214753166224,16.85,1.1541095890411,212.45,3.09468317552804,0,-16.0641,4.11759799833194,1.37608385686463,0.451685660266874,1.30108445697626,0.601283991047423,33.3877563865537,51.0347891166449,14.7976986383577,0.969,3.95608738968062,3.43920674799665,0.832442903389189,0.505112958942417
1991-07-03,2.48,416.96,19.67,19.67,1313.34,0.12707351800554018,658.41,27.06629,750.88,3.17552224503765,2.27054970568104,0.715016154973943,0.219528466253919,0.207214753166224,16.85,1.1541095890411,212.45,3.09468317552804,0,-16.0641,4.11759799833194,1.37608385686463,0.451685660266874,1.30108445697626,0.601283991047423,33.3877563865537,51.0347891166449,14.7976986383577,0.969,3.95608738968062,3.43920674799665,0.832442903389189,0.505112958942417
1991-07-04,1.16,356.18,21.57,21.57,1483.14,0.12055692733858939,658.41,27.06629,750.88,3.17552224503765,2.27054970568104,0.715016154973943,0.219528466253919,0.207214753166224,16.85,1.1541095890411,212.45,3.09468317552804,0,-16.0641,4.11759799833194,1.37608385686463,0.451685660266874,1.30108445697626,0.601283991047423,33.3877563865537,51.0347891166449,14.7976986383577,0.969,3.95608738968062,3.43920674799665,0.832442903389189,0.505112958942417
1991-07-05,12.37,318.17,21.14,21.14,1493.68,0.1433649946729171,658.41,27.06629,750.88,3.17552224503765,2.27054970568104,0.715016154973943,0.219528466253919,0.207214753166224,16.85,1.1541095890411,212.45,3.09468317552804,0,-16.0641,4.11759799833194,1.37608385686463,0.451685660266874,1.30108445697626,0.601283991047423,33.3877563865537,51.0347891166449,14.7976986383577,0.969,3.95608738968062,3.43920674799665,0.832442903389189,0.505112958942417
1991-07-06,11.21,373.17,20.87,20.87,1453.87,0.18572283400809714,658.41,27.06629,750.88,3.17552224503765,2.27054970568104,0.715016154973943,0.219528466253919,0.207214753166224,16.85,1.1541095890411,212.45,3.09468317552804,0,-16.0641,4.11759799833194,1.37608385686463,0.451685660266874,1.30108445697626,0.601283991047423,33.3877563865537,51.0347891166449,14.7976986383577,0.969,3.95608738968062,3.43920674799665,0.832442903389189,0.505112958942417
1991-07-07,8.1,324.73,21.9,21.9,1564.48,0.18246453867462176,658.41,27.06629,750.88,3.17552224503765,2.27054970568104,0.715016154973943,0.219528466253919,0.207214753166224,16.85,1.1541095890411,212.45,3.09468317552804,0,-16.0641,4.11759799833194,1.37608385686463,0.451685660266874,1.30108445697626,0.601283991047423,33.3877563865537,51.0347891166449,14.7976986383577,0.969,3.95608738968062,3.43920674799665,0.832442903389189,0.505112958942417
1991-07-08,1.57,477.86,20.6,20.6,1281.88,0.20527260600894948,658.41,27.06629,750.88,3.17552224503765,2.27054970568104,0.715016154973943,0.219528466253919,0.207214753166224,16.85,1.1541095890411,212.45,3.09468317552804,0,-16.0641,4.11759799833194,1.37608385686463,0.451685660266874,1.30108445697626,0.601283991047423,33.3877563865537,51.0347891166449,14.7976986383577,0.969,3.95608738968062,3.43920674799665,0.832442903389189,0.505112958942417
1991-07-09,0.0,553.49,16.86,16.86,922.91,0.13359010867249094,658.41,27.06629,750.88,3.17552224503765,2.27054970568104,0.715016154973943,0.219528466253919,0.207214753166224,16.85,1.1541095890411,212.45,3.09468317552804,0,-16.0641,4.11759799833194,1.37608385686463,0.451685660266874,1.30108445697626,0.601283991047423,33.3877563865537,51.0347891166449,14.7976986383577,0.969,3.95608738968062,3.43920674799665,0.832442903389189,0.505112958942417
1991-07-10,0.0,562.53,15.59,15.59,834.69,0.11078204133816322,658.41,27.06629,750.88,3.17552224503765,2.27054970568104,0.715016154973943,0.219528466253919,0.207214753166224,16.85,1.1541095890411,212.45,3.09468317552804,0,-16.0641,4.11759799833194,1.37608385686463,0.451685660266874,1.30108445697626,0.601283991047423,33.3877563865537,51.0347891166449,14.7976986383577,0.969,3.95608738968062,3.43920674799665,0.832442903389189,0.505112958942417
1991-07-11,0.0,564.08,15.97,15.97,839.34,0.09449056467078627,658.41,27.06629,750.88,3.17552224503765,2.27054970568104,0.715016154973943,0.219528466253919,0.207214753166224,16.85,1.1541095890411,212.45,3.09468317552804,0,-16.0641,4.11759799833194,1.37608385686463,0.451685660266874,1.30108445697626,0.601283991047423,33.3877563865537,51.0347891166449,14.7976986383577,0.969,3.95608738968062,3.43920674799665,0.832442903389189,0.505112958942417
1991-07-12,0.0,547.37,16.29,16.29,907.04,0.08145738333688472,658.41,27.06629,750.88,3.17552224503765,2.27054970568104,0.715016154973943,0.219528466253919,0.207214753166224,16.85,1.1541095890411,212.45,3.09468317552804,0,-16.0641,4.11759799833194,1.37608385686463,0.451685660266874,1.30108445697626,0.601283991047423,33.3877563865537,51.0347891166449,14.7976986383577,0.969,3.95608738968062,3.43920674799665,0.832442903389189,0.505112958942417
1991-07-13,14.04,383.61,18.53,18.53,1126.95,0.11404033667163861,658.41,27.06629,750.88,3.17552224503765,2.27054970568104,0.715016154973943,0.219528466253919,0.207214753166224,16.85,1.1541095890411,212.45,3.09468317552804,0,-16.0641,4.11759799833194,1.37608385686463,0.451685660266874,1.30108445697626,0.601283991047423,33.3877563865537,51.0347891166449,14.7976986383577,0.969,3.95608738968062,3.43920674799665,0.832442903389189,0.505112958942417
1991-07-14,3.92,458.79,16.07,16.07,956.91,0.11729863200511399,658.41,27.06629,750.88,3.17552224503765,2.27054970568104,0.715016154973943,0.219528466253919,0.207214753166224,16.85,1.1541095890411,212.45,3.09468317552804,0,-16.0641,4.11759799833194,1.37608385686463,0.451685660266874,1.30108445697626,0.601283991047423,33.3877563865537,51.0347891166449,14.7976986383577,0.969,3.95608738968062,3.43920674799665,0.832442903389189,0.505112958942417
1991-07-15,0.06,574.48,15.35,15.35,819.51,0.10426545067121244,658.41,27.06629,750.88,3.17552224503765,2.27054970568104,0.715016154973943,0.219528466253919,0.207214753166224,16.85,1.1541095890411,212.45,3.09468317552804,0,-16.0641,4.11759799833194,1.37608385686463,0.451685660266874,1.30108445697626,0.601283991047423,33.3877563865537,51.0347891166449,14.7976986383577,0.969,3.95608738968062,3.43920674799665,0.832442903389189,0.505112958942417
1991-07-16,0.0,571.91,17.43,17.43,892.14,0.0847156786703601,658.41,27.06629,750.88,3.17552224503765,2.27054970568104,0.715016154973943,0.219528466253919,0.207214753166224,16.85,1.1541095890411,212.45,3.09468317552804,0,-16.0641,4.11759799833194,1.37608385686463,0.451685660266874,1.30108445697626,0.601283991047423,33.3877563865537,51.0347891166449,14.7976986383577,0.969,3.95608738968062,3.43920674799665,0.832442903389189,0.505112958942417
1991-07-17,0.0,568.86,18.93,18.93,995.54,0.07168249733645855,658.41,27.06629,750.88,3.17552224503765,2.27054970568104,0.715016154973943,0.219528466253919,0.207214753166224,16.85,1.1541095890411,212.45,3.09468317552804,0,-16.0641,4.11759799833194,1.37608385686463,0.451685660266874,1.30108445697626,0.601283991047423,33.3877563865537,51.0347891166449,14.7976986383577,0.969,3.95608738968062,3.43920674799665,0.832442903389189,0.505112958942417
1991-07-18,0.01,528.77,20.74,20.74,1214.9,0.06516590666950778,658.41,27.06629,750.88,3.17552224503765,2.27054970568104,0.715016154973943,0.219528466253919,0.207214753166224,16.85,1.1541095890411,212.45,3.09468317552804,0,-16.0641,4.11759799833194,1.37608385686463,0.451685660266874,1.30108445697626,0.601283991047423,33.3877563865537,51.0347891166449,14.7976986383577,0.969,3.95608738968062,3.43920674799665,0.832442903389189,0.505112958942417
1991-07-19,1.29,381.75,22.9,22.9,1489.33,0.06516590666950778,658.41,27.06629,750.88,3.17552224503765,2.27054970568104,0.715016154973943,0.219528466253919,0.207214753166224,16.85,1.1541095890411,212.45,3.09468317552804,0,-16.0641,4.11759799833194,1.37608385686463,0.451685660266874,1.30108445697626,0.601283991047423,33.3877563865537,51.0347891166449,14.7976986383577,0.969,3.95608738968062,3.43920674799665,0.832442903389189,0.505112958942417
1991-07-20,0.34,521.7,23.54,23.54,1474.25,0.07494079266993393,658.41,27.06629,750.88,3.17552224503765,2.27054970568104,0.715016154973943,0.219528466253919,0.207214753166224,16.85,1.1541095890411,212.45,3.09468317552804,0,-16.0641,4.11759799833194,1.37608385686463,0.451685660266874,1.30108445697626,0.601283991047423,33.3877563865537,51.0347891166449,14.7976986383577,0.969,3.95608738968062,3.43920674799665,0.832442903389189,0.505112958942417
1991-07-21,0.32,383.2,24.07,24.07,1596.75,0.07168249733645855,658.41,27.06629,750.88,3.17552224503765,2.27054970568104,0.715016154973943,0.219528466253919,0.207214753166224,16.85,1.1541095890411,212.45,3.09468317552804,0,-16.0641,4.11759799833194,1.37608385686463,0.451685660266874,1.30108445697626,0.601283991047423,33.3877563865537,51.0347891166449,14.7976986383577,0.969,3.95608738968062,3.43920674799665,0.832442903389189,0.505112958942417
1991-07-22,4.56,365.32,23.82,23.82,1656.34,0.08145738333688472,658.41,27.06629,750.88,3.17552224503765,2.27054970568104,0.715016154973943,0.219528466253919,0.207214753166224,16.85,1.1541095890411,212.45,3.09468317552804,0,-16.0641,4.11759799833194,1.37608385686463,0.451685660266874,1.30108445697626,0.601283991047423,33.3877563865537,51.0347891166449,14.7976986383577,0.969,3.95608738968062,3.43920674799665,0.832442903389189,0.505112958942417
1991-07-23,3.16,337.34,23.52,23.52,1566.84,0.07819908800340933,658.41,27.06629,750.88,3.17552224503765,2.27054970568104,0.715016154973943,0.219528466253919,0.207214753166224,16.85,1.1541095890411,212.45,3.09468317552804,0,-16.0641,4.11759799833194,1.37608385686463,0.451685660266874,1.30108445697626,0.601283991047423,33.3877563865537,51.0347891166449,14.7976986383577,0.969,3.95608738968062,3.43920674799665,0.832442903389189,0.505112958942417
1991-07-24,0.52,554.39,18.15,18.15,1018.3,0.0847156786703601,658.41,27.06629,750.88,3.17552224503765,2.27054970568104,0.715016154973943,0.219528466253919,0.207214753166224,16.85,1.1541095890411,212.45,3.09468317552804,0,-16.0641,4.11759799833194,1.37608385686463,0.451685660266874,1.30108445697626,0.601283991047423,33.3877563865537,51.0347891166449,14.7976986383577,0.969,3.95608738968062,3.43920674799665,0.832442903389189,0.505112958942417
1991-07-25,0.12,493.6,19.09,19.09,1095.31,0.07168249733645855,658.41,27.06629,750.88,3.17552224503765,2.27054970568104,0.715016154973943,0.219528466253919,0.207214753166224,16.85,1.1541095890411,212.45,3.09468317552804,0,-16.0641,4.11759799833194,1.37608385686463,0.451685660266874,1.30108445697626,0.601283991047423,33.3877563865537,51.0347891166449,14.7976986383577,0.969,3.95608738968062,3.43920674799665,0.832442903389189,0.505112958942417
1991-07-26,0.04,491.35,19.34,19.34,1079.74,0.058649316002556996,658.41,27.06629,750.88,3.17552224503765,2.27054970568104,0.715016154973943,0.219528466253919,0.207214753166224,16.85,1.1541095890411,212.45,3.09468317552804,0,-16.0641,4.11759799833194,1.37608385686463,0.451685660266874,1.30108445697626,0.601283991047423,33.3877563865537,51.0347891166449,14.7976986383577,0.969,3.95608738968062,3.43920674799665,0.832442903389189,0.505112958942417
1991-07-27,0.0,566.76,15.35,15.35,784.89,0.05539102066908161,658.41,27.06629,750.88,3.17552224503765,2.27054970568104,0.715016154973943,0.219528466253919,0.207214753166224,16.85,1.1541095890411,212.45,3.09468317552804,0,-16.0641,4.11759799833194,1.37608385686463,0.451685660266874,1.30108445697626,0.601283991047423,33.3877563865537,51.0347891166449,14.7976986383577,0.969,3.95608738968062,3.43920674799665,0.832442903389189,0.505112958942417
1991-07-28,0.01,563.95,15.45,15.45,792.9,0.05213272533560622,658.41,27.06629,750.88,3.17552224503765,2.27054970568104,0.715016154973943,0.219528466253919,0.207214753166224,16.85,1.1541095890411,212.45,3.09468317552804,0,-16.0641,4.11759799833194,1.37608385686463,0.451685660266874,1.30108445697626,0.601283991047423,33.3877563865537,51.0347891166449,14.7976986383577,0.969,3.95608738968062,3.43920674799665,0.832442903389189,0.505112958942417
1991-07-29,0.0,534.52,17.94,17.94,995.41,0.04561613466865544,658.41,27.06629,750.88,3.17552224503765,2.27054970568104,0.715016154973943,0.219528466253919,0.207214753166224,16.85,1.1541095890411,212.45,3.09468317552804,0,-16.0641,4.11759799833194,1.37608385686463,0.451685660266874,1.30108445697626,0.601283991047423,33.3877563865537,51.0347891166449,14.7976986383577,0.969,3.95608738968062,3.43920674799665,0.832442903389189,0.505112958942417
1991-07-30,7.64,355.65,18.65,18.65,1140.83,0.058649316002556996,658.41,27.06629,750.88,3.17552224503765,2.27054970568104,0.715016154973943,0.219528466253919,0.207214753166224,16.85,1.1541095890411,212.45,3.09468317552804,0,-16.0641,4.11759799833194,1.37608385686463,0.451685660266874,1.30108445697626,0.601283991047423,33.3877563865537,51.0347891166449,14.7976986383577,0.969,3.95608738968062,3.43920674799665,0.832442903389189,0.505112958942417
1991-07-31,2.15,497.46,17.11,17.11,1007.82,0.09123226933731088,658.41,27.06629,750.88,3.17552224503765,2.27054970568104,0.715016154973943,0.219528466253919,0.207214753166224,16.85,1.1541095890411,212.45,3.09468317552804,0,-16.0641,4.11759799833194,1.37608385686463,0.451685660266874,1.30108445697626,0.601283991047423,33.3877563865537,51.0347891166449,14.7976986383577,0.969,3.95608738968062,3.43920674799665,0.832442903389189,0.505112958942417
1991-08-01,1.78,409.33,18.77,18.77,1077.62,0.07494079266993393,658.41,27.06629,750.88,3.17552224503765,2.27054970568104,0.715016154973943,0.219528466253919,0.207214753166224,16.85,1.1541095890411,212.45,3.09468317552804,0,-16.0641,4.11759799833194,1.37608385686463,0.451685660266874,1.30108445697626,0.601283991047423,33.3877563865537,51.0347891166449,14.7976986383577,0.969,3.95608738968062,3.43920674799665,0.832442903389189,0.505112958942417
1991-08-02,1.23,411.55,19.14,19.14,1104.91,0.058649316002556996,658.41,27.06629,750.88,3.17552224503765,2.27054970568104,0.715016154973943,0.219528466253919,0.207214753166224,16.85,1.1541095890411,212.45,3.09468317552804,0,-16.0641,4.11759799833194,1.37608385686463,0.451685660266874,1.30108445697626,0.601283991047423,33.3877563865537,51.0347891166449,14.7976986383577,0.969,3.95608738968062,3.43920674799665,0.832442903389189,0.505112958942417
1991-08-03,2.94,371.15,19.79,19.79,1256.28,0.05539102066908161,658.41,27.06629,750.88,3.17552224503765,2.27054970568104,0.715016154973943,0.219528466253919,0.207214753166224,16.85,1.1541095890411,212.45,3.09468317552804,0,-16.0641,4.11759799833194,1.37608385686463,0.451685660266874,1.30108445697626,0.601283991047423,33.3877563865537,51.0347891166449,14.7976986383577,0.969,3.95608738968062,3.43920674799665,0.832442903389189,0.505112958942417
1991-08-04,1.24,343.05,20.45,20.45,1289.62,0.05539102066908161,658.41,27.06629,750.88,3.17552224503765,2.27054970568104,0.715016154973943,0.219528466253919,0.207214753166224,16.85,1.1541095890411,212.45,3.09468317552804,0,-16.0641,4.11759799833194,1.37608385686463,0.451685660266874,1.30108445697626,0.601283991047423,33.3877563865537,51.0347891166449,14.7976986383577,0.969,3.95608738968062,3.43920674799665,0.832442903389189,0.505112958942417
1991-08-05,0.15,506.01,16.43,16.43,886.37,0.05539102066908161,658.41,27.06629,750.88,3.17552224503765,2.27054970568104,0.715016154973943,0.219528466253919,0.207214753166224,16.85,1.1541095890411,212.45,3.09468317552804,0,-16.0641,4.11759799833194,1.37608385686463,0.451685660266874,1.30108445697626,0.601283991047423,33.3877563865537,51.0347891166449,14.7976986383577,0.969,3.95608738968062,3.43920674799665,0.832442903389189,0.505112958942417
1991-08-06,0.0,553.58,14.48,14.48,743.16,0.05213272533560622,658.41,27.06629,750.88,3.17552224503765,2.27054970568104,0.715016154973943,0.219528466253919,0.207214753166224,16.85,1.1541095890411,212.45,3.09468317552804,0,-16.0641,4.11759799833194,1.37608385686463,0.451685660266874,1.30108445697626,0.601283991047423,33.3877563865537,51.0347891166449,14.7976986383577,0.969,3.95608738968062,3.43920674799665,0.832442903389189,0.505112958942417
1991-08-07,6.03,427.25,15.95,15.95,849.37,0.04887443000213083,658.41,27.06629,750.88,3.17552224503765,2.27054970568104,0.715016154973943,0.219528466253919,0.207214753166224,16.85,1.1541095890411,212.45,3.09468317552804,0,-16.0641,4.11759799833194,1.37608385686463,0.451685660266874,1.30108445697626,0.601283991047423,33.3877563865537,51.0347891166449,14.7976986383577,0.969,3.95608738968062,3.43920674799665,0.832442903389189,0.505112958942417
1991-08-08,19.04,402.76,17.61,17.61,1004.05,0.04561613466865544,658.41,27.06629,750.88,3.17552224503765,2.27054970568104,0.715016154973943,0.219528466253919,0.207214753166224,16.85,1.1541095890411,212.45,3.09468317552804,0,-16.0641,4.11759799833194,1.37608385686463,0.451685660266874,1.30108445697626,0.601283991047423,33.3877563865537,51.0347891166449,14.7976986383577,0.969,3.95608738968062,3.43920674799665,0.832442903389189,0.505112958942417
1991-08-09,7.34,344.23,17.93,17.93,1140.6,0.13359010867249094,658.41,27.06629,750.88,3.17552224503765,2.27054970568104,0.715016154973943,0.219528466253919,0.207214753166224,16.85,1.1541095890411,212.45,3.09468317552804,0,-16.0641,4.11759799833194,1.37608385686463,0.451685660266874,1.30108445697626,0.601283991047423,33.3877563865537,51.0347891166449,14.7976986383577,0.969,3.95608738968062,3.43920674799665,0.832442903389189,0.505112958942417
1991-08-10,1.14,363.46,15.73,15.73,1049.92,0.13033181333901556,658.41,27.06629,750.88,3.17552224503765,2.27054970568104,0.715016154973943,0.219528466253919,0.207214753166224,16.85,1.1541095890411,212.45,3.09468317552804,0,-16.0641,4.11759799833194,1.37608385686463,0.451685660266874,1.30108445697626,0.601283991047423,33.3877563865537,51.0347891166449,14.7976986383577,0.969,3.95608738968062,3.43920674799665,0.832442903389189,0.505112958942417
1991-08-11,0.11,472.65,17.56,17.56,1096.57,0.09123226933731088,658.41,27.06629,750.88,3.17552224503765,2.27054970568104,0.715016154973943,0.219528466253919,0.207214753166224,16.85,1.1541095890411,212.45,3.09468317552804,0,-16.0641,4.11759799833194,1.37608385686463,0.451685660266874,1.30108445697626,0.601283991047423,33.3877563865537,51.0347891166449,14.7976986383577,0.969,3.95608738968062,3.43920674799665,0.832442903389189,0.505112958942417
1991-08-12,0.4,448.85,16.99,16.99,1010.22,0.07168249733645855,658.41,27.06629,750.88,3.17552224503765,2.27054970568104,0.715016154973943,0.219528466253919,0.207214753166224,16.85,1.1541095890411,212.45,3.09468317552804,0,-16.0641,4.11759799833194,1.37608385686463,0.451685660266874,1.30108445697626,0.601283991047423,33.3877563865537,51.0347891166449,14.7976986383577,0.969,3.95608738968062,3.43920674799665,0.832442903389189,0.505112958942417
1991-08-13,0.4,413.24,16.83,16.83,997.88,0.061907611336032384,658.41,27.06629,750.88,3.17552224503765,2.27054970568104,0.715016154973943,0.219528466253919,0.207214753166224,16.85,1.1541095890411,212.45,3.09468317552804,0,-16.0641,4.11759799833194,1.37608385686463,0.451685660266874,1.30108445697626,0.601283991047423,33.3877563865537,51.0347891166449,14.7976986383577,0.969,3.95608738968062,3.43920674799665,0.832442903389189,0.505112958942417
1991-08-14,3.62,376.71,18.42,18.42,1162.49,0.05539102066908161,658.41,27.06629,750.88,3.17552224503765,2.27054970568104,0.715016154973943,0.219528466253919,0.207214753166224,16.85,1.1541095890411,212.45,3.09468317552804,0,-16.0641,4.11759799833194,1.37608385686463,0.451685660266874,1.30108445697626,0.601283991047423,33.3877563865537,51.0347891166449,14.7976986383577,0.969,3.95608738968062,3.43920674799665,0.832442903389189,0.505112958942417
1991-08-15,2.3,355.57,18.75,18.75,1241.74,0.06516590666950778,658.41,27.06629,750.88,3.17552224503765,2.27054970568104,0.715016154973943,0.219528466253919,0.207214753166224,16.85,1.1541095890411,212.45,3.09468317552804,0,-16.0641,4.11759799833194,1.37608385686463,0.451685660266874,1.30108445697626,0.601283991047423,33.3877563865537,51.0347891166449,14.7976986383577,0.969,3.95608738968062,3.43920674799665,0.832442903389189,0.505112958942417
1991-08-16,1.31,383.3,19.0,19.0,1222.34,0.06516590666950778,658.41,27.06629,750.88,3.17552224503765,2.27054970568104,0.715016154973943,0.219528466253919,0.207214753166224,16.85,1.1541095890411,212.45,3.09468317552804,0,-16.0641,4.11759799833194,1.37608385686463,0.451685660266874,1.30108445697626,0.601283991047423,33.3877563865537,51.0347891166449,14.7976986383577,0.969,3.95608738968062,3.43920674799665,0.832442903389189,0.505112958942417
1991-08-17,0.88,378.36,20.66,20.66,1332.68,0.061907611336032384,658.41,27.06629,750.88,3.17552224503765,2.27054970568104,0.715016154973943,0.219528466253919,0.207214753166224,16.85,1.1541095890411,212.45,3.09468317552804,0,-16.0641,4.11759799833194,1.37608385686463,0.451685660266874,1.30108445697626,0.601283991047423,33.3877563865537,51.0347891166449,14.7976986383577,0.969,3.95608738968062,3.43920674799665,0.832442903389189,0.505112958942417
1991-08-18,3.47,339.44,21.3,21.3,1475.89,0.058649316002556996,658.41,27.06629,750.88,3.17552224503765,2.27054970568104,0.715016154973943,0.219528466253919,0.207214753166224,16.85,1.1541095890411,212.45,3.09468317552804,0,-16.0641,4.11759799833194,1.37608385686463,0.451685660266874,1.30108445697626,0.601283991047423,33.3877563865537,51.0347891166449,14.7976986383577,0.969,3.95608738968062,3.43920674799665,0.832442903389189,0.505112958942417
1991-08-19,6.82,317.47,19.61,19.61,1386.3,0.07168249733645855,658.41,27.06629,750.88,3.17552224503765,2.27054970568104,0.715016154973943,0.219528466253919,0.207214753166224,16.85,1.1541095890411,212.45,3.09468317552804,0,-16.0641,4.11759799833194,1.37608385686463,0.451685660266874,1.30108445697626,0.601283991047423,33.3877563865537,51.0347891166449,14.7976986383577,0.969,3.95608738968062,3.43920674799665,0.832442903389189,0.505112958942417
1991-08-20,22.09,327.17,16.71,16.71,1213.82,0.16617306200724483,658.41,27.06629,750.88,3.17552224503765,2.27054970568104,0.715016154973943,0.219528466253919,0.207214753166224,16.85,1.1541095890411,212.45,3.09468317552804,0,-16.0641,4.11759799833194,1.37608385686463,0.451685660266874,1.30108445697626,0.601283991047423,33.3877563865537,51.0347891166449,14.7976986383577,0.969,3.95608738968062,3.43920674799665,0.832442903389189,0.505112958942417
1991-08-21,5.46,219.84,15.12,15.12,1206.37,0.3453793053483912,658.41,27.06629,750.88,3.17552224503765,2.27054970568104,0.715016154973943,0.219528466253919,0.207214753166224,16.85,1.1541095890411,212.45,3.09468317552804,0,-16.0641,4.11759799833194,1.37608385686463,0.451685660266874,1.30108445697626,0.601283991047423,33.3877563865537,51.0347891166449,14.7976986383577,0.969,3.95608738968062,3.43920674799665,0.832442903389189,0.505112958942417
1991-08-22,0.57,378.39,14.6,14.6,1043.33,0.1433649946729171,658.41,27.06629,750.88,3.17552224503765,2.27054970568104,0.715016154973943,0.219528466253919,0.207214753166224,16.85,1.1541095890411,212.45,3.09468317552804,0,-16.0641,4.11759799833194,1.37608385686463,0.451685660266874,1.30108445697626,0.601283991047423,33.3877563865537,51.0347891166449,14.7976986383577,0.969,3.95608738968062,3.43920674799665,0.832442903389189,0.505112958942417
1991-08-23,0.15,485.13,18.23,18.23,1177.21,0.10752374600468782,658.41,27.06629,750.88,3.17552224503765,2.27054970568104,0.715016154973943,0.219528466253919,0.207214753166224,16.85,1.1541095890411,212.45,3.09468317552804,0,-16.0641,4.11759799833194,1.37608385686463,0.451685660266874,1.30108445697626,0.601283991047423,33.3877563865537,51.0347891166449,14.7976986383577,0.969,3.95608738968062,3.43920674799665,0.832442903389189,0.505112958942417
1991-08-24,0.0,476.16,17.96,17.96,1174.39,0.08797397400383548,658.41,27.06629,750.88,3.17552224503765,2.27054970568104,0.715016154973943,0.219528466253919,0.207214753166224,16.85,1.1541095890411,212.45,3.09468317552804,0,-16.0641,4.11759799833194,1.37608385686463,0.451685660266874,1.30108445697626,0.601283991047423,33.3877563865537,51.0347891166449,14.7976986383577,0.969,3.95608738968062,3.43920674799665,0.832442903389189,0.505112958942417
1991-08-25,0.0,434.02,17.23,17.23,1204.58,0.08145738333688472,658.41,27.06629,750.88,3.17552224503765,2.27054970568104,0.715016154973943,0.219528466253919,0.207214753166224,16.85,1.1541095890411,212.45,3.09468317552804,0,-16.0641,4.11759799833194,1.37608385686463,0.451685660266874,1.30108445697626,0.601283991047423,33.3877563865537,51.0347891166449,14.7976986383577,0.969,3.95608738968062,3.43920674799665,0.832442903389189,0.505112958942417
1991-08-26,0.0,468.98,18.54,18.54,1241.64,0.07168249733645855,658.41,27.06629,750.88,3.17552224503765,2.27054970568104,0.715016154973943,0.219528466253919,0.207214753166224,16.85,1.1541095890411,212.45,3.09468317552804,0,-16.0641,4.11759799833194,1.37608385686463,0.451685660266874,1.30108445697626,0.601283991047423,33.3877563865537,51.0347891166449,14.7976986383577,0.969,3.95608738968062,3.43920674799665,0.832442903389189,0.505112958942417
1991-08-27,0.0,502.81,19.4,19.4,1205.74,0.06516590666950778,658.41,27.06629,750.88,3.17552224503765,2.27054970568104,0.715016154973943,0.219528466253919,0.207214753166224,16.85,1.1541095890411,212.45,3.09468317552804,0,-16.0641,4.11759799833194,1.37608385686463,0.451685660266874,1.30108445697626,0.601283991047423,33.3877563865537,51.0347891166449,14.7976986383577,0.969,3.95608738968062,3.43920674799665,0.832442903389189,0.505112958942417
1991-08-28,0.29,495.17,20.26,20.26,1214.99,0.058649316002556996,658.41,27.06629,750.88,3.17552224503765,2.27054970568104,0.715016154973943,0.219528466253919,0.207214753166224,16.85,1.1541095890411,212.45,3.09468317552804,0,-16.0641,4.11759799833194,1.37608385686463,0.451685660266874,1.30108445697626,0.601283991047423,33.3877563865537,51.0347891166449,14.7976986383577,0.969,3.95608738968062,3.43920674799665,0.832442903389189,0.505112958942417
1991-08-29,0.08,506.43,20.09,20.09,1213.64,0.05539102066908161,658.41,27.06629,750.88,3.17552224503765,2.27054970568104,0.715016154973943,0.219528466253919,0.207214753166224,16.85,1.1541095890411,212.45,3.09468317552804,0,-16.0641,4.11759799833194,1.37608385686463,0.451685660266874,1.30108445697626,0.601283991047423,33.3877563865537,51.0347891166449,14.7976986383577,0.969,3.95608738968062,3.43920674799665,0.832442903389189,0.505112958942417
1991-08-30,1.05,420.82,21.9,21.9,1417.29,0.05213272533560622,658.41,27.06629,750.88,3.17552224503765,2.27054970568104,0.715016154973943,0.219528466253919,0.207214753166224,16.85,1.1541095890411,212.45,3.09468317552804,0,-16.0641,4.11759799833194,1.37608385686463,0.451685660266874,1.30108445697626,0.601283991047423,33.3877563865537,51.0347891166449,14.7976986383577,0.969,3.95608738968062,3.43920674799665,0.832442903389189,0.505112958942417
1991-08-31,0.28,448.56,22.12,22.12,1391.03,0.04887443000213083,658.41,27.06629,750.88,3.17552224503765,2.27054970568104,0.715016154973943,0.219528466253919,0.207214753166224,16.85,1.1541095890411,212.45,3.09468317552804,0,-16.0641,4.11759799833194,1.37608385686463,0.451685660266874,1.30108445697626,0.601283991047423,33.3877563865537,51.0347891166449,14.7976986383577,0.969,3.95608738968062,3.43920674799665,0.832442903389189,0.505112958942417
1991-09-01,0.0,507.25,14.23,14.23,836.03,0.04561613466865544,658.41,27.06629,750.88,3.17552224503765,2.27054970568104,0.715016154973943,0.219528466253919,0.207214753166224,16.85,1.1541095890411,212.45,3.09468317552804,0,-16.0641,4.11759799833194,1.37608385686463,0.451685660266874,1.30108445697626,0.601283991047423,33.3877563865537,51.0347891166449,14.7976986383577,0.969,3.95608738968062,3.43920674799665,0.832442903389189,0.505112958942417
1991-09-02,2.98,398.84,12.26,12.26,753.65,0.04235783933518005,658.41,27.06629,750.88,3.17552224503765,2.27054970568104,0.715016154973943,0.219528466253919,0.207214753166224,16.85,1.1541095890411,212.45,3.09468317552804,0,-16.0641,4.11759799833194,1.37608385686463,0.451685660266874,1.30108445697626,0.601283991047423,33.3877563865537,51.0347891166449,14.7976986383577,0.969,3.95608738968062,3.43920674799665,0.832442903389189,0.505112958942417
1991-09-03,2.74,380.99,14.94,14.94,927.73,0.04235783933518005,658.41,27.06629,750.88,3.17552224503765,2.27054970568104,0.715016154973943,0.219528466253919,0.207214753166224,16.85,1.1541095890411,212.45,3.09468317552804,0,-16.0641,4.11759799833194,1.37608385686463,0.451685660266874,1.30108445697626,0.601283991047423,33.3877563865537,51.0347891166449,14.7976986383577,0.969,3.95608738968062,3.43920674799665,0.832442903389189,0.505112958942417
1991-09-04,8.32,336.8,17.62,17.62,1138.14,0.07494079266993393,658.41,27.06629,750.88,3.17552224503765,2.27054970568104,0.715016154973943,0.219528466253919,0.207214753166224,16.85,1.1541095890411,212.45,3.09468317552804,0,-16.0641,4.11759799833194,1.37608385686463,0.451685660266874,1.30108445697626,0.601283991047423,33.3877563865537,51.0347891166449,14.7976986383577,0.969,3.95608738968062,3.43920674799665,0.832442903389189,0.505112958942417
1991-09-05,2.05,483.68,14.46,14.46,917.35,0.07168249733645855,658.41,27.06629,750.88,3.17552224503765,2.27054970568104,0.715016154973943,0.219528466253919,0.207214753166224,16.85,1.1541095890411,212.45,3.09468317552804,0,-16.0641,4.11759799833194,1.37608385686463,0.451685660266874,1.30108445697626,0.601283991047423,33.3877563865537,51.0347891166449,14.7976986383577,0.969,3.95608738968062,3.43920674799665,0.832442903389189,0.505112958942417
1991-09-06,0.0,486.31,14.94,14.94,914.52,0.061907611336032384,658.41,27.06629,750.88,3.17552224503765,2.27054970568104,0.715016154973943,0.219528466253919,0.207214753166224,16.85,1.1541095890411,212.45,3.09468317552804,0,-16.0641,4.11759799833194,1.37608385686463,0.451685660266874,1.30108445697626,0.601283991047423,33.3877563865537,51.0347891166449,14.7976986383577,0.969,3.95608738968062,3.43920674799665,0.832442903389189,0.505112958942417
1991-09-07,0.0,493.79,15.35,15.35,916.06,0.05539102066908161,658.41,27.06629,750.88,3.17552224503765,2.27054970568104,0.715016154973943,0.219528466253919,0.207214753166224,16.85,1.1541095890411,212.45,3.09468317552804,0,-16.0641,4.11759799833194,1.37608385686463,0.451685660266874,1.30108445697626,0.601283991047423,33.3877563865537,51.0347891166449,14.7976986383577,0.969,3.95608738968062,3.43920674799665,0.832442903389189,0.505112958942417
1991-09-08,0.06,410.27,16.65,16.65,1029.52,0.04887443000213083,658.41,27.06629,750.88,3.17552224503765,2.27054970568104,0.715016154973943,0.219528466253919,0.207214753166224,16.85,1.1541095890411,212.45,3.09468317552804,0,-16.0641,4.11759799833194,1.37608385686463,0.451685660266874,1.30108445697626,0.601283991047423,33.3877563865537,51.0347891166449,14.7976986383577,0.969,3.95608738968062,3.43920674799665,0.832442903389189,0.505112958942417
1991-09-09,0.1,402.26,18.4,18.4,1211.2,0.04561613466865544,658.41,27.06629,750.88,3.17552224503765,2.27054970568104,0.715016154973943,0.219528466253919,0.207214753166224,16.85,1.1541095890411,212.45,3.09468317552804,0,-16.0641,4.11759799833194,1.37608385686463,0.451685660266874,1.30108445697626,0.601283991047423,33.3877563865537,51.0347891166449,14.7976986383577,0.969,3.95608738968062,3.43920674799665,0.832442903389189,0.505112958942417
1991-09-10,1.03,330.95,19.33,19.33,1343.4,0.05539102066908161,658.41,27.06629,750.88,3.17552224503765,2.27054970568104,0.715016154973943,0.219528466253919,0.207214753166224,16.85,1.1541095890411,212.45,3.09468317552804,0,-16.0641,4.11759799833194,1.37608385686463,0.451685660266874,1.30108445697626,0.601283991047423,33.3877563865537,51.0347891166449,14.7976986383577,0.969,3.95608738968062,3.43920674799665,0.832442903389189,0.505112958942417
1991-09-11,0.42,343.67,19.14,19.14,1287.24,0.05539102066908161,658.41,27.06629,750.88,3.17552224503765,2.27054970568104,0.715016154973943,0.219528466253919,0.207214753166224,16.85,1.1541095890411,212.45,3.09468317552804,0,-16.0641,4.11759799833194,1.37608385686463,0.451685660266874,1.30108445697626,0.601283991047423,33.3877563865537,51.0347891166449,14.7976986383577,0.969,3.95608738968062,3.43920674799665,0.832442903389189,0.505112958942417
1991-09-12,0.04,472.42,12.84,12.84,830.65,0.05539102066908161,658.41,27.06629,750.88,3.17552224503765,2.27054970568104,0.715016154973943,0.219528466253919,0.207214753166224,16.85,1.1541095890411,212.45,3.09468317552804,0,-16.0641,4.11759799833194,1.37608385686463,0.451685660266874,1.30108445697626,0.601283991047423,33.3877563865537,51.0347891166449,14.7976986383577,0.969,3.95608738968062,3.43920674799665,0.832442903389189,0.505112958942417
1991-09-13,0.0,475.37,13.34,13.34,827.98,0.05213272533560622,658.41,27.06629,750.88,3.17552224503765,2.27054970568104,0.715016154973943,0.219528466253919,0.207214753166224,16.85,1.1541095890411,212.45,3.09468317552804,0,-16.0641,4.11759799833194,1.37608385686463,0.451685660266874,1.30108445697626,0.601283991047423,33.3877563865537,51.0347891166449,14.7976986383577,0.969,3.95608738968062,3.43920674799665,0.832442903389189,0.505112958942417
1991-09-14,0.0,471.1,15.45,15.45,974.98,0.05213272533560622,658.41,27.06629,750.88,3.17552224503765,2.27054970568104,0.715016154973943,0.219528466253919,0.207214753166224,16.85,1.1541095890411,212.45,3.09468317552804,0,-16.0641,4.11759799833194,1.37608385686463,0.451685660266874,1.30108445697626,0.601283991047423,33.3877563865537,51.0347891166449,14.7976986383577,0.969,3.95608738968062,3.43920674799665,0.832442903389189,0.505112958942417
1991-09-15,2.82,335.66,18.94,18.94,1350.83,0.04887443000213083,658.41,27.06629,750.88,3.17552224503765,2.27054970568104,0.715016154973943,0.219528466253919,0.207214753166224,16.85,1.1541095890411,212.45,3.09468317552804,0,-16.0641,4.11759799833194,1.37608385686463,0.451685660266874,1.30108445697626,0.601283991047423,33.3877563865537,51.0347891166449,14.7976986383577,0.969,3.95608738968062,3.43920674799665,0.832442903389189,0.505112958942417
1991-09-16,6.34,290.09,23.2,23.2,1829.62,0.04887443000213083,658.41,27.06629,750.88,3.17552224503765,2.27054970568104,0.715016154973943,0.219528466253919,0.207214753166224,16.85,1.1541095890411,212.45,3.09468317552804,0,-16.0641,4.11759799833194,1.37608385686463,0.451685660266874,1.30108445697626,0.601283991047423,33.3877563865537,51.0347891166449,14.7976986383577,0.969,3.95608738968062,3.43920674799665,0.832442903389189,0.505112958942417
1991-09-17,3.22,284.2,23.78,23.78,1812.42,0.07819908800340933,658.41,27.06629,750.88,3.17552224503765,2.27054970568104,0.715016154973943,0.219528466253919,0.207214753166224,16.85,1.1541095890411,212.45,3.09468317552804,0,-16.0641,4.11759799833194,1.37608385686463,0.451685660266874,1.30108445697626,0.601283991047423,33.3877563865537,51.0347891166449,14.7976986383577,0.969,3.95608738968062,3.43920674799665,0.832442903389189,0.505112958942417
1991-09-18,2.47,321.42,17.91,17.91,1249.84,0.10426545067121244,658.41,27.06629,750.88,3.17552224503765,2.27054970568104,0.715016154973943,0.219528466253919,0.207214753166224,16.85,1.1541095890411,212.45,3.09468317552804,0,-16.0641,4.11759799833194,1.37608385686463,0.451685660266874,1.30108445697626,0.601283991047423,33.3877563865537,51.0347891166449,14.7976986383577,0.969,3.95608738968062,3.43920674799665,0.832442903389189,0.505112958942417
1991-09-19,1.2,320.48,16.65,16.65,1062.95,0.07494079266993393,658.41,27.06629,750.88,3.17552224503765,2.27054970568104,0.715016154973943,0.219528466253919,0.207214753166224,16.85,1.1541095890411,212.45,3.09468317552804,0,-16.0641,4.11759799833194,1.37608385686463,0.451685660266874,1.30108445697626,0.601283991047423,33.3877563865537,51.0347891166449,14.7976986383577,0.969,3.95608738968062,3.43920674799665,0.832442903389189,0.505112958942417
1991-09-20,0.23,364.02,8.07,8.07,637.27,0.06516590666950778,658.41,27.06629,750.88,3.17552224503765,2.27054970568104,0.715016154973943,0.219528466253919,0.207214753166224,16.85,1.1541095890411,212.45,3.09468317552804,0,-16.0641,4.11759799833194,1.37608385686463,0.451685660266874,1.30108445697626,0.601283991047423,33.3877563865537,51.0347891166449,14.7976986383577,0.969,3.95608738968062,3.43920674799665,0.832442903389189,0.505112958942417
1991-09-21,0.2,333.64,5.7,5.7,555.57,0.06516590666950778,658.41,27.06629,750.88,3.17552224503765,2.27054970568104,0.715016154973943,0.219528466253919,0.207214753166224,16.85,1.1541095890411,212.45,3.09468317552804,0,-16.0641,4.11759799833194,1.37608385686463,0.451685660266874,1.30108445697626,0.601283991047423,33.3877563865537,51.0347891166449,14.7976986383577,0.969,3.95608738968062,3.43920674799665,0.832442903389189,0.505112958942417
1991-09-22,0.86,341.76,7.51,7.51,619.68,0.061907611336032384,658.41,27.06629,750.88,3.17552224503765,2.27054970568104,0.715016154973943,0.219528466253919,0.207214753166224,16.85,1.1541095890411,212.45,3.09468317552804,0,-16.0641,4.11759799833194,1.37608385686463,0.451685660266874,1.30108445697626,0.601283991047423,33.3877563865537,51.0347891166449,14.7976986383577,0.969,3.95608738968062,3.43920674799665,0.832442903389189,0.505112958942417
1991-09-23,5.17,309.69,10.72,10.72,758.06,0.061907611336032384,658.41,27.06629,750.88,3.17552224503765,2.27054970568104,0.715016154973943,0.219528466253919,0.207214753166224,16.85,1.1541095890411,212.45,3.09468317552804,0,-16.0641,4.11759799833194,1.37608385686463,0.451685660266874,1.30108445697626,0.601283991047423,33.3877563865537,51.0347891166449,14.7976986383577,0.969,3.95608738968062,3.43920674799665,0.832442903389189,0.505112958942417
1991-09-24,13.83,331.39,8.44,8.44,658.67,0.06516590666950778,658.41,27.06629,750.88,3.17552224503765,2.27054970568104,0.715016154973943,0.219528466253919,0.207214753166224,16.85,1.1541095890411,212.45,3.09468317552804,0,-16.0641,4.11759799833194,1.37608385686463,0.451685660266874,1.30108445697626,0.601283991047423,33.3877563865537,51.0347891166449,14.7976986383577,0.969,3.95608738968062,3.43920674799665,0.832442903389189,0.505112958942417
1991-09-25,7.5,286.59,9.15,9.15,749.75,0.18246453867462176,658.41,27.06629,750.88,3.17552224503765,2.27054970568104,0.715016154973943,0.219528466253919,0.207214753166224,16.85,1.1541095890411,212.45,3.09468317552804,0,-16.0641,4.11759799833194,1.37608385686463,0.451685660266874,1.30108445697626,0.601283991047423,33.3877563865537,51.0347891166449,14.7976986383577,0.969,3.95608738968062,3.43920674799665,0.832442903389189,0.505112958942417
1991-09-26,1.73,220.24,8.74,8.74,788.1,0.1694313573407202,658.41,27.06629,750.88,3.17552224503765,2.27054970568104,0.715016154973943,0.219528466253919,0.207214753166224,16.85,1.1541095890411,212.45,3.09468317552804,0,-16.0641,4.11759799833194,1.37608385686463,0.451685660266874,1.30108445697626,0.601283991047423,33.3877563865537,51.0347891166449,14.7976986383577,0.969,3.95608738968062,3.43920674799665,0.832442903389189,0.505112958942417
1991-09-27,0.37,261.68,6.02,6.02,637.79,0.11404033667163861,658.41,27.06629,750.88,3.17552224503765,2.27054970568104,0.715016154973943,0.219528466253919,0.207214753166224,16.85,1.1541095890411,212.45,3.09468317552804,0,-16.0641,4.11759799833194,1.37608385686463,0.451685660266874,1.30108445697626,0.601283991047423,33.3877563865537,51.0347891166449,14.7976986383577,0.969,3.95608738968062,3.43920674799665,0.832442903389189,0.505112958942417
1991-09-28,0.05,422.05,4.25,4.25,495.93,0.09774886000426165,658.41,27.06629,750.88,3.17552224503765,2.27054970568104,0.715016154973943,0.219528466253919,0.207214753166224,16.85,1.1541095890411,212.45,3.09468317552804,0,-16.0641,4.11759799833194,1.37608385686463,0.451685660266874,1.30108445697626,0.601283991047423,33.3877563865537,51.0347891166449,14.7976986383577,0.969,3.95608738968062,3.43920674799665,0.832442903389189,0.505112958942417
1991-09-29,0.0,434.77,5.15,5.15,469.32,0.0847156786703601,658.41,27.06629,750.88,3.17552224503765,2.27054970568104,0.715016154973943,0.219528466253919,0.207214753166224,16.85,1.1541095890411,212.45,3.09468317552804,0,-16.0641,4.11759799833194,1.37608385686463,0.451685660266874,1.30108445697626,0.601283991047423,33.3877563865537,51.0347891166449,14.7976986383577,0.969,3.95608738968062,3.43920674799665,0.832442903389189,0.505112958942417
1991-09-30,0.0,448.83,5.1,5.1,470.96,0.07494079266993393,658.41,27.06629,750.88,3.17552224503765,2.27054970568104,0.715016154973943,0.219528466253919,0.207214753166224,16.85,1.1541095890411,212.45,3.09468317552804,0,-16.0641,4.11759799833194,1.37608385686463,0.451685660266874,1.30108445697626,0.601283991047423,33.3877563865537,51.0347891166449,14.7976986383577,0.969,3.95608738968062,3.43920674799665,0.832442903389189,0.505112958942417
1991-10-01,0.29,348.91,11.77,11.77,817.15,0.07168249733645855,658.41,27.06629,750.88,3.17552224503765,2.27054970568104,0.715016154973943,0.219528466253919,0.207214753166224,16.85,1.1541095890411,212.45,3.09468317552804,0,-16.0641,4.11759799833194,1.37608385686463,0.451685660266874,1.30108445697626,0.601283991047423,33.3877563865537,51.0347891166449,14.7976986383577,0.969,3.95608738968062,3.43920674799665,0.832442903389189,0.505112958942417
1991-10-02,0.58,296.88,16.02,16.02,1089.39,0.06842420200298316,658.41,27.06629,750.88,3.17552224503765,2.27054970568104,0.715016154973943,0.219528466253919,0.207214753166224,16.85,1.1541095890411,212.45,3.09468317552804,0,-16.0641,4.11759799833194,1.37608385686463,0.451685660266874,1.30108445697626,0.601283991047423,33.3877563865537,51.0347891166449,14.7976986383577,0.969,3.95608738968062,3.43920674799665,0.832442903389189,0.505112958942417
1991-10-03,2.84,296.27,14.21,14.21,978.32,0.06516590666950778,658.41,27.06629,750.88,3.17552224503765,2.27054970568104,0.715016154973943,0.219528466253919,0.207214753166224,16.85,1.1541095890411,212.45,3.09468317552804,0,-16.0641,4.11759799833194,1.37608385686463,0.451685660266874,1.30108445697626,0.601283991047423,33.3877563865537,51.0347891166449,14.7976986383577,0.969,3.95608738968062,3.43920674799665,0.832442903389189,0.505112958942417
1991-10-04,5.83,283.65,13.6,13.6,980.12,0.06516590666950778,658.41,27.06629,750.88,3.17552224503765,2.27054970568104,0.715016154973943,0.219528466253919,0.207214753166224,16.85,1.1541095890411,212.45,3.09468317552804,0,-16.0641,4.11759799833194,1.37608385686463,0.451685660266874,1.30108445697626,0.601283991047423,33.3877563865537,51.0347891166449,14.7976986383577,0.969,3.95608738968062,3.43920674799665,0.832442903389189,0.505112958942417
1991-10-05,5.32,278.23,14.48,14.48,996.44,0.07494079266993393,658.41,27.06629,750.88,3.17552224503765,2.27054970568104,0.715016154973943,0.219528466253919,0.207214753166224,16.85,1.1541095890411,212.45,3.09468317552804,0,-16.0641,4.11759799833194,1.37608385686463,0.451685660266874,1.30108445697626,0.601283991047423,33.3877563865537,51.0347891166449,14.7976986383577,0.969,3.95608738968062,3.43920674799665,0.832442903389189,0.505112958942417
1991-10-06,1.74,302.95,11.08,11.08,739.04,0.09123226933731088,658.41,27.06629,750.88,3.17552224503765,2.27054970568104,0.715016154973943,0.219528466253919,0.207214753166224,16.85,1.1541095890411,212.45,3.09468317552804,0,-16.0641,4.11759799833194,1.37608385686463,0.451685660266874,1.30108445697626,0.601283991047423,33.3877563865537,51.0347891166449,14.7976986383577,0.969,3.95608738968062,3.43920674799665,0.832442903389189,0.505112958942417
1991-10-07,1.46,233.0,5.9,5.9,607.19,0.09449056467078627,658.41,27.06629,750.88,3.17552224503765,2.27054970568104,0.715016154973943,0.219528466253919,0.207214753166224,16.85,1.1541095890411,212.45,3.09468317552804,0,-16.0641,4.11759799833194,1.37608385686463,0.451685660266874,1.30108445697626,0.601283991047423,33.3877563865537,51.0347891166449,14.7976986383577,0.969,3.95608738968062,3.43920674799665,0.832442903389189,0.505112958942417
1991-10-08,0.34,348.43,5.75,5.75,651.46,0.08797397400383548,658.41,27.06629,750.88,3.17552224503765,2.27054970568104,0.715016154973943,0.219528466253919,0.207214753166224,16.85,1.1541095890411,212.45,3.09468317552804,0,-16.0641,4.11759799833194,1.37608385686463,0.451685660266874,1.30108445697626,0.601283991047423,33.3877563865537,51.0347891166449,14.7976986383577,0.969,3.95608738968062,3.43920674799665,0.832442903389189,0.505112958942417
1991-10-09,0.97,274.82,10.94,10.94,856.82,0.08145738333688472,658.41,27.06629,750.88,3.17552224503765,2.27054970568104,0.715016154973943,0.219528466253919,0.207214753166224,16.85,1.1541095890411,212.45,3.09468317552804,0,-16.0641,4.11759799833194,1.37608385686463,0.451685660266874,1.30108445697626,0.601283991047423,33.3877563865537,51.0347891166449,14.7976986383577,0.969,3.95608738968062,3.43920674799665,0.832442903389189,0.505112958942417
1991-10-10,2.95,277.64,11.43,11.43,815.4,0.07494079266993393,658.41,27.06629,750.88,3.17552224503765,2.27054970568104,0.715016154973943,0.219528466253919,0.207214753166224,16.85,1.1541095890411,212.45,3.09468317552804,0,-16.0641,4.11759799833194,1.37608385686463,0.451685660266874,1.30108445697626,0.601283991047423,33.3877563865537,51.0347891166449,14.7976986383577,0.969,3.95608738968062,3.43920674799665,0.832442903389189,0.505112958942417
1991-10-11,1.42,242.12,6.96,6.96,658.26,0.07819908800340933,658.41,27.06629,750.88,3.17552224503765,2.27054970568104,0.715016154973943,0.219528466253919,0.207214753166224,16.85,1.1541095890411,212.45,3.09468317552804,0,-16.0641,4.11759799833194,1.37608385686463,0.451685660266874,1.30108445697626,0.601283991047423,33.3877563865537,51.0347891166449,14.7976986383577,0.969,3.95608738968062,3.43920674799665,0.832442903389189,0.505112958942417
1991-10-12,0.51,222.55,5.44,5.44,627.2,0.07819908800340933,658.41,27.06629,750.88,3.17552224503765,2.27054970568104,0.715016154973943,0.219528466253919,0.207214753166224,16.85,1.1541095890411,212.45,3.09468317552804,0,-16.0641,4.11759799833194,1.37608385686463,0.451685660266874,1.30108445697626,0.601283991047423,33.3877563865537,51.0347891166449,14.7976986383577,0.969,3.95608738968062,3.43920674799665,0.832442903389189,0.505112958942417
1991-10-13,0.36,280.8,4.5,4.5,551.12,0.07494079266993393,658.41,27.06629,750.88,3.17552224503765,2.27054970568104,0.715016154973943,0.219528466253919,0.207214753166224,16.85,1.1541095890411,212.45,3.09468317552804,0,-16.0641,4.11759799833194,1.37608385686463,0.451685660266874,1.30108445697626,0.601283991047423,33.3877563865537,51.0347891166449,14.7976986383577,0.969,3.95608738968062,3.43920674799665,0.832442903389189,0.505112958942417
1991-10-14,6.47,329.74,1.87,1.87,422.81,0.07494079266993393,658.41,27.06629,750.88,3.17552224503765,2.27054970568104,0.715016154973943,0.219528466253919,0.207214753166224,16.85,1.1541095890411,212.45,3.09468317552804,0,-16.0641,4.11759799833194,1.37608385686463,0.451685660266874,1.30108445697626,0.601283991047423,33.3877563865537,51.0347891166449,14.7976986383577,0.969,3.95608738968062,3.43920674799665,0.832442903389189,0.505112958942417
1991-10-15,12.3,268.53,5.18,5.18,568.54,0.10426545067121244,658.41,27.06629,750.88,3.17552224503765,2.27054970568104,0.715016154973943,0.219528466253919,0.207214753166224,16.85,1.1541095890411,212.45,3.09468317552804,0,-16.0641,4.11759799833194,1.37608385686463,0.451685660266874,1.30108445697626,0.601283991047423,33.3877563865537,51.0347891166449,14.7976986383577,0.969,3.95608738968062,3.43920674799665,0.832442903389189,0.505112958942417
1991-10-16,2.9,355.04,4.5,4.5,534.14,0.2671802173449819,658.41,27.06629,750.88,3.17552224503765,2.27054970568104,0.715016154973943,0.219528466253919,0.207214753166224,16.85,1.1541095890411,212.45,3.09468317552804,0,-16.0641,4.11759799833194,1.37608385686463,0.451685660266874,1.30108445697626,0.601283991047423,33.3877563865537,51.0347891166449,14.7976986383577,0.969,3.95608738968062,3.43920674799665,0.832442903389189,0.505112958942417
1991-10-17,0.61,311.36,4.64,4.64,502.9,0.1694313573407202,658.41,27.06629,750.88,3.17552224503765,2.27054970568104,0.715016154973943,0.219528466253919,0.207214753166224,16.85,1.1541095890411,212.45,3.09468317552804,0,-16.0641,4.11759799833194,1.37608385686463,0.451685660266874,1.30108445697626,0.601283991047423,33.3877563865537,51.0347891166449,14.7976986383577,0.969,3.95608738968062,3.43920674799665,0.832442903389189,0.505112958942417
1991-10-18,2.28,296.24,7.97,7.97,593.19,0.13359010867249094,658.41,27.06629,750.88,3.17552224503765,2.27054970568104,0.715016154973943,0.219528466253919,0.207214753166224,16.85,1.1541095890411,212.45,3.09468317552804,0,-16.0641,4.11759799833194,1.37608385686463,0.451685660266874,1.30108445697626,0.601283991047423,33.3877563865537,51.0347891166449,14.7976986383577,0.969,3.95608738968062,3.43920674799665,0.832442903389189,0.505112958942417
1991-10-19,2.0,285.99,7.67,7.67,574.65,0.12055692733858939,658.41,27.06629,750.88,3.17552224503765,2.27054970568104,0.715016154973943,0.219528466253919,0.207214753166224,16.85,1.1541095890411,212.45,3.09468317552804,0,-16.0641,4.11759799833194,1.37608385686463,0.451685660266874,1.30108445697626,0.601283991047423,33.3877563865537,51.0347891166449,14.7976986383577,0.969,3.95608738968062,3.43920674799665,0.832442903389189,0.505112958942417
1991-10-20,0.38,328.8,2.74,2.74,460.77,0.12055692733858939,658.41,27.06629,750.88,3.17552224503765,2.27054970568104,0.715016154973943,0.219528466253919,0.207214753166224,16.85,1.1541095890411,212.45,3.09468317552804,0,-16.0641,4.11759799833194,1.37608385686463,0.451685660266874,1.30108445697626,0.601283991047423,33.3877563865537,51.0347891166449,14.7976986383577,0.969,3.95608738968062,3.43920674799665,0.832442903389189,0.505112958942417
1991-10-21,0.0,352.85,3.27,3.27,486.41,0.11404033667163861,658.41,27.06629,750.88,3.17552224503765,2.27054970568104,0.715016154973943,0.219528466253919,0.207214753166224,16.85,1.1541095890411,212.45,3.09468317552804,0,-16.0641,4.11759799833194,1.37608385686463,0.451685660266874,1.30108445697626,0.601283991047423,33.3877563865537,51.0347891166449,14.7976986383577,0.969,3.95608738968062,3.43920674799665,0.832442903389189,0.505112958942417
1991-10-22,0.0,360.03,6.72,6.72,586.44,0.10752374600468782,658.41,27.06629,750.88,3.17552224503765,2.27054970568104,0.715016154973943,0.219528466253919,0.207214753166224,16.85,1.1541095890411,212.45,3.09468317552804,0,-16.0641,4.11759799833194,1.37608385686463,0.451685660266874,1.30108445697626,0.601283991047423,33.3877563865537,51.0347891166449,14.7976986383577,0.969,3.95608738968062,3.43920674799665,0.832442903389189,0.505112958942417
1991-10-23,0.0,350.13,11.06,11.06,790.64,0.10426545067121244,658.41,27.06629,750.88,3.17552224503765,2.27054970568104,0.715016154973943,0.219528466253919,0.207214753166224,16.85,1.1541095890411,212.45,3.09468317552804,0,-16.0641,4.11759799833194,1.37608385686463,0.451685660266874,1.30108445697626,0.601283991047423,33.3877563865537,51.0347891166449,14.7976986383577,0.969,3.95608738968062,3.43920674799665,0.832442903389189,0.505112958942417
1991-10-24,0.0,289.79,15.87,15.87,1173.82,0.09774886000426165,658.41,27.06629,750.88,3.17552224503765,2.27054970568104,0.715016154973943,0.219528466253919,0.207214753166224,16.85,1.1541095890411,212.45,3.09468317552804,0,-16.0641,4.11759799833194,1.37608385686463,0.451685660266874,1.30108445697626,0.601283991047423,33.3877563865537,51.0347891166449,14.7976986383577,0.969,3.95608738968062,3.43920674799665,0.832442903389189,0.505112958942417
1991-10-25,0.0,277.22,16.62,16.62,1293.46,0.09449056467078627,658.41,27.06629,750.88,3.17552224503765,2.27054970568104,0.715016154973943,0.219528466253919,0.207214753166224,16.85,1.1541095890411,212.45,3.09468317552804,0,-16.0641,4.11759799833194,1.37608385686463,0.451685660266874,1.30108445697626,0.601283991047423,33.3877563865537,51.0347891166449,14.7976986383577,0.969,3.95608738968062,3.43920674799665,0.832442903389189,0.505112958942417
1991-10-26,0.54,222.44,17.16,17.16,1308.0,0.08797397400383548,658.41,27.06629,750.88,3.17552224503765,2.27054970568104,0.715016154973943,0.219528466253919,0.207214753166224,16.85,1.1541095890411,212.45,3.09468317552804,0,-16.0641,4.11759799833194,1.37608385686463,0.451685660266874,1.30108445697626,0.601283991047423,33.3877563865537,51.0347891166449,14.7976986383577,0.969,3.95608738968062,3.43920674799665,0.832442903389189,0.505112958942417
1991-10-27,2.02,226.05,15.81,15.81,1118.04,0.08797397400383548,658.41,27.06629,750.88,3.17552224503765,2.27054970568104,0.715016154973943,0.219528466253919,0.207214753166224,16.85,1.1541095890411,212.45,3.09468317552804,0,-16.0641,4.11759799833194,1.37608385686463,0.451685660266874,1.30108445697626,0.601283991047423,33.3877563865537,51.0347891166449,14.7976986383577,0.969,3.95608738968062,3.43920674799665,0.832442903389189,0.505112958942417
1991-10-28,0.53,309.71,10.53,10.53,731.72,0.09123226933731088,658.41,27.06629,750.88,3.17552224503765,2.27054970568104,0.715016154973943,0.219528466253919,0.207214753166224,16.85,1.1541095890411,212.45,3.09468317552804,0,-16.0641,4.11759799833194,1.37608385686463,0.451685660266874,1.30108445697626,0.601283991047423,33.3877563865537,51.0347891166449,14.7976986383577,0.969,3.95608738968062,3.43920674799665,0.832442903389189,0.505112958942417
1991-10-29,0.01,338.25,4.4,4.4,444.37,0.08797397400383548,658.41,27.06629,750.88,3.17552224503765,2.27054970568104,0.715016154973943,0.219528466253919,0.207214753166224,16.85,1.1541095890411,212.45,3.09468317552804,0,-16.0641,4.11759799833194,1.37608385686463,0.451685660266874,1.30108445697626,0.601283991047423,33.3877563865537,51.0347891166449,14.7976986383577,0.969,3.95608738968062,3.43920674799665,0.832442903389189,0.505112958942417
1991-10-30,0.0,336.41,5.35,5.35,440.36,0.08145738333688472,658.41,27.06629,750.88,3.17552224503765,2.27054970568104,0.715016154973943,0.219528466253919,0.207214753166224,16.85,1.1541095890411,212.45,3.09468317552804,0,-16.0641,4.11759799833194,1.37608385686463,0.451685660266874,1.30108445697626,0.601283991047423,33.3877563865537,51.0347891166449,14.7976986383577,0.969,3.95608738968062,3.43920674799665,0.832442903389189,0.505112958942417
1991-10-31,0.0,328.85,6.01,6.01,488.93,0.08145738333688472,658.41,27.06629,750.88,3.17552224503765,2.27054970568104,0.715016154973943,0.219528466253919,0.207214753166224,16.85,1.1541095890411,212.45,3.09468317552804,0,-16.0641,4.11759799833194,1.37608385686463,0.451685660266874,1.30108445697626,0.601283991047423,33.3877563865537,51.0347891166449,14.7976986383577,0.969,3.95608738968062,3.43920674799665,0.832442903389189,0.505112958942417
1991-11-01,0.0,311.55,8.22,8.22,613.14,0.08145738333688472,658.41,27.06629,750.88,3.17552224503765,2.27054970568104,0.715016154973943,0.219528466253919,0.207214753166224,16.85,1.1541095890411,212.45,3.09468317552804,0,-16.0641,4.11759799833194,1.37608385686463,0.451685660266874,1.30108445697626,0.601283991047423,33.3877563865537,51.0347891166449,14.7976986383577,0.969,3.95608738968062,3.43920674799665,0.832442903389189,0.505112958942417
1991-11-02,0.0,309.29,6.87,6.87,536.02,0.07819908800340933,658.41,27.06629,750.88,3.17552224503765,2.27054970568104,0.715016154973943,0.219528466253919,0.207214753166224,16.85,1.1541095890411,212.45,3.09468317552804,0,-16.0641,4.11759799833194,1.37608385686463,0.451685660266874,1.30108445697626,0.601283991047423,33.3877563865537,51.0347891166449,14.7976986383577,0.969,3.95608738968062,3.43920674799665,0.832442903389189,0.505112958942417
1991-11-03,0.0,311.18,2.58,2.58,375.37,0.07819908800340933,658.41,27.06629,750.88,3.17552224503765,2.27054970568104,0.715016154973943,0.219528466253919,0.207214753166224,16.85,1.1541095890411,212.45,3.09468317552804,0,-16.0641,4.11759799833194,1.37608385686463,0.451685660266874,1.30108445697626,0.601283991047423,33.3877563865537,51.0347891166449,14.7976986383577,0.969,3.95608738968062,3.43920674799665,0.832442903389189,0.505112958942417
1991-11-04,0.0,291.47,-2.56,-2.56,271.16,0.07494079266993393,658.41,27.06629,750.88,3.17552224503765,2.27054970568104,0.715016154973943,0.219528466253919,0.207214753166224,16.85,1.1541095890411,212.45,3.09468317552804,0,-16.0641,4.11759799833194,1.37608385686463,0.451685660266874,1.30108445697626,0.601283991047423,33.3877563865537,51.0347891166449,14.7976986383577,0.969,3.95608738968062,3.43920674799665,0.832442903389189,0.505112958942417
1991-11-05,0.0,285.16,-5.25,-5.25,245.33,0.07168249733645855,658.41,27.06629,750.88,3.17552224503765,2.27054970568104,0.715016154973943,0.219528466253919,0.207214753166224,16.85,1.1541095890411,212.45,3.09468317552804,0,-16.0641,4.11759799833194,1.37608385686463,0.451685660266874,1.30108445697626,0.601283991047423,33.3877563865537,51.0347891166449,14.7976986383577,0.969,3.95608738968062,3.43920674799665,0.832442903389189,0.505112958942417
1991-11-06,1.11,234.88,-2.66,-2.66,321.41,0.07168249733645855,658.41,27.06629,750.88,3.17552224503765,2.27054970568104,0.715016154973943,0.219528466253919,0.207214753166224,16.85,1.1541095890411,212.45,3.09468317552804,0,-16.0641,4.11759799833194,1.37608385686463,0.451685660266874,1.30108445697626,0.601283991047423,33.3877563865537,51.0347891166449,14.7976986383577,0.969,3.95608738968062,3.43920674799665,0.832442903389189,0.505112958942417
1991-11-07,3.01,197.03,-1.09,-1.09,364.44,0.07494079266993393,658.41,27.06629,750.88,3.17552224503765,2.27054970568104,0.715016154973943,0.219528466253919,0.207214753166224,16.85,1.1541095890411,212.45,3.09468317552804,0,-16.0641,4.11759799833194,1.37608385686463,0.451685660266874,1.30108445697626,0.601283991047423,33.3877563865537,51.0347891166449,14.7976986383577,0.969,3.95608738968062,3.43920674799665,0.832442903389189,0.505112958942417
1991-11-08,1.14,264.97,-5.21,-5.21,247.89,0.08145738333688472,658.41,27.06629,750.88,3.17552224503765,2.27054970568104,0.715016154973943,0.219528466253919,0.207214753166224,16.85,1.1541095890411,212.45,3.09468317552804,0,-16.0641,4.11759799833194,1.37608385686463,0.451685660266874,1.30108445697626,0.601283991047423,33.3877563865537,51.0347891166449,14.7976986383577,0.969,3.95608738968062,3.43920674799665,0.832442903389189,0.505112958942417
1991-11-09,1.83,267.32,-6.83,-6.83,201.66,0.07819908800340933,658.41,27.06629,750.88,3.17552224503765,2.27054970568104,0.715016154973943,0.219528466253919,0.207214753166224,16.85,1.1541095890411,212.45,3.09468317552804,0,-16.0641,4.11759799833194,1.37608385686463,0.451685660266874,1.30108445697626,0.601283991047423,33.3877563865537,51.0347891166449,14.7976986383577,0.969,3.95608738968062,3.43920674799665,0.832442903389189,0.505112958942417
1991-11-10,5.65,244.36,-3.22,-3.22,283.32,0.07168249733645855,658.41,27.06629,750.88,3.17552224503765,2.27054970568104,0.715016154973943,0.219528466253919,0.207214753166224,16.85,1.1541095890411,212.45,3.09468317552804,0,-16.0641,4.11759799833194,1.37608385686463,0.451685660266874,1.30108445697626,0.601283991047423,33.3877563865537,51.0347891166449,14.7976986383577,0.969,3.95608738968062,3.43920674799665,0.832442903389189,0.505112958942417
1991-11-11,6.73,202.06,-2.01,-2.01,361.28,0.10100715533773705,658.41,27.06629,750.88,3.17552224503765,2.27054970568104,0.715016154973943,0.219528466253919,0.207214753166224,16.85,1.1541095890411,212.45,3.09468317552804,0,-16.0641,4.11759799833194,1.37608385686463,0.451685660266874,1.30108445697626,0.601283991047423,33.3877563865537,51.0347891166449,14.7976986383577,0.969,3.95608738968062,3.43920674799665,0.832442903389189,0.505112958942417
1991-11-12,4.25,100.92,-0.44,-0.44,480.95,0.12055692733858939,658.41,27.06629,750.88,3.17552224503765,2.27054970568104,0.715016154973943,0.219528466253919,0.207214753166224,16.85,1.1541095890411,212.45,3.09468317552804,0,-16.0641,4.11759799833194,1.37608385686463,0.451685660266874,1.30108445697626,0.601283991047423,33.3877563865537,51.0347891166449,14.7976986383577,0.969,3.95608738968062,3.43920674799665,0.832442903389189,0.505112958942417
1991-11-13,0.98,104.23,0.12,0.12,535.3,0.12055692733858939,658.41,27.06629,750.88,3.17552224503765,2.27054970568104,0.715016154973943,0.219528466253919,0.207214753166224,16.85,1.1541095890411,212.45,3.09468317552804,0,-16.0641,4.11759799833194,1.37608385686463,0.451685660266874,1.30108445697626,0.601283991047423,33.3877563865537,51.0347891166449,14.7976986383577,0.969,3.95608738968062,3.43920674799665,0.832442903389189,0.505112958942417
1991-11-14,0.33,150.3,2.13,2.13,590.77,0.1401066993394417,658.41,27.06629,750.88,3.17552224503765,2.27054970568104,0.715016154973943,0.219528466253919,0.207214753166224,16.85,1.1541095890411,212.45,3.09468317552804,0,-16.0641,4.11759799833194,1.37608385686463,0.451685660266874,1.30108445697626,0.601283991047423,33.3877563865537,51.0347891166449,14.7976986383577,0.969,3.95608738968062,3.43920674799665,0.832442903389189,0.505112958942417
1991-11-15,0.3,217.13,5.61,5.61,640.68,0.21504749200937565,658.41,27.06629,750.88,3.17552224503765,2.27054970568104,0.715016154973943,0.219528466253919,0.207214753166224,16.85,1.1541095890411,212.45,3.09468317552804,0,-16.0641,4.11759799833194,1.37608385686463,0.451685660266874,1.30108445697626,0.601283991047423,33.3877563865537,51.0347891166449,14.7976986383577,0.969,3.95608738968062,3.43920674799665,0.832442903389189,0.505112958942417
1991-11-16,0.12,243.51,6.0,6.0,574.75,0.2508887406776049,658.41,27.06629,750.88,3.17552224503765,2.27054970568104,0.715016154973943,0.219528466253919,0.207214753166224,16.85,1.1541095890411,212.45,3.09468317552804,0,-16.0641,4.11759799833194,1.37608385686463,0.451685660266874,1.30108445697626,0.601283991047423,33.3877563865537,51.0347891166449,14.7976986383577,0.969,3.95608738968062,3.43920674799665,0.832442903389189,0.505112958942417
1991-11-17,0.43,229.65,1.2,1.2,418.2,0.19875601534199872,658.41,27.06629,750.88,3.17552224503765,2.27054970568104,0.715016154973943,0.219528466253919,0.207214753166224,16.85,1.1541095890411,212.45,3.09468317552804,0,-16.0641,4.11759799833194,1.37608385686463,0.451685660266874,1.30108445697626,0.601283991047423,33.3877563865537,51.0347891166449,14.7976986383577,0.969,3.95608738968062,3.43920674799665,0.832442903389189,0.505112958942417
1991-11-18,0.14,253.73,2.42,2.42,491.97,0.16291476667376945,658.41,27.06629,750.88,3.17552224503765,2.27054970568104,0.715016154973943,0.219528466253919,0.207214753166224,16.85,1.1541095890411,212.45,3.09468317552804,0,-16.0641,4.11759799833194,1.37608385686463,0.451685660266874,1.30108445697626,0.601283991047423,33.3877563865537,51.0347891166449,14.7976986383577,0.969,3.95608738968062,3.43920674799665,0.832442903389189,0.505112958942417
1991-11-19,1.01,212.91,6.42,6.42,670.67,0.14988158533986787,658.41,27.06629,750.88,3.17552224503765,2.27054970568104,0.715016154973943,0.219528466253919,0.207214753166224,16.85,1.1541095890411,212.45,3.09468317552804,0,-16.0641,4.11759799833194,1.37608385686463,0.451685660266874,1.30108445697626,0.601283991047423,33.3877563865537,51.0347891166449,14.7976986383577,0.969,3.95608738968062,3.43920674799665,0.832442903389189,0.505112958942417
1991-11-20,5.16,175.88,11.78,11.78,945.99,0.13684840400596632,658.41,27.06629,750.88,3.17552224503765,2.27054970568104,0.715016154973943,0.219528466253919,0.207214753166224,16.85,1.1541095890411,212.45,3.09468317552804,0,-16.0641,4.11759799833194,1.37608385686463,0.451685660266874,1.30108445697626,0.601283991047423,33.3877563865537,51.0347891166449,14.7976986383577,0.969,3.95608738968062,3.43920674799665,0.832442903389189,0.505112958942417
1991-11-21,5.27,171.48,12.16,12.16,948.88,0.15313988067334328,658.41,27.06629,750.88,3.17552224503765,2.27054970568104,0.715016154973943,0.219528466253919,0.207214753166224,16.85,1.1541095890411,212.45,3.09468317552804,0,-16.0641,4.11759799833194,1.37608385686463,0.451685660266874,1.30108445697626,0.601283991047423,33.3877563865537,51.0347891166449,14.7976986383577,0.969,3.95608738968062,3.43920674799665,0.832442903389189,0.505112958942417
1991-11-22,10.19,82.57,8.13,8.13,836.24,0.3421210100149158,658.41,27.06629,750.88,3.17552224503765,2.27054970568104,0.715016154973943,0.219528466253919,0.207214753166224,16.85,1.1541095890411,212.45,3.09468317552804,0,-16.0641,4.11759799833194,1.37608385686463,0.451685660266874,1.30108445697626,0.601283991047423,33.3877563865537,51.0347891166449,14.7976986383577,0.969,3.95608738968062,3.43920674799665,0.832442903389189,0.505112958942417
1991-11-23,4.16,104.39,5.84,5.84,727.74,0.9579388280417642,658.41,27.06629,750.88,3.17552224503765,2.27054970568104,0.715016154973943,0.219528466253919,0.207214753166224,16.85,1.1541095890411,212.45,3.09468317552804,0,-16.0641,4.11759799833194,1.37608385686463,0.451685660266874,1.30108445697626,0.601283991047423,33.3877563865537,51.0347891166449,14.7976986383577,0.969,3.95608738968062,3.43920674799665,0.832442903389189,0.505112958942417
1991-11-24,1.55,177.03,2.57,2.57,497.66,0.5669433880247176,658.41,27.06629,750.88,3.17552224503765,2.27054970568104,0.715016154973943,0.219528466253919,0.207214753166224,16.85,1.1541095890411,212.45,3.09468317552804,0,-16.0641,4.11759799833194,1.37608385686463,0.451685660266874,1.30108445697626,0.601283991047423,33.3877563865537,51.0347891166449,14.7976986383577,0.969,3.95608738968062,3.43920674799665,0.832442903389189,0.505112958942417
1991-11-25,1.01,110.87,-1.66,-1.66,378.33,0.43986987001917743,658.41,27.06629,750.88,3.17552224503765,2.27054970568104,0.715016154973943,0.219528466253919,0.207214753166224,16.85,1.1541095890411,212.45,3.09468317552804,0,-16.0641,4.11759799833194,1.37608385686463,0.451685660266874,1.30108445697626,0.601283991047423,33.3877563865537,51.0347891166449,14.7976986383577,0.969,3.95608738968062,3.43920674799665,0.832442903389189,0.505112958942417
1991-11-26,0.38,147.52,-4.83,-4.83,306.19,0.33234612401448965,658.41,27.06629,750.88,3.17552224503765,2.27054970568104,0.715016154973943,0.219528466253919,0.207214753166224,16.85,1.1541095890411,212.45,3.09468317552804,0,-16.0641,4.11759799833194,1.37608385686463,0.451685660266874,1.30108445697626,0.601283991047423,33.3877563865537,51.0347891166449,14.7976986383577,0.969,3.95608738968062,3.43920674799665,0.832442903389189,0.505112958942417
1991-11-27,0.16,225.09,-6.0,-6.0,263.88,0.27043851267845725,658.41,27.06629,750.88,3.17552224503765,2.27054970568104,0.715016154973943,0.219528466253919,0.207214753166224,16.85,1.1541095890411,212.45,3.09468317552804,0,-16.0641,4.11759799833194,1.37608385686463,0.451685660266874,1.30108445697626,0.601283991047423,33.3877563865537,51.0347891166449,14.7976986383577,0.969,3.95608738968062,3.43920674799665,0.832442903389189,0.505112958942417
1991-11-28,0.54,178.27,-0.78,-0.78,430.1,0.24437215001065415,658.41,27.06629,750.88,3.17552224503765,2.27054970568104,0.715016154973943,0.219528466253919,0.207214753166224,16.85,1.1541095890411,212.45,3.09468317552804,0,-16.0641,4.11759799833194,1.37608385686463,0.451685660266874,1.30108445697626,0.601283991047423,33.3877563865537,51.0347891166449,14.7976986383577,0.969,3.95608738968062,3.43920674799665,0.832442903389189,0.505112958942417
1991-11-29,0.63,147.38,5.79,5.79,694.75,0.23459726401022798,658.41,27.06629,750.88,3.17552224503765,2.27054970568104,0.715016154973943,0.219528466253919,0.207214753166224,16.85,1.1541095890411,212.45,3.09468317552804,0,-16.0641,4.11759799833194,1.37608385686463,0.451685660266874,1.30108445697626,0.601283991047423,33.3877563865537,51.0347891166449,14.7976986383577,0.969,3.95608738968062,3.43920674799665,0.832442903389189,0.505112958942417
1991-11-30,1.18,175.6,8.19,8.19,733.45,0.24111385467717877,658.41,27.06629,750.88,3.17552224503765,2.27054970568104,0.715016154973943,0.219528466253919,0.207214753166224,16.85,1.1541095890411,212.45,3.09468317552804,0,-16.0641,4.11759799833194,1.37608385686463,0.451685660266874,1.30108445697626,0.601283991047423,33.3877563865537,51.0347891166449,14.7976986383577,0.969,3.95608738968062,3.43920674799665,0.832442903389189,0.505112958942417
1991-12-01,0.28,228.35,6.94,6.94,641.63,0.25414703601108035,658.41,27.06629,750.88,3.17552224503765,2.27054970568104,0.715016154973943,0.219528466253919,0.207214753166224,16.85,1.1541095890411,212.45,3.09468317552804,0,-16.0641,4.11759799833194,1.37608385686463,0.451685660266874,1.30108445697626,0.601283991047423,33.3877563865537,51.0347891166449,14.7976986383577,0.969,3.95608738968062,3.43920674799665,0.832442903389189,0.505112958942417
1991-12-02,17.27,114.96,2.2,2.2,523.44,0.22808067334327722,658.41,27.06629,750.88,3.17552224503765,2.27054970568104,0.715016154973943,0.219528466253919,0.207214753166224,16.85,1.1541095890411,212.45,3.09468317552804,0,-16.0641,4.11759799833194,1.37608385686463,0.451685660266874,1.30108445697626,0.601283991047423,33.3877563865537,51.0347891166449,14.7976986383577,0.969,3.95608738968062,3.43920674799665,0.832442903389189,0.505112958942417
1991-12-03,6.78,130.45,-0.05,-0.05,445.15,2.069017536756872,658.41,27.06629,750.88,3.17552224503765,2.27054970568104,0.715016154973943,0.219528466253919,0.207214753166224,16.85,1.1541095890411,212.45,3.09468317552804,0,-16.0641,4.11759799833194,1.37608385686463,0.451685660266874,1.30108445697626,0.601283991047423,33.3877563865537,51.0347891166449,14.7976986383577,0.969,3.95608738968062,3.43920674799665,0.832442903389189,0.505112958942417
1991-12-04,2.92,203.89,-3.88,-3.88,299.57,1.8930695887492006,658.41,27.06629,750.88,3.17552224503765,2.27054970568104,0.715016154973943,0.219528466253919,0.207214753166224,16.85,1.1541095890411,212.45,3.09468317552804,0,-16.0641,4.11759799833194,1.37608385686463,0.451685660266874,1.30108445697626,0.601283991047423,33.3877563865537,51.0347891166449,14.7976986383577,0.969,3.95608738968062,3.43920674799665,0.832442903389189,0.505112958942417
1991-12-05,3.56,182.65,-8.13,-8.13,226.87,1.0263630300447473,658.41,27.06629,750.88,3.17552224503765,2.27054970568104,0.715016154973943,0.219528466253919,0.207214753166224,16.85,1.1541095890411,212.45,3.09468317552804,0,-16.0641,4.11759799833194,1.37608385686463,0.451685660266874,1.30108445697626,0.601283991047423,33.3877563865537,51.0347891166449,14.7976986383577,0.969,3.95608738968062,3.43920674799665,0.832442903389189,0.505112958942417
1991-12-06,0.89,211.08,-5.62,-5.62,283.79,0.8341236053696995,658.41,27.06629,750.88,3.17552224503765,2.27054970568104,0.715016154973943,0.219528466253919,0.207214753166224,16.85,1.1541095890411,212.45,3.09468317552804,0,-16.0641,4.11759799833194,1.37608385686463,0.451685660266874,1.30108445697626,0.601283991047423,33.3877563865537,51.0347891166449,14.7976986383577,0.969,3.95608738968062,3.43920674799665,0.832442903389189,0.505112958942417
1991-12-07,0.08,257.38,-1.71,-1.71,392.97,0.772215994033667,658.41,27.06629,750.88,3.17552224503765,2.27054970568104,0.715016154973943,0.219528466253919,0.207214753166224,16.85,1.1541095890411,212.45,3.09468317552804,0,-16.0641,4.11759799833194,1.37608385686463,0.451685660266874,1.30108445697626,0.601283991047423,33.3877563865537,51.0347891166449,14.7976986383577,0.969,3.95608738968062,3.43920674799665,0.832442903389189,0.505112958942417
1991-12-08,1.21,163.13,5.75,5.75,699.03,1.7301548220754313,658.41,27.06629,750.88,3.17552224503765,2.27054970568104,0.715016154973943,0.219528466253919,0.207214753166224,16.85,1.1541095890411,212.45,3.09468317552804,0,-16.0641,4.11759799833194,1.37608385686463,0.451685660266874,1.30108445697626,0.601283991047423,33.3877563865537,51.0347891166449,14.7976986383577,0.969,3.95608738968062,3.43920674799665,0.832442903389189,0.505112958942417
1991-12-09,0.33,221.34,6.02,6.02,665.24,2.020143106754741,658.41,27.06629,750.88,3.17552224503765,2.27054970568104,0.715016154973943,0.219528466253919,0.207214753166224,16.85,1.1541095890411,212.45,3.09468317552804,0,-16.0641,4.11759799833194,1.37608385686463,0.451685660266874,1.30108445697626,0.601283991047423,33.3877563865537,51.0347891166449,14.7976986383577,0.969,3.95608738968062,3.43920674799665,0.832442903389189,0.505112958942417
1991-12-10,0.0,213.86,3.02,3.02,529.69,1.5118490347325804,658.41,27.06629,750.88,3.17552224503765,2.27054970568104,0.715016154973943,0.219528466253919,0.207214753166224,16.85,1.1541095890411,212.45,3.09468317552804,0,-16.0641,4.11759799833194,1.37608385686463,0.451685660266874,1.30108445697626,0.601283991047423,33.3877563865537,51.0347891166449,14.7976986383577,0.969,3.95608738968062,3.43920674799665,0.832442903389189,0.505112958942417
1991-12-11,0.0,221.93,2.36,2.36,493.81,1.1762446153846153,658.41,27.06629,750.88,3.17552224503765,2.27054970568104,0.715016154973943,0.219528466253919,0.207214753166224,16.85,1.1541095890411,212.45,3.09468317552804,0,-16.0641,4.11759799833194,1.37608385686463,0.451685660266874,1.30108445697626,0.601283991047423,33.3877563865537,51.0347891166449,14.7976986383577,0.969,3.95608738968062,3.43920674799665,0.832442903389189,0.505112958942417
1991-12-12,0.19,199.35,2.1,2.1,481.91,0.9840051907095674,658.41,27.06629,750.88,3.17552224503765,2.27054970568104,0.715016154973943,0.219528466253919,0.207214753166224,16.85,1.1541095890411,212.45,3.09468317552804,0,-16.0641,4.11759799833194,1.37608385686463,0.451685660266874,1.30108445697626,0.601283991047423,33.3877563865537,51.0347891166449,14.7976986383577,0.969,3.95608738968062,3.43920674799665,0.832442903389189,0.505112958942417
1991-12-13,7.38,159.5,5.66,5.66,627.56,0.9970383720434689,658.41,27.06629,750.88,3.17552224503765,2.27054970568104,0.715016154973943,0.219528466253919,0.207214753166224,16.85,1.1541095890411,212.45,3.09468317552804,0,-16.0641,4.11759799833194,1.37608385686463,0.451685660266874,1.30108445697626,0.601283991047423,33.3877563865537,51.0347891166449,14.7976986383577,0.969,3.95608738968062,3.43920674799665,0.832442903389189,0.505112958942417
1991-12-14,7.15,164.01,4.63,4.63,551.36,1.5639817600681865,658.41,27.06629,750.88,3.17552224503765,2.27054970568104,0.715016154973943,0.219528466253919,0.207214753166224,16.85,1.1541095890411,212.45,3.09468317552804,0,-16.0641,4.11759799833194,1.37608385686463,0.451685660266874,1.30108445697626,0.601283991047423,33.3877563865537,51.0347891166449,14.7976986383577,0.969,3.95608738968062,3.43920674799665,0.832442903389189,0.505112958942417
1991-12-15,2.96,198.73,-2.5,-2.5,317.9,1.2707351800554014,658.41,27.06629,750.88,3.17552224503765,2.27054970568104,0.715016154973943,0.219528466253919,0.207214753166224,16.85,1.1541095890411,212.45,3.09468317552804,0,-16.0641,4.11759799833194,1.37608385686463,0.451685660266874,1.30108445697626,0.601283991047423,33.3877563865537,51.0347891166449,14.7976986383577,0.969,3.95608738968062,3.43920674799665,0.832442903389189,0.505112958942417
1991-12-16,1.94,190.26,-8.63,-8.63,202.33,1.0426545067121245,658.41,27.06629,750.88,3.17552224503765,2.27054970568104,0.715016154973943,0.219528466253919,0.207214753166224,16.85,1.1541095890411,212.45,3.09468317552804,0,-16.0641,4.11759799833194,1.37608385686463,0.451685660266874,1.30108445697626,0.601283991047423,33.3877563865537,51.0347891166449,14.7976986383577,0.969,3.95608738968062,3.43920674799665,0.832442903389189,0.505112958942417
1991-12-17,3.7,205.07,-9.32,-9.32,187.59,0.9449056467078627,658.41,27.06629,750.88,3.17552224503765,2.27054970568104,0.715016154973943,0.219528466253919,0.207214753166224,16.85,1.1541095890411,212.45,3.09468317552804,0,-16.0641,4.11759799833194,1.37608385686463,0.451685660266874,1.30108445697626,0.601283991047423,33.3877563865537,51.0347891166449,14.7976986383577,0.969,3.95608738968062,3.43920674799665,0.832442903389189,0.505112958942417
1991-12-18,1.23,218.0,-8.51,-8.51,177.85,0.8797397400383549,658.41,27.06629,750.88,3.17552224503765,2.27054970568104,0.715016154973943,0.219528466253919,0.207214753166224,16.85,1.1541095890411,212.45,3.09468317552804,0,-16.0641,4.11759799833194,1.37608385686463,0.451685660266874,1.30108445697626,0.601283991047423,33.3877563865537,51.0347891166449,14.7976986383577,0.969,3.95608738968062,3.43920674799665,0.832442903389189,0.505112958942417
1991-12-19,0.1,281.88,-12.84,-12.84,117.94,0.7819908800340932,658.41,27.06629,750.88,3.17552224503765,2.27054970568104,0.715016154973943,0.219528466253919,0.207214753166224,16.85,1.1541095890411,212.45,3.09468317552804,0,-16.0641,4.11759799833194,1.37608385686463,0.451685660266874,1.30108445697626,0.601283991047423,33.3877563865537,51.0347891166449,14.7976986383577,0.969,3.95608738968062,3.43920674799665,0.832442903389189,0.505112958942417
1991-12-20,1.12,225.6,-10.57,-10.57,153.63,0.7168249733645855,658.41,27.06629,750.88,3.17552224503765,2.27054970568104,0.715016154973943,0.219528466253919,0.207214753166224,16.85,1.1541095890411,212.45,3.09468317552804,0,-16.0641,4.11759799833194,1.37608385686463,0.451685660266874,1.30108445697626,0.601283991047423,33.3877563865537,51.0347891166449,14.7976986383577,0.969,3.95608738968062,3.43920674799665,0.832442903389189,0.505112958942417
1991-12-21,0.37,221.33,-3.0,-3.0,299.9,0.6842420200298316,658.41,27.06629,750.88,3.17552224503765,2.27054970568104,0.715016154973943,0.219528466253919,0.207214753166224,16.85,1.1541095890411,212.45,3.09468317552804,0,-16.0641,4.11759799833194,1.37608385686463,0.451685660266874,1.30108445697626,0.601283991047423,33.3877563865537,51.0347891166449,14.7976986383577,0.969,3.95608738968062,3.43920674799665,0.832442903389189,0.505112958942417
1991-12-22,0.04,243.85,-2.82,-2.82,331.63,0.6516590666950778,658.41,27.06629,750.88,3.17552224503765,2.27054970568104,0.715016154973943,0.219528466253919,0.207214753166224,16.85,1.1541095890411,212.45,3.09468317552804,0,-16.0641,4.11759799833194,1.37608385686463,0.451685660266874,1.30108445697626,0.601283991047423,33.3877563865537,51.0347891166449,14.7976986383577,0.969,3.95608738968062,3.43920674799665,0.832442903389189,0.505112958942417
1991-12-23,0.03,190.17,-1.63,-1.63,379.99,0.6516590666950778,658.41,27.06629,750.88,3.17552224503765,2.27054970568104,0.715016154973943,0.219528466253919,0.207214753166224,16.85,1.1541095890411,212.45,3.09468317552804,0,-16.0641,4.11759799833194,1.37608385686463,0.451685660266874,1.30108445697626,0.601283991047423,33.3877563865537,51.0347891166449,14.7976986383577,0.969,3.95608738968062,3.43920674799665,0.832442903389189,0.505112958942417
1991-12-24,0.1,209.37,-3.47,-3.47,316.58,0.6190761133603239,658.41,27.06629,750.88,3.17552224503765,2.27054970568104,0.715016154973943,0.219528466253919,0.207214753166224,16.85,1.1541095890411,212.45,3.09468317552804,0,-16.0641,4.11759799833194,1.37608385686463,0.451685660266874,1.30108445697626,0.601283991047423,33.3877563865537,51.0347891166449,14.7976986383577,0.969,3.95608738968062,3.43920674799665,0.832442903389189,0.505112958942417
1991-12-25,0.02,245.05,-4.68,-4.68,273.12,0.58649316002557,658.41,27.06629,750.88,3.17552224503765,2.27054970568104,0.715016154973943,0.219528466253919,0.207214753166224,16.85,1.1541095890411,212.45,3.09468317552804,0,-16.0641,4.11759799833194,1.37608385686463,0.451685660266874,1.30108445697626,0.601283991047423,33.3877563865537,51.0347891166449,14.7976986383577,0.969,3.95608738968062,3.43920674799665,0.832442903389189,0.505112958942417
1991-12-26,0.0,276.82,-5.96,-5.96,233.55,0.553910206690816,658.41,27.06629,750.88,3.17552224503765,2.27054970568104,0.715016154973943,0.219528466253919,0.207214753166224,16.85,1.1541095890411,212.45,3.09468317552804,0,-16.0641,4.11759799833194,1.37608385686463,0.451685660266874,1.30108445697626,0.601283991047423,33.3877563865537,51.0347891166449,14.7976986383577,0.969,3.95608738968062,3.43920674799665,0.832442903389189,0.505112958942417
1991-12-27,0.0,267.14,-3.5,-3.5,275.61,0.4887443000213083,658.41,27.06629,750.88,3.17552224503765,2.27054970568104,0.715016154973943,0.219528466253919,0.207214753166224,16.85,1.1541095890411,212.45,3.09468317552804,0,-16.0641,4.11759799833194,1.37608385686463,0.451685660266874,1.30108445697626,0.601283991047423,33.3877563865537,51.0347891166449,14.7976986383577,0.969,3.95608738968062,3.43920674799665,0.832442903389189,0.505112958942417
1991-12-28,5.21,227.76,-3.91,-3.91,250.53,0.5213272533560622,658.41,27.06629,750.88,3.17552224503765,2.27054970568104,0.715016154973943,0.219528466253919,0.207214753166224,16.85,1.1541095890411,212.45,3.09468317552804,0,-16.0641,4.11759799833194,1.37608385686463,0.451685660266874,1.30108445697626,0.601283991047423,33.3877563865537,51.0347891166449,14.7976986383577,0.969,3.95608738968062,3.43920674799665,0.832442903389189,0.505112958942417
1991-12-29,7.72,205.38,-1.82,-1.82,323.12,1.006813258043895,658.41,27.06629,750.88,3.17552224503765,2.27054970568104,0.715016154973943,0.219528466253919,0.207214753166224,16.85,1.1541095890411,212.45,3.09468317552804,0,-16.0641,4.11759799833194,1.37608385686463,0.451685660266874,1.30108445697626,0.601283991047423,33.3877563865537,51.0347891166449,14.7976986383577,0.969,3.95608738968062,3.43920674799665,0.832442903389189,0.505112958942417
1991-12-30,1.76,252.09,-3.15,-3.15,294.53,2.117891966759003,658.41,27.06629,750.88,3.17552224503765,2.27054970568104,0.715016154973943,0.219528466253919,0.207214753166224,16.85,1.1541095890411,212.45,3.09468317552804,0,-16.0641,4.11759799833194,1.37608385686463,0.451685660266874,1.30108445697626,0.601283991047423,33.3877563865537,51.0347891166449,14.7976986383577,0.969,3.95608738968062,3.43920674799665,0.832442903389189,0.505112958942417
1991-12-31,0.02,287.96,-7.45,-7.45,191.66,1.140403366716386,658.41,27.06629,750.88,3.17552224503765,2.27054970568104,0.715016154973943,0.219528466253919,0.207214753166224,16.85,1.1541095890411,212.45,3.09468317552804,0,-16.0641,4.11759799833194,1.37608385686463,0.451685660266874,1.30108445697626,0.601283991047423,33.3877563865537,51.0347891166449,14.7976986383577,0.969,3.95608738968062,3.43920674799665,0.832442903389189,0.505112958942417
1992-01-01,0.0,282.62,-6.59,-6.59,198.82,1.0426545067121245,658.41,27.06629,750.88,3.17552224503765,2.27054970568104,0.715016154973943,0.219528466253919,0.207214753166224,16.85,1.1541095890411,212.45,3.09468317552804,0,-16.0641,4.11759799833194,1.37608385686463,0.451685660266874,1.30108445697626,0.601283991047423,33.3877563865537,51.0347891166449,14.7976986383577,0.969,3.95608738968062,3.43920674799665,0.832442903389189,0.505112958942417
1992-01-02,0.0,288.75,-6.07,-6.07,221.32,1.0426545067121245,658.41,27.06629,750.88,3.17552224503765,2.27054970568104,0.715016154973943,0.219528466253919,0.207214753166224,16.85,1.1541095890411,212.45,3.09468317552804,0,-16.0641,4.11759799833194,1.37608385686463,0.451685660266874,1.30108445697626,0.601283991047423,33.3877563865537,51.0347891166449,14.7976986383577,0.969,3.95608738968062,3.43920674799665,0.832442903389189,0.505112958942417
1992-01-03,0.31,182.01,-1.2,-1.2,390.1,1.0752374600468781,658.41,27.06629,750.88,3.17552224503765,2.27054970568104,0.715016154973943,0.219528466253919,0.207214753166224,16.85,1.1541095890411,212.45,3.09468317552804,0,-16.0641,4.11759799833194,1.37608385686463,0.451685660266874,1.30108445697626,0.601283991047423,33.3877563865537,51.0347891166449,14.7976986383577,0.969,3.95608738968062,3.43920674799665,0.832442903389189,0.505112958942417
1992-01-04,1.61,188.36,1.18,1.18,485.73,1.3326427913914338,658.41,27.06629,750.88,3.17552224503765,2.27054970568104,0.715016154973943,0.219528466253919,0.207214753166224,16.85,1.1541095890411,212.45,3.09468317552804,0,-16.0641,4.11759799833194,1.37608385686463,0.451685660266874,1.30108445697626,0.601283991047423,33.3877563865537,51.0347891166449,14.7976986383577,0.969,3.95608738968062,3.43920674799665,0.832442903389189,0.505112958942417
1992-01-05,0.44,174.88,1.33,1.33,506.49,1.88655299808225,658.41,27.06629,750.88,3.17552224503765,2.27054970568104,0.715016154973943,0.219528466253919,0.207214753166224,16.85,1.1541095890411,212.45,3.09468317552804,0,-16.0641,4.11759799833194,1.37608385686463,0.451685660266874,1.30108445697626,0.601283991047423,33.3877563865537,51.0347891166449,14.7976986383577,0.969,3.95608738968062,3.43920674799665,0.832442903389189,0.505112958942417
1992-01-06,0.01,136.46,-0.69,-0.69,469.16,1.5379153974003834,658.41,27.06629,750.88,3.17552224503765,2.27054970568104,0.715016154973943,0.219528466253919,0.207214753166224,16.85,1.1541095890411,212.45,3.09468317552804,0,-16.0641,4.11759799833194,1.37608385686463,0.451685660266874,1.30108445697626,0.601283991047423,33.3877563865537,51.0347891166449,14.7976986383577,0.969,3.95608738968062,3.43920674799665,0.832442903389189,0.505112958942417
1992-01-07,0.16,93.49,-1.22,-1.22,451.57,1.2870266567227786,658.41,27.06629,750.88,3.17552224503765,2.27054970568104,0.715016154973943,0.219528466253919,0.207214753166224,16.85,1.1541095890411,212.45,3.09468317552804,0,-16.0641,4.11759799833194,1.37608385686463,0.451685660266874,1.30108445697626,0.601283991047423,33.3877563865537,51.0347891166449,14.7976986383577,0.969,3.95608738968062,3.43920674799665,0.832442903389189,0.505112958942417
1992-01-08,0.72,207.33,-4.28,-4.28,314.92,1.1175952993820584,658.41,27.06629,750.88,3.17552224503765,2.27054970568104,0.715016154973943,0.219528466253919,0.207214753166224,16.85,1.1541095890411,212.45,3.09468317552804,0,-16.0641,4.11759799833194,1.37608385686463,0.451685660266874,1.30108445697626,0.601283991047423,33.3877563865537,51.0347891166449,14.7976986383577,0.969,3.95608738968062,3.43920674799665,0.832442903389189,0.505112958942417
1992-01-09,1.87,212.23,-2.31,-2.31,356.33,1.065462574046452,658.41,27.06629,750.88,3.17552224503765,2.27054970568104,0.715016154973943,0.219528466253919,0.207214753166224,16.85,1.1541095890411,212.45,3.09468317552804,0,-16.0641,4.11759799833194,1.37608385686463,0.451685660266874,1.30108445697626,0.601283991047423,33.3877563865537,51.0347891166449,14.7976986383577,0.969,3.95608738968062,3.43920674799665,0.832442903389189,0.505112958942417
1992-01-10,1.98,144.09,0.47,0.47,466.07,1.1436616620498614,658.41,27.06629,750.88,3.17552224503765,2.27054970568104,0.715016154973943,0.219528466253919,0.207214753166224,16.85,1.1541095890411,212.45,3.09468317552804,0,-16.0641,4.11759799833194,1.37608385686463,0.451685660266874,1.30108445697626,0.601283991047423,33.3877563865537,51.0347891166449,14.7976986383577,0.969,3.95608738968062,3.43920674799665,0.832442903389189,0.505112958942417
1992-01-11,0.89,180.44,-2.69,-2.69,361.93,1.0263630300447473,658.41,27.06629,750.88,3.17552224503765,2.27054970568104,0.715016154973943,0.219528466253919,0.207214753166224,16.85,1.1541095890411,212.45,3.09468317552804,0,-16.0641,4.11759799833194,1.37608385686463,0.451685660266874,1.30108445697626,0.601283991047423,33.3877563865537,51.0347891166449,14.7976986383577,0.969,3.95608738968062,3.43920674799665,0.832442903389189,0.505112958942417
1992-01-12,1.49,220.46,-3.27,-3.27,327.65,0.8927729213722564,658.41,27.06629,750.88,3.17552224503765,2.27054970568104,0.715016154973943,0.219528466253919,0.207214753166224,16.85,1.1541095890411,212.45,3.09468317552804,0,-16.0641,4.11759799833194,1.37608385686463,0.451685660266874,1.30108445697626,0.601283991047423,33.3877563865537,51.0347891166449,14.7976986383577,0.969,3.95608738968062,3.43920674799665,0.832442903389189,0.505112958942417
1992-01-13,4.57,226.12,0.14,0.14,406.51,0.9188392840400595,658.41,27.06629,750.88,3.17552224503765,2.27054970568104,0.715016154973943,0.219528466253919,0.207214753166224,16.85,1.1541095890411,212.45,3.09468317552804,0,-16.0641,4.11759799833194,1.37608385686463,0.451685660266874,1.30108445697626,0.601283991047423,33.3877563865537,51.0347891166449,14.7976986383577,0.969,3.95608738968062,3.43920674799665,0.832442903389189,0.505112958942417
1992-01-14,5.87,220.58,1.75,1.75,423.42,2.2840650287662476,658.41,27.06629,750.88,3.17552224503765,2.27054970568104,0.715016154973943,0.219528466253919,0.207214753166224,16.85,1.1541095890411,212.45,3.09468317552804,0,-16.0641,4.11759799833194,1.37608385686463,0.451685660266874,1.30108445697626,0.601283991047423,33.3877563865537,51.0347891166449,14.7976986383577,0.969,3.95608738968062,3.43920674799665,0.832442903389189,0.505112958942417
1992-01-15,2.91,246.62,-6.56,-6.56,189.46,1.6291476667376945,658.41,27.06629,750.88,3.17552224503765,2.27054970568104,0.715016154973943,0.219528466253919,0.207214753166224,16.85,1.1541095890411,212.45,3.09468317552804,0,-16.0641,4.11759799833194,1.37608385686463,0.451685660266874,1.30108445697626,0.601283991047423,33.3877563865537,51.0347891166449,14.7976986383577,0.969,3.95608738968062,3.43920674799665,0.832442903389189,0.505112958942417
1992-01-16,1.25,236.53,-13.09,-13.09,111.29,1.140403366716386,658.41,27.06629,750.88,3.17552224503765,2.27054970568104,0.715016154973943,0.219528466253919,0.207214753166224,16.85,1.1541095890411,212.45,3.09468317552804,0,-16.0641,4.11759799833194,1.37608385686463,0.451685660266874,1.30108445697626,0.601283991047423,33.3877563865537,51.0347891166449,14.7976986383577,0.969,3.95608738968062,3.43920674799665,0.832442903389189,0.505112958942417
1992-01-17,1.46,231.36,-14.35,-14.35,116.06,1.0426545067121245,658.41,27.06629,750.88,3.17552224503765,2.27054970568104,0.715016154973943,0.219528466253919,0.207214753166224,16.85,1.1541095890411,212.45,3.09468317552804,0,-16.0641,4.11759799833194,1.37608385686463,0.451685660266874,1.30108445697626,0.601283991047423,33.3877563865537,51.0347891166449,14.7976986383577,0.969,3.95608738968062,3.43920674799665,0.832442903389189,0.505112958942417
1992-01-18,1.54,220.88,-11.16,-11.16,147.67,0.9123226933731089,658.41,27.06629,750.88,3.17552224503765,2.27054970568104,0.715016154973943,0.219528466253919,0.207214753166224,16.85,1.1541095890411,212.45,3.09468317552804,0,-16.0641,4.11759799833194,1.37608385686463,0.451685660266874,1.30108445697626,0.601283991047423,33.3877563865537,51.0347891166449,14.7976986383577,0.969,3.95608738968062,3.43920674799665,0.832442903389189,0.505112958942417
1992-01-19,1.32,251.77,-17.08,-17.08,82.87,0.8471567867036011,658.41,27.06629,750.88,3.17552224503765,2.27054970568104,0.715016154973943,0.219528466253919,0.207214753166224,16.85,1.1541095890411,212.45,3.09468317552804,0,-16.0641,4.11759799833194,1.37608385686463,0.451685660266874,1.30108445697626,0.601283991047423,33.3877563865537,51.0347891166449,14.7976986383577,0.969,3.95608738968062,3.43920674799665,0.832442903389189,0.505112958942417
1992-01-20,1.58,249.46,-15.39,-15.39,106.22,0.8145738333688473,658.41,27.06629,750.88,3.17552224503765,2.27054970568104,0.715016154973943,0.219528466253919,0.207214753166224,16.85,1.1541095890411,212.45,3.09468317552804,0,-16.0641,4.11759799833194,1.37608385686463,0.451685660266874,1.30108445697626,0.601283991047423,33.3877563865537,51.0347891166449,14.7976986383577,0.969,3.95608738968062,3.43920674799665,0.832442903389189,0.505112958942417
1992-01-21,0.75,217.28,-9.11,-9.11,190.45,0.7819908800340932,658.41,27.06629,750.88,3.17552224503765,2.27054970568104,0.715016154973943,0.219528466253919,0.207214753166224,16.85,1.1541095890411,212.45,3.09468317552804,0,-16.0641,4.11759799833194,1.37608385686463,0.451685660266874,1.30108445697626,0.601283991047423,33.3877563865537,51.0347891166449,14.7976986383577,0.969,3.95608738968062,3.43920674799665,0.832442903389189,0.505112958942417
1992-01-22,2.51,256.37,-8.49,-8.49,189.66,0.7494079266993394,658.41,27.06629,750.88,3.17552224503765,2.27054970568104,0.715016154973943,0.219528466253919,0.207214753166224,16.85,1.1541095890411,212.45,3.09468317552804,0,-16.0641,4.11759799833194,1.37608385686463,0.451685660266874,1.30108445697626,0.601283991047423,33.3877563865537,51.0347891166449,14.7976986383577,0.969,3.95608738968062,3.43920674799665,0.832442903389189,0.505112958942417
1992-01-23,11.33,248.03,-4.04,-4.04,280.79,0.8471567867036011,658.41,27.06629,750.88,3.17552224503765,2.27054970568104,0.715016154973943,0.219528466253919,0.207214753166224,16.85,1.1541095890411,212.45,3.09468317552804,0,-16.0641,4.11759799833194,1.37608385686463,0.451685660266874,1.30108445697626,0.601283991047423,33.3877563865537,51.0347891166449,14.7976986383577,0.969,3.95608738968062,3.43920674799665,0.832442903389189,0.505112958942417
1992-01-24,3.67,226.64,-1.52,-1.52,341.36,1.433649946729171,658.41,27.06629,750.88,3.17552224503765,2.27054970568104,0.715016154973943,0.219528466253919,0.207214753166224,16.85,1.1541095890411,212.45,3.09468317552804,0,-16.0641,4.11759799833194,1.37608385686463,0.451685660266874,1.30108445697626,0.601283991047423,33.3877563865537,51.0347891166449,14.7976986383577,0.969,3.95608738968062,3.43920674799665,0.832442903389189,0.505112958942417
1992-01-25,0.58,239.32,-8.36,-8.36,201.24,1.3033181333901556,658.41,27.06629,750.88,3.17552224503765,2.27054970568104,0.715016154973943,0.219528466253919,0.207214753166224,16.85,1.1541095890411,212.45,3.09468317552804,0,-16.0641,4.11759799833194,1.37608385686463,0.451685660266874,1.30108445697626,0.601283991047423,33.3877563865537,51.0347891166449,14.7976986383577,0.969,3.95608738968062,3.43920674799665,0.832442903389189,0.505112958942417
1992-01-26,0.12,283.72,-10.9,-10.9,157.86,0.9774886000426166,658.41,27.06629,750.88,3.17552224503765,2.27054970568104,0.715016154973943,0.219528466253919,0.207214753166224,16.85,1.1541095890411,212.45,3.09468317552804,0,-16.0641,4.11759799833194,1.37608385686463,0.451685660266874,1.30108445697626,0.601283991047423,33.3877563865537,51.0347891166449,14.7976986383577,0.969,3.95608738968062,3.43920674799665,0.832442903389189,0.505112958942417
1992-01-27,0.01,333.53,-8.59,-8.59,194.65,0.9123226933731089,658.41,27.06629,750.88,3.17552224503765,2.27054970568104,0.715016154973943,0.219528466253919,0.207214753166224,16.85,1.1541095890411,212.45,3.09468317552804,0,-16.0641,4.11759799833194,1.37608385686463,0.451685660266874,1.30108445697626,0.601283991047423,33.3877563865537,51.0347891166449,14.7976986383577,0.969,3.95608738968062,3.43920674799665,0.832442903389189,0.505112958942417
1992-01-28,0.0,314.43,-3.67,-3.67,303.67,0.8145738333688473,658.41,27.06629,750.88,3.17552224503765,2.27054970568104,0.715016154973943,0.219528466253919,0.207214753166224,16.85,1.1541095890411,212.45,3.09468317552804,0,-16.0641,4.11759799833194,1.37608385686463,0.451685660266874,1.30108445697626,0.601283991047423,33.3877563865537,51.0347891166449,14.7976986383577,0.969,3.95608738968062,3.43920674799665,0.832442903389189,0.505112958942417
1992-01-29,0.0,297.53,-0.49,-0.49,381.15,0.8145738333688473,658.41,27.06629,750.88,3.17552224503765,2.27054970568104,0.715016154973943,0.219528466253919,0.207214753166224,16.85,1.1541095890411,212.45,3.09468317552804,0,-16.0641,4.11759799833194,1.37608385686463,0.451685660266874,1.30108445697626,0.601283991047423,33.3877563865537,51.0347891166449,14.7976986383577,0.969,3.95608738968062,3.43920674799665,0.832442903389189,0.505112958942417
1992-01-30,0.17,277.78,-2.63,-2.63,302.94,0.8797397400383549,658.41,27.06629,750.88,3.17552224503765,2.27054970568104,0.715016154973943,0.219528466253919,0.207214753166224,16.85,1.1541095890411,212.45,3.09468317552804,0,-16.0641,4.11759799833194,1.37608385686463,0.451685660266874,1.30108445697626,0.601283991047423,33.3877563865537,51.0347891166449,14.7976986383577,0.969,3.95608738968062,3.43920674799665,0.832442903389189,0.505112958942417
1992-01-31,0.78,250.0,-2.78,-2.78,299.11,0.8145738333688473,658.41,27.06629,750.88,3.17552224503765,2.27054970568104,0.715016154973943,0.219528466253919,0.207214753166224,16.85,1.1541095890411,212.45,3.09468317552804,0,-16.0641,4.11759799833194,1.37608385686463,0.451685660266874,1.30108445697626,0.601283991047423,33.3877563865537,51.0347891166449,14.7976986383577,0.969,3.95608738968062,3.43920674799665,0.832442903389189,0.505112958942417
1992-02-01,0.38,259.36,-5.76,-5.76,238.62,0.7819908800340932,658.41,27.06629,750.88,3.17552224503765,2.27054970568104,0.715016154973943,0.219528466253919,0.207214753166224,16.85,1.1541095890411,212.45,3.09468317552804,0,-16.0641,4.11759799833194,1.37608385686463,0.451685660266874,1.30108445697626,0.601283991047423,33.3877563865537,51.0347891166449,14.7976986383577,0.969,3.95608738968062,3.43920674799665,0.832442903389189,0.505112958942417
1992-02-02,0.05,312.09,-8.55,-8.55,203.71,0.7168249733645855,658.41,27.06629,750.88,3.17552224503765,2.27054970568104,0.715016154973943,0.219528466253919,0.207214753166224,16.85,1.1541095890411,212.45,3.09468317552804,0,-16.0641,4.11759799833194,1.37608385686463,0.451685660266874,1.30108445697626,0.601283991047423,33.3877563865537,51.0347891166449,14.7976986383577,0.969,3.95608738968062,3.43920674799665,0.832442903389189,0.505112958942417
1992-02-03,0.07,281.39,-5.87,-5.87,251.31,0.6516590666950778,658.41,27.06629,750.88,3.17552224503765,2.27054970568104,0.715016154973943,0.219528466253919,0.207214753166224,16.85,1.1541095890411,212.45,3.09468317552804,0,-16.0641,4.11759799833194,1.37608385686463,0.451685660266874,1.30108445697626,0.601283991047423,33.3877563865537,51.0347891166449,14.7976986383577,0.969,3.95608738968062,3.43920674799665,0.832442903389189,0.505112958942417
1992-02-04,0.66,279.28,-4.19,-4.19,260.22,0.6190761133603239,658.41,27.06629,750.88,3.17552224503765,2.27054970568104,0.715016154973943,0.219528466253919,0.207214753166224,16.85,1.1541095890411,212.45,3.09468317552804,0,-16.0641,4.11759799833194,1.37608385686463,0.451685660266874,1.30108445697626,0.601283991047423,33.3877563865537,51.0347891166449,14.7976986383577,0.969,3.95608738968062,3.43920674799665,0.832442903389189,0.505112958942417
1992-02-05,0.23,285.44,-5.61,-5.61,221.5,0.58649316002557,658.41,27.06629,750.88,3.17552224503765,2.27054970568104,0.715016154973943,0.219528466253919,0.207214753166224,16.85,1.1541095890411,212.45,3.09468317552804,0,-16.0641,4.11759799833194,1.37608385686463,0.451685660266874,1.30108445697626,0.601283991047423,33.3877563865537,51.0347891166449,14.7976986383577,0.969,3.95608738968062,3.43920674799665,0.832442903389189,0.505112958942417
1992-02-06,0.09,314.02,-8.52,-8.52,168.67,0.553910206690816,658.41,27.06629,750.88,3.17552224503765,2.27054970568104,0.715016154973943,0.219528466253919,0.207214753166224,16.85,1.1541095890411,212.45,3.09468317552804,0,-16.0641,4.11759799833194,1.37608385686463,0.451685660266874,1.30108445697626,0.601283991047423,33.3877563865537,51.0347891166449,14.7976986383577,0.969,3.95608738968062,3.43920674799665,0.832442903389189,0.505112958942417
1992-02-07,0.34,297.36,-6.68,-6.68,183.36,0.5213272533560622,658.41,27.06629,750.88,3.17552224503765,2.27054970568104,0.715016154973943,0.219528466253919,0.207214753166224,16.85,1.1541095890411,212.45,3.09468317552804,0,-16.0641,4.11759799833194,1.37608385686463,0.451685660266874,1.30108445697626,0.601283991047423,33.3877563865537,51.0347891166449,14.7976986383577,0.969,3.95608738968062,3.43920674799665,0.832442903389189,0.505112958942417
1992-02-08,0.49,282.81,-6.42,-6.42,192.47,0.4887443000213083,658.41,27.06629,750.88,3.17552224503765,2.27054970568104,0.715016154973943,0.219528466253919,0.207214753166224,16.85,1.1541095890411,212.45,3.09468317552804,0,-16.0641,4.11759799833194,1.37608385686463,0.451685660266874,1.30108445697626,0.601283991047423,33.3877563865537,51.0347891166449,14.7976986383577,0.969,3.95608738968062,3.43920674799665,0.832442903389189,0.505112958942417
1992-02-09,0.18,292.06,-10.98,-10.98,131.97,0.45616134668655445,658.41,27.06629,750.88,3.17552224503765,2.27054970568104,0.715016154973943,0.219528466253919,0.207214753166224,16.85,1.1541095890411,212.45,3.09468317552804,0,-16.0641,4.11759799833194,1.37608385686463,0.451685660266874,1.30108445697626,0.601283991047423,33.3877563865537,51.0347891166449,14.7976986383577,0.969,3.95608738968062,3.43920674799665,0.832442903389189,0.505112958942417
1992-02-10,0.05,347.91,-14.21,-14.21,98.75,0.42357839335180053,658.41,27.06629,750.88,3.17552224503765,2.27054970568104,0.715016154973943,0.219528466253919,0.207214753166224,16.85,1.1541095890411,212.45,3.09468317552804,0,-16.0641,4.11759799833194,1.37608385686463,0.451685660266874,1.30108445697626,0.601283991047423,33.3877563865537,51.0347891166449,14.7976986383577,0.969,3.95608738968062,3.43920674799665,0.832442903389189,0.505112958942417
1992-02-11,0.73,297.07,-8.37,-8.37,155.56,0.3909954400170466,658.41,27.06629,750.88,3.17552224503765,2.27054970568104,0.715016154973943,0.219528466253919,0.207214753166224,16.85,1.1541095890411,212.45,3.09468317552804,0,-16.0641,4.11759799833194,1.37608385686463,0.451685660266874,1.30108445697626,0.601283991047423,33.3877563865537,51.0347891166449,14.7976986383577,0.969,3.95608738968062,3.43920674799665,0.832442903389189,0.505112958942417
1992-02-12,0.28,335.19,-13.4,-13.4,94.51,0.3909954400170466,658.41,27.06629,750.88,3.17552224503765,2.27054970568104,0.715016154973943,0.219528466253919,0.207214753166224,16.85,1.1541095890411,212.45,3.09468317552804,0,-16.0641,4.11759799833194,1.37608385686463,0.451685660266874,1.30108445697626,0.601283991047423,33.3877563865537,51.0347891166449,14.7976986383577,0.969,3.95608738968062,3.43920674799665,0.832442903389189,0.505112958942417
1992-02-13,2.11,307.86,-12.34,-12.34,130.94,0.4072869166844236,658.41,27.06629,750.88,3.17552224503765,2.27054970568104,0.715016154973943,0.219528466253919,0.207214753166224,16.85,1.1541095890411,212.45,3.09468317552804,0,-16.0641,4.11759799833194,1.37608385686463,0.451685660266874,1.30108445697626,0.601283991047423,33.3877563865537,51.0347891166449,14.7976986383577,0.969,3.95608738968062,3.43920674799665,0.832442903389189,0.505112958942417
1992-02-14,1.43,255.31,-4.78,-4.78,292.7,0.42357839335180053,658.41,27.06629,750.88,3.17552224503765,2.27054970568104,0.715016154973943,0.219528466253919,0.207214753166224,16.85,1.1541095890411,212.45,3.09468317552804,0,-16.0641,4.11759799833194,1.37608385686463,0.451685660266874,1.30108445697626,0.601283991047423,33.3877563865537,51.0347891166449,14.7976986383577,0.969,3.95608738968062,3.43920674799665,0.832442903389189,0.505112958942417
1992-02-15,4.33,228.76,-0.81,-0.81,419.08,0.4887443000213083,658.41,27.06629,750.88,3.17552224503765,2.27054970568104,0.715016154973943,0.219528466253919,0.207214753166224,16.85,1.1541095890411,212.45,3.09468317552804,0,-16.0641,4.11759799833194,1.37608385686463,0.451685660266874,1.30108445697626,0.601283991047423,33.3877563865537,51.0347891166449,14.7976986383577,0.969,3.95608738968062,3.43920674799665,0.832442903389189,0.505112958942417
1992-02-16,1.17,217.88,0.92,0.92,473.9,0.6516590666950778,658.41,27.06629,750.88,3.17552224503765,2.27054970568104,0.715016154973943,0.219528466253919,0.207214753166224,16.85,1.1541095890411,212.45,3.09468317552804,0,-16.0641,4.11759799833194,1.37608385686463,0.451685660266874,1.30108445697626,0.601283991047423,33.3877563865537,51.0347891166449,14.7976986383577,0.969,3.95608738968062,3.43920674799665,0.832442903389189,0.505112958942417
1992-02-17,0.09,283.51,-0.08,-0.08,429.42,0.8145738333688473,658.41,27.06629,750.88,3.17552224503765,2.27054970568104,0.715016154973943,0.219528466253919,0.207214753166224,16.85,1.1541095890411,212.45,3.09468317552804,0,-16.0641,4.11759799833194,1.37608385686463,0.451685660266874,1.30108445697626,0.601283991047423,33.3877563865537,51.0347891166449,14.7976986383577,0.969,3.95608738968062,3.43920674799665,0.832442903389189,0.505112958942417
1992-02-18,0.39,217.42,1.11,1.11,491.16,0.7461496313658639,658.41,27.06629,750.88,3.17552224503765,2.27054970568104,0.715016154973943,0.219528466253919,0.207214753166224,16.85,1.1541095890411,212.45,3.09468317552804,0,-16.0641,4.11759799833194,1.37608385686463,0.451685660266874,1.30108445697626,0.601283991047423,33.3877563865537,51.0347891166449,14.7976986383577,0.969,3.95608738968062,3.43920674799665,0.832442903389189,0.505112958942417
1992-02-19,0.67,235.71,2.3,2.3,522.7,1.316351314724057,658.41,27.06629,750.88,3.17552224503765,2.27054970568104,0.715016154973943,0.219528466253919,0.207214753166224,16.85,1.1541095890411,212.45,3.09468317552804,0,-16.0641,4.11759799833194,1.37608385686463,0.451685660266874,1.30108445697626,0.601283991047423,33.3877563865537,51.0347891166449,14.7976986383577,0.969,3.95608738968062,3.43920674799665,0.832442903389189,0.505112958942417
1992-02-20,0.48,252.33,1.63,1.63,470.54,1.902844474749627,658.41,27.06629,750.88,3.17552224503765,2.27054970568104,0.715016154973943,0.219528466253919,0.207214753166224,16.85,1.1541095890411,212.45,3.09468317552804,0,-16.0641,4.11759799833194,1.37608385686463,0.451685660266874,1.30108445697626,0.601283991047423,33.3877563865537,51.0347891166449,14.7976986383577,0.969,3.95608738968062,3.43920674799665,0.832442903389189,0.505112958942417
1992-02-21,2.13,237.36,-0.84,-0.84,397.13,1.3000598380566801,658.41,27.06629,750.88,3.17552224503765,2.27054970568104,0.715016154973943,0.219528466253919,0.207214753166224,16.85,1.1541095890411,212.45,3.09468317552804,0,-16.0641,4.11759799833194,1.37608385686463,0.451685660266874,1.30108445697626,0.601283991047423,33.3877563865537,51.0347891166449,14.7976986383577,0.969,3.95608738968062,3.43920674799665,0.832442903389189,0.505112958942417
1992-02-22,3.12,272.65,-1.08,-1.08,397.91,1.3261262007244832,658.41,27.06629,750.88,3.17552224503765,2.27054970568104,0.715016154973943,0.219528466253919,0.207214753166224,16.85,1.1541095890411,212.45,3.09468317552804,0,-16.0641,4.11759799833194,1.37608385686463,0.451685660266874,1.30108445697626,0.601283991047423,33.3877563865537,51.0347891166449,14.7976986383577,0.969,3.95608738968062,3.43920674799665,0.832442903389189,0.505112958942417
1992-02-23,1.48,221.03,1.12,1.12,484.26,1.811612205412316,658.41,27.06629,750.88,3.17552224503765,2.27054970568104,0.715016154973943,0.219528466253919,0.207214753166224,16.85,1.1541095890411,212.45,3.09468317552804,0,-16.0641,4.11759799833194,1.37608385686463,0.451685660266874,1.30108445697626,0.601283991047423,33.3877563865537,51.0347891166449,14.7976986383577,0.969,3.95608738968062,3.43920674799665,0.832442903389189,0.505112958942417
1992-02-24,3.91,165.07,0.22,0.22,481.69,1.9321691327509054,658.41,27.06629,750.88,3.17552224503765,2.27054970568104,0.715016154973943,0.219528466253919,0.207214753166224,16.85,1.1541095890411,212.45,3.09468317552804,0,-16.0641,4.11759799833194,1.37608385686463,0.451685660266874,1.30108445697626,0.601283991047423,33.3877563865537,51.0347891166449,14.7976986383577,0.969,3.95608738968062,3.43920674799665,0.832442903389189,0.505112958942417
1992-02-25,1.25,160.53,-0.91,-0.91,455.28,2.1504749200937563,658.41,27.06629,750.88,3.17552224503765,2.27054970568104,0.715016154973943,0.219528466253919,0.207214753166224,16.85,1.1541095890411,212.45,3.09468317552804,0,-16.0641,4.11759799833194,1.37608385686463,0.451685660266874,1.30108445697626,0.601283991047423,33.3877563865537,51.0347891166449,14.7976986383577,0.969,3.95608738968062,3.43920674799665,0.832442903389189,0.505112958942417
1992-02-26,0.53,235.32,-1.2,-1.2,412.93,1.951718904751758,658.41,27.06629,750.88,3.17552224503765,2.27054970568104,0.715016154973943,0.219528466253919,0.207214753166224,16.85,1.1541095890411,212.45,3.09468317552804,0,-16.0641,4.11759799833194,1.37608385686463,0.451685660266874,1.30108445697626,0.601283991047423,33.3877563865537,51.0347891166449,14.7976986383577,0.969,3.95608738968062,3.43920674799665,0.832442903389189,0.505112958942417
1992-02-27,0.57,253.12,-2.65,-2.65,345.72,1.619372780737268,658.41,27.06629,750.88,3.17552224503765,2.27054970568104,0.715016154973943,0.219528466253919,0.207214753166224,16.85,1.1541095890411,212.45,3.09468317552804,0,-16.0641,4.11759799833194,1.37608385686463,0.451685660266874,1.30108445697626,0.601283991047423,33.3877563865537,51.0347891166449,14.7976986383577,0.969,3.95608738968062,3.43920674799665,0.832442903389189,0.505112958942417
1992-02-28,2.64,328.27,-2.63,-2.63,288.4,1.4890409673982525,658.41,27.06629,750.88,3.17552224503765,2.27054970568104,0.715016154973943,0.219528466253919,0.207214753166224,16.85,1.1541095890411,212.45,3.09468317552804,0,-16.0641,4.11759799833194,1.37608385686463,0.451685660266874,1.30108445697626,0.601283991047423,33.3877563865537,51.0347891166449,14.7976986383577,0.969,3.95608738968062,3.43920674799665,0.832442903389189,0.505112958942417
1992-02-29,1.41,393.3,-3.69,-3.69,261.85,1.7594794800767097,658.41,27.06629,750.88,3.17552224503765,2.27054970568104,0.715016154973943,0.219528466253919,0.207214753166224,16.85,1.1541095890411,212.45,3.09468317552804,0,-16.0641,4.11759799833194,1.37608385686463,0.451685660266874,1.30108445697626,0.601283991047423,33.3877563865537,51.0347891166449,14.7976986383577,0.969,3.95608738968062,3.43920674799665,0.832442903389189,0.505112958942417
1992-03-01,0.17,458.03,-4.75,-4.75,235.31,1.3033181333901556,658.41,27.06629,750.88,3.17552224503765,2.27054970568104,0.715016154973943,0.219528466253919,0.207214753166224,16.85,1.1541095890411,212.45,3.09468317552804,0,-16.0641,4.11759799833194,1.37608385686463,0.451685660266874,1.30108445697626,0.601283991047423,33.3877563865537,51.0347891166449,14.7976986383577,0.969,3.95608738968062,3.43920674799665,0.832442903389189,0.505112958942417
1992-03-02,0.0,441.17,2.28,2.28,386.8,1.4988158533986788,658.41,27.06629,750.88,3.17552224503765,2.27054970568104,0.715016154973943,0.219528466253919,0.207214753166224,16.85,1.1541095890411,212.45,3.09468317552804,0,-16.0641,4.11759799833194,1.37608385686463,0.451685660266874,1.30108445697626,0.601283991047423,33.3877563865537,51.0347891166449,14.7976986383577,0.969,3.95608738968062,3.43920674799665,0.832442903389189,0.505112958942417
1992-03-03,0.0,434.6,1.26,1.26,367.24,1.401066993394417,658.41,27.06629,750.88,3.17552224503765,2.27054970568104,0.715016154973943,0.219528466253919,0.207214753166224,16.85,1.1541095890411,212.45,3.09468317552804,0,-16.0641,4.11759799833194,1.37608385686463,0.451685660266874,1.30108445697626,0.601283991047423,33.3877563865537,51.0347891166449,14.7976986383577,0.969,3.95608738968062,3.43920674799665,0.832442903389189,0.505112958942417
1992-03-04,0.0,465.94,2.88,2.88,387.4,1.3196096100575323,658.41,27.06629,750.88,3.17552224503765,2.27054970568104,0.715016154973943,0.219528466253919,0.207214753166224,16.85,1.1541095890411,212.45,3.09468317552804,0,-16.0641,4.11759799833194,1.37608385686463,0.451685660266874,1.30108445697626,0.601283991047423,33.3877563865537,51.0347891166449,14.7976986383577,0.969,3.95608738968062,3.43920674799665,0.832442903389189,0.505112958942417
1992-03-05,0.01,463.21,7.2,7.2,490.8,1.401066993394417,658.41,27.06629,750.88,3.17552224503765,2.27054970568104,0.715016154973943,0.219528466253919,0.207214753166224,16.85,1.1541095890411,212.45,3.09468317552804,0,-16.0641,4.11759799833194,1.37608385686463,0.451685660266874,1.30108445697626,0.601283991047423,33.3877563865537,51.0347891166449,14.7976986383577,0.969,3.95608738968062,3.43920674799665,0.832442903389189,0.505112958942417
1992-03-06,1.76,348.28,8.31,8.31,592.22,1.5574651694012358,658.41,27.06629,750.88,3.17552224503765,2.27054970568104,0.715016154973943,0.219528466253919,0.207214753166224,16.85,1.1541095890411,212.45,3.09468317552804,0,-16.0641,4.11759799833194,1.37608385686463,0.451685660266874,1.30108445697626,0.601283991047423,33.3877563865537,51.0347891166449,14.7976986383577,0.969,3.95608738968062,3.43920674799665,0.832442903389189,0.505112958942417
1992-03-07,2.72,279.32,6.17,6.17,634.86,1.8637449307479221,658.41,27.06629,750.88,3.17552224503765,2.27054970568104,0.715016154973943,0.219528466253919,0.207214753166224,16.85,1.1541095890411,212.45,3.09468317552804,0,-16.0641,4.11759799833194,1.37608385686463,0.451685660266874,1.30108445697626,0.601283991047423,33.3877563865537,51.0347891166449,14.7976986383577,0.969,3.95608738968062,3.43920674799665,0.832442903389189,0.505112958942417
1992-03-08,1.17,173.63,6.07,6.07,726.65,2.143958329426806,658.41,27.06629,750.88,3.17552224503765,2.27054970568104,0.715016154973943,0.219528466253919,0.207214753166224,16.85,1.1541095890411,212.45,3.09468317552804,0,-16.0641,4.11759799833194,1.37608385686463,0.451685660266874,1.30108445697626,0.601283991047423,33.3877563865537,51.0347891166449,14.7976986383577,0.969,3.95608738968062,3.43920674799665,0.832442903389189,0.505112958942417
1992-03-09,2.07,280.36,6.7,6.7,727.08,1.9810435627530363,658.41,27.06629,750.88,3.17552224503765,2.27054970568104,0.715016154973943,0.219528466253919,0.207214753166224,16.85,1.1541095890411,212.45,3.09468317552804,0,-16.0641,4.11759799833194,1.37608385686463,0.451685660266874,1.30108445697626,0.601283991047423,33.3877563865537,51.0347891166449,14.7976986383577,0.969,3.95608738968062,3.43920674799665,0.832442903389189,0.505112958942417
1992-03-10,15.23,264.07,8.26,8.26,701.39,2.257998666098444,658.41,27.06629,750.88,3.17552224503765,2.27054970568104,0.715016154973943,0.219528466253919,0.207214753166224,16.85,1.1541095890411,212.45,3.09468317552804,0,-16.0641,4.11759799833194,1.37608385686463,0.451685660266874,1.30108445697626,0.601283991047423,33.3877563865537,51.0347891166449,14.7976986383577,0.969,3.95608738968062,3.43920674799665,0.832442903389189,0.505112958942417
1992-03-11,12.55,384.13,-1.92,-1.92,244.82,3.3234612401448964,658.41,27.06629,750.88,3.17552224503765,2.27054970568104,0.715016154973943,0.219528466253919,0.207214753166224,16.85,1.1541095890411,212.45,3.09468317552804,0,-16.0641,4.11759799833194,1.37608385686463,0.451685660266874,1.30108445697626,0.601283991047423,33.3877563865537,51.0347891166449,14.7976986383577,0.969,3.95608738968062,3.43920674799665,0.832442903389189,0.505112958942417
1992-03-12,2.42,365.2,-9.32,-9.32,164.78,2.574053313445557,658.41,27.06629,750.88,3.17552224503765,2.27054970568104,0.715016154973943,0.219528466253919,0.207214753166224,16.85,1.1541095890411,212.45,3.09468317552804,0,-16.0641,4.11759799833194,1.37608385686463,0.451685660266874,1.30108445697626,0.601283991047423,33.3877563865537,51.0347891166449,14.7976986383577,0.969,3.95608738968062,3.43920674799665,0.832442903389189,0.505112958942417
1992-03-13,0.05,336.09,-9.26,-9.26,194.29,2.280806733432772,658.41,27.06629,750.88,3.17552224503765,2.27054970568104,0.715016154973943,0.219528466253919,0.207214753166224,16.85,1.1541095890411,212.45,3.09468317552804,0,-16.0641,4.11759799833194,1.37608385686463,0.451685660266874,1.30108445697626,0.601283991047423,33.3877563865537,51.0347891166449,14.7976986383577,0.969,3.95608738968062,3.43920674799665,0.832442903389189,0.505112958942417
1992-03-14,0.1,387.95,-8.53,-8.53,179.04,1.9549772000852332,658.41,27.06629,750.88,3.17552224503765,2.27054970568104,0.715016154973943,0.219528466253919,0.207214753166224,16.85,1.1541095890411,212.45,3.09468317552804,0,-16.0641,4.11759799833194,1.37608385686463,0.451685660266874,1.30108445697626,0.601283991047423,33.3877563865537,51.0347891166449,14.7976986383577,0.969,3.95608738968062,3.43920674799665,0.832442903389189,0.505112958942417
1992-03-15,0.08,444.1,-10.85,-10.85,123.46,1.6291476667376945,658.41,27.06629,750.88,3.17552224503765,2.27054970568104,0.715016154973943,0.219528466253919,0.207214753166224,16.85,1.1541095890411,212.45,3.09468317552804,0,-16.0641,4.11759799833194,1.37608385686463,0.451685660266874,1.30108445697626,0.601283991047423,33.3877563865537,51.0347891166449,14.7976986383577,0.969,3.95608738968062,3.43920674799665,0.832442903389189,0.505112958942417
1992-03-16,0.11,476.59,-13.21,-13.21,97.15,1.4988158533986788,658.41,27.06629,750.88,3.17552224503765,2.27054970568104,0.715016154973943,0.219528466253919,0.207214753166224,16.85,1.1541095890411,212.45,3.09468317552804,0,-16.0641,4.11759799833194,1.37608385686463,0.451685660266874,1.30108445697626,0.601283991047423,33.3877563865537,51.0347891166449,14.7976986383577,0.969,3.95608738968062,3.43920674799665,0.832442903389189,0.505112958942417
1992-03-17,0.03,495.03,-7.82,-7.82,166.7,1.3033181333901556,658.41,27.06629,750.88,3.17552224503765,2.27054970568104,0.715016154973943,0.219528466253919,0.207214753166224,16.85,1.1541095890411,212.45,3.09468317552804,0,-16.0641,4.11759799833194,1.37608385686463,0.451685660266874,1.30108445697626,0.601283991047423,33.3877563865537,51.0347891166449,14.7976986383577,0.969,3.95608738968062,3.43920674799665,0.832442903389189,0.505112958942417
1992-03-18,5.62,387.27,-5.13,-5.13,224.34,1.2707351800554014,658.41,27.06629,750.88,3.17552224503765,2.27054970568104,0.715016154973943,0.219528466253919,0.207214753166224,16.85,1.1541095890411,212.45,3.09468317552804,0,-16.0641,4.11759799833194,1.37608385686463,0.451685660266874,1.30108445697626,0.601283991047423,33.3877563865537,51.0347891166449,14.7976986383577,0.969,3.95608738968062,3.43920674799665,0.832442903389189,0.505112958942417
1992-03-19,2.24,337.77,-3.53,-3.53,259.41,1.2381522267206477,658.41,27.06629,750.88,3.17552224503765,2.27054970568104,0.715016154973943,0.219528466253919,0.207214753166224,16.85,1.1541095890411,212.45,3.09468317552804,0,-16.0641,4.11759799833194,1.37608385686463,0.451685660266874,1.30108445697626,0.601283991047423,33.3877563865537,51.0347891166449,14.7976986383577,0.969,3.95608738968062,3.43920674799665,0.832442903389189,0.505112958942417
1992-03-20,0.34,405.11,-7.19,-7.19,176.57,1.0752374600468781,658.41,27.06629,750.88,3.17552224503765,2.27054970568104,0.715016154973943,0.219528466253919,0.207214753166224,16.85,1.1541095890411,212.45,3.09468317552804,0,-16.0641,4.11759799833194,1.37608385686463,0.451685660266874,1.30108445697626,0.601283991047423,33.3877563865537,51.0347891166449,14.7976986383577,0.969,3.95608738968062,3.43920674799665,0.832442903389189,0.505112958942417
1992-03-21,0.21,396.38,-6.57,-6.57,185.17,1.0100715533773705,658.41,27.06629,750.88,3.17552224503765,2.27054970568104,0.715016154973943,0.219528466253919,0.207214753166224,16.85,1.1541095890411,212.45,3.09468317552804,0,-16.0641,4.11759799833194,1.37608385686463,0.451685660266874,1.30108445697626,0.601283991047423,33.3877563865537,51.0347891166449,14.7976986383577,0.969,3.95608738968062,3.43920674799665,0.832442903389189,0.505112958942417
1992-03-22,7.9,359.89,-7.61,-7.61,183.49,0.8797397400383549,658.41,27.06629,750.88,3.17552224503765,2.27054970568104,0.715016154973943,0.219528466253919,0.207214753166224,16.85,1.1541095890411,212.45,3.09468317552804,0,-16.0641,4.11759799833194,1.37608385686463,0.451685660266874,1.30108445697626,0.601283991047423,33.3877563865537,51.0347891166449,14.7976986383577,0.969,3.95608738968062,3.43920674799665,0.832442903389189,0.505112958942417
1992-03-23,2.25,401.44,-9.05,-9.05,157.87,0.8471567867036011,658.41,27.06629,750.88,3.17552224503765,2.27054970568104,0.715016154973943,0.219528466253919,0.207214753166224,16.85,1.1541095890411,212.45,3.09468317552804,0,-16.0641,4.11759799833194,1.37608385686463,0.451685660266874,1.30108445697626,0.601283991047423,33.3877563865537,51.0347891166449,14.7976986383577,0.969,3.95608738968062,3.43920674799665,0.832442903389189,0.505112958942417
1992-03-24,0.05,525.58,-7.94,-7.94,167.54,0.8145738333688473,658.41,27.06629,750.88,3.17552224503765,2.27054970568104,0.715016154973943,0.219528466253919,0.207214753166224,16.85,1.1541095890411,212.45,3.09468317552804,0,-16.0641,4.11759799833194,1.37608385686463,0.451685660266874,1.30108445697626,0.601283991047423,33.3877563865537,51.0347891166449,14.7976986383577,0.969,3.95608738968062,3.43920674799665,0.832442903389189,0.505112958942417
1992-03-25,0.0,537.48,-3.19,-3.19,260.12,0.7819908800340932,658.41,27.06629,750.88,3.17552224503765,2.27054970568104,0.715016154973943,0.219528466253919,0.207214753166224,16.85,1.1541095890411,212.45,3.09468317552804,0,-16.0641,4.11759799833194,1.37608385686463,0.451685660266874,1.30108445697626,0.601283991047423,33.3877563865537,51.0347891166449,14.7976986383577,0.969,3.95608738968062,3.43920674799665,0.832442903389189,0.505112958942417
1992-03-26,12.34,334.67,2.78,2.78,452.04,1.476007786064351,658.41,27.06629,750.88,3.17552224503765,2.27054970568104,0.715016154973943,0.219528466253919,0.207214753166224,16.85,1.1541095890411,212.45,3.09468317552804,0,-16.0641,4.11759799833194,1.37608385686463,0.451685660266874,1.30108445697626,0.601283991047423,33.3877563865537,51.0347891166449,14.7976986383577,0.969,3.95608738968062,3.43920674799665,0.832442903389189,0.505112958942417
1992-03-27,7.79,284.06,0.34,0.34,422.68,4.52903051353079,658.41,27.06629,750.88,3.17552224503765,2.27054970568104,0.715016154973943,0.219528466253919,0.207214753166224,16.85,1.1541095890411,212.45,3.09468317552804,0,-16.0641,4.11759799833194,1.37608385686463,0.451685660266874,1.30108445697626,0.601283991047423,33.3877563865537,51.0347891166449,14.7976986383577,0.969,3.95608738968062,3.43920674799665,0.832442903389189,0.505112958942417
1992-03-28,1.38,258.07,-1.21,-1.21,385.29,3.2908782868101425,658.41,27.06629,750.88,3.17552224503765,2.27054970568104,0.715016154973943,0.219528466253919,0.207214753166224,16.85,1.1541095890411,212.45,3.09468317552804,0,-16.0641,4.11759799833194,1.37608385686463,0.451685660266874,1.30108445697626,0.601283991047423,33.3877563865537,51.0347891166449,14.7976986383577,0.969,3.95608738968062,3.43920674799665,0.832442903389189,0.505112958942417
1992-03-29,0.05,499.21,-2.53,-2.53,319.89,2.5707950181120816,658.41,27.06629,750.88,3.17552224503765,2.27054970568104,0.715016154973943,0.219528466253919,0.207214753166224,16.85,1.1541095890411,212.45,3.09468317552804,0,-16.0641,4.11759799833194,1.37608385686463,0.451685660266874,1.30108445697626,0.601283991047423,33.3877563865537,51.0347891166449,14.7976986383577,0.969,3.95608738968062,3.43920674799665,0.832442903389189,0.505112958942417
1992-03-30,1.16,297.59,0.84,0.84,438.7,2.6098945621137863,658.41,27.06629,750.88,3.17552224503765,2.27054970568104,0.715016154973943,0.219528466253919,0.207214753166224,16.85,1.1541095890411,212.45,3.09468317552804,0,-16.0641,4.11759799833194,1.37608385686463,0.451685660266874,1.30108445697626,0.601283991047423,33.3877563865537,51.0347891166449,14.7976986383577,0.969,3.95608738968062,3.43920674799665,0.832442903389189,0.505112958942417
1992-03-31,1.18,332.41,1.66,1.66,463.38,2.8151671681227355,658.41,27.06629,750.88,3.17552224503765,2.27054970568104,0.715016154973943,0.219528466253919,0.207214753166224,16.85,1.1541095890411,212.45,3.09468317552804,0,-16.0641,4.11759799833194,1.37608385686463,0.451685660266874,1.30108445697626,0.601283991047423,33.3877563865537,51.0347891166449,14.7976986383577,0.969,3.95608738968062,3.43920674799665,0.832442903389189,0.505112958942417
1992-04-01,0.76,303.04,1.84,1.84,453.34,3.616707820157681,658.41,27.06629,750.88,3.17552224503765,2.27054970568104,0.715016154973943,0.219528466253919,0.207214753166224,16.85,1.1541095890411,212.45,3.09468317552804,0,-16.0641,4.11759799833194,1.37608385686463,0.451685660266874,1.30108445697626,0.601283991047423,33.3877563865537,51.0347891166449,14.7976986383577,0.969,3.95608738968062,3.43920674799665,0.832442903389189,0.505112958942417
1992-04-02,1.85,297.81,-2.47,-2.47,329.59,3.0530227274664394,658.41,27.06629,750.88,3.17552224503765,2.27054970568104,0.715016154973943,0.219528466253919,0.207214753166224,16.85,1.1541095890411,212.45,3.09468317552804,0,-16.0641,4.11759799833194,1.37608385686463,0.451685660266874,1.30108445697626,0.601283991047423,33.3877563865537,51.0347891166449,14.7976986383577,0.969,3.95608738968062,3.43920674799665,0.832442903389189,0.505112958942417
1992-04-03,0.56,373.35,-4.19,-4.19,272.04,2.5349537694438524,658.41,27.06629,750.88,3.17552224503765,2.27054970568104,0.715016154973943,0.219528466253919,0.207214753166224,16.85,1.1541095890411,212.45,3.09468317552804,0,-16.0641,4.11759799833194,1.37608385686463,0.451685660266874,1.30108445697626,0.601283991047423,33.3877563865537,51.0347891166449,14.7976986383577,0.969,3.95608738968062,3.43920674799665,0.832442903389189,0.505112958942417
1992-04-04,0.14,413.12,-3.24,-3.24,272.3,2.2188991220967393,658.41,27.06629,750.88,3.17552224503765,2.27054970568104,0.715016154973943,0.219528466253919,0.207214753166224,16.85,1.1541095890411,212.45,3.09468317552804,0,-16.0641,4.11759799833194,1.37608385686463,0.451685660266874,1.30108445697626,0.601283991047423,33.3877563865537,51.0347891166449,14.7976986383577,0.969,3.95608738968062,3.43920674799665,0.832442903389189,0.505112958942417
1992-04-05,0.03,532.97,-1.47,-1.47,302.19,2.114633671425527,658.41,27.06629,750.88,3.17552224503765,2.27054970568104,0.715016154973943,0.219528466253919,0.207214753166224,16.85,1.1541095890411,212.45,3.09468317552804,0,-16.0641,4.11759799833194,1.37608385686463,0.451685660266874,1.30108445697626,0.601283991047423,33.3877563865537,51.0347891166449,14.7976986383577,0.969,3.95608738968062,3.43920674799665,0.832442903389189,0.505112958942417
1992-04-06,0.17,429.46,0.62,0.62,368.68,2.1928327594289363,658.41,27.06629,750.88,3.17552224503765,2.27054970568104,0.715016154973943,0.219528466253919,0.207214753166224,16.85,1.1541095890411,212.45,3.09468317552804,0,-16.0641,4.11759799833194,1.37608385686463,0.451685660266874,1.30108445697626,0.601283991047423,33.3877563865537,51.0347891166449,14.7976986383577,0.969,3.95608738968062,3.43920674799665,0.832442903389189,0.505112958942417
1992-04-07,0.35,429.7,5.53,5.53,495.53,3.35604419347965,658.41,27.06629,750.88,3.17552224503765,2.27054970568104,0.715016154973943,0.219528466253919,0.207214753166224,16.85,1.1541095890411,212.45,3.09468317552804,0,-16.0641,4.11759799833194,1.37608385686463,0.451685660266874,1.30108445697626,0.601283991047423,33.3877563865537,51.0347891166449,14.7976986383577,0.969,3.95608738968062,3.43920674799665,0.832442903389189,0.505112958942417
1992-04-08,0.15,433.65,7.91,7.91,548.32,5.1806895802258675,658.41,27.06629,750.88,3.17552224503765,2.27054970568104,0.715016154973943,0.219528466253919,0.207214753166224,16.85,1.1541095890411,212.45,3.09468317552804,0,-16.0641,4.11759799833194,1.37608385686463,0.451685660266874,1.30108445697626,0.601283991047423,33.3877563865537,51.0347891166449,14.7976986383577,0.969,3.95608738968062,3.43920674799665,0.832442903389189,0.505112958942417
1992-04-09,0.35,418.35,4.19,4.19,450.09,4.040286213509482,658.41,27.06629,750.88,3.17552224503765,2.27054970568104,0.715016154973943,0.219528466253919,0.207214753166224,16.85,1.1541095890411,212.45,3.09468317552804,0,-16.0641,4.11759799833194,1.37608385686463,0.451685660266874,1.30108445697626,0.601283991047423,33.3877563865537,51.0347891166449,14.7976986383577,0.969,3.95608738968062,3.43920674799665,0.832442903389189,0.505112958942417
1992-04-10,4.99,433.06,5.54,5.54,501.64,3.6492907734924356,658.41,27.06629,750.88,3.17552224503765,2.27054970568104,0.715016154973943,0.219528466253919,0.207214753166224,16.85,1.1541095890411,212.45,3.09468317552804,0,-16.0641,4.11759799833194,1.37608385686463,0.451685660266874,1.30108445697626,0.601283991047423,33.3877563865537,51.0347891166449,14.7976986383577,0.969,3.95608738968062,3.43920674799665,0.832442903389189,0.505112958942417
1992-04-11,10.52,431.34,9.64,9.64,622.18,4.69194528020456,658.41,27.06629,750.88,3.17552224503765,2.27054970568104,0.715016154973943,0.219528466253919,0.207214753166224,16.85,1.1541095890411,212.45,3.09468317552804,0,-16.0641,4.11759799833194,1.37608385686463,0.451685660266874,1.30108445697626,0.601283991047423,33.3877563865537,51.0347891166449,14.7976986383577,0.969,3.95608738968062,3.43920674799665,0.832442903389189,0.505112958942417
1992-04-12,2.53,537.7,9.43,9.43,550.3,6.190761133603239,658.41,27.06629,750.88,3.17552224503765,2.27054970568104,0.715016154973943,0.219528466253919,0.207214753166224,16.85,1.1541095890411,212.45,3.09468317552804,0,-16.0641,4.11759799833194,1.37608385686463,0.451685660266874,1.30108445697626,0.601283991047423,33.3877563865537,51.0347891166449,14.7976986383577,0.969,3.95608738968062,3.43920674799665,0.832442903389189,0.505112958942417
1992-04-13,0.03,561.88,0.36,0.36,309.77,3.7470396334966973,658.41,27.06629,750.88,3.17552224503765,2.27054970568104,0.715016154973943,0.219528466253919,0.207214753166224,16.85,1.1541095890411,212.45,3.09468317552804,0,-16.0641,4.11759799833194,1.37608385686463,0.451685660266874,1.30108445697626,0.601283991047423,33.3877563865537,51.0347891166449,14.7976986383577,0.969,3.95608738968062,3.43920674799665,0.832442903389189,0.505112958942417
1992-04-14,0.0,571.62,0.71,0.71,311.48,3.079089090134242,658.41,27.06629,750.88,3.17552224503765,2.27054970568104,0.715016154973943,0.219528466253919,0.207214753166224,16.85,1.1541095890411,212.45,3.09468317552804,0,-16.0641,4.11759799833194,1.37608385686463,0.451685660266874,1.30108445697626,0.601283991047423,33.3877563865537,51.0347891166449,14.7976986383577,0.969,3.95608738968062,3.43920674799665,0.832442903389189,0.505112958942417
1992-04-15,2.2,448.95,1.92,1.92,369.52,2.5349537694438524,658.41,27.06629,750.88,3.17552224503765,2.27054970568104,0.715016154973943,0.219528466253919,0.207214753166224,16.85,1.1541095890411,212.45,3.09468317552804,0,-16.0641,4.11759799833194,1.37608385686463,0.451685660266874,1.30108445697626,0.601283991047423,33.3877563865537,51.0347891166449,14.7976986383577,0.969,3.95608738968062,3.43920674799665,0.832442903389189,0.505112958942417
1992-04-16,14.45,392.61,5.66,5.66,575.6,2.5447286554442785,658.41,27.06629,750.88,3.17552224503765,2.27054970568104,0.715016154973943,0.219528466253919,0.207214753166224,16.85,1.1541095890411,212.45,3.09468317552804,0,-16.0641,4.11759799833194,1.37608385686463,0.451685660266874,1.30108445697626,0.601283991047423,33.3877563865537,51.0347891166449,14.7976986383577,0.969,3.95608738968062,3.43920674799665,0.832442903389189,0.505112958942417
1992-04-17,6.02,310.51,8.19,8.19,724.47,4.985191860217345,658.41,27.06629,750.88,3.17552224503765,2.27054970568104,0.715016154973943,0.219528466253919,0.207214753166224,16.85,1.1541095890411,212.45,3.09468317552804,0,-16.0641,4.11759799833194,1.37608385686463,0.451685660266874,1.30108445697626,0.601283991047423,33.3877563865537,51.0347891166449,14.7976986383577,0.969,3.95608738968062,3.43920674799665,0.832442903389189,0.505112958942417
1992-04-18,7.96,355.84,5.44,5.44,607.7,4.7245282335393135,658.41,27.06629,750.88,3.17552224503765,2.27054970568104,0.715016154973943,0.219528466253919,0.207214753166224,16.85,1.1541095890411,212.45,3.09468317552804,0,-16.0641,4.11759799833194,1.37608385686463,0.451685660266874,1.30108445697626,0.601283991047423,33.3877563865537,51.0347891166449,14.7976986383577,0.969,3.95608738968062,3.43920674799665,0.832442903389189,0.505112958942417
1992-04-19,1.94,526.36,8.02,8.02,665.27,4.7245282335393135,658.41,27.06629,750.88,3.17552224503765,2.27054970568104,0.715016154973943,0.219528466253919,0.207214753166224,16.85,1.1541095890411,212.45,3.09468317552804,0,-16.0641,4.11759799833194,1.37608385686463,0.451685660266874,1.30108445697626,0.601283991047423,33.3877563865537,51.0347891166449,14.7976986383577,0.969,3.95608738968062,3.43920674799665,0.832442903389189,0.505112958942417
1992-04-20,0.58,502.75,12.59,12.59,860.93,3.616707820157681,658.41,27.06629,750.88,3.17552224503765,2.27054970568104,0.715016154973943,0.219528466253919,0.207214753166224,16.85,1.1541095890411,212.45,3.09468317552804,0,-16.0641,4.11759799833194,1.37608385686463,0.451685660266874,1.30108445697626,0.601283991047423,33.3877563865537,51.0347891166449,14.7976986383577,0.969,3.95608738968062,3.43920674799665,0.832442903389189,0.505112958942417
1992-04-21,7.63,350.85,14.15,14.15,1065.26,3.2908782868101425,658.41,27.06629,750.88,3.17552224503765,2.27054970568104,0.715016154973943,0.219528466253919,0.207214753166224,16.85,1.1541095890411,212.45,3.09468317552804,0,-16.0641,4.11759799833194,1.37608385686463,0.451685660266874,1.30108445697626,0.601283991047423,33.3877563865537,51.0347891166449,14.7976986383577,0.969,3.95608738968062,3.43920674799665,0.832442903389189,0.505112958942417
1992-04-22,2.01,364.17,15.19,15.19,1101.59,3.4537930534839116,658.41,27.06629,750.88,3.17552224503765,2.27054970568104,0.715016154973943,0.219528466253919,0.207214753166224,16.85,1.1541095890411,212.45,3.09468317552804,0,-16.0641,4.11759799833194,1.37608385686463,0.451685660266874,1.30108445697626,0.601283991047423,33.3877563865537,51.0347891166449,14.7976986383577,0.969,3.95608738968062,3.43920674799665,0.832442903389189,0.505112958942417
1992-04-23,2.62,421.68,9.79,9.79,711.1,2.5936030854464094,658.41,27.06629,750.88,3.17552224503765,2.27054970568104,0.715016154973943,0.219528466253919,0.207214753166224,16.85,1.1541095890411,212.45,3.09468317552804,0,-16.0641,4.11759799833194,1.37608385686463,0.451685660266874,1.30108445697626,0.601283991047423,33.3877563865537,51.0347891166449,14.7976986383577,0.969,3.95608738968062,3.43920674799665,0.832442903389189,0.505112958942417
1992-04-24,15.18,382.17,9.77,9.77,724.43,3.1214469294694225,658.41,27.06629,750.88,3.17552224503765,2.27054970568104,0.715016154973943,0.219528466253919,0.207214753166224,16.85,1.1541095890411,212.45,3.09468317552804,0,-16.0641,4.11759799833194,1.37608385686463,0.451685660266874,1.30108445697626,0.601283991047423,33.3877563865537,51.0347891166449,14.7976986383577,0.969,3.95608738968062,3.43920674799665,0.832442903389189,0.505112958942417
1992-04-25,5.98,285.83,8.01,8.01,734.1,5.473936160238653,658.41,27.06629,750.88,3.17552224503765,2.27054970568104,0.715016154973943,0.219528466253919,0.207214753166224,16.85,1.1541095890411,212.45,3.09468317552804,0,-16.0641,4.11759799833194,1.37608385686463,0.451685660266874,1.30108445697626,0.601283991047423,33.3877563865537,51.0347891166449,14.7976986383577,0.969,3.95608738968062,3.43920674799665,0.832442903389189,0.505112958942417
1992-04-26,0.84,247.77,5.43,5.43,636.34,3.844788493500958,658.41,27.06629,750.88,3.17552224503765,2.27054970568104,0.715016154973943,0.219528466253919,0.207214753166224,16.85,1.1541095890411,212.45,3.09468317552804,0,-16.0641,4.11759799833194,1.37608385686463,0.451685660266874,1.30108445697626,0.601283991047423,33.3877563865537,51.0347891166449,14.7976986383577,0.969,3.95608738968062,3.43920674799665,0.832442903389189,0.505112958942417
1992-04-27,0.07,521.03,3.49,3.49,468.39,3.245262152141487,658.41,27.06629,750.88,3.17552224503765,2.27054970568104,0.715016154973943,0.219528466253919,0.207214753166224,16.85,1.1541095890411,212.45,3.09468317552804,0,-16.0641,4.11759799833194,1.37608385686463,0.451685660266874,1.30108445697626,0.601283991047423,33.3877563865537,51.0347891166449,14.7976986383577,0.969,3.95608738968062,3.43920674799665,0.832442903389189,0.505112958942417
1992-04-28,0.0,562.15,4.22,4.22,432.99,2.740226375452802,658.41,27.06629,750.88,3.17552224503765,2.27054970568104,0.715016154973943,0.219528466253919,0.207214753166224,16.85,1.1541095890411,212.45,3.09468317552804,0,-16.0641,4.11759799833194,1.37608385686463,0.451685660266874,1.30108445697626,0.601283991047423,33.3877563865537,51.0347891166449,14.7976986383577,0.969,3.95608738968062,3.43920674799665,0.832442903389189,0.505112958942417
1992-04-29,0.07,435.57,5.09,5.09,476.26,2.3361977541018537,658.41,27.06629,750.88,3.17552224503765,2.27054970568104,0.715016154973943,0.219528466253919,0.207214753166224,16.85,1.1541095890411,212.45,3.09468317552804,0,-16.0641,4.11759799833194,1.37608385686463,0.451685660266874,1.30108445697626,0.601283991047423,33.3877563865537,51.0347891166449,14.7976986383577,0.969,3.95608738968062,3.43920674799665,0.832442903389189,0.505112958942417
1992-04-30,2.48,370.27,8.23,8.23,677.61,2.104858785425101,658.41,27.06629,750.88,3.17552224503765,2.27054970568104,0.715016154973943,0.219528466253919,0.207214753166224,16.85,1.1541095890411,212.45,3.09468317552804,0,-16.0641,4.11759799833194,1.37608385686463,0.451685660266874,1.30108445697626,0.601283991047423,33.3877563865537,51.0347891166449,14.7976986383577,0.969,3.95608738968062,3.43920674799665,0.832442903389189,0.505112958942417
1992-05-01,2.86,292.49,8.27,8.27,784.36,1.9647520860856593,658.41,27.06629,750.88,3.17552224503765,2.27054970568104,0.715016154973943,0.219528466253919,0.207214753166224,16.85,1.1541095890411,212.45,3.09468317552804,0,-16.0641,4.11759799833194,1.37608385686463,0.451685660266874,1.30108445697626,0.601283991047423,33.3877563865537,51.0347891166449,14.7976986383577,0.969,3.95608738968062,3.43920674799665,0.832442903389189,0.505112958942417
1992-05-02,8.46,405.43,12.53,12.53,859.53,1.88655299808225,658.41,27.06629,750.88,3.17552224503765,2.27054970568104,0.715016154973943,0.219528466253919,0.207214753166224,16.85,1.1541095890411,212.45,3.09468317552804,0,-16.0641,4.11759799833194,1.37608385686463,0.451685660266874,1.30108445697626,0.601283991047423,33.3877563865537,51.0347891166449,14.7976986383577,0.969,3.95608738968062,3.43920674799665,0.832442903389189,0.505112958942417
1992-05-03,3.11,418.2,11.96,11.96,729.36,2.6522524014489663,658.41,27.06629,750.88,3.17552224503765,2.27054970568104,0.715016154973943,0.219528466253919,0.207214753166224,16.85,1.1541095890411,212.45,3.09468317552804,0,-16.0641,4.11759799833194,1.37608385686463,0.451685660266874,1.30108445697626,0.601283991047423,33.3877563865537,51.0347891166449,14.7976986383577,0.969,3.95608738968062,3.43920674799665,0.832442903389189,0.505112958942417
1992-05-04,0.3,511.59,7.8,7.8,574.42,1.8800364074152993,658.41,27.06629,750.88,3.17552224503765,2.27054970568104,0.715016154973943,0.219528466253919,0.207214753166224,16.85,1.1541095890411,212.45,3.09468317552804,0,-16.0641,4.11759799833194,1.37608385686463,0.451685660266874,1.30108445697626,0.601283991047423,33.3877563865537,51.0347891166449,14.7976986383577,0.969,3.95608738968062,3.43920674799665,0.832442903389189,0.505112958942417
1992-05-05,0.01,519.01,5.13,5.13,508.84,1.5900481227359897,658.41,27.06629,750.88,3.17552224503765,2.27054970568104,0.715016154973943,0.219528466253919,0.207214753166224,16.85,1.1541095890411,212.45,3.09468317552804,0,-16.0641,4.11759799833194,1.37608385686463,0.451685660266874,1.30108445697626,0.601283991047423,33.3877563865537,51.0347891166449,14.7976986383577,0.969,3.95608738968062,3.43920674799665,0.832442903389189,0.505112958942417
1992-05-06,0.0,508.23,5.27,5.27,508.71,1.4075835840613677,658.41,27.06629,750.88,3.17552224503765,2.27054970568104,0.715016154973943,0.219528466253919,0.207214753166224,16.85,1.1541095890411,212.45,3.09468317552804,0,-16.0641,4.11759799833194,1.37608385686463,0.451685660266874,1.30108445697626,0.601283991047423,33.3877563865537,51.0347891166449,14.7976986383577,0.969,3.95608738968062,3.43920674799665,0.832442903389189,0.505112958942417
1992-05-07,0.74,444.61,5.33,5.33,507.45,1.241410522054123,658.41,27.06629,750.88,3.17552224503765,2.27054970568104,0.715016154973943,0.219528466253919,0.207214753166224,16.85,1.1541095890411,212.45,3.09468317552804,0,-16.0641,4.11759799833194,1.37608385686463,0.451685660266874,1.30108445697626,0.601283991047423,33.3877563865537,51.0347891166449,14.7976986383577,0.969,3.95608738968062,3.43920674799665,0.832442903389189,0.505112958942417
1992-05-08,2.16,405.29,8.77,8.77,672.12,1.1273701853824845,658.41,27.06629,750.88,3.17552224503765,2.27054970568104,0.715016154973943,0.219528466253919,0.207214753166224,16.85,1.1541095890411,212.45,3.09468317552804,0,-16.0641,4.11759799833194,1.37608385686463,0.451685660266874,1.30108445697626,0.601283991047423,33.3877563865537,51.0347891166449,14.7976986383577,0.969,3.95608738968062,3.43920674799665,0.832442903389189,0.505112958942417
1992-05-09,0.95,398.59,10.32,10.32,764.69,1.1175952993820584,658.41,27.06629,750.88,3.17552224503765,2.27054970568104,0.715016154973943,0.219528466253919,0.207214753166224,16.85,1.1541095890411,212.45,3.09468317552804,0,-16.0641,4.11759799833194,1.37608385686463,0.451685660266874,1.30108445697626,0.601283991047423,33.3877563865537,51.0347891166449,14.7976986383577,0.969,3.95608738968062,3.43920674799665,0.832442903389189,0.505112958942417
1992-05-10,0.11,510.39,11.38,11.38,813.05,1.039396211378649,658.41,27.06629,750.88,3.17552224503765,2.27054970568104,0.715016154973943,0.219528466253919,0.207214753166224,16.85,1.1541095890411,212.45,3.09468317552804,0,-16.0641,4.11759799833194,1.37608385686463,0.451685660266874,1.30108445697626,0.601283991047423,33.3877563865537,51.0347891166449,14.7976986383577,0.969,3.95608738968062,3.43920674799665,0.832442903389189,0.505112958942417
1992-05-11,0.0,553.67,13.81,13.81,876.51,0.9123226933731089,658.41,27.06629,750.88,3.17552224503765,2.27054970568104,0.715016154973943,0.219528466253919,0.207214753166224,16.85,1.1541095890411,212.45,3.09468317552804,0,-16.0641,4.11759799833194,1.37608385686463,0.451685660266874,1.30108445697626,0.601283991047423,33.3877563865537,51.0347891166449,14.7976986383577,0.969,3.95608738968062,3.43920674799665,0.832442903389189,0.505112958942417
1992-05-12,0.4,436.81,15.74,15.74,938.2,0.8113155380353717,658.41,27.06629,750.88,3.17552224503765,2.27054970568104,0.715016154973943,0.219528466253919,0.207214753166224,16.85,1.1541095890411,212.45,3.09468317552804,0,-16.0641,4.11759799833194,1.37608385686463,0.451685660266874,1.30108445697626,0.601283991047423,33.3877563865537,51.0347891166449,14.7976986383577,0.969,3.95608738968062,3.43920674799665,0.832442903389189,0.505112958942417
1992-05-13,1.26,421.68,16.54,16.54,938.59,0.7428913360323885,658.41,27.06629,750.88,3.17552224503765,2.27054970568104,0.715016154973943,0.219528466253919,0.207214753166224,16.85,1.1541095890411,212.45,3.09468317552804,0,-16.0641,4.11759799833194,1.37608385686463,0.451685660266874,1.30108445697626,0.601283991047423,33.3877563865537,51.0347891166449,14.7976986383577,0.969,3.95608738968062,3.43920674799665,0.832442903389189,0.505112958942417
1992-05-14,0.31,541.67,12.98,12.98,787.08,0.687500315363307,658.41,27.06629,750.88,3.17552224503765,2.27054970568104,0.715016154973943,0.219528466253919,0.207214753166224,16.85,1.1541095890411,212.45,3.09468317552804,0,-16.0641,4.11759799833194,1.37608385686463,0.451685660266874,1.30108445697626,0.601283991047423,33.3877563865537,51.0347891166449,14.7976986383577,0.969,3.95608738968062,3.43920674799665,0.832442903389189,0.505112958942417
1992-05-15,0.01,512.12,12.88,12.88,902.09,0.6158178180268484,658.41,27.06629,750.88,3.17552224503765,2.27054970568104,0.715016154973943,0.219528466253919,0.207214753166224,16.85,1.1541095890411,212.45,3.09468317552804,0,-16.0641,4.11759799833194,1.37608385686463,0.451685660266874,1.30108445697626,0.601283991047423,33.3877563865537,51.0347891166449,14.7976986383577,0.969,3.95608738968062,3.43920674799665,0.832442903389189,0.505112958942417
1992-05-16,1.54,380.5,15.95,15.95,1185.65,0.5734599786916684,658.41,27.06629,750.88,3.17552224503765,2.27054970568104,0.715016154973943,0.219528466253919,0.207214753166224,16.85,1.1541095890411,212.45,3.09468317552804,0,-16.0641,4.11759799833194,1.37608385686463,0.451685660266874,1.30108445697626,0.601283991047423,33.3877563865537,51.0347891166449,14.7976986383577,0.969,3.95608738968062,3.43920674799665,0.832442903389189,0.505112958942417
1992-05-17,12.43,343.57,18.42,18.42,1337.7,0.5408770253569145,658.41,27.06629,750.88,3.17552224503765,2.27054970568104,0.715016154973943,0.219528466253919,0.207214753166224,16.85,1.1541095890411,212.45,3.09468317552804,0,-16.0641,4.11759799833194,1.37608385686463,0.451685660266874,1.30108445697626,0.601283991047423,33.3877563865537,51.0347891166449,14.7976986383577,0.969,3.95608738968062,3.43920674799665,0.832442903389189,0.505112958942417
1992-05-18,4.19,406.92,17.22,17.22,1042.64,1.1045621180481566,658.41,27.06629,750.88,3.17552224503765,2.27054970568104,0.715016154973943,0.219528466253919,0.207214753166224,16.85,1.1541095890411,212.45,3.09468317552804,0,-16.0641,4.11759799833194,1.37608385686463,0.451685660266874,1.30108445697626,0.601283991047423,33.3877563865537,51.0347891166449,14.7976986383577,0.969,3.95608738968062,3.43920674799665,0.832442903389189,0.505112958942417
1992-05-19,0.27,579.74,9.81,9.81,625.38,0.7852491753675686,658.41,27.06629,750.88,3.17552224503765,2.27054970568104,0.715016154973943,0.219528466253919,0.207214753166224,16.85,1.1541095890411,212.45,3.09468317552804,0,-16.0641,4.11759799833194,1.37608385686463,0.451685660266874,1.30108445697626,0.601283991047423,33.3877563865537,51.0347891166449,14.7976986383577,0.969,3.95608738968062,3.43920674799665,0.832442903389189,0.505112958942417
1992-05-20,0.0,585.99,11.87,11.87,654.78,0.62885099936075,658.41,27.06629,750.88,3.17552224503765,2.27054970568104,0.715016154973943,0.219528466253919,0.207214753166224,16.85,1.1541095890411,212.45,3.09468317552804,0,-16.0641,4.11759799833194,1.37608385686463,0.451685660266874,1.30108445697626,0.601283991047423,33.3877563865537,51.0347891166449,14.7976986383577,0.969,3.95608738968062,3.43920674799665,0.832442903389189,0.505112958942417
1992-05-21,0.0,589.94,13.47,13.47,694.49,0.5506519113573407,658.41,27.06629,750.88,3.17552224503765,2.27054970568104,0.715016154973943,0.219528466253919,0.207214753166224,16.85,1.1541095890411,212.45,3.09468317552804,0,-16.0641,4.11759799833194,1.37608385686463,0.451685660266874,1.30108445697626,0.601283991047423,33.3877563865537,51.0347891166449,14.7976986383577,0.969,3.95608738968062,3.43920674799665,0.832442903389189,0.505112958942417
1992-05-22,0.61,450.43,15.37,15.37,818.04,0.5180689580225868,658.41,27.06629,750.88,3.17552224503765,2.27054970568104,0.715016154973943,0.219528466253919,0.207214753166224,16.85,1.1541095890411,212.45,3.09468317552804,0,-16.0641,4.11759799833194,1.37608385686463,0.451685660266874,1.30108445697626,0.601283991047423,33.3877563865537,51.0347891166449,14.7976986383577,0.969,3.95608738968062,3.43920674799665,0.832442903389189,0.505112958942417
1992-05-23,0.73,430.59,16.91,16.91,879.33,0.46593623268698053,658.41,27.06629,750.88,3.17552224503765,2.27054970568104,0.715016154973943,0.219528466253919,0.207214753166224,16.85,1.1541095890411,212.45,3.09468317552804,0,-16.0641,4.11759799833194,1.37608385686463,0.451685660266874,1.30108445697626,0.601283991047423,33.3877563865537,51.0347891166449,14.7976986383577,0.969,3.95608738968062,3.43920674799665,0.832442903389189,0.505112958942417
1992-05-24,1.47,441.68,14.64,14.64,683.98,0.452903051353079,658.41,27.06629,750.88,3.17552224503765,2.27054970568104,0.715016154973943,0.219528466253919,0.207214753166224,16.85,1.1541095890411,212.45,3.09468317552804,0,-16.0641,4.11759799833194,1.37608385686463,0.451685660266874,1.30108445697626,0.601283991047423,33.3877563865537,51.0347891166449,14.7976986383577,0.969,3.95608738968062,3.43920674799665,0.832442903389189,0.505112958942417
1992-05-25,1.16,362.95,5.66,5.66,548.59,0.44964475601960363,658.41,27.06629,750.88,3.17552224503765,2.27054970568104,0.715016154973943,0.219528466253919,0.207214753166224,16.85,1.1541095890411,212.45,3.09468317552804,0,-16.0641,4.11759799833194,1.37608385686463,0.451685660266874,1.30108445697626,0.601283991047423,33.3877563865537,51.0347891166449,14.7976986383577,0.969,3.95608738968062,3.43920674799665,0.832442903389189,0.505112958942417
1992-05-26,2.52,375.93,7.29,7.29,640.07,0.4333532793522267,658.41,27.06629,750.88,3.17552224503765,2.27054970568104,0.715016154973943,0.219528466253919,0.207214753166224,16.85,1.1541095890411,212.45,3.09468317552804,0,-16.0641,4.11759799833194,1.37608385686463,0.451685660266874,1.30108445697626,0.601283991047423,33.3877563865537,51.0347891166449,14.7976986383577,0.969,3.95608738968062,3.43920674799665,0.832442903389189,0.505112958942417
1992-05-27,0.74,352.21,5.95,5.95,594.48,0.4333532793522267,658.41,27.06629,750.88,3.17552224503765,2.27054970568104,0.715016154973943,0.219528466253919,0.207214753166224,16.85,1.1541095890411,212.45,3.09468317552804,0,-16.0641,4.11759799833194,1.37608385686463,0.451685660266874,1.30108445697626,0.601283991047423,33.3877563865537,51.0347891166449,14.7976986383577,0.969,3.95608738968062,3.43920674799665,0.832442903389189,0.505112958942417
1992-05-28,0.04,539.81,4.82,4.82,499.76,0.4007703260174728,658.41,27.06629,750.88,3.17552224503765,2.27054970568104,0.715016154973943,0.219528466253919,0.207214753166224,16.85,1.1541095890411,212.45,3.09468317552804,0,-16.0641,4.11759799833194,1.37608385686463,0.451685660266874,1.30108445697626,0.601283991047423,33.3877563865537,51.0347891166449,14.7976986383577,0.969,3.95608738968062,3.43920674799665,0.832442903389189,0.505112958942417
1992-05-29,3.09,433.13,7.62,7.62,610.47,0.35515419134881737,658.41,27.06629,750.88,3.17552224503765,2.27054970568104,0.715016154973943,0.219528466253919,0.207214753166224,16.85,1.1541095890411,212.45,3.09468317552804,0,-16.0641,4.11759799833194,1.37608385686463,0.451685660266874,1.30108445697626,0.601283991047423,33.3877563865537,51.0347891166449,14.7976986383577,0.969,3.95608738968062,3.43920674799665,0.832442903389189,0.505112958942417
1992-05-30,12.02,417.65,12.77,12.77,859.98,0.3388627146814404,658.41,27.06629,750.88,3.17552224503765,2.27054970568104,0.715016154973943,0.219528466253919,0.207214753166224,16.85,1.1541095890411,212.45,3.09468317552804,0,-16.0641,4.11759799833194,1.37608385686463,0.451685660266874,1.30108445697626,0.601283991047423,33.3877563865537,51.0347891166449,14.7976986383577,0.969,3.95608738968062,3.43920674799665,0.832442903389189,0.505112958942417
1992-05-31,4.08,208.17,12.18,12.18,1030.04,0.5799765693586192,658.41,27.06629,750.88,3.17552224503765,2.27054970568104,0.715016154973943,0.219528466253919,0.207214753166224,16.85,1.1541095890411,212.45,3.09468317552804,0,-16.0641,4.11759799833194,1.37608385686463,0.451685660266874,1.30108445697626,0.601283991047423,33.3877563865537,51.0347891166449,14.7976986383577,0.969,3.95608738968062,3.43920674799665,0.832442903389189,0.505112958942417
1992-06-01,0.82,250.92,11.39,11.39,976.9,0.511552367355636,658.41,27.06629,750.88,3.17552224503765,2.27054970568104,0.715016154973943,0.219528466253919,0.207214753166224,16.85,1.1541095890411,212.45,3.09468317552804,0,-16.0641,4.11759799833194,1.37608385686463,0.451685660266874,1.30108445697626,0.601283991047423,33.3877563865537,51.0347891166449,14.7976986383577,0.969,3.95608738968062,3.43920674799665,0.832442903389189,0.505112958942417
1992-06-02,0.14,505.54,11.71,11.71,832.19,0.43986987001917743,658.41,27.06629,750.88,3.17552224503765,2.27054970568104,0.715016154973943,0.219528466253919,0.207214753166224,16.85,1.1541095890411,212.45,3.09468317552804,0,-16.0641,4.11759799833194,1.37608385686463,0.451685660266874,1.30108445697626,0.601283991047423,33.3877563865537,51.0347891166449,14.7976986383577,0.969,3.95608738968062,3.43920674799665,0.832442903389189,0.505112958942417
1992-06-03,0.01,578.33,13.55,13.55,813.02,0.35841248668229275,658.41,27.06629,750.88,3.17552224503765,2.27054970568104,0.715016154973943,0.219528466253919,0.207214753166224,16.85,1.1541095890411,212.45,3.09468317552804,0,-16.0641,4.11759799833194,1.37608385686463,0.451685660266874,1.30108445697626,0.601283991047423,33.3877563865537,51.0347891166449,14.7976986383577,0.969,3.95608738968062,3.43920674799665,0.832442903389189,0.505112958942417
1992-06-04,4.07,421.22,15.78,15.78,997.19,0.30627976134668655,658.41,27.06629,750.88,3.17552224503765,2.27054970568104,0.715016154973943,0.219528466253919,0.207214753166224,16.85,1.1541095890411,212.45,3.09468317552804,0,-16.0641,4.11759799833194,1.37608385686463,0.451685660266874,1.30108445697626,0.601283991047423,33.3877563865537,51.0347891166449,14.7976986383577,0.969,3.95608738968062,3.43920674799665,0.832442903389189,0.505112958942417
1992-06-05,6.21,349.37,16.3,16.3,1184.49,0.32257123801406345,658.41,27.06629,750.88,3.17552224503765,2.27054970568104,0.715016154973943,0.219528466253919,0.207214753166224,16.85,1.1541095890411,212.45,3.09468317552804,0,-16.0641,4.11759799833194,1.37608385686463,0.451685660266874,1.30108445697626,0.601283991047423,33.3877563865537,51.0347891166449,14.7976986383577,0.969,3.95608738968062,3.43920674799665,0.832442903389189,0.505112958942417
1992-06-06,1.75,352.89,16.88,16.88,1302.36,0.452903051353079,658.41,27.06629,750.88,3.17552224503765,2.27054970568104,0.715016154973943,0.219528466253919,0.207214753166224,16.85,1.1541095890411,212.45,3.09468317552804,0,-16.0641,4.11759799833194,1.37608385686463,0.451685660266874,1.30108445697626,0.601283991047423,33.3877563865537,51.0347891166449,14.7976986383577,0.969,3.95608738968062,3.43920674799665,0.832442903389189,0.505112958942417
1992-06-07,0.17,434.9,18.42,18.42,1295.22,0.3779622586831451,658.41,27.06629,750.88,3.17552224503765,2.27054970568104,0.715016154973943,0.219528466253919,0.207214753166224,16.85,1.1541095890411,212.45,3.09468317552804,0,-16.0641,4.11759799833194,1.37608385686463,0.451685660266874,1.30108445697626,0.601283991047423,33.3877563865537,51.0347891166449,14.7976986383577,0.969,3.95608738968062,3.43920674799665,0.832442903389189,0.505112958942417
1992-06-08,0.03,515.59,17.52,17.52,1070.11,0.3127963520136373,658.41,27.06629,750.88,3.17552224503765,2.27054970568104,0.715016154973943,0.219528466253919,0.207214753166224,16.85,1.1541095890411,212.45,3.09468317552804,0,-16.0641,4.11759799833194,1.37608385686463,0.451685660266874,1.30108445697626,0.601283991047423,33.3877563865537,51.0347891166449,14.7976986383577,0.969,3.95608738968062,3.43920674799665,0.832442903389189,0.505112958942417
1992-06-09,0.0,572.55,13.73,13.73,770.24,0.27369680801193264,658.41,27.06629,750.88,3.17552224503765,2.27054970568104,0.715016154973943,0.219528466253919,0.207214753166224,16.85,1.1541095890411,212.45,3.09468317552804,0,-16.0641,4.11759799833194,1.37608385686463,0.451685660266874,1.30108445697626,0.601283991047423,33.3877563865537,51.0347891166449,14.7976986383577,0.969,3.95608738968062,3.43920674799665,0.832442903389189,0.505112958942417
1992-06-10,0.0,587.15,12.24,12.24,675.28,0.24437215001065415,658.41,27.06629,750.88,3.17552224503765,2.27054970568104,0.715016154973943,0.219528466253919,0.207214753166224,16.85,1.1541095890411,212.45,3.09468317552804,0,-16.0641,4.11759799833194,1.37608385686463,0.451685660266874,1.30108445697626,0.601283991047423,33.3877563865537,51.0347891166449,14.7976986383577,0.969,3.95608738968062,3.43920674799665,0.832442903389189,0.505112958942417
1992-06-11,0.0,586.55,13.46,13.46,724.83,0.22156408267632643,658.41,27.06629,750.88,3.17552224503765,2.27054970568104,0.715016154973943,0.219528466253919,0.207214753166224,16.85,1.1541095890411,212.45,3.09468317552804,0,-16.0641,4.11759799833194,1.37608385686463,0.451685660266874,1.30108445697626,0.601283991047423,33.3877563865537,51.0347891166449,14.7976986383577,0.969,3.95608738968062,3.43920674799665,0.832442903389189,0.505112958942417
1992-06-12,0.0,580.48,15.13,15.13,819.67,0.20527260600894948,658.41,27.06629,750.88,3.17552224503765,2.27054970568104,0.715016154973943,0.219528466253919,0.207214753166224,16.85,1.1541095890411,212.45,3.09468317552804,0,-16.0641,4.11759799833194,1.37608385686463,0.451685660266874,1.30108445697626,0.601283991047423,33.3877563865537,51.0347891166449,14.7976986383577,0.969,3.95608738968062,3.43920674799665,0.832442903389189,0.505112958942417
1992-06-13,0.0,573.45,17.18,17.18,930.64,0.18898112934157255,658.41,27.06629,750.88,3.17552224503765,2.27054970568104,0.715016154973943,0.219528466253919,0.207214753166224,16.85,1.1541095890411,212.45,3.09468317552804,0,-16.0641,4.11759799833194,1.37608385686463,0.451685660266874,1.30108445697626,0.601283991047423,33.3877563865537,51.0347891166449,14.7976986383577,0.969,3.95608738968062,3.43920674799665,0.832442903389189,0.505112958942417
1992-06-14,3.18,429.29,17.42,17.42,940.02,0.17594794800767097,658.41,27.06629,750.88,3.17552224503765,2.27054970568104,0.715016154973943,0.219528466253919,0.207214753166224,16.85,1.1541095890411,212.45,3.09468317552804,0,-16.0641,4.11759799833194,1.37608385686463,0.451685660266874,1.30108445697626,0.601283991047423,33.3877563865537,51.0347891166449,14.7976986383577,0.969,3.95608738968062,3.43920674799665,0.832442903389189,0.505112958942417
1992-06-15,0.85,554.22,14.28,14.28,767.49,0.18246453867462176,658.41,27.06629,750.88,3.17552224503765,2.27054970568104,0.715016154973943,0.219528466253919,0.207214753166224,16.85,1.1541095890411,212.45,3.09468317552804,0,-16.0641,4.11759799833194,1.37608385686463,0.451685660266874,1.30108445697626,0.601283991047423,33.3877563865537,51.0347891166449,14.7976986383577,0.969,3.95608738968062,3.43920674799665,0.832442903389189,0.505112958942417
1992-06-16,0.27,535.5,12.16,12.16,731.77,0.17920624334114638,658.41,27.06629,750.88,3.17552224503765,2.27054970568104,0.715016154973943,0.219528466253919,0.207214753166224,16.85,1.1541095890411,212.45,3.09468317552804,0,-16.0641,4.11759799833194,1.37608385686463,0.451685660266874,1.30108445697626,0.601283991047423,33.3877563865537,51.0347891166449,14.7976986383577,0.969,3.95608738968062,3.43920674799665,0.832442903389189,0.505112958942417
1992-06-17,0.39,514.22,16.53,16.53,1036.0,0.16291476667376945,658.41,27.06629,750.88,3.17552224503765,2.27054970568104,0.715016154973943,0.219528466253919,0.207214753166224,16.85,1.1541095890411,212.45,3.09468317552804,0,-16.0641,4.11759799833194,1.37608385686463,0.451685660266874,1.30108445697626,0.601283991047423,33.3877563865537,51.0347891166449,14.7976986383577,0.969,3.95608738968062,3.43920674799665,0.832442903389189,0.505112958942417
1992-06-18,6.08,356.2,19.54,19.54,1360.7,0.15639817600681866,658.41,27.06629,750.88,3.17552224503765,2.27054970568104,0.715016154973943,0.219528466253919,0.207214753166224,16.85,1.1541095890411,212.45,3.09468317552804,0,-16.0641,4.11759799833194,1.37608385686463,0.451685660266874,1.30108445697626,0.601283991047423,33.3877563865537,51.0347891166449,14.7976986383577,0.969,3.95608738968062,3.43920674799665,0.832442903389189,0.505112958942417
1992-06-19,7.11,338.34,18.2,18.2,1259.29,0.2671802173449819,658.41,27.06629,750.88,3.17552224503765,2.27054970568104,0.715016154973943,0.219528466253919,0.207214753166224,16.85,1.1541095890411,212.45,3.09468317552804,0,-16.0641,4.11759799833194,1.37608385686463,0.451685660266874,1.30108445697626,0.601283991047423,33.3877563865537,51.0347891166449,14.7976986383577,0.969,3.95608738968062,3.43920674799665,0.832442903389189,0.505112958942417
1992-06-20,1.93,385.93,14.0,14.0,935.29,0.27043851267845725,658.41,27.06629,750.88,3.17552224503765,2.27054970568104,0.715016154973943,0.219528466253919,0.207214753166224,16.85,1.1541095890411,212.45,3.09468317552804,0,-16.0641,4.11759799833194,1.37608385686463,0.451685660266874,1.30108445697626,0.601283991047423,33.3877563865537,51.0347891166449,14.7976986383577,0.969,3.95608738968062,3.43920674799665,0.832442903389189,0.505112958942417
1992-06-21,1.16,242.79,8.67,8.67,776.0,0.21504749200937565,658.41,27.06629,750.88,3.17552224503765,2.27054970568104,0.715016154973943,0.219528466253919,0.207214753166224,16.85,1.1541095890411,212.45,3.09468317552804,0,-16.0641,4.11759799833194,1.37608385686463,0.451685660266874,1.30108445697626,0.601283991047423,33.3877563865537,51.0347891166449,14.7976986383577,0.969,3.95608738968062,3.43920674799665,0.832442903389189,0.505112958942417
1992-06-22,1.66,440.44,8.18,8.18,685.16,0.1954977200085233,658.41,27.06629,750.88,3.17552224503765,2.27054970568104,0.715016154973943,0.219528466253919,0.207214753166224,16.85,1.1541095890411,212.45,3.09468317552804,0,-16.0641,4.11759799833194,1.37608385686463,0.451685660266874,1.30108445697626,0.601283991047423,33.3877563865537,51.0347891166449,14.7976986383577,0.969,3.95608738968062,3.43920674799665,0.832442903389189,0.505112958942417
1992-06-23,2.16,428.16,9.51,9.51,701.45,0.1726896526741956,658.41,27.06629,750.88,3.17552224503765,2.27054970568104,0.715016154973943,0.219528466253919,0.207214753166224,16.85,1.1541095890411,212.45,3.09468317552804,0,-16.0641,4.11759799833194,1.37608385686463,0.451685660266874,1.30108445697626,0.601283991047423,33.3877563865537,51.0347891166449,14.7976986383577,0.969,3.95608738968062,3.43920674799665,0.832442903389189,0.505112958942417
1992-06-24,0.76,423.28,12.47,12.47,841.02,0.16291476667376945,658.41,27.06629,750.88,3.17552224503765,2.27054970568104,0.715016154973943,0.219528466253919,0.207214753166224,16.85,1.1541095890411,212.45,3.09468317552804,0,-16.0641,4.11759799833194,1.37608385686463,0.451685660266874,1.30108445697626,0.601283991047423,33.3877563865537,51.0347891166449,14.7976986383577,0.969,3.95608738968062,3.43920674799665,0.832442903389189,0.505112958942417
1992-06-25,0.96,406.52,12.86,12.86,856.6,0.1726896526741956,658.41,27.06629,750.88,3.17552224503765,2.27054970568104,0.715016154973943,0.219528466253919,0.207214753166224,16.85,1.1541095890411,212.45,3.09468317552804,0,-16.0641,4.11759799833194,1.37608385686463,0.451685660266874,1.30108445697626,0.601283991047423,33.3877563865537,51.0347891166449,14.7976986383577,0.969,3.95608738968062,3.43920674799665,0.832442903389189,0.505112958942417
1992-06-26,5.13,419.09,13.47,13.47,854.31,0.1726896526741956,658.41,27.06629,750.88,3.17552224503765,2.27054970568104,0.715016154973943,0.219528466253919,0.207214753166224,16.85,1.1541095890411,212.45,3.09468317552804,0,-16.0641,4.11759799833194,1.37608385686463,0.451685660266874,1.30108445697626,0.601283991047423,33.3877563865537,51.0347891166449,14.7976986383577,0.969,3.95608738968062,3.43920674799665,0.832442903389189,0.505112958942417
1992-06-27,1.29,536.65,14.42,14.42,872.0,0.16291476667376945,658.41,27.06629,750.88,3.17552224503765,2.27054970568104,0.715016154973943,0.219528466253919,0.207214753166224,16.85,1.1541095890411,212.45,3.09468317552804,0,-16.0641,4.11759799833194,1.37608385686463,0.451685660266874,1.30108445697626,0.601283991047423,33.3877563865537,51.0347891166449,14.7976986383577,0.969,3.95608738968062,3.43920674799665,0.832442903389189,0.505112958942417
1992-06-28,0.0,551.13,14.24,14.24,837.92,0.14988158533986787,658.41,27.06629,750.88,3.17552224503765,2.27054970568104,0.715016154973943,0.219528466253919,0.207214753166224,16.85,1.1541095890411,212.45,3.09468317552804,0,-16.0641,4.11759799833194,1.37608385686463,0.451685660266874,1.30108445697626,0.601283991047423,33.3877563865537,51.0347891166449,14.7976986383577,0.969,3.95608738968062,3.43920674799665,0.832442903389189,0.505112958942417
1992-06-29,0.0,574.1,15.98,15.98,892.43,0.13359010867249094,658.41,27.06629,750.88,3.17552224503765,2.27054970568104,0.715016154973943,0.219528466253919,0.207214753166224,16.85,1.1541095890411,212.45,3.09468317552804,0,-16.0641,4.11759799833194,1.37608385686463,0.451685660266874,1.30108445697626,0.601283991047423,33.3877563865537,51.0347891166449,14.7976986383577,0.969,3.95608738968062,3.43920674799665,0.832442903389189,0.505112958942417
1992-06-30,0.0,569.23,17.82,17.82,974.78,0.12055692733858939,658.41,27.06629,750.88,3.17552224503765,2.27054970568104,0.715016154973943,0.219528466253919,0.207214753166224,16.85,1.1541095890411,212.45,3.09468317552804,0,-16.0641,4.11759799833194,1.37608385686463,0.451685660266874,1.30108445697626,0.601283991047423,33.3877563865537,51.0347891166449,14.7976986383577,0.969,3.95608738968062,3.43920674799665,0.832442903389189,0.505112958942417
1992-07-01,0.0,559.41,17.64,17.64,977.27,0.11404033667163861,658.41,27.06629,750.88,3.17552224503765,2.27054970568104,0.715016154973943,0.219528466253919,0.207214753166224,16.85,1.1541095890411,212.45,3.09468317552804,0,-16.0641,4.11759799833194,1.37608385686463,0.451685660266874,1.30108445697626,0.601283991047423,33.3877563865537,51.0347891166449,14.7976986383577,0.969,3.95608738968062,3.43920674799665,0.832442903389189,0.505112958942417
1992-07-02,0.0,549.96,16.83,16.83,1012.87,0.11404033667163861,658.41,27.06629,750.88,3.17552224503765,2.27054970568104,0.715016154973943,0.219528466253919,0.207214753166224,16.85,1.1541095890411,212.45,3.09468317552804,0,-16.0641,4.11759799833194,1.37608385686463,0.451685660266874,1.30108445697626,0.601283991047423,33.3877563865537,51.0347891166449,14.7976986383577,0.969,3.95608738968062,3.43920674799665,0.832442903389189,0.505112958942417
1992-07-03,6.37,366.33,18.87,18.87,1302.12,0.12055692733858939,658.41,27.06629,750.88,3.17552224503765,2.27054970568104,0.715016154973943,0.219528466253919,0.207214753166224,16.85,1.1541095890411,212.45,3.09468317552804,0,-16.0641,4.11759799833194,1.37608385686463,0.451685660266874,1.30108445697626,0.601283991047423,33.3877563865537,51.0347891166449,14.7976986383577,0.969,3.95608738968062,3.43920674799665,0.832442903389189,0.505112958942417
1992-07-04,2.56,292.49,17.58,17.58,1296.75,0.1433649946729171,658.41,27.06629,750.88,3.17552224503765,2.27054970568104,0.715016154973943,0.219528466253919,0.207214753166224,16.85,1.1541095890411,212.45,3.09468317552804,0,-16.0641,4.11759799833194,1.37608385686463,0.451685660266874,1.30108445697626,0.601283991047423,33.3877563865537,51.0347891166449,14.7976986383577,0.969,3.95608738968062,3.43920674799665,0.832442903389189,0.505112958942417
1992-07-05,9.18,389.01,15.76,15.76,1035.85,0.18572283400809714,658.41,27.06629,750.88,3.17552224503765,2.27054970568104,0.715016154973943,0.219528466253919,0.207214753166224,16.85,1.1541095890411,212.45,3.09468317552804,0,-16.0641,4.11759799833194,1.37608385686463,0.451685660266874,1.30108445697626,0.601283991047423,33.3877563865537,51.0347891166449,14.7976986383577,0.969,3.95608738968062,3.43920674799665,0.832442903389189,0.505112958942417
1992-07-06,2.36,540.75,14.08,14.08,876.15,0.17594794800767097,658.41,27.06629,750.88,3.17552224503765,2.27054970568104,0.715016154973943,0.219528466253919,0.207214753166224,16.85,1.1541095890411,212.45,3.09468317552804,0,-16.0641,4.11759799833194,1.37608385686463,0.451685660266874,1.30108445697626,0.601283991047423,33.3877563865537,51.0347891166449,14.7976986383577,0.969,3.95608738968062,3.43920674799665,0.832442903389189,0.505112958942417
1992-07-07,0.0,544.92,14.52,14.52,905.26,0.1401066993394417,658.41,27.06629,750.88,3.17552224503765,2.27054970568104,0.715016154973943,0.219528466253919,0.207214753166224,16.85,1.1541095890411,212.45,3.09468317552804,0,-16.0641,4.11759799833194,1.37608385686463,0.451685660266874,1.30108445697626,0.601283991047423,33.3877563865537,51.0347891166449,14.7976986383577,0.969,3.95608738968062,3.43920674799665,0.832442903389189,0.505112958942417
1992-07-08,9.06,392.76,14.87,14.87,1050.01,0.13359010867249094,658.41,27.06629,750.88,3.17552224503765,2.27054970568104,0.715016154973943,0.219528466253919,0.207214753166224,16.85,1.1541095890411,212.45,3.09468317552804,0,-16.0641,4.11759799833194,1.37608385686463,0.451685660266874,1.30108445697626,0.601283991047423,33.3877563865537,51.0347891166449,14.7976986383577,0.969,3.95608738968062,3.43920674799665,0.832442903389189,0.505112958942417
1992-07-09,3.67,406.55,18.12,18.12,1303.47,0.20527260600894948,658.41,27.06629,750.88,3.17552224503765,2.27054970568104,0.715016154973943,0.219528466253919,0.207214753166224,16.85,1.1541095890411,212.45,3.09468317552804,0,-16.0641,4.11759799833194,1.37608385686463,0.451685660266874,1.30108445697626,0.601283991047423,33.3877563865537,51.0347891166449,14.7976986383577,0.969,3.95608738968062,3.43920674799665,0.832442903389189,0.505112958942417
1992-07-10,1.74,376.99,18.9,18.9,1322.2,0.1726896526741956,658.41,27.06629,750.88,3.17552224503765,2.27054970568104,0.715016154973943,0.219528466253919,0.207214753166224,16.85,1.1541095890411,212.45,3.09468317552804,0,-16.0641,4.11759799833194,1.37608385686463,0.451685660266874,1.30108445697626,0.601283991047423,33.3877563865537,51.0347891166449,14.7976986383577,0.969,3.95608738968062,3.43920674799665,0.832442903389189,0.505112958942417
1992-07-11,0.37,490.6,18.66,18.66,1290.86,0.1466232900063925,658.41,27.06629,750.88,3.17552224503765,2.27054970568104,0.715016154973943,0.219528466253919,0.207214753166224,16.85,1.1541095890411,212.45,3.09468317552804,0,-16.0641,4.11759799833194,1.37608385686463,0.451685660266874,1.30108445697626,0.601283991047423,33.3877563865537,51.0347891166449,14.7976986383577,0.969,3.95608738968062,3.43920674799665,0.832442903389189,0.505112958942417
1992-07-12,7.69,322.91,18.68,18.68,1449.42,0.13359010867249094,658.41,27.06629,750.88,3.17552224503765,2.27054970568104,0.715016154973943,0.219528466253919,0.207214753166224,16.85,1.1541095890411,212.45,3.09468317552804,0,-16.0641,4.11759799833194,1.37608385686463,0.451685660266874,1.30108445697626,0.601283991047423,33.3877563865537,51.0347891166449,14.7976986383577,0.969,3.95608738968062,3.43920674799665,0.832442903389189,0.505112958942417
1992-07-13,9.72,255.79,18.97,18.97,1594.0,0.15965647134029404,658.41,27.06629,750.88,3.17552224503765,2.27054970568104,0.715016154973943,0.219528466253919,0.207214753166224,16.85,1.1541095890411,212.45,3.09468317552804,0,-16.0641,4.11759799833194,1.37608385686463,0.451685660266874,1.30108445697626,0.601283991047423,33.3877563865537,51.0347891166449,14.7976986383577,0.969,3.95608738968062,3.43920674799665,0.832442903389189,0.505112958942417
1992-07-14,12.68,334.45,20.48,20.48,1641.55,0.23785555934370337,658.41,27.06629,750.88,3.17552224503765,2.27054970568104,0.715016154973943,0.219528466253919,0.207214753166224,16.85,1.1541095890411,212.45,3.09468317552804,0,-16.0641,4.11759799833194,1.37608385686463,0.451685660266874,1.30108445697626,0.601283991047423,33.3877563865537,51.0347891166449,14.7976986383577,0.969,3.95608738968062,3.43920674799665,0.832442903389189,0.505112958942417
1992-07-15,19.46,337.45,21.34,21.34,1650.23,0.5506519113573407,658.41,27.06629,750.88,3.17552224503765,2.27054970568104,0.715016154973943,0.219528466253919,0.207214753166224,16.85,1.1541095890411,212.45,3.09468317552804,0,-16.0641,4.11759799833194,1.37608385686463,0.451685660266874,1.30108445697626,0.601283991047423,33.3877563865537,51.0347891166449,14.7976986383577,0.969,3.95608738968062,3.43920674799665,0.832442903389189,0.505112958942417
1992-07-16,5.7,350.17,19.36,19.36,1542.36,0.7787325847006179,658.41,27.06629,750.88,3.17552224503765,2.27054970568104,0.715016154973943,0.219528466253919,0.207214753166224,16.85,1.1541095890411,212.45,3.09468317552804,0,-16.0641,4.11759799833194,1.37608385686463,0.451685660266874,1.30108445697626,0.601283991047423,33.3877563865537,51.0347891166449,14.7976986383577,0.969,3.95608738968062,3.43920674799665,0.832442903389189,0.505112958942417
1992-07-17,16.69,333.05,20.41,20.41,1614.08,0.7559245173662902,658.41,27.06629,750.88,3.17552224503765,2.27054970568104,0.715016154973943,0.219528466253919,0.207214753166224,16.85,1.1541095890411,212.45,3.09468317552804,0,-16.0641,4.11759799833194,1.37608385686463,0.451685660266874,1.30108445697626,0.601283991047423,33.3877563865537,51.0347891166449,14.7976986383577,0.969,3.95608738968062,3.43920674799665,0.832442903389189,0.505112958942417
1992-07-18,7.7,349.47,20.06,20.06,1503.19,1.2707351800554014,658.41,27.06629,750.88,3.17552224503765,2.27054970568104,0.715016154973943,0.219528466253919,0.207214753166224,16.85,1.1541095890411,212.45,3.09468317552804,0,-16.0641,4.11759799833194,1.37608385686463,0.451685660266874,1.30108445697626,0.601283991047423,33.3877563865537,51.0347891166449,14.7976986383577,0.969,3.95608738968062,3.43920674799665,0.832442903389189,0.505112958942417
1992-07-19,1.45,430.68,18.18,18.18,1311.61,0.8732231493714042,658.41,27.06629,750.88,3.17552224503765,2.27054970568104,0.715016154973943,0.219528466253919,0.207214753166224,16.85,1.1541095890411,212.45,3.09468317552804,0,-16.0641,4.11759799833194,1.37608385686463,0.451685660266874,1.30108445697626,0.601283991047423,33.3877563865537,51.0347891166449,14.7976986383577,0.969,3.95608738968062,3.43920674799665,0.832442903389189,0.505112958942417
1992-07-20,11.87,386.74,18.84,18.84,1304.27,0.5767182740251438,658.41,27.06629,750.88,3.17552224503765,2.27054970568104,0.715016154973943,0.219528466253919,0.207214753166224,16.85,1.1541095890411,212.45,3.09468317552804,0,-16.0641,4.11759799833194,1.37608385686463,0.451685660266874,1.30108445697626,0.601283991047423,33.3877563865537,51.0347891166449,14.7976986383577,0.969,3.95608738968062,3.43920674799665,0.832442903389189,0.505112958942417
1992-07-21,3.1,492.26,16.57,16.57,1108.68,1.1892777967185169,658.41,27.06629,750.88,3.17552224503765,2.27054970568104,0.715016154973943,0.219528466253919,0.207214753166224,16.85,1.1541095890411,212.45,3.09468317552804,0,-16.0641,4.11759799833194,1.37608385686463,0.451685660266874,1.30108445697626,0.601283991047423,33.3877563865537,51.0347891166449,14.7976986383577,0.969,3.95608738968062,3.43920674799665,0.832442903389189,0.505112958942417
1992-07-22,7.19,402.32,14.41,14.41,1045.6,0.7396330406989132,658.41,27.06629,750.88,3.17552224503765,2.27054970568104,0.715016154973943,0.219528466253919,0.207214753166224,16.85,1.1541095890411,212.45,3.09468317552804,0,-16.0641,4.11759799833194,1.37608385686463,0.451685660266874,1.30108445697626,0.601283991047423,33.3877563865537,51.0347891166449,14.7976986383577,0.969,3.95608738968062,3.43920674799665,0.832442903389189,0.505112958942417
1992-07-23,6.1,318.87,16.18,16.18,1283.97,1.1697280247176645,658.41,27.06629,750.88,3.17552224503765,2.27054970568104,0.715016154973943,0.219528466253919,0.207214753166224,16.85,1.1541095890411,212.45,3.09468317552804,0,-16.0641,4.11759799833194,1.37608385686463,0.451685660266874,1.30108445697626,0.601283991047423,33.3877563865537,51.0347891166449,14.7976986383577,0.969,3.95608738968062,3.43920674799665,0.832442903389189,0.505112958942417
1992-07-24,1.13,363.51,17.3,17.3,1384.55,1.0133298487108457,658.41,27.06629,750.88,3.17552224503765,2.27054970568104,0.715016154973943,0.219528466253919,0.207214753166224,16.85,1.1541095890411,212.45,3.09468317552804,0,-16.0641,4.11759799833194,1.37608385686463,0.451685660266874,1.30108445697626,0.601283991047423,33.3877563865537,51.0347891166449,14.7976986383577,0.969,3.95608738968062,3.43920674799665,0.832442903389189,0.505112958942417
1992-07-25,0.14,354.94,17.55,17.55,1423.7,0.7591828126997655,658.41,27.06629,750.88,3.17552224503765,2.27054970568104,0.715016154973943,0.219528466253919,0.207214753166224,16.85,1.1541095890411,212.45,3.09468317552804,0,-16.0641,4.11759799833194,1.37608385686463,0.451685660266874,1.30108445697626,0.601283991047423,33.3877563865537,51.0347891166449,14.7976986383577,0.969,3.95608738968062,3.43920674799665,0.832442903389189,0.505112958942417
1992-07-26,7.85,265.99,17.91,17.91,1465.81,0.8341236053696995,658.41,27.06629,750.88,3.17552224503765,2.27054970568104,0.715016154973943,0.219528466253919,0.207214753166224,16.85,1.1541095890411,212.45,3.09468317552804,0,-16.0641,4.11759799833194,1.37608385686463,0.451685660266874,1.30108445697626,0.601283991047423,33.3877563865537,51.0347891166449,14.7976986383577,0.969,3.95608738968062,3.43920674799665,0.832442903389189,0.505112958942417
1992-07-27,2.06,440.28,16.58,16.58,1228.09,1.0100715533773705,658.41,27.06629,750.88,3.17552224503765,2.27054970568104,0.715016154973943,0.219528466253919,0.207214753166224,16.85,1.1541095890411,212.45,3.09468317552804,0,-16.0641,4.11759799833194,1.37608385686463,0.451685660266874,1.30108445697626,0.601283991047423,33.3877563865537,51.0347891166449,14.7976986383577,0.969,3.95608738968062,3.43920674799665,0.832442903389189,0.505112958942417
1992-07-28,0.04,424.75,14.2,14.2,1037.66,0.6581756573620285,658.41,27.06629,750.88,3.17552224503765,2.27054970568104,0.715016154973943,0.219528466253919,0.207214753166224,16.85,1.1541095890411,212.45,3.09468317552804,0,-16.0641,4.11759799833194,1.37608385686463,0.451685660266874,1.30108445697626,0.601283991047423,33.3877563865537,51.0347891166449,14.7976986383577,0.969,3.95608738968062,3.43920674799665,0.832442903389189,0.505112958942417
1992-07-29,4.71,383.1,16.1,16.1,1171.63,0.5604267973577668,658.41,27.06629,750.88,3.17552224503765,2.27054970568104,0.715016154973943,0.219528466253919,0.207214753166224,16.85,1.1541095890411,212.45,3.09468317552804,0,-16.0641,4.11759799833194,1.37608385686463,0.451685660266874,1.30108445697626,0.601283991047423,33.3877563865537,51.0347891166449,14.7976986383577,0.969,3.95608738968062,3.43920674799665,0.832442903389189,0.505112958942417
1992-07-30,24.53,359.02,16.32,16.32,1236.27,0.5506519113573407,658.41,27.06629,750.88,3.17552224503765,2.27054970568104,0.715016154973943,0.219528466253919,0.207214753166224,16.85,1.1541095890411,212.45,3.09468317552804,0,-16.0641,4.11759799833194,1.37608385686463,0.451685660266874,1.30108445697626,0.601283991047423,33.3877563865537,51.0347891166449,14.7976986383577,0.969,3.95608738968062,3.43920674799665,0.832442903389189,0.505112958942417
1992-07-31,12.04,356.6,16.65,16.65,1252.31,4.007703260174727,658.41,27.06629,750.88,3.17552224503765,2.27054970568104,0.715016154973943,0.219528466253919,0.207214753166224,16.85,1.1541095890411,212.45,3.09468317552804,0,-16.0641,4.11759799833194,1.37608385686463,0.451685660266874,1.30108445697626,0.601283991047423,33.3877563865537,51.0347891166449,14.7976986383577,0.969,3.95608738968062,3.43920674799665,0.832442903389189,0.505112958942417
1992-08-01,1.57,508.4,15.98,15.98,1090.67,2.5186622927764755,658.41,27.06629,750.88,3.17552224503765,2.27054970568104,0.715016154973943,0.219528466253919,0.207214753166224,16.85,1.1541095890411,212.45,3.09468317552804,0,-16.0641,4.11759799833194,1.37608385686463,0.451685660266874,1.30108445697626,0.601283991047423,33.3877563865537,51.0347891166449,14.7976986383577,0.969,3.95608738968062,3.43920674799665,0.832442903389189,0.505112958942417
1992-08-02,0.0,549.05,14.67,14.67,979.43,1.5313988067334328,658.41,27.06629,750.88,3.17552224503765,2.27054970568104,0.715016154973943,0.219528466253919,0.207214753166224,16.85,1.1541095890411,212.45,3.09468317552804,0,-16.0641,4.11759799833194,1.37608385686463,0.451685660266874,1.30108445697626,0.601283991047423,33.3877563865537,51.0347891166449,14.7976986383577,0.969,3.95608738968062,3.43920674799665,0.832442903389189,0.505112958942417
1992-08-03,1.31,403.17,15.59,15.59,1080.92,1.1632114340507136,658.41,27.06629,750.88,3.17552224503765,2.27054970568104,0.715016154973943,0.219528466253919,0.207214753166224,16.85,1.1541095890411,212.45,3.09468317552804,0,-16.0641,4.11759799833194,1.37608385686463,0.451685660266874,1.30108445697626,0.601283991047423,33.3877563865537,51.0347891166449,14.7976986383577,0.969,3.95608738968062,3.43920674799665,0.832442903389189,0.505112958942417
1992-08-04,6.02,377.37,15.69,15.69,1106.56,1.049171097379075,658.41,27.06629,750.88,3.17552224503765,2.27054970568104,0.715016154973943,0.219528466253919,0.207214753166224,16.85,1.1541095890411,212.45,3.09468317552804,0,-16.0641,4.11759799833194,1.37608385686463,0.451685660266874,1.30108445697626,0.601283991047423,33.3877563865537,51.0347891166449,14.7976986383577,0.969,3.95608738968062,3.43920674799665,0.832442903389189,0.505112958942417
1992-08-05,1.49,510.74,13.54,13.54,951.79,0.9774886000426166,658.41,27.06629,750.88,3.17552224503765,2.27054970568104,0.715016154973943,0.219528466253919,0.207214753166224,16.85,1.1541095890411,212.45,3.09468317552804,0,-16.0641,4.11759799833194,1.37608385686463,0.451685660266874,1.30108445697626,0.601283991047423,33.3877563865537,51.0347891166449,14.7976986383577,0.969,3.95608738968062,3.43920674799665,0.832442903389189,0.505112958942417
1992-08-06,0.0,558.19,13.36,13.36,888.4,0.7200832686980609,658.41,27.06629,750.88,3.17552224503765,2.27054970568104,0.715016154973943,0.219528466253919,0.207214753166224,16.85,1.1541095890411,212.45,3.09468317552804,0,-16.0641,4.11759799833194,1.37608385686463,0.451685660266874,1.30108445697626,0.601283991047423,33.3877563865537,51.0347891166449,14.7976986383577,0.969,3.95608738968062,3.43920674799665,0.832442903389189,0.505112958942417
1992-08-07,0.0,545.49,15.41,15.41,1013.32,0.58649316002557,658.41,27.06629,750.88,3.17552224503765,2.27054970568104,0.715016154973943,0.219528466253919,0.207214753166224,16.85,1.1541095890411,212.45,3.09468317552804,0,-16.0641,4.11759799833194,1.37608385686463,0.451685660266874,1.30108445697626,0.601283991047423,33.3877563865537,51.0347891166449,14.7976986383577,0.969,3.95608738968062,3.43920674799665,0.832442903389189,0.505112958942417
1992-08-08,10.07,388.77,16.7,16.7,1223.16,0.5376187300234391,658.41,27.06629,750.88,3.17552224503765,2.27054970568104,0.715016154973943,0.219528466253919,0.207214753166224,16.85,1.1541095890411,212.45,3.09468317552804,0,-16.0641,4.11759799833194,1.37608385686463,0.451685660266874,1.30108445697626,0.601283991047423,33.3877563865537,51.0347891166449,14.7976986383577,0.969,3.95608738968062,3.43920674799665,0.832442903389189,0.505112958942417
1992-08-09,3.44,263.33,17.58,17.58,1471.39,0.7656994033667164,658.41,27.06629,750.88,3.17552224503765,2.27054970568104,0.715016154973943,0.219528466253919,0.207214753166224,16.85,1.1541095890411,212.45,3.09468317552804,0,-16.0641,4.11759799833194,1.37608385686463,0.451685660266874,1.30108445697626,0.601283991047423,33.3877563865537,51.0347891166449,14.7976986383577,0.969,3.95608738968062,3.43920674799665,0.832442903389189,0.505112958942417
1992-08-10,16.16,351.32,18.6,18.6,1488.93,0.570201683358193,658.41,27.06629,750.88,3.17552224503765,2.27054970568104,0.715016154973943,0.219528466253919,0.207214753166224,16.85,1.1541095890411,212.45,3.09468317552804,0,-16.0641,4.11759799833194,1.37608385686463,0.451685660266874,1.30108445697626,0.601283991047423,33.3877563865537,51.0347891166449,14.7976986383577,0.969,3.95608738968062,3.43920674799665,0.832442903389189,0.505112958942417
1992-08-11,4.45,480.83,19.27,19.27,1359.6,1.8507117494140208,658.41,27.06629,750.88,3.17552224503765,2.27054970568104,0.715016154973943,0.219528466253919,0.207214753166224,16.85,1.1541095890411,212.45,3.09468317552804,0,-16.0641,4.11759799833194,1.37608385686463,0.451685660266874,1.30108445697626,0.601283991047423,33.3877563865537,51.0347891166449,14.7976986383577,0.969,3.95608738968062,3.43920674799665,0.832442903389189,0.505112958942417
1992-08-12,0.07,528.39,16.02,16.02,1066.66,0.9644554187087151,658.41,27.06629,750.88,3.17552224503765,2.27054970568104,0.715016154973943,0.219528466253919,0.207214753166224,16.85,1.1541095890411,212.45,3.09468317552804,0,-16.0641,4.11759799833194,1.37608385686463,0.451685660266874,1.30108445697626,0.601283991047423,33.3877563865537,51.0347891166449,14.7976986383577,0.969,3.95608738968062,3.43920674799665,0.832442903389189,0.505112958942417
1992-08-13,1.84,367.61,13.64,13.64,1016.02,0.7526662220328147,658.41,27.06629,750.88,3.17552224503765,2.27054970568104,0.715016154973943,0.219528466253919,0.207214753166224,16.85,1.1541095890411,212.45,3.09468317552804,0,-16.0641,4.11759799833194,1.37608385686463,0.451685660266874,1.30108445697626,0.601283991047423,33.3877563865537,51.0347891166449,14.7976986383577,0.969,3.95608738968062,3.43920674799665,0.832442903389189,0.505112958942417
1992-08-14,1.06,376.74,13.06,13.06,1069.92,0.7494079266993394,658.41,27.06629,750.88,3.17552224503765,2.27054970568104,0.715016154973943,0.219528466253919,0.207214753166224,16.85,1.1541095890411,212.45,3.09468317552804,0,-16.0641,4.11759799833194,1.37608385686463,0.451685660266874,1.30108445697626,0.601283991047423,33.3877563865537,51.0347891166449,14.7976986383577,0.969,3.95608738968062,3.43920674799665,0.832442903389189,0.505112958942417
1992-08-15,4.96,301.15,13.59,13.59,1150.85,0.6484007713616023,658.41,27.06629,750.88,3.17552224503765,2.27054970568104,0.715016154973943,0.219528466253919,0.207214753166224,16.85,1.1541095890411,212.45,3.09468317552804,0,-16.0641,4.11759799833194,1.37608385686463,0.451685660266874,1.30108445697626,0.601283991047423,33.3877563865537,51.0347891166449,14.7976986383577,0.969,3.95608738968062,3.43920674799665,0.832442903389189,0.505112958942417
1992-08-16,1.35,373.75,14.39,14.39,1203.69,0.7982823567014702,658.41,27.06629,750.88,3.17552224503765,2.27054970568104,0.715016154973943,0.219528466253919,0.207214753166224,16.85,1.1541095890411,212.45,3.09468317552804,0,-16.0641,4.11759799833194,1.37608385686463,0.451685660266874,1.30108445697626,0.601283991047423,33.3877563865537,51.0347891166449,14.7976986383577,0.969,3.95608738968062,3.43920674799665,0.832442903389189,0.505112958942417
1992-08-17,1.14,295.53,15.05,15.05,1265.46,0.6614339526955039,658.41,27.06629,750.88,3.17552224503765,2.27054970568104,0.715016154973943,0.219528466253919,0.207214753166224,16.85,1.1541095890411,212.45,3.09468317552804,0,-16.0641,4.11759799833194,1.37608385686463,0.451685660266874,1.30108445697626,0.601283991047423,33.3877563865537,51.0347891166449,14.7976986383577,0.969,3.95608738968062,3.43920674799665,0.832442903389189,0.505112958942417
1992-08-18,1.1,357.34,16.44,16.44,1265.92,0.5995263413594715,658.41,27.06629,750.88,3.17552224503765,2.27054970568104,0.715016154973943,0.219528466253919,0.207214753166224,16.85,1.1541095890411,212.45,3.09468317552804,0,-16.0641,4.11759799833194,1.37608385686463,0.451685660266874,1.30108445697626,0.601283991047423,33.3877563865537,51.0347891166449,14.7976986383577,0.969,3.95608738968062,3.43920674799665,0.832442903389189,0.505112958942417
1992-08-19,0.27,362.2,15.55,15.55,1126.18,0.5082940720221607,658.41,27.06629,750.88,3.17552224503765,2.27054970568104,0.715016154973943,0.219528466253919,0.207214753166224,16.85,1.1541095890411,212.45,3.09468317552804,0,-16.0641,4.11759799833194,1.37608385686463,0.451685660266874,1.30108445697626,0.601283991047423,33.3877563865537,51.0347891166449,14.7976986383577,0.969,3.95608738968062,3.43920674799665,0.832442903389189,0.505112958942417
1992-08-20,0.02,525.4,12.15,12.15,850.19,0.44964475601960363,658.41,27.06629,750.88,3.17552224503765,2.27054970568104,0.715016154973943,0.219528466253919,0.207214753166224,16.85,1.1541095890411,212.45,3.09468317552804,0,-16.0641,4.11759799833194,1.37608385686463,0.451685660266874,1.30108445697626,0.601283991047423,33.3877563865537,51.0347891166449,14.7976986383577,0.969,3.95608738968062,3.43920674799665,0.832442903389189,0.505112958942417
1992-08-21,0.0,539.39,12.37,12.37,806.17,0.3877371446835713,658.41,27.06629,750.88,3.17552224503765,2.27054970568104,0.715016154973943,0.219528466253919,0.207214753166224,16.85,1.1541095890411,212.45,3.09468317552804,0,-16.0641,4.11759799833194,1.37608385686463,0.451685660266874,1.30108445697626,0.601283991047423,33.3877563865537,51.0347891166449,14.7976986383577,0.969,3.95608738968062,3.43920674799665,0.832442903389189,0.505112958942417
1992-08-22,0.0,537.73,14.18,14.18,893.48,0.3388627146814404,658.41,27.06629,750.88,3.17552224503765,2.27054970568104,0.715016154973943,0.219528466253919,0.207214753166224,16.85,1.1541095890411,212.45,3.09468317552804,0,-16.0641,4.11759799833194,1.37608385686463,0.451685660266874,1.30108445697626,0.601283991047423,33.3877563865537,51.0347891166449,14.7976986383577,0.969,3.95608738968062,3.43920674799665,0.832442903389189,0.505112958942417
1992-08-23,0.0,520.92,16.88,16.88,1079.93,0.29976317067973574,658.41,27.06629,750.88,3.17552224503765,2.27054970568104,0.715016154973943,0.219528466253919,0.207214753166224,16.85,1.1541095890411,212.45,3.09468317552804,0,-16.0641,4.11759799833194,1.37608385686463,0.451685660266874,1.30108445697626,0.601283991047423,33.3877563865537,51.0347891166449,14.7976986383577,0.969,3.95608738968062,3.43920674799665,0.832442903389189,0.505112958942417
1992-08-24,0.07,441.1,18.19,18.19,1254.96,0.2834716940123588,658.41,27.06629,750.88,3.17552224503765,2.27054970568104,0.715016154973943,0.219528466253919,0.207214753166224,16.85,1.1541095890411,212.45,3.09468317552804,0,-16.0641,4.11759799833194,1.37608385686463,0.451685660266874,1.30108445697626,0.601283991047423,33.3877563865537,51.0347891166449,14.7976986383577,0.969,3.95608738968062,3.43920674799665,0.832442903389189,0.505112958942417
1992-08-25,0.85,350.47,20.24,20.24,1512.37,0.2671802173449819,658.41,27.06629,750.88,3.17552224503765,2.27054970568104,0.715016154973943,0.219528466253919,0.207214753166224,16.85,1.1541095890411,212.45,3.09468317552804,0,-16.0641,4.11759799833194,1.37608385686463,0.451685660266874,1.30108445697626,0.601283991047423,33.3877563865537,51.0347891166449,14.7976986383577,0.969,3.95608738968062,3.43920674799665,0.832442903389189,0.505112958942417
1992-08-26,0.22,468.07,20.97,20.97,1580.44,0.2834716940123588,658.41,27.06629,750.88,3.17552224503765,2.27054970568104,0.715016154973943,0.219528466253919,0.207214753166224,16.85,1.1541095890411,212.45,3.09468317552804,0,-16.0641,4.11759799833194,1.37608385686463,0.451685660266874,1.30108445697626,0.601283991047423,33.3877563865537,51.0347891166449,14.7976986383577,0.969,3.95608738968062,3.43920674799665,0.832442903389189,0.505112958942417
1992-08-27,0.55,325.94,21.26,21.26,1658.8,0.2508887406776049,658.41,27.06629,750.88,3.17552224503765,2.27054970568104,0.715016154973943,0.219528466253919,0.207214753166224,16.85,1.1541095890411,212.45,3.09468317552804,0,-16.0641,4.11759799833194,1.37608385686463,0.451685660266874,1.30108445697626,0.601283991047423,33.3877563865537,51.0347891166449,14.7976986383577,0.969,3.95608738968062,3.43920674799665,0.832442903389189,0.505112958942417
1992-08-28,21.23,324.42,19.44,19.44,1465.04,0.3127963520136373,658.41,27.06629,750.88,3.17552224503765,2.27054970568104,0.715016154973943,0.219528466253919,0.207214753166224,16.85,1.1541095890411,212.45,3.09468317552804,0,-16.0641,4.11759799833194,1.37608385686463,0.451685660266874,1.30108445697626,0.601283991047423,33.3877563865537,51.0347891166449,14.7976986383577,0.969,3.95608738968062,3.43920674799665,0.832442903389189,0.505112958942417
1992-08-29,9.08,330.99,15.15,15.15,1156.88,1.1599531387172384,658.41,27.06629,750.88,3.17552224503765,2.27054970568104,0.715016154973943,0.219528466253919,0.207214753166224,16.85,1.1541095890411,212.45,3.09468317552804,0,-16.0641,4.11759799833194,1.37608385686463,0.451685660266874,1.30108445697626,0.601283991047423,33.3877563865537,51.0347891166449,14.7976986383577,0.969,3.95608738968062,3.43920674799665,0.832442903389189,0.505112958942417
1992-08-30,2.99,345.02,14.57,14.57,1108.99,0.5213272533560622,658.41,27.06629,750.88,3.17552224503765,2.27054970568104,0.715016154973943,0.219528466253919,0.207214753166224,16.85,1.1541095890411,212.45,3.09468317552804,0,-16.0641,4.11759799833194,1.37608385686463,0.451685660266874,1.30108445697626,0.601283991047423,33.3877563865537,51.0347891166449,14.7976986383577,0.969,3.95608738968062,3.43920674799665,0.832442903389189,0.505112958942417
1992-08-31,0.56,426.61,14.7,14.7,1077.39,0.4203200980183251,658.41,27.06629,750.88,3.17552224503765,2.27054970568104,0.715016154973943,0.219528466253919,0.207214753166224,16.85,1.1541095890411,212.45,3.09468317552804,0,-16.0641,4.11759799833194,1.37608385686463,0.451685660266874,1.30108445697626,0.601283991047423,33.3877563865537,51.0347891166449,14.7976986383577,0.969,3.95608738968062,3.43920674799665,0.832442903389189,0.505112958942417
1992-09-01,1.47,375.25,12.67,12.67,924.04,0.3421210100149158,658.41,27.06629,750.88,3.17552224503765,2.27054970568104,0.715016154973943,0.219528466253919,0.207214753166224,16.85,1.1541095890411,212.45,3.09468317552804,0,-16.0641,4.11759799833194,1.37608385686463,0.451685660266874,1.30108445697626,0.601283991047423,33.3877563865537,51.0347891166449,14.7976986383577,0.969,3.95608738968062,3.43920674799665,0.832442903389189,0.505112958942417
1992-09-02,3.15,374.46,12.66,12.66,922.77,0.29976317067973574,658.41,27.06629,750.88,3.17552224503765,2.27054970568104,0.715016154973943,0.219528466253919,0.207214753166224,16.85,1.1541095890411,212.45,3.09468317552804,0,-16.0641,4.11759799833194,1.37608385686463,0.451685660266874,1.30108445697626,0.601283991047423,33.3877563865537,51.0347891166449,14.7976986383577,0.969,3.95608738968062,3.43920674799665,0.832442903389189,0.505112958942417
1992-09-03,6.94,336.16,14.85,14.85,1161.3,0.39751203068399743,658.41,27.06629,750.88,3.17552224503765,2.27054970568104,0.715016154973943,0.219528466253919,0.207214753166224,16.85,1.1541095890411,212.45,3.09468317552804,0,-16.0641,4.11759799833194,1.37608385686463,0.451685660266874,1.30108445697626,0.601283991047423,33.3877563865537,51.0347891166449,14.7976986383577,0.969,3.95608738968062,3.43920674799665,0.832442903389189,0.505112958942417
1992-09-04,2.04,286.58,17.01,17.01,1346.97,0.5213272533560622,658.41,27.06629,750.88,3.17552224503765,2.27054970568104,0.715016154973943,0.219528466253919,0.207214753166224,16.85,1.1541095890411,212.45,3.09468317552804,0,-16.0641,4.11759799833194,1.37608385686463,0.451685660266874,1.30108445697626,0.601283991047423,33.3877563865537,51.0347891166449,14.7976986383577,0.969,3.95608738968062,3.43920674799665,0.832442903389189,0.505112958942417
1992-09-05,1.2,348.94,15.03,15.03,1166.75,0.36818737268271895,658.41,27.06629,750.88,3.17552224503765,2.27054970568104,0.715016154973943,0.219528466253919,0.207214753166224,16.85,1.1541095890411,212.45,3.09468317552804,0,-16.0641,4.11759799833194,1.37608385686463,0.451685660266874,1.30108445697626,0.601283991047423,33.3877563865537,51.0347891166449,14.7976986383577,0.969,3.95608738968062,3.43920674799665,0.832442903389189,0.505112958942417
1992-09-06,3.22,342.62,17.68,17.68,1350.07,0.33234612401448965,658.41,27.06629,750.88,3.17552224503765,2.27054970568104,0.715016154973943,0.219528466253919,0.207214753166224,16.85,1.1541095890411,212.45,3.09468317552804,0,-16.0641,4.11759799833194,1.37608385686463,0.451685660266874,1.30108445697626,0.601283991047423,33.3877563865537,51.0347891166449,14.7976986383577,0.969,3.95608738968062,3.43920674799665,0.832442903389189,0.505112958942417
1992-09-07,1.55,239.59,18.09,18.09,1518.38,0.36167078201576813,658.41,27.06629,750.88,3.17552224503765,2.27054970568104,0.715016154973943,0.219528466253919,0.207214753166224,16.85,1.1541095890411,212.45,3.09468317552804,0,-16.0641,4.11759799833194,1.37608385686463,0.451685660266874,1.30108445697626,0.601283991047423,33.3877563865537,51.0347891166449,14.7976986383577,0.969,3.95608738968062,3.43920674799665,0.832442903389189,0.505112958942417
1992-09-08,1.6,305.66,18.17,18.17,1466.17,0.3127963520136373,658.41,27.06629,750.88,3.17552224503765,2.27054970568104,0.715016154973943,0.219528466253919,0.207214753166224,16.85,1.1541095890411,212.45,3.09468317552804,0,-16.0641,4.11759799833194,1.37608385686463,0.451685660266874,1.30108445697626,0.601283991047423,33.3877563865537,51.0347891166449,14.7976986383577,0.969,3.95608738968062,3.43920674799665,0.832442903389189,0.505112958942417
1992-09-09,2.22,331.02,17.93,17.93,1430.5,0.3127963520136373,658.41,27.06629,750.88,3.17552224503765,2.27054970568104,0.715016154973943,0.219528466253919,0.207214753166224,16.85,1.1541095890411,212.45,3.09468317552804,0,-16.0641,4.11759799833194,1.37608385686463,0.451685660266874,1.30108445697626,0.601283991047423,33.3877563865537,51.0347891166449,14.7976986383577,0.969,3.95608738968062,3.43920674799665,0.832442903389189,0.505112958942417
1992-09-10,2.33,284.51,19.57,19.57,1510.57,0.293246580012785,658.41,27.06629,750.88,3.17552224503765,2.27054970568104,0.715016154973943,0.219528466253919,0.207214753166224,16.85,1.1541095890411,212.45,3.09468317552804,0,-16.0641,4.11759799833194,1.37608385686463,0.451685660266874,1.30108445697626,0.601283991047423,33.3877563865537,51.0347891166449,14.7976986383577,0.969,3.95608738968062,3.43920674799665,0.832442903389189,0.505112958942417
1992-09-11,0.49,478.93,14.85,14.85,971.94,0.4854860046878329,658.41,27.06629,750.88,3.17552224503765,2.27054970568104,0.715016154973943,0.219528466253919,0.207214753166224,16.85,1.1541095890411,212.45,3.09468317552804,0,-16.0641,4.11759799833194,1.37608385686463,0.451685660266874,1.30108445697626,0.601283991047423,33.3877563865537,51.0347891166449,14.7976986383577,0.969,3.95608738968062,3.43920674799665,0.832442903389189,0.505112958942417
1992-09-12,0.0,479.15,10.55,10.55,733.4,0.33234612401448965,658.41,27.06629,750.88,3.17552224503765,2.27054970568104,0.715016154973943,0.219528466253919,0.207214753166224,16.85,1.1541095890411,212.45,3.09468317552804,0,-16.0641,4.11759799833194,1.37608385686463,0.451685660266874,1.30108445697626,0.601283991047423,33.3877563865537,51.0347891166449,14.7976986383577,0.969,3.95608738968062,3.43920674799665,0.832442903389189,0.505112958942417
1992-09-13,0.0,487.08,10.71,10.71,732.92,0.2834716940123588,658.41,27.06629,750.88,3.17552224503765,2.27054970568104,0.715016154973943,0.219528466253919,0.207214753166224,16.85,1.1541095890411,212.45,3.09468317552804,0,-16.0641,4.11759799833194,1.37608385686463,0.451685660266874,1.30108445697626,0.601283991047423,33.3877563865537,51.0347891166449,14.7976986383577,0.969,3.95608738968062,3.43920674799665,0.832442903389189,0.505112958942417
1992-09-14,0.0,474.76,12.58,12.58,830.79,0.2606636266780311,658.41,27.06629,750.88,3.17552224503765,2.27054970568104,0.715016154973943,0.219528466253919,0.207214753166224,16.85,1.1541095890411,212.45,3.09468317552804,0,-16.0641,4.11759799833194,1.37608385686463,0.451685660266874,1.30108445697626,0.601283991047423,33.3877563865537,51.0347891166449,14.7976986383577,0.969,3.95608738968062,3.43920674799665,0.832442903389189,0.505112958942417
1992-09-15,0.0,472.27,14.53,14.53,967.65,0.24111385467717877,658.41,27.06629,750.88,3.17552224503765,2.27054970568104,0.715016154973943,0.219528466253919,0.207214753166224,16.85,1.1541095890411,212.45,3.09468317552804,0,-16.0641,4.11759799833194,1.37608385686463,0.451685660266874,1.30108445697626,0.601283991047423,33.3877563865537,51.0347891166449,14.7976986383577,0.969,3.95608738968062,3.43920674799665,0.832442903389189,0.505112958942417
1992-09-16,0.0,434.42,17.83,17.83,1267.88,0.21830578734285105,658.41,27.06629,750.88,3.17552224503765,2.27054970568104,0.715016154973943,0.219528466253919,0.207214753166224,16.85,1.1541095890411,212.45,3.09468317552804,0,-16.0641,4.11759799833194,1.37608385686463,0.451685660266874,1.30108445697626,0.601283991047423,33.3877563865537,51.0347891166449,14.7976986383577,0.969,3.95608738968062,3.43920674799665,0.832442903389189,0.505112958942417
1992-09-17,1.67,323.34,19.42,19.42,1433.98,0.2020143106754741,658.41,27.06629,750.88,3.17552224503765,2.27054970568104,0.715016154973943,0.219528466253919,0.207214753166224,16.85,1.1541095890411,212.45,3.09468317552804,0,-16.0641,4.11759799833194,1.37608385686463,0.451685660266874,1.30108445697626,0.601283991047423,33.3877563865537,51.0347891166449,14.7976986383577,0.969,3.95608738968062,3.43920674799665,0.832442903389189,0.505112958942417
1992-09-18,4.49,305.06,18.15,18.15,1324.97,0.1954977200085233,658.41,27.06629,750.88,3.17552224503765,2.27054970568104,0.715016154973943,0.219528466253919,0.207214753166224,16.85,1.1541095890411,212.45,3.09468317552804,0,-16.0641,4.11759799833194,1.37608385686463,0.451685660266874,1.30108445697626,0.601283991047423,33.3877563865537,51.0347891166449,14.7976986383577,0.969,3.95608738968062,3.43920674799665,0.832442903389189,0.505112958942417
1992-09-19,1.14,427.94,16.03,16.03,1061.57,0.2671802173449819,658.41,27.06629,750.88,3.17552224503765,2.27054970568104,0.715016154973943,0.219528466253919,0.207214753166224,16.85,1.1541095890411,212.45,3.09468317552804,0,-16.0641,4.11759799833194,1.37608385686463,0.451685660266874,1.30108445697626,0.601283991047423,33.3877563865537,51.0347891166449,14.7976986383577,0.969,3.95608738968062,3.43920674799665,0.832442903389189,0.505112958942417
1992-09-20,10.95,341.23,11.22,11.22,798.58,0.24111385467717877,658.41,27.06629,750.88,3.17552224503765,2.27054970568104,0.715016154973943,0.219528466253919,0.207214753166224,16.85,1.1541095890411,212.45,3.09468317552804,0,-16.0641,4.11759799833194,1.37608385686463,0.451685660266874,1.30108445697626,0.601283991047423,33.3877563865537,51.0347891166449,14.7976986383577,0.969,3.95608738968062,3.43920674799665,0.832442903389189,0.505112958942417
1992-09-21,27.54,314.23,12.55,12.55,1011.13,0.24111385467717877,658.41,27.06629,750.88,3.17552224503765,2.27054970568104,0.715016154973943,0.219528466253919,0.207214753166224,16.85,1.1541095890411,212.45,3.09468317552804,0,-16.0641,4.11759799833194,1.37608385686463,0.451685660266874,1.30108445697626,0.601283991047423,33.3877563865537,51.0347891166449,14.7976986383577,0.969,3.95608738968062,3.43920674799665,0.832442903389189,0.505112958942417
1992-09-22,14.2,162.17,16.17,16.17,1347.43,5.70201683358193,658.41,27.06629,750.88,3.17552224503765,2.27054970568104,0.715016154973943,0.219528466253919,0.207214753166224,16.85,1.1541095890411,212.45,3.09468317552804,0,-16.0641,4.11759799833194,1.37608385686463,0.451685660266874,1.30108445697626,0.601283991047423,33.3877563865537,51.0347891166449,14.7976986383577,0.969,3.95608738968062,3.43920674799665,0.832442903389189,0.505112958942417
1992-09-23,2.08,401.57,10.05,10.05,812.67,3.94253735350522,658.41,27.06629,750.88,3.17552224503765,2.27054970568104,0.715016154973943,0.219528466253919,0.207214753166224,16.85,1.1541095890411,212.45,3.09468317552804,0,-16.0641,4.11759799833194,1.37608385686463,0.451685660266874,1.30108445697626,0.601283991047423,33.3877563865537,51.0347891166449,14.7976986383577,0.969,3.95608738968062,3.43920674799665,0.832442903389189,0.505112958942417
1992-09-24,1.18,345.1,5.55,5.55,540.51,2.0755341274238224,658.41,27.06629,750.88,3.17552224503765,2.27054970568104,0.715016154973943,0.219528466253919,0.207214753166224,16.85,1.1541095890411,212.45,3.09468317552804,0,-16.0641,4.11759799833194,1.37608385686463,0.451685660266874,1.30108445697626,0.601283991047423,33.3877563865537,51.0347891166449,14.7976986383577,0.969,3.95608738968062,3.43920674799665,0.832442903389189,0.505112958942417
1992-09-25,7.83,340.66,6.41,6.41,559.16,1.570498350735137,658.41,27.06629,750.88,3.17552224503765,2.27054970568104,0.715016154973943,0.219528466253919,0.207214753166224,16.85,1.1541095890411,212.45,3.09468317552804,0,-16.0641,4.11759799833194,1.37608385686463,0.451685660266874,1.30108445697626,0.601283991047423,33.3877563865537,51.0347891166449,14.7976986383577,0.969,3.95608738968062,3.43920674799665,0.832442903389189,0.505112958942417
1992-09-26,4.46,320.99,8.92,8.92,756.96,1.6356642574046452,658.41,27.06629,750.88,3.17552224503765,2.27054970568104,0.715016154973943,0.219528466253919,0.207214753166224,16.85,1.1541095890411,212.45,3.09468317552804,0,-16.0641,4.11759799833194,1.37608385686463,0.451685660266874,1.30108445697626,0.601283991047423,33.3877563865537,51.0347891166449,14.7976986383577,0.969,3.95608738968062,3.43920674799665,0.832442903389189,0.505112958942417
1992-09-27,2.03,235.18,13.58,13.58,1086.4,1.6389225527381206,658.41,27.06629,750.88,3.17552224503765,2.27054970568104,0.715016154973943,0.219528466253919,0.207214753166224,16.85,1.1541095890411,212.45,3.09468317552804,0,-16.0641,4.11759799833194,1.37608385686463,0.451685660266874,1.30108445697626,0.601283991047423,33.3877563865537,51.0347891166449,14.7976986383577,0.969,3.95608738968062,3.43920674799665,0.832442903389189,0.505112958942417
1992-09-28,0.36,412.43,11.39,11.39,864.18,1.38477551672704,658.41,27.06629,750.88,3.17552224503765,2.27054970568104,0.715016154973943,0.219528466253919,0.207214753166224,16.85,1.1541095890411,212.45,3.09468317552804,0,-16.0641,4.11759799833194,1.37608385686463,0.451685660266874,1.30108445697626,0.601283991047423,33.3877563865537,51.0347891166449,14.7976986383577,0.969,3.95608738968062,3.43920674799665,0.832442903389189,0.505112958942417
1992-09-29,0.0,409.09,10.23,10.23,755.74,1.0622042787129766,658.41,27.06629,750.88,3.17552224503765,2.27054970568104,0.715016154973943,0.219528466253919,0.207214753166224,16.85,1.1541095890411,212.45,3.09468317552804,0,-16.0641,4.11759799833194,1.37608385686463,0.451685660266874,1.30108445697626,0.601283991047423,33.3877563865537,51.0347891166449,14.7976986383577,0.969,3.95608738968062,3.43920674799665,0.832442903389189,0.505112958942417
1992-09-30,0.0,327.97,5.89,5.89,632.09,0.9123226933731089,658.41,27.06629,750.88,3.17552224503765,2.27054970568104,0.715016154973943,0.219528466253919,0.207214753166224,16.85,1.1541095890411,212.45,3.09468317552804,0,-16.0641,4.11759799833194,1.37608385686463,0.451685660266874,1.30108445697626,0.601283991047423,33.3877563865537,51.0347891166449,14.7976986383577,0.969,3.95608738968062,3.43920674799665,0.832442903389189,0.505112958942417
1992-10-01,0.0,399.42,5.19,5.19,595.65,0.8276070147027488,658.41,27.06629,750.88,3.17552224503765,2.27054970568104,0.715016154973943,0.219528466253919,0.207214753166224,16.85,1.1541095890411,212.45,3.09468317552804,0,-16.0641,4.11759799833194,1.37608385686463,0.451685660266874,1.30108445697626,0.601283991047423,33.3877563865537,51.0347891166449,14.7976986383577,0.969,3.95608738968062,3.43920674799665,0.832442903389189,0.505112958942417
1992-10-02,0.0,405.78,7.63,7.63,695.47,0.7396330406989132,658.41,27.06629,750.88,3.17552224503765,2.27054970568104,0.715016154973943,0.219528466253919,0.207214753166224,16.85,1.1541095890411,212.45,3.09468317552804,0,-16.0641,4.11759799833194,1.37608385686463,0.451685660266874,1.30108445697626,0.601283991047423,33.3877563865537,51.0347891166449,14.7976986383577,0.969,3.95608738968062,3.43920674799665,0.832442903389189,0.505112958942417
1992-10-03,0.0,377.78,11.86,11.86,871.5,0.6679505433624546,658.41,27.06629,750.88,3.17552224503765,2.27054970568104,0.715016154973943,0.219528466253919,0.207214753166224,16.85,1.1541095890411,212.45,3.09468317552804,0,-16.0641,4.11759799833194,1.37608385686463,0.451685660266874,1.30108445697626,0.601283991047423,33.3877563865537,51.0347891166449,14.7976986383577,0.969,3.95608738968062,3.43920674799665,0.832442903389189,0.505112958942417
1992-10-04,0.0,410.67,9.09,9.09,654.86,0.5897514553590454,658.41,27.06629,750.88,3.17552224503765,2.27054970568104,0.715016154973943,0.219528466253919,0.207214753166224,16.85,1.1541095890411,212.45,3.09468317552804,0,-16.0641,4.11759799833194,1.37608385686463,0.451685660266874,1.30108445697626,0.601283991047423,33.3877563865537,51.0347891166449,14.7976986383577,0.969,3.95608738968062,3.43920674799665,0.832442903389189,0.505112958942417
1992-10-05,0.0,411.16,4.9,4.9,481.21,0.5278438440230129,658.41,27.06629,750.88,3.17552224503765,2.27054970568104,0.715016154973943,0.219528466253919,0.207214753166224,16.85,1.1541095890411,212.45,3.09468317552804,0,-16.0641,4.11759799833194,1.37608385686463,0.451685660266874,1.30108445697626,0.601283991047423,33.3877563865537,51.0347891166449,14.7976986383577,0.969,3.95608738968062,3.43920674799665,0.832442903389189,0.505112958942417
1992-10-06,0.0,410.92,4.18,4.18,466.78,0.4789694140208821,658.41,27.06629,750.88,3.17552224503765,2.27054970568104,0.715016154973943,0.219528466253919,0.207214753166224,16.85,1.1541095890411,212.45,3.09468317552804,0,-16.0641,4.11759799833194,1.37608385686463,0.451685660266874,1.30108445697626,0.601283991047423,33.3877563865537,51.0347891166449,14.7976986383577,0.969,3.95608738968062,3.43920674799665,0.832442903389189,0.505112958942417
1992-10-07,3.3,317.83,6.71,6.71,548.75,0.44312816535265287,658.41,27.06629,750.88,3.17552224503765,2.27054970568104,0.715016154973943,0.219528466253919,0.207214753166224,16.85,1.1541095890411,212.45,3.09468317552804,0,-16.0641,4.11759799833194,1.37608385686463,0.451685660266874,1.30108445697626,0.601283991047423,33.3877563865537,51.0347891166449,14.7976986383577,0.969,3.95608738968062,3.43920674799665,0.832442903389189,0.505112958942417
1992-10-08,5.69,302.16,9.32,9.32,659.26,0.4138035073513744,658.41,27.06629,750.88,3.17552224503765,2.27054970568104,0.715016154973943,0.219528466253919,0.207214753166224,16.85,1.1541095890411,212.45,3.09468317552804,0,-16.0641,4.11759799833194,1.37608385686463,0.451685660266874,1.30108445697626,0.601283991047423,33.3877563865537,51.0347891166449,14.7976986383577,0.969,3.95608738968062,3.43920674799665,0.832442903389189,0.505112958942417
1992-10-09,9.2,282.43,10.76,10.76,787.87,0.6679505433624546,658.41,27.06629,750.88,3.17552224503765,2.27054970568104,0.715016154973943,0.219528466253919,0.207214753166224,16.85,1.1541095890411,212.45,3.09468317552804,0,-16.0641,4.11759799833194,1.37608385686463,0.451685660266874,1.30108445697626,0.601283991047423,33.3877563865537,51.0347891166449,14.7976986383577,0.969,3.95608738968062,3.43920674799665,0.832442903389189,0.505112958942417
1992-10-10,3.29,252.91,10.66,10.66,861.62,0.7265998593650117,658.41,27.06629,750.88,3.17552224503765,2.27054970568104,0.715016154973943,0.219528466253919,0.207214753166224,16.85,1.1541095890411,212.45,3.09468317552804,0,-16.0641,4.11759799833194,1.37608385686463,0.451685660266874,1.30108445697626,0.601283991047423,33.3877563865537,51.0347891166449,14.7976986383577,0.969,3.95608738968062,3.43920674799665,0.832442903389189,0.505112958942417
1992-10-11,0.74,230.47,10.49,10.49,885.33,0.5311021393564883,658.41,27.06629,750.88,3.17552224503765,2.27054970568104,0.715016154973943,0.219528466253919,0.207214753166224,16.85,1.1541095890411,212.45,3.09468317552804,0,-16.0641,4.11759799833194,1.37608385686463,0.451685660266874,1.30108445697626,0.601283991047423,33.3877563865537,51.0347891166449,14.7976986383577,0.969,3.95608738968062,3.43920674799665,0.832442903389189,0.505112958942417
1992-10-12,0.42,227.0,8.73,8.73,783.54,0.47571111868740673,658.41,27.06629,750.88,3.17552224503765,2.27054970568104,0.715016154973943,0.219528466253919,0.207214753166224,16.85,1.1541095890411,212.45,3.09468317552804,0,-16.0641,4.11759799833194,1.37608385686463,0.451685660266874,1.30108445697626,0.601283991047423,33.3877563865537,51.0347891166449,14.7976986383577,0.969,3.95608738968062,3.43920674799665,0.832442903389189,0.505112958942417
1992-10-13,1.67,268.74,6.16,6.16,627.62,0.42683668868527586,658.41,27.06629,750.88,3.17552224503765,2.27054970568104,0.715016154973943,0.219528466253919,0.207214753166224,16.85,1.1541095890411,212.45,3.09468317552804,0,-16.0641,4.11759799833194,1.37608385686463,0.451685660266874,1.30108445697626,0.601283991047423,33.3877563865537,51.0347891166449,14.7976986383577,0.969,3.95608738968062,3.43920674799665,0.832442903389189,0.505112958942417
1992-10-14,10.39,269.09,5.38,5.38,586.72,0.39751203068399743,658.41,27.06629,750.88,3.17552224503765,2.27054970568104,0.715016154973943,0.219528466253919,0.207214753166224,16.85,1.1541095890411,212.45,3.09468317552804,0,-16.0641,4.11759799833194,1.37608385686463,0.451685660266874,1.30108445697626,0.601283991047423,33.3877563865537,51.0347891166449,14.7976986383577,0.969,3.95608738968062,3.43920674799665,0.832442903389189,0.505112958942417
1992-10-15,9.98,265.63,7.81,7.81,709.19,0.9644554187087151,658.41,27.06629,750.88,3.17552224503765,2.27054970568104,0.715016154973943,0.219528466253919,0.207214753166224,16.85,1.1541095890411,212.45,3.09468317552804,0,-16.0641,4.11759799833194,1.37608385686463,0.451685660266874,1.30108445697626,0.601283991047423,33.3877563865537,51.0347891166449,14.7976986383577,0.969,3.95608738968062,3.43920674799665,0.832442903389189,0.505112958942417
1992-10-16,7.91,249.33,10.8,10.8,819.87,1.9875601534199872,658.41,27.06629,750.88,3.17552224503765,2.27054970568104,0.715016154973943,0.219528466253919,0.207214753166224,16.85,1.1541095890411,212.45,3.09468317552804,0,-16.0641,4.11759799833194,1.37608385686463,0.451685660266874,1.30108445697626,0.601283991047423,33.3877563865537,51.0347891166449,14.7976986383577,0.969,3.95608738968062,3.43920674799665,0.832442903389189,0.505112958942417
1992-10-17,2.14,235.43,5.72,5.72,604.19,2.297098210100149,658.41,27.06629,750.88,3.17552224503765,2.27054970568104,0.715016154973943,0.219528466253919,0.207214753166224,16.85,1.1541095890411,212.45,3.09468317552804,0,-16.0641,4.11759799833194,1.37608385686463,0.451685660266874,1.30108445697626,0.601283991047423,33.3877563865537,51.0347891166449,14.7976986383577,0.969,3.95608738968062,3.43920674799665,0.832442903389189,0.505112958942417
1992-10-18,2.15,202.96,2.04,2.04,494.41,1.4922992627317277,658.41,27.06629,750.88,3.17552224503765,2.27054970568104,0.715016154973943,0.219528466253919,0.207214753166224,16.85,1.1541095890411,212.45,3.09468317552804,0,-16.0641,4.11759799833194,1.37608385686463,0.451685660266874,1.30108445697626,0.601283991047423,33.3877563865537,51.0347891166449,14.7976986383577,0.969,3.95608738968062,3.43920674799665,0.832442903389189,0.505112958942417
1992-10-19,2.1,161.44,-0.17,-0.17,429.36,1.4434248327295973,658.41,27.06629,750.88,3.17552224503765,2.27054970568104,0.715016154973943,0.219528466253919,0.207214753166224,16.85,1.1541095890411,212.45,3.09468317552804,0,-16.0641,4.11759799833194,1.37608385686463,0.451685660266874,1.30108445697626,0.601283991047423,33.3877563865537,51.0347891166449,14.7976986383577,0.969,3.95608738968062,3.43920674799665,0.832442903389189,0.505112958942417
1992-10-20,1.24,276.19,-3.3,-3.3,330.75,1.2283773407202214,658.41,27.06629,750.88,3.17552224503765,2.27054970568104,0.715016154973943,0.219528466253919,0.207214753166224,16.85,1.1541095890411,212.45,3.09468317552804,0,-16.0641,4.11759799833194,1.37608385686463,0.451685660266874,1.30108445697626,0.601283991047423,33.3877563865537,51.0347891166449,14.7976986383577,0.969,3.95608738968062,3.43920674799665,0.832442903389189,0.505112958942417
1992-10-21,0.58,225.72,-0.09,-0.09,436.47,1.1795029107180908,658.41,27.06629,750.88,3.17552224503765,2.27054970568104,0.715016154973943,0.219528466253919,0.207214753166224,16.85,1.1541095890411,212.45,3.09468317552804,0,-16.0641,4.11759799833194,1.37608385686463,0.451685660266874,1.30108445697626,0.601283991047423,33.3877563865537,51.0347891166449,14.7976986383577,0.969,3.95608738968062,3.43920674799665,0.832442903389189,0.505112958942417
1992-10-22,1.28,238.75,2.06,2.06,501.16,1.133886776049435,658.41,27.06629,750.88,3.17552224503765,2.27054970568104,0.715016154973943,0.219528466253919,0.207214753166224,16.85,1.1541095890411,212.45,3.09468317552804,0,-16.0641,4.11759799833194,1.37608385686463,0.451685660266874,1.30108445697626,0.601283991047423,33.3877563865537,51.0347891166449,14.7976986383577,0.969,3.95608738968062,3.43920674799665,0.832442903389189,0.505112958942417
1992-10-23,4.74,261.9,5.35,5.35,546.99,1.0035549627104197,658.41,27.06629,750.88,3.17552224503765,2.27054970568104,0.715016154973943,0.219528466253919,0.207214753166224,16.85,1.1541095890411,212.45,3.09468317552804,0,-16.0641,4.11759799833194,1.37608385686463,0.451685660266874,1.30108445697626,0.601283991047423,33.3877563865537,51.0347891166449,14.7976986383577,0.969,3.95608738968062,3.43920674799665,0.832442903389189,0.505112958942417
1992-10-24,7.17,251.13,7.42,7.42,605.35,1.8474534540805454,658.41,27.06629,750.88,3.17552224503765,2.27054970568104,0.715016154973943,0.219528466253919,0.207214753166224,16.85,1.1541095890411,212.45,3.09468317552804,0,-16.0641,4.11759799833194,1.37608385686463,0.451685660266874,1.30108445697626,0.601283991047423,33.3877563865537,51.0347891166449,14.7976986383577,0.969,3.95608738968062,3.43920674799665,0.832442903389189,0.505112958942417
1992-10-25,1.61,250.2,3.84,3.84,515.05,2.5512452461112294,658.41,27.06629,750.88,3.17552224503765,2.27054970568104,0.715016154973943,0.219528466253919,0.207214753166224,16.85,1.1541095890411,212.45,3.09468317552804,0,-16.0641,4.11759799833194,1.37608385686463,0.451685660266874,1.30108445697626,0.601283991047423,33.3877563865537,51.0347891166449,14.7976986383577,0.969,3.95608738968062,3.43920674799665,0.832442903389189,0.505112958942417
1992-10-26,0.02,296.56,1.94,1.94,440.35,1.7334131174089067,658.41,27.06629,750.88,3.17552224503765,2.27054970568104,0.715016154973943,0.219528466253919,0.207214753166224,16.85,1.1541095890411,212.45,3.09468317552804,0,-16.0641,4.11759799833194,1.37608385686463,0.451685660266874,1.30108445697626,0.601283991047423,33.3877563865537,51.0347891166449,14.7976986383577,0.969,3.95608738968062,3.43920674799665,0.832442903389189,0.505112958942417
1992-10-27,0.0,330.38,2.29,2.29,423.93,1.5313988067334328,658.41,27.06629,750.88,3.17552224503765,2.27054970568104,0.715016154973943,0.219528466253919,0.207214753166224,16.85,1.1541095890411,212.45,3.09468317552804,0,-16.0641,4.11759799833194,1.37608385686463,0.451685660266874,1.30108445697626,0.601283991047423,33.3877563865537,51.0347891166449,14.7976986383577,0.969,3.95608738968062,3.43920674799665,0.832442903389189,0.505112958942417
1992-10-28,0.54,252.85,2.97,2.97,444.62,1.38477551672704,658.41,27.06629,750.88,3.17552224503765,2.27054970568104,0.715016154973943,0.219528466253919,0.207214753166224,16.85,1.1541095890411,212.45,3.09468317552804,0,-16.0641,4.11759799833194,1.37608385686463,0.451685660266874,1.30108445697626,0.601283991047423,33.3877563865537,51.0347891166449,14.7976986383577,0.969,3.95608738968062,3.43920674799665,0.832442903389189,0.505112958942417
1992-10-29,1.13,220.7,3.85,3.85,521.29,1.273993475388877,658.41,27.06629,750.88,3.17552224503765,2.27054970568104,0.715016154973943,0.219528466253919,0.207214753166224,16.85,1.1541095890411,212.45,3.09468317552804,0,-16.0641,4.11759799833194,1.37608385686463,0.451685660266874,1.30108445697626,0.601283991047423,33.3877563865537,51.0347891166449,14.7976986383577,0.969,3.95608738968062,3.43920674799665,0.832442903389189,0.505112958942417
1992-10-30,0.26,178.44,3.27,3.27,569.65,1.2479271127210738,658.41,27.06629,750.88,3.17552224503765,2.27054970568104,0.715016154973943,0.219528466253919,0.207214753166224,16.85,1.1541095890411,212.45,3.09468317552804,0,-16.0641,4.11759799833194,1.37608385686463,0.451685660266874,1.30108445697626,0.601283991047423,33.3877563865537,51.0347891166449,14.7976986383577,0.969,3.95608738968062,3.43920674799665,0.832442903389189,0.505112958942417
1992-10-31,0.0,189.54,1.12,1.12,512.14,1.1045621180481566,658.41,27.06629,750.88,3.17552224503765,2.27054970568104,0.715016154973943,0.219528466253919,0.207214753166224,16.85,1.1541095890411,212.45,3.09468317552804,0,-16.0641,4.11759799833194,1.37608385686463,0.451685660266874,1.30108445697626,0.601283991047423,33.3877563865537,51.0347891166449,14.7976986383577,0.969,3.95608738968062,3.43920674799665,0.832442903389189,0.505112958942417
1992-11-01,5.53,138.04,0.72,0.72,503.68,0.9872634860430427,658.41,27.06629,750.88,3.17552224503765,2.27054970568104,0.715016154973943,0.219528466253919,0.207214753166224,16.85,1.1541095890411,212.45,3.09468317552804,0,-16.0641,4.11759799833194,1.37608385686463,0.451685660266874,1.30108445697626,0.601283991047423,33.3877563865537,51.0347891166449,14.7976986383577,0.969,3.95608738968062,3.43920674799665,0.832442903389189,0.505112958942417
1992-11-02,13.34,126.08,0.83,0.83,530.24,1.3717423353931386,658.41,27.06629,750.88,3.17552224503765,2.27054970568104,0.715016154973943,0.219528466253919,0.207214753166224,16.85,1.1541095890411,212.45,3.09468317552804,0,-16.0641,4.11759799833194,1.37608385686463,0.451685660266874,1.30108445697626,0.601283991047423,33.3877563865537,51.0347891166449,14.7976986383577,0.969,3.95608738968062,3.43920674799665,0.832442903389189,0.505112958942417
1992-11-03,3.41,228.14,3.88,3.88,640.99,3.6492907734924356,658.41,27.06629,750.88,3.17552224503765,2.27054970568104,0.715016154973943,0.219528466253919,0.207214753166224,16.85,1.1541095890411,212.45,3.09468317552804,0,-16.0641,4.11759799833194,1.37608385686463,0.451685660266874,1.30108445697626,0.601283991047423,33.3877563865537,51.0347891166449,14.7976986383577,0.969,3.95608738968062,3.43920674799665,0.832442903389189,0.505112958942417
1992-11-04,1.66,211.43,8.72,8.72,777.22,2.1667663967611337,658.41,27.06629,750.88,3.17552224503765,2.27054970568104,0.715016154973943,0.219528466253919,0.207214753166224,16.85,1.1541095890411,212.45,3.09468317552804,0,-16.0641,4.11759799833194,1.37608385686463,0.451685660266874,1.30108445697626,0.601283991047423,33.3877563865537,51.0347891166449,14.7976986383577,0.969,3.95608738968062,3.43920674799665,0.832442903389189,0.505112958942417
1992-11-05,6.39,216.51,7.47,7.47,662.24,2.1016004900916254,658.41,27.06629,750.88,3.17552224503765,2.27054970568104,0.715016154973943,0.219528466253919,0.207214753166224,16.85,1.1541095890411,212.45,3.09468317552804,0,-16.0641,4.11759799833194,1.37608385686463,0.451685660266874,1.30108445697626,0.601283991047423,33.3877563865537,51.0347891166449,14.7976986383577,0.969,3.95608738968062,3.43920674799665,0.832442903389189,0.505112958942417
1992-11-06,2.09,112.42,2.33,2.33,517.78,2.3524892307692307,658.41,27.06629,750.88,3.17552224503765,2.27054970568104,0.715016154973943,0.219528466253919,0.207214753166224,16.85,1.1541095890411,212.45,3.09468317552804,0,-16.0641,4.11759799833194,1.37608385686463,0.451685660266874,1.30108445697626,0.601283991047423,33.3877563865537,51.0347891166449,14.7976986383577,0.969,3.95608738968062,3.43920674799665,0.832442903389189,0.505112958942417
1992-11-07,0.2,194.35,-2.3,-2.3,362.34,2.059242650756446,658.41,27.06629,750.88,3.17552224503765,2.27054970568104,0.715016154973943,0.219528466253919,0.207214753166224,16.85,1.1541095890411,212.45,3.09468317552804,0,-16.0641,4.11759799833194,1.37608385686463,0.451685660266874,1.30108445697626,0.601283991047423,33.3877563865537,51.0347891166449,14.7976986383577,0.969,3.95608738968062,3.43920674799665,0.832442903389189,0.505112958942417
1992-11-08,0.02,291.25,-5.62,-5.62,256.9,1.6943135734072021,658.41,27.06629,750.88,3.17552224503765,2.27054970568104,0.715016154973943,0.219528466253919,0.207214753166224,16.85,1.1541095890411,212.45,3.09468317552804,0,-16.0641,4.11759799833194,1.37608385686463,0.451685660266874,1.30108445697626,0.601283991047423,33.3877563865537,51.0347891166449,14.7976986383577,0.969,3.95608738968062,3.43920674799665,0.832442903389189,0.505112958942417
1992-11-09,0.0,299.94,-4.76,-4.76,278.58,1.508590739399105,658.41,27.06629,750.88,3.17552224503765,2.27054970568104,0.715016154973943,0.219528466253919,0.207214753166224,16.85,1.1541095890411,212.45,3.09468317552804,0,-16.0641,4.11759799833194,1.37608385686463,0.451685660266874,1.30108445697626,0.601283991047423,33.3877563865537,51.0347891166449,14.7976986383577,0.969,3.95608738968062,3.43920674799665,0.832442903389189,0.505112958942417
1992-11-10,0.27,188.67,-0.65,-0.65,436.07,1.449941423396548,658.41,27.06629,750.88,3.17552224503765,2.27054970568104,0.715016154973943,0.219528466253919,0.207214753166224,16.85,1.1541095890411,212.45,3.09468317552804,0,-16.0641,4.11759799833194,1.37608385686463,0.451685660266874,1.30108445697626,0.601283991047423,33.3877563865537,51.0347891166449,14.7976986383577,0.969,3.95608738968062,3.43920674799665,0.832442903389189,0.505112958942417
1992-11-11,6.95,153.83,4.66,4.66,689.03,1.4727494907308758,658.41,27.06629,750.88,3.17552224503765,2.27054970568104,0.715016154973943,0.219528466253919,0.207214753166224,16.85,1.1541095890411,212.45,3.09468317552804,0,-16.0641,4.11759799833194,1.37608385686463,0.451685660266874,1.30108445697626,0.601283991047423,33.3877563865537,51.0347891166449,14.7976986383577,0.969,3.95608738968062,3.43920674799665,0.832442903389189,0.505112958942417
1992-11-12,11.43,118.01,7.77,7.77,831.64,2.2482237800980185,658.41,27.06629,750.88,3.17552224503765,2.27054970568104,0.715016154973943,0.219528466253919,0.207214753166224,16.85,1.1541095890411,212.45,3.09468317552804,0,-16.0641,4.11759799833194,1.37608385686463,0.451685660266874,1.30108445697626,0.601283991047423,33.3877563865537,51.0347891166449,14.7976986383577,0.969,3.95608738968062,3.43920674799665,0.832442903389189,0.505112958942417
1992-11-13,2.77,256.47,6.28,6.28,607.1,5.343604346899637,658.41,27.06629,750.88,3.17552224503765,2.27054970568104,0.715016154973943,0.219528466253919,0.207214753166224,16.85,1.1541095890411,212.45,3.09468317552804,0,-16.0641,4.11759799833194,1.37608385686463,0.451685660266874,1.30108445697626,0.601283991047423,33.3877563865537,51.0347891166449,14.7976986383577,0.969,3.95608738968062,3.43920674799665,0.832442903389189,0.505112958942417
1992-11-14,0.06,228.74,0.71,0.71,415.86,2.916174323460473,658.41,27.06629,750.88,3.17552224503765,2.27054970568104,0.715016154973943,0.219528466253919,0.207214753166224,16.85,1.1541095890411,212.45,3.09468317552804,0,-16.0641,4.11759799833194,1.37608385686463,0.451685660266874,1.30108445697626,0.601283991047423,33.3877563865537,51.0347891166449,14.7976986383577,0.969,3.95608738968062,3.43920674799665,0.832442903389189,0.505112958942417
1992-11-15,2.0,198.03,-3.33,-3.33,325.69,2.4469797954400168,658.41,27.06629,750.88,3.17552224503765,2.27054970568104,0.715016154973943,0.219528466253919,0.207214753166224,16.85,1.1541095890411,212.45,3.09468317552804,0,-16.0641,4.11759799833194,1.37608385686463,0.451685660266874,1.30108445697626,0.601283991047423,33.3877563865537,51.0347891166449,14.7976986383577,0.969,3.95608738968062,3.43920674799665,0.832442903389189,0.505112958942417
1992-11-16,1.86,229.91,-5.7,-5.7,262.18,2.1113753760920515,658.41,27.06629,750.88,3.17552224503765,2.27054970568104,0.715016154973943,0.219528466253919,0.207214753166224,16.85,1.1541095890411,212.45,3.09468317552804,0,-16.0641,4.11759799833194,1.37608385686463,0.451685660266874,1.30108445697626,0.601283991047423,33.3877563865537,51.0347891166449,14.7976986383577,0.969,3.95608738968062,3.43920674799665,0.832442903389189,0.505112958942417
1992-11-17,3.94,232.96,-4.29,-4.29,304.94,1.9386857234178563,658.41,27.06629,750.88,3.17552224503765,2.27054970568104,0.715016154973943,0.219528466253919,0.207214753166224,16.85,1.1541095890411,212.45,3.09468317552804,0,-16.0641,4.11759799833194,1.37608385686463,0.451685660266874,1.30108445697626,0.601283991047423,33.3877563865537,51.0347891166449,14.7976986383577,0.969,3.95608738968062,3.43920674799665,0.832442903389189,0.505112958942417
1992-11-18,1.07,153.34,-0.46,-0.46,454.31,1.8930695887492006,658.41,27.06629,750.88,3.17552224503765,2.27054970568104,0.715016154973943,0.219528466253919,0.207214753166224,16.85,1.1541095890411,212.45,3.09468317552804,0,-16.0641,4.11759799833194,1.37608385686463,0.451685660266874,1.30108445697626,0.601283991047423,33.3877563865537,51.0347891166449,14.7976986383577,0.969,3.95608738968062,3.43920674799665,0.832442903389189,0.505112958942417
1992-11-19,0.04,209.88,-1.12,-1.12,427.76,1.7399297080758576,658.41,27.06629,750.88,3.17552224503765,2.27054970568104,0.715016154973943,0.219528466253919,0.207214753166224,16.85,1.1541095890411,212.45,3.09468317552804,0,-16.0641,4.11759799833194,1.37608385686463,0.451685660266874,1.30108445697626,0.601283991047423,33.3877563865537,51.0347891166449,14.7976986383577,0.969,3.95608738968062,3.43920674799665,0.832442903389189,0.505112958942417
1992-11-20,0.09,228.37,-2.01,-2.01,376.29,1.5476902834008097,658.41,27.06629,750.88,3.17552224503765,2.27054970568104,0.715016154973943,0.219528466253919,0.207214753166224,16.85,1.1541095890411,212.45,3.09468317552804,0,-16.0641,4.11759799833194,1.37608385686463,0.451685660266874,1.30108445697626,0.601283991047423,33.3877563865537,51.0347891166449,14.7976986383577,0.969,3.95608738968062,3.43920674799665,0.832442903389189,0.505112958942417
1992-11-21,1.45,221.18,1.24,1.24,513.85,1.5216239207330067,658.41,27.06629,750.88,3.17552224503765,2.27054970568104,0.715016154973943,0.219528466253919,0.207214753166224,16.85,1.1541095890411,212.45,3.09468317552804,0,-16.0641,4.11759799833194,1.37608385686463,0.451685660266874,1.30108445697626,0.601283991047423,33.3877563865537,51.0347891166449,14.7976986383577,0.969,3.95608738968062,3.43920674799665,0.832442903389189,0.505112958942417
1992-11-22,15.27,138.13,7.75,7.75,856.55,2.802133986788834,658.41,27.06629,750.88,3.17552224503765,2.27054970568104,0.715016154973943,0.219528466253919,0.207214753166224,16.85,1.1541095890411,212.45,3.09468317552804,0,-16.0641,4.11759799833194,1.37608385686463,0.451685660266874,1.30108445697626,0.601283991047423,33.3877563865537,51.0347891166449,14.7976986383577,0.969,3.95608738968062,3.43920674799665,0.832442903389189,0.505112958942417
1992-11-23,5.89,146.08,9.36,9.36,911.96,7.135666780311101,658.41,27.06629,750.88,3.17552224503765,2.27054970568104,0.715016154973943,0.219528466253919,0.207214753166224,16.85,1.1541095890411,212.45,3.09468317552804,0,-16.0641,4.11759799833194,1.37608385686463,0.451685660266874,1.30108445697626,0.601283991047423,33.3877563865537,51.0347891166449,14.7976986383577,0.969,3.95608738968062,3.43920674799665,0.832442903389189,0.505112958942417
1992-11-24,6.94,130.78,6.54,6.54,771.65,3.844788493500958,658.41,27.06629,750.88,3.17552224503765,2.27054970568104,0.715016154973943,0.219528466253919,0.207214753166224,16.85,1.1541095890411,212.45,3.09468317552804,0,-16.0641,4.11759799833194,1.37608385686463,0.451685660266874,1.30108445697626,0.601283991047423,33.3877563865537,51.0347891166449,14.7976986383577,0.969,3.95608738968062,3.43920674799665,0.832442903389189,0.505112958942417
1992-11-25,2.17,95.69,6.08,6.08,798.75,4.626779373535052,658.41,27.06629,750.88,3.17552224503765,2.27054970568104,0.715016154973943,0.219528466253919,0.207214753166224,16.85,1.1541095890411,212.45,3.09468317552804,0,-16.0641,4.11759799833194,1.37608385686463,0.451685660266874,1.30108445697626,0.601283991047423,33.3877563865537,51.0347891166449,14.7976986383577,0.969,3.95608738968062,3.43920674799665,0.832442903389189,0.505112958942417
1992-11-26,0.47,101.73,7.46,7.46,858.42,3.35604419347965,658.41,27.06629,750.88,3.17552224503765,2.27054970568104,0.715016154973943,0.219528466253919,0.207214753166224,16.85,1.1541095890411,212.45,3.09468317552804,0,-16.0641,4.11759799833194,1.37608385686463,0.451685660266874,1.30108445697626,0.601283991047423,33.3877563865537,51.0347891166449,14.7976986383577,0.969,3.95608738968062,3.43920674799665,0.832442903389189,0.505112958942417
1992-11-27,0.13,192.83,5.95,5.95,705.87,2.831458644790113,658.41,27.06629,750.88,3.17552224503765,2.27054970568104,0.715016154973943,0.219528466253919,0.207214753166224,16.85,1.1541095890411,212.45,3.09468317552804,0,-16.0641,4.11759799833194,1.37608385686463,0.451685660266874,1.30108445697626,0.601283991047423,33.3877563865537,51.0347891166449,14.7976986383577,0.969,3.95608738968062,3.43920674799665,0.832442903389189,0.505112958942417
1992-11-28,0.4,83.68,2.76,2.76,597.18,2.407880251438312,658.41,27.06629,750.88,3.17552224503765,2.27054970568104,0.715016154973943,0.219528466253919,0.207214753166224,16.85,1.1541095890411,212.45,3.09468317552804,0,-16.0641,4.11759799833194,1.37608385686463,0.451685660266874,1.30108445697626,0.601283991047423,33.3877563865537,51.0347891166449,14.7976986383577,0.969,3.95608738968062,3.43920674799665,0.832442903389189,0.505112958942417
1992-11-29,0.43,101.37,0.2,0.2,510.49,2.117891966759003,658.41,27.06629,750.88,3.17552224503765,2.27054970568104,0.715016154973943,0.219528466253919,0.207214753166224,16.85,1.1541095890411,212.45,3.09468317552804,0,-16.0641,4.11759799833194,1.37608385686463,0.451685660266874,1.30108445697626,0.601283991047423,33.3877563865537,51.0347891166449,14.7976986383577,0.969,3.95608738968062,3.43920674799665,0.832442903389189,0.505112958942417
1992-11-30,0.09,130.16,-0.92,-0.92,471.04,1.8735198167483487,658.41,27.06629,750.88,3.17552224503765,2.27054970568104,0.715016154973943,0.219528466253919,0.207214753166224,16.85,1.1541095890411,212.45,3.09468317552804,0,-16.0641,4.11759799833194,1.37608385686463,0.451685660266874,1.30108445697626,0.601283991047423,33.3877563865537,51.0347891166449,14.7976986383577,0.969,3.95608738968062,3.43920674799665,0.832442903389189,0.505112958942417
1992-12-01,0.0,149.12,-0.01,-0.01,491.68,1.678022096739825,658.41,27.06629,750.88,3.17552224503765,2.27054970568104,0.715016154973943,0.219528466253919,0.207214753166224,16.85,1.1541095890411,212.45,3.09468317552804,0,-16.0641,4.11759799833194,1.37608385686463,0.451685660266874,1.30108445697626,0.601283991047423,33.3877563865537,51.0347891166449,14.7976986383577,0.969,3.95608738968062,3.43920674799665,0.832442903389189,0.505112958942417
1992-12-02,0.49,143.25,-0.42,-0.42,457.27,1.5020741487321543,658.41,27.06629,750.88,3.17552224503765,2.27054970568104,0.715016154973943,0.219528466253919,0.207214753166224,16.85,1.1541095890411,212.45,3.09468317552804,0,-16.0641,4.11759799833194,1.37608385686463,0.451685660266874,1.30108445697626,0.601283991047423,33.3877563865537,51.0347891166449,14.7976986383577,0.969,3.95608738968062,3.43920674799665,0.832442903389189,0.505112958942417
1992-12-03,0.19,113.61,-0.86,-0.86,442.9,1.365225744726188,658.41,27.06629,750.88,3.17552224503765,2.27054970568104,0.715016154973943,0.219528466253919,0.207214753166224,16.85,1.1541095890411,212.45,3.09468317552804,0,-16.0641,4.11759799833194,1.37608385686463,0.451685660266874,1.30108445697626,0.601283991047423,33.3877563865537,51.0347891166449,14.7976986383577,0.969,3.95608738968062,3.43920674799665,0.832442903389189,0.505112958942417
1992-12-04,5.13,177.95,-3.07,-3.07,365.82,1.2218607500532708,658.41,27.06629,750.88,3.17552224503765,2.27054970568104,0.715016154973943,0.219528466253919,0.207214753166224,16.85,1.1541095890411,212.45,3.09468317552804,0,-16.0641,4.11759799833194,1.37608385686463,0.451685660266874,1.30108445697626,0.601283991047423,33.3877563865537,51.0347891166449,14.7976986383577,0.969,3.95608738968062,3.43920674799665,0.832442903389189,0.505112958942417
1992-12-05,3.45,176.15,-3.45,-3.45,329.27,1.1762446153846153,658.41,27.06629,750.88,3.17552224503765,2.27054970568104,0.715016154973943,0.219528466253919,0.207214753166224,16.85,1.1541095890411,212.45,3.09468317552804,0,-16.0641,4.11759799833194,1.37608385686463,0.451685660266874,1.30108445697626,0.601283991047423,33.3877563865537,51.0347891166449,14.7976986383577,0.969,3.95608738968062,3.43920674799665,0.832442903389189,0.505112958942417
1992-12-06,0.55,278.6,-9.07,-9.07,196.21,1.0100715533773705,658.41,27.06629,750.88,3.17552224503765,2.27054970568104,0.715016154973943,0.219528466253919,0.207214753166224,16.85,1.1541095890411,212.45,3.09468317552804,0,-16.0641,4.11759799833194,1.37608385686463,0.451685660266874,1.30108445697626,0.601283991047423,33.3877563865537,51.0347891166449,14.7976986383577,0.969,3.95608738968062,3.43920674799665,0.832442903389189,0.505112958942417
1992-12-07,0.52,199.57,-6.83,-6.83,253.89,0.9774886000426166,658.41,27.06629,750.88,3.17552224503765,2.27054970568104,0.715016154973943,0.219528466253919,0.207214753166224,16.85,1.1541095890411,212.45,3.09468317552804,0,-16.0641,4.11759799833194,1.37608385686463,0.451685660266874,1.30108445697626,0.601283991047423,33.3877563865537,51.0347891166449,14.7976986383577,0.969,3.95608738968062,3.43920674799665,0.832442903389189,0.505112958942417
1992-12-08,0.21,166.9,-4.19,-4.19,331.42,0.9449056467078627,658.41,27.06629,750.88,3.17552224503765,2.27054970568104,0.715016154973943,0.219528466253919,0.207214753166224,16.85,1.1541095890411,212.45,3.09468317552804,0,-16.0641,4.11759799833194,1.37608385686463,0.451685660266874,1.30108445697626,0.601283991047423,33.3877563865537,51.0347891166449,14.7976986383577,0.969,3.95608738968062,3.43920674799665,0.832442903389189,0.505112958942417
1992-12-09,0.13,225.62,-5.92,-5.92,277.93,0.8732231493714042,658.41,27.06629,750.88,3.17552224503765,2.27054970568104,0.715016154973943,0.219528466253919,0.207214753166224,16.85,1.1541095890411,212.45,3.09468317552804,0,-16.0641,4.11759799833194,1.37608385686463,0.451685660266874,1.30108445697626,0.601283991047423,33.3877563865537,51.0347891166449,14.7976986383577,0.969,3.95608738968062,3.43920674799665,0.832442903389189,0.505112958942417
1992-12-10,12.91,214.54,-5.39,-5.39,288.54,0.7754742893671426,658.41,27.06629,750.88,3.17552224503765,2.27054970568104,0.715016154973943,0.219528466253919,0.207214753166224,16.85,1.1541095890411,212.45,3.09468317552804,0,-16.0641,4.11759799833194,1.37608385686463,0.451685660266874,1.30108445697626,0.601283991047423,33.3877563865537,51.0347891166449,14.7976986383577,0.969,3.95608738968062,3.43920674799665,0.832442903389189,0.505112958942417
1992-12-11,13.96,150.68,-2.7,-2.7,388.78,0.7494079266993394,658.41,27.06629,750.88,3.17552224503765,2.27054970568104,0.715016154973943,0.219528466253919,0.207214753166224,16.85,1.1541095890411,212.45,3.09468317552804,0,-16.0641,4.11759799833194,1.37608385686463,0.451685660266874,1.30108445697626,0.601283991047423,33.3877563865537,51.0347891166449,14.7976986383577,0.969,3.95608738968062,3.43920674799665,0.832442903389189,0.505112958942417
1992-12-12,3.61,160.06,-2.03,-2.03,417.41,0.9123226933731089,658.41,27.06629,750.88,3.17552224503765,2.27054970568104,0.715016154973943,0.219528466253919,0.207214753166224,16.85,1.1541095890411,212.45,3.09468317552804,0,-16.0641,4.11759799833194,1.37608385686463,0.451685660266874,1.30108445697626,0.601283991047423,33.3877563865537,51.0347891166449,14.7976986383577,0.969,3.95608738968062,3.43920674799665,0.832442903389189,0.505112958942417
1992-12-13,0.22,242.78,-2.83,-2.83,359.5,0.8471567867036011,658.41,27.06629,750.88,3.17552224503765,2.27054970568104,0.715016154973943,0.219528466253919,0.207214753166224,16.85,1.1541095890411,212.45,3.09468317552804,0,-16.0641,4.11759799833194,1.37608385686463,0.451685660266874,1.30108445697626,0.601283991047423,33.3877563865537,51.0347891166449,14.7976986383577,0.969,3.95608738968062,3.43920674799665,0.832442903389189,0.505112958942417
1992-12-14,0.0,287.66,-4.56,-4.56,262.56,0.7591828126997655,658.41,27.06629,750.88,3.17552224503765,2.27054970568104,0.715016154973943,0.219528466253919,0.207214753166224,16.85,1.1541095890411,212.45,3.09468317552804,0,-16.0641,4.11759799833194,1.37608385686463,0.451685660266874,1.30108445697626,0.601283991047423,33.3877563865537,51.0347891166449,14.7976986383577,0.969,3.95608738968062,3.43920674799665,0.832442903389189,0.505112958942417
1992-12-15,0.12,239.33,-3.97,-3.97,244.07,0.7494079266993394,658.41,27.06629,750.88,3.17552224503765,2.27054970568104,0.715016154973943,0.219528466253919,0.207214753166224,16.85,1.1541095890411,212.45,3.09468317552804,0,-16.0641,4.11759799833194,1.37608385686463,0.451685660266874,1.30108445697626,0.601283991047423,33.3877563865537,51.0347891166449,14.7976986383577,0.969,3.95608738968062,3.43920674799665,0.832442903389189,0.505112958942417
1992-12-16,1.97,228.48,-0.13,-0.13,354.89,1.1599531387172384,658.41,27.06629,750.88,3.17552224503765,2.27054970568104,0.715016154973943,0.219528466253919,0.207214753166224,16.85,1.1541095890411,212.45,3.09468317552804,0,-16.0641,4.11759799833194,1.37608385686463,0.451685660266874,1.30108445697626,0.601283991047423,33.3877563865537,51.0347891166449,14.7976986383577,0.969,3.95608738968062,3.43920674799665,0.832442903389189,0.505112958942417
1992-12-17,6.94,190.32,4.36,4.36,584.01,4.463864606861282,658.41,27.06629,750.88,3.17552224503765,2.27054970568104,0.715016154973943,0.219528466253919,0.207214753166224,16.85,1.1541095890411,212.45,3.09468317552804,0,-16.0641,4.11759799833194,1.37608385686463,0.451685660266874,1.30108445697626,0.601283991047423,33.3877563865537,51.0347891166449,14.7976986383577,0.969,3.95608738968062,3.43920674799665,0.832442903389189,0.505112958942417
1992-12-18,1.69,176.2,0.72,0.72,501.03,3.9751203068399743,658.41,27.06629,750.88,3.17552224503765,2.27054970568104,0.715016154973943,0.219528466253919,0.207214753166224,16.85,1.1541095890411,212.45,3.09468317552804,0,-16.0641,4.11759799833194,1.37608385686463,0.451685660266874,1.30108445697626,0.601283991047423,33.3877563865537,51.0347891166449,14.7976986383577,0.969,3.95608738968062,3.43920674799665,0.832442903389189,0.505112958942417
1992-12-19,4.97,196.17,-1.54,-1.54,422.08,2.772809328787556,658.41,27.06629,750.88,3.17552224503765,2.27054970568104,0.715016154973943,0.219528466253919,0.207214753166224,16.85,1.1541095890411,212.45,3.09468317552804,0,-16.0641,4.11759799833194,1.37608385686463,0.451685660266874,1.30108445697626,0.601283991047423,33.3877563865537,51.0347891166449,14.7976986383577,0.969,3.95608738968062,3.43920674799665,0.832442903389189,0.505112958942417
1992-12-20,1.34,237.48,0.94,0.94,463.05,4.072869166844236,658.41,27.06629,750.88,3.17552224503765,2.27054970568104,0.715016154973943,0.219528466253919,0.207214753166224,16.85,1.1541095890411,212.45,3.09468317552804,0,-16.0641,4.11759799833194,1.37608385686463,0.451685660266874,1.30108445697626,0.601283991047423,33.3877563865537,51.0347891166449,14.7976986383577,0.969,3.95608738968062,3.43920674799665,0.832442903389189,0.505112958942417
1992-12-21,0.01,283.25,-4.25,-4.25,282.93,2.860783302791391,658.41,27.06629,750.88,3.17552224503765,2.27054970568104,0.715016154973943,0.219528466253919,0.207214753166224,16.85,1.1541095890411,212.45,3.09468317552804,0,-16.0641,4.11759799833194,1.37608385686463,0.451685660266874,1.30108445697626,0.601283991047423,33.3877563865537,51.0347891166449,14.7976986383577,0.969,3.95608738968062,3.43920674799665,0.832442903389189,0.505112958942417
1992-12-22,0.02,241.57,-4.08,-4.08,303.07,2.297098210100149,658.41,27.06629,750.88,3.17552224503765,2.27054970568104,0.715016154973943,0.219528466253919,0.207214753166224,16.85,1.1541095890411,212.45,3.09468317552804,0,-16.0641,4.11759799833194,1.37608385686463,0.451685660266874,1.30108445697626,0.601283991047423,33.3877563865537,51.0347891166449,14.7976986383577,0.969,3.95608738968062,3.43920674799665,0.832442903389189,0.505112958942417
1992-12-23,1.21,186.26,-1.76,-1.76,374.64,2.042951174089069,658.41,27.06629,750.88,3.17552224503765,2.27054970568104,0.715016154973943,0.219528466253919,0.207214753166224,16.85,1.1541095890411,212.45,3.09468317552804,0,-16.0641,4.11759799833194,1.37608385686463,0.451685660266874,1.30108445697626,0.601283991047423,33.3877563865537,51.0347891166449,14.7976986383577,0.969,3.95608738968062,3.43920674799665,0.832442903389189,0.505112958942417
1992-12-24,0.33,277.54,-4.9,-4.9,251.98,1.6291476667376945,658.41,27.06629,750.88,3.17552224503765,2.27054970568104,0.715016154973943,0.219528466253919,0.207214753166224,16.85,1.1541095890411,212.45,3.09468317552804,0,-16.0641,4.11759799833194,1.37608385686463,0.451685660266874,1.30108445697626,0.601283991047423,33.3877563865537,51.0347891166449,14.7976986383577,0.969,3.95608738968062,3.43920674799665,0.832442903389189,0.505112958942417
1992-12-25,1.21,213.76,-9.48,-9.48,179.18,1.3033181333901556,658.41,27.06629,750.88,3.17552224503765,2.27054970568104,0.715016154973943,0.219528466253919,0.207214753166224,16.85,1.1541095890411,212.45,3.09468317552804,0,-16.0641,4.11759799833194,1.37608385686463,0.451685660266874,1.30108445697626,0.601283991047423,33.3877563865537,51.0347891166449,14.7976986383577,0.969,3.95608738968062,3.43920674799665,0.832442903389189,0.505112958942417
1992-12-26,0.39,232.48,-8.84,-8.84,176.16,1.107820413381632,658.41,27.06629,750.88,3.17552224503765,2.27054970568104,0.715016154973943,0.219528466253919,0.207214753166224,16.85,1.1541095890411,212.45,3.09468317552804,0,-16.0641,4.11759799833194,1.37608385686463,0.451685660266874,1.30108445697626,0.601283991047423,33.3877563865537,51.0347891166449,14.7976986383577,0.969,3.95608738968062,3.43920674799665,0.832442903389189,0.505112958942417
1992-12-27,0.02,290.95,-12.96,-12.96,114.0,0.9774886000426166,658.41,27.06629,750.88,3.17552224503765,2.27054970568104,0.715016154973943,0.219528466253919,0.207214753166224,16.85,1.1541095890411,212.45,3.09468317552804,0,-16.0641,4.11759799833194,1.37608385686463,0.451685660266874,1.30108445697626,0.601283991047423,33.3877563865537,51.0347891166449,14.7976986383577,0.969,3.95608738968062,3.43920674799665,0.832442903389189,0.505112958942417
1992-12-28,0.16,234.41,-10.63,-10.63,154.41,1.140403366716386,658.41,27.06629,750.88,3.17552224503765,2.27054970568104,0.715016154973943,0.219528466253919,0.207214753166224,16.85,1.1541095890411,212.45,3.09468317552804,0,-16.0641,4.11759799833194,1.37608385686463,0.451685660266874,1.30108445697626,0.601283991047423,33.3877563865537,51.0347891166449,14.7976986383577,0.969,3.95608738968062,3.43920674799665,0.832442903389189,0.505112958942417
1992-12-29,0.78,222.25,-2.37,-2.37,340.49,1.2381522267206477,658.41,27.06629,750.88,3.17552224503765,2.27054970568104,0.715016154973943,0.219528466253919,0.207214753166224,16.85,1.1541095890411,212.45,3.09468317552804,0,-16.0641,4.11759799833194,1.37608385686463,0.451685660266874,1.30108445697626,0.601283991047423,33.3877563865537,51.0347891166449,14.7976986383577,0.969,3.95608738968062,3.43920674799665,0.832442903389189,0.505112958942417
1992-12-30,13.14,169.22,2.83,2.83,576.37,3.681873726827189,658.41,27.06629,750.88,3.17552224503765,2.27054970568104,0.715016154973943,0.219528466253919,0.207214753166224,16.85,1.1541095890411,212.45,3.09468317552804,0,-16.0641,4.11759799833194,1.37608385686463,0.451685660266874,1.30108445697626,0.601283991047423,33.3877563865537,51.0347891166449,14.7976986383577,0.969,3.95608738968062,3.43920674799665,0.832442903389189,0.505112958942417
1992-12-31,3.76,193.98,5.18,5.18,637.36,10.556876880460258,658.41,27.06629,750.88,3.17552224503765,2.27054970568104,0.715016154973943,0.219528466253919,0.207214753166224,16.85,1.1541095890411,212.45,3.09468317552804,0,-16.0641,4.11759799833194,1.37608385686463,0.451685660266874,1.30108445697626,0.601283991047423,33.3877563865537,51.0347891166449,14.7976986383577,0.969,3.95608738968062,3.43920674799665,0.832442903389189,0.505112958942417
1993-01-01,0.39,226.91,0.95,0.95,373.82,5.734599786916684,658.41,27.06629,750.88,3.17552224503765,2.27054970568104,0.715016154973943,0.219528466253919,0.207214753166224,16.85,1.1541095890411,212.45,3.09468317552804,0,-16.0641,4.11759799833194,1.37608385686463,0.451685660266874,1.30108445697626,0.601283991047423,33.3877563865537,51.0347891166449,14.7976986383577,0.969,3.95608738968062,3.43920674799665,0.832442903389189,0.505112958942417
1993-01-02,1.17,180.52,-5.18,-5.18,262.31,3.5515419134881734,658.41,27.06629,750.88,3.17552224503765,2.27054970568104,0.715016154973943,0.219528466253919,0.207214753166224,16.85,1.1541095890411,212.45,3.09468317552804,0,-16.0641,4.11759799833194,1.37608385686463,0.451685660266874,1.30108445697626,0.601283991047423,33.3877563865537,51.0347891166449,14.7976986383577,0.969,3.95608738968062,3.43920674799665,0.832442903389189,0.505112958942417
1993-01-03,2.71,205.9,-6.12,-6.12,279.86,2.84775012145749,658.41,27.06629,750.88,3.17552224503765,2.27054970568104,0.715016154973943,0.219528466253919,0.207214753166224,16.85,1.1541095890411,212.45,3.09468317552804,0,-16.0641,4.11759799833194,1.37608385686463,0.451685660266874,1.30108445697626,0.601283991047423,33.3877563865537,51.0347891166449,14.7976986383577,0.969,3.95608738968062,3.43920674799665,0.832442903389189,0.505112958942417
1993-01-04,7.92,230.14,1.56,1.56,458.65,3.4537930534839116,658.41,27.06629,750.88,3.17552224503765,2.27054970568104,0.715016154973943,0.219528466253919,0.207214753166224,16.85,1.1541095890411,212.45,3.09468317552804,0,-16.0641,4.11759799833194,1.37608385686463,0.451685660266874,1.30108445697626,0.601283991047423,33.3877563865537,51.0347891166449,14.7976986383577,0.969,3.95608738968062,3.43920674799665,0.832442903389189,0.505112958942417
1993-01-05,2.26,197.45,7.59,7.59,703.04,5.70201683358193,658.41,27.06629,750.88,3.17552224503765,2.27054970568104,0.715016154973943,0.219528466253919,0.207214753166224,16.85,1.1541095890411,212.45,3.09468317552804,0,-16.0641,4.11759799833194,1.37608385686463,0.451685660266874,1.30108445697626,0.601283991047423,33.3877563865537,51.0347891166449,14.7976986383577,0.969,3.95608738968062,3.43920674799665,0.832442903389189,0.505112958942417
1993-01-06,0.09,231.55,2.86,2.86,526.5,3.486376006818666,658.41,27.06629,750.88,3.17552224503765,2.27054970568104,0.715016154973943,0.219528466253919,0.207214753166224,16.85,1.1541095890411,212.45,3.09468317552804,0,-16.0641,4.11759799833194,1.37608385686463,0.451685660266874,1.30108445697626,0.601283991047423,33.3877563865537,51.0347891166449,14.7976986383577,0.969,3.95608738968062,3.43920674799665,0.832442903389189,0.505112958942417
1993-01-07,0.23,182.5,-2.0,-2.0,380.37,2.84775012145749,658.41,27.06629,750.88,3.17552224503765,2.27054970568104,0.715016154973943,0.219528466253919,0.207214753166224,16.85,1.1541095890411,212.45,3.09468317552804,0,-16.0641,4.11759799833194,1.37608385686463,0.451685660266874,1.30108445697626,0.601283991047423,33.3877563865537,51.0347891166449,14.7976986383577,0.969,3.95608738968062,3.43920674799665,0.832442903389189,0.505112958942417
1993-01-08,0.09,224.78,-1.99,-1.99,356.43,2.4697878627743446,658.41,27.06629,750.88,3.17552224503765,2.27054970568104,0.715016154973943,0.219528466253919,0.207214753166224,16.85,1.1541095890411,212.45,3.09468317552804,0,-16.0641,4.11759799833194,1.37608385686463,0.451685660266874,1.30108445697626,0.601283991047423,33.3877563865537,51.0347891166449,14.7976986383577,0.969,3.95608738968062,3.43920674799665,0.832442903389189,0.505112958942417
1993-01-09,0.02,266.14,-7.47,-7.47,217.18,1.9582354954187087,658.41,27.06629,750.88,3.17552224503765,2.27054970568104,0.715016154973943,0.219528466253919,0.207214753166224,16.85,1.1541095890411,212.45,3.09468317552804,0,-16.0641,4.11759799833194,1.37608385686463,0.451685660266874,1.30108445697626,0.601283991047423,33.3877563865537,51.0347891166449,14.7976986383577,0.969,3.95608738968062,3.43920674799665,0.832442903389189,0.505112958942417
1993-01-10,5.18,197.6,-8.71,-8.71,210.17,1.5639817600681865,658.41,27.06629,750.88,3.17552224503765,2.27054970568104,0.715016154973943,0.219528466253919,0.207214753166224,16.85,1.1541095890411,212.45,3.09468317552804,0,-16.0641,4.11759799833194,1.37608385686463,0.451685660266874,1.30108445697626,0.601283991047423,33.3877563865537,51.0347891166449,14.7976986383577,0.969,3.95608738968062,3.43920674799665,0.832442903389189,0.505112958942417
1993-01-11,1.97,180.18,-6.04,-6.04,286.02,1.6258893714042189,658.41,27.06629,750.88,3.17552224503765,2.27054970568104,0.715016154973943,0.219528466253919,0.207214753166224,16.85,1.1541095890411,212.45,3.09468317552804,0,-16.0641,4.11759799833194,1.37608385686463,0.451685660266874,1.30108445697626,0.601283991047423,33.3877563865537,51.0347891166449,14.7976986383577,0.969,3.95608738968062,3.43920674799665,0.832442903389189,0.505112958942417
1993-01-12,4.82,164.58,-3.0,-3.0,373.31,1.5639817600681865,658.41,27.06629,750.88,3.17552224503765,2.27054970568104,0.715016154973943,0.219528466253919,0.207214753166224,16.85,1.1541095890411,212.45,3.09468317552804,0,-16.0641,4.11759799833194,1.37608385686463,0.451685660266874,1.30108445697626,0.601283991047423,33.3877563865537,51.0347891166449,14.7976986383577,0.969,3.95608738968062,3.43920674799665,0.832442903389189,0.505112958942417
1993-01-13,4.86,199.84,-1.22,-1.22,403.24,2.958532162795653,658.41,27.06629,750.88,3.17552224503765,2.27054970568104,0.715016154973943,0.219528466253919,0.207214753166224,16.85,1.1541095890411,212.45,3.09468317552804,0,-16.0641,4.11759799833194,1.37608385686463,0.451685660266874,1.30108445697626,0.601283991047423,33.3877563865537,51.0347891166449,14.7976986383577,0.969,3.95608738968062,3.43920674799665,0.832442903389189,0.505112958942417
1993-01-14,1.09,171.27,-2.4,-2.4,372.77,2.6457358107820155,658.41,27.06629,750.88,3.17552224503765,2.27054970568104,0.715016154973943,0.219528466253919,0.207214753166224,16.85,1.1541095890411,212.45,3.09468317552804,0,-16.0641,4.11759799833194,1.37608385686463,0.451685660266874,1.30108445697626,0.601283991047423,33.3877563865537,51.0347891166449,14.7976986383577,0.969,3.95608738968062,3.43920674799665,0.832442903389189,0.505112958942417
1993-01-15,0.11,157.48,-4.22,-4.22,335.32,1.88655299808225,658.41,27.06629,750.88,3.17552224503765,2.27054970568104,0.715016154973943,0.219528466253919,0.207214753166224,16.85,1.1541095890411,212.45,3.09468317552804,0,-16.0641,4.11759799833194,1.37608385686463,0.451685660266874,1.30108445697626,0.601283991047423,33.3877563865537,51.0347891166449,14.7976986383577,0.969,3.95608738968062,3.43920674799665,0.832442903389189,0.505112958942417
1993-01-16,0.11,220.54,-5.28,-5.28,301.78,1.658472324738973,658.41,27.06629,750.88,3.17552224503765,2.27054970568104,0.715016154973943,0.219528466253919,0.207214753166224,16.85,1.1541095890411,212.45,3.09468317552804,0,-16.0641,4.11759799833194,1.37608385686463,0.451685660266874,1.30108445697626,0.601283991047423,33.3877563865537,51.0347891166449,14.7976986383577,0.969,3.95608738968062,3.43920674799665,0.832442903389189,0.505112958942417
1993-01-17,1.2,161.92,-4.45,-4.45,316.72,1.544431988067334,658.41,27.06629,750.88,3.17552224503765,2.27054970568104,0.715016154973943,0.219528466253919,0.207214753166224,16.85,1.1541095890411,212.45,3.09468317552804,0,-16.0641,4.11759799833194,1.37608385686463,0.451685660266874,1.30108445697626,0.601283991047423,33.3877563865537,51.0347891166449,14.7976986383577,0.969,3.95608738968062,3.43920674799665,0.832442903389189,0.505112958942417
1993-01-18,0.32,247.48,-7.13,-7.13,230.68,1.2707351800554014,658.41,27.06629,750.88,3.17552224503765,2.27054970568104,0.715016154973943,0.219528466253919,0.207214753166224,16.85,1.1541095890411,212.45,3.09468317552804,0,-16.0641,4.11759799833194,1.37608385686463,0.451685660266874,1.30108445697626,0.601283991047423,33.3877563865537,51.0347891166449,14.7976986383577,0.969,3.95608738968062,3.43920674799665,0.832442903389189,0.505112958942417
1993-01-19,0.02,322.8,-12.42,-12.42,120.61,0.8471567867036011,658.41,27.06629,750.88,3.17552224503765,2.27054970568104,0.715016154973943,0.219528466253919,0.207214753166224,16.85,1.1541095890411,212.45,3.09468317552804,0,-16.0641,4.11759799833194,1.37608385686463,0.451685660266874,1.30108445697626,0.601283991047423,33.3877563865537,51.0347891166449,14.7976986383577,0.969,3.95608738968062,3.43920674799665,0.832442903389189,0.505112958942417
1993-01-20,0.0,326.66,-9.66,-9.66,141.92,0.8797397400383549,658.41,27.06629,750.88,3.17552224503765,2.27054970568104,0.715016154973943,0.219528466253919,0.207214753166224,16.85,1.1541095890411,212.45,3.09468317552804,0,-16.0641,4.11759799833194,1.37608385686463,0.451685660266874,1.30108445697626,0.601283991047423,33.3877563865537,51.0347891166449,14.7976986383577,0.969,3.95608738968062,3.43920674799665,0.832442903389189,0.505112958942417
1993-01-21,2.15,258.76,-6.66,-6.66,193.25,0.9449056467078627,658.41,27.06629,750.88,3.17552224503765,2.27054970568104,0.715016154973943,0.219528466253919,0.207214753166224,16.85,1.1541095890411,212.45,3.09468317552804,0,-16.0641,4.11759799833194,1.37608385686463,0.451685660266874,1.30108445697626,0.601283991047423,33.3877563865537,51.0347891166449,14.7976986383577,0.969,3.95608738968062,3.43920674799665,0.832442903389189,0.505112958942417
1993-01-22,1.44,243.11,-3.56,-3.56,297.09,1.140403366716386,658.41,27.06629,750.88,3.17552224503765,2.27054970568104,0.715016154973943,0.219528466253919,0.207214753166224,16.85,1.1541095890411,212.45,3.09468317552804,0,-16.0641,4.11759799833194,1.37608385686463,0.451685660266874,1.30108445697626,0.601283991047423,33.3877563865537,51.0347891166449,14.7976986383577,0.969,3.95608738968062,3.43920674799665,0.832442903389189,0.505112958942417
1993-01-23,0.25,208.87,0.34,0.34,467.38,1.1469199573833369,658.41,27.06629,750.88,3.17552224503765,2.27054970568104,0.715016154973943,0.219528466253919,0.207214753166224,16.85,1.1541095890411,212.45,3.09468317552804,0,-16.0641,4.11759799833194,1.37608385686463,0.451685660266874,1.30108445697626,0.601283991047423,33.3877563865537,51.0347891166449,14.7976986383577,0.969,3.95608738968062,3.43920674799665,0.832442903389189,0.505112958942417
1993-01-24,5.29,196.33,1.3,1.3,489.33,1.2902849520562538,658.41,27.06629,750.88,3.17552224503765,2.27054970568104,0.715016154973943,0.219528466253919,0.207214753166224,16.85,1.1541095890411,212.45,3.09468317552804,0,-16.0641,4.11759799833194,1.37608385686463,0.451685660266874,1.30108445697626,0.601283991047423,33.3877563865537,51.0347891166449,14.7976986383577,0.969,3.95608738968062,3.43920674799665,0.832442903389189,0.505112958942417
1993-01-25,1.47,311.63,-2.25,-2.25,303.62,1.4662329000639247,658.41,27.06629,750.88,3.17552224503765,2.27054970568104,0.715016154973943,0.219528466253919,0.207214753166224,16.85,1.1541095890411,212.45,3.09468317552804,0,-16.0641,4.11759799833194,1.37608385686463,0.451685660266874,1.30108445697626,0.601283991047423,33.3877563865537,51.0347891166449,14.7976986383577,0.969,3.95608738968062,3.43920674799665,0.832442903389189,0.505112958942417
1993-01-26,0.02,339.87,-9.05,-9.05,159.4,1.0100715533773705,658.41,27.06629,750.88,3.17552224503765,2.27054970568104,0.715016154973943,0.219528466253919,0.207214753166224,16.85,1.1541095890411,212.45,3.09468317552804,0,-16.0641,4.11759799833194,1.37608385686463,0.451685660266874,1.30108445697626,0.601283991047423,33.3877563865537,51.0347891166449,14.7976986383577,0.969,3.95608738968062,3.43920674799665,0.832442903389189,0.505112958942417
1993-01-27,0.12,263.23,-8.07,-8.07,187.36,0.9774886000426166,658.41,27.06629,750.88,3.17552224503765,2.27054970568104,0.715016154973943,0.219528466253919,0.207214753166224,16.85,1.1541095890411,212.45,3.09468317552804,0,-16.0641,4.11759799833194,1.37608385686463,0.451685660266874,1.30108445697626,0.601283991047423,33.3877563865537,51.0347891166449,14.7976986383577,0.969,3.95608738968062,3.43920674799665,0.832442903389189,0.505112958942417
1993-01-28,0.52,240.65,-5.56,-5.56,252.69,0.9449056467078627,658.41,27.06629,750.88,3.17552224503765,2.27054970568104,0.715016154973943,0.219528466253919,0.207214753166224,16.85,1.1541095890411,212.45,3.09468317552804,0,-16.0641,4.11759799833194,1.37608385686463,0.451685660266874,1.30108445697626,0.601283991047423,33.3877563865537,51.0347891166449,14.7976986383577,0.969,3.95608738968062,3.43920674799665,0.832442903389189,0.505112958942417
1993-01-29,2.22,257.61,-4.64,-4.64,260.31,0.8145738333688473,658.41,27.06629,750.88,3.17552224503765,2.27054970568104,0.715016154973943,0.219528466253919,0.207214753166224,16.85,1.1541095890411,212.45,3.09468317552804,0,-16.0641,4.11759799833194,1.37608385686463,0.451685660266874,1.30108445697626,0.601283991047423,33.3877563865537,51.0347891166449,14.7976986383577,0.969,3.95608738968062,3.43920674799665,0.832442903389189,0.505112958942417
1993-01-30,4.58,221.62,-7.25,-7.25,230.57,0.7494079266993394,658.41,27.06629,750.88,3.17552224503765,2.27054970568104,0.715016154973943,0.219528466253919,0.207214753166224,16.85,1.1541095890411,212.45,3.09468317552804,0,-16.0641,4.11759799833194,1.37608385686463,0.451685660266874,1.30108445697626,0.601283991047423,33.3877563865537,51.0347891166449,14.7976986383577,0.969,3.95608738968062,3.43920674799665,0.832442903389189,0.505112958942417
1993-01-31,4.21,241.19,-6.0,-6.0,244.59,0.7168249733645855,658.41,27.06629,750.88,3.17552224503765,2.27054970568104,0.715016154973943,0.219528466253919,0.207214753166224,16.85,1.1541095890411,212.45,3.09468317552804,0,-16.0641,4.11759799833194,1.37608385686463,0.451685660266874,1.30108445697626,0.601283991047423,33.3877563865537,51.0347891166449,14.7976986383577,0.969,3.95608738968062,3.43920674799665,0.832442903389189,0.505112958942417
1993-02-01,0.88,352.96,-9.43,-9.43,140.89,0.6842420200298316,658.41,27.06629,750.88,3.17552224503765,2.27054970568104,0.715016154973943,0.219528466253919,0.207214753166224,16.85,1.1541095890411,212.45,3.09468317552804,0,-16.0641,4.11759799833194,1.37608385686463,0.451685660266874,1.30108445697626,0.601283991047423,33.3877563865537,51.0347891166449,14.7976986383577,0.969,3.95608738968062,3.43920674799665,0.832442903389189,0.505112958942417
1993-02-02,0.01,346.29,-12.82,-12.82,114.78,0.6516590666950778,658.41,27.06629,750.88,3.17552224503765,2.27054970568104,0.715016154973943,0.219528466253919,0.207214753166224,16.85,1.1541095890411,212.45,3.09468317552804,0,-16.0641,4.11759799833194,1.37608385686463,0.451685660266874,1.30108445697626,0.601283991047423,33.3877563865537,51.0347891166449,14.7976986383577,0.969,3.95608738968062,3.43920674799665,0.832442903389189,0.505112958942417
1993-02-03,0.0,365.3,-10.49,-10.49,156.89,0.6190761133603239,658.41,27.06629,750.88,3.17552224503765,2.27054970568104,0.715016154973943,0.219528466253919,0.207214753166224,16.85,1.1541095890411,212.45,3.09468317552804,0,-16.0641,4.11759799833194,1.37608385686463,0.451685660266874,1.30108445697626,0.601283991047423,33.3877563865537,51.0347891166449,14.7976986383577,0.969,3.95608738968062,3.43920674799665,0.832442903389189,0.505112958942417
1993-02-04,0.0,358.19,-4.17,-4.17,249.51,0.6190761133603239,658.41,27.06629,750.88,3.17552224503765,2.27054970568104,0.715016154973943,0.219528466253919,0.207214753166224,16.85,1.1541095890411,212.45,3.09468317552804,0,-16.0641,4.11759799833194,1.37608385686463,0.451685660266874,1.30108445697626,0.601283991047423,33.3877563865537,51.0347891166449,14.7976986383577,0.969,3.95608738968062,3.43920674799665,0.832442903389189,0.505112958942417
1993-02-05,0.04,301.65,-4.36,-4.36,239.59,0.58649316002557,658.41,27.06629,750.88,3.17552224503765,2.27054970568104,0.715016154973943,0.219528466253919,0.207214753166224,16.85,1.1541095890411,212.45,3.09468317552804,0,-16.0641,4.11759799833194,1.37608385686463,0.451685660266874,1.30108445697626,0.601283991047423,33.3877563865537,51.0347891166449,14.7976986383577,0.969,3.95608738968062,3.43920674799665,0.832442903389189,0.505112958942417
1993-02-06,0.01,380.84,-6.4,-6.4,155.79,0.553910206690816,658.41,27.06629,750.88,3.17552224503765,2.27054970568104,0.715016154973943,0.219528466253919,0.207214753166224,16.85,1.1541095890411,212.45,3.09468317552804,0,-16.0641,4.11759799833194,1.37608385686463,0.451685660266874,1.30108445697626,0.601283991047423,33.3877563865537,51.0347891166449,14.7976986383577,0.969,3.95608738968062,3.43920674799665,0.832442903389189,0.505112958942417
1993-02-07,0.0,377.36,-13.71,-13.71,94.29,0.5213272533560622,658.41,27.06629,750.88,3.17552224503765,2.27054970568104,0.715016154973943,0.219528466253919,0.207214753166224,16.85,1.1541095890411,212.45,3.09468317552804,0,-16.0641,4.11759799833194,1.37608385686463,0.451685660266874,1.30108445697626,0.601283991047423,33.3877563865537,51.0347891166449,14.7976986383577,0.969,3.95608738968062,3.43920674799665,0.832442903389189,0.505112958942417
1993-02-08,0.0,382.38,-11.12,-11.12,124.38,0.553910206690816,658.41,27.06629,750.88,3.17552224503765,2.27054970568104,0.715016154973943,0.219528466253919,0.207214753166224,16.85,1.1541095890411,212.45,3.09468317552804,0,-16.0641,4.11759799833194,1.37608385686463,0.451685660266874,1.30108445697626,0.601283991047423,33.3877563865537,51.0347891166449,14.7976986383577,0.969,3.95608738968062,3.43920674799665,0.832442903389189,0.505112958942417
1993-02-09,0.0,388.3,-8.78,-8.78,149.04,0.5376187300234391,658.41,27.06629,750.88,3.17552224503765,2.27054970568104,0.715016154973943,0.219528466253919,0.207214753166224,16.85,1.1541095890411,212.45,3.09468317552804,0,-16.0641,4.11759799833194,1.37608385686463,0.451685660266874,1.30108445697626,0.601283991047423,33.3877563865537,51.0347891166449,14.7976986383577,0.969,3.95608738968062,3.43920674799665,0.832442903389189,0.505112958942417
1993-02-10,0.0,388.54,-4.6,-4.6,219.28,0.5213272533560622,658.41,27.06629,750.88,3.17552224503765,2.27054970568104,0.715016154973943,0.219528466253919,0.207214753166224,16.85,1.1541095890411,212.45,3.09468317552804,0,-16.0641,4.11759799833194,1.37608385686463,0.451685660266874,1.30108445697626,0.601283991047423,33.3877563865537,51.0347891166449,14.7976986383577,0.969,3.95608738968062,3.43920674799665,0.832442903389189,0.505112958942417
1993-02-11,1.62,274.63,-0.72,-0.72,332.81,0.5213272533560622,658.41,27.06629,750.88,3.17552224503765,2.27054970568104,0.715016154973943,0.219528466253919,0.207214753166224,16.85,1.1541095890411,212.45,3.09468317552804,0,-16.0641,4.11759799833194,1.37608385686463,0.451685660266874,1.30108445697626,0.601283991047423,33.3877563865537,51.0347891166449,14.7976986383577,0.969,3.95608738968062,3.43920674799665,0.832442903389189,0.505112958942417
1993-02-12,9.09,156.49,-3.73,-3.73,326.29,0.5050357766886853,658.41,27.06629,750.88,3.17552224503765,2.27054970568104,0.715016154973943,0.219528466253919,0.207214753166224,16.85,1.1541095890411,212.45,3.09468317552804,0,-16.0641,4.11759799833194,1.37608385686463,0.451685660266874,1.30108445697626,0.601283991047423,33.3877563865537,51.0347891166449,14.7976986383577,0.969,3.95608738968062,3.43920674799665,0.832442903389189,0.505112958942417
1993-02-13,2.68,170.02,-5.3,-5.3,303.7,0.4887443000213083,658.41,27.06629,750.88,3.17552224503765,2.27054970568104,0.715016154973943,0.219528466253919,0.207214753166224,16.85,1.1541095890411,212.45,3.09468317552804,0,-16.0641,4.11759799833194,1.37608385686463,0.451685660266874,1.30108445697626,0.601283991047423,33.3877563865537,51.0347891166449,14.7976986383577,0.969,3.95608738968062,3.43920674799665,0.832442903389189,0.505112958942417
1993-02-14,0.12,273.76,-7.05,-7.05,248.98,0.4887443000213083,658.41,27.06629,750.88,3.17552224503765,2.27054970568104,0.715016154973943,0.219528466253919,0.207214753166224,16.85,1.1541095890411,212.45,3.09468317552804,0,-16.0641,4.11759799833194,1.37608385686463,0.451685660266874,1.30108445697626,0.601283991047423,33.3877563865537,51.0347891166449,14.7976986383577,0.969,3.95608738968062,3.43920674799665,0.832442903389189,0.505112958942417
1993-02-15,3.16,251.05,-6.13,-6.13,261.17,0.47245282335393135,658.41,27.06629,750.88,3.17552224503765,2.27054970568104,0.715016154973943,0.219528466253919,0.207214753166224,16.85,1.1541095890411,212.45,3.09468317552804,0,-16.0641,4.11759799833194,1.37608385686463,0.451685660266874,1.30108445697626,0.601283991047423,33.3877563865537,51.0347891166449,14.7976986383577,0.969,3.95608738968062,3.43920674799665,0.832442903389189,0.505112958942417
1993-02-16,5.98,238.86,-4.79,-4.79,279.0,0.45616134668655445,658.41,27.06629,750.88,3.17552224503765,2.27054970568104,0.715016154973943,0.219528466253919,0.207214753166224,16.85,1.1541095890411,212.45,3.09468317552804,0,-16.0641,4.11759799833194,1.37608385686463,0.451685660266874,1.30108445697626,0.601283991047423,33.3877563865537,51.0347891166449,14.7976986383577,0.969,3.95608738968062,3.43920674799665,0.832442903389189,0.505112958942417
1993-02-17,1.6,281.85,-6.98,-6.98,215.23,0.42357839335180053,658.41,27.06629,750.88,3.17552224503765,2.27054970568104,0.715016154973943,0.219528466253919,0.207214753166224,16.85,1.1541095890411,212.45,3.09468317552804,0,-16.0641,4.11759799833194,1.37608385686463,0.451685660266874,1.30108445697626,0.601283991047423,33.3877563865537,51.0347891166449,14.7976986383577,0.969,3.95608738968062,3.43920674799665,0.832442903389189,0.505112958942417
1993-02-18,0.06,321.59,-10.9,-10.9,147.41,0.3909954400170466,658.41,27.06629,750.88,3.17552224503765,2.27054970568104,0.715016154973943,0.219528466253919,0.207214753166224,16.85,1.1541095890411,212.45,3.09468317552804,0,-16.0641,4.11759799833194,1.37608385686463,0.451685660266874,1.30108445697626,0.601283991047423,33.3877563865537,51.0347891166449,14.7976986383577,0.969,3.95608738968062,3.43920674799665,0.832442903389189,0.505112958942417
1993-02-19,0.0,424.33,-17.9,-17.9,70.03,0.3909954400170466,658.41,27.06629,750.88,3.17552224503765,2.27054970568104,0.715016154973943,0.219528466253919,0.207214753166224,16.85,1.1541095890411,212.45,3.09468317552804,0,-16.0641,4.11759799833194,1.37608385686463,0.451685660266874,1.30108445697626,0.601283991047423,33.3877563865537,51.0347891166449,14.7976986383577,0.969,3.95608738968062,3.43920674799665,0.832442903389189,0.505112958942417
1993-02-20,0.01,397.7,-16.19,-16.19,76.59,0.42357839335180053,658.41,27.06629,750.88,3.17552224503765,2.27054970568104,0.715016154973943,0.219528466253919,0.207214753166224,16.85,1.1541095890411,212.45,3.09468317552804,0,-16.0641,4.11759799833194,1.37608385686463,0.451685660266874,1.30108445697626,0.601283991047423,33.3877563865537,51.0347891166449,14.7976986383577,0.969,3.95608738968062,3.43920674799665,0.832442903389189,0.505112958942417
1993-02-21,4.82,336.22,-11.89,-11.89,120.16,0.4626779373535052,658.41,27.06629,750.88,3.17552224503765,2.27054970568104,0.715016154973943,0.219528466253919,0.207214753166224,16.85,1.1541095890411,212.45,3.09468317552804,0,-16.0641,4.11759799833194,1.37608385686463,0.451685660266874,1.30108445697626,0.601283991047423,33.3877563865537,51.0347891166449,14.7976986383577,0.969,3.95608738968062,3.43920674799665,0.832442903389189,0.505112958942417
1993-02-22,2.62,335.57,-6.96,-6.96,182.93,0.4920025953547837,658.41,27.06629,750.88,3.17552224503765,2.27054970568104,0.715016154973943,0.219528466253919,0.207214753166224,16.85,1.1541095890411,212.45,3.09468317552804,0,-16.0641,4.11759799833194,1.37608385686463,0.451685660266874,1.30108445697626,0.601283991047423,33.3877563865537,51.0347891166449,14.7976986383577,0.969,3.95608738968062,3.43920674799665,0.832442903389189,0.505112958942417
1993-02-23,1.19,318.77,-5.91,-5.91,196.51,0.39751203068399743,658.41,27.06629,750.88,3.17552224503765,2.27054970568104,0.715016154973943,0.219528466253919,0.207214753166224,16.85,1.1541095890411,212.45,3.09468317552804,0,-16.0641,4.11759799833194,1.37608385686463,0.451685660266874,1.30108445697626,0.601283991047423,33.3877563865537,51.0347891166449,14.7976986383577,0.969,3.95608738968062,3.43920674799665,0.832442903389189,0.505112958942417
1993-02-24,0.4,294.3,-11.93,-11.93,131.09,0.35841248668229275,658.41,27.06629,750.88,3.17552224503765,2.27054970568104,0.715016154973943,0.219528466253919,0.207214753166224,16.85,1.1541095890411,212.45,3.09468317552804,0,-16.0641,4.11759799833194,1.37608385686463,0.451685660266874,1.30108445697626,0.601283991047423,33.3877563865537,51.0347891166449,14.7976986383577,0.969,3.95608738968062,3.43920674799665,0.832442903389189,0.505112958942417
1993-02-25,0.05,432.03,-13.92,-13.92,106.84,0.35841248668229275,658.41,27.06629,750.88,3.17552224503765,2.27054970568104,0.715016154973943,0.219528466253919,0.207214753166224,16.85,1.1541095890411,212.45,3.09468317552804,0,-16.0641,4.11759799833194,1.37608385686463,0.451685660266874,1.30108445697626,0.601283991047423,33.3877563865537,51.0347891166449,14.7976986383577,0.969,3.95608738968062,3.43920674799665,0.832442903389189,0.505112958942417
1993-02-26,0.01,422.86,-10.67,-10.67,121.14,0.35841248668229275,658.41,27.06629,750.88,3.17552224503765,2.27054970568104,0.715016154973943,0.219528466253919,0.207214753166224,16.85,1.1541095890411,212.45,3.09468317552804,0,-16.0641,4.11759799833194,1.37608385686463,0.451685660266874,1.30108445697626,0.601283991047423,33.3877563865537,51.0347891166449,14.7976986383577,0.969,3.95608738968062,3.43920674799665,0.832442903389189,0.505112958942417
1993-02-27,0.0,462.6,-12.43,-12.43,89.26,0.35841248668229275,658.41,27.06629,750.88,3.17552224503765,2.27054970568104,0.715016154973943,0.219528466253919,0.207214753166224,16.85,1.1541095890411,212.45,3.09468317552804,0,-16.0641,4.11759799833194,1.37608385686463,0.451685660266874,1.30108445697626,0.601283991047423,33.3877563865537,51.0347891166449,14.7976986383577,0.969,3.95608738968062,3.43920674799665,0.832442903389189,0.505112958942417
1993-02-28,0.0,465.21,-11.18,-11.18,99.54,0.35841248668229275,658.41,27.06629,750.88,3.17552224503765,2.27054970568104,0.715016154973943,0.219528466253919,0.207214753166224,16.85,1.1541095890411,212.45,3.09468317552804,0,-16.0641,4.11759799833194,1.37608385686463,0.451685660266874,1.30108445697626,0.601283991047423,33.3877563865537,51.0347891166449,14.7976986383577,0.969,3.95608738968062,3.43920674799665,0.832442903389189,0.505112958942417
1993-03-01,0.0,465.71,-9.66,-9.66,139.3,0.35841248668229275,658.41,27.06629,750.88,3.17552224503765,2.27054970568104,0.715016154973943,0.219528466253919,0.207214753166224,16.85,1.1541095890411,212.45,3.09468317552804,0,-16.0641,4.11759799833194,1.37608385686463,0.451685660266874,1.30108445697626,0.601283991047423,33.3877563865537,51.0347891166449,14.7976986383577,0.969,3.95608738968062,3.43920674799665,0.832442903389189,0.505112958942417
1993-03-02,0.0,440.61,-2.84,-2.84,263.04,0.3453793053483912,658.41,27.06629,750.88,3.17552224503765,2.27054970568104,0.715016154973943,0.219528466253919,0.207214753166224,16.85,1.1541095890411,212.45,3.09468317552804,0,-16.0641,4.11759799833194,1.37608385686463,0.451685660266874,1.30108445697626,0.601283991047423,33.3877563865537,51.0347891166449,14.7976986383577,0.969,3.95608738968062,3.43920674799665,0.832442903389189,0.505112958942417
1993-03-03,0.0,453.84,-0.39,-0.39,311.81,0.3909954400170466,658.41,27.06629,750.88,3.17552224503765,2.27054970568104,0.715016154973943,0.219528466253919,0.207214753166224,16.85,1.1541095890411,212.45,3.09468317552804,0,-16.0641,4.11759799833194,1.37608385686463,0.451685660266874,1.30108445697626,0.601283991047423,33.3877563865537,51.0347891166449,14.7976986383577,0.969,3.95608738968062,3.43920674799665,0.832442903389189,0.505112958942417
1993-03-04,20.42,328.58,0.09,0.09,361.6,0.3909954400170466,658.41,27.06629,750.88,3.17552224503765,2.27054970568104,0.715016154973943,0.219528466253919,0.207214753166224,16.85,1.1541095890411,212.45,3.09468317552804,0,-16.0641,4.11759799833194,1.37608385686463,0.451685660266874,1.30108445697626,0.601283991047423,33.3877563865537,51.0347891166449,14.7976986383577,0.969,3.95608738968062,3.43920674799665,0.832442903389189,0.505112958942417
1993-03-05,8.4,233.96,-0.64,-0.64,410.91,0.3909954400170466,658.41,27.06629,750.88,3.17552224503765,2.27054970568104,0.715016154973943,0.219528466253919,0.207214753166224,16.85,1.1541095890411,212.45,3.09468317552804,0,-16.0641,4.11759799833194,1.37608385686463,0.451685660266874,1.30108445697626,0.601283991047423,33.3877563865537,51.0347891166449,14.7976986383577,0.969,3.95608738968062,3.43920674799665,0.832442903389189,0.505112958942417
1993-03-06,0.91,197.21,-0.99,-0.99,402.95,0.3909954400170466,658.41,27.06629,750.88,3.17552224503765,2.27054970568104,0.715016154973943,0.219528466253919,0.207214753166224,16.85,1.1541095890411,212.45,3.09468317552804,0,-16.0641,4.11759799833194,1.37608385686463,0.451685660266874,1.30108445697626,0.601283991047423,33.3877563865537,51.0347891166449,14.7976986383577,0.969,3.95608738968062,3.43920674799665,0.832442903389189,0.505112958942417
1993-03-07,0.1,413.46,-6.14,-6.14,225.06,0.42357839335180053,658.41,27.06629,750.88,3.17552224503765,2.27054970568104,0.715016154973943,0.219528466253919,0.207214753166224,16.85,1.1541095890411,212.45,3.09468317552804,0,-16.0641,4.11759799833194,1.37608385686463,0.451685660266874,1.30108445697626,0.601283991047423,33.3877563865537,51.0347891166449,14.7976986383577,0.969,3.95608738968062,3.43920674799665,0.832442903389189,0.505112958942417
1993-03-08,3.97,365.61,-1.94,-1.94,306.39,0.45616134668655445,658.41,27.06629,750.88,3.17552224503765,2.27054970568104,0.715016154973943,0.219528466253919,0.207214753166224,16.85,1.1541095890411,212.45,3.09468317552804,0,-16.0641,4.11759799833194,1.37608385686463,0.451685660266874,1.30108445697626,0.601283991047423,33.3877563865537,51.0347891166449,14.7976986383577,0.969,3.95608738968062,3.43920674799665,0.832442903389189,0.505112958942417
1993-03-09,1.41,323.91,1.1,1.1,379.88,0.58649316002557,658.41,27.06629,750.88,3.17552224503765,2.27054970568104,0.715016154973943,0.219528466253919,0.207214753166224,16.85,1.1541095890411,212.45,3.09468317552804,0,-16.0641,4.11759799833194,1.37608385686463,0.451685660266874,1.30108445697626,0.601283991047423,33.3877563865537,51.0347891166449,14.7976986383577,0.969,3.95608738968062,3.43920674799665,0.832442903389189,0.505112958942417
1993-03-10,4.12,383.41,-6.42,-6.42,202.06,0.5213272533560622,658.41,27.06629,750.88,3.17552224503765,2.27054970568104,0.715016154973943,0.219528466253919,0.207214753166224,16.85,1.1541095890411,212.45,3.09468317552804,0,-16.0641,4.11759799833194,1.37608385686463,0.451685660266874,1.30108445697626,0.601283991047423,33.3877563865537,51.0347891166449,14.7976986383577,0.969,3.95608738968062,3.43920674799665,0.832442903389189,0.505112958942417
1993-03-11,1.21,336.78,-6.21,-6.21,202.33,0.45616134668655445,658.41,27.06629,750.88,3.17552224503765,2.27054970568104,0.715016154973943,0.219528466253919,0.207214753166224,16.85,1.1541095890411,212.45,3.09468317552804,0,-16.0641,4.11759799833194,1.37608385686463,0.451685660266874,1.30108445697626,0.601283991047423,33.3877563865537,51.0347891166449,14.7976986383577,0.969,3.95608738968062,3.43920674799665,0.832442903389189,0.505112958942417
1993-03-12,0.27,408.45,-10.68,-10.68,130.54,0.42357839335180053,658.41,27.06629,750.88,3.17552224503765,2.27054970568104,0.715016154973943,0.219528466253919,0.207214753166224,16.85,1.1541095890411,212.45,3.09468317552804,0,-16.0641,4.11759799833194,1.37608385686463,0.451685660266874,1.30108445697626,0.601283991047423,33.3877563865537,51.0347891166449,14.7976986383577,0.969,3.95608738968062,3.43920674799665,0.832442903389189,0.505112958942417
1993-03-13,22.63,381.29,-7.68,-7.68,165.88,0.35841248668229275,658.41,27.06629,750.88,3.17552224503765,2.27054970568104,0.715016154973943,0.219528466253919,0.207214753166224,16.85,1.1541095890411,212.45,3.09468317552804,0,-16.0641,4.11759799833194,1.37608385686463,0.451685660266874,1.30108445697626,0.601283991047423,33.3877563865537,51.0347891166449,14.7976986383577,0.969,3.95608738968062,3.43920674799665,0.832442903389189,0.505112958942417
1993-03-14,6.22,314.45,-12.04,-12.04,131.25,0.7168249733645855,658.41,27.06629,750.88,3.17552224503765,2.27054970568104,0.715016154973943,0.219528466253919,0.207214753166224,16.85,1.1541095890411,212.45,3.09468317552804,0,-16.0641,4.11759799833194,1.37608385686463,0.451685660266874,1.30108445697626,0.601283991047423,33.3877563865537,51.0347891166449,14.7976986383577,0.969,3.95608738968062,3.43920674799665,0.832442903389189,0.505112958942417
1993-03-15,0.07,513.47,-16.61,-16.61,90.79,0.8145738333688473,658.41,27.06629,750.88,3.17552224503765,2.27054970568104,0.715016154973943,0.219528466253919,0.207214753166224,16.85,1.1541095890411,212.45,3.09468317552804,0,-16.0641,4.11759799833194,1.37608385686463,0.451685660266874,1.30108445697626,0.601283991047423,33.3877563865537,51.0347891166449,14.7976986383577,0.969,3.95608738968062,3.43920674799665,0.832442903389189,0.505112958942417
1993-03-16,0.27,413.35,-8.69,-8.69,185.04,0.6516590666950778,658.41,27.06629,750.88,3.17552224503765,2.27054970568104,0.715016154973943,0.219528466253919,0.207214753166224,16.85,1.1541095890411,212.45,3.09468317552804,0,-16.0641,4.11759799833194,1.37608385686463,0.451685660266874,1.30108445697626,0.601283991047423,33.3877563865537,51.0347891166449,14.7976986383577,0.969,3.95608738968062,3.43920674799665,0.832442903389189,0.505112958942417
1993-03-17,2.68,364.39,0.7,0.7,346.68,0.570201683358193,658.41,27.06629,750.88,3.17552224503765,2.27054970568104,0.715016154973943,0.219528466253919,0.207214753166224,16.85,1.1541095890411,212.45,3.09468317552804,0,-16.0641,4.11759799833194,1.37608385686463,0.451685660266874,1.30108445697626,0.601283991047423,33.3877563865537,51.0347891166449,14.7976986383577,0.969,3.95608738968062,3.43920674799665,0.832442903389189,0.505112958942417
1993-03-18,0.69,536.41,-9.16,-9.16,131.17,0.5636850926912422,658.41,27.06629,750.88,3.17552224503765,2.27054970568104,0.715016154973943,0.219528466253919,0.207214753166224,16.85,1.1541095890411,212.45,3.09468317552804,0,-16.0641,4.11759799833194,1.37608385686463,0.451685660266874,1.30108445697626,0.601283991047423,33.3877563865537,51.0347891166449,14.7976986383577,0.969,3.95608738968062,3.43920674799665,0.832442903389189,0.505112958942417
1993-03-19,0.0,548.49,-15.58,-15.58,73.91,0.54413532069039,658.41,27.06629,750.88,3.17552224503765,2.27054970568104,0.715016154973943,0.219528466253919,0.207214753166224,16.85,1.1541095890411,212.45,3.09468317552804,0,-16.0641,4.11759799833194,1.37608385686463,0.451685660266874,1.30108445697626,0.601283991047423,33.3877563865537,51.0347891166449,14.7976986383577,0.969,3.95608738968062,3.43920674799665,0.832442903389189,0.505112958942417
1993-03-20,1.77,422.89,-9.19,-9.19,159.76,0.511552367355636,658.41,27.06629,750.88,3.17552224503765,2.27054970568104,0.715016154973943,0.219528466253919,0.207214753166224,16.85,1.1541095890411,212.45,3.09468317552804,0,-16.0641,4.11759799833194,1.37608385686463,0.451685660266874,1.30108445697626,0.601283991047423,33.3877563865537,51.0347891166449,14.7976986383577,0.969,3.95608738968062,3.43920674799665,0.832442903389189,0.505112958942417
1993-03-21,0.46,409.43,-0.92,-0.92,354.42,0.4920025953547837,658.41,27.06629,750.88,3.17552224503765,2.27054970568104,0.715016154973943,0.219528466253919,0.207214753166224,16.85,1.1541095890411,212.45,3.09468317552804,0,-16.0641,4.11759799833194,1.37608385686463,0.451685660266874,1.30108445697626,0.601283991047423,33.3877563865537,51.0347891166449,14.7976986383577,0.969,3.95608738968062,3.43920674799665,0.832442903389189,0.505112958942417
1993-03-22,0.0,342.14,-0.0,-0.0,397.4,0.5017774813552098,658.41,27.06629,750.88,3.17552224503765,2.27054970568104,0.715016154973943,0.219528466253919,0.207214753166224,16.85,1.1541095890411,212.45,3.09468317552804,0,-16.0641,4.11759799833194,1.37608385686463,0.451685660266874,1.30108445697626,0.601283991047423,33.3877563865537,51.0347891166449,14.7976986383577,0.969,3.95608738968062,3.43920674799665,0.832442903389189,0.505112958942417
1993-03-23,4.63,401.68,-2.78,-2.78,307.54,0.5636850926912422,658.41,27.06629,750.88,3.17552224503765,2.27054970568104,0.715016154973943,0.219528466253919,0.207214753166224,16.85,1.1541095890411,212.45,3.09468317552804,0,-16.0641,4.11759799833194,1.37608385686463,0.451685660266874,1.30108445697626,0.601283991047423,33.3877563865537,51.0347891166449,14.7976986383577,0.969,3.95608738968062,3.43920674799665,0.832442903389189,0.505112958942417
1993-03-24,1.32,396.21,1.2,1.2,439.14,0.8601899680375026,658.41,27.06629,750.88,3.17552224503765,2.27054970568104,0.715016154973943,0.219528466253919,0.207214753166224,16.85,1.1541095890411,212.45,3.09468317552804,0,-16.0641,4.11759799833194,1.37608385686463,0.451685660266874,1.30108445697626,0.601283991047423,33.3877563865537,51.0347891166449,14.7976986383577,0.969,3.95608738968062,3.43920674799665,0.832442903389189,0.505112958942417
1993-03-25,0.03,420.27,3.38,3.38,497.37,1.977785267419561,658.41,27.06629,750.88,3.17552224503765,2.27054970568104,0.715016154973943,0.219528466253919,0.207214753166224,16.85,1.1541095890411,212.45,3.09468317552804,0,-16.0641,4.11759799833194,1.37608385686463,0.451685660266874,1.30108445697626,0.601283991047423,33.3877563865537,51.0347891166449,14.7976986383577,0.969,3.95608738968062,3.43920674799665,0.832442903389189,0.505112958942417
1993-03-26,0.0,537.54,2.89,2.89,401.3,3.9099544001704665,658.41,27.06629,750.88,3.17552224503765,2.27054970568104,0.715016154973943,0.219528466253919,0.207214753166224,16.85,1.1541095890411,212.45,3.09468317552804,0,-16.0641,4.11759799833194,1.37608385686463,0.451685660266874,1.30108445697626,0.601283991047423,33.3877563865537,51.0347891166449,14.7976986383577,0.969,3.95608738968062,3.43920674799665,0.832442903389189,0.505112958942417
1993-03-27,1.2,430.89,3.58,3.58,407.06,5.70201683358193,658.41,27.06629,750.88,3.17552224503765,2.27054970568104,0.715016154973943,0.219528466253919,0.207214753166224,16.85,1.1541095890411,212.45,3.09468317552804,0,-16.0641,4.11759799833194,1.37608385686463,0.451685660266874,1.30108445697626,0.601283991047423,33.3877563865537,51.0347891166449,14.7976986383577,0.969,3.95608738968062,3.43920674799665,0.832442903389189,0.505112958942417
1993-03-28,2.1,397.97,6.67,6.67,560.75,10.198464393777966,658.41,27.06629,750.88,3.17552224503765,2.27054970568104,0.715016154973943,0.219528466253919,0.207214753166224,16.85,1.1541095890411,212.45,3.09468317552804,0,-16.0641,4.11759799833194,1.37608385686463,0.451685660266874,1.30108445697626,0.601283991047423,33.3877563865537,51.0347891166449,14.7976986383577,0.969,3.95608738968062,3.43920674799665,0.832442903389189,0.505112958942417
1993-03-29,0.8,325.57,5.83,5.83,600.58,15.183656253995313,658.41,27.06629,750.88,3.17552224503765,2.27054970568104,0.715016154973943,0.219528466253919,0.207214753166224,16.85,1.1541095890411,212.45,3.09468317552804,0,-16.0641,4.11759799833194,1.37608385686463,0.451685660266874,1.30108445697626,0.601283991047423,33.3877563865537,51.0347891166449,14.7976986383577,0.969,3.95608738968062,3.43920674799665,0.832442903389189,0.505112958942417
1993-03-30,0.09,502.17,5.17,5.17,524.43,18.311619774131685,658.41,27.06629,750.88,3.17552224503765,2.27054970568104,0.715016154973943,0.219528466253919,0.207214753166224,16.85,1.1541095890411,212.45,3.09468317552804,0,-16.0641,4.11759799833194,1.37608385686463,0.451685660266874,1.30108445697626,0.601283991047423,33.3877563865537,51.0347891166449,14.7976986383577,0.969,3.95608738968062,3.43920674799665,0.832442903389189,0.505112958942417
1993-03-31,5.41,431.8,5.11,5.11,477.29,18.474534540805454,658.41,27.06629,750.88,3.17552224503765,2.27054970568104,0.715016154973943,0.219528466253919,0.207214753166224,16.85,1.1541095890411,212.45,3.09468317552804,0,-16.0641,4.11759799833194,1.37608385686463,0.451685660266874,1.30108445697626,0.601283991047423,33.3877563865537,51.0347891166449,14.7976986383577,0.969,3.95608738968062,3.43920674799665,0.832442903389189,0.505112958942417
1993-04-01,7.16,404.09,6.66,6.66,582.28,24.143968421052627,658.41,27.06629,750.88,3.17552224503765,2.27054970568104,0.715016154973943,0.219528466253919,0.207214753166224,16.85,1.1541095890411,212.45,3.09468317552804,0,-16.0641,4.11759799833194,1.37608385686463,0.451685660266874,1.30108445697626,0.601283991047423,33.3877563865537,51.0347891166449,14.7976986383577,0.969,3.95608738968062,3.43920674799665,0.832442903389189,0.505112958942417
1993-04-02,5.74,275.22,6.24,6.24,636.28,19.19135951417004,658.41,27.06629,750.88,3.17552224503765,2.27054970568104,0.715016154973943,0.219528466253919,0.207214753166224,16.85,1.1541095890411,212.45,3.09468317552804,0,-16.0641,4.11759799833194,1.37608385686463,0.451685660266874,1.30108445697626,0.601283991047423,33.3877563865537,51.0347891166449,14.7976986383577,0.969,3.95608738968062,3.43920674799665,0.832442903389189,0.505112958942417
1993-04-03,1.21,314.91,1.46,1.46,466.01,11.762446153846152,658.41,27.06629,750.88,3.17552224503765,2.27054970568104,0.715016154973943,0.219528466253919,0.207214753166224,16.85,1.1541095890411,212.45,3.09468317552804,0,-16.0641,4.11759799833194,1.37608385686463,0.451685660266874,1.30108445697626,0.601283991047423,33.3877563865537,51.0347891166449,14.7976986383577,0.969,3.95608738968062,3.43920674799665,0.832442903389189,0.505112958942417
1993-04-04,0.03,289.4,-0.91,-0.91,411.59,6.7120883869593,658.41,27.06629,750.88,3.17552224503765,2.27054970568104,0.715016154973943,0.219528466253919,0.207214753166224,16.85,1.1541095890411,212.45,3.09468317552804,0,-16.0641,4.11759799833194,1.37608385686463,0.451685660266874,1.30108445697626,0.601283991047423,33.3877563865537,51.0347891166449,14.7976986383577,0.969,3.95608738968062,3.43920674799665,0.832442903389189,0.505112958942417
1993-04-05,0.0,430.42,-0.2,-0.2,407.58,4.822277093543575,658.41,27.06629,750.88,3.17552224503765,2.27054970568104,0.715016154973943,0.219528466253919,0.207214753166224,16.85,1.1541095890411,212.45,3.09468317552804,0,-16.0641,4.11759799833194,1.37608385686463,0.451685660266874,1.30108445697626,0.601283991047423,33.3877563865537,51.0347891166449,14.7976986383577,0.969,3.95608738968062,3.43920674799665,0.832442903389189,0.505112958942417
1993-04-06,0.0,535.92,3.2,3.2,426.78,4.235783933518006,658.41,27.06629,750.88,3.17552224503765,2.27054970568104,0.715016154973943,0.219528466253919,0.207214753166224,16.85,1.1541095890411,212.45,3.09468317552804,0,-16.0641,4.11759799833194,1.37608385686463,0.451685660266874,1.30108445697626,0.601283991047423,33.3877563865537,51.0347891166449,14.7976986383577,0.969,3.95608738968062,3.43920674799665,0.832442903389189,0.505112958942417
1993-04-07,0.0,581.92,3.46,3.46,378.22,3.9751203068399743,658.41,27.06629,750.88,3.17552224503765,2.27054970568104,0.715016154973943,0.219528466253919,0.207214753166224,16.85,1.1541095890411,212.45,3.09468317552804,0,-16.0641,4.11759799833194,1.37608385686463,0.451685660266874,1.30108445697626,0.601283991047423,33.3877563865537,51.0347891166449,14.7976986383577,0.969,3.95608738968062,3.43920674799665,0.832442903389189,0.505112958942417
1993-04-08,0.0,582.51,6.05,6.05,460.84,3.8122055401662047,658.41,27.06629,750.88,3.17552224503765,2.27054970568104,0.715016154973943,0.219528466253919,0.207214753166224,16.85,1.1541095890411,212.45,3.09468317552804,0,-16.0641,4.11759799833194,1.37608385686463,0.451685660266874,1.30108445697626,0.601283991047423,33.3877563865537,51.0347891166449,14.7976986383577,0.969,3.95608738968062,3.43920674799665,0.832442903389189,0.505112958942417
1993-04-09,0.69,431.48,9.57,9.57,679.24,3.7470396334966973,658.41,27.06629,750.88,3.17552224503765,2.27054970568104,0.715016154973943,0.219528466253919,0.207214753166224,16.85,1.1541095890411,212.45,3.09468317552804,0,-16.0641,4.11759799833194,1.37608385686463,0.451685660266874,1.30108445697626,0.601283991047423,33.3877563865537,51.0347891166449,14.7976986383577,0.969,3.95608738968062,3.43920674799665,0.832442903389189,0.505112958942417
1993-04-10,9.79,309.26,10.84,10.84,816.71,4.887443000213083,658.41,27.06629,750.88,3.17552224503765,2.27054970568104,0.715016154973943,0.219528466253919,0.207214753166224,16.85,1.1541095890411,212.45,3.09468317552804,0,-16.0641,4.11759799833194,1.37608385686463,0.451685660266874,1.30108445697626,0.601283991047423,33.3877563865537,51.0347891166449,14.7976986383577,0.969,3.95608738968062,3.43920674799665,0.832442903389189,0.505112958942417
1993-04-11,2.64,464.7,5.92,5.92,572.7,5.278438440230129,658.41,27.06629,750.88,3.17552224503765,2.27054970568104,0.715016154973943,0.219528466253919,0.207214753166224,16.85,1.1541095890411,212.45,3.09468317552804,0,-16.0641,4.11759799833194,1.37608385686463,0.451685660266874,1.30108445697626,0.601283991047423,33.3877563865537,51.0347891166449,14.7976986383577,0.969,3.95608738968062,3.43920674799665,0.832442903389189,0.505112958942417
1993-04-12,0.03,524.74,5.39,5.39,510.02,3.486376006818666,658.41,27.06629,750.88,3.17552224503765,2.27054970568104,0.715016154973943,0.219528466253919,0.207214753166224,16.85,1.1541095890411,212.45,3.09468317552804,0,-16.0641,4.11759799833194,1.37608385686463,0.451685660266874,1.30108445697626,0.601283991047423,33.3877563865537,51.0347891166449,14.7976986383577,0.969,3.95608738968062,3.43920674799665,0.832442903389189,0.505112958942417
1993-04-13,0.0,430.08,2.21,2.21,433.1,2.893366256126145,658.41,27.06629,750.88,3.17552224503765,2.27054970568104,0.715016154973943,0.219528466253919,0.207214753166224,16.85,1.1541095890411,212.45,3.09468317552804,0,-16.0641,4.11759799833194,1.37608385686463,0.451685660266874,1.30108445697626,0.601283991047423,33.3877563865537,51.0347891166449,14.7976986383577,0.969,3.95608738968062,3.43920674799665,0.832442903389189,0.505112958942417
1993-04-14,0.09,458.08,2.35,2.35,395.53,2.460012976773918,658.41,27.06629,750.88,3.17552224503765,2.27054970568104,0.715016154973943,0.219528466253919,0.207214753166224,16.85,1.1541095890411,212.45,3.09468317552804,0,-16.0641,4.11759799833194,1.37608385686463,0.451685660266874,1.30108445697626,0.601283991047423,33.3877563865537,51.0347891166449,14.7976986383577,0.969,3.95608738968062,3.43920674799665,0.832442903389189,0.505112958942417
1993-04-15,12.62,449.84,7.01,7.01,591.71,2.1407000340933307,658.41,27.06629,750.88,3.17552224503765,2.27054970568104,0.715016154973943,0.219528466253919,0.207214753166224,16.85,1.1541095890411,212.45,3.09468317552804,0,-16.0641,4.11759799833194,1.37608385686463,0.451685660266874,1.30108445697626,0.601283991047423,33.3877563865537,51.0347891166449,14.7976986383577,0.969,3.95608738968062,3.43920674799665,0.832442903389189,0.505112958942417
1993-04-16,30.99,417.56,13.8,13.8,877.88,7.917657660345195,658.41,27.06629,750.88,3.17552224503765,2.27054970568104,0.715016154973943,0.219528466253919,0.207214753166224,16.85,1.1541095890411,212.45,3.09468317552804,0,-16.0641,4.11759799833194,1.37608385686463,0.451685660266874,1.30108445697626,0.601283991047423,33.3877563865537,51.0347891166449,14.7976986383577,0.969,3.95608738968062,3.43920674799665,0.832442903389189,0.505112958942417
1993-04-17,9.83,417.79,9.28,9.28,666.12,14.369082420626464,658.41,27.06629,750.88,3.17552224503765,2.27054970568104,0.715016154973943,0.219528466253919,0.207214753166224,16.85,1.1541095890411,212.45,3.09468317552804,0,-16.0641,4.11759799833194,1.37608385686463,0.451685660266874,1.30108445697626,0.601283991047423,33.3877563865537,51.0347891166449,14.7976986383577,0.969,3.95608738968062,3.43920674799665,0.832442903389189,0.505112958942417
1993-04-18,0.67,489.62,3.82,3.82,515.28,7.494079266993395,658.41,27.06629,750.88,3.17552224503765,2.27054970568104,0.715016154973943,0.219528466253919,0.207214753166224,16.85,1.1541095890411,212.45,3.09468317552804,0,-16.0641,4.11759799833194,1.37608385686463,0.451685660266874,1.30108445697626,0.601283991047423,33.3877563865537,51.0347891166449,14.7976986383577,0.969,3.95608738968062,3.43920674799665,0.832442903389189,0.505112958942417
1993-04-19,0.62,433.42,6.56,6.56,648.36,4.757111186874067,658.41,27.06629,750.88,3.17552224503765,2.27054970568104,0.715016154973943,0.219528466253919,0.207214753166224,16.85,1.1541095890411,212.45,3.09468317552804,0,-16.0641,4.11759799833194,1.37608385686463,0.451685660266874,1.30108445697626,0.601283991047423,33.3877563865537,51.0347891166449,14.7976986383577,0.969,3.95608738968062,3.43920674799665,0.832442903389189,0.505112958942417
1993-04-20,7.04,407.16,11.86,11.86,876.02,3.714456680161943,658.41,27.06629,750.88,3.17552224503765,2.27054970568104,0.715016154973943,0.219528466253919,0.207214753166224,16.85,1.1541095890411,212.45,3.09468317552804,0,-16.0641,4.11759799833194,1.37608385686463,0.451685660266874,1.30108445697626,0.601283991047423,33.3877563865537,51.0347891166449,14.7976986383577,0.969,3.95608738968062,3.43920674799665,0.832442903389189,0.505112958942417
1993-04-21,7.36,420.37,12.16,12.16,805.43,4.235783933518006,658.41,27.06629,750.88,3.17552224503765,2.27054970568104,0.715016154973943,0.219528466253919,0.207214753166224,16.85,1.1541095890411,212.45,3.09468317552804,0,-16.0641,4.11759799833194,1.37608385686463,0.451685660266874,1.30108445697626,0.601283991047423,33.3877563865537,51.0347891166449,14.7976986383577,0.969,3.95608738968062,3.43920674799665,0.832442903389189,0.505112958942417
1993-04-22,7.29,365.24,3.73,3.73,520.71,3.681873726827189,658.41,27.06629,750.88,3.17552224503765,2.27054970568104,0.715016154973943,0.219528466253919,0.207214753166224,16.85,1.1541095890411,212.45,3.09468317552804,0,-16.0641,4.11759799833194,1.37608385686463,0.451685660266874,1.30108445697626,0.601283991047423,33.3877563865537,51.0347891166449,14.7976986383577,0.969,3.95608738968062,3.43920674799665,0.832442903389189,0.505112958942417
1993-04-23,2.33,335.0,2.36,2.36,504.52,4.300949840187513,658.41,27.06629,750.88,3.17552224503765,2.27054970568104,0.715016154973943,0.219528466253919,0.207214753166224,16.85,1.1541095890411,212.45,3.09468317552804,0,-16.0641,4.11759799833194,1.37608385686463,0.451685660266874,1.30108445697626,0.601283991047423,33.3877563865537,51.0347891166449,14.7976986383577,0.969,3.95608738968062,3.43920674799665,0.832442903389189,0.505112958942417
1993-04-24,1.46,457.94,3.32,3.32,469.81,4.626779373535052,658.41,27.06629,750.88,3.17552224503765,2.27054970568104,0.715016154973943,0.219528466253919,0.207214753166224,16.85,1.1541095890411,212.45,3.09468317552804,0,-16.0641,4.11759799833194,1.37608385686463,0.451685660266874,1.30108445697626,0.601283991047423,33.3877563865537,51.0347891166449,14.7976986383577,0.969,3.95608738968062,3.43920674799665,0.832442903389189,0.505112958942417
1993-04-25,16.85,442.64,7.17,7.17,607.76,3.9751203068399743,658.41,27.06629,750.88,3.17552224503765,2.27054970568104,0.715016154973943,0.219528466253919,0.207214753166224,16.85,1.1541095890411,212.45,3.09468317552804,0,-16.0641,4.11759799833194,1.37608385686463,0.451685660266874,1.30108445697626,0.601283991047423,33.3877563865537,51.0347891166449,14.7976986383577,0.969,3.95608738968062,3.43920674799665,0.832442903389189,0.505112958942417
1993-04-26,6.58,450.34,10.0,10.0,641.45,9.54680532708289,658.41,27.06629,750.88,3.17552224503765,2.27054970568104,0.715016154973943,0.219528466253919,0.207214753166224,16.85,1.1541095890411,212.45,3.09468317552804,0,-16.0641,4.11759799833194,1.37608385686463,0.451685660266874,1.30108445697626,0.601283991047423,33.3877563865537,51.0347891166449,14.7976986383577,0.969,3.95608738968062,3.43920674799665,0.832442903389189,0.505112958942417
1993-04-27,0.59,582.91,1.61,1.61,379.93,5.376187300234391,658.41,27.06629,750.88,3.17552224503765,2.27054970568104,0.715016154973943,0.219528466253919,0.207214753166224,16.85,1.1541095890411,212.45,3.09468317552804,0,-16.0641,4.11759799833194,1.37608385686463,0.451685660266874,1.30108445697626,0.601283991047423,33.3877563865537,51.0347891166449,14.7976986383577,0.969,3.95608738968062,3.43920674799665,0.832442903389189,0.505112958942417
1993-04-28,0.0,608.44,4.06,4.06,450.63,4.040286213509482,658.41,27.06629,750.88,3.17552224503765,2.27054970568104,0.715016154973943,0.219528466253919,0.207214753166224,16.85,1.1541095890411,212.45,3.09468317552804,0,-16.0641,4.11759799833194,1.37608385686463,0.451685660266874,1.30108445697626,0.601283991047423,33.3877563865537,51.0347891166449,14.7976986383577,0.969,3.95608738968062,3.43920674799665,0.832442903389189,0.505112958942417
1993-04-29,0.0,605.54,9.52,9.52,621.44,3.2908782868101425,658.41,27.06629,750.88,3.17552224503765,2.27054970568104,0.715016154973943,0.219528466253919,0.207214753166224,16.85,1.1541095890411,212.45,3.09468317552804,0,-16.0641,4.11759799833194,1.37608385686463,0.451685660266874,1.30108445697626,0.601283991047423,33.3877563865537,51.0347891166449,14.7976986383577,0.969,3.95608738968062,3.43920674799665,0.832442903389189,0.505112958942417
1993-04-30,0.0,587.31,11.95,11.95,721.49,2.730451489452376,658.41,27.06629,750.88,3.17552224503765,2.27054970568104,0.715016154973943,0.219528466253919,0.207214753166224,16.85,1.1541095890411,212.45,3.09468317552804,0,-16.0641,4.11759799833194,1.37608385686463,0.451685660266874,1.30108445697626,0.601283991047423,33.3877563865537,51.0347891166449,14.7976986383577,0.969,3.95608738968062,3.43920674799665,0.832442903389189,0.505112958942417
1993-05-01,0.0,599.31,11.03,11.03,669.02,2.3036148007671,658.41,27.06629,750.88,3.17552224503765,2.27054970568104,0.715016154973943,0.219528466253919,0.207214753166224,16.85,1.1541095890411,212.45,3.09468317552804,0,-16.0641,4.11759799833194,1.37608385686463,0.451685660266874,1.30108445697626,0.601283991047423,33.3877563865537,51.0347891166449,14.7976986383577,0.969,3.95608738968062,3.43920674799665,0.832442903389189,0.505112958942417
1993-05-02,0.0,604.83,11.33,11.33,685.64,1.9354274280843808,658.41,27.06629,750.88,3.17552224503765,2.27054970568104,0.715016154973943,0.219528466253919,0.207214753166224,16.85,1.1541095890411,212.45,3.09468317552804,0,-16.0641,4.11759799833194,1.37608385686463,0.451685660266874,1.30108445697626,0.601283991047423,33.3877563865537,51.0347891166449,14.7976986383577,0.969,3.95608738968062,3.43920674799665,0.832442903389189,0.505112958942417
1993-05-03,0.0,574.42,14.23,14.23,933.35,1.678022096739825,658.41,27.06629,750.88,3.17552224503765,2.27054970568104,0.715016154973943,0.219528466253919,0.207214753166224,16.85,1.1541095890411,212.45,3.09468317552804,0,-16.0641,4.11759799833194,1.37608385686463,0.451685660266874,1.30108445697626,0.601283991047423,33.3877563865537,51.0347891166449,14.7976986383577,0.969,3.95608738968062,3.43920674799665,0.832442903389189,0.505112958942417
1993-05-04,1.67,347.04,16.58,16.58,1252.12,1.4922992627317277,658.41,27.06629,750.88,3.17552224503765,2.27054970568104,0.715016154973943,0.219528466253919,0.207214753166224,16.85,1.1541095890411,212.45,3.09468317552804,0,-16.0641,4.11759799833194,1.37608385686463,0.451685660266874,1.30108445697626,0.601283991047423,33.3877563865537,51.0347891166449,14.7976986383577,0.969,3.95608738968062,3.43920674799665,0.832442903389189,0.505112958942417
1993-05-05,6.39,315.0,16.14,16.14,1269.33,1.743188003409333,658.41,27.06629,750.88,3.17552224503765,2.27054970568104,0.715016154973943,0.219528466253919,0.207214753166224,16.85,1.1541095890411,212.45,3.09468317552804,0,-16.0641,4.11759799833194,1.37608385686463,0.451685660266874,1.30108445697626,0.601283991047423,33.3877563865537,51.0347891166449,14.7976986383577,0.969,3.95608738968062,3.43920674799665,0.832442903389189,0.505112958942417
1993-05-06,1.58,486.43,15.68,15.68,1069.73,1.7855458427445128,658.41,27.06629,750.88,3.17552224503765,2.27054970568104,0.715016154973943,0.219528466253919,0.207214753166224,16.85,1.1541095890411,212.45,3.09468317552804,0,-16.0641,4.11759799833194,1.37608385686463,0.451685660266874,1.30108445697626,0.601283991047423,33.3877563865537,51.0347891166449,14.7976986383577,0.969,3.95608738968062,3.43920674799665,0.832442903389189,0.505112958942417
1993-05-07,0.0,586.99,11.45,11.45,712.5,1.3196096100575323,658.41,27.06629,750.88,3.17552224503765,2.27054970568104,0.715016154973943,0.219528466253919,0.207214753166224,16.85,1.1541095890411,212.45,3.09468317552804,0,-16.0641,4.11759799833194,1.37608385686463,0.451685660266874,1.30108445697626,0.601283991047423,33.3877563865537,51.0347891166449,14.7976986383577,0.969,3.95608738968062,3.43920674799665,0.832442903389189,0.505112958942417
1993-05-08,0.0,603.14,11.25,11.25,664.72,1.150178252716812,658.41,27.06629,750.88,3.17552224503765,2.27054970568104,0.715016154973943,0.219528466253919,0.207214753166224,16.85,1.1541095890411,212.45,3.09468317552804,0,-16.0641,4.11759799833194,1.37608385686463,0.451685660266874,1.30108445697626,0.601283991047423,33.3877563865537,51.0347891166449,14.7976986383577,0.969,3.95608738968062,3.43920674799665,0.832442903389189,0.505112958942417
1993-05-09,0.0,591.21,14.7,14.7,813.85,1.0687208693799275,658.41,27.06629,750.88,3.17552224503765,2.27054970568104,0.715016154973943,0.219528466253919,0.207214753166224,16.85,1.1541095890411,212.45,3.09468317552804,0,-16.0641,4.11759799833194,1.37608385686463,0.451685660266874,1.30108445697626,0.601283991047423,33.3877563865537,51.0347891166449,14.7976986383577,0.969,3.95608738968062,3.43920674799665,0.832442903389189,0.505112958942417
1993-05-10,0.0,589.96,16.31,16.31,891.07,0.9514222373748135,658.41,27.06629,750.88,3.17552224503765,2.27054970568104,0.715016154973943,0.219528466253919,0.207214753166224,16.85,1.1541095890411,212.45,3.09468317552804,0,-16.0641,4.11759799833194,1.37608385686463,0.451685660266874,1.30108445697626,0.601283991047423,33.3877563865537,51.0347891166449,14.7976986383577,0.969,3.95608738968062,3.43920674799665,0.832442903389189,0.505112958942417
1993-05-11,0.0,584.99,17.44,17.44,934.56,0.8569316727040273,658.41,27.06629,750.88,3.17552224503765,2.27054970568104,0.715016154973943,0.219528466253919,0.207214753166224,16.85,1.1541095890411,212.45,3.09468317552804,0,-16.0641,4.11759799833194,1.37608385686463,0.451685660266874,1.30108445697626,0.601283991047423,33.3877563865537,51.0347891166449,14.7976986383577,0.969,3.95608738968062,3.43920674799665,0.832442903389189,0.505112958942417
1993-05-12,0.0,584.05,15.69,15.69,816.42,0.7754742893671426,658.41,27.06629,750.88,3.17552224503765,2.27054970568104,0.715016154973943,0.219528466253919,0.207214753166224,16.85,1.1541095890411,212.45,3.09468317552804,0,-16.0641,4.11759799833194,1.37608385686463,0.451685660266874,1.30108445697626,0.601283991047423,33.3877563865537,51.0347891166449,14.7976986383577,0.969,3.95608738968062,3.43920674799665,0.832442903389189,0.505112958942417
1993-05-13,0.0,592.74,13.47,13.47,675.97,0.7070500873641594,658.41,27.06629,750.88,3.17552224503765,2.27054970568104,0.715016154973943,0.219528466253919,0.207214753166224,16.85,1.1541095890411,212.45,3.09468317552804,0,-16.0641,4.11759799833194,1.37608385686463,0.451685660266874,1.30108445697626,0.601283991047423,33.3877563865537,51.0347891166449,14.7976986383577,0.969,3.95608738968062,3.43920674799665,0.832442903389189,0.505112958942417
1993-05-14,0.67,446.01,8.78,8.78,577.74,0.6581756573620285,658.41,27.06629,750.88,3.17552224503765,2.27054970568104,0.715016154973943,0.219528466253919,0.207214753166224,16.85,1.1541095890411,212.45,3.09468317552804,0,-16.0641,4.11759799833194,1.37608385686463,0.451685660266874,1.30108445697626,0.601283991047423,33.3877563865537,51.0347891166449,14.7976986383577,0.969,3.95608738968062,3.43920674799665,0.832442903389189,0.505112958942417
1993-05-15,1.71,425.0,11.54,11.54,756.51,0.6255927040272746,658.41,27.06629,750.88,3.17552224503765,2.27054970568104,0.715016154973943,0.219528466253919,0.207214753166224,16.85,1.1541095890411,212.45,3.09468317552804,0,-16.0641,4.11759799833194,1.37608385686463,0.451685660266874,1.30108445697626,0.601283991047423,33.3877563865537,51.0347891166449,14.7976986383577,0.969,3.95608738968062,3.43920674799665,0.832442903389189,0.505112958942417
1993-05-16,0.77,413.02,12.82,12.82,769.1,0.58649316002557,658.41,27.06629,750.88,3.17552224503765,2.27054970568104,0.715016154973943,0.219528466253919,0.207214753166224,16.85,1.1541095890411,212.45,3.09468317552804,0,-16.0641,4.11759799833194,1.37608385686463,0.451685660266874,1.30108445697626,0.601283991047423,33.3877563865537,51.0347891166449,14.7976986383577,0.969,3.95608738968062,3.43920674799665,0.832442903389189,0.505112958942417
1993-05-17,0.1,572.49,6.91,6.91,557.47,0.5376187300234391,658.41,27.06629,750.88,3.17552224503765,2.27054970568104,0.715016154973943,0.219528466253919,0.207214753166224,16.85,1.1541095890411,212.45,3.09468317552804,0,-16.0641,4.11759799833194,1.37608385686463,0.451685660266874,1.30108445697626,0.601283991047423,33.3877563865537,51.0347891166449,14.7976986383577,0.969,3.95608738968062,3.43920674799665,0.832442903389189,0.505112958942417
1993-05-18,0.8,385.25,9.56,9.56,736.58,0.4920025953547837,658.41,27.06629,750.88,3.17552224503765,2.27054970568104,0.715016154973943,0.219528466253919,0.207214753166224,16.85,1.1541095890411,212.45,3.09468317552804,0,-16.0641,4.11759799833194,1.37608385686463,0.451685660266874,1.30108445697626,0.601283991047423,33.3877563865537,51.0347891166449,14.7976986383577,0.969,3.95608738968062,3.43920674799665,0.832442903389189,0.505112958942417
1993-05-19,2.66,294.73,9.39,9.39,778.05,0.4854860046878329,658.41,27.06629,750.88,3.17552224503765,2.27054970568104,0.715016154973943,0.219528466253919,0.207214753166224,16.85,1.1541095890411,212.45,3.09468317552804,0,-16.0641,4.11759799833194,1.37608385686463,0.451685660266874,1.30108445697626,0.601283991047423,33.3877563865537,51.0347891166449,14.7976986383577,0.969,3.95608738968062,3.43920674799665,0.832442903389189,0.505112958942417
1993-05-20,1.35,424.28,7.11,7.11,616.52,0.49851918602173445,658.41,27.06629,750.88,3.17552224503765,2.27054970568104,0.715016154973943,0.219528466253919,0.207214753166224,16.85,1.1541095890411,212.45,3.09468317552804,0,-16.0641,4.11759799833194,1.37608385686463,0.451685660266874,1.30108445697626,0.601283991047423,33.3877563865537,51.0347891166449,14.7976986383577,0.969,3.95608738968062,3.43920674799665,0.832442903389189,0.505112958942417
1993-05-21,0.9,474.46,5.62,5.62,503.39,0.4333532793522267,658.41,27.06629,750.88,3.17552224503765,2.27054970568104,0.715016154973943,0.219528466253919,0.207214753166224,16.85,1.1541095890411,212.45,3.09468317552804,0,-16.0641,4.11759799833194,1.37608385686463,0.451685660266874,1.30108445697626,0.601283991047423,33.3877563865537,51.0347891166449,14.7976986383577,0.969,3.95608738968062,3.43920674799665,0.832442903389189,0.505112958942417
1993-05-22,0.19,556.81,7.14,7.14,538.76,0.39751203068399743,658.41,27.06629,750.88,3.17552224503765,2.27054970568104,0.715016154973943,0.219528466253919,0.207214753166224,16.85,1.1541095890411,212.45,3.09468317552804,0,-16.0641,4.11759799833194,1.37608385686463,0.451685660266874,1.30108445697626,0.601283991047423,33.3877563865537,51.0347891166449,14.7976986383577,0.969,3.95608738968062,3.43920674799665,0.832442903389189,0.505112958942417
1993-05-23,0.61,438.72,8.55,8.55,619.65,0.36818737268271895,658.41,27.06629,750.88,3.17552224503765,2.27054970568104,0.715016154973943,0.219528466253919,0.207214753166224,16.85,1.1541095890411,212.45,3.09468317552804,0,-16.0641,4.11759799833194,1.37608385686463,0.451685660266874,1.30108445697626,0.601283991047423,33.3877563865537,51.0347891166449,14.7976986383577,0.969,3.95608738968062,3.43920674799665,0.832442903389189,0.505112958942417
1993-05-24,2.92,398.72,12.64,12.64,900.12,0.3453793053483912,658.41,27.06629,750.88,3.17552224503765,2.27054970568104,0.715016154973943,0.219528466253919,0.207214753166224,16.85,1.1541095890411,212.45,3.09468317552804,0,-16.0641,4.11759799833194,1.37608385686463,0.451685660266874,1.30108445697626,0.601283991047423,33.3877563865537,51.0347891166449,14.7976986383577,0.969,3.95608738968062,3.43920674799665,0.832442903389189,0.505112958942417
1993-05-25,0.73,335.43,14.38,14.38,1041.34,0.3779622586831451,658.41,27.06629,750.88,3.17552224503765,2.27054970568104,0.715016154973943,0.219528466253919,0.207214753166224,16.85,1.1541095890411,212.45,3.09468317552804,0,-16.0641,4.11759799833194,1.37608385686463,0.451685660266874,1.30108445697626,0.601283991047423,33.3877563865537,51.0347891166449,14.7976986383577,0.969,3.95608738968062,3.43920674799665,0.832442903389189,0.505112958942417
1993-05-26,0.0,538.06,9.61,9.61,712.3,0.3388627146814404,658.41,27.06629,750.88,3.17552224503765,2.27054970568104,0.715016154973943,0.219528466253919,0.207214753166224,16.85,1.1541095890411,212.45,3.09468317552804,0,-16.0641,4.11759799833194,1.37608385686463,0.451685660266874,1.30108445697626,0.601283991047423,33.3877563865537,51.0347891166449,14.7976986383577,0.969,3.95608738968062,3.43920674799665,0.832442903389189,0.505112958942417
1993-05-27,0.08,407.15,10.73,10.73,768.62,0.293246580012785,658.41,27.06629,750.88,3.17552224503765,2.27054970568104,0.715016154973943,0.219528466253919,0.207214753166224,16.85,1.1541095890411,212.45,3.09468317552804,0,-16.0641,4.11759799833194,1.37608385686463,0.451685660266874,1.30108445697626,0.601283991047423,33.3877563865537,51.0347891166449,14.7976986383577,0.969,3.95608738968062,3.43920674799665,0.832442903389189,0.505112958942417
1993-05-28,0.19,437.93,13.5,13.5,862.63,0.2671802173449819,658.41,27.06629,750.88,3.17552224503765,2.27054970568104,0.715016154973943,0.219528466253919,0.207214753166224,16.85,1.1541095890411,212.45,3.09468317552804,0,-16.0641,4.11759799833194,1.37608385686463,0.451685660266874,1.30108445697626,0.601283991047423,33.3877563865537,51.0347891166449,14.7976986383577,0.969,3.95608738968062,3.43920674799665,0.832442903389189,0.505112958942417
1993-05-29,0.04,557.34,14.54,14.54,802.44,0.25414703601108035,658.41,27.06629,750.88,3.17552224503765,2.27054970568104,0.715016154973943,0.219528466253919,0.207214753166224,16.85,1.1541095890411,212.45,3.09468317552804,0,-16.0641,4.11759799833194,1.37608385686463,0.451685660266874,1.30108445697626,0.601283991047423,33.3877563865537,51.0347891166449,14.7976986383577,0.969,3.95608738968062,3.43920674799665,0.832442903389189,0.505112958942417
1993-05-30,3.69,446.88,9.37,9.37,616.4,0.24111385467717877,658.41,27.06629,750.88,3.17552224503765,2.27054970568104,0.715016154973943,0.219528466253919,0.207214753166224,16.85,1.1541095890411,212.45,3.09468317552804,0,-16.0641,4.11759799833194,1.37608385686463,0.451685660266874,1.30108445697626,0.601283991047423,33.3877563865537,51.0347891166449,14.7976986383577,0.969,3.95608738968062,3.43920674799665,0.832442903389189,0.505112958942417
1993-05-31,10.16,392.22,12.4,12.4,832.02,0.26392192201150644,658.41,27.06629,750.88,3.17552224503765,2.27054970568104,0.715016154973943,0.219528466253919,0.207214753166224,16.85,1.1541095890411,212.45,3.09468317552804,0,-16.0641,4.11759799833194,1.37608385686463,0.451685660266874,1.30108445697626,0.601283991047423,33.3877563865537,51.0347891166449,14.7976986383577,0.969,3.95608738968062,3.43920674799665,0.832442903389189,0.505112958942417
1993-06-01,2.79,370.91,11.14,11.14,774.39,0.4007703260174728,658.41,27.06629,750.88,3.17552224503765,2.27054970568104,0.715016154973943,0.219528466253919,0.207214753166224,16.85,1.1541095890411,212.45,3.09468317552804,0,-16.0641,4.11759799833194,1.37608385686463,0.451685660266874,1.30108445697626,0.601283991047423,33.3877563865537,51.0347891166449,14.7976986383577,0.969,3.95608738968062,3.43920674799665,0.832442903389189,0.505112958942417
1993-06-02,0.1,538.27,7.0,7.0,586.4,0.276955103345408,658.41,27.06629,750.88,3.17552224503765,2.27054970568104,0.715016154973943,0.219528466253919,0.207214753166224,16.85,1.1541095890411,212.45,3.09468317552804,0,-16.0641,4.11759799833194,1.37608385686463,0.451685660266874,1.30108445697626,0.601283991047423,33.3877563865537,51.0347891166449,14.7976986383577,0.969,3.95608738968062,3.43920674799665,0.832442903389189,0.505112958942417
1993-06-03,0.42,420.78,8.56,8.56,658.9,0.24111385467717877,658.41,27.06629,750.88,3.17552224503765,2.27054970568104,0.715016154973943,0.219528466253919,0.207214753166224,16.85,1.1541095890411,212.45,3.09468317552804,0,-16.0641,4.11759799833194,1.37608385686463,0.451685660266874,1.30108445697626,0.601283991047423,33.3877563865537,51.0347891166449,14.7976986383577,0.969,3.95608738968062,3.43920674799665,0.832442903389189,0.505112958942417
1993-06-04,0.56,384.58,10.78,10.78,805.4,0.22808067334327722,658.41,27.06629,750.88,3.17552224503765,2.27054970568104,0.715016154973943,0.219528466253919,0.207214753166224,16.85,1.1541095890411,212.45,3.09468317552804,0,-16.0641,4.11759799833194,1.37608385686463,0.451685660266874,1.30108445697626,0.601283991047423,33.3877563865537,51.0347891166449,14.7976986383577,0.969,3.95608738968062,3.43920674799665,0.832442903389189,0.505112958942417
1993-06-05,7.48,351.68,12.24,12.24,912.57,0.23785555934370337,658.41,27.06629,750.88,3.17552224503765,2.27054970568104,0.715016154973943,0.219528466253919,0.207214753166224,16.85,1.1541095890411,212.45,3.09468317552804,0,-16.0641,4.11759799833194,1.37608385686463,0.451685660266874,1.30108445697626,0.601283991047423,33.3877563865537,51.0347891166449,14.7976986383577,0.969,3.95608738968062,3.43920674799665,0.832442903389189,0.505112958942417
1993-06-06,1.95,342.33,11.38,11.38,897.81,0.27369680801193264,658.41,27.06629,750.88,3.17552224503765,2.27054970568104,0.715016154973943,0.219528466253919,0.207214753166224,16.85,1.1541095890411,212.45,3.09468317552804,0,-16.0641,4.11759799833194,1.37608385686463,0.451685660266874,1.30108445697626,0.601283991047423,33.3877563865537,51.0347891166449,14.7976986383577,0.969,3.95608738968062,3.43920674799665,0.832442903389189,0.505112958942417
1993-06-07,0.0,546.24,11.67,11.67,837.29,0.22482237800980182,658.41,27.06629,750.88,3.17552224503765,2.27054970568104,0.715016154973943,0.219528466253919,0.207214753166224,16.85,1.1541095890411,212.45,3.09468317552804,0,-16.0641,4.11759799833194,1.37608385686463,0.451685660266874,1.30108445697626,0.601283991047423,33.3877563865537,51.0347891166449,14.7976986383577,0.969,3.95608738968062,3.43920674799665,0.832442903389189,0.505112958942417
1993-06-08,12.29,360.48,14.54,14.54,1116.39,0.21504749200937565,658.41,27.06629,750.88,3.17552224503765,2.27054970568104,0.715016154973943,0.219528466253919,0.207214753166224,16.85,1.1541095890411,212.45,3.09468317552804,0,-16.0641,4.11759799833194,1.37608385686463,0.451685660266874,1.30108445697626,0.601283991047423,33.3877563865537,51.0347891166449,14.7976986383577,0.969,3.95608738968062,3.43920674799665,0.832442903389189,0.505112958942417
1993-06-09,16.52,276.39,17.35,17.35,1427.03,0.8829980353718304,658.41,27.06629,750.88,3.17552224503765,2.27054970568104,0.715016154973943,0.219528466253919,0.207214753166224,16.85,1.1541095890411,212.45,3.09468317552804,0,-16.0641,4.11759799833194,1.37608385686463,0.451685660266874,1.30108445697626,0.601283991047423,33.3877563865537,51.0347891166449,14.7976986383577,0.969,3.95608738968062,3.43920674799665,0.832442903389189,0.505112958942417
1993-06-10,3.56,436.33,19.45,19.45,1432.07,0.7591828126997655,658.41,27.06629,750.88,3.17552224503765,2.27054970568104,0.715016154973943,0.219528466253919,0.207214753166224,16.85,1.1541095890411,212.45,3.09468317552804,0,-16.0641,4.11759799833194,1.37608385686463,0.451685660266874,1.30108445697626,0.601283991047423,33.3877563865537,51.0347891166449,14.7976986383577,0.969,3.95608738968062,3.43920674799665,0.832442903389189,0.505112958942417
1993-06-11,0.02,504.11,17.56,17.56,1141.73,0.3909954400170466,658.41,27.06629,750.88,3.17552224503765,2.27054970568104,0.715016154973943,0.219528466253919,0.207214753166224,16.85,1.1541095890411,212.45,3.09468317552804,0,-16.0641,4.11759799833194,1.37608385686463,0.451685660266874,1.30108445697626,0.601283991047423,33.3877563865537,51.0347891166449,14.7976986383577,0.969,3.95608738968062,3.43920674799665,0.832442903389189,0.505112958942417
1993-06-12,0.0,573.26,14.38,14.38,863.28,0.2867299893458342,658.41,27.06629,750.88,3.17552224503765,2.27054970568104,0.715016154973943,0.219528466253919,0.207214753166224,16.85,1.1541095890411,212.45,3.09468317552804,0,-16.0641,4.11759799833194,1.37608385686463,0.451685660266874,1.30108445697626,0.601283991047423,33.3877563865537,51.0347891166449,14.7976986383577,0.969,3.95608738968062,3.43920674799665,0.832442903389189,0.505112958942417
1993-06-13,0.0,570.34,15.68,15.68,901.03,0.24111385467717877,658.41,27.06629,750.88,3.17552224503765,2.27054970568104,0.715016154973943,0.219528466253919,0.207214753166224,16.85,1.1541095890411,212.45,3.09468317552804,0,-16.0641,4.11759799833194,1.37608385686463,0.451685660266874,1.30108445697626,0.601283991047423,33.3877563865537,51.0347891166449,14.7976986383577,0.969,3.95608738968062,3.43920674799665,0.832442903389189,0.505112958942417
1993-06-14,0.0,573.11,16.27,16.27,987.03,0.20853090134242488,658.41,27.06629,750.88,3.17552224503765,2.27054970568104,0.715016154973943,0.219528466253919,0.207214753166224,16.85,1.1541095890411,212.45,3.09468317552804,0,-16.0641,4.11759799833194,1.37608385686463,0.451685660266874,1.30108445697626,0.601283991047423,33.3877563865537,51.0347891166449,14.7976986383577,0.969,3.95608738968062,3.43920674799665,0.832442903389189,0.505112958942417
1993-06-15,0.32,395.46,18.7,18.7,1190.44,0.18572283400809714,658.41,27.06629,750.88,3.17552224503765,2.27054970568104,0.715016154973943,0.219528466253919,0.207214753166224,16.85,1.1541095890411,212.45,3.09468317552804,0,-16.0641,4.11759799833194,1.37608385686463,0.451685660266874,1.30108445697626,0.601283991047423,33.3877563865537,51.0347891166449,14.7976986383577,0.969,3.95608738968062,3.43920674799665,0.832442903389189,0.505112958942417
1993-06-16,0.08,557.69,16.4,16.4,966.16,0.17594794800767097,658.41,27.06629,750.88,3.17552224503765,2.27054970568104,0.715016154973943,0.219528466253919,0.207214753166224,16.85,1.1541095890411,212.45,3.09468317552804,0,-16.0641,4.11759799833194,1.37608385686463,0.451685660266874,1.30108445697626,0.601283991047423,33.3877563865537,51.0347891166449,14.7976986383577,0.969,3.95608738968062,3.43920674799665,0.832442903389189,0.505112958942417
1993-06-17,0.0,572.66,15.28,15.28,909.5,0.1726896526741956,658.41,27.06629,750.88,3.17552224503765,2.27054970568104,0.715016154973943,0.219528466253919,0.207214753166224,16.85,1.1541095890411,212.45,3.09468317552804,0,-16.0641,4.11759799833194,1.37608385686463,0.451685660266874,1.30108445697626,0.601283991047423,33.3877563865537,51.0347891166449,14.7976986383577,0.969,3.95608738968062,3.43920674799665,0.832442903389189,0.505112958942417
1993-06-18,1.26,429.59,17.88,17.88,1088.09,0.1694313573407202,658.41,27.06629,750.88,3.17552224503765,2.27054970568104,0.715016154973943,0.219528466253919,0.207214753166224,16.85,1.1541095890411,212.45,3.09468317552804,0,-16.0641,4.11759799833194,1.37608385686463,0.451685660266874,1.30108445697626,0.601283991047423,33.3877563865537,51.0347891166449,14.7976986383577,0.969,3.95608738968062,3.43920674799665,0.832442903389189,0.505112958942417
1993-06-19,3.96,413.1,20.24,20.24,1348.32,0.1694313573407202,658.41,27.06629,750.88,3.17552224503765,2.27054970568104,0.715016154973943,0.219528466253919,0.207214753166224,16.85,1.1541095890411,212.45,3.09468317552804,0,-16.0641,4.11759799833194,1.37608385686463,0.451685660266874,1.30108445697626,0.601283991047423,33.3877563865537,51.0347891166449,14.7976986383577,0.969,3.95608738968062,3.43920674799665,0.832442903389189,0.505112958942417
1993-06-20,6.02,346.02,22.08,22.08,1664.24,0.17594794800767097,658.41,27.06629,750.88,3.17552224503765,2.27054970568104,0.715016154973943,0.219528466253919,0.207214753166224,16.85,1.1541095890411,212.45,3.09468317552804,0,-16.0641,4.11759799833194,1.37608385686463,0.451685660266874,1.30108445697626,0.601283991047423,33.3877563865537,51.0347891166449,14.7976986383577,0.969,3.95608738968062,3.43920674799665,0.832442903389189,0.505112958942417
1993-06-21,6.9,346.53,21.67,21.67,1612.4,0.22482237800980182,658.41,27.06629,750.88,3.17552224503765,2.27054970568104,0.715016154973943,0.219528466253919,0.207214753166224,16.85,1.1541095890411,212.45,3.09468317552804,0,-16.0641,4.11759799833194,1.37608385686463,0.451685660266874,1.30108445697626,0.601283991047423,33.3877563865537,51.0347891166449,14.7976986383577,0.969,3.95608738968062,3.43920674799665,0.832442903389189,0.505112958942417
1993-06-22,1.48,434.38,18.61,18.61,1266.1,0.2834716940123588,658.41,27.06629,750.88,3.17552224503765,2.27054970568104,0.715016154973943,0.219528466253919,0.207214753166224,16.85,1.1541095890411,212.45,3.09468317552804,0,-16.0641,4.11759799833194,1.37608385686463,0.451685660266874,1.30108445697626,0.601283991047423,33.3877563865537,51.0347891166449,14.7976986383577,0.969,3.95608738968062,3.43920674799665,0.832442903389189,0.505112958942417
1993-06-23,0.01,571.55,14.66,14.66,829.7,0.1954977200085233,658.41,27.06629,750.88,3.17552224503765,2.27054970568104,0.715016154973943,0.219528466253919,0.207214753166224,16.85,1.1541095890411,212.45,3.09468317552804,0,-16.0641,4.11759799833194,1.37608385686463,0.451685660266874,1.30108445697626,0.601283991047423,33.3877563865537,51.0347891166449,14.7976986383577,0.969,3.95608738968062,3.43920674799665,0.832442903389189,0.505112958942417
1993-06-24,0.0,594.51,13.36,13.36,728.11,0.16291476667376945,658.41,27.06629,750.88,3.17552224503765,2.27054970568104,0.715016154973943,0.219528466253919,0.207214753166224,16.85,1.1541095890411,212.45,3.09468317552804,0,-16.0641,4.11759799833194,1.37608385686463,0.451685660266874,1.30108445697626,0.601283991047423,33.3877563865537,51.0347891166449,14.7976986383577,0.969,3.95608738968062,3.43920674799665,0.832442903389189,0.505112958942417
1993-06-25,0.22,498.22,16.99,16.99,993.71,0.1466232900063925,658.41,27.06629,750.88,3.17552224503765,2.27054970568104,0.715016154973943,0.219528466253919,0.207214753166224,16.85,1.1541095890411,212.45,3.09468317552804,0,-16.0641,4.11759799833194,1.37608385686463,0.451685660266874,1.30108445697626,0.601283991047423,33.3877563865537,51.0347891166449,14.7976986383577,0.969,3.95608738968062,3.43920674799665,0.832442903389189,0.505112958942417
1993-06-26,1.98,400.12,21.08,21.08,1328.87,0.13684840400596632,658.41,27.06629,750.88,3.17552224503765,2.27054970568104,0.715016154973943,0.219528466253919,0.207214753166224,16.85,1.1541095890411,212.45,3.09468317552804,0,-16.0641,4.11759799833194,1.37608385686463,0.451685660266874,1.30108445697626,0.601283991047423,33.3877563865537,51.0347891166449,14.7976986383577,0.969,3.95608738968062,3.43920674799665,0.832442903389189,0.505112958942417
1993-06-27,7.86,378.45,16.96,16.96,1191.37,0.13359010867249094,658.41,27.06629,750.88,3.17552224503765,2.27054970568104,0.715016154973943,0.219528466253919,0.207214753166224,16.85,1.1541095890411,212.45,3.09468317552804,0,-16.0641,4.11759799833194,1.37608385686463,0.451685660266874,1.30108445697626,0.601283991047423,33.3877563865537,51.0347891166449,14.7976986383577,0.969,3.95608738968062,3.43920674799665,0.832442903389189,0.505112958942417
1993-06-28,2.74,390.13,18.67,18.67,1283.24,0.1726896526741956,658.41,27.06629,750.88,3.17552224503765,2.27054970568104,0.715016154973943,0.219528466253919,0.207214753166224,16.85,1.1541095890411,212.45,3.09468317552804,0,-16.0641,4.11759799833194,1.37608385686463,0.451685660266874,1.30108445697626,0.601283991047423,33.3877563865537,51.0347891166449,14.7976986383577,0.969,3.95608738968062,3.43920674799665,0.832442903389189,0.505112958942417
1993-06-29,0.21,499.55,18.16,18.16,1173.26,0.15965647134029404,658.41,27.06629,750.88,3.17552224503765,2.27054970568104,0.715016154973943,0.219528466253919,0.207214753166224,16.85,1.1541095890411,212.45,3.09468317552804,0,-16.0641,4.11759799833194,1.37608385686463,0.451685660266874,1.30108445697626,0.601283991047423,33.3877563865537,51.0347891166449,14.7976986383577,0.969,3.95608738968062,3.43920674799665,0.832442903389189,0.505112958942417
1993-06-30,0.0,553.64,15.36,15.36,954.51,0.13359010867249094,658.41,27.06629,750.88,3.17552224503765,2.27054970568104,0.715016154973943,0.219528466253919,0.207214753166224,16.85,1.1541095890411,212.45,3.09468317552804,0,-16.0641,4.11759799833194,1.37608385686463,0.451685660266874,1.30108445697626,0.601283991047423,33.3877563865537,51.0347891166449,14.7976986383577,0.969,3.95608738968062,3.43920674799665,0.832442903389189,0.505112958942417
1993-07-01,0.0,556.82,16.19,16.19,1028.15,0.12707351800554018,658.41,27.06629,750.88,3.17552224503765,2.27054970568104,0.715016154973943,0.219528466253919,0.207214753166224,16.85,1.1541095890411,212.45,3.09468317552804,0,-16.0641,4.11759799833194,1.37608385686463,0.451685660266874,1.30108445697626,0.601283991047423,33.3877563865537,51.0347891166449,14.7976986383577,0.969,3.95608738968062,3.43920674799665,0.832442903389189,0.505112958942417
1993-07-02,1.25,379.58,18.27,18.27,1301.05,0.12707351800554018,658.41,27.06629,750.88,3.17552224503765,2.27054970568104,0.715016154973943,0.219528466253919,0.207214753166224,16.85,1.1541095890411,212.45,3.09468317552804,0,-16.0641,4.11759799833194,1.37608385686463,0.451685660266874,1.30108445697626,0.601283991047423,33.3877563865537,51.0347891166449,14.7976986383577,0.969,3.95608738968062,3.43920674799665,0.832442903389189,0.505112958942417
1993-07-03,0.4,390.03,19.97,19.97,1483.16,0.13359010867249094,658.41,27.06629,750.88,3.17552224503765,2.27054970568104,0.715016154973943,0.219528466253919,0.207214753166224,16.85,1.1541095890411,212.45,3.09468317552804,0,-16.0641,4.11759799833194,1.37608385686463,0.451685660266874,1.30108445697626,0.601283991047423,33.3877563865537,51.0347891166449,14.7976986383577,0.969,3.95608738968062,3.43920674799665,0.832442903389189,0.505112958942417
1993-07-04,0.02,525.33,21.37,21.37,1476.17,0.12707351800554018,658.41,27.06629,750.88,3.17552224503765,2.27054970568104,0.715016154973943,0.219528466253919,0.207214753166224,16.85,1.1541095890411,212.45,3.09468317552804,0,-16.0641,4.11759799833194,1.37608385686463,0.451685660266874,1.30108445697626,0.601283991047423,33.3877563865537,51.0347891166449,14.7976986383577,0.969,3.95608738968062,3.43920674799665,0.832442903389189,0.505112958942417
1993-07-05,0.45,401.81,23.26,23.26,1650.77,0.11078204133816322,658.41,27.06629,750.88,3.17552224503765,2.27054970568104,0.715016154973943,0.219528466253919,0.207214753166224,16.85,1.1541095890411,212.45,3.09468317552804,0,-16.0641,4.11759799833194,1.37608385686463,0.451685660266874,1.30108445697626,0.601283991047423,33.3877563865537,51.0347891166449,14.7976986383577,0.969,3.95608738968062,3.43920674799665,0.832442903389189,0.505112958942417
1993-07-06,0.45,389.1,24.78,24.78,1822.01,0.09774886000426165,658.41,27.06629,750.88,3.17552224503765,2.27054970568104,0.715016154973943,0.219528466253919,0.207214753166224,16.85,1.1541095890411,212.45,3.09468317552804,0,-16.0641,4.11759799833194,1.37608385686463,0.451685660266874,1.30108445697626,0.601283991047423,33.3877563865537,51.0347891166449,14.7976986383577,0.969,3.95608738968062,3.43920674799665,0.832442903389189,0.505112958942417
1993-07-07,0.38,445.82,25.16,25.16,1853.67,0.09449056467078627,658.41,27.06629,750.88,3.17552224503765,2.27054970568104,0.715016154973943,0.219528466253919,0.207214753166224,16.85,1.1541095890411,212.45,3.09468317552804,0,-16.0641,4.11759799833194,1.37608385686463,0.451685660266874,1.30108445697626,0.601283991047423,33.3877563865537,51.0347891166449,14.7976986383577,0.969,3.95608738968062,3.43920674799665,0.832442903389189,0.505112958942417
1993-07-08,0.08,490.43,24.58,24.58,1763.07,0.09449056467078627,658.41,27.06629,750.88,3.17552224503765,2.27054970568104,0.715016154973943,0.219528466253919,0.207214753166224,16.85,1.1541095890411,212.45,3.09468317552804,0,-16.0641,4.11759799833194,1.37608385686463,0.451685660266874,1.30108445697626,0.601283991047423,33.3877563865537,51.0347891166449,14.7976986383577,0.969,3.95608738968062,3.43920674799665,0.832442903389189,0.505112958942417
1993-07-09,0.0,512.36,24.11,24.11,1697.73,0.08797397400383548,658.41,27.06629,750.88,3.17552224503765,2.27054970568104,0.715016154973943,0.219528466253919,0.207214753166224,16.85,1.1541095890411,212.45,3.09468317552804,0,-16.0641,4.11759799833194,1.37608385686463,0.451685660266874,1.30108445697626,0.601283991047423,33.3877563865537,51.0347891166449,14.7976986383577,0.969,3.95608738968062,3.43920674799665,0.832442903389189,0.505112958942417
1993-07-10,0.0,479.54,24.61,24.61,1720.76,0.08145738333688472,658.41,27.06629,750.88,3.17552224503765,2.27054970568104,0.715016154973943,0.219528466253919,0.207214753166224,16.85,1.1541095890411,212.45,3.09468317552804,0,-16.0641,4.11759799833194,1.37608385686463,0.451685660266874,1.30108445697626,0.601283991047423,33.3877563865537,51.0347891166449,14.7976986383577,0.969,3.95608738968062,3.43920674799665,0.832442903389189,0.505112958942417
1993-07-11,8.59,391.63,21.79,21.79,1527.93,0.08145738333688472,658.41,27.06629,750.88,3.17552224503765,2.27054970568104,0.715016154973943,0.219528466253919,0.207214753166224,16.85,1.1541095890411,212.45,3.09468317552804,0,-16.0641,4.11759799833194,1.37608385686463,0.451685660266874,1.30108445697626,0.601283991047423,33.3877563865537,51.0347891166449,14.7976986383577,0.969,3.95608738968062,3.43920674799665,0.832442903389189,0.505112958942417
1993-07-12,2.29,424.61,22.06,22.06,1572.58,0.09123226933731088,658.41,27.06629,750.88,3.17552224503765,2.27054970568104,0.715016154973943,0.219528466253919,0.207214753166224,16.85,1.1541095890411,212.45,3.09468317552804,0,-16.0641,4.11759799833194,1.37608385686463,0.451685660266874,1.30108445697626,0.601283991047423,33.3877563865537,51.0347891166449,14.7976986383577,0.969,3.95608738968062,3.43920674799665,0.832442903389189,0.505112958942417
1993-07-13,0.15,495.09,19.84,19.84,1310.1,0.08797397400383548,658.41,27.06629,750.88,3.17552224503765,2.27054970568104,0.715016154973943,0.219528466253919,0.207214753166224,16.85,1.1541095890411,212.45,3.09468317552804,0,-16.0641,4.11759799833194,1.37608385686463,0.451685660266874,1.30108445697626,0.601283991047423,33.3877563865537,51.0347891166449,14.7976986383577,0.969,3.95608738968062,3.43920674799665,0.832442903389189,0.505112958942417
1993-07-14,3.85,402.54,20.13,20.13,1325.08,0.08145738333688472,658.41,27.06629,750.88,3.17552224503765,2.27054970568104,0.715016154973943,0.219528466253919,0.207214753166224,16.85,1.1541095890411,212.45,3.09468317552804,0,-16.0641,4.11759799833194,1.37608385686463,0.451685660266874,1.30108445697626,0.601283991047423,33.3877563865537,51.0347891166449,14.7976986383577,0.969,3.95608738968062,3.43920674799665,0.832442903389189,0.505112958942417
1993-07-15,1.01,456.35,19.31,19.31,1246.94,0.08145738333688472,658.41,27.06629,750.88,3.17552224503765,2.27054970568104,0.715016154973943,0.219528466253919,0.207214753166224,16.85,1.1541095890411,212.45,3.09468317552804,0,-16.0641,4.11759799833194,1.37608385686463,0.451685660266874,1.30108445697626,0.601283991047423,33.3877563865537,51.0347891166449,14.7976986383577,0.969,3.95608738968062,3.43920674799665,0.832442903389189,0.505112958942417
1993-07-16,0.0,553.13,16.0,16.0,926.64,0.07819908800340933,658.41,27.06629,750.88,3.17552224503765,2.27054970568104,0.715016154973943,0.219528466253919,0.207214753166224,16.85,1.1541095890411,212.45,3.09468317552804,0,-16.0641,4.11759799833194,1.37608385686463,0.451685660266874,1.30108445697626,0.601283991047423,33.3877563865537,51.0347891166449,14.7976986383577,0.969,3.95608738968062,3.43920674799665,0.832442903389189,0.505112958942417
1993-07-17,0.0,559.27,16.06,16.06,878.04,0.07168249733645855,658.41,27.06629,750.88,3.17552224503765,2.27054970568104,0.715016154973943,0.219528466253919,0.207214753166224,16.85,1.1541095890411,212.45,3.09468317552804,0,-16.0641,4.11759799833194,1.37608385686463,0.451685660266874,1.30108445697626,0.601283991047423,33.3877563865537,51.0347891166449,14.7976986383577,0.969,3.95608738968062,3.43920674799665,0.832442903389189,0.505112958942417
1993-07-18,0.73,435.74,15.64,15.64,889.69,0.06842420200298316,658.41,27.06629,750.88,3.17552224503765,2.27054970568104,0.715016154973943,0.219528466253919,0.207214753166224,16.85,1.1541095890411,212.45,3.09468317552804,0,-16.0641,4.11759799833194,1.37608385686463,0.451685660266874,1.30108445697626,0.601283991047423,33.3877563865537,51.0347891166449,14.7976986383577,0.969,3.95608738968062,3.43920674799665,0.832442903389189,0.505112958942417
1993-07-19,13.36,407.62,18.75,18.75,1167.61,0.08145738333688472,658.41,27.06629,750.88,3.17552224503765,2.27054970568104,0.715016154973943,0.219528466253919,0.207214753166224,16.85,1.1541095890411,212.45,3.09468317552804,0,-16.0641,4.11759799833194,1.37608385686463,0.451685660266874,1.30108445697626,0.601283991047423,33.3877563865537,51.0347891166449,14.7976986383577,0.969,3.95608738968062,3.43920674799665,0.832442903389189,0.505112958942417
1993-07-20,3.46,466.15,19.89,19.89,1274.62,0.1401066993394417,658.41,27.06629,750.88,3.17552224503765,2.27054970568104,0.715016154973943,0.219528466253919,0.207214753166224,16.85,1.1541095890411,212.45,3.09468317552804,0,-16.0641,4.11759799833194,1.37608385686463,0.451685660266874,1.30108445697626,0.601283991047423,33.3877563865537,51.0347891166449,14.7976986383577,0.969,3.95608738968062,3.43920674799665,0.832442903389189,0.505112958942417
1993-07-21,0.0,528.14,17.09,17.09,1005.08,0.10100715533773705,658.41,27.06629,750.88,3.17552224503765,2.27054970568104,0.715016154973943,0.219528466253919,0.207214753166224,16.85,1.1541095890411,212.45,3.09468317552804,0,-16.0641,4.11759799833194,1.37608385686463,0.451685660266874,1.30108445697626,0.601283991047423,33.3877563865537,51.0347891166449,14.7976986383577,0.969,3.95608738968062,3.43920674799665,0.832442903389189,0.505112958942417
1993-07-22,0.06,554.29,15.39,15.39,856.91,0.08145738333688472,658.41,27.06629,750.88,3.17552224503765,2.27054970568104,0.715016154973943,0.219528466253919,0.207214753166224,16.85,1.1541095890411,212.45,3.09468317552804,0,-16.0641,4.11759799833194,1.37608385686463,0.451685660266874,1.30108445697626,0.601283991047423,33.3877563865537,51.0347891166449,14.7976986383577,0.969,3.95608738968062,3.43920674799665,0.832442903389189,0.505112958942417
1993-07-23,0.02,552.59,15.81,15.81,869.6,0.07494079266993393,658.41,27.06629,750.88,3.17552224503765,2.27054970568104,0.715016154973943,0.219528466253919,0.207214753166224,16.85,1.1541095890411,212.45,3.09468317552804,0,-16.0641,4.11759799833194,1.37608385686463,0.451685660266874,1.30108445697626,0.601283991047423,33.3877563865537,51.0347891166449,14.7976986383577,0.969,3.95608738968062,3.43920674799665,0.832442903389189,0.505112958942417
1993-07-24,0.01,536.46,16.39,16.39,874.71,0.06842420200298316,658.41,27.06629,750.88,3.17552224503765,2.27054970568104,0.715016154973943,0.219528466253919,0.207214753166224,16.85,1.1541095890411,212.45,3.09468317552804,0,-16.0641,4.11759799833194,1.37608385686463,0.451685660266874,1.30108445697626,0.601283991047423,33.3877563865537,51.0347891166449,14.7976986383577,0.969,3.95608738968062,3.43920674799665,0.832442903389189,0.505112958942417
1993-07-25,0.02,512.47,18.06,18.06,965.0,0.058649316002556996,658.41,27.06629,750.88,3.17552224503765,2.27054970568104,0.715016154973943,0.219528466253919,0.207214753166224,16.85,1.1541095890411,212.45,3.09468317552804,0,-16.0641,4.11759799833194,1.37608385686463,0.451685660266874,1.30108445697626,0.601283991047423,33.3877563865537,51.0347891166449,14.7976986383577,0.969,3.95608738968062,3.43920674799665,0.832442903389189,0.505112958942417
1993-07-26,1.25,435.17,18.86,18.86,1172.48,0.05539102066908161,658.41,27.06629,750.88,3.17552224503765,2.27054970568104,0.715016154973943,0.219528466253919,0.207214753166224,16.85,1.1541095890411,212.45,3.09468317552804,0,-16.0641,4.11759799833194,1.37608385686463,0.451685660266874,1.30108445697626,0.601283991047423,33.3877563865537,51.0347891166449,14.7976986383577,0.969,3.95608738968062,3.43920674799665,0.832442903389189,0.505112958942417
1993-07-27,0.68,440.33,19.98,19.98,1304.54,0.05539102066908161,658.41,27.06629,750.88,3.17552224503765,2.27054970568104,0.715016154973943,0.219528466253919,0.207214753166224,16.85,1.1541095890411,212.45,3.09468317552804,0,-16.0641,4.11759799833194,1.37608385686463,0.451685660266874,1.30108445697626,0.601283991047423,33.3877563865537,51.0347891166449,14.7976986383577,0.969,3.95608738968062,3.43920674799665,0.832442903389189,0.505112958942417
1993-07-28,8.67,395.94,20.97,20.97,1347.33,0.05539102066908161,658.41,27.06629,750.88,3.17552224503765,2.27054970568104,0.715016154973943,0.219528466253919,0.207214753166224,16.85,1.1541095890411,212.45,3.09468317552804,0,-16.0641,4.11759799833194,1.37608385686463,0.451685660266874,1.30108445697626,0.601283991047423,33.3877563865537,51.0347891166449,14.7976986383577,0.969,3.95608738968062,3.43920674799665,0.832442903389189,0.505112958942417
1993-07-29,7.69,369.25,21.44,21.44,1434.77,0.07168249733645855,658.41,27.06629,750.88,3.17552224503765,2.27054970568104,0.715016154973943,0.219528466253919,0.207214753166224,16.85,1.1541095890411,212.45,3.09468317552804,0,-16.0641,4.11759799833194,1.37608385686463,0.451685660266874,1.30108445697626,0.601283991047423,33.3877563865537,51.0347891166449,14.7976986383577,0.969,3.95608738968062,3.43920674799665,0.832442903389189,0.505112958942417
1993-07-30,4.78,279.98,18.39,18.39,1385.09,0.09774886000426165,658.41,27.06629,750.88,3.17552224503765,2.27054970568104,0.715016154973943,0.219528466253919,0.207214753166224,16.85,1.1541095890411,212.45,3.09468317552804,0,-16.0641,4.11759799833194,1.37608385686463,0.451685660266874,1.30108445697626,0.601283991047423,33.3877563865537,51.0347891166449,14.7976986383577,0.969,3.95608738968062,3.43920674799665,0.832442903389189,0.505112958942417
1993-07-31,1.18,293.81,17.87,17.87,1330.66,0.10752374600468782,658.41,27.06629,750.88,3.17552224503765,2.27054970568104,0.715016154973943,0.219528466253919,0.207214753166224,16.85,1.1541095890411,212.45,3.09468317552804,0,-16.0641,4.11759799833194,1.37608385686463,0.451685660266874,1.30108445697626,0.601283991047423,33.3877563865537,51.0347891166449,14.7976986383577,0.969,3.95608738968062,3.43920674799665,0.832442903389189,0.505112958942417
1993-08-01,0.08,521.85,17.39,17.39,1136.2,0.08797397400383548,658.41,27.06629,750.88,3.17552224503765,2.27054970568104,0.715016154973943,0.219528466253919,0.207214753166224,16.85,1.1541095890411,212.45,3.09468317552804,0,-16.0641,4.11759799833194,1.37608385686463,0.451685660266874,1.30108445697626,0.601283991047423,33.3877563865537,51.0347891166449,14.7976986383577,0.969,3.95608738968062,3.43920674799665,0.832442903389189,0.505112958942417
1993-08-02,5.36,339.82,18.51,18.51,1246.52,0.07494079266993393,658.41,27.06629,750.88,3.17552224503765,2.27054970568104,0.715016154973943,0.219528466253919,0.207214753166224,16.85,1.1541095890411,212.45,3.09468317552804,0,-16.0641,4.11759799833194,1.37608385686463,0.451685660266874,1.30108445697626,0.601283991047423,33.3877563865537,51.0347891166449,14.7976986383577,0.969,3.95608738968062,3.43920674799665,0.832442903389189,0.505112958942417
1993-08-03,1.41,516.55,16.74,16.74,1056.33,0.09774886000426165,658.41,27.06629,750.88,3.17552224503765,2.27054970568104,0.715016154973943,0.219528466253919,0.207214753166224,16.85,1.1541095890411,212.45,3.09468317552804,0,-16.0641,4.11759799833194,1.37608385686463,0.451685660266874,1.30108445697626,0.601283991047423,33.3877563865537,51.0347891166449,14.7976986383577,0.969,3.95608738968062,3.43920674799665,0.832442903389189,0.505112958942417
1993-08-04,2.65,360.72,16.12,16.12,1044.14,0.09123226933731088,658.41,27.06629,750.88,3.17552224503765,2.27054970568104,0.715016154973943,0.219528466253919,0.207214753166224,16.85,1.1541095890411,212.45,3.09468317552804,0,-16.0641,4.11759799833194,1.37608385686463,0.451685660266874,1.30108445697626,0.601283991047423,33.3877563865537,51.0347891166449,14.7976986383577,0.969,3.95608738968062,3.43920674799665,0.832442903389189,0.505112958942417
1993-08-05,0.7,508.17,13.78,13.78,863.08,0.0847156786703601,658.41,27.06629,750.88,3.17552224503765,2.27054970568104,0.715016154973943,0.219528466253919,0.207214753166224,16.85,1.1541095890411,212.45,3.09468317552804,0,-16.0641,4.11759799833194,1.37608385686463,0.451685660266874,1.30108445697626,0.601283991047423,33.3877563865537,51.0347891166449,14.7976986383577,0.969,3.95608738968062,3.43920674799665,0.832442903389189,0.505112958942417
1993-08-06,2.18,402.07,12.49,12.49,827.11,0.08145738333688472,658.41,27.06629,750.88,3.17552224503765,2.27054970568104,0.715016154973943,0.219528466253919,0.207214753166224,16.85,1.1541095890411,212.45,3.09468317552804,0,-16.0641,4.11759799833194,1.37608385686463,0.451685660266874,1.30108445697626,0.601283991047423,33.3877563865537,51.0347891166449,14.7976986383577,0.969,3.95608738968062,3.43920674799665,0.832442903389189,0.505112958942417
1993-08-07,0.88,428.95,14.34,14.34,927.15,0.07494079266993393,658.41,27.06629,750.88,3.17552224503765,2.27054970568104,0.715016154973943,0.219528466253919,0.207214753166224,16.85,1.1541095890411,212.45,3.09468317552804,0,-16.0641,4.11759799833194,1.37608385686463,0.451685660266874,1.30108445697626,0.601283991047423,33.3877563865537,51.0347891166449,14.7976986383577,0.969,3.95608738968062,3.43920674799665,0.832442903389189,0.505112958942417
1993-08-08,0.08,532.31,14.5,14.5,884.05,0.07494079266993393,658.41,27.06629,750.88,3.17552224503765,2.27054970568104,0.715016154973943,0.219528466253919,0.207214753166224,16.85,1.1541095890411,212.45,3.09468317552804,0,-16.0641,4.11759799833194,1.37608385686463,0.451685660266874,1.30108445697626,0.601283991047423,33.3877563865537,51.0347891166449,14.7976986383577,0.969,3.95608738968062,3.43920674799665,0.832442903389189,0.505112958942417
1993-08-09,0.0,542.74,16.33,16.33,956.7,0.07168249733645855,658.41,27.06629,750.88,3.17552224503765,2.27054970568104,0.715016154973943,0.219528466253919,0.207214753166224,16.85,1.1541095890411,212.45,3.09468317552804,0,-16.0641,4.11759799833194,1.37608385686463,0.451685660266874,1.30108445697626,0.601283991047423,33.3877563865537,51.0347891166449,14.7976986383577,0.969,3.95608738968062,3.43920674799665,0.832442903389189,0.505112958942417
1993-08-10,2.25,396.52,17.74,17.74,1132.34,0.061907611336032384,658.41,27.06629,750.88,3.17552224503765,2.27054970568104,0.715016154973943,0.219528466253919,0.207214753166224,16.85,1.1541095890411,212.45,3.09468317552804,0,-16.0641,4.11759799833194,1.37608385686463,0.451685660266874,1.30108445697626,0.601283991047423,33.3877563865537,51.0347891166449,14.7976986383577,0.969,3.95608738968062,3.43920674799665,0.832442903389189,0.505112958942417
1993-08-11,3.52,317.2,18.86,18.86,1336.02,0.07168249733645855,658.41,27.06629,750.88,3.17552224503765,2.27054970568104,0.715016154973943,0.219528466253919,0.207214753166224,16.85,1.1541095890411,212.45,3.09468317552804,0,-16.0641,4.11759799833194,1.37608385686463,0.451685660266874,1.30108445697626,0.601283991047423,33.3877563865537,51.0347891166449,14.7976986383577,0.969,3.95608738968062,3.43920674799665,0.832442903389189,0.505112958942417
1993-08-12,0.77,498.78,18.97,18.97,1212.91,0.08145738333688472,658.41,27.06629,750.88,3.17552224503765,2.27054970568104,0.715016154973943,0.219528466253919,0.207214753166224,16.85,1.1541095890411,212.45,3.09468317552804,0,-16.0641,4.11759799833194,1.37608385686463,0.451685660266874,1.30108445697626,0.601283991047423,33.3877563865537,51.0347891166449,14.7976986383577,0.969,3.95608738968062,3.43920674799665,0.832442903389189,0.505112958942417
1993-08-13,0.0,529.52,18.47,18.47,1080.47,0.07494079266993393,658.41,27.06629,750.88,3.17552224503765,2.27054970568104,0.715016154973943,0.219528466253919,0.207214753166224,16.85,1.1541095890411,212.45,3.09468317552804,0,-16.0641,4.11759799833194,1.37608385686463,0.451685660266874,1.30108445697626,0.601283991047423,33.3877563865537,51.0347891166449,14.7976986383577,0.969,3.95608738968062,3.43920674799665,0.832442903389189,0.505112958942417
1993-08-14,0.0,532.0,18.88,18.88,1095.67,0.06516590666950778,658.41,27.06629,750.88,3.17552224503765,2.27054970568104,0.715016154973943,0.219528466253919,0.207214753166224,16.85,1.1541095890411,212.45,3.09468317552804,0,-16.0641,4.11759799833194,1.37608385686463,0.451685660266874,1.30108445697626,0.601283991047423,33.3877563865537,51.0347891166449,14.7976986383577,0.969,3.95608738968062,3.43920674799665,0.832442903389189,0.505112958942417
1993-08-15,8.95,389.02,19.14,19.14,1236.06,0.058649316002556996,658.41,27.06629,750.88,3.17552224503765,2.27054970568104,0.715016154973943,0.219528466253919,0.207214753166224,16.85,1.1541095890411,212.45,3.09468317552804,0,-16.0641,4.11759799833194,1.37608385686463,0.451685660266874,1.30108445697626,0.601283991047423,33.3877563865537,51.0347891166449,14.7976986383577,0.969,3.95608738968062,3.43920674799665,0.832442903389189,0.505112958942417
1993-08-16,12.45,316.14,20.08,20.08,1492.69,0.10426545067121244,658.41,27.06629,750.88,3.17552224503765,2.27054970568104,0.715016154973943,0.219528466253919,0.207214753166224,16.85,1.1541095890411,212.45,3.09468317552804,0,-16.0641,4.11759799833194,1.37608385686463,0.451685660266874,1.30108445697626,0.601283991047423,33.3877563865537,51.0347891166449,14.7976986383577,0.969,3.95608738968062,3.43920674799665,0.832442903389189,0.505112958942417
1993-08-17,19.56,252.36,19.24,19.24,1565.07,0.15313988067334328,658.41,27.06629,750.88,3.17552224503765,2.27054970568104,0.715016154973943,0.219528466253919,0.207214753166224,16.85,1.1541095890411,212.45,3.09468317552804,0,-16.0641,4.11759799833194,1.37608385686463,0.451685660266874,1.30108445697626,0.601283991047423,33.3877563865537,51.0347891166449,14.7976986383577,0.969,3.95608738968062,3.43920674799665,0.832442903389189,0.505112958942417
1993-08-18,4.45,421.68,19.96,19.96,1478.55,0.3388627146814404,658.41,27.06629,750.88,3.17552224503765,2.27054970568104,0.715016154973943,0.219528466253919,0.207214753166224,16.85,1.1541095890411,212.45,3.09468317552804,0,-16.0641,4.11759799833194,1.37608385686463,0.451685660266874,1.30108445697626,0.601283991047423,33.3877563865537,51.0347891166449,14.7976986383577,0.969,3.95608738968062,3.43920674799665,0.832442903389189,0.505112958942417
1993-08-19,0.02,459.98,17.96,17.96,1223.13,0.15639817600681866,658.41,27.06629,750.88,3.17552224503765,2.27054970568104,0.715016154973943,0.219528466253919,0.207214753166224,16.85,1.1541095890411,212.45,3.09468317552804,0,-16.0641,4.11759799833194,1.37608385686463,0.451685660266874,1.30108445697626,0.601283991047423,33.3877563865537,51.0347891166449,14.7976986383577,0.969,3.95608738968062,3.43920674799665,0.832442903389189,0.505112958942417
1993-08-20,4.37,371.06,18.29,18.29,1240.85,0.12055692733858939,658.41,27.06629,750.88,3.17552224503765,2.27054970568104,0.715016154973943,0.219528466253919,0.207214753166224,16.85,1.1541095890411,212.45,3.09468317552804,0,-16.0641,4.11759799833194,1.37608385686463,0.451685660266874,1.30108445697626,0.601283991047423,33.3877563865537,51.0347891166449,14.7976986383577,0.969,3.95608738968062,3.43920674799665,0.832442903389189,0.505112958942417
1993-08-21,1.15,487.97,18.11,18.11,1121.48,0.10426545067121244,658.41,27.06629,750.88,3.17552224503765,2.27054970568104,0.715016154973943,0.219528466253919,0.207214753166224,16.85,1.1541095890411,212.45,3.09468317552804,0,-16.0641,4.11759799833194,1.37608385686463,0.451685660266874,1.30108445697626,0.601283991047423,33.3877563865537,51.0347891166449,14.7976986383577,0.969,3.95608738968062,3.43920674799665,0.832442903389189,0.505112958942417
1993-08-22,0.0,542.6,12.99,12.99,770.52,0.09774886000426165,658.41,27.06629,750.88,3.17552224503765,2.27054970568104,0.715016154973943,0.219528466253919,0.207214753166224,16.85,1.1541095890411,212.45,3.09468317552804,0,-16.0641,4.11759799833194,1.37608385686463,0.451685660266874,1.30108445697626,0.601283991047423,33.3877563865537,51.0347891166449,14.7976986383577,0.969,3.95608738968062,3.43920674799665,0.832442903389189,0.505112958942417
1993-08-23,0.01,496.72,14.86,14.86,852.4,0.08145738333688472,658.41,27.06629,750.88,3.17552224503765,2.27054970568104,0.715016154973943,0.219528466253919,0.207214753166224,16.85,1.1541095890411,212.45,3.09468317552804,0,-16.0641,4.11759799833194,1.37608385686463,0.451685660266874,1.30108445697626,0.601283991047423,33.3877563865537,51.0347891166449,14.7976986383577,0.969,3.95608738968062,3.43920674799665,0.832442903389189,0.505112958942417
1993-08-24,3.54,395.09,17.0,17.0,1065.12,0.07494079266993393,658.41,27.06629,750.88,3.17552224503765,2.27054970568104,0.715016154973943,0.219528466253919,0.207214753166224,16.85,1.1541095890411,212.45,3.09468317552804,0,-16.0641,4.11759799833194,1.37608385686463,0.451685660266874,1.30108445697626,0.601283991047423,33.3877563865537,51.0347891166449,14.7976986383577,0.969,3.95608738968062,3.43920674799665,0.832442903389189,0.505112958942417
1993-08-25,0.93,477.96,21.19,21.19,1407.27,0.07494079266993393,658.41,27.06629,750.88,3.17552224503765,2.27054970568104,0.715016154973943,0.219528466253919,0.207214753166224,16.85,1.1541095890411,212.45,3.09468317552804,0,-16.0641,4.11759799833194,1.37608385686463,0.451685660266874,1.30108445697626,0.601283991047423,33.3877563865537,51.0347891166449,14.7976986383577,0.969,3.95608738968062,3.43920674799665,0.832442903389189,0.505112958942417
1993-08-26,0.0,495.53,21.07,21.07,1374.28,0.07168249733645855,658.41,27.06629,750.88,3.17552224503765,2.27054970568104,0.715016154973943,0.219528466253919,0.207214753166224,16.85,1.1541095890411,212.45,3.09468317552804,0,-16.0641,4.11759799833194,1.37608385686463,0.451685660266874,1.30108445697626,0.601283991047423,33.3877563865537,51.0347891166449,14.7976986383577,0.969,3.95608738968062,3.43920674799665,0.832442903389189,0.505112958942417
1993-08-27,0.18,430.28,21.52,21.52,1405.36,0.06516590666950778,658.41,27.06629,750.88,3.17552224503765,2.27054970568104,0.715016154973943,0.219528466253919,0.207214753166224,16.85,1.1541095890411,212.45,3.09468317552804,0,-16.0641,4.11759799833194,1.37608385686463,0.451685660266874,1.30108445697626,0.601283991047423,33.3877563865537,51.0347891166449,14.7976986383577,0.969,3.95608738968062,3.43920674799665,0.832442903389189,0.505112958942417
1993-08-28,0.05,473.48,21.53,21.53,1397.12,0.058649316002556996,658.41,27.06629,750.88,3.17552224503765,2.27054970568104,0.715016154973943,0.219528466253919,0.207214753166224,16.85,1.1541095890411,212.45,3.09468317552804,0,-16.0641,4.11759799833194,1.37608385686463,0.451685660266874,1.30108445697626,0.601283991047423,33.3877563865537,51.0347891166449,14.7976986383577,0.969,3.95608738968062,3.43920674799665,0.832442903389189,0.505112958942417
1993-08-29,0.22,444.05,18.29,18.29,1222.27,0.061907611336032384,658.41,27.06629,750.88,3.17552224503765,2.27054970568104,0.715016154973943,0.219528466253919,0.207214753166224,16.85,1.1541095890411,212.45,3.09468317552804,0,-16.0641,4.11759799833194,1.37608385686463,0.451685660266874,1.30108445697626,0.601283991047423,33.3877563865537,51.0347891166449,14.7976986383577,0.969,3.95608738968062,3.43920674799665,0.832442903389189,0.505112958942417
1993-08-30,0.89,435.21,19.86,19.86,1372.09,0.061907611336032384,658.41,27.06629,750.88,3.17552224503765,2.27054970568104,0.715016154973943,0.219528466253919,0.207214753166224,16.85,1.1541095890411,212.45,3.09468317552804,0,-16.0641,4.11759799833194,1.37608385686463,0.451685660266874,1.30108445697626,0.601283991047423,33.3877563865537,51.0347891166449,14.7976986383577,0.969,3.95608738968062,3.43920674799665,0.832442903389189,0.505112958942417
1993-08-31,8.13,348.54,22.04,22.04,1567.05,0.06516590666950778,658.41,27.06629,750.88,3.17552224503765,2.27054970568104,0.715016154973943,0.219528466253919,0.207214753166224,16.85,1.1541095890411,212.45,3.09468317552804,0,-16.0641,4.11759799833194,1.37608385686463,0.451685660266874,1.30108445697626,0.601283991047423,33.3877563865537,51.0347891166449,14.7976986383577,0.969,3.95608738968062,3.43920674799665,0.832442903389189,0.505112958942417
1993-09-01,2.82,347.31,21.85,21.85,1521.64,0.07819908800340933,658.41,27.06629,750.88,3.17552224503765,2.27054970568104,0.715016154973943,0.219528466253919,0.207214753166224,16.85,1.1541095890411,212.45,3.09468317552804,0,-16.0641,4.11759799833194,1.37608385686463,0.451685660266874,1.30108445697626,0.601283991047423,33.3877563865537,51.0347891166449,14.7976986383577,0.969,3.95608738968062,3.43920674799665,0.832442903389189,0.505112958942417
1993-09-02,39.52,327.9,19.07,19.07,1385.01,0.11078204133816322,658.41,27.06629,750.88,3.17552224503765,2.27054970568104,0.715016154973943,0.219528466253919,0.207214753166224,16.85,1.1541095890411,212.45,3.09468317552804,0,-16.0641,4.11759799833194,1.37608385686463,0.451685660266874,1.30108445697626,0.601283991047423,33.3877563865537,51.0347891166449,14.7976986383577,0.969,3.95608738968062,3.43920674799665,0.832442903389189,0.505112958942417
1993-09-03,27.14,323.8,18.94,18.94,1429.9,1.6943135734072021,658.41,27.06629,750.88,3.17552224503765,2.27054970568104,0.715016154973943,0.219528466253919,0.207214753166224,16.85,1.1541095890411,212.45,3.09468317552804,0,-16.0641,4.11759799833194,1.37608385686463,0.451685660266874,1.30108445697626,0.601283991047423,33.3877563865537,51.0347891166449,14.7976986383577,0.969,3.95608738968062,3.43920674799665,0.832442903389189,0.505112958942417
1993-09-04,4.55,397.64,18.96,18.96,1376.83,1.3815172213935647,658.41,27.06629,750.88,3.17552224503765,2.27054970568104,0.715016154973943,0.219528466253919,0.207214753166224,16.85,1.1541095890411,212.45,3.09468317552804,0,-16.0641,4.11759799833194,1.37608385686463,0.451685660266874,1.30108445697626,0.601283991047423,33.3877563865537,51.0347891166449,14.7976986383577,0.969,3.95608738968062,3.43920674799665,0.832442903389189,0.505112958942417
1993-09-05,0.03,457.33,15.74,15.74,1115.58,0.511552367355636,658.41,27.06629,750.88,3.17552224503765,2.27054970568104,0.715016154973943,0.219528466253919,0.207214753166224,16.85,1.1541095890411,212.45,3.09468317552804,0,-16.0641,4.11759799833194,1.37608385686463,0.451685660266874,1.30108445697626,0.601283991047423,33.3877563865537,51.0347891166449,14.7976986383577,0.969,3.95608738968062,3.43920674799665,0.832442903389189,0.505112958942417
1993-09-06,4.9,342.39,16.07,16.07,1156.13,0.2867299893458342,658.41,27.06629,750.88,3.17552224503765,2.27054970568104,0.715016154973943,0.219528466253919,0.207214753166224,16.85,1.1541095890411,212.45,3.09468317552804,0,-16.0641,4.11759799833194,1.37608385686463,0.451685660266874,1.30108445697626,0.601283991047423,33.3877563865537,51.0347891166449,14.7976986383577,0.969,3.95608738968062,3.43920674799665,0.832442903389189,0.505112958942417
1993-09-07,1.41,402.33,17.02,17.02,1156.31,0.25414703601108035,658.41,27.06629,750.88,3.17552224503765,2.27054970568104,0.715016154973943,0.219528466253919,0.207214753166224,16.85,1.1541095890411,212.45,3.09468317552804,0,-16.0641,4.11759799833194,1.37608385686463,0.451685660266874,1.30108445697626,0.601283991047423,33.3877563865537,51.0347891166449,14.7976986383577,0.969,3.95608738968062,3.43920674799665,0.832442903389189,0.505112958942417
1993-09-08,0.03,427.72,13.49,13.49,979.14,0.1954977200085233,658.41,27.06629,750.88,3.17552224503765,2.27054970568104,0.715016154973943,0.219528466253919,0.207214753166224,16.85,1.1541095890411,212.45,3.09468317552804,0,-16.0641,4.11759799833194,1.37608385686463,0.451685660266874,1.30108445697626,0.601283991047423,33.3877563865537,51.0347891166449,14.7976986383577,0.969,3.95608738968062,3.43920674799665,0.832442903389189,0.505112958942417
1993-09-09,4.63,340.29,14.13,14.13,1021.65,0.15639817600681866,658.41,27.06629,750.88,3.17552224503765,2.27054970568104,0.715016154973943,0.219528466253919,0.207214753166224,16.85,1.1541095890411,212.45,3.09468317552804,0,-16.0641,4.11759799833194,1.37608385686463,0.451685660266874,1.30108445697626,0.601283991047423,33.3877563865537,51.0347891166449,14.7976986383577,0.969,3.95608738968062,3.43920674799665,0.832442903389189,0.505112958942417
1993-09-10,7.78,342.08,14.85,14.85,1010.96,0.15965647134029404,658.41,27.06629,750.88,3.17552224503765,2.27054970568104,0.715016154973943,0.219528466253919,0.207214753166224,16.85,1.1541095890411,212.45,3.09468317552804,0,-16.0641,4.11759799833194,1.37608385686463,0.451685660266874,1.30108445697626,0.601283991047423,33.3877563865537,51.0347891166449,14.7976986383577,0.969,3.95608738968062,3.43920674799665,0.832442903389189,0.505112958942417
1993-09-11,1.82,388.13,11.95,11.95,837.07,0.2313389686767526,658.41,27.06629,750.88,3.17552224503765,2.27054970568104,0.715016154973943,0.219528466253919,0.207214753166224,16.85,1.1541095890411,212.45,3.09468317552804,0,-16.0641,4.11759799833194,1.37608385686463,0.451685660266874,1.30108445697626,0.601283991047423,33.3877563865537,51.0347891166449,14.7976986383577,0.969,3.95608738968062,3.43920674799665,0.832442903389189,0.505112958942417
1993-09-12,0.04,466.1,9.13,9.13,702.45,0.2020143106754741,658.41,27.06629,750.88,3.17552224503765,2.27054970568104,0.715016154973943,0.219528466253919,0.207214753166224,16.85,1.1541095890411,212.45,3.09468317552804,0,-16.0641,4.11759799833194,1.37608385686463,0.451685660266874,1.30108445697626,0.601283991047423,33.3877563865537,51.0347891166449,14.7976986383577,0.969,3.95608738968062,3.43920674799665,0.832442903389189,0.505112958942417
1993-09-13,0.01,458.54,11.33,11.33,884.69,0.15639817600681866,658.41,27.06629,750.88,3.17552224503765,2.27054970568104,0.715016154973943,0.219528466253919,0.207214753166224,16.85,1.1541095890411,212.45,3.09468317552804,0,-16.0641,4.11759799833194,1.37608385686463,0.451685660266874,1.30108445697626,0.601283991047423,33.3877563865537,51.0347891166449,14.7976986383577,0.969,3.95608738968062,3.43920674799665,0.832442903389189,0.505112958942417
1993-09-14,0.0,438.62,19.19,19.19,1407.62,0.12707351800554018,658.41,27.06629,750.88,3.17552224503765,2.27054970568104,0.715016154973943,0.219528466253919,0.207214753166224,16.85,1.1541095890411,212.45,3.09468317552804,0,-16.0641,4.11759799833194,1.37608385686463,0.451685660266874,1.30108445697626,0.601283991047423,33.3877563865537,51.0347891166449,14.7976986383577,0.969,3.95608738968062,3.43920674799665,0.832442903389189,0.505112958942417
1993-09-15,3.73,295.71,21.23,21.23,1554.13,0.11404033667163861,658.41,27.06629,750.88,3.17552224503765,2.27054970568104,0.715016154973943,0.219528466253919,0.207214753166224,16.85,1.1541095890411,212.45,3.09468317552804,0,-16.0641,4.11759799833194,1.37608385686463,0.451685660266874,1.30108445697626,0.601283991047423,33.3877563865537,51.0347891166449,14.7976986383577,0.969,3.95608738968062,3.43920674799665,0.832442903389189,0.505112958942417
1993-09-16,1.1,336.98,15.38,15.38,1066.83,0.12055692733858939,658.41,27.06629,750.88,3.17552224503765,2.27054970568104,0.715016154973943,0.219528466253919,0.207214753166224,16.85,1.1541095890411,212.45,3.09468317552804,0,-16.0641,4.11759799833194,1.37608385686463,0.451685660266874,1.30108445697626,0.601283991047423,33.3877563865537,51.0347891166449,14.7976986383577,0.969,3.95608738968062,3.43920674799665,0.832442903389189,0.505112958942417
1993-09-17,0.52,157.03,11.09,11.09,1005.15,0.12055692733858939,658.41,27.06629,750.88,3.17552224503765,2.27054970568104,0.715016154973943,0.219528466253919,0.207214753166224,16.85,1.1541095890411,212.45,3.09468317552804,0,-16.0641,4.11759799833194,1.37608385686463,0.451685660266874,1.30108445697626,0.601283991047423,33.3877563865537,51.0347891166449,14.7976986383577,0.969,3.95608738968062,3.43920674799665,0.832442903389189,0.505112958942417
1993-09-18,0.19,269.39,12.59,12.59,1067.94,0.11729863200511399,658.41,27.06629,750.88,3.17552224503765,2.27054970568104,0.715016154973943,0.219528466253919,0.207214753166224,16.85,1.1541095890411,212.45,3.09468317552804,0,-16.0641,4.11759799833194,1.37608385686463,0.451685660266874,1.30108445697626,0.601283991047423,33.3877563865537,51.0347891166449,14.7976986383577,0.969,3.95608738968062,3.43920674799665,0.832442903389189,0.505112958942417
1993-09-19,0.02,420.12,9.98,9.98,760.29,0.10752374600468782,658.41,27.06629,750.88,3.17552224503765,2.27054970568104,0.715016154973943,0.219528466253919,0.207214753166224,16.85,1.1541095890411,212.45,3.09468317552804,0,-16.0641,4.11759799833194,1.37608385686463,0.451685660266874,1.30108445697626,0.601283991047423,33.3877563865537,51.0347891166449,14.7976986383577,0.969,3.95608738968062,3.43920674799665,0.832442903389189,0.505112958942417
1993-09-20,1.11,353.37,5.53,5.53,522.65,0.10100715533773705,658.41,27.06629,750.88,3.17552224503765,2.27054970568104,0.715016154973943,0.219528466253919,0.207214753166224,16.85,1.1541095890411,212.45,3.09468317552804,0,-16.0641,4.11759799833194,1.37608385686463,0.451685660266874,1.30108445697626,0.601283991047423,33.3877563865537,51.0347891166449,14.7976986383577,0.969,3.95608738968062,3.43920674799665,0.832442903389189,0.505112958942417
1993-09-21,0.85,316.25,6.83,6.83,659.46,0.09774886000426165,658.41,27.06629,750.88,3.17552224503765,2.27054970568104,0.715016154973943,0.219528466253919,0.207214753166224,16.85,1.1541095890411,212.45,3.09468317552804,0,-16.0641,4.11759799833194,1.37608385686463,0.451685660266874,1.30108445697626,0.601283991047423,33.3877563865537,51.0347891166449,14.7976986383577,0.969,3.95608738968062,3.43920674799665,0.832442903389189,0.505112958942417
1993-09-22,1.51,223.61,10.24,10.24,922.3,0.09449056467078627,658.41,27.06629,750.88,3.17552224503765,2.27054970568104,0.715016154973943,0.219528466253919,0.207214753166224,16.85,1.1541095890411,212.45,3.09468317552804,0,-16.0641,4.11759799833194,1.37608385686463,0.451685660266874,1.30108445697626,0.601283991047423,33.3877563865537,51.0347891166449,14.7976986383577,0.969,3.95608738968062,3.43920674799665,0.832442903389189,0.505112958942417
1993-09-23,5.15,309.25,12.15,12.15,916.6,0.09774886000426165,658.41,27.06629,750.88,3.17552224503765,2.27054970568104,0.715016154973943,0.219528466253919,0.207214753166224,16.85,1.1541095890411,212.45,3.09468317552804,0,-16.0641,4.11759799833194,1.37608385686463,0.451685660266874,1.30108445697626,0.601283991047423,33.3877563865537,51.0347891166449,14.7976986383577,0.969,3.95608738968062,3.43920674799665,0.832442903389189,0.505112958942417
1993-09-24,1.28,436.65,9.35,9.35,690.34,0.10752374600468782,658.41,27.06629,750.88,3.17552224503765,2.27054970568104,0.715016154973943,0.219528466253919,0.207214753166224,16.85,1.1541095890411,212.45,3.09468317552804,0,-16.0641,4.11759799833194,1.37608385686463,0.451685660266874,1.30108445697626,0.601283991047423,33.3877563865537,51.0347891166449,14.7976986383577,0.969,3.95608738968062,3.43920674799665,0.832442903389189,0.505112958942417
1993-09-25,9.49,339.04,8.53,8.53,632.45,0.11404033667163861,658.41,27.06629,750.88,3.17552224503765,2.27054970568104,0.715016154973943,0.219528466253919,0.207214753166224,16.85,1.1541095890411,212.45,3.09468317552804,0,-16.0641,4.11759799833194,1.37608385686463,0.451685660266874,1.30108445697626,0.601283991047423,33.3877563865537,51.0347891166449,14.7976986383577,0.969,3.95608738968062,3.43920674799665,0.832442903389189,0.505112958942417
1993-09-26,4.51,331.67,9.84,9.84,752.91,0.15639817600681866,658.41,27.06629,750.88,3.17552224503765,2.27054970568104,0.715016154973943,0.219528466253919,0.207214753166224,16.85,1.1541095890411,212.45,3.09468317552804,0,-16.0641,4.11759799833194,1.37608385686463,0.451685660266874,1.30108445697626,0.601283991047423,33.3877563865537,51.0347891166449,14.7976986383577,0.969,3.95608738968062,3.43920674799665,0.832442903389189,0.505112958942417
1993-09-27,12.88,284.75,14.13,14.13,1028.08,0.24111385467717877,658.41,27.06629,750.88,3.17552224503765,2.27054970568104,0.715016154973943,0.219528466253919,0.207214753166224,16.85,1.1541095890411,212.45,3.09468317552804,0,-16.0641,4.11759799833194,1.37608385686463,0.451685660266874,1.30108445697626,0.601283991047423,33.3877563865537,51.0347891166449,14.7976986383577,0.969,3.95608738968062,3.43920674799665,0.832442903389189,0.505112958942417
1993-09-28,6.19,236.92,9.9,9.9,853.3,0.5311021393564883,658.41,27.06629,750.88,3.17552224503765,2.27054970568104,0.715016154973943,0.219528466253919,0.207214753166224,16.85,1.1541095890411,212.45,3.09468317552804,0,-16.0641,4.11759799833194,1.37608385686463,0.451685660266874,1.30108445697626,0.601283991047423,33.3877563865537,51.0347891166449,14.7976986383577,0.969,3.95608738968062,3.43920674799665,0.832442903389189,0.505112958942417
1993-09-29,2.67,278.98,7.73,7.73,722.93,0.3779622586831451,658.41,27.06629,750.88,3.17552224503765,2.27054970568104,0.715016154973943,0.219528466253919,0.207214753166224,16.85,1.1541095890411,212.45,3.09468317552804,0,-16.0641,4.11759799833194,1.37608385686463,0.451685660266874,1.30108445697626,0.601283991047423,33.3877563865537,51.0347891166449,14.7976986383577,0.969,3.95608738968062,3.43920674799665,0.832442903389189,0.505112958942417
1993-09-30,0.82,297.13,5.25,5.25,599.96,0.35189589601534194,658.41,27.06629,750.88,3.17552224503765,2.27054970568104,0.715016154973943,0.219528466253919,0.207214753166224,16.85,1.1541095890411,212.45,3.09468317552804,0,-16.0641,4.11759799833194,1.37608385686463,0.451685660266874,1.30108445697626,0.601283991047423,33.3877563865537,51.0347891166449,14.7976986383577,0.969,3.95608738968062,3.43920674799665,0.832442903389189,0.505112958942417
1993-10-01,1.15,318.68,2.26,2.26,449.1,0.2899882846793096,658.41,27.06629,750.88,3.17552224503765,2.27054970568104,0.715016154973943,0.219528466253919,0.207214753166224,16.85,1.1541095890411,212.45,3.09468317552804,0,-16.0641,4.11759799833194,1.37608385686463,0.451685660266874,1.30108445697626,0.601283991047423,33.3877563865537,51.0347891166449,14.7976986383577,0.969,3.95608738968062,3.43920674799665,0.832442903389189,0.505112958942417
1993-10-02,3.88,327.17,5.15,5.15,510.08,0.25740533134455573,658.41,27.06629,750.88,3.17552224503765,2.27054970568104,0.715016154973943,0.219528466253919,0.207214753166224,16.85,1.1541095890411,212.45,3.09468317552804,0,-16.0641,4.11759799833194,1.37608385686463,0.451685660266874,1.30108445697626,0.601283991047423,33.3877563865537,51.0347891166449,14.7976986383577,0.969,3.95608738968062,3.43920674799665,0.832442903389189,0.505112958942417
1993-10-03,1.24,353.9,7.18,7.18,671.2,0.29650487534626035,658.41,27.06629,750.88,3.17552224503765,2.27054970568104,0.715016154973943,0.219528466253919,0.207214753166224,16.85,1.1541095890411,212.45,3.09468317552804,0,-16.0641,4.11759799833194,1.37608385686463,0.451685660266874,1.30108445697626,0.601283991047423,33.3877563865537,51.0347891166449,14.7976986383577,0.969,3.95608738968062,3.43920674799665,0.832442903389189,0.505112958942417
1993-10-04,6.2,236.75,7.73,7.73,733.46,0.2671802173449819,658.41,27.06629,750.88,3.17552224503765,2.27054970568104,0.715016154973943,0.219528466253919,0.207214753166224,16.85,1.1541095890411,212.45,3.09468317552804,0,-16.0641,4.11759799833194,1.37608385686463,0.451685660266874,1.30108445697626,0.601283991047423,33.3877563865537,51.0347891166449,14.7976986383577,0.969,3.95608738968062,3.43920674799665,0.832442903389189,0.505112958942417
1993-10-05,1.67,407.77,6.56,6.56,544.91,0.3258295333475389,658.41,27.06629,750.88,3.17552224503765,2.27054970568104,0.715016154973943,0.219528466253919,0.207214753166224,16.85,1.1541095890411,212.45,3.09468317552804,0,-16.0641,4.11759799833194,1.37608385686463,0.451685660266874,1.30108445697626,0.601283991047423,33.3877563865537,51.0347891166449,14.7976986383577,0.969,3.95608738968062,3.43920674799665,0.832442903389189,0.505112958942417
1993-10-06,0.02,396.46,5.33,5.33,521.64,0.3030214660132111,658.41,27.06629,750.88,3.17552224503765,2.27054970568104,0.715016154973943,0.219528466253919,0.207214753166224,16.85,1.1541095890411,212.45,3.09468317552804,0,-16.0641,4.11759799833194,1.37608385686463,0.451685660266874,1.30108445697626,0.601283991047423,33.3877563865537,51.0347891166449,14.7976986383577,0.969,3.95608738968062,3.43920674799665,0.832442903389189,0.505112958942417
1993-10-07,0.0,412.77,6.82,6.82,601.27,0.25414703601108035,658.41,27.06629,750.88,3.17552224503765,2.27054970568104,0.715016154973943,0.219528466253919,0.207214753166224,16.85,1.1541095890411,212.45,3.09468317552804,0,-16.0641,4.11759799833194,1.37608385686463,0.451685660266874,1.30108445697626,0.601283991047423,33.3877563865537,51.0347891166449,14.7976986383577,0.969,3.95608738968062,3.43920674799665,0.832442903389189,0.505112958942417
1993-10-08,0.0,402.9,13.15,13.15,861.67,0.22482237800980182,658.41,27.06629,750.88,3.17552224503765,2.27054970568104,0.715016154973943,0.219528466253919,0.207214753166224,16.85,1.1541095890411,212.45,3.09468317552804,0,-16.0641,4.11759799833194,1.37608385686463,0.451685660266874,1.30108445697626,0.601283991047423,33.3877563865537,51.0347891166449,14.7976986383577,0.969,3.95608738968062,3.43920674799665,0.832442903389189,0.505112958942417
1993-10-09,2.56,284.41,15.21,15.21,950.08,0.20527260600894948,658.41,27.06629,750.88,3.17552224503765,2.27054970568104,0.715016154973943,0.219528466253919,0.207214753166224,16.85,1.1541095890411,212.45,3.09468317552804,0,-16.0641,4.11759799833194,1.37608385686463,0.451685660266874,1.30108445697626,0.601283991047423,33.3877563865537,51.0347891166449,14.7976986383577,0.969,3.95608738968062,3.43920674799665,0.832442903389189,0.505112958942417
1993-10-10,0.67,405.14,7.14,7.14,522.1,0.20527260600894948,658.41,27.06629,750.88,3.17552224503765,2.27054970568104,0.715016154973943,0.219528466253919,0.207214753166224,16.85,1.1541095890411,212.45,3.09468317552804,0,-16.0641,4.11759799833194,1.37608385686463,0.451685660266874,1.30108445697626,0.601283991047423,33.3877563865537,51.0347891166449,14.7976986383577,0.969,3.95608738968062,3.43920674799665,0.832442903389189,0.505112958942417
1993-10-11,0.05,343.65,0.9,0.9,369.92,0.19223942467504793,658.41,27.06629,750.88,3.17552224503765,2.27054970568104,0.715016154973943,0.219528466253919,0.207214753166224,16.85,1.1541095890411,212.45,3.09468317552804,0,-16.0641,4.11759799833194,1.37608385686463,0.451685660266874,1.30108445697626,0.601283991047423,33.3877563865537,51.0347891166449,14.7976986383577,0.969,3.95608738968062,3.43920674799665,0.832442903389189,0.505112958942417
1993-10-12,0.11,302.89,2.73,2.73,451.6,0.18246453867462176,658.41,27.06629,750.88,3.17552224503765,2.27054970568104,0.715016154973943,0.219528466253919,0.207214753166224,16.85,1.1541095890411,212.45,3.09468317552804,0,-16.0641,4.11759799833194,1.37608385686463,0.451685660266874,1.30108445697626,0.601283991047423,33.3877563865537,51.0347891166449,14.7976986383577,0.969,3.95608738968062,3.43920674799665,0.832442903389189,0.505112958942417
1993-10-13,0.03,390.61,3.85,3.85,426.31,0.17920624334114638,658.41,27.06629,750.88,3.17552224503765,2.27054970568104,0.715016154973943,0.219528466253919,0.207214753166224,16.85,1.1541095890411,212.45,3.09468317552804,0,-16.0641,4.11759799833194,1.37608385686463,0.451685660266874,1.30108445697626,0.601283991047423,33.3877563865537,51.0347891166449,14.7976986383577,0.969,3.95608738968062,3.43920674799665,0.832442903389189,0.505112958942417
1993-10-14,0.0,381.79,-0.08,-0.08,339.9,0.16617306200724483,658.41,27.06629,750.88,3.17552224503765,2.27054970568104,0.715016154973943,0.219528466253919,0.207214753166224,16.85,1.1541095890411,212.45,3.09468317552804,0,-16.0641,4.11759799833194,1.37608385686463,0.451685660266874,1.30108445697626,0.601283991047423,33.3877563865537,51.0347891166449,14.7976986383577,0.969,3.95608738968062,3.43920674799665,0.832442903389189,0.505112958942417
1993-10-15,0.0,382.04,2.69,2.69,446.95,0.15639817600681866,658.41,27.06629,750.88,3.17552224503765,2.27054970568104,0.715016154973943,0.219528466253919,0.207214753166224,16.85,1.1541095890411,212.45,3.09468317552804,0,-16.0641,4.11759799833194,1.37608385686463,0.451685660266874,1.30108445697626,0.601283991047423,33.3877563865537,51.0347891166449,14.7976986383577,0.969,3.95608738968062,3.43920674799665,0.832442903389189,0.505112958942417
1993-10-16,2.69,278.73,7.91,7.91,675.21,0.15313988067334328,658.41,27.06629,750.88,3.17552224503765,2.27054970568104,0.715016154973943,0.219528466253919,0.207214753166224,16.85,1.1541095890411,212.45,3.09468317552804,0,-16.0641,4.11759799833194,1.37608385686463,0.451685660266874,1.30108445697626,0.601283991047423,33.3877563865537,51.0347891166449,14.7976986383577,0.969,3.95608738968062,3.43920674799665,0.832442903389189,0.505112958942417
1993-10-17,7.05,257.47,12.2,12.2,907.43,0.1694313573407202,658.41,27.06629,750.88,3.17552224503765,2.27054970568104,0.715016154973943,0.219528466253919,0.207214753166224,16.85,1.1541095890411,212.45,3.09468317552804,0,-16.0641,4.11759799833194,1.37608385686463,0.451685660266874,1.30108445697626,0.601283991047423,33.3877563865537,51.0347891166449,14.7976986383577,0.969,3.95608738968062,3.43920674799665,0.832442903389189,0.505112958942417
1993-10-18,1.7,235.4,11.2,11.2,884.46,0.21504749200937565,658.41,27.06629,750.88,3.17552224503765,2.27054970568104,0.715016154973943,0.219528466253919,0.207214753166224,16.85,1.1541095890411,212.45,3.09468317552804,0,-16.0641,4.11759799833194,1.37608385686463,0.451685660266874,1.30108445697626,0.601283991047423,33.3877563865537,51.0347891166449,14.7976986383577,0.969,3.95608738968062,3.43920674799665,0.832442903389189,0.505112958942417
1993-10-19,4.16,268.03,5.64,5.64,592.45,0.21504749200937565,658.41,27.06629,750.88,3.17552224503765,2.27054970568104,0.715016154973943,0.219528466253919,0.207214753166224,16.85,1.1541095890411,212.45,3.09468317552804,0,-16.0641,4.11759799833194,1.37608385686463,0.451685660266874,1.30108445697626,0.601283991047423,33.3877563865537,51.0347891166449,14.7976986383577,0.969,3.95608738968062,3.43920674799665,0.832442903389189,0.505112958942417
1993-10-20,4.44,254.51,8.0,8.0,714.11,0.22482237800980182,658.41,27.06629,750.88,3.17552224503765,2.27054970568104,0.715016154973943,0.219528466253919,0.207214753166224,16.85,1.1541095890411,212.45,3.09468317552804,0,-16.0641,4.11759799833194,1.37608385686463,0.451685660266874,1.30108445697626,0.601283991047423,33.3877563865537,51.0347891166449,14.7976986383577,0.969,3.95608738968062,3.43920674799665,0.832442903389189,0.505112958942417
1993-10-21,6.19,190.42,10.15,10.15,873.08,0.3258295333475389,658.41,27.06629,750.88,3.17552224503765,2.27054970568104,0.715016154973943,0.219528466253919,0.207214753166224,16.85,1.1541095890411,212.45,3.09468317552804,0,-16.0641,4.11759799833194,1.37608385686463,0.451685660266874,1.30108445697626,0.601283991047423,33.3877563865537,51.0347891166449,14.7976986383577,0.969,3.95608738968062,3.43920674799665,0.832442903389189,0.505112958942417
1993-10-22,1.4,318.43,8.48,8.48,716.23,0.5082940720221607,658.41,27.06629,750.88,3.17552224503765,2.27054970568104,0.715016154973943,0.219528466253919,0.207214753166224,16.85,1.1541095890411,212.45,3.09468317552804,0,-16.0641,4.11759799833194,1.37608385686463,0.451685660266874,1.30108445697626,0.601283991047423,33.3877563865537,51.0347891166449,14.7976986383577,0.969,3.95608738968062,3.43920674799665,0.832442903389189,0.505112958942417
1993-10-23,0.0,262.64,3.26,3.26,528.06,0.35515419134881737,658.41,27.06629,750.88,3.17552224503765,2.27054970568104,0.715016154973943,0.219528466253919,0.207214753166224,16.85,1.1541095890411,212.45,3.09468317552804,0,-16.0641,4.11759799833194,1.37608385686463,0.451685660266874,1.30108445697626,0.601283991047423,33.3877563865537,51.0347891166449,14.7976986383577,0.969,3.95608738968062,3.43920674799665,0.832442903389189,0.505112958942417
1993-10-24,0.0,344.06,4.2,4.2,513.0,0.3030214660132111,658.41,27.06629,750.88,3.17552224503765,2.27054970568104,0.715016154973943,0.219528466253919,0.207214753166224,16.85,1.1541095890411,212.45,3.09468317552804,0,-16.0641,4.11759799833194,1.37608385686463,0.451685660266874,1.30108445697626,0.601283991047423,33.3877563865537,51.0347891166449,14.7976986383577,0.969,3.95608738968062,3.43920674799665,0.832442903389189,0.505112958942417
1993-10-25,0.01,319.66,7.75,7.75,568.06,0.27369680801193264,658.41,27.06629,750.88,3.17552224503765,2.27054970568104,0.715016154973943,0.219528466253919,0.207214753166224,16.85,1.1541095890411,212.45,3.09468317552804,0,-16.0641,4.11759799833194,1.37608385686463,0.451685660266874,1.30108445697626,0.601283991047423,33.3877563865537,51.0347891166449,14.7976986383577,0.969,3.95608738968062,3.43920674799665,0.832442903389189,0.505112958942417
1993-10-26,0.14,271.12,7.77,7.77,591.44,0.24437215001065415,658.41,27.06629,750.88,3.17552224503765,2.27054970568104,0.715016154973943,0.219528466253919,0.207214753166224,16.85,1.1541095890411,212.45,3.09468317552804,0,-16.0641,4.11759799833194,1.37608385686463,0.451685660266874,1.30108445697626,0.601283991047423,33.3877563865537,51.0347891166449,14.7976986383577,0.969,3.95608738968062,3.43920674799665,0.832442903389189,0.505112958942417
1993-10-27,3.44,228.24,8.06,8.06,673.07,0.23459726401022798,658.41,27.06629,750.88,3.17552224503765,2.27054970568104,0.715016154973943,0.219528466253919,0.207214753166224,16.85,1.1541095890411,212.45,3.09468317552804,0,-16.0641,4.11759799833194,1.37608385686463,0.451685660266874,1.30108445697626,0.601283991047423,33.3877563865537,51.0347891166449,14.7976986383577,0.969,3.95608738968062,3.43920674799665,0.832442903389189,0.505112958942417
1993-10-28,1.14,214.95,5.93,5.93,625.17,0.2606636266780311,658.41,27.06629,750.88,3.17552224503765,2.27054970568104,0.715016154973943,0.219528466253919,0.207214753166224,16.85,1.1541095890411,212.45,3.09468317552804,0,-16.0641,4.11759799833194,1.37608385686463,0.451685660266874,1.30108445697626,0.601283991047423,33.3877563865537,51.0347891166449,14.7976986383577,0.969,3.95608738968062,3.43920674799665,0.832442903389189,0.505112958942417
1993-10-29,0.08,185.07,4.13,4.13,597.83,0.2867299893458342,658.41,27.06629,750.88,3.17552224503765,2.27054970568104,0.715016154973943,0.219528466253919,0.207214753166224,16.85,1.1541095890411,212.45,3.09468317552804,0,-16.0641,4.11759799833194,1.37608385686463,0.451685660266874,1.30108445697626,0.601283991047423,33.3877563865537,51.0347891166449,14.7976986383577,0.969,3.95608738968062,3.43920674799665,0.832442903389189,0.505112958942417
1993-10-30,8.78,226.36,3.25,3.25,519.2,0.2671802173449819,658.41,27.06629,750.88,3.17552224503765,2.27054970568104,0.715016154973943,0.219528466253919,0.207214753166224,16.85,1.1541095890411,212.45,3.09468317552804,0,-16.0641,4.11759799833194,1.37608385686463,0.451685660266874,1.30108445697626,0.601283991047423,33.3877563865537,51.0347891166449,14.7976986383577,0.969,3.95608738968062,3.43920674799665,0.832442903389189,0.505112958942417
1993-10-31,15.31,98.16,1.24,1.24,494.38,0.3030214660132111,658.41,27.06629,750.88,3.17552224503765,2.27054970568104,0.715016154973943,0.219528466253919,0.207214753166224,16.85,1.1541095890411,212.45,3.09468317552804,0,-16.0641,4.11759799833194,1.37608385686463,0.451685660266874,1.30108445697626,0.601283991047423,33.3877563865537,51.0347891166449,14.7976986383577,0.969,3.95608738968062,3.43920674799665,0.832442903389189,0.505112958942417
1993-11-01,3.79,105.11,-1.14,-1.14,433.78,0.39751203068399743,658.41,27.06629,750.88,3.17552224503765,2.27054970568104,0.715016154973943,0.219528466253919,0.207214753166224,16.85,1.1541095890411,212.45,3.09468317552804,0,-16.0641,4.11759799833194,1.37608385686463,0.451685660266874,1.30108445697626,0.601283991047423,33.3877563865537,51.0347891166449,14.7976986383577,0.969,3.95608738968062,3.43920674799665,0.832442903389189,0.505112958942417
1993-11-02,0.1,277.86,-3.87,-3.87,320.23,0.4007703260174728,658.41,27.06629,750.88,3.17552224503765,2.27054970568104,0.715016154973943,0.219528466253919,0.207214753166224,16.85,1.1541095890411,212.45,3.09468317552804,0,-16.0641,4.11759799833194,1.37608385686463,0.451685660266874,1.30108445697626,0.601283991047423,33.3877563865537,51.0347891166449,14.7976986383577,0.969,3.95608738968062,3.43920674799665,0.832442903389189,0.505112958942417
1993-11-03,0.54,203.9,-0.21,-0.21,419.33,0.4789694140208821,658.41,27.06629,750.88,3.17552224503765,2.27054970568104,0.715016154973943,0.219528466253919,0.207214753166224,16.85,1.1541095890411,212.45,3.09468317552804,0,-16.0641,4.11759799833194,1.37608385686463,0.451685660266874,1.30108445697626,0.601283991047423,33.3877563865537,51.0347891166449,14.7976986383577,0.969,3.95608738968062,3.43920674799665,0.832442903389189,0.505112958942417
1993-11-04,0.7,128.01,1.79,1.79,549.7,0.6484007713616023,658.41,27.06629,750.88,3.17552224503765,2.27054970568104,0.715016154973943,0.219528466253919,0.207214753166224,16.85,1.1541095890411,212.45,3.09468317552804,0,-16.0641,4.11759799833194,1.37608385686463,0.451685660266874,1.30108445697626,0.601283991047423,33.3877563865537,51.0347891166449,14.7976986383577,0.969,3.95608738968062,3.43920674799665,0.832442903389189,0.505112958942417
1993-11-05,4.42,171.05,4.97,4.97,663.53,1.684538687406776,658.41,27.06629,750.88,3.17552224503765,2.27054970568104,0.715016154973943,0.219528466253919,0.207214753166224,16.85,1.1541095890411,212.45,3.09468317552804,0,-16.0641,4.11759799833194,1.37608385686463,0.451685660266874,1.30108445697626,0.601283991047423,33.3877563865537,51.0347891166449,14.7976986383577,0.969,3.95608738968062,3.43920674799665,0.832442903389189,0.505112958942417
1993-11-06,1.83,165.64,3.8,3.8,572.3,2.238448894097592,658.41,27.06629,750.88,3.17552224503765,2.27054970568104,0.715016154973943,0.219528466253919,0.207214753166224,16.85,1.1541095890411,212.45,3.09468317552804,0,-16.0641,4.11759799833194,1.37608385686463,0.451685660266874,1.30108445697626,0.601283991047423,33.3877563865537,51.0347891166449,14.7976986383577,0.969,3.95608738968062,3.43920674799665,0.832442903389189,0.505112958942417
1993-11-07,0.19,196.47,-0.94,-0.94,414.48,1.417358470061794,658.41,27.06629,750.88,3.17552224503765,2.27054970568104,0.715016154973943,0.219528466253919,0.207214753166224,16.85,1.1541095890411,212.45,3.09468317552804,0,-16.0641,4.11759799833194,1.37608385686463,0.451685660266874,1.30108445697626,0.601283991047423,33.3877563865537,51.0347891166449,14.7976986383577,0.969,3.95608738968062,3.43920674799665,0.832442903389189,0.505112958942417
1993-11-08,0.0,239.69,-1.41,-1.41,384.28,1.1045621180481566,658.41,27.06629,750.88,3.17552224503765,2.27054970568104,0.715016154973943,0.219528466253919,0.207214753166224,16.85,1.1541095890411,212.45,3.09468317552804,0,-16.0641,4.11759799833194,1.37608385686463,0.451685660266874,1.30108445697626,0.601283991047423,33.3877563865537,51.0347891166449,14.7976986383577,0.969,3.95608738968062,3.43920674799665,0.832442903389189,0.505112958942417
1993-11-09,0.0,299.22,-0.78,-0.78,342.77,0.9090643980396335,658.41,27.06629,750.88,3.17552224503765,2.27054970568104,0.715016154973943,0.219528466253919,0.207214753166224,16.85,1.1541095890411,212.45,3.09468317552804,0,-16.0641,4.11759799833194,1.37608385686463,0.451685660266874,1.30108445697626,0.601283991047423,33.3877563865537,51.0347891166449,14.7976986383577,0.969,3.95608738968062,3.43920674799665,0.832442903389189,0.505112958942417
1993-11-10,0.0,299.88,0.62,0.62,352.69,0.7885074707010441,658.41,27.06629,750.88,3.17552224503765,2.27054970568104,0.715016154973943,0.219528466253919,0.207214753166224,16.85,1.1541095890411,212.45,3.09468317552804,0,-16.0641,4.11759799833194,1.37608385686463,0.451685660266874,1.30108445697626,0.601283991047423,33.3877563865537,51.0347891166449,14.7976986383577,0.969,3.95608738968062,3.43920674799665,0.832442903389189,0.505112958942417
1993-11-11,2.71,251.56,1.8,1.8,404.87,0.6972752013637332,658.41,27.06629,750.88,3.17552224503765,2.27054970568104,0.715016154973943,0.219528466253919,0.207214753166224,16.85,1.1541095890411,212.45,3.09468317552804,0,-16.0641,4.11759799833194,1.37608385686463,0.451685660266874,1.30108445697626,0.601283991047423,33.3877563865537,51.0347891166449,14.7976986383577,0.969,3.95608738968062,3.43920674799665,0.832442903389189,0.505112958942417
1993-11-12,0.76,281.93,3.52,3.52,501.32,0.687500315363307,658.41,27.06629,750.88,3.17552224503765,2.27054970568104,0.715016154973943,0.219528466253919,0.207214753166224,16.85,1.1541095890411,212.45,3.09468317552804,0,-16.0641,4.11759799833194,1.37608385686463,0.451685660266874,1.30108445697626,0.601283991047423,33.3877563865537,51.0347891166449,14.7976986383577,0.969,3.95608738968062,3.43920674799665,0.832442903389189,0.505112958942417
1993-11-13,0.19,247.06,3.37,3.37,523.18,0.6418841806946515,658.41,27.06629,750.88,3.17552224503765,2.27054970568104,0.715016154973943,0.219528466253919,0.207214753166224,16.85,1.1541095890411,212.45,3.09468317552804,0,-16.0641,4.11759799833194,1.37608385686463,0.451685660266874,1.30108445697626,0.601283991047423,33.3877563865537,51.0347891166449,14.7976986383577,0.969,3.95608738968062,3.43920674799665,0.832442903389189,0.505112958942417
1993-11-14,6.69,187.05,7.85,7.85,784.43,0.7037917920306839,658.41,27.06629,750.88,3.17552224503765,2.27054970568104,0.715016154973943,0.219528466253919,0.207214753166224,16.85,1.1541095890411,212.45,3.09468317552804,0,-16.0641,4.11759799833194,1.37608385686463,0.451685660266874,1.30108445697626,0.601283991047423,33.3877563865537,51.0347891166449,14.7976986383577,0.969,3.95608738968062,3.43920674799665,0.832442903389189,0.505112958942417
1993-11-15,1.8,158.94,12.32,12.32,1067.07,1.283768361389303,658.41,27.06629,750.88,3.17552224503765,2.27054970568104,0.715016154973943,0.219528466253919,0.207214753166224,16.85,1.1541095890411,212.45,3.09468317552804,0,-16.0641,4.11759799833194,1.37608385686463,0.451685660266874,1.30108445697626,0.601283991047423,33.3877563865537,51.0347891166449,14.7976986383577,0.969,3.95608738968062,3.43920674799665,0.832442903389189,0.505112958942417
1993-11-16,0.09,231.6,8.23,8.23,722.99,0.9546805327082889,658.41,27.06629,750.88,3.17552224503765,2.27054970568104,0.715016154973943,0.219528466253919,0.207214753166224,16.85,1.1541095890411,212.45,3.09468317552804,0,-16.0641,4.11759799833194,1.37608385686463,0.451685660266874,1.30108445697626,0.601283991047423,33.3877563865537,51.0347891166449,14.7976986383577,0.969,3.95608738968062,3.43920674799665,0.832442903389189,0.505112958942417
1993-11-17,26.24,180.67,2.53,2.53,489.1,3.3886271468144042,658.41,27.06629,750.88,3.17552224503765,2.27054970568104,0.715016154973943,0.219528466253919,0.207214753166224,16.85,1.1541095890411,212.45,3.09468317552804,0,-16.0641,4.11759799833194,1.37608385686463,0.451685660266874,1.30108445697626,0.601283991047423,33.3877563865537,51.0347891166449,14.7976986383577,0.969,3.95608738968062,3.43920674799665,0.832442903389189,0.505112958942417
1993-11-18,7.23,221.3,1.45,1.45,473.38,6.190761133603239,658.41,27.06629,750.88,3.17552224503765,2.27054970568104,0.715016154973943,0.219528466253919,0.207214753166224,16.85,1.1541095890411,212.45,3.09468317552804,0,-16.0641,4.11759799833194,1.37608385686463,0.451685660266874,1.30108445697626,0.601283991047423,33.3877563865537,51.0347891166449,14.7976986383577,0.969,3.95608738968062,3.43920674799665,0.832442903389189,0.505112958942417
1993-11-19,0.98,174.33,1.22,1.22,463.25,2.9454989814617516,658.41,27.06629,750.88,3.17552224503765,2.27054970568104,0.715016154973943,0.219528466253919,0.207214753166224,16.85,1.1541095890411,212.45,3.09468317552804,0,-16.0641,4.11759799833194,1.37608385686463,0.451685660266874,1.30108445697626,0.601283991047423,33.3877563865537,51.0347891166449,14.7976986383577,0.969,3.95608738968062,3.43920674799665,0.832442903389189,0.505112958942417
1993-11-20,1.37,168.22,-0.07,-0.07,412.34,2.4274300234391646,658.41,27.06629,750.88,3.17552224503765,2.27054970568104,0.715016154973943,0.219528466253919,0.207214753166224,16.85,1.1541095890411,212.45,3.09468317552804,0,-16.0641,4.11759799833194,1.37608385686463,0.451685660266874,1.30108445697626,0.601283991047423,33.3877563865537,51.0347891166449,14.7976986383577,0.969,3.95608738968062,3.43920674799665,0.832442903389189,0.505112958942417
1993-11-21,0.3,234.89,-2.46,-2.46,357.21,1.9093610654165778,658.41,27.06629,750.88,3.17552224503765,2.27054970568104,0.715016154973943,0.219528466253919,0.207214753166224,16.85,1.1541095890411,212.45,3.09468317552804,0,-16.0641,4.11759799833194,1.37608385686463,0.451685660266874,1.30108445697626,0.601283991047423,33.3877563865537,51.0347891166449,14.7976986383577,0.969,3.95608738968062,3.43920674799665,0.832442903389189,0.505112958942417
1993-11-22,0.0,237.93,1.77,1.77,475.67,1.6389225527381206,658.41,27.06629,750.88,3.17552224503765,2.27054970568104,0.715016154973943,0.219528466253919,0.207214753166224,16.85,1.1541095890411,212.45,3.09468317552804,0,-16.0641,4.11759799833194,1.37608385686463,0.451685660266874,1.30108445697626,0.601283991047423,33.3877563865537,51.0347891166449,14.7976986383577,0.969,3.95608738968062,3.43920674799665,0.832442903389189,0.505112958942417
1993-11-23,0.0,262.52,2.62,2.62,456.96,1.3880338120605156,658.41,27.06629,750.88,3.17552224503765,2.27054970568104,0.715016154973943,0.219528466253919,0.207214753166224,16.85,1.1541095890411,212.45,3.09468317552804,0,-16.0641,4.11759799833194,1.37608385686463,0.451685660266874,1.30108445697626,0.601283991047423,33.3877563865537,51.0347891166449,14.7976986383577,0.969,3.95608738968062,3.43920674799665,0.832442903389189,0.505112958942417
1993-11-24,0.33,165.66,3.01,3.01,486.99,1.2381522267206477,658.41,27.06629,750.88,3.17552224503765,2.27054970568104,0.715016154973943,0.219528466253919,0.207214753166224,16.85,1.1541095890411,212.45,3.09468317552804,0,-16.0641,4.11759799833194,1.37608385686463,0.451685660266874,1.30108445697626,0.601283991047423,33.3877563865537,51.0347891166449,14.7976986383577,0.969,3.95608738968062,3.43920674799665,0.832442903389189,0.505112958942417
1993-11-25,0.1,251.56,-2.33,-2.33,315.05,1.1208535947155336,658.41,27.06629,750.88,3.17552224503765,2.27054970568104,0.715016154973943,0.219528466253919,0.207214753166224,16.85,1.1541095890411,212.45,3.09468317552804,0,-16.0641,4.11759799833194,1.37608385686463,0.451685660266874,1.30108445697626,0.601283991047423,33.3877563865537,51.0347891166449,14.7976986383577,0.969,3.95608738968062,3.43920674799665,0.832442903389189,0.505112958942417
1993-11-26,0.1,220.46,-3.68,-3.68,299.13,0.9611971233752395,658.41,27.06629,750.88,3.17552224503765,2.27054970568104,0.715016154973943,0.219528466253919,0.207214753166224,16.85,1.1541095890411,212.45,3.09468317552804,0,-16.0641,4.11759799833194,1.37608385686463,0.451685660266874,1.30108445697626,0.601283991047423,33.3877563865537,51.0347891166449,14.7976986383577,0.969,3.95608738968062,3.43920674799665,0.832442903389189,0.505112958942417
1993-11-27,35.51,199.75,-1.31,-1.31,408.08,1.065462574046452,658.41,27.06629,750.88,3.17552224503765,2.27054970568104,0.715016154973943,0.219528466253919,0.207214753166224,16.85,1.1541095890411,212.45,3.09468317552804,0,-16.0641,4.11759799833194,1.37608385686463,0.451685660266874,1.30108445697626,0.601283991047423,33.3877563865537,51.0347891166449,14.7976986383577,0.969,3.95608738968062,3.43920674799665,0.832442903389189,0.505112958942417
1993-11-28,11.13,150.83,3.06,3.06,576.35,14.662329000639248,658.41,27.06629,750.88,3.17552224503765,2.27054970568104,0.715016154973943,0.219528466253919,0.207214753166224,16.85,1.1541095890411,212.45,3.09468317552804,0,-16.0641,4.11759799833194,1.37608385686463,0.451685660266874,1.30108445697626,0.601283991047423,33.3877563865537,51.0347891166449,14.7976986383577,0.969,3.95608738968062,3.43920674799665,0.832442903389189,0.505112958942417
1993-11-29,0.87,142.8,-0.6,-0.6,440.64,6.353675900277008,658.41,27.06629,750.88,3.17552224503765,2.27054970568104,0.715016154973943,0.219528466253919,0.207214753166224,16.85,1.1541095890411,212.45,3.09468317552804,0,-16.0641,4.11759799833194,1.37608385686463,0.451685660266874,1.30108445697626,0.601283991047423,33.3877563865537,51.0347891166449,14.7976986383577,0.969,3.95608738968062,3.43920674799665,0.832442903389189,0.505112958942417
1993-11-30,0.11,211.19,-3.73,-3.73,330.15,3.7470396334966973,658.41,27.06629,750.88,3.17552224503765,2.27054970568104,0.715016154973943,0.219528466253919,0.207214753166224,16.85,1.1541095890411,212.45,3.09468317552804,0,-16.0641,4.11759799833194,1.37608385686463,0.451685660266874,1.30108445697626,0.601283991047423,33.3877563865537,51.0347891166449,14.7976986383577,0.969,3.95608738968062,3.43920674799665,0.832442903389189,0.505112958942417
1993-12-01,0.0,264.3,-4.85,-4.85,270.51,2.7434846707862772,658.41,27.06629,750.88,3.17552224503765,2.27054970568104,0.715016154973943,0.219528466253919,0.207214753166224,16.85,1.1541095890411,212.45,3.09468317552804,0,-16.0641,4.11759799833194,1.37608385686463,0.451685660266874,1.30108445697626,0.601283991047423,33.3877563865537,51.0347891166449,14.7976986383577,0.969,3.95608738968062,3.43920674799665,0.832442903389189,0.505112958942417
1993-12-02,0.34,230.38,-3.62,-3.62,304.45,2.228674008097166,658.41,27.06629,750.88,3.17552224503765,2.27054970568104,0.715016154973943,0.219528466253919,0.207214753166224,16.85,1.1541095890411,212.45,3.09468317552804,0,-16.0641,4.11759799833194,1.37608385686463,0.451685660266874,1.30108445697626,0.601283991047423,33.3877563865537,51.0347891166449,14.7976986383577,0.969,3.95608738968062,3.43920674799665,0.832442903389189,0.505112958942417
1993-12-03,2.44,146.57,1.58,1.58,514.53,2.0494677647560193,658.41,27.06629,750.88,3.17552224503765,2.27054970568104,0.715016154973943,0.219528466253919,0.207214753166224,16.85,1.1541095890411,212.45,3.09468317552804,0,-16.0641,4.11759799833194,1.37608385686463,0.451685660266874,1.30108445697626,0.601283991047423,33.3877563865537,51.0347891166449,14.7976986383577,0.969,3.95608738968062,3.43920674799665,0.832442903389189,0.505112958942417
1993-12-04,7.88,175.64,2.58,2.58,552.8,2.3101313914340507,658.41,27.06629,750.88,3.17552224503765,2.27054970568104,0.715016154973943,0.219528466253919,0.207214753166224,16.85,1.1541095890411,212.45,3.09468317552804,0,-16.0641,4.11759799833194,1.37608385686463,0.451685660266874,1.30108445697626,0.601283991047423,33.3877563865537,51.0347891166449,14.7976986383577,0.969,3.95608738968062,3.43920674799665,0.832442903389189,0.505112958942417
1993-12-05,2.09,148.52,2.56,2.56,557.51,3.1800962454719794,658.41,27.06629,750.88,3.17552224503765,2.27054970568104,0.715016154973943,0.219528466253919,0.207214753166224,16.85,1.1541095890411,212.45,3.09468317552804,0,-16.0641,4.11759799833194,1.37608385686463,0.451685660266874,1.30108445697626,0.601283991047423,33.3877563865537,51.0347891166449,14.7976986383577,0.969,3.95608738968062,3.43920674799665,0.832442903389189,0.505112958942417
1993-12-06,0.92,89.54,0.26,0.26,511.99,2.196091054762412,658.41,27.06629,750.88,3.17552224503765,2.27054970568104,0.715016154973943,0.219528466253919,0.207214753166224,16.85,1.1541095890411,212.45,3.09468317552804,0,-16.0641,4.11759799833194,1.37608385686463,0.451685660266874,1.30108445697626,0.601283991047423,33.3877563865537,51.0347891166449,14.7976986383577,0.969,3.95608738968062,3.43920674799665,0.832442903389189,0.505112958942417
1993-12-07,0.77,113.12,-0.28,-0.28,483.6,2.114633671425527,658.41,27.06629,750.88,3.17552224503765,2.27054970568104,0.715016154973943,0.219528466253919,0.207214753166224,16.85,1.1541095890411,212.45,3.09468317552804,0,-16.0641,4.11759799833194,1.37608385686463,0.451685660266874,1.30108445697626,0.601283991047423,33.3877563865537,51.0347891166449,14.7976986383577,0.969,3.95608738968062,3.43920674799665,0.832442903389189,0.505112958942417
1993-12-08,0.14,209.38,-2.01,-2.01,385.71,1.8572283400809715,658.41,27.06629,750.88,3.17552224503765,2.27054970568104,0.715016154973943,0.219528466253919,0.207214753166224,16.85,1.1541095890411,212.45,3.09468317552804,0,-16.0641,4.11759799833194,1.37608385686463,0.451685660266874,1.30108445697626,0.601283991047423,33.3877563865537,51.0347891166449,14.7976986383577,0.969,3.95608738968062,3.43920674799665,0.832442903389189,0.505112958942417
1993-12-09,0.33,211.12,-2.3,-2.3,347.84,1.6324059620711697,658.41,27.06629,750.88,3.17552224503765,2.27054970568104,0.715016154973943,0.219528466253919,0.207214753166224,16.85,1.1541095890411,212.45,3.09468317552804,0,-16.0641,4.11759799833194,1.37608385686463,0.451685660266874,1.30108445697626,0.601283991047423,33.3877563865537,51.0347891166449,14.7976986383577,0.969,3.95608738968062,3.43920674799665,0.832442903389189,0.505112958942417
1993-12-10,2.41,211.78,-0.82,-0.82,364.93,1.6226310760707434,658.41,27.06629,750.88,3.17552224503765,2.27054970568104,0.715016154973943,0.219528466253919,0.207214753166224,16.85,1.1541095890411,212.45,3.09468317552804,0,-16.0641,4.11759799833194,1.37608385686463,0.451685660266874,1.30108445697626,0.601283991047423,33.3877563865537,51.0347891166449,14.7976986383577,0.969,3.95608738968062,3.43920674799665,0.832442903389189,0.505112958942417
1993-12-11,0.87,228.22,-2.78,-2.78,266.61,1.752962889409759,658.41,27.06629,750.88,3.17552224503765,2.27054970568104,0.715016154973943,0.219528466253919,0.207214753166224,16.85,1.1541095890411,212.45,3.09468317552804,0,-16.0641,4.11759799833194,1.37608385686463,0.451685660266874,1.30108445697626,0.601283991047423,33.3877563865537,51.0347891166449,14.7976986383577,0.969,3.95608738968062,3.43920674799665,0.832442903389189,0.505112958942417
1993-12-12,0.08,185.98,-9.6,-9.6,188.23,1.2381522267206477,658.41,27.06629,750.88,3.17552224503765,2.27054970568104,0.715016154973943,0.219528466253919,0.207214753166224,16.85,1.1541095890411,212.45,3.09468317552804,0,-16.0641,4.11759799833194,1.37608385686463,0.451685660266874,1.30108445697626,0.601283991047423,33.3877563865537,51.0347891166449,14.7976986383577,0.969,3.95608738968062,3.43920674799665,0.832442903389189,0.505112958942417
1993-12-13,0.0,267.59,-9.06,-9.06,202.72,1.17298632005114,658.41,27.06629,750.88,3.17552224503765,2.27054970568104,0.715016154973943,0.219528466253919,0.207214753166224,16.85,1.1541095890411,212.45,3.09468317552804,0,-16.0641,4.11759799833194,1.37608385686463,0.451685660266874,1.30108445697626,0.601283991047423,33.3877563865537,51.0347891166449,14.7976986383577,0.969,3.95608738968062,3.43920674799665,0.832442903389189,0.505112958942417
1993-12-14,0.0,284.33,-4.67,-4.67,257.71,1.140403366716386,658.41,27.06629,750.88,3.17552224503765,2.27054970568104,0.715016154973943,0.219528466253919,0.207214753166224,16.85,1.1541095890411,212.45,3.09468317552804,0,-16.0641,4.11759799833194,1.37608385686463,0.451685660266874,1.30108445697626,0.601283991047423,33.3877563865537,51.0347891166449,14.7976986383577,0.969,3.95608738968062,3.43920674799665,0.832442903389189,0.505112958942417
1993-12-15,0.33,222.55,-0.03,-0.03,374.07,1.1599531387172384,658.41,27.06629,750.88,3.17552224503765,2.27054970568104,0.715016154973943,0.219528466253919,0.207214753166224,16.85,1.1541095890411,212.45,3.09468317552804,0,-16.0641,4.11759799833194,1.37608385686463,0.451685660266874,1.30108445697626,0.601283991047423,33.3877563865537,51.0347891166449,14.7976986383577,0.969,3.95608738968062,3.43920674799665,0.832442903389189,0.505112958942417
1993-12-16,0.09,135.95,-0.1,-0.1,432.56,1.133886776049435,658.41,27.06629,750.88,3.17552224503765,2.27054970568104,0.715016154973943,0.219528466253919,0.207214753166224,16.85,1.1541095890411,212.45,3.09468317552804,0,-16.0641,4.11759799833194,1.37608385686463,0.451685660266874,1.30108445697626,0.601283991047423,33.3877563865537,51.0347891166449,14.7976986383577,0.969,3.95608738968062,3.43920674799665,0.832442903389189,0.505112958942417
1993-12-17,0.0,275.23,-6.11,-6.11,257.5,0.9318724653739611,658.41,27.06629,750.88,3.17552224503765,2.27054970568104,0.715016154973943,0.219528466253919,0.207214753166224,16.85,1.1541095890411,212.45,3.09468317552804,0,-16.0641,4.11759799833194,1.37608385686463,0.451685660266874,1.30108445697626,0.601283991047423,33.3877563865537,51.0347891166449,14.7976986383577,0.969,3.95608738968062,3.43920674799665,0.832442903389189,0.505112958942417
1993-12-18,5.67,226.06,-2.67,-2.67,304.9,0.8797397400383549,658.41,27.06629,750.88,3.17552224503765,2.27054970568104,0.715016154973943,0.219528466253919,0.207214753166224,16.85,1.1541095890411,212.45,3.09468317552804,0,-16.0641,4.11759799833194,1.37608385686463,0.451685660266874,1.30108445697626,0.601283991047423,33.3877563865537,51.0347891166449,14.7976986383577,0.969,3.95608738968062,3.43920674799665,0.832442903389189,0.505112958942417
1993-12-19,1.85,151.65,0.02,0.02,444.24,0.9025478073726826,658.41,27.06629,750.88,3.17552224503765,2.27054970568104,0.715016154973943,0.219528466253919,0.207214753166224,16.85,1.1541095890411,212.45,3.09468317552804,0,-16.0641,4.11759799833194,1.37608385686463,0.451685660266874,1.30108445697626,0.601283991047423,33.3877563865537,51.0347891166449,14.7976986383577,0.969,3.95608738968062,3.43920674799665,0.832442903389189,0.505112958942417
1993-12-20,3.47,147.03,-0.26,-0.26,476.34,0.9090643980396335,658.41,27.06629,750.88,3.17552224503765,2.27054970568104,0.715016154973943,0.219528466253919,0.207214753166224,16.85,1.1541095890411,212.45,3.09468317552804,0,-16.0641,4.11759799833194,1.37608385686463,0.451685660266874,1.30108445697626,0.601283991047423,33.3877563865537,51.0347891166449,14.7976986383577,0.969,3.95608738968062,3.43920674799665,0.832442903389189,0.505112958942417
1993-12-21,4.88,110.22,-0.95,-0.95,457.45,0.8732231493714042,658.41,27.06629,750.88,3.17552224503765,2.27054970568104,0.715016154973943,0.219528466253919,0.207214753166224,16.85,1.1541095890411,212.45,3.09468317552804,0,-16.0641,4.11759799833194,1.37608385686463,0.451685660266874,1.30108445697626,0.601283991047423,33.3877563865537,51.0347891166449,14.7976986383577,0.969,3.95608738968062,3.43920674799665,0.832442903389189,0.505112958942417
1993-12-22,1.15,188.07,-3.16,-3.16,356.88,0.8308653100362241,658.41,27.06629,750.88,3.17552224503765,2.27054970568104,0.715016154973943,0.219528466253919,0.207214753166224,16.85,1.1541095890411,212.45,3.09468317552804,0,-16.0641,4.11759799833194,1.37608385686463,0.451685660266874,1.30108445697626,0.601283991047423,33.3877563865537,51.0347891166449,14.7976986383577,0.969,3.95608738968062,3.43920674799665,0.832442903389189,0.505112958942417
1993-12-23,0.06,200.15,-5.48,-5.48,270.36,0.7819908800340932,658.41,27.06629,750.88,3.17552224503765,2.27054970568104,0.715016154973943,0.219528466253919,0.207214753166224,16.85,1.1541095890411,212.45,3.09468317552804,0,-16.0641,4.11759799833194,1.37608385686463,0.451685660266874,1.30108445697626,0.601283991047423,33.3877563865537,51.0347891166449,14.7976986383577,0.969,3.95608738968062,3.43920674799665,0.832442903389189,0.505112958942417
1993-12-24,0.16,235.13,-11.69,-11.69,136.37,0.6842420200298316,658.41,27.06629,750.88,3.17552224503765,2.27054970568104,0.715016154973943,0.219528466253919,0.207214753166224,16.85,1.1541095890411,212.45,3.09468317552804,0,-16.0641,4.11759799833194,1.37608385686463,0.451685660266874,1.30108445697626,0.601283991047423,33.3877563865537,51.0347891166449,14.7976986383577,0.969,3.95608738968062,3.43920674799665,0.832442903389189,0.505112958942417
1993-12-25,2.27,222.64,-9.8,-9.8,154.11,0.6190761133603239,658.41,27.06629,750.88,3.17552224503765,2.27054970568104,0.715016154973943,0.219528466253919,0.207214753166224,16.85,1.1541095890411,212.45,3.09468317552804,0,-16.0641,4.11759799833194,1.37608385686463,0.451685660266874,1.30108445697626,0.601283991047423,33.3877563865537,51.0347891166449,14.7976986383577,0.969,3.95608738968062,3.43920674799665,0.832442903389189,0.505112958942417
1993-12-26,0.85,225.49,-11.5,-11.5,128.17,0.5213272533560622,658.41,27.06629,750.88,3.17552224503765,2.27054970568104,0.715016154973943,0.219528466253919,0.207214753166224,16.85,1.1541095890411,212.45,3.09468317552804,0,-16.0641,4.11759799833194,1.37608385686463,0.451685660266874,1.30108445697626,0.601283991047423,33.3877563865537,51.0347891166449,14.7976986383577,0.969,3.95608738968062,3.43920674799665,0.832442903389189,0.505112958942417
1993-12-27,0.07,288.31,-18.62,-18.62,68.6,0.5376187300234391,658.41,27.06629,750.88,3.17552224503765,2.27054970568104,0.715016154973943,0.219528466253919,0.207214753166224,16.85,1.1541095890411,212.45,3.09468317552804,0,-16.0641,4.11759799833194,1.37608385686463,0.451685660266874,1.30108445697626,0.601283991047423,33.3877563865537,51.0347891166449,14.7976986383577,0.969,3.95608738968062,3.43920674799665,0.832442903389189,0.505112958942417
1993-12-28,0.0,291.05,-18.5,-18.5,65.66,0.58649316002557,658.41,27.06629,750.88,3.17552224503765,2.27054970568104,0.715016154973943,0.219528466253919,0.207214753166224,16.85,1.1541095890411,212.45,3.09468317552804,0,-16.0641,4.11759799833194,1.37608385686463,0.451685660266874,1.30108445697626,0.601283991047423,33.3877563865537,51.0347891166449,14.7976986383577,0.969,3.95608738968062,3.43920674799665,0.832442903389189,0.505112958942417
1993-12-29,0.8,233.83,-17.65,-17.65,69.71,0.5213272533560622,658.41,27.06629,750.88,3.17552224503765,2.27054970568104,0.715016154973943,0.219528466253919,0.207214753166224,16.85,1.1541095890411,212.45,3.09468317552804,0,-16.0641,4.11759799833194,1.37608385686463,0.451685660266874,1.30108445697626,0.601283991047423,33.3877563865537,51.0347891166449,14.7976986383577,0.969,3.95608738968062,3.43920674799665,0.832442903389189,0.505112958942417
1993-12-30,0.58,225.4,-14.31,-14.31,106.63,0.5213272533560622,658.41,27.06629,750.88,3.17552224503765,2.27054970568104,0.715016154973943,0.219528466253919,0.207214753166224,16.85,1.1541095890411,212.45,3.09468317552804,0,-16.0641,4.11759799833194,1.37608385686463,0.451685660266874,1.30108445697626,0.601283991047423,33.3877563865537,51.0347891166449,14.7976986383577,0.969,3.95608738968062,3.43920674799665,0.832442903389189,0.505112958942417
1993-12-31,0.28,188.63,-11.67,-11.67,160.33,0.5213272533560622,658.41,27.06629,750.88,3.17552224503765,2.27054970568104,0.715016154973943,0.219528466253919,0.207214753166224,16.85,1.1541095890411,212.45,3.09468317552804,0,-16.0641,4.11759799833194,1.37608385686463,0.451685660266874,1.30108445697626,0.601283991047423,33.3877563865537,51.0347891166449,14.7976986383577,0.969,3.95608738968062,3.43920674799665,0.832442903389189,0.505112958942417
1994-01-01,0.24,201.88,-8.71,-8.71,219.69,0.5213272533560622,658.41,27.06629,750.88,3.17552224503765,2.27054970568104,0.715016154973943,0.219528466253919,0.207214753166224,16.85,1.1541095890411,212.45,3.09468317552804,0,-16.0641,4.11759799833194,1.37608385686463,0.451685660266874,1.30108445697626,0.601283991047423,33.3877563865537,51.0347891166449,14.7976986383577,0.969,3.95608738968062,3.43920674799665,0.832442903389189,0.505112958942417
1994-01-02,0.1,279.13,-3.34,-3.34,285.24,0.4887443000213083,658.41,27.06629,750.88,3.17552224503765,2.27054970568104,0.715016154973943,0.219528466253919,0.207214753166224,16.85,1.1541095890411,212.45,3.09468317552804,0,-16.0641,4.11759799833194,1.37608385686463,0.451685660266874,1.30108445697626,0.601283991047423,33.3877563865537,51.0347891166449,14.7976986383577,0.969,3.95608738968062,3.43920674799665,0.832442903389189,0.505112958942417
1994-01-03,4.2,226.55,-6.73,-6.73,210.16,0.47245282335393135,658.41,27.06629,750.88,3.17552224503765,2.27054970568104,0.715016154973943,0.219528466253919,0.207214753166224,16.85,1.1541095890411,212.45,3.09468317552804,0,-16.0641,4.11759799833194,1.37608385686463,0.451685660266874,1.30108445697626,0.601283991047423,33.3877563865537,51.0347891166449,14.7976986383577,0.969,3.95608738968062,3.43920674799665,0.832442903389189,0.505112958942417
1994-01-04,11.64,215.3,-7.82,-7.82,204.12,0.47245282335393135,658.41,27.06629,750.88,3.17552224503765,2.27054970568104,0.715016154973943,0.219528466253919,0.207214753166224,16.85,1.1541095890411,212.45,3.09468317552804,0,-16.0641,4.11759799833194,1.37608385686463,0.451685660266874,1.30108445697626,0.601283991047423,33.3877563865537,51.0347891166449,14.7976986383577,0.969,3.95608738968062,3.43920674799665,0.832442903389189,0.505112958942417
1994-01-05,2.93,168.91,-9.66,-9.66,190.6,0.45616134668655445,658.41,27.06629,750.88,3.17552224503765,2.27054970568104,0.715016154973943,0.219528466253919,0.207214753166224,16.85,1.1541095890411,212.45,3.09468317552804,0,-16.0641,4.11759799833194,1.37608385686463,0.451685660266874,1.30108445697626,0.601283991047423,33.3877563865537,51.0347891166449,14.7976986383577,0.969,3.95608738968062,3.43920674799665,0.832442903389189,0.505112958942417
1994-01-06,7.06,218.66,-12.48,-12.48,148.13,0.45616134668655445,658.41,27.06629,750.88,3.17552224503765,2.27054970568104,0.715016154973943,0.219528466253919,0.207214753166224,16.85,1.1541095890411,212.45,3.09468317552804,0,-16.0641,4.11759799833194,1.37608385686463,0.451685660266874,1.30108445697626,0.601283991047423,33.3877563865537,51.0347891166449,14.7976986383577,0.969,3.95608738968062,3.43920674799665,0.832442903389189,0.505112958942417
1994-01-07,3.04,185.77,-11.44,-11.44,167.35,0.43986987001917743,658.41,27.06629,750.88,3.17552224503765,2.27054970568104,0.715016154973943,0.219528466253919,0.207214753166224,16.85,1.1541095890411,212.45,3.09468317552804,0,-16.0641,4.11759799833194,1.37608385686463,0.451685660266874,1.30108445697626,0.601283991047423,33.3877563865537,51.0347891166449,14.7976986383577,0.969,3.95608738968062,3.43920674799665,0.832442903389189,0.505112958942417
1994-01-08,0.45,154.29,-11.55,-11.55,174.81,0.43986987001917743,658.41,27.06629,750.88,3.17552224503765,2.27054970568104,0.715016154973943,0.219528466253919,0.207214753166224,16.85,1.1541095890411,212.45,3.09468317552804,0,-16.0641,4.11759799833194,1.37608385686463,0.451685660266874,1.30108445697626,0.601283991047423,33.3877563865537,51.0347891166449,14.7976986383577,0.969,3.95608738968062,3.43920674799665,0.832442903389189,0.505112958942417
1994-01-09,0.04,274.56,-12.65,-12.65,136.78,0.42357839335180053,658.41,27.06629,750.88,3.17552224503765,2.27054970568104,0.715016154973943,0.219528466253919,0.207214753166224,16.85,1.1541095890411,212.45,3.09468317552804,0,-16.0641,4.11759799833194,1.37608385686463,0.451685660266874,1.30108445697626,0.601283991047423,33.3877563865537,51.0347891166449,14.7976986383577,0.969,3.95608738968062,3.43920674799665,0.832442903389189,0.505112958942417
1994-01-10,0.0,312.14,-15.34,-15.34,95.61,0.42357839335180053,658.41,27.06629,750.88,3.17552224503765,2.27054970568104,0.715016154973943,0.219528466253919,0.207214753166224,16.85,1.1541095890411,212.45,3.09468317552804,0,-16.0641,4.11759799833194,1.37608385686463,0.451685660266874,1.30108445697626,0.601283991047423,33.3877563865537,51.0347891166449,14.7976986383577,0.969,3.95608738968062,3.43920674799665,0.832442903389189,0.505112958942417
1994-01-11,0.0,314.1,-12.61,-12.61,136.38,0.42357839335180053,658.41,27.06629,750.88,3.17552224503765,2.27054970568104,0.715016154973943,0.219528466253919,0.207214753166224,16.85,1.1541095890411,212.45,3.09468317552804,0,-16.0641,4.11759799833194,1.37608385686463,0.451685660266874,1.30108445697626,0.601283991047423,33.3877563865537,51.0347891166449,14.7976986383577,0.969,3.95608738968062,3.43920674799665,0.832442903389189,0.505112958942417
1994-01-12,0.03,231.27,-4.81,-4.81,291.62,0.4072869166844236,658.41,27.06629,750.88,3.17552224503765,2.27054970568104,0.715016154973943,0.219528466253919,0.207214753166224,16.85,1.1541095890411,212.45,3.09468317552804,0,-16.0641,4.11759799833194,1.37608385686463,0.451685660266874,1.30108445697626,0.601283991047423,33.3877563865537,51.0347891166449,14.7976986383577,0.969,3.95608738968062,3.43920674799665,0.832442903389189,0.505112958942417
1994-01-13,0.53,197.13,-3.57,-3.57,327.76,0.4072869166844236,658.41,27.06629,750.88,3.17552224503765,2.27054970568104,0.715016154973943,0.219528466253919,0.207214753166224,16.85,1.1541095890411,212.45,3.09468317552804,0,-16.0641,4.11759799833194,1.37608385686463,0.451685660266874,1.30108445697626,0.601283991047423,33.3877563865537,51.0347891166449,14.7976986383577,0.969,3.95608738968062,3.43920674799665,0.832442903389189,0.505112958942417
1994-01-14,3.64,229.69,-5.17,-5.17,254.67,0.4072869166844236,658.41,27.06629,750.88,3.17552224503765,2.27054970568104,0.715016154973943,0.219528466253919,0.207214753166224,16.85,1.1541095890411,212.45,3.09468317552804,0,-16.0641,4.11759799833194,1.37608385686463,0.451685660266874,1.30108445697626,0.601283991047423,33.3877563865537,51.0347891166449,14.7976986383577,0.969,3.95608738968062,3.43920674799665,0.832442903389189,0.505112958942417
1994-01-15,1.87,260.18,-14.64,-14.64,94.6,0.3909954400170466,658.41,27.06629,750.88,3.17552224503765,2.27054970568104,0.715016154973943,0.219528466253919,0.207214753166224,16.85,1.1541095890411,212.45,3.09468317552804,0,-16.0641,4.11759799833194,1.37608385686463,0.451685660266874,1.30108445697626,0.601283991047423,33.3877563865537,51.0347891166449,14.7976986383577,0.969,3.95608738968062,3.43920674799665,0.832442903389189,0.505112958942417
1994-01-16,0.72,218.72,-19.8,-19.8,66.78,0.3909954400170466,658.41,27.06629,750.88,3.17552224503765,2.27054970568104,0.715016154973943,0.219528466253919,0.207214753166224,16.85,1.1541095890411,212.45,3.09468317552804,0,-16.0641,4.11759799833194,1.37608385686463,0.451685660266874,1.30108445697626,0.601283991047423,33.3877563865537,51.0347891166449,14.7976986383577,0.969,3.95608738968062,3.43920674799665,0.832442903389189,0.505112958942417
1994-01-17,1.76,257.53,-17.69,-17.69,82.19,0.3747039633496697,658.41,27.06629,750.88,3.17552224503765,2.27054970568104,0.715016154973943,0.219528466253919,0.207214753166224,16.85,1.1541095890411,212.45,3.09468317552804,0,-16.0641,4.11759799833194,1.37608385686463,0.451685660266874,1.30108445697626,0.601283991047423,33.3877563865537,51.0347891166449,14.7976986383577,0.969,3.95608738968062,3.43920674799665,0.832442903389189,0.505112958942417
1994-01-18,0.5,269.04,-13.14,-13.14,96.35,0.3747039633496697,658.41,27.06629,750.88,3.17552224503765,2.27054970568104,0.715016154973943,0.219528466253919,0.207214753166224,16.85,1.1541095890411,212.45,3.09468317552804,0,-16.0641,4.11759799833194,1.37608385686463,0.451685660266874,1.30108445697626,0.601283991047423,33.3877563865537,51.0347891166449,14.7976986383577,0.969,3.95608738968062,3.43920674799665,0.832442903389189,0.505112958942417
1994-01-19,0.02,328.4,-22.56,-22.56,42.6,0.35841248668229275,658.41,27.06629,750.88,3.17552224503765,2.27054970568104,0.715016154973943,0.219528466253919,0.207214753166224,16.85,1.1541095890411,212.45,3.09468317552804,0,-16.0641,4.11759799833194,1.37608385686463,0.451685660266874,1.30108445697626,0.601283991047423,33.3877563865537,51.0347891166449,14.7976986383577,0.969,3.95608738968062,3.43920674799665,0.832442903389189,0.505112958942417
1994-01-20,0.0,327.1,-26.41,-26.41,32.72,0.35841248668229275,658.41,27.06629,750.88,3.17552224503765,2.27054970568104,0.715016154973943,0.219528466253919,0.207214753166224,16.85,1.1541095890411,212.45,3.09468317552804,0,-16.0641,4.11759799833194,1.37608385686463,0.451685660266874,1.30108445697626,0.601283991047423,33.3877563865537,51.0347891166449,14.7976986383577,0.969,3.95608738968062,3.43920674799665,0.832442903389189,0.505112958942417
1994-01-21,0.02,315.4,-20.87,-20.87,56.94,0.35841248668229275,658.41,27.06629,750.88,3.17552224503765,2.27054970568104,0.715016154973943,0.219528466253919,0.207214753166224,16.85,1.1541095890411,212.45,3.09468317552804,0,-16.0641,4.11759799833194,1.37608385686463,0.451685660266874,1.30108445697626,0.601283991047423,33.3877563865537,51.0347891166449,14.7976986383577,0.969,3.95608738968062,3.43920674799665,0.832442903389189,0.505112958942417
1994-01-22,0.9,246.57,-16.35,-16.35,98.08,0.3421210100149158,658.41,27.06629,750.88,3.17552224503765,2.27054970568104,0.715016154973943,0.219528466253919,0.207214753166224,16.85,1.1541095890411,212.45,3.09468317552804,0,-16.0641,4.11759799833194,1.37608385686463,0.451685660266874,1.30108445697626,0.601283991047423,33.3877563865537,51.0347891166449,14.7976986383577,0.969,3.95608738968062,3.43920674799665,0.832442903389189,0.505112958942417
1994-01-23,0.24,294.7,-10.99,-10.99,171.84,0.3421210100149158,658.41,27.06629,750.88,3.17552224503765,2.27054970568104,0.715016154973943,0.219528466253919,0.207214753166224,16.85,1.1541095890411,212.45,3.09468317552804,0,-16.0641,4.11759799833194,1.37608385686463,0.451685660266874,1.30108445697626,0.601283991047423,33.3877563865537,51.0347891166449,14.7976986383577,0.969,3.95608738968062,3.43920674799665,0.832442903389189,0.505112958942417
1994-01-24,0.68,263.91,-5.2,-5.2,266.22,0.3258295333475389,658.41,27.06629,750.88,3.17552224503765,2.27054970568104,0.715016154973943,0.219528466253919,0.207214753166224,16.85,1.1541095890411,212.45,3.09468317552804,0,-16.0641,4.11759799833194,1.37608385686463,0.451685660266874,1.30108445697626,0.601283991047423,33.3877563865537,51.0347891166449,14.7976986383577,0.969,3.95608738968062,3.43920674799665,0.832442903389189,0.505112958942417
1994-01-25,3.35,207.28,-2.81,-2.81,318.27,0.3258295333475389,658.41,27.06629,750.88,3.17552224503765,2.27054970568104,0.715016154973943,0.219528466253919,0.207214753166224,16.85,1.1541095890411,212.45,3.09468317552804,0,-16.0641,4.11759799833194,1.37608385686463,0.451685660266874,1.30108445697626,0.601283991047423,33.3877563865537,51.0347891166449,14.7976986383577,0.969,3.95608738968062,3.43920674799665,0.832442903389189,0.505112958942417
1994-01-26,2.18,271.55,-9.59,-9.59,162.65,0.3193129426805881,658.41,27.06629,750.88,3.17552224503765,2.27054970568104,0.715016154973943,0.219528466253919,0.207214753166224,16.85,1.1541095890411,212.45,3.09468317552804,0,-16.0641,4.11759799833194,1.37608385686463,0.451685660266874,1.30108445697626,0.601283991047423,33.3877563865537,51.0347891166449,14.7976986383577,0.969,3.95608738968062,3.43920674799665,0.832442903389189,0.505112958942417
1994-01-27,8.19,273.79,-15.2,-15.2,111.27,0.3127963520136373,658.41,27.06629,750.88,3.17552224503765,2.27054970568104,0.715016154973943,0.219528466253919,0.207214753166224,16.85,1.1541095890411,212.45,3.09468317552804,0,-16.0641,4.11759799833194,1.37608385686463,0.451685660266874,1.30108445697626,0.601283991047423,33.3877563865537,51.0347891166449,14.7976986383577,0.969,3.95608738968062,3.43920674799665,0.832442903389189,0.505112958942417
1994-01-28,7.45,269.59,-7.46,-7.46,236.3,0.45616134668655445,658.41,27.06629,750.88,3.17552224503765,2.27054970568104,0.715016154973943,0.219528466253919,0.207214753166224,16.85,1.1541095890411,212.45,3.09468317552804,0,-16.0641,4.11759799833194,1.37608385686463,0.451685660266874,1.30108445697626,0.601283991047423,33.3877563865537,51.0347891166449,14.7976986383577,0.969,3.95608738968062,3.43920674799665,0.832442903389189,0.505112958942417
1994-01-29,2.38,267.97,-0.32,-0.32,359.92,1.8898112934157254,658.41,27.06629,750.88,3.17552224503765,2.27054970568104,0.715016154973943,0.219528466253919,0.207214753166224,16.85,1.1541095890411,212.45,3.09468317552804,0,-16.0641,4.11759799833194,1.37608385686463,0.451685660266874,1.30108445697626,0.601283991047423,33.3877563865537,51.0347891166449,14.7976986383577,0.969,3.95608738968062,3.43920674799665,0.832442903389189,0.505112958942417
1994-01-30,0.25,352.24,-7.18,-7.18,186.72,1.6291476667376945,658.41,27.06629,750.88,3.17552224503765,2.27054970568104,0.715016154973943,0.219528466253919,0.207214753166224,16.85,1.1541095890411,212.45,3.09468317552804,0,-16.0641,4.11759799833194,1.37608385686463,0.451685660266874,1.30108445697626,0.601283991047423,33.3877563865537,51.0347891166449,14.7976986383577,0.969,3.95608738968062,3.43920674799665,0.832442903389189,0.505112958942417
1994-01-31,0.12,297.48,-15.22,-15.22,83.48,1.17298632005114,658.41,27.06629,750.88,3.17552224503765,2.27054970568104,0.715016154973943,0.219528466253919,0.207214753166224,16.85,1.1541095890411,212.45,3.09468317552804,0,-16.0641,4.11759799833194,1.37608385686463,0.451685660266874,1.30108445697626,0.601283991047423,33.3877563865537,51.0347891166449,14.7976986383577,0.969,3.95608738968062,3.43920674799665,0.832442903389189,0.505112958942417
1994-02-01,0.03,369.39,-15.47,-15.47,77.68,1.0752374600468781,658.41,27.06629,750.88,3.17552224503765,2.27054970568104,0.715016154973943,0.219528466253919,0.207214753166224,16.85,1.1541095890411,212.45,3.09468317552804,0,-16.0641,4.11759799833194,1.37608385686463,0.451685660266874,1.30108445697626,0.601283991047423,33.3877563865537,51.0347891166449,14.7976986383577,0.969,3.95608738968062,3.43920674799665,0.832442903389189,0.505112958942417
1994-02-02,0.34,302.01,-17.69,-17.69,62.48,0.9774886000426166,658.41,27.06629,750.88,3.17552224503765,2.27054970568104,0.715016154973943,0.219528466253919,0.207214753166224,16.85,1.1541095890411,212.45,3.09468317552804,0,-16.0641,4.11759799833194,1.37608385686463,0.451685660266874,1.30108445697626,0.601283991047423,33.3877563865537,51.0347891166449,14.7976986383577,0.969,3.95608738968062,3.43920674799665,0.832442903389189,0.505112958942417
1994-02-03,1.18,301.01,-15.27,-15.27,86.93,0.9123226933731089,658.41,27.06629,750.88,3.17552224503765,2.27054970568104,0.715016154973943,0.219528466253919,0.207214753166224,16.85,1.1541095890411,212.45,3.09468317552804,0,-16.0641,4.11759799833194,1.37608385686463,0.451685660266874,1.30108445697626,0.601283991047423,33.3877563865537,51.0347891166449,14.7976986383577,0.969,3.95608738968062,3.43920674799665,0.832442903389189,0.505112958942417
1994-02-04,0.29,306.24,-10.98,-10.98,146.86,0.8471567867036011,658.41,27.06629,750.88,3.17552224503765,2.27054970568104,0.715016154973943,0.219528466253919,0.207214753166224,16.85,1.1541095890411,212.45,3.09468317552804,0,-16.0641,4.11759799833194,1.37608385686463,0.451685660266874,1.30108445697626,0.601283991047423,33.3877563865537,51.0347891166449,14.7976986383577,0.969,3.95608738968062,3.43920674799665,0.832442903389189,0.505112958942417
1994-02-05,0.0,381.84,-11.53,-11.53,126.7,0.7819908800340932,658.41,27.06629,750.88,3.17552224503765,2.27054970568104,0.715016154973943,0.219528466253919,0.207214753166224,16.85,1.1541095890411,212.45,3.09468317552804,0,-16.0641,4.11759799833194,1.37608385686463,0.451685660266874,1.30108445697626,0.601283991047423,33.3877563865537,51.0347891166449,14.7976986383577,0.969,3.95608738968062,3.43920674799665,0.832442903389189,0.505112958942417
1994-02-06,0.16,365.72,-9.25,-9.25,135.48,0.7494079266993394,658.41,27.06629,750.88,3.17552224503765,2.27054970568104,0.715016154973943,0.219528466253919,0.207214753166224,16.85,1.1541095890411,212.45,3.09468317552804,0,-16.0641,4.11759799833194,1.37608385686463,0.451685660266874,1.30108445697626,0.601283991047423,33.3877563865537,51.0347891166449,14.7976986383577,0.969,3.95608738968062,3.43920674799665,0.832442903389189,0.505112958942417
1994-02-07,3.13,304.32,-7.45,-7.45,160.31,0.7331164500319624,658.41,27.06629,750.88,3.17552224503765,2.27054970568104,0.715016154973943,0.219528466253919,0.207214753166224,16.85,1.1541095890411,212.45,3.09468317552804,0,-16.0641,4.11759799833194,1.37608385686463,0.451685660266874,1.30108445697626,0.601283991047423,33.3877563865537,51.0347891166449,14.7976986383577,0.969,3.95608738968062,3.43920674799665,0.832442903389189,0.505112958942417
1994-02-08,11.63,284.82,-11.05,-11.05,136.8,0.7168249733645855,658.41,27.06629,750.88,3.17552224503765,2.27054970568104,0.715016154973943,0.219528466253919,0.207214753166224,16.85,1.1541095890411,212.45,3.09468317552804,0,-16.0641,4.11759799833194,1.37608385686463,0.451685660266874,1.30108445697626,0.601283991047423,33.3877563865537,51.0347891166449,14.7976986383577,0.969,3.95608738968062,3.43920674799665,0.832442903389189,0.505112958942417
1994-02-09,3.79,165.62,-13.94,-13.94,126.62,0.6842420200298316,658.41,27.06629,750.88,3.17552224503765,2.27054970568104,0.715016154973943,0.219528466253919,0.207214753166224,16.85,1.1541095890411,212.45,3.09468317552804,0,-16.0641,4.11759799833194,1.37608385686463,0.451685660266874,1.30108445697626,0.601283991047423,33.3877563865537,51.0347891166449,14.7976986383577,0.969,3.95608738968062,3.43920674799665,0.832442903389189,0.505112958942417
1994-02-10,0.25,348.45,-19.05,-19.05,79.66,0.6516590666950778,658.41,27.06629,750.88,3.17552224503765,2.27054970568104,0.715016154973943,0.219528466253919,0.207214753166224,16.85,1.1541095890411,212.45,3.09468317552804,0,-16.0641,4.11759799833194,1.37608385686463,0.451685660266874,1.30108445697626,0.601283991047423,33.3877563865537,51.0347891166449,14.7976986383577,0.969,3.95608738968062,3.43920674799665,0.832442903389189,0.505112958942417
1994-02-11,0.0,390.04,-16.6,-16.6,96.42,0.6190761133603239,658.41,27.06629,750.88,3.17552224503765,2.27054970568104,0.715016154973943,0.219528466253919,0.207214753166224,16.85,1.1541095890411,212.45,3.09468317552804,0,-16.0641,4.11759799833194,1.37608385686463,0.451685660266874,1.30108445697626,0.601283991047423,33.3877563865537,51.0347891166449,14.7976986383577,0.969,3.95608738968062,3.43920674799665,0.832442903389189,0.505112958942417
1994-02-12,0.49,282.59,-9.98,-9.98,183.14,0.58649316002557,658.41,27.06629,750.88,3.17552224503765,2.27054970568104,0.715016154973943,0.219528466253919,0.207214753166224,16.85,1.1541095890411,212.45,3.09468317552804,0,-16.0641,4.11759799833194,1.37608385686463,0.451685660266874,1.30108445697626,0.601283991047423,33.3877563865537,51.0347891166449,14.7976986383577,0.969,3.95608738968062,3.43920674799665,0.832442903389189,0.505112958942417
1994-02-13,0.2,288.39,-5.07,-5.07,255.55,0.553910206690816,658.41,27.06629,750.88,3.17552224503765,2.27054970568104,0.715016154973943,0.219528466253919,0.207214753166224,16.85,1.1541095890411,212.45,3.09468317552804,0,-16.0641,4.11759799833194,1.37608385686463,0.451685660266874,1.30108445697626,0.601283991047423,33.3877563865537,51.0347891166449,14.7976986383577,0.969,3.95608738968062,3.43920674799665,0.832442903389189,0.505112958942417
1994-02-14,0.02,416.98,-9.19,-9.19,149.93,0.5213272533560622,658.41,27.06629,750.88,3.17552224503765,2.27054970568104,0.715016154973943,0.219528466253919,0.207214753166224,16.85,1.1541095890411,212.45,3.09468317552804,0,-16.0641,4.11759799833194,1.37608385686463,0.451685660266874,1.30108445697626,0.601283991047423,33.3877563865537,51.0347891166449,14.7976986383577,0.969,3.95608738968062,3.43920674799665,0.832442903389189,0.505112958942417
1994-02-15,0.0,413.93,-11.31,-11.31,125.53,0.4887443000213083,658.41,27.06629,750.88,3.17552224503765,2.27054970568104,0.715016154973943,0.219528466253919,0.207214753166224,16.85,1.1541095890411,212.45,3.09468317552804,0,-16.0641,4.11759799833194,1.37608385686463,0.451685660266874,1.30108445697626,0.601283991047423,33.3877563865537,51.0347891166449,14.7976986383577,0.969,3.95608738968062,3.43920674799665,0.832442903389189,0.505112958942417
1994-02-16,0.0,430.74,-5.82,-5.82,171.71,0.4887443000213083,658.41,27.06629,750.88,3.17552224503765,2.27054970568104,0.715016154973943,0.219528466253919,0.207214753166224,16.85,1.1541095890411,212.45,3.09468317552804,0,-16.0641,4.11759799833194,1.37608385686463,0.451685660266874,1.30108445697626,0.601283991047423,33.3877563865537,51.0347891166449,14.7976986383577,0.969,3.95608738968062,3.43920674799665,0.832442903389189,0.505112958942417
1994-02-17,0.0,408.85,-6.19,-6.19,189.74,0.45616134668655445,658.41,27.06629,750.88,3.17552224503765,2.27054970568104,0.715016154973943,0.219528466253919,0.207214753166224,16.85,1.1541095890411,212.45,3.09468317552804,0,-16.0641,4.11759799833194,1.37608385686463,0.451685660266874,1.30108445697626,0.601283991047423,33.3877563865537,51.0347891166449,14.7976986383577,0.969,3.95608738968062,3.43920674799665,0.832442903389189,0.505112958942417
1994-02-18,0.0,434.27,-2.84,-2.84,234.06,0.45616134668655445,658.41,27.06629,750.88,3.17552224503765,2.27054970568104,0.715016154973943,0.219528466253919,0.207214753166224,16.85,1.1541095890411,212.45,3.09468317552804,0,-16.0641,4.11759799833194,1.37608385686463,0.451685660266874,1.30108445697626,0.601283991047423,33.3877563865537,51.0347891166449,14.7976986383577,0.969,3.95608738968062,3.43920674799665,0.832442903389189,0.505112958942417
1994-02-19,0.0,436.89,0.22,0.22,278.4,0.553910206690816,658.41,27.06629,750.88,3.17552224503765,2.27054970568104,0.715016154973943,0.219528466253919,0.207214753166224,16.85,1.1541095890411,212.45,3.09468317552804,0,-16.0641,4.11759799833194,1.37608385686463,0.451685660266874,1.30108445697626,0.601283991047423,33.3877563865537,51.0347891166449,14.7976986383577,0.969,3.95608738968062,3.43920674799665,0.832442903389189,0.505112958942417
1994-02-20,0.01,426.42,4.36,4.36,394.42,1.6291476667376945,658.41,27.06629,750.88,3.17552224503765,2.27054970568104,0.715016154973943,0.219528466253919,0.207214753166224,16.85,1.1541095890411,212.45,3.09468317552804,0,-16.0641,4.11759799833194,1.37608385686463,0.451685660266874,1.30108445697626,0.601283991047423,33.3877563865537,51.0347891166449,14.7976986383577,0.969,3.95608738968062,3.43920674799665,0.832442903389189,0.505112958942417
1994-02-21,0.0,419.72,6.89,6.89,493.33,6.516590666950778,658.41,27.06629,750.88,3.17552224503765,2.27054970568104,0.715016154973943,0.219528466253919,0.207214753166224,16.85,1.1541095890411,212.45,3.09468317552804,0,-16.0641,4.11759799833194,1.37608385686463,0.451685660266874,1.30108445697626,0.601283991047423,33.3877563865537,51.0347891166449,14.7976986383577,0.969,3.95608738968062,3.43920674799665,0.832442903389189,0.505112958942417
1994-02-22,1.89,321.56,0.93,0.93,351.25,5.53910206690816,658.41,27.06629,750.88,3.17552224503765,2.27054970568104,0.715016154973943,0.219528466253919,0.207214753166224,16.85,1.1541095890411,212.45,3.09468317552804,0,-16.0641,4.11759799833194,1.37608385686463,0.451685660266874,1.30108445697626,0.601283991047423,33.3877563865537,51.0347891166449,14.7976986383577,0.969,3.95608738968062,3.43920674799665,0.832442903389189,0.505112958942417
1994-02-23,11.39,266.36,-4.43,-4.43,272.11,3.714456680161943,658.41,27.06629,750.88,3.17552224503765,2.27054970568104,0.715016154973943,0.219528466253919,0.207214753166224,16.85,1.1541095890411,212.45,3.09468317552804,0,-16.0641,4.11759799833194,1.37608385686463,0.451685660266874,1.30108445697626,0.601283991047423,33.3877563865537,51.0347891166449,14.7976986383577,0.969,3.95608738968062,3.43920674799665,0.832442903389189,0.505112958942417
1994-02-24,6.7,282.99,-5.12,-5.12,258.5,2.867299893458342,658.41,27.06629,750.88,3.17552224503765,2.27054970568104,0.715016154973943,0.219528466253919,0.207214753166224,16.85,1.1541095890411,212.45,3.09468317552804,0,-16.0641,4.11759799833194,1.37608385686463,0.451685660266874,1.30108445697626,0.601283991047423,33.3877563865537,51.0347891166449,14.7976986383577,0.969,3.95608738968062,3.43920674799665,0.832442903389189,0.505112958942417
1994-02-25,9.68,330.53,-6.91,-6.91,206.95,2.1504749200937563,658.41,27.06629,750.88,3.17552224503765,2.27054970568104,0.715016154973943,0.219528466253919,0.207214753166224,16.85,1.1541095890411,212.45,3.09468317552804,0,-16.0641,4.11759799833194,1.37608385686463,0.451685660266874,1.30108445697626,0.601283991047423,33.3877563865537,51.0347891166449,14.7976986383577,0.969,3.95608738968062,3.43920674799665,0.832442903389189,0.505112958942417
1994-02-26,3.93,274.6,-8.51,-8.51,185.68,1.6291476667376945,658.41,27.06629,750.88,3.17552224503765,2.27054970568104,0.715016154973943,0.219528466253919,0.207214753166224,16.85,1.1541095890411,212.45,3.09468317552804,0,-16.0641,4.11759799833194,1.37608385686463,0.451685660266874,1.30108445697626,0.601283991047423,33.3877563865537,51.0347891166449,14.7976986383577,0.969,3.95608738968062,3.43920674799665,0.832442903389189,0.505112958942417
1994-02-27,0.44,404.22,-13.55,-13.55,111.29,1.433649946729171,658.41,27.06629,750.88,3.17552224503765,2.27054970568104,0.715016154973943,0.219528466253919,0.207214753166224,16.85,1.1541095890411,212.45,3.09468317552804,0,-16.0641,4.11759799833194,1.37608385686463,0.451685660266874,1.30108445697626,0.601283991047423,33.3877563865537,51.0347891166449,14.7976986383577,0.969,3.95608738968062,3.43920674799665,0.832442903389189,0.505112958942417
1994-02-28,0.0,471.62,-17.95,-17.95,67.82,1.3033181333901556,658.41,27.06629,750.88,3.17552224503765,2.27054970568104,0.715016154973943,0.219528466253919,0.207214753166224,16.85,1.1541095890411,212.45,3.09468317552804,0,-16.0641,4.11759799833194,1.37608385686463,0.451685660266874,1.30108445697626,0.601283991047423,33.3877563865537,51.0347891166449,14.7976986383577,0.969,3.95608738968062,3.43920674799665,0.832442903389189,0.505112958942417
1994-03-01,0.0,479.53,-13.49,-13.49,91.39,1.2707351800554014,658.41,27.06629,750.88,3.17552224503765,2.27054970568104,0.715016154973943,0.219528466253919,0.207214753166224,16.85,1.1541095890411,212.45,3.09468317552804,0,-16.0641,4.11759799833194,1.37608385686463,0.451685660266874,1.30108445697626,0.601283991047423,33.3877563865537,51.0347891166449,14.7976986383577,0.969,3.95608738968062,3.43920674799665,0.832442903389189,0.505112958942417
1994-03-02,13.81,385.88,-10.42,-10.42,116.42,1.2381522267206477,658.41,27.06629,750.88,3.17552224503765,2.27054970568104,0.715016154973943,0.219528466253919,0.207214753166224,16.85,1.1541095890411,212.45,3.09468317552804,0,-16.0641,4.11759799833194,1.37608385686463,0.451685660266874,1.30108445697626,0.601283991047423,33.3877563865537,51.0347891166449,14.7976986383577,0.969,3.95608738968062,3.43920674799665,0.832442903389189,0.505112958942417
1994-03-03,9.55,369.76,-8.25,-8.25,158.28,1.0752374600468781,658.41,27.06629,750.88,3.17552224503765,2.27054970568104,0.715016154973943,0.219528466253919,0.207214753166224,16.85,1.1541095890411,212.45,3.09468317552804,0,-16.0641,4.11759799833194,1.37608385686463,0.451685660266874,1.30108445697626,0.601283991047423,33.3877563865537,51.0347891166449,14.7976986383577,0.969,3.95608738968062,3.43920674799665,0.832442903389189,0.505112958942417
1994-03-04,2.04,374.43,-7.26,-7.26,194.39,1.0752374600468781,658.41,27.06629,750.88,3.17552224503765,2.27054970568104,0.715016154973943,0.219528466253919,0.207214753166224,16.85,1.1541095890411,212.45,3.09468317552804,0,-16.0641,4.11759799833194,1.37608385686463,0.451685660266874,1.30108445697626,0.601283991047423,33.3877563865537,51.0347891166449,14.7976986383577,0.969,3.95608738968062,3.43920674799665,0.832442903389189,0.505112958942417
1994-03-05,0.45,355.13,-2.77,-2.77,273.67,1.0426545067121245,658.41,27.06629,750.88,3.17552224503765,2.27054970568104,0.715016154973943,0.219528466253919,0.207214753166224,16.85,1.1541095890411,212.45,3.09468317552804,0,-16.0641,4.11759799833194,1.37608385686463,0.451685660266874,1.30108445697626,0.601283991047423,33.3877563865537,51.0347891166449,14.7976986383577,0.969,3.95608738968062,3.43920674799665,0.832442903389189,0.505112958942417
1994-03-06,0.68,362.75,-5.08,-5.08,236.24,0.9774886000426166,658.41,27.06629,750.88,3.17552224503765,2.27054970568104,0.715016154973943,0.219528466253919,0.207214753166224,16.85,1.1541095890411,212.45,3.09468317552804,0,-16.0641,4.11759799833194,1.37608385686463,0.451685660266874,1.30108445697626,0.601283991047423,33.3877563865537,51.0347891166449,14.7976986383577,0.969,3.95608738968062,3.43920674799665,0.832442903389189,0.505112958942417
1994-03-07,1.92,354.9,-3.16,-3.16,295.78,0.9449056467078627,658.41,27.06629,750.88,3.17552224503765,2.27054970568104,0.715016154973943,0.219528466253919,0.207214753166224,16.85,1.1541095890411,212.45,3.09468317552804,0,-16.0641,4.11759799833194,1.37608385686463,0.451685660266874,1.30108445697626,0.601283991047423,33.3877563865537,51.0347891166449,14.7976986383577,0.969,3.95608738968062,3.43920674799665,0.832442903389189,0.505112958942417
1994-03-08,0.6,417.97,0.33,0.33,362.17,1.0426545067121245,658.41,27.06629,750.88,3.17552224503765,2.27054970568104,0.715016154973943,0.219528466253919,0.207214753166224,16.85,1.1541095890411,212.45,3.09468317552804,0,-16.0641,4.11759799833194,1.37608385686463,0.451685660266874,1.30108445697626,0.601283991047423,33.3877563865537,51.0347891166449,14.7976986383577,0.969,3.95608738968062,3.43920674799665,0.832442903389189,0.505112958942417
1994-03-09,14.47,395.15,-3.45,-3.45,250.11,1.17298632005114,658.41,27.06629,750.88,3.17552224503765,2.27054970568104,0.715016154973943,0.219528466253919,0.207214753166224,16.85,1.1541095890411,212.45,3.09468317552804,0,-16.0641,4.11759799833194,1.37608385686463,0.451685660266874,1.30108445697626,0.601283991047423,33.3877563865537,51.0347891166449,14.7976986383577,0.969,3.95608738968062,3.43920674799665,0.832442903389189,0.505112958942417
1994-03-10,4.28,375.41,-4.35,-4.35,244.33,1.6291476667376945,658.41,27.06629,750.88,3.17552224503765,2.27054970568104,0.715016154973943,0.219528466253919,0.207214753166224,16.85,1.1541095890411,212.45,3.09468317552804,0,-16.0641,4.11759799833194,1.37608385686463,0.451685660266874,1.30108445697626,0.601283991047423,33.3877563865537,51.0347891166449,14.7976986383577,0.969,3.95608738968062,3.43920674799665,0.832442903389189,0.505112958942417
1994-03-11,0.13,467.08,-5.11,-5.11,223.27,1.433649946729171,658.41,27.06629,750.88,3.17552224503765,2.27054970568104,0.715016154973943,0.219528466253919,0.207214753166224,16.85,1.1541095890411,212.45,3.09468317552804,0,-16.0641,4.11759799833194,1.37608385686463,0.451685660266874,1.30108445697626,0.601283991047423,33.3877563865537,51.0347891166449,14.7976986383577,0.969,3.95608738968062,3.43920674799665,0.832442903389189,0.505112958942417
1994-03-12,0.33,467.59,-6.88,-6.88,180.93,1.401066993394417,658.41,27.06629,750.88,3.17552224503765,2.27054970568104,0.715016154973943,0.219528466253919,0.207214753166224,16.85,1.1541095890411,212.45,3.09468317552804,0,-16.0641,4.11759799833194,1.37608385686463,0.451685660266874,1.30108445697626,0.601283991047423,33.3877563865537,51.0347891166449,14.7976986383577,0.969,3.95608738968062,3.43920674799665,0.832442903389189,0.505112958942417
1994-03-13,3.39,404.52,-3.9,-3.9,253.68,1.38477551672704,658.41,27.06629,750.88,3.17552224503765,2.27054970568104,0.715016154973943,0.219528466253919,0.207214753166224,16.85,1.1541095890411,212.45,3.09468317552804,0,-16.0641,4.11759799833194,1.37608385686463,0.451685660266874,1.30108445697626,0.601283991047423,33.3877563865537,51.0347891166449,14.7976986383577,0.969,3.95608738968062,3.43920674799665,0.832442903389189,0.505112958942417
1994-03-14,3.13,347.57,0.45,0.45,390.61,1.7268965267419558,658.41,27.06629,750.88,3.17552224503765,2.27054970568104,0.715016154973943,0.219528466253919,0.207214753166224,16.85,1.1541095890411,212.45,3.09468317552804,0,-16.0641,4.11759799833194,1.37608385686463,0.451685660266874,1.30108445697626,0.601283991047423,33.3877563865537,51.0347891166449,14.7976986383577,0.969,3.95608738968062,3.43920674799665,0.832442903389189,0.505112958942417
1994-03-15,2.55,307.49,-0.15,-0.15,388.0,1.8898112934157254,658.41,27.06629,750.88,3.17552224503765,2.27054970568104,0.715016154973943,0.219528466253919,0.207214753166224,16.85,1.1541095890411,212.45,3.09468317552804,0,-16.0641,4.11759799833194,1.37608385686463,0.451685660266874,1.30108445697626,0.601283991047423,33.3877563865537,51.0347891166449,14.7976986383577,0.969,3.95608738968062,3.43920674799665,0.832442903389189,0.505112958942417
1994-03-16,1.56,391.74,-2.46,-2.46,281.28,2.4534963861069676,658.41,27.06629,750.88,3.17552224503765,2.27054970568104,0.715016154973943,0.219528466253919,0.207214753166224,16.85,1.1541095890411,212.45,3.09468317552804,0,-16.0641,4.11759799833194,1.37608385686463,0.451685660266874,1.30108445697626,0.601283991047423,33.3877563865537,51.0347891166449,14.7976986383577,0.969,3.95608738968062,3.43920674799665,0.832442903389189,0.505112958942417
1994-03-17,0.28,426.18,-8.45,-8.45,182.77,1.8800364074152993,658.41,27.06629,750.88,3.17552224503765,2.27054970568104,0.715016154973943,0.219528466253919,0.207214753166224,16.85,1.1541095890411,212.45,3.09468317552804,0,-16.0641,4.11759799833194,1.37608385686463,0.451685660266874,1.30108445697626,0.601283991047423,33.3877563865537,51.0347891166449,14.7976986383577,0.969,3.95608738968062,3.43920674799665,0.832442903389189,0.505112958942417
1994-03-18,6.15,375.77,-9.54,-9.54,188.18,1.6877969827402515,658.41,27.06629,750.88,3.17552224503765,2.27054970568104,0.715016154973943,0.219528466253919,0.207214753166224,16.85,1.1541095890411,212.45,3.09468317552804,0,-16.0641,4.11759799833194,1.37608385686463,0.451685660266874,1.30108445697626,0.601283991047423,33.3877563865537,51.0347891166449,14.7976986383577,0.969,3.95608738968062,3.43920674799665,0.832442903389189,0.505112958942417
1994-03-19,1.66,361.87,-4.99,-4.99,275.85,1.6715055060728743,658.41,27.06629,750.88,3.17552224503765,2.27054970568104,0.715016154973943,0.219528466253919,0.207214753166224,16.85,1.1541095890411,212.45,3.09468317552804,0,-16.0641,4.11759799833194,1.37608385686463,0.451685660266874,1.30108445697626,0.601283991047423,33.3877563865537,51.0347891166449,14.7976986383577,0.969,3.95608738968062,3.43920674799665,0.832442903389189,0.505112958942417
1994-03-20,0.01,477.32,-4.29,-4.29,273.05,1.4662329000639247,658.41,27.06629,750.88,3.17552224503765,2.27054970568104,0.715016154973943,0.219528466253919,0.207214753166224,16.85,1.1541095890411,212.45,3.09468317552804,0,-16.0641,4.11759799833194,1.37608385686463,0.451685660266874,1.30108445697626,0.601283991047423,33.3877563865537,51.0347891166449,14.7976986383577,0.969,3.95608738968062,3.43920674799665,0.832442903389189,0.505112958942417
1994-03-21,8.92,417.92,-1.91,-1.91,310.12,1.710605050074579,658.41,27.06629,750.88,3.17552224503765,2.27054970568104,0.715016154973943,0.219528466253919,0.207214753166224,16.85,1.1541095890411,212.45,3.09468317552804,0,-16.0641,4.11759799833194,1.37608385686463,0.451685660266874,1.30108445697626,0.601283991047423,33.3877563865537,51.0347891166449,14.7976986383577,0.969,3.95608738968062,3.43920674799665,0.832442903389189,0.505112958942417
1994-03-22,2.46,491.35,0.34,0.34,388.4,4.040286213509482,658.41,27.06629,750.88,3.17552224503765,2.27054970568104,0.715016154973943,0.219528466253919,0.207214753166224,16.85,1.1541095890411,212.45,3.09468317552804,0,-16.0641,4.11759799833194,1.37608385686463,0.451685660266874,1.30108445697626,0.601283991047423,33.3877563865537,51.0347891166449,14.7976986383577,0.969,3.95608738968062,3.43920674799665,0.832442903389189,0.505112958942417
1994-03-23,0.03,471.15,4.07,4.07,533.58,6.87500315363307,658.41,27.06629,750.88,3.17552224503765,2.27054970568104,0.715016154973943,0.219528466253919,0.207214753166224,16.85,1.1541095890411,212.45,3.09468317552804,0,-16.0641,4.11759799833194,1.37608385686463,0.451685660266874,1.30108445697626,0.601283991047423,33.3877563865537,51.0347891166449,14.7976986383577,0.969,3.95608738968062,3.43920674799665,0.832442903389189,0.505112958942417
1994-03-24,0.09,429.6,7.41,7.41,584.34,13.521925633922862,658.41,27.06629,750.88,3.17552224503765,2.27054970568104,0.715016154973943,0.219528466253919,0.207214753166224,16.85,1.1541095890411,212.45,3.09468317552804,0,-16.0641,4.11759799833194,1.37608385686463,0.451685660266874,1.30108445697626,0.601283991047423,33.3877563865537,51.0347891166449,14.7976986383577,0.969,3.95608738968062,3.43920674799665,0.832442903389189,0.505112958942417
1994-03-25,0.08,448.61,6.62,6.62,469.23,15.737566460686129,658.41,27.06629,750.88,3.17552224503765,2.27054970568104,0.715016154973943,0.219528466253919,0.207214753166224,16.85,1.1541095890411,212.45,3.09468317552804,0,-16.0641,4.11759799833194,1.37608385686463,0.451685660266874,1.30108445697626,0.601283991047423,33.3877563865537,51.0347891166449,14.7976986383577,0.969,3.95608738968062,3.43920674799665,0.832442903389189,0.505112958942417
1994-03-26,5.37,245.89,-0.13,-0.13,405.34,7.754742893671425,658.41,27.06629,750.88,3.17552224503765,2.27054970568104,0.715016154973943,0.219528466253919,0.207214753166224,16.85,1.1541095890411,212.45,3.09468317552804,0,-16.0641,4.11759799833194,1.37608385686463,0.451685660266874,1.30108445697626,0.601283991047423,33.3877563865537,51.0347891166449,14.7976986383577,0.969,3.95608738968062,3.43920674799665,0.832442903389189,0.505112958942417
1994-03-27,4.08,355.49,1.4,1.4,482.43,7.754742893671425,658.41,27.06629,750.88,3.17552224503765,2.27054970568104,0.715016154973943,0.219528466253919,0.207214753166224,16.85,1.1541095890411,212.45,3.09468317552804,0,-16.0641,4.11759799833194,1.37608385686463,0.451685660266874,1.30108445697626,0.601283991047423,33.3877563865537,51.0347891166449,14.7976986383577,0.969,3.95608738968062,3.43920674799665,0.832442903389189,0.505112958942417
1994-03-28,0.7,309.01,1.8,1.8,506.83,7.428913360323886,658.41,27.06629,750.88,3.17552224503765,2.27054970568104,0.715016154973943,0.219528466253919,0.207214753166224,16.85,1.1541095890411,212.45,3.09468317552804,0,-16.0641,4.11759799833194,1.37608385686463,0.451685660266874,1.30108445697626,0.601283991047423,33.3877563865537,51.0347891166449,14.7976986383577,0.969,3.95608738968062,3.43920674799665,0.832442903389189,0.505112958942417
1994-03-29,0.79,305.52,0.88,0.88,469.32,5.669433880247176,658.41,27.06629,750.88,3.17552224503765,2.27054970568104,0.715016154973943,0.219528466253919,0.207214753166224,16.85,1.1541095890411,212.45,3.09468317552804,0,-16.0641,4.11759799833194,1.37608385686463,0.451685660266874,1.30108445697626,0.601283991047423,33.3877563865537,51.0347891166449,14.7976986383577,0.969,3.95608738968062,3.43920674799665,0.832442903389189,0.505112958942417
1994-03-30,0.26,413.54,0.46,0.46,407.43,4.7245282335393135,658.41,27.06629,750.88,3.17552224503765,2.27054970568104,0.715016154973943,0.219528466253919,0.207214753166224,16.85,1.1541095890411,212.45,3.09468317552804,0,-16.0641,4.11759799833194,1.37608385686463,0.451685660266874,1.30108445697626,0.601283991047423,33.3877563865537,51.0347891166449,14.7976986383577,0.969,3.95608738968062,3.43920674799665,0.832442903389189,0.505112958942417
1994-03-31,0.01,530.89,-1.15,-1.15,333.91,4.235783933518006,658.41,27.06629,750.88,3.17552224503765,2.27054970568104,0.715016154973943,0.219528466253919,0.207214753166224,16.85,1.1541095890411,212.45,3.09468317552804,0,-16.0641,4.11759799833194,1.37608385686463,0.451685660266874,1.30108445697626,0.601283991047423,33.3877563865537,51.0347891166449,14.7976986383577,0.969,3.95608738968062,3.43920674799665,0.832442903389189,0.505112958942417
1994-04-01,0.0,574.93,1.1,1.1,364.26,5.017774813552099,658.41,27.06629,750.88,3.17552224503765,2.27054970568104,0.715016154973943,0.219528466253919,0.207214753166224,16.85,1.1541095890411,212.45,3.09468317552804,0,-16.0641,4.11759799833194,1.37608385686463,0.451685660266874,1.30108445697626,0.601283991047423,33.3877563865537,51.0347891166449,14.7976986383577,0.969,3.95608738968062,3.43920674799665,0.832442903389189,0.505112958942417
1994-04-02,0.0,578.28,4.88,4.88,461.12,7.233415640315362,658.41,27.06629,750.88,3.17552224503765,2.27054970568104,0.715016154973943,0.219528466253919,0.207214753166224,16.85,1.1541095890411,212.45,3.09468317552804,0,-16.0641,4.11759799833194,1.37608385686463,0.451685660266874,1.30108445697626,0.601283991047423,33.3877563865537,51.0347891166449,14.7976986383577,0.969,3.95608738968062,3.43920674799665,0.832442903389189,0.505112958942417
1994-04-03,5.05,449.4,8.55,8.55,562.3,10.752374600468782,658.41,27.06629,750.88,3.17552224503765,2.27054970568104,0.715016154973943,0.219528466253919,0.207214753166224,16.85,1.1541095890411,212.45,3.09468317552804,0,-16.0641,4.11759799833194,1.37608385686463,0.451685660266874,1.30108445697626,0.601283991047423,33.3877563865537,51.0347891166449,14.7976986383577,0.969,3.95608738968062,3.43920674799665,0.832442903389189,0.505112958942417
1994-04-04,1.33,572.69,3.17,3.17,393.84,8.341236053696996,658.41,27.06629,750.88,3.17552224503765,2.27054970568104,0.715016154973943,0.219528466253919,0.207214753166224,16.85,1.1541095890411,212.45,3.09468317552804,0,-16.0641,4.11759799833194,1.37608385686463,0.451685660266874,1.30108445697626,0.601283991047423,33.3877563865537,51.0347891166449,14.7976986383577,0.969,3.95608738968062,3.43920674799665,0.832442903389189,0.505112958942417
1994-04-05,1.08,458.77,2.36,2.36,399.3,6.516590666950778,658.41,27.06629,750.88,3.17552224503765,2.27054970568104,0.715016154973943,0.219528466253919,0.207214753166224,16.85,1.1541095890411,212.45,3.09468317552804,0,-16.0641,4.11759799833194,1.37608385686463,0.451685660266874,1.30108445697626,0.601283991047423,33.3877563865537,51.0347891166449,14.7976986383577,0.969,3.95608738968062,3.43920674799665,0.832442903389189,0.505112958942417
1994-04-06,15.53,452.96,6.34,6.34,493.74,7.103083826976347,658.41,27.06629,750.88,3.17552224503765,2.27054970568104,0.715016154973943,0.219528466253919,0.207214753166224,16.85,1.1541095890411,212.45,3.09468317552804,0,-16.0641,4.11759799833194,1.37608385686463,0.451685660266874,1.30108445697626,0.601283991047423,33.3877563865537,51.0347891166449,14.7976986383577,0.969,3.95608738968062,3.43920674799665,0.832442903389189,0.505112958942417
1994-04-07,5.5,391.26,1.41,1.41,380.26,9.54680532708289,658.41,27.06629,750.88,3.17552224503765,2.27054970568104,0.715016154973943,0.219528466253919,0.207214753166224,16.85,1.1541095890411,212.45,3.09468317552804,0,-16.0641,4.11759799833194,1.37608385686463,0.451685660266874,1.30108445697626,0.601283991047423,33.3877563865537,51.0347891166449,14.7976986383577,0.969,3.95608738968062,3.43920674799665,0.832442903389189,0.505112958942417
1994-04-08,0.39,568.69,-3.59,-3.59,274.78,5.962680460259961,658.41,27.06629,750.88,3.17552224503765,2.27054970568104,0.715016154973943,0.219528466253919,0.207214753166224,16.85,1.1541095890411,212.45,3.09468317552804,0,-16.0641,4.11759799833194,1.37608385686463,0.451685660266874,1.30108445697626,0.601283991047423,33.3877563865537,51.0347891166449,14.7976986383577,0.969,3.95608738968062,3.43920674799665,0.832442903389189,0.505112958942417
1994-04-09,5.48,461.53,1.35,1.35,424.81,4.822277093543575,658.41,27.06629,750.88,3.17552224503765,2.27054970568104,0.715016154973943,0.219528466253919,0.207214753166224,16.85,1.1541095890411,212.45,3.09468317552804,0,-16.0641,4.11759799833194,1.37608385686463,0.451685660266874,1.30108445697626,0.601283991047423,33.3877563865537,51.0347891166449,14.7976986383577,0.969,3.95608738968062,3.43920674799665,0.832442903389189,0.505112958942417
1994-04-10,2.57,415.32,8.08,8.08,629.9,6.679505433624547,658.41,27.06629,750.88,3.17552224503765,2.27054970568104,0.715016154973943,0.219528466253919,0.207214753166224,16.85,1.1541095890411,212.45,3.09468317552804,0,-16.0641,4.11759799833194,1.37608385686463,0.451685660266874,1.30108445697626,0.601283991047423,33.3877563865537,51.0347891166449,14.7976986383577,0.969,3.95608738968062,3.43920674799665,0.832442903389189,0.505112958942417
1994-04-11,1.57,460.57,3.03,3.03,437.78,5.473936160238653,658.41,27.06629,750.88,3.17552224503765,2.27054970568104,0.715016154973943,0.219528466253919,0.207214753166224,16.85,1.1541095890411,212.45,3.09468317552804,0,-16.0641,4.11759799833194,1.37608385686463,0.451685660266874,1.30108445697626,0.601283991047423,33.3877563865537,51.0347891166449,14.7976986383577,0.969,3.95608738968062,3.43920674799665,0.832442903389189,0.505112958942417
1994-04-12,13.41,442.01,4.59,4.59,532.53,6.744671340294055,658.41,27.06629,750.88,3.17552224503765,2.27054970568104,0.715016154973943,0.219528466253919,0.207214753166224,16.85,1.1541095890411,212.45,3.09468317552804,0,-16.0641,4.11759799833194,1.37608385686463,0.451685660266874,1.30108445697626,0.601283991047423,33.3877563865537,51.0347891166449,14.7976986383577,0.969,3.95608738968062,3.43920674799665,0.832442903389189,0.505112958942417
1994-04-13,14.56,313.7,6.43,6.43,699.09,9.709720093756658,658.41,27.06629,750.88,3.17552224503765,2.27054970568104,0.715016154973943,0.219528466253919,0.207214753166224,16.85,1.1541095890411,212.45,3.09468317552804,0,-16.0641,4.11759799833194,1.37608385686463,0.451685660266874,1.30108445697626,0.601283991047423,33.3877563865537,51.0347891166449,14.7976986383577,0.969,3.95608738968062,3.43920674799665,0.832442903389189,0.505112958942417
1994-04-14,2.93,553.15,9.12,9.12,721.73,9.351307607074366,658.41,27.06629,750.88,3.17552224503765,2.27054970568104,0.715016154973943,0.219528466253919,0.207214753166224,16.85,1.1541095890411,212.45,3.09468317552804,0,-16.0641,4.11759799833194,1.37608385686463,0.451685660266874,1.30108445697626,0.601283991047423,33.3877563865537,51.0347891166449,14.7976986383577,0.969,3.95608738968062,3.43920674799665,0.832442903389189,0.505112958942417
1994-04-15,6.17,465.67,9.38,9.38,668.48,5.897514553590454,658.41,27.06629,750.88,3.17552224503765,2.27054970568104,0.715016154973943,0.219528466253919,0.207214753166224,16.85,1.1541095890411,212.45,3.09468317552804,0,-16.0641,4.11759799833194,1.37608385686463,0.451685660266874,1.30108445697626,0.601283991047423,33.3877563865537,51.0347891166449,14.7976986383577,0.969,3.95608738968062,3.43920674799665,0.832442903389189,0.505112958942417
1994-04-16,8.5,470.68,12.84,12.84,684.88,6.646922480289793,658.41,27.06629,750.88,3.17552224503765,2.27054970568104,0.715016154973943,0.219528466253919,0.207214753166224,16.85,1.1541095890411,212.45,3.09468317552804,0,-16.0641,4.11759799833194,1.37608385686463,0.451685660266874,1.30108445697626,0.601283991047423,33.3877563865537,51.0347891166449,14.7976986383577,0.969,3.95608738968062,3.43920674799665,0.832442903389189,0.505112958942417
1994-04-17,1.95,533.69,6.53,6.53,503.19,5.376187300234391,658.41,27.06629,750.88,3.17552224503765,2.27054970568104,0.715016154973943,0.219528466253919,0.207214753166224,16.85,1.1541095890411,212.45,3.09468317552804,0,-16.0641,4.11759799833194,1.37608385686463,0.451685660266874,1.30108445697626,0.601283991047423,33.3877563865537,51.0347891166449,14.7976986383577,0.969,3.95608738968062,3.43920674799665,0.832442903389189,0.505112958942417
1994-04-18,1.32,459.64,2.83,2.83,448.84,3.8773714468357126,658.41,27.06629,750.88,3.17552224503765,2.27054970568104,0.715016154973943,0.219528466253919,0.207214753166224,16.85,1.1541095890411,212.45,3.09468317552804,0,-16.0641,4.11759799833194,1.37608385686463,0.451685660266874,1.30108445697626,0.601283991047423,33.3877563865537,51.0347891166449,14.7976986383577,0.969,3.95608738968062,3.43920674799665,0.832442903389189,0.505112958942417
1994-04-19,0.36,552.89,7.28,7.28,558.04,3.3234612401448964,658.41,27.06629,750.88,3.17552224503765,2.27054970568104,0.715016154973943,0.219528466253919,0.207214753166224,16.85,1.1541095890411,212.45,3.09468317552804,0,-16.0641,4.11759799833194,1.37608385686463,0.451685660266874,1.30108445697626,0.601283991047423,33.3877563865537,51.0347891166449,14.7976986383577,0.969,3.95608738968062,3.43920674799665,0.832442903389189,0.505112958942417
1994-04-20,0.01,611.7,7.73,7.73,502.85,2.7239348987854246,658.41,27.06629,750.88,3.17552224503765,2.27054970568104,0.715016154973943,0.219528466253919,0.207214753166224,16.85,1.1541095890411,212.45,3.09468317552804,0,-16.0641,4.11759799833194,1.37608385686463,0.451685660266874,1.30108445697626,0.601283991047423,33.3877563865537,51.0347891166449,14.7976986383577,0.969,3.95608738968062,3.43920674799665,0.832442903389189,0.505112958942417
1994-04-21,0.0,599.85,2.5,2.5,364.83,2.26125696143192,658.41,27.06629,750.88,3.17552224503765,2.27054970568104,0.715016154973943,0.219528466253919,0.207214753166224,16.85,1.1541095890411,212.45,3.09468317552804,0,-16.0641,4.11759799833194,1.37608385686463,0.451685660266874,1.30108445697626,0.601283991047423,33.3877563865537,51.0347891166449,14.7976986383577,0.969,3.95608738968062,3.43920674799665,0.832442903389189,0.505112958942417
1994-04-22,0.0,607.19,0.96,0.96,333.33,1.9354274280843808,658.41,27.06629,750.88,3.17552224503765,2.27054970568104,0.715016154973943,0.219528466253919,0.207214753166224,16.85,1.1541095890411,212.45,3.09468317552804,0,-16.0641,4.11759799833194,1.37608385686463,0.451685660266874,1.30108445697626,0.601283991047423,33.3877563865537,51.0347891166449,14.7976986383577,0.969,3.95608738968062,3.43920674799665,0.832442903389189,0.505112958942417
1994-04-23,0.0,615.12,1.37,1.37,359.82,1.6910552780737267,658.41,27.06629,750.88,3.17552224503765,2.27054970568104,0.715016154973943,0.219528466253919,0.207214753166224,16.85,1.1541095890411,212.45,3.09468317552804,0,-16.0641,4.11759799833194,1.37608385686463,0.451685660266874,1.30108445697626,0.601283991047423,33.3877563865537,51.0347891166449,14.7976986383577,0.969,3.95608738968062,3.43920674799665,0.832442903389189,0.505112958942417
1994-04-24,0.02,606.27,5.94,5.94,544.66,1.508590739399105,658.41,27.06629,750.88,3.17552224503765,2.27054970568104,0.715016154973943,0.219528466253919,0.207214753166224,16.85,1.1541095890411,212.45,3.09468317552804,0,-16.0641,4.11759799833194,1.37608385686463,0.451685660266874,1.30108445697626,0.601283991047423,33.3877563865537,51.0347891166449,14.7976986383577,0.969,3.95608738968062,3.43920674799665,0.832442903389189,0.505112958942417
1994-04-25,0.53,461.4,12.82,12.82,846.99,1.3326427913914338,658.41,27.06629,750.88,3.17552224503765,2.27054970568104,0.715016154973943,0.219528466253919,0.207214753166224,16.85,1.1541095890411,212.45,3.09468317552804,0,-16.0641,4.11759799833194,1.37608385686463,0.451685660266874,1.30108445697626,0.601283991047423,33.3877563865537,51.0347891166449,14.7976986383577,0.969,3.95608738968062,3.43920674799665,0.832442903389189,0.505112958942417
1994-04-26,6.76,460.06,15.47,15.47,974.09,1.2479271127210738,658.41,27.06629,750.88,3.17552224503765,2.27054970568104,0.715016154973943,0.219528466253919,0.207214753166224,16.85,1.1541095890411,212.45,3.09468317552804,0,-16.0641,4.11759799833194,1.37608385686463,0.451685660266874,1.30108445697626,0.601283991047423,33.3877563865537,51.0347891166449,14.7976986383577,0.969,3.95608738968062,3.43920674799665,0.832442903389189,0.505112958942417
1994-04-27,2.11,529.09,17.1,17.1,962.06,1.391292107393991,658.41,27.06629,750.88,3.17552224503765,2.27054970568104,0.715016154973943,0.219528466253919,0.207214753166224,16.85,1.1541095890411,212.45,3.09468317552804,0,-16.0641,4.11759799833194,1.37608385686463,0.451685660266874,1.30108445697626,0.601283991047423,33.3877563865537,51.0347891166449,14.7976986383577,0.969,3.95608738968062,3.43920674799665,0.832442903389189,0.505112958942417
1994-04-28,0.41,484.82,12.73,12.73,676.75,1.1110787087151075,658.41,27.06629,750.88,3.17552224503765,2.27054970568104,0.715016154973943,0.219528466253919,0.207214753166224,16.85,1.1541095890411,212.45,3.09468317552804,0,-16.0641,4.11759799833194,1.37608385686463,0.451685660266874,1.30108445697626,0.601283991047423,33.3877563865537,51.0347891166449,14.7976986383577,0.969,3.95608738968062,3.43920674799665,0.832442903389189,0.505112958942417
1994-04-29,5.46,418.54,7.94,7.94,620.04,1.2023109780524184,658.41,27.06629,750.88,3.17552224503765,2.27054970568104,0.715016154973943,0.219528466253919,0.207214753166224,16.85,1.1541095890411,212.45,3.09468317552804,0,-16.0641,4.11759799833194,1.37608385686463,0.451685660266874,1.30108445697626,0.601283991047423,33.3877563865537,51.0347891166449,14.7976986383577,0.969,3.95608738968062,3.43920674799665,0.832442903389189,0.505112958942417
1994-04-30,16.59,469.26,10.07,10.07,697.09,1.241410522054123,658.41,27.06629,750.88,3.17552224503765,2.27054970568104,0.715016154973943,0.219528466253919,0.207214753166224,16.85,1.1541095890411,212.45,3.09468317552804,0,-16.0641,4.11759799833194,1.37608385686463,0.451685660266874,1.30108445697626,0.601283991047423,33.3877563865537,51.0347891166449,14.7976986383577,0.969,3.95608738968062,3.43920674799665,0.832442903389189,0.505112958942417
1994-05-01,4.37,402.91,10.35,10.35,725.52,3.199646017472831,658.41,27.06629,750.88,3.17552224503765,2.27054970568104,0.715016154973943,0.219528466253919,0.207214753166224,16.85,1.1541095890411,212.45,3.09468317552804,0,-16.0641,4.11759799833194,1.37608385686463,0.451685660266874,1.30108445697626,0.601283991047423,33.3877563865537,51.0347891166449,14.7976986383577,0.969,3.95608738968062,3.43920674799665,0.832442903389189,0.505112958942417
1994-05-02,0.11,519.5,5.11,5.11,512.4,2.01362651608779,658.41,27.06629,750.88,3.17552224503765,2.27054970568104,0.715016154973943,0.219528466253919,0.207214753166224,16.85,1.1541095890411,212.45,3.09468317552804,0,-16.0641,4.11759799833194,1.37608385686463,0.451685660266874,1.30108445697626,0.601283991047423,33.3877563865537,51.0347891166449,14.7976986383577,0.969,3.95608738968062,3.43920674799665,0.832442903389189,0.505112958942417
1994-05-03,0.0,596.85,2.59,2.59,424.52,1.6715055060728743,658.41,27.06629,750.88,3.17552224503765,2.27054970568104,0.715016154973943,0.219528466253919,0.207214753166224,16.85,1.1541095890411,212.45,3.09468317552804,0,-16.0641,4.11759799833194,1.37608385686463,0.451685660266874,1.30108445697626,0.601283991047423,33.3877563865537,51.0347891166449,14.7976986383577,0.969,3.95608738968062,3.43920674799665,0.832442903389189,0.505112958942417
1994-05-04,0.0,595.65,6.26,6.26,560.49,1.5118490347325804,658.41,27.06629,750.88,3.17552224503765,2.27054970568104,0.715016154973943,0.219528466253919,0.207214753166224,16.85,1.1541095890411,212.45,3.09468317552804,0,-16.0641,4.11759799833194,1.37608385686463,0.451685660266874,1.30108445697626,0.601283991047423,33.3877563865537,51.0347891166449,14.7976986383577,0.969,3.95608738968062,3.43920674799665,0.832442903389189,0.505112958942417
1994-05-05,0.54,408.66,8.94,8.94,726.5,1.4075835840613677,658.41,27.06629,750.88,3.17552224503765,2.27054970568104,0.715016154973943,0.219528466253919,0.207214753166224,16.85,1.1541095890411,212.45,3.09468317552804,0,-16.0641,4.11759799833194,1.37608385686463,0.451685660266874,1.30108445697626,0.601283991047423,33.3877563865537,51.0347891166449,14.7976986383577,0.969,3.95608738968062,3.43920674799665,0.832442903389189,0.505112958942417
1994-05-06,0.19,486.37,10.17,10.17,745.84,1.2968015427232047,658.41,27.06629,750.88,3.17552224503765,2.27054970568104,0.715016154973943,0.219528466253919,0.207214753166224,16.85,1.1541095890411,212.45,3.09468317552804,0,-16.0641,4.11759799833194,1.37608385686463,0.451685660266874,1.30108445697626,0.601283991047423,33.3877563865537,51.0347891166449,14.7976986383577,0.969,3.95608738968062,3.43920674799665,0.832442903389189,0.505112958942417
1994-05-07,6.5,314.91,6.05,6.05,656.93,1.1860195013850414,658.41,27.06629,750.88,3.17552224503765,2.27054970568104,0.715016154973943,0.219528466253919,0.207214753166224,16.85,1.1541095890411,212.45,3.09468317552804,0,-16.0641,4.11759799833194,1.37608385686463,0.451685660266874,1.30108445697626,0.601283991047423,33.3877563865537,51.0347891166449,14.7976986383577,0.969,3.95608738968062,3.43920674799665,0.832442903389189,0.505112958942417
1994-05-08,2.58,445.14,7.94,7.94,656.66,1.3978086980609417,658.41,27.06629,750.88,3.17552224503765,2.27054970568104,0.715016154973943,0.219528466253919,0.207214753166224,16.85,1.1541095890411,212.45,3.09468317552804,0,-16.0641,4.11759799833194,1.37608385686463,0.451685660266874,1.30108445697626,0.601283991047423,33.3877563865537,51.0347891166449,14.7976986383577,0.969,3.95608738968062,3.43920674799665,0.832442903389189,0.505112958942417
1994-05-09,2.58,437.3,6.11,6.11,568.42,1.2088275687193692,658.41,27.06629,750.88,3.17552224503765,2.27054970568104,0.715016154973943,0.219528466253919,0.207214753166224,16.85,1.1541095890411,212.45,3.09468317552804,0,-16.0641,4.11759799833194,1.37608385686463,0.451685660266874,1.30108445697626,0.601283991047423,33.3877563865537,51.0347891166449,14.7976986383577,0.969,3.95608738968062,3.43920674799665,0.832442903389189,0.505112958942417
1994-05-10,0.91,471.71,7.64,7.64,574.03,1.2120858640528445,658.41,27.06629,750.88,3.17552224503765,2.27054970568104,0.715016154973943,0.219528466253919,0.207214753166224,16.85,1.1541095890411,212.45,3.09468317552804,0,-16.0641,4.11759799833194,1.37608385686463,0.451685660266874,1.30108445697626,0.601283991047423,33.3877563865537,51.0347891166449,14.7976986383577,0.969,3.95608738968062,3.43920674799665,0.832442903389189,0.505112958942417
1994-05-11,3.7,474.52,6.3,6.3,528.34,1.0589459833795014,658.41,27.06629,750.88,3.17552224503765,2.27054970568104,0.715016154973943,0.219528466253919,0.207214753166224,16.85,1.1541095890411,212.45,3.09468317552804,0,-16.0641,4.11759799833194,1.37608385686463,0.451685660266874,1.30108445697626,0.601283991047423,33.3877563865537,51.0347891166449,14.7976986383577,0.969,3.95608738968062,3.43920674799665,0.832442903389189,0.505112958942417
1994-05-12,0.98,546.84,9.27,9.27,601.04,1.0426545067121245,658.41,27.06629,750.88,3.17552224503765,2.27054970568104,0.715016154973943,0.219528466253919,0.207214753166224,16.85,1.1541095890411,212.45,3.09468317552804,0,-16.0641,4.11759799833194,1.37608385686463,0.451685660266874,1.30108445697626,0.601283991047423,33.3877563865537,51.0347891166449,14.7976986383577,0.969,3.95608738968062,3.43920674799665,0.832442903389189,0.505112958942417
1994-05-13,0.01,567.56,4.13,4.13,451.05,0.9579388280417642,658.41,27.06629,750.88,3.17552224503765,2.27054970568104,0.715016154973943,0.219528466253919,0.207214753166224,16.85,1.1541095890411,212.45,3.09468317552804,0,-16.0641,4.11759799833194,1.37608385686463,0.451685660266874,1.30108445697626,0.601283991047423,33.3877563865537,51.0347891166449,14.7976986383577,0.969,3.95608738968062,3.43920674799665,0.832442903389189,0.505112958942417
1994-05-14,0.07,475.86,4.2,4.2,474.77,0.8438984913701257,658.41,27.06629,750.88,3.17552224503765,2.27054970568104,0.715016154973943,0.219528466253919,0.207214753166224,16.85,1.1541095890411,212.45,3.09468317552804,0,-16.0641,4.11759799833194,1.37608385686463,0.451685660266874,1.30108445697626,0.601283991047423,33.3877563865537,51.0347891166449,14.7976986383577,0.969,3.95608738968062,3.43920674799665,0.832442903389189,0.505112958942417
1994-05-15,6.42,482.46,9.3,9.3,667.55,0.8047989473684211,658.41,27.06629,750.88,3.17552224503765,2.27054970568104,0.715016154973943,0.219528466253919,0.207214753166224,16.85,1.1541095890411,212.45,3.09468317552804,0,-16.0641,4.11759799833194,1.37608385686463,0.451685660266874,1.30108445697626,0.601283991047423,33.3877563865537,51.0347891166449,14.7976986383577,0.969,3.95608738968062,3.43920674799665,0.832442903389189,0.505112958942417
1994-05-16,3.11,362.28,13.57,13.57,936.36,1.0589459833795014,658.41,27.06629,750.88,3.17552224503765,2.27054970568104,0.715016154973943,0.219528466253919,0.207214753166224,16.85,1.1541095890411,212.45,3.09468317552804,0,-16.0641,4.11759799833194,1.37608385686463,0.451685660266874,1.30108445697626,0.601283991047423,33.3877563865537,51.0347891166449,14.7976986383577,0.969,3.95608738968062,3.43920674799665,0.832442903389189,0.505112958942417
1994-05-17,0.83,381.23,7.17,7.17,682.71,0.9449056467078627,658.41,27.06629,750.88,3.17552224503765,2.27054970568104,0.715016154973943,0.219528466253919,0.207214753166224,16.85,1.1541095890411,212.45,3.09468317552804,0,-16.0641,4.11759799833194,1.37608385686463,0.451685660266874,1.30108445697626,0.601283991047423,33.3877563865537,51.0347891166449,14.7976986383577,0.969,3.95608738968062,3.43920674799665,0.832442903389189,0.505112958942417
1994-05-18,0.65,234.92,5.24,5.24,689.41,0.8797397400383549,658.41,27.06629,750.88,3.17552224503765,2.27054970568104,0.715016154973943,0.219528466253919,0.207214753166224,16.85,1.1541095890411,212.45,3.09468317552804,0,-16.0641,4.11759799833194,1.37608385686463,0.451685660266874,1.30108445697626,0.601283991047423,33.3877563865537,51.0347891166449,14.7976986383577,0.969,3.95608738968062,3.43920674799665,0.832442903389189,0.505112958942417
1994-05-19,0.16,202.76,4.78,4.78,671.4,0.8276070147027488,658.41,27.06629,750.88,3.17552224503765,2.27054970568104,0.715016154973943,0.219528466253919,0.207214753166224,16.85,1.1541095890411,212.45,3.09468317552804,0,-16.0641,4.11759799833194,1.37608385686463,0.451685660266874,1.30108445697626,0.601283991047423,33.3877563865537,51.0347891166449,14.7976986383577,0.969,3.95608738968062,3.43920674799665,0.832442903389189,0.505112958942417
1994-05-20,0.0,564.43,4.18,4.18,540.04,0.7559245173662902,658.41,27.06629,750.88,3.17552224503765,2.27054970568104,0.715016154973943,0.219528466253919,0.207214753166224,16.85,1.1541095890411,212.45,3.09468317552804,0,-16.0641,4.11759799833194,1.37608385686463,0.451685660266874,1.30108445697626,0.601283991047423,33.3877563865537,51.0347891166449,14.7976986383577,0.969,3.95608738968062,3.43920674799665,0.832442903389189,0.505112958942417
1994-05-21,0.0,617.66,9.41,9.41,648.63,0.6744671340294054,658.41,27.06629,750.88,3.17552224503765,2.27054970568104,0.715016154973943,0.219528466253919,0.207214753166224,16.85,1.1541095890411,212.45,3.09468317552804,0,-16.0641,4.11759799833194,1.37608385686463,0.451685660266874,1.30108445697626,0.601283991047423,33.3877563865537,51.0347891166449,14.7976986383577,0.969,3.95608738968062,3.43920674799665,0.832442903389189,0.505112958942417
1994-05-22,0.0,621.28,13.27,13.27,782.11,0.6158178180268484,658.41,27.06629,750.88,3.17552224503765,2.27054970568104,0.715016154973943,0.219528466253919,0.207214753166224,16.85,1.1541095890411,212.45,3.09468317552804,0,-16.0641,4.11759799833194,1.37608385686463,0.451685660266874,1.30108445697626,0.601283991047423,33.3877563865537,51.0347891166449,14.7976986383577,0.969,3.95608738968062,3.43920674799665,0.832442903389189,0.505112958942417
1994-05-23,0.0,611.63,16.78,16.78,914.55,0.5506519113573407,658.41,27.06629,750.88,3.17552224503765,2.27054970568104,0.715016154973943,0.219528466253919,0.207214753166224,16.85,1.1541095890411,212.45,3.09468317552804,0,-16.0641,4.11759799833194,1.37608385686463,0.451685660266874,1.30108445697626,0.601283991047423,33.3877563865537,51.0347891166449,14.7976986383577,0.969,3.95608738968062,3.43920674799665,0.832442903389189,0.505112958942417
1994-05-24,5.94,471.58,15.6,15.6,889.23,0.5082940720221607,658.41,27.06629,750.88,3.17552224503765,2.27054970568104,0.715016154973943,0.219528466253919,0.207214753166224,16.85,1.1541095890411,212.45,3.09468317552804,0,-16.0641,4.11759799833194,1.37608385686463,0.451685660266874,1.30108445697626,0.601283991047423,33.3877563865537,51.0347891166449,14.7976986383577,0.969,3.95608738968062,3.43920674799665,0.832442903389189,0.505112958942417
1994-05-25,7.96,439.84,15.41,15.41,1014.69,0.5995263413594715,658.41,27.06629,750.88,3.17552224503765,2.27054970568104,0.715016154973943,0.219528466253919,0.207214753166224,16.85,1.1541095890411,212.45,3.09468317552804,0,-16.0641,4.11759799833194,1.37608385686463,0.451685660266874,1.30108445697626,0.601283991047423,33.3877563865537,51.0347891166449,14.7976986383577,0.969,3.95608738968062,3.43920674799665,0.832442903389189,0.505112958942417
1994-05-26,9.77,378.82,14.98,14.98,998.64,1.5379153974003834,658.41,27.06629,750.88,3.17552224503765,2.27054970568104,0.715016154973943,0.219528466253919,0.207214753166224,16.85,1.1541095890411,212.45,3.09468317552804,0,-16.0641,4.11759799833194,1.37608385686463,0.451685660266874,1.30108445697626,0.601283991047423,33.3877563865537,51.0347891166449,14.7976986383577,0.969,3.95608738968062,3.43920674799665,0.832442903389189,0.505112958942417
1994-05-27,2.14,601.94,8.75,8.75,558.1,1.3521925633922864,658.41,27.06629,750.88,3.17552224503765,2.27054970568104,0.715016154973943,0.219528466253919,0.207214753166224,16.85,1.1541095890411,212.45,3.09468317552804,0,-16.0641,4.11759799833194,1.37608385686463,0.451685660266874,1.30108445697626,0.601283991047423,33.3877563865537,51.0347891166449,14.7976986383577,0.969,3.95608738968062,3.43920674799665,0.832442903389189,0.505112958942417
1994-05-28,0.53,603.72,6.0,6.0,519.24,0.8797397400383549,658.41,27.06629,750.88,3.17552224503765,2.27054970568104,0.715016154973943,0.219528466253919,0.207214753166224,16.85,1.1541095890411,212.45,3.09468317552804,0,-16.0641,4.11759799833194,1.37608385686463,0.451685660266874,1.30108445697626,0.601283991047423,33.3877563865537,51.0347891166449,14.7976986383577,0.969,3.95608738968062,3.43920674799665,0.832442903389189,0.505112958942417
1994-05-29,0.14,603.14,10.67,10.67,720.75,0.7265998593650117,658.41,27.06629,750.88,3.17552224503765,2.27054970568104,0.715016154973943,0.219528466253919,0.207214753166224,16.85,1.1541095890411,212.45,3.09468317552804,0,-16.0641,4.11759799833194,1.37608385686463,0.451685660266874,1.30108445697626,0.601283991047423,33.3877563865537,51.0347891166449,14.7976986383577,0.969,3.95608738968062,3.43920674799665,0.832442903389189,0.505112958942417
1994-05-30,0.0,605.79,14.26,14.26,887.19,0.6190761133603239,658.41,27.06629,750.88,3.17552224503765,2.27054970568104,0.715016154973943,0.219528466253919,0.207214753166224,16.85,1.1541095890411,212.45,3.09468317552804,0,-16.0641,4.11759799833194,1.37608385686463,0.451685660266874,1.30108445697626,0.601283991047423,33.3877563865537,51.0347891166449,14.7976986383577,0.969,3.95608738968062,3.43920674799665,0.832442903389189,0.505112958942417
1994-05-31,18.93,453.81,17.18,17.18,1058.81,0.5669433880247176,658.41,27.06629,750.88,3.17552224503765,2.27054970568104,0.715016154973943,0.219528466253919,0.207214753166224,16.85,1.1541095890411,212.45,3.09468317552804,0,-16.0641,4.11759799833194,1.37608385686463,0.451685660266874,1.30108445697626,0.601283991047423,33.3877563865537,51.0347891166449,14.7976986383577,0.969,3.95608738968062,3.43920674799665,0.832442903389189,0.505112958942417
1994-06-01,5.22,575.49,17.75,17.75,959.5,2.196091054762412,658.41,27.06629,750.88,3.17552224503765,2.27054970568104,0.715016154973943,0.219528466253919,0.207214753166224,16.85,1.1541095890411,212.45,3.09468317552804,0,-16.0641,4.11759799833194,1.37608385686463,0.451685660266874,1.30108445697626,0.601283991047423,33.3877563865537,51.0347891166449,14.7976986383577,0.969,3.95608738968062,3.43920674799665,0.832442903389189,0.505112958942417
1994-06-02,0.06,617.51,9.85,9.85,591.71,1.1175952993820584,658.41,27.06629,750.88,3.17552224503765,2.27054970568104,0.715016154973943,0.219528466253919,0.207214753166224,16.85,1.1541095890411,212.45,3.09468317552804,0,-16.0641,4.11759799833194,1.37608385686463,0.451685660266874,1.30108445697626,0.601283991047423,33.3877563865537,51.0347891166449,14.7976986383577,0.969,3.95608738968062,3.43920674799665,0.832442903389189,0.505112958942417
1994-06-03,0.0,588.82,7.87,7.87,579.65,0.8862563307053057,658.41,27.06629,750.88,3.17552224503765,2.27054970568104,0.715016154973943,0.219528466253919,0.207214753166224,16.85,1.1541095890411,212.45,3.09468317552804,0,-16.0641,4.11759799833194,1.37608385686463,0.451685660266874,1.30108445697626,0.601283991047423,33.3877563865537,51.0347891166449,14.7976986383577,0.969,3.95608738968062,3.43920674799665,0.832442903389189,0.505112958942417
1994-06-04,0.0,617.14,10.43,10.43,663.26,0.7624411080332409,658.41,27.06629,750.88,3.17552224503765,2.27054970568104,0.715016154973943,0.219528466253919,0.207214753166224,16.85,1.1541095890411,212.45,3.09468317552804,0,-16.0641,4.11759799833194,1.37608385686463,0.451685660266874,1.30108445697626,0.601283991047423,33.3877563865537,51.0347891166449,14.7976986383577,0.969,3.95608738968062,3.43920674799665,0.832442903389189,0.505112958942417
1994-06-05,0.0,598.62,13.65,13.65,841.12,0.6744671340294054,658.41,27.06629,750.88,3.17552224503765,2.27054970568104,0.715016154973943,0.219528466253919,0.207214753166224,16.85,1.1541095890411,212.45,3.09468317552804,0,-16.0641,4.11759799833194,1.37608385686463,0.451685660266874,1.30108445697626,0.601283991047423,33.3877563865537,51.0347891166449,14.7976986383577,0.969,3.95608738968062,3.43920674799665,0.832442903389189,0.505112958942417
1994-06-06,8.37,438.2,16.79,16.79,1092.3,0.6484007713616023,658.41,27.06629,750.88,3.17552224503765,2.27054970568104,0.715016154973943,0.219528466253919,0.207214753166224,16.85,1.1541095890411,212.45,3.09468317552804,0,-16.0641,4.11759799833194,1.37608385686463,0.451685660266874,1.30108445697626,0.601283991047423,33.3877563865537,51.0347891166449,14.7976986383577,0.969,3.95608738968062,3.43920674799665,0.832442903389189,0.505112958942417
1994-06-07,2.92,403.76,18.15,18.15,1182.16,0.7624411080332409,658.41,27.06629,750.88,3.17552224503765,2.27054970568104,0.715016154973943,0.219528466253919,0.207214753166224,16.85,1.1541095890411,212.45,3.09468317552804,0,-16.0641,4.11759799833194,1.37608385686463,0.451685660266874,1.30108445697626,0.601283991047423,33.3877563865537,51.0347891166449,14.7976986383577,0.969,3.95608738968062,3.43920674799665,0.832442903389189,0.505112958942417
1994-06-08,0.19,577.6,15.5,15.5,865.98,0.5767182740251438,658.41,27.06629,750.88,3.17552224503765,2.27054970568104,0.715016154973943,0.219528466253919,0.207214753166224,16.85,1.1541095890411,212.45,3.09468317552804,0,-16.0641,4.11759799833194,1.37608385686463,0.451685660266874,1.30108445697626,0.601283991047423,33.3877563865537,51.0347891166449,14.7976986383577,0.969,3.95608738968062,3.43920674799665,0.832442903389189,0.505112958942417
1994-06-09,0.0,595.35,9.64,9.64,634.03,0.5017774813552098,658.41,27.06629,750.88,3.17552224503765,2.27054970568104,0.715016154973943,0.219528466253919,0.207214753166224,16.85,1.1541095890411,212.45,3.09468317552804,0,-16.0641,4.11759799833194,1.37608385686463,0.451685660266874,1.30108445697626,0.601283991047423,33.3877563865537,51.0347891166449,14.7976986383577,0.969,3.95608738968062,3.43920674799665,0.832442903389189,0.505112958942417
1994-06-10,3.84,455.99,12.42,12.42,757.41,0.44964475601960363,658.41,27.06629,750.88,3.17552224503765,2.27054970568104,0.715016154973943,0.219528466253919,0.207214753166224,16.85,1.1541095890411,212.45,3.09468317552804,0,-16.0641,4.11759799833194,1.37608385686463,0.451685660266874,1.30108445697626,0.601283991047423,33.3877563865537,51.0347891166449,14.7976986383577,0.969,3.95608738968062,3.43920674799665,0.832442903389189,0.505112958942417
1994-06-11,20.25,445.89,14.79,14.79,887.49,0.9709720093756657,658.41,27.06629,750.88,3.17552224503765,2.27054970568104,0.715016154973943,0.219528466253919,0.207214753166224,16.85,1.1541095890411,212.45,3.09468317552804,0,-16.0641,4.11759799833194,1.37608385686463,0.451685660266874,1.30108445697626,0.601283991047423,33.3877563865537,51.0347891166449,14.7976986383577,0.969,3.95608738968062,3.43920674799665,0.832442903389189,0.505112958942417
1994-06-12,5.55,341.0,13.97,13.97,1064.82,1.9158776560835284,658.41,27.06629,750.88,3.17552224503765,2.27054970568104,0.715016154973943,0.219528466253919,0.207214753166224,16.85,1.1541095890411,212.45,3.09468317552804,0,-16.0641,4.11759799833194,1.37608385686463,0.451685660266874,1.30108445697626,0.601283991047423,33.3877563865537,51.0347891166449,14.7976986383577,0.969,3.95608738968062,3.43920674799665,0.832442903389189,0.505112958942417
1994-06-13,41.97,412.65,16.45,16.45,1155.72,2.2188991220967393,658.41,27.06629,750.88,3.17552224503765,2.27054970568104,0.715016154973943,0.219528466253919,0.207214753166224,16.85,1.1541095890411,212.45,3.09468317552804,0,-16.0641,4.11759799833194,1.37608385686463,0.451685660266874,1.30108445697626,0.601283991047423,33.3877563865537,51.0347891166449,14.7976986383577,0.969,3.95608738968062,3.43920674799665,0.832442903389189,0.505112958942417
1994-06-14,11.74,440.96,17.84,17.84,1338.83,15.867898274025142,658.41,27.06629,750.88,3.17552224503765,2.27054970568104,0.715016154973943,0.219528466253919,0.207214753166224,16.85,1.1541095890411,212.45,3.09468317552804,0,-16.0641,4.11759799833194,1.37608385686463,0.451685660266874,1.30108445697626,0.601283991047423,33.3877563865537,51.0347891166449,14.7976986383577,0.969,3.95608738968062,3.43920674799665,0.832442903389189,0.505112958942417
1994-06-15,0.36,472.49,21.34,21.34,1604.04,5.050357766886853,658.41,27.06629,750.88,3.17552224503765,2.27054970568104,0.715016154973943,0.219528466253919,0.207214753166224,16.85,1.1541095890411,212.45,3.09468317552804,0,-16.0641,4.11759799833194,1.37608385686463,0.451685660266874,1.30108445697626,0.601283991047423,33.3877563865537,51.0347891166449,14.7976986383577,0.969,3.95608738968062,3.43920674799665,0.832442903389189,0.505112958942417
1994-06-16,0.74,421.71,23.4,23.4,1726.95,3.7470396334966973,658.41,27.06629,750.88,3.17552224503765,2.27054970568104,0.715016154973943,0.219528466253919,0.207214753166224,16.85,1.1541095890411,212.45,3.09468317552804,0,-16.0641,4.11759799833194,1.37608385686463,0.451685660266874,1.30108445697626,0.601283991047423,33.3877563865537,51.0347891166449,14.7976986383577,0.969,3.95608738968062,3.43920674799665,0.832442903389189,0.505112958942417
1994-06-17,0.18,501.59,23.81,23.81,1759.89,2.5447286554442785,658.41,27.06629,750.88,3.17552224503765,2.27054970568104,0.715016154973943,0.219528466253919,0.207214753166224,16.85,1.1541095890411,212.45,3.09468317552804,0,-16.0641,4.11759799833194,1.37608385686463,0.451685660266874,1.30108445697626,0.601283991047423,33.3877563865537,51.0347891166449,14.7976986383577,0.969,3.95608738968062,3.43920674799665,0.832442903389189,0.505112958942417
1994-06-18,0.0,487.08,24.29,24.29,1834.01,1.88655299808225,658.41,27.06629,750.88,3.17552224503765,2.27054970568104,0.715016154973943,0.219528466253919,0.207214753166224,16.85,1.1541095890411,212.45,3.09468317552804,0,-16.0641,4.11759799833194,1.37608385686463,0.451685660266874,1.30108445697626,0.601283991047423,33.3877563865537,51.0347891166449,14.7976986383577,0.969,3.95608738968062,3.43920674799665,0.832442903389189,0.505112958942417
1994-06-19,0.0,492.83,24.29,24.29,1695.38,1.4694911953974004,658.41,27.06629,750.88,3.17552224503765,2.27054970568104,0.715016154973943,0.219528466253919,0.207214753166224,16.85,1.1541095890411,212.45,3.09468317552804,0,-16.0641,4.11759799833194,1.37608385686463,0.451685660266874,1.30108445697626,0.601283991047423,33.3877563865537,51.0347891166449,14.7976986383577,0.969,3.95608738968062,3.43920674799665,0.832442903389189,0.505112958942417
1994-06-20,2.66,420.59,18.92,18.92,1216.13,1.17298632005114,658.41,27.06629,750.88,3.17552224503765,2.27054970568104,0.715016154973943,0.219528466253919,0.207214753166224,16.85,1.1541095890411,212.45,3.09468317552804,0,-16.0641,4.11759799833194,1.37608385686463,0.451685660266874,1.30108445697626,0.601283991047423,33.3877563865537,51.0347891166449,14.7976986383577,0.969,3.95608738968062,3.43920674799665,0.832442903389189,0.505112958942417
1994-06-21,1.81,414.36,19.73,19.73,1227.2,1.049171097379075,658.41,27.06629,750.88,3.17552224503765,2.27054970568104,0.715016154973943,0.219528466253919,0.207214753166224,16.85,1.1541095890411,212.45,3.09468317552804,0,-16.0641,4.11759799833194,1.37608385686463,0.451685660266874,1.30108445697626,0.601283991047423,33.3877563865537,51.0347891166449,14.7976986383577,0.969,3.95608738968062,3.43920674799665,0.832442903389189,0.505112958942417
1994-06-22,0.29,558.0,18.35,18.35,1109.87,0.905806102706158,658.41,27.06629,750.88,3.17552224503765,2.27054970568104,0.715016154973943,0.219528466253919,0.207214753166224,16.85,1.1541095890411,212.45,3.09468317552804,0,-16.0641,4.11759799833194,1.37608385686463,0.451685660266874,1.30108445697626,0.601283991047423,33.3877563865537,51.0347891166449,14.7976986383577,0.969,3.95608738968062,3.43920674799665,0.832442903389189,0.505112958942417
1994-06-23,1.51,405.55,16.79,16.79,1126.37,0.7559245173662902,658.41,27.06629,750.88,3.17552224503765,2.27054970568104,0.715016154973943,0.219528466253919,0.207214753166224,16.85,1.1541095890411,212.45,3.09468317552804,0,-16.0641,4.11759799833194,1.37608385686463,0.451685660266874,1.30108445697626,0.601283991047423,33.3877563865537,51.0347891166449,14.7976986383577,0.969,3.95608738968062,3.43920674799665,0.832442903389189,0.505112958942417
1994-06-24,19.21,401.56,18.04,18.04,1291.64,0.7363747453654379,658.41,27.06629,750.88,3.17552224503765,2.27054970568104,0.715016154973943,0.219528466253919,0.207214753166224,16.85,1.1541095890411,212.45,3.09468317552804,0,-16.0641,4.11759799833194,1.37608385686463,0.451685660266874,1.30108445697626,0.601283991047423,33.3877563865537,51.0347891166449,14.7976986383577,0.969,3.95608738968062,3.43920674799665,0.832442903389189,0.505112958942417
1994-06-25,5.59,311.08,19.54,19.54,1524.74,1.423875060728745,658.41,27.06629,750.88,3.17552224503765,2.27054970568104,0.715016154973943,0.219528466253919,0.207214753166224,16.85,1.1541095890411,212.45,3.09468317552804,0,-16.0641,4.11759799833194,1.37608385686463,0.451685660266874,1.30108445697626,0.601283991047423,33.3877563865537,51.0347891166449,14.7976986383577,0.969,3.95608738968062,3.43920674799665,0.832442903389189,0.505112958942417
1994-06-26,3.23,294.26,17.63,17.63,1472.78,0.8047989473684211,658.41,27.06629,750.88,3.17552224503765,2.27054970568104,0.715016154973943,0.219528466253919,0.207214753166224,16.85,1.1541095890411,212.45,3.09468317552804,0,-16.0641,4.11759799833194,1.37608385686463,0.451685660266874,1.30108445697626,0.601283991047423,33.3877563865537,51.0347891166449,14.7976986383577,0.969,3.95608738968062,3.43920674799665,0.832442903389189,0.505112958942417
1994-06-27,6.78,337.19,19.83,19.83,1562.28,0.6809837246963562,658.41,27.06629,750.88,3.17552224503765,2.27054970568104,0.715016154973943,0.219528466253919,0.207214753166224,16.85,1.1541095890411,212.45,3.09468317552804,0,-16.0641,4.11759799833194,1.37608385686463,0.451685660266874,1.30108445697626,0.601283991047423,33.3877563865537,51.0347891166449,14.7976986383577,0.969,3.95608738968062,3.43920674799665,0.832442903389189,0.505112958942417
1994-06-28,2.23,287.73,17.75,17.75,1433.11,0.8113155380353717,658.41,27.06629,750.88,3.17552224503765,2.27054970568104,0.715016154973943,0.219528466253919,0.207214753166224,16.85,1.1541095890411,212.45,3.09468317552804,0,-16.0641,4.11759799833194,1.37608385686463,0.451685660266874,1.30108445697626,0.601283991047423,33.3877563865537,51.0347891166449,14.7976986383577,0.969,3.95608738968062,3.43920674799665,0.832442903389189,0.505112958942417
1994-06-29,4.97,331.33,17.09,17.09,1373.37,0.6940169060302578,658.41,27.06629,750.88,3.17552224503765,2.27054970568104,0.715016154973943,0.219528466253919,0.207214753166224,16.85,1.1541095890411,212.45,3.09468317552804,0,-16.0641,4.11759799833194,1.37608385686463,0.451685660266874,1.30108445697626,0.601283991047423,33.3877563865537,51.0347891166449,14.7976986383577,0.969,3.95608738968062,3.43920674799665,0.832442903389189,0.505112958942417
1994-06-30,1.71,373.99,18.79,18.79,1411.01,0.7494079266993394,658.41,27.06629,750.88,3.17552224503765,2.27054970568104,0.715016154973943,0.219528466253919,0.207214753166224,16.85,1.1541095890411,212.45,3.09468317552804,0,-16.0641,4.11759799833194,1.37608385686463,0.451685660266874,1.30108445697626,0.601283991047423,33.3877563865537,51.0347891166449,14.7976986383577,0.969,3.95608738968062,3.43920674799665,0.832442903389189,0.505112958942417
1994-07-01,0.14,387.56,17.79,17.79,1364.04,0.6093012273598977,658.41,27.06629,750.88,3.17552224503765,2.27054970568104,0.715016154973943,0.219528466253919,0.207214753166224,16.85,1.1541095890411,212.45,3.09468317552804,0,-16.0641,4.11759799833194,1.37608385686463,0.451685660266874,1.30108445697626,0.601283991047423,33.3877563865537,51.0347891166449,14.7976986383577,0.969,3.95608738968062,3.43920674799665,0.832442903389189,0.505112958942417
1994-07-02,2.27,394.81,17.67,17.67,1306.17,0.5213272533560622,658.41,27.06629,750.88,3.17552224503765,2.27054970568104,0.715016154973943,0.219528466253919,0.207214753166224,16.85,1.1541095890411,212.45,3.09468317552804,0,-16.0641,4.11759799833194,1.37608385686463,0.451685660266874,1.30108445697626,0.601283991047423,33.3877563865537,51.0347891166449,14.7976986383577,0.969,3.95608738968062,3.43920674799665,0.832442903389189,0.505112958942417
1994-07-03,0.6,501.35,19.36,19.36,1368.67,0.49851918602173445,658.41,27.06629,750.88,3.17552224503765,2.27054970568104,0.715016154973943,0.219528466253919,0.207214753166224,16.85,1.1541095890411,212.45,3.09468317552804,0,-16.0641,4.11759799833194,1.37608385686463,0.451685660266874,1.30108445697626,0.601283991047423,33.3877563865537,51.0347891166449,14.7976986383577,0.969,3.95608738968062,3.43920674799665,0.832442903389189,0.505112958942417
1994-07-04,0.0,514.06,18.3,18.3,1334.27,0.43986987001917743,658.41,27.06629,750.88,3.17552224503765,2.27054970568104,0.715016154973943,0.219528466253919,0.207214753166224,16.85,1.1541095890411,212.45,3.09468317552804,0,-16.0641,4.11759799833194,1.37608385686463,0.451685660266874,1.30108445697626,0.601283991047423,33.3877563865537,51.0347891166449,14.7976986383577,0.969,3.95608738968062,3.43920674799665,0.832442903389189,0.505112958942417
1994-07-05,7.26,376.13,20.07,20.07,1547.02,0.4072869166844236,658.41,27.06629,750.88,3.17552224503765,2.27054970568104,0.715016154973943,0.219528466253919,0.207214753166224,16.85,1.1541095890411,212.45,3.09468317552804,0,-16.0641,4.11759799833194,1.37608385686463,0.451685660266874,1.30108445697626,0.601283991047423,33.3877563865537,51.0347891166449,14.7976986383577,0.969,3.95608738968062,3.43920674799665,0.832442903389189,0.505112958942417
1994-07-06,8.26,358.54,21.62,21.62,1711.79,0.5571685020242915,658.41,27.06629,750.88,3.17552224503765,2.27054970568104,0.715016154973943,0.219528466253919,0.207214753166224,16.85,1.1541095890411,212.45,3.09468317552804,0,-16.0641,4.11759799833194,1.37608385686463,0.451685660266874,1.30108445697626,0.601283991047423,33.3877563865537,51.0347891166449,14.7976986383577,0.969,3.95608738968062,3.43920674799665,0.832442903389189,0.505112958942417
1994-07-07,8.53,381.54,22.95,22.95,1771.24,0.5604267973577668,658.41,27.06629,750.88,3.17552224503765,2.27054970568104,0.715016154973943,0.219528466253919,0.207214753166224,16.85,1.1541095890411,212.45,3.09468317552804,0,-16.0641,4.11759799833194,1.37608385686463,0.451685660266874,1.30108445697626,0.601283991047423,33.3877563865537,51.0347891166449,14.7976986383577,0.969,3.95608738968062,3.43920674799665,0.832442903389189,0.505112958942417
1994-07-08,1.88,420.96,22.73,22.73,1826.36,0.4626779373535052,658.41,27.06629,750.88,3.17552224503765,2.27054970568104,0.715016154973943,0.219528466253919,0.207214753166224,16.85,1.1541095890411,212.45,3.09468317552804,0,-16.0641,4.11759799833194,1.37608385686463,0.451685660266874,1.30108445697626,0.601283991047423,33.3877563865537,51.0347891166449,14.7976986383577,0.969,3.95608738968062,3.43920674799665,0.832442903389189,0.505112958942417
1994-07-09,1.1,408.59,23.8,23.8,1820.17,0.3747039633496697,658.41,27.06629,750.88,3.17552224503765,2.27054970568104,0.715016154973943,0.219528466253919,0.207214753166224,16.85,1.1541095890411,212.45,3.09468317552804,0,-16.0641,4.11759799833194,1.37608385686463,0.451685660266874,1.30108445697626,0.601283991047423,33.3877563865537,51.0347891166449,14.7976986383577,0.969,3.95608738968062,3.43920674799665,0.832442903389189,0.505112958942417
1994-07-10,0.33,469.64,20.76,20.76,1409.12,0.3486376006818666,658.41,27.06629,750.88,3.17552224503765,2.27054970568104,0.715016154973943,0.219528466253919,0.207214753166224,16.85,1.1541095890411,212.45,3.09468317552804,0,-16.0641,4.11759799833194,1.37608385686463,0.451685660266874,1.30108445697626,0.601283991047423,33.3877563865537,51.0347891166449,14.7976986383577,0.969,3.95608738968062,3.43920674799665,0.832442903389189,0.505112958942417
1994-07-11,0.01,522.89,15.45,15.45,1058.6,0.3193129426805881,658.41,27.06629,750.88,3.17552224503765,2.27054970568104,0.715016154973943,0.219528466253919,0.207214753166224,16.85,1.1541095890411,212.45,3.09468317552804,0,-16.0641,4.11759799833194,1.37608385686463,0.451685660266874,1.30108445697626,0.601283991047423,33.3877563865537,51.0347891166449,14.7976986383577,0.969,3.95608738968062,3.43920674799665,0.832442903389189,0.505112958942417
1994-07-12,0.0,539.44,15.31,15.31,1043.25,0.2834716940123588,658.41,27.06629,750.88,3.17552224503765,2.27054970568104,0.715016154973943,0.219528466253919,0.207214753166224,16.85,1.1541095890411,212.45,3.09468317552804,0,-16.0641,4.11759799833194,1.37608385686463,0.451685660266874,1.30108445697626,0.601283991047423,33.3877563865537,51.0347891166449,14.7976986383577,0.969,3.95608738968062,3.43920674799665,0.832442903389189,0.505112958942417
1994-07-13,0.04,523.91,17.64,17.64,1171.92,0.2606636266780311,658.41,27.06629,750.88,3.17552224503765,2.27054970568104,0.715016154973943,0.219528466253919,0.207214753166224,16.85,1.1541095890411,212.45,3.09468317552804,0,-16.0641,4.11759799833194,1.37608385686463,0.451685660266874,1.30108445697626,0.601283991047423,33.3877563865537,51.0347891166449,14.7976986383577,0.969,3.95608738968062,3.43920674799665,0.832442903389189,0.505112958942417
1994-07-14,1.59,404.81,19.65,19.65,1354.72,0.24111385467717877,658.41,27.06629,750.88,3.17552224503765,2.27054970568104,0.715016154973943,0.219528466253919,0.207214753166224,16.85,1.1541095890411,212.45,3.09468317552804,0,-16.0641,4.11759799833194,1.37608385686463,0.451685660266874,1.30108445697626,0.601283991047423,33.3877563865537,51.0347891166449,14.7976986383577,0.969,3.95608738968062,3.43920674799665,0.832442903389189,0.505112958942417
1994-07-15,0.43,355.23,18.1,18.1,1423.45,0.23785555934370337,658.41,27.06629,750.88,3.17552224503765,2.27054970568104,0.715016154973943,0.219528466253919,0.207214753166224,16.85,1.1541095890411,212.45,3.09468317552804,0,-16.0641,4.11759799833194,1.37608385686463,0.451685660266874,1.30108445697626,0.601283991047423,33.3877563865537,51.0347891166449,14.7976986383577,0.969,3.95608738968062,3.43920674799665,0.832442903389189,0.505112958942417
1994-07-16,0.0,515.54,19.71,19.71,1374.7,0.23459726401022798,658.41,27.06629,750.88,3.17552224503765,2.27054970568104,0.715016154973943,0.219528466253919,0.207214753166224,16.85,1.1541095890411,212.45,3.09468317552804,0,-16.0641,4.11759799833194,1.37608385686463,0.451685660266874,1.30108445697626,0.601283991047423,33.3877563865537,51.0347891166449,14.7976986383577,0.969,3.95608738968062,3.43920674799665,0.832442903389189,0.505112958942417
1994-07-17,0.0,506.25,17.65,17.65,1254.33,0.22156408267632643,658.41,27.06629,750.88,3.17552224503765,2.27054970568104,0.715016154973943,0.219528466253919,0.207214753166224,16.85,1.1541095890411,212.45,3.09468317552804,0,-16.0641,4.11759799833194,1.37608385686463,0.451685660266874,1.30108445697626,0.601283991047423,33.3877563865537,51.0347891166449,14.7976986383577,0.969,3.95608738968062,3.43920674799665,0.832442903389189,0.505112958942417
1994-07-18,5.55,388.24,18.87,18.87,1378.95,0.25740533134455573,658.41,27.06629,750.88,3.17552224503765,2.27054970568104,0.715016154973943,0.219528466253919,0.207214753166224,16.85,1.1541095890411,212.45,3.09468317552804,0,-16.0641,4.11759799833194,1.37608385686463,0.451685660266874,1.30108445697626,0.601283991047423,33.3877563865537,51.0347891166449,14.7976986383577,0.969,3.95608738968062,3.43920674799665,0.832442903389189,0.505112958942417
1994-07-19,1.59,445.24,19.73,19.73,1444.27,0.44312816535265287,658.41,27.06629,750.88,3.17552224503765,2.27054970568104,0.715016154973943,0.219528466253919,0.207214753166224,16.85,1.1541095890411,212.45,3.09468317552804,0,-16.0641,4.11759799833194,1.37608385686463,0.451685660266874,1.30108445697626,0.601283991047423,33.3877563865537,51.0347891166449,14.7976986383577,0.969,3.95608738968062,3.43920674799665,0.832442903389189,0.505112958942417
1994-07-20,0.03,524.35,20.3,20.3,1459.3,0.26392192201150644,658.41,27.06629,750.88,3.17552224503765,2.27054970568104,0.715016154973943,0.219528466253919,0.207214753166224,16.85,1.1541095890411,212.45,3.09468317552804,0,-16.0641,4.11759799833194,1.37608385686463,0.451685660266874,1.30108445697626,0.601283991047423,33.3877563865537,51.0347891166449,14.7976986383577,0.969,3.95608738968062,3.43920674799665,0.832442903389189,0.505112958942417
1994-07-21,1.5,392.36,22.3,22.3,1682.19,0.22156408267632643,658.41,27.06629,750.88,3.17552224503765,2.27054970568104,0.715016154973943,0.219528466253919,0.207214753166224,16.85,1.1541095890411,212.45,3.09468317552804,0,-16.0641,4.11759799833194,1.37608385686463,0.451685660266874,1.30108445697626,0.601283991047423,33.3877563865537,51.0347891166449,14.7976986383577,0.969,3.95608738968062,3.43920674799665,0.832442903389189,0.505112958942417
1994-07-22,1.8,356.77,23.69,23.69,1893.67,0.20527260600894948,658.41,27.06629,750.88,3.17552224503765,2.27054970568104,0.715016154973943,0.219528466253919,0.207214753166224,16.85,1.1541095890411,212.45,3.09468317552804,0,-16.0641,4.11759799833194,1.37608385686463,0.451685660266874,1.30108445697626,0.601283991047423,33.3877563865537,51.0347891166449,14.7976986383577,0.969,3.95608738968062,3.43920674799665,0.832442903389189,0.505112958942417
1994-07-23,1.15,323.94,22.65,22.65,1801.22,0.19875601534199872,658.41,27.06629,750.88,3.17552224503765,2.27054970568104,0.715016154973943,0.219528466253919,0.207214753166224,16.85,1.1541095890411,212.45,3.09468317552804,0,-16.0641,4.11759799833194,1.37608385686463,0.451685660266874,1.30108445697626,0.601283991047423,33.3877563865537,51.0347891166449,14.7976986383577,0.969,3.95608738968062,3.43920674799665,0.832442903389189,0.505112958942417
1994-07-24,4.15,390.35,19.52,19.52,1445.37,0.18898112934157255,658.41,27.06629,750.88,3.17552224503765,2.27054970568104,0.715016154973943,0.219528466253919,0.207214753166224,16.85,1.1541095890411,212.45,3.09468317552804,0,-16.0641,4.11759799833194,1.37608385686463,0.451685660266874,1.30108445697626,0.601283991047423,33.3877563865537,51.0347891166449,14.7976986383577,0.969,3.95608738968062,3.43920674799665,0.832442903389189,0.505112958942417
1994-07-25,3.6,391.37,20.13,20.13,1439.39,0.22808067334327722,658.41,27.06629,750.88,3.17552224503765,2.27054970568104,0.715016154973943,0.219528466253919,0.207214753166224,16.85,1.1541095890411,212.45,3.09468317552804,0,-16.0641,4.11759799833194,1.37608385686463,0.451685660266874,1.30108445697626,0.601283991047423,33.3877563865537,51.0347891166449,14.7976986383577,0.969,3.95608738968062,3.43920674799665,0.832442903389189,0.505112958942417
1994-07-26,0.79,430.6,19.17,19.17,1322.42,0.32257123801406345,658.41,27.06629,750.88,3.17552224503765,2.27054970568104,0.715016154973943,0.219528466253919,0.207214753166224,16.85,1.1541095890411,212.45,3.09468317552804,0,-16.0641,4.11759799833194,1.37608385686463,0.451685660266874,1.30108445697626,0.601283991047423,33.3877563865537,51.0347891166449,14.7976986383577,0.969,3.95608738968062,3.43920674799665,0.832442903389189,0.505112958942417
1994-07-27,4.63,408.75,15.81,15.81,1083.23,0.24111385467717877,658.41,27.06629,750.88,3.17552224503765,2.27054970568104,0.715016154973943,0.219528466253919,0.207214753166224,16.85,1.1541095890411,212.45,3.09468317552804,0,-16.0641,4.11759799833194,1.37608385686463,0.451685660266874,1.30108445697626,0.601283991047423,33.3877563865537,51.0347891166449,14.7976986383577,0.969,3.95608738968062,3.43920674799665,0.832442903389189,0.505112958942417
1994-07-28,2.69,430.08,15.75,15.75,1150.91,0.21830578734285105,658.41,27.06629,750.88,3.17552224503765,2.27054970568104,0.715016154973943,0.219528466253919,0.207214753166224,16.85,1.1541095890411,212.45,3.09468317552804,0,-16.0641,4.11759799833194,1.37608385686463,0.451685660266874,1.30108445697626,0.601283991047423,33.3877563865537,51.0347891166449,14.7976986383577,0.969,3.95608738968062,3.43920674799665,0.832442903389189,0.505112958942417
1994-07-29,0.63,337.96,16.93,16.93,1329.24,0.20853090134242488,658.41,27.06629,750.88,3.17552224503765,2.27054970568104,0.715016154973943,0.219528466253919,0.207214753166224,16.85,1.1541095890411,212.45,3.09468317552804,0,-16.0641,4.11759799833194,1.37608385686463,0.451685660266874,1.30108445697626,0.601283991047423,33.3877563865537,51.0347891166449,14.7976986383577,0.969,3.95608738968062,3.43920674799665,0.832442903389189,0.505112958942417
1994-07-30,0.11,442.46,18.68,18.68,1348.01,0.18572283400809714,658.41,27.06629,750.88,3.17552224503765,2.27054970568104,0.715016154973943,0.219528466253919,0.207214753166224,16.85,1.1541095890411,212.45,3.09468317552804,0,-16.0641,4.11759799833194,1.37608385686463,0.451685660266874,1.30108445697626,0.601283991047423,33.3877563865537,51.0347891166449,14.7976986383577,0.969,3.95608738968062,3.43920674799665,0.832442903389189,0.505112958942417
1994-07-31,0.01,482.29,17.46,17.46,1246.91,0.17594794800767097,658.41,27.06629,750.88,3.17552224503765,2.27054970568104,0.715016154973943,0.219528466253919,0.207214753166224,16.85,1.1541095890411,212.45,3.09468317552804,0,-16.0641,4.11759799833194,1.37608385686463,0.451685660266874,1.30108445697626,0.601283991047423,33.3877563865537,51.0347891166449,14.7976986383577,0.969,3.95608738968062,3.43920674799665,0.832442903389189,0.505112958942417
1994-08-01,0.21,519.37,18.51,18.51,1275.51,0.15965647134029404,658.41,27.06629,750.88,3.17552224503765,2.27054970568104,0.715016154973943,0.219528466253919,0.207214753166224,16.85,1.1541095890411,212.45,3.09468317552804,0,-16.0641,4.11759799833194,1.37608385686463,0.451685660266874,1.30108445697626,0.601283991047423,33.3877563865537,51.0347891166449,14.7976986383577,0.969,3.95608738968062,3.43920674799665,0.832442903389189,0.505112958942417
1994-08-02,7.79,391.57,19.08,19.08,1334.39,0.22156408267632643,658.41,27.06629,750.88,3.17552224503765,2.27054970568104,0.715016154973943,0.219528466253919,0.207214753166224,16.85,1.1541095890411,212.45,3.09468317552804,0,-16.0641,4.11759799833194,1.37608385686463,0.451685660266874,1.30108445697626,0.601283991047423,33.3877563865537,51.0347891166449,14.7976986383577,0.969,3.95608738968062,3.43920674799665,0.832442903389189,0.505112958942417
1994-08-03,2.06,473.95,20.01,20.01,1403.11,0.41706180268484977,658.41,27.06629,750.88,3.17552224503765,2.27054970568104,0.715016154973943,0.219528466253919,0.207214753166224,16.85,1.1541095890411,212.45,3.09468317552804,0,-16.0641,4.11759799833194,1.37608385686463,0.451685660266874,1.30108445697626,0.601283991047423,33.3877563865537,51.0347891166449,14.7976986383577,0.969,3.95608738968062,3.43920674799665,0.832442903389189,0.505112958942417
1994-08-04,4.1,362.24,20.05,20.05,1480.07,0.20853090134242488,658.41,27.06629,750.88,3.17552224503765,2.27054970568104,0.715016154973943,0.219528466253919,0.207214753166224,16.85,1.1541095890411,212.45,3.09468317552804,0,-16.0641,4.11759799833194,1.37608385686463,0.451685660266874,1.30108445697626,0.601283991047423,33.3877563865537,51.0347891166449,14.7976986383577,0.969,3.95608738968062,3.43920674799665,0.832442903389189,0.505112958942417
1994-08-05,1.69,372.92,19.39,19.39,1303.83,0.19875601534199872,658.41,27.06629,750.88,3.17552224503765,2.27054970568104,0.715016154973943,0.219528466253919,0.207214753166224,16.85,1.1541095890411,212.45,3.09468317552804,0,-16.0641,4.11759799833194,1.37608385686463,0.451685660266874,1.30108445697626,0.601283991047423,33.3877563865537,51.0347891166449,14.7976986383577,0.969,3.95608738968062,3.43920674799665,0.832442903389189,0.505112958942417
1994-08-06,0.16,528.26,10.41,10.41,752.81,0.1954977200085233,658.41,27.06629,750.88,3.17552224503765,2.27054970568104,0.715016154973943,0.219528466253919,0.207214753166224,16.85,1.1541095890411,212.45,3.09468317552804,0,-16.0641,4.11759799833194,1.37608385686463,0.451685660266874,1.30108445697626,0.601283991047423,33.3877563865537,51.0347891166449,14.7976986383577,0.969,3.95608738968062,3.43920674799665,0.832442903389189,0.505112958942417
1994-08-07,0.0,554.21,10.97,10.97,753.79,0.1694313573407202,658.41,27.06629,750.88,3.17552224503765,2.27054970568104,0.715016154973943,0.219528466253919,0.207214753166224,16.85,1.1541095890411,212.45,3.09468317552804,0,-16.0641,4.11759799833194,1.37608385686463,0.451685660266874,1.30108445697626,0.601283991047423,33.3877563865537,51.0347891166449,14.7976986383577,0.969,3.95608738968062,3.43920674799665,0.832442903389189,0.505112958942417
1994-08-08,0.0,553.96,13.57,13.57,879.25,0.14988158533986787,658.41,27.06629,750.88,3.17552224503765,2.27054970568104,0.715016154973943,0.219528466253919,0.207214753166224,16.85,1.1541095890411,212.45,3.09468317552804,0,-16.0641,4.11759799833194,1.37608385686463,0.451685660266874,1.30108445697626,0.601283991047423,33.3877563865537,51.0347891166449,14.7976986383577,0.969,3.95608738968062,3.43920674799665,0.832442903389189,0.505112958942417
1994-08-09,0.01,488.26,16.98,16.98,1089.78,0.13684840400596632,658.41,27.06629,750.88,3.17552224503765,2.27054970568104,0.715016154973943,0.219528466253919,0.207214753166224,16.85,1.1541095890411,212.45,3.09468317552804,0,-16.0641,4.11759799833194,1.37608385686463,0.451685660266874,1.30108445697626,0.601283991047423,33.3877563865537,51.0347891166449,14.7976986383577,0.969,3.95608738968062,3.43920674799665,0.832442903389189,0.505112958942417
1994-08-10,0.0,483.5,16.31,16.31,1130.47,0.13359010867249094,658.41,27.06629,750.88,3.17552224503765,2.27054970568104,0.715016154973943,0.219528466253919,0.207214753166224,16.85,1.1541095890411,212.45,3.09468317552804,0,-16.0641,4.11759799833194,1.37608385686463,0.451685660266874,1.30108445697626,0.601283991047423,33.3877563865537,51.0347891166449,14.7976986383577,0.969,3.95608738968062,3.43920674799665,0.832442903389189,0.505112958942417
1994-08-11,1.93,341.83,15.66,15.66,1190.45,0.12707351800554018,658.41,27.06629,750.88,3.17552224503765,2.27054970568104,0.715016154973943,0.219528466253919,0.207214753166224,16.85,1.1541095890411,212.45,3.09468317552804,0,-16.0641,4.11759799833194,1.37608385686463,0.451685660266874,1.30108445697626,0.601283991047423,33.3877563865537,51.0347891166449,14.7976986383577,0.969,3.95608738968062,3.43920674799665,0.832442903389189,0.505112958942417
1994-08-12,7.92,226.25,14.45,14.45,1274.19,0.13359010867249094,658.41,27.06629,750.88,3.17552224503765,2.27054970568104,0.715016154973943,0.219528466253919,0.207214753166224,16.85,1.1541095890411,212.45,3.09468317552804,0,-16.0641,4.11759799833194,1.37608385686463,0.451685660266874,1.30108445697626,0.601283991047423,33.3877563865537,51.0347891166449,14.7976986383577,0.969,3.95608738968062,3.43920674799665,0.832442903389189,0.505112958942417
1994-08-13,58.47,363.28,18.4,18.4,1489.23,0.3030214660132111,658.41,27.06629,750.88,3.17552224503765,2.27054970568104,0.715016154973943,0.219528466253919,0.207214753166224,16.85,1.1541095890411,212.45,3.09468317552804,0,-16.0641,4.11759799833194,1.37608385686463,0.451685660266874,1.30108445697626,0.601283991047423,33.3877563865537,51.0347891166449,14.7976986383577,0.969,3.95608738968062,3.43920674799665,0.832442903389189,0.505112958942417
1994-08-14,20.55,218.48,19.24,19.24,1568.76,8.178321287023225,658.41,27.06629,750.88,3.17552224503765,2.27054970568104,0.715016154973943,0.219528466253919,0.207214753166224,16.85,1.1541095890411,212.45,3.09468317552804,0,-16.0641,4.11759799833194,1.37608385686463,0.451685660266874,1.30108445697626,0.601283991047423,33.3877563865537,51.0347891166449,14.7976986383577,0.969,3.95608738968062,3.43920674799665,0.832442903389189,0.505112958942417
1994-08-15,1.49,455.36,13.96,13.96,1072.53,2.2840650287662476,658.41,27.06629,750.88,3.17552224503765,2.27054970568104,0.715016154973943,0.219528466253919,0.207214753166224,16.85,1.1541095890411,212.45,3.09468317552804,0,-16.0641,4.11759799833194,1.37608385686463,0.451685660266874,1.30108445697626,0.601283991047423,33.3877563865537,51.0347891166449,14.7976986383577,0.969,3.95608738968062,3.43920674799665,0.832442903389189,0.505112958942417
1994-08-16,0.0,502.87,12.32,12.32,915.01,1.2642185893884508,658.41,27.06629,750.88,3.17552224503765,2.27054970568104,0.715016154973943,0.219528466253919,0.207214753166224,16.85,1.1541095890411,212.45,3.09468317552804,0,-16.0641,4.11759799833194,1.37608385686463,0.451685660266874,1.30108445697626,0.601283991047423,33.3877563865537,51.0347891166449,14.7976986383577,0.969,3.95608738968062,3.43920674799665,0.832442903389189,0.505112958942417
1994-08-17,40.49,385.61,13.89,13.89,1070.57,1.0752374600468781,658.41,27.06629,750.88,3.17552224503765,2.27054970568104,0.715016154973943,0.219528466253919,0.207214753166224,16.85,1.1541095890411,212.45,3.09468317552804,0,-16.0641,4.11759799833194,1.37608385686463,0.451685660266874,1.30108445697626,0.601283991047423,33.3877563865537,51.0347891166449,14.7976986383577,0.969,3.95608738968062,3.43920674799665,0.832442903389189,0.505112958942417
1994-08-18,12.74,264.49,17.17,17.17,1428.83,12.41410522054123,658.41,27.06629,750.88,3.17552224503765,2.27054970568104,0.715016154973943,0.219528466253919,0.207214753166224,16.85,1.1541095890411,212.45,3.09468317552804,0,-16.0641,4.11759799833194,1.37608385686463,0.451685660266874,1.30108445697626,0.601283991047423,33.3877563865537,51.0347891166449,14.7976986383577,0.969,3.95608738968062,3.43920674799665,0.832442903389189,0.505112958942417
1994-08-19,0.55,447.98,16.95,16.95,1366.84,5.70201683358193,658.41,27.06629,750.88,3.17552224503765,2.27054970568104,0.715016154973943,0.219528466253919,0.207214753166224,16.85,1.1541095890411,212.45,3.09468317552804,0,-16.0641,4.11759799833194,1.37608385686463,0.451685660266874,1.30108445697626,0.601283991047423,33.3877563865537,51.0347891166449,14.7976986383577,0.969,3.95608738968062,3.43920674799665,0.832442903389189,0.505112958942417
1994-08-20,15.48,365.58,18.61,18.61,1439.11,2.8770747794587677,658.41,27.06629,750.88,3.17552224503765,2.27054970568104,0.715016154973943,0.219528466253919,0.207214753166224,16.85,1.1541095890411,212.45,3.09468317552804,0,-16.0641,4.11759799833194,1.37608385686463,0.451685660266874,1.30108445697626,0.601283991047423,33.3877563865537,51.0347891166449,14.7976986383577,0.969,3.95608738968062,3.43920674799665,0.832442903389189,0.505112958942417
1994-08-21,13.06,360.43,19.77,19.77,1520.0,8.30865310036224,658.41,27.06629,750.88,3.17552224503765,2.27054970568104,0.715016154973943,0.219528466253919,0.207214753166224,16.85,1.1541095890411,212.45,3.09468317552804,0,-16.0641,4.11759799833194,1.37608385686463,0.451685660266874,1.30108445697626,0.601283991047423,33.3877563865537,51.0347891166449,14.7976986383577,0.969,3.95608738968062,3.43920674799665,0.832442903389189,0.505112958942417
1994-08-22,2.38,331.96,18.51,18.51,1444.91,5.1155236735563605,658.41,27.06629,750.88,3.17552224503765,2.27054970568104,0.715016154973943,0.219528466253919,0.207214753166224,16.85,1.1541095890411,212.45,3.09468317552804,0,-16.0641,4.11759799833194,1.37608385686463,0.451685660266874,1.30108445697626,0.601283991047423,33.3877563865537,51.0347891166449,14.7976986383577,0.969,3.95608738968062,3.43920674799665,0.832442903389189,0.505112958942417
1994-08-23,0.23,446.43,13.15,13.15,976.51,2.9976317067973577,658.41,27.06629,750.88,3.17552224503765,2.27054970568104,0.715016154973943,0.219528466253919,0.207214753166224,16.85,1.1541095890411,212.45,3.09468317552804,0,-16.0641,4.11759799833194,1.37608385686463,0.451685660266874,1.30108445697626,0.601283991047423,33.3877563865537,51.0347891166449,14.7976986383577,0.969,3.95608738968062,3.43920674799665,0.832442903389189,0.505112958942417
1994-08-24,2.1,397.86,12.84,12.84,905.09,2.17654128276156,658.41,27.06629,750.88,3.17552224503765,2.27054970568104,0.715016154973943,0.219528466253919,0.207214753166224,16.85,1.1541095890411,212.45,3.09468317552804,0,-16.0641,4.11759799833194,1.37608385686463,0.451685660266874,1.30108445697626,0.601283991047423,33.3877563865537,51.0347891166449,14.7976986383577,0.969,3.95608738968062,3.43920674799665,0.832442903389189,0.505112958942417
1994-08-25,5.75,392.94,14.55,14.55,1037.23,2.231932303430641,658.41,27.06629,750.88,3.17552224503765,2.27054970568104,0.715016154973943,0.219528466253919,0.207214753166224,16.85,1.1541095890411,212.45,3.09468317552804,0,-16.0641,4.11759799833194,1.37608385686463,0.451685660266874,1.30108445697626,0.601283991047423,33.3877563865537,51.0347891166449,14.7976986383577,0.969,3.95608738968062,3.43920674799665,0.832442903389189,0.505112958942417
1994-08-26,1.49,457.81,18.53,18.53,1425.44,2.257998666098444,658.41,27.06629,750.88,3.17552224503765,2.27054970568104,0.715016154973943,0.219528466253919,0.207214753166224,16.85,1.1541095890411,212.45,3.09468317552804,0,-16.0641,4.11759799833194,1.37608385686463,0.451685660266874,1.30108445697626,0.601283991047423,33.3877563865537,51.0347891166449,14.7976986383577,0.969,3.95608738968062,3.43920674799665,0.832442903389189,0.505112958942417
1994-08-27,2.19,322.64,20.51,20.51,1661.24,1.6552140294054976,658.41,27.06629,750.88,3.17552224503765,2.27054970568104,0.715016154973943,0.219528466253919,0.207214753166224,16.85,1.1541095890411,212.45,3.09468317552804,0,-16.0641,4.11759799833194,1.37608385686463,0.451685660266874,1.30108445697626,0.601283991047423,33.3877563865537,51.0347891166449,14.7976986383577,0.969,3.95608738968062,3.43920674799665,0.832442903389189,0.505112958942417
1994-08-28,10.96,323.53,19.5,19.5,1504.91,1.668247210739399,658.41,27.06629,750.88,3.17552224503765,2.27054970568104,0.715016154973943,0.219528466253919,0.207214753166224,16.85,1.1541095890411,212.45,3.09468317552804,0,-16.0641,4.11759799833194,1.37608385686463,0.451685660266874,1.30108445697626,0.601283991047423,33.3877563865537,51.0347891166449,14.7976986383577,0.969,3.95608738968062,3.43920674799665,0.832442903389189,0.505112958942417
1994-08-29,2.74,494.24,16.16,16.16,1104.64,2.0527260600894945,658.41,27.06629,750.88,3.17552224503765,2.27054970568104,0.715016154973943,0.219528466253919,0.207214753166224,16.85,1.1541095890411,212.45,3.09468317552804,0,-16.0641,4.11759799833194,1.37608385686463,0.451685660266874,1.30108445697626,0.601283991047423,33.3877563865537,51.0347891166449,14.7976986383577,0.969,3.95608738968062,3.43920674799665,0.832442903389189,0.505112958942417
1994-08-30,1.01,373.55,12.75,12.75,908.23,1.3130930193905817,658.41,27.06629,750.88,3.17552224503765,2.27054970568104,0.715016154973943,0.219528466253919,0.207214753166224,16.85,1.1541095890411,212.45,3.09468317552804,0,-16.0641,4.11759799833194,1.37608385686463,0.451685660266874,1.30108445697626,0.601283991047423,33.3877563865537,51.0347891166449,14.7976986383577,0.969,3.95608738968062,3.43920674799665,0.832442903389189,0.505112958942417
1994-08-31,0.36,416.29,12.66,12.66,962.15,1.1534365480502875,658.41,27.06629,750.88,3.17552224503765,2.27054970568104,0.715016154973943,0.219528466253919,0.207214753166224,16.85,1.1541095890411,212.45,3.09468317552804,0,-16.0641,4.11759799833194,1.37608385686463,0.451685660266874,1.30108445697626,0.601283991047423,33.3877563865537,51.0347891166449,14.7976986383577,0.969,3.95608738968062,3.43920674799665,0.832442903389189,0.505112958942417
1994-09-01,0.02,405.31,15.16,15.16,1135.7,1.0622042787129766,658.41,27.06629,750.88,3.17552224503765,2.27054970568104,0.715016154973943,0.219528466253919,0.207214753166224,16.85,1.1541095890411,212.45,3.09468317552804,0,-16.0641,4.11759799833194,1.37608385686463,0.451685660266874,1.30108445697626,0.601283991047423,33.3877563865537,51.0347891166449,14.7976986383577,0.969,3.95608738968062,3.43920674799665,0.832442903389189,0.505112958942417
1994-09-02,0.0,487.32,11.81,11.81,867.64,0.8960312167057319,658.41,27.06629,750.88,3.17552224503765,2.27054970568104,0.715016154973943,0.219528466253919,0.207214753166224,16.85,1.1541095890411,212.45,3.09468317552804,0,-16.0641,4.11759799833194,1.37608385686463,0.451685660266874,1.30108445697626,0.601283991047423,33.3877563865537,51.0347891166449,14.7976986383577,0.969,3.95608738968062,3.43920674799665,0.832442903389189,0.505112958942417
1994-09-03,0.0,493.42,9.91,9.91,754.98,0.7885074707010441,658.41,27.06629,750.88,3.17552224503765,2.27054970568104,0.715016154973943,0.219528466253919,0.207214753166224,16.85,1.1541095890411,212.45,3.09468317552804,0,-16.0641,4.11759799833194,1.37608385686463,0.451685660266874,1.30108445697626,0.601283991047423,33.3877563865537,51.0347891166449,14.7976986383577,0.969,3.95608738968062,3.43920674799665,0.832442903389189,0.505112958942417
1994-09-04,0.0,499.97,10.55,10.55,756.22,0.7005334966972085,658.41,27.06629,750.88,3.17552224503765,2.27054970568104,0.715016154973943,0.219528466253919,0.207214753166224,16.85,1.1541095890411,212.45,3.09468317552804,0,-16.0641,4.11759799833194,1.37608385686463,0.451685660266874,1.30108445697626,0.601283991047423,33.3877563865537,51.0347891166449,14.7976986383577,0.969,3.95608738968062,3.43920674799665,0.832442903389189,0.505112958942417
1994-09-05,0.0,506.23,10.06,10.06,705.48,0.62885099936075,658.41,27.06629,750.88,3.17552224503765,2.27054970568104,0.715016154973943,0.219528466253919,0.207214753166224,16.85,1.1541095890411,212.45,3.09468317552804,0,-16.0641,4.11759799833194,1.37608385686463,0.451685660266874,1.30108445697626,0.601283991047423,33.3877563865537,51.0347891166449,14.7976986383577,0.969,3.95608738968062,3.43920674799665,0.832442903389189,0.505112958942417
1994-09-06,0.44,409.91,9.84,9.84,701.72,0.5734599786916684,658.41,27.06629,750.88,3.17552224503765,2.27054970568104,0.715016154973943,0.219528466253919,0.207214753166224,16.85,1.1541095890411,212.45,3.09468317552804,0,-16.0641,4.11759799833194,1.37608385686463,0.451685660266874,1.30108445697626,0.601283991047423,33.3877563865537,51.0347891166449,14.7976986383577,0.969,3.95608738968062,3.43920674799665,0.832442903389189,0.505112958942417
1994-09-07,0.12,499.36,10.82,10.82,770.43,0.5311021393564883,658.41,27.06629,750.88,3.17552224503765,2.27054970568104,0.715016154973943,0.219528466253919,0.207214753166224,16.85,1.1541095890411,212.45,3.09468317552804,0,-16.0641,4.11759799833194,1.37608385686463,0.451685660266874,1.30108445697626,0.601283991047423,33.3877563865537,51.0347891166449,14.7976986383577,0.969,3.95608738968062,3.43920674799665,0.832442903389189,0.505112958942417
1994-09-08,2.65,352.0,12.37,12.37,925.77,0.4789694140208821,658.41,27.06629,750.88,3.17552224503765,2.27054970568104,0.715016154973943,0.219528466253919,0.207214753166224,16.85,1.1541095890411,212.45,3.09468317552804,0,-16.0641,4.11759799833194,1.37608385686463,0.451685660266874,1.30108445697626,0.601283991047423,33.3877563865537,51.0347891166449,14.7976986383577,0.969,3.95608738968062,3.43920674799665,0.832442903389189,0.505112958942417
1994-09-09,1.45,357.33,14.22,14.22,975.47,0.4463864606861282,658.41,27.06629,750.88,3.17552224503765,2.27054970568104,0.715016154973943,0.219528466253919,0.207214753166224,16.85,1.1541095890411,212.45,3.09468317552804,0,-16.0641,4.11759799833194,1.37608385686463,0.451685660266874,1.30108445697626,0.601283991047423,33.3877563865537,51.0347891166449,14.7976986383577,0.969,3.95608738968062,3.43920674799665,0.832442903389189,0.505112958942417
1994-09-10,0.2,494.91,12.67,12.67,798.11,0.4300949840187513,658.41,27.06629,750.88,3.17552224503765,2.27054970568104,0.715016154973943,0.219528466253919,0.207214753166224,16.85,1.1541095890411,212.45,3.09468317552804,0,-16.0641,4.11759799833194,1.37608385686463,0.451685660266874,1.30108445697626,0.601283991047423,33.3877563865537,51.0347891166449,14.7976986383577,0.969,3.95608738968062,3.43920674799665,0.832442903389189,0.505112958942417
1994-09-11,0.0,478.01,9.84,9.84,705.45,0.38122055401662047,658.41,27.06629,750.88,3.17552224503765,2.27054970568104,0.715016154973943,0.219528466253919,0.207214753166224,16.85,1.1541095890411,212.45,3.09468317552804,0,-16.0641,4.11759799833194,1.37608385686463,0.451685660266874,1.30108445697626,0.601283991047423,33.3877563865537,51.0347891166449,14.7976986383577,0.969,3.95608738968062,3.43920674799665,0.832442903389189,0.505112958942417
1994-09-12,0.0,470.85,9.45,9.45,723.86,0.35841248668229275,658.41,27.06629,750.88,3.17552224503765,2.27054970568104,0.715016154973943,0.219528466253919,0.207214753166224,16.85,1.1541095890411,212.45,3.09468317552804,0,-16.0641,4.11759799833194,1.37608385686463,0.451685660266874,1.30108445697626,0.601283991047423,33.3877563865537,51.0347891166449,14.7976986383577,0.969,3.95608738968062,3.43920674799665,0.832442903389189,0.505112958942417
1994-09-13,0.0,477.54,11.92,11.92,820.98,0.33560441934796503,658.41,27.06629,750.88,3.17552224503765,2.27054970568104,0.715016154973943,0.219528466253919,0.207214753166224,16.85,1.1541095890411,212.45,3.09468317552804,0,-16.0641,4.11759799833194,1.37608385686463,0.451685660266874,1.30108445697626,0.601283991047423,33.3877563865537,51.0347891166449,14.7976986383577,0.969,3.95608738968062,3.43920674799665,0.832442903389189,0.505112958942417
1994-09-14,0.63,354.86,15.33,15.33,1057.21,0.3127963520136373,658.41,27.06629,750.88,3.17552224503765,2.27054970568104,0.715016154973943,0.219528466253919,0.207214753166224,16.85,1.1541095890411,212.45,3.09468317552804,0,-16.0641,4.11759799833194,1.37608385686463,0.451685660266874,1.30108445697626,0.601283991047423,33.3877563865537,51.0347891166449,14.7976986383577,0.969,3.95608738968062,3.43920674799665,0.832442903389189,0.505112958942417
1994-09-15,0.17,289.18,18.0,18.0,1460.04,0.30627976134668655,658.41,27.06629,750.88,3.17552224503765,2.27054970568104,0.715016154973943,0.219528466253919,0.207214753166224,16.85,1.1541095890411,212.45,3.09468317552804,0,-16.0641,4.11759799833194,1.37608385686463,0.451685660266874,1.30108445697626,0.601283991047423,33.3877563865537,51.0347891166449,14.7976986383577,0.969,3.95608738968062,3.43920674799665,0.832442903389189,0.505112958942417
1994-09-16,0.04,348.59,18.52,18.52,1517.59,0.29650487534626035,658.41,27.06629,750.88,3.17552224503765,2.27054970568104,0.715016154973943,0.219528466253919,0.207214753166224,16.85,1.1541095890411,212.45,3.09468317552804,0,-16.0641,4.11759799833194,1.37608385686463,0.451685660266874,1.30108445697626,0.601283991047423,33.3877563865537,51.0347891166449,14.7976986383577,0.969,3.95608738968062,3.43920674799665,0.832442903389189,0.505112958942417
1994-09-17,3.68,310.44,19.42,19.42,1414.52,0.27369680801193264,658.41,27.06629,750.88,3.17552224503765,2.27054970568104,0.715016154973943,0.219528466253919,0.207214753166224,16.85,1.1541095890411,212.45,3.09468317552804,0,-16.0641,4.11759799833194,1.37608385686463,0.451685660266874,1.30108445697626,0.601283991047423,33.3877563865537,51.0347891166449,14.7976986383577,0.969,3.95608738968062,3.43920674799665,0.832442903389189,0.505112958942417
1994-09-18,1.01,423.01,13.46,13.46,947.76,0.2802133986788834,658.41,27.06629,750.88,3.17552224503765,2.27054970568104,0.715016154973943,0.219528466253919,0.207214753166224,16.85,1.1541095890411,212.45,3.09468317552804,0,-16.0641,4.11759799833194,1.37608385686463,0.451685660266874,1.30108445697626,0.601283991047423,33.3877563865537,51.0347891166449,14.7976986383577,0.969,3.95608738968062,3.43920674799665,0.832442903389189,0.505112958942417
1994-09-19,0.01,437.16,11.26,11.26,808.13,0.2671802173449819,658.41,27.06629,750.88,3.17552224503765,2.27054970568104,0.715016154973943,0.219528466253919,0.207214753166224,16.85,1.1541095890411,212.45,3.09468317552804,0,-16.0641,4.11759799833194,1.37608385686463,0.451685660266874,1.30108445697626,0.601283991047423,33.3877563865537,51.0347891166449,14.7976986383577,0.969,3.95608738968062,3.43920674799665,0.832442903389189,0.505112958942417
1994-09-20,0.0,455.92,10.03,10.03,729.5,0.23459726401022798,658.41,27.06629,750.88,3.17552224503765,2.27054970568104,0.715016154973943,0.219528466253919,0.207214753166224,16.85,1.1541095890411,212.45,3.09468317552804,0,-16.0641,4.11759799833194,1.37608385686463,0.451685660266874,1.30108445697626,0.601283991047423,33.3877563865537,51.0347891166449,14.7976986383577,0.969,3.95608738968062,3.43920674799665,0.832442903389189,0.505112958942417
1994-09-21,0.07,454.95,11.75,11.75,780.95,0.21830578734285105,658.41,27.06629,750.88,3.17552224503765,2.27054970568104,0.715016154973943,0.219528466253919,0.207214753166224,16.85,1.1541095890411,212.45,3.09468317552804,0,-16.0641,4.11759799833194,1.37608385686463,0.451685660266874,1.30108445697626,0.601283991047423,33.3877563865537,51.0347891166449,14.7976986383577,0.969,3.95608738968062,3.43920674799665,0.832442903389189,0.505112958942417
1994-09-22,4.1,339.85,14.15,14.15,902.94,0.20853090134242488,658.41,27.06629,750.88,3.17552224503765,2.27054970568104,0.715016154973943,0.219528466253919,0.207214753166224,16.85,1.1541095890411,212.45,3.09468317552804,0,-16.0641,4.11759799833194,1.37608385686463,0.451685660266874,1.30108445697626,0.601283991047423,33.3877563865537,51.0347891166449,14.7976986383577,0.969,3.95608738968062,3.43920674799665,0.832442903389189,0.505112958942417
1994-09-23,1.76,307.99,14.08,14.08,1004.32,0.21504749200937565,658.41,27.06629,750.88,3.17552224503765,2.27054970568104,0.715016154973943,0.219528466253919,0.207214753166224,16.85,1.1541095890411,212.45,3.09468317552804,0,-16.0641,4.11759799833194,1.37608385686463,0.451685660266874,1.30108445697626,0.601283991047423,33.3877563865537,51.0347891166449,14.7976986383577,0.969,3.95608738968062,3.43920674799665,0.832442903389189,0.505112958942417
1994-09-24,0.47,182.9,12.69,12.69,1114.82,0.2606636266780311,658.41,27.06629,750.88,3.17552224503765,2.27054970568104,0.715016154973943,0.219528466253919,0.207214753166224,16.85,1.1541095890411,212.45,3.09468317552804,0,-16.0641,4.11759799833194,1.37608385686463,0.451685660266874,1.30108445697626,0.601283991047423,33.3877563865537,51.0347891166449,14.7976986383577,0.969,3.95608738968062,3.43920674799665,0.832442903389189,0.505112958942417
1994-09-25,1.5,205.93,12.74,12.74,1171.23,0.2313389686767526,658.41,27.06629,750.88,3.17552224503765,2.27054970568104,0.715016154973943,0.219528466253919,0.207214753166224,16.85,1.1541095890411,212.45,3.09468317552804,0,-16.0641,4.11759799833194,1.37608385686463,0.451685660266874,1.30108445697626,0.601283991047423,33.3877563865537,51.0347891166449,14.7976986383577,0.969,3.95608738968062,3.43920674799665,0.832442903389189,0.505112958942417
1994-09-26,14.07,249.74,15.0,15.0,1283.18,0.24437215001065415,658.41,27.06629,750.88,3.17552224503765,2.27054970568104,0.715016154973943,0.219528466253919,0.207214753166224,16.85,1.1541095890411,212.45,3.09468317552804,0,-16.0641,4.11759799833194,1.37608385686463,0.451685660266874,1.30108445697626,0.601283991047423,33.3877563865537,51.0347891166449,14.7976986383577,0.969,3.95608738968062,3.43920674799665,0.832442903389189,0.505112958942417
1994-09-27,4.38,215.6,16.14,16.14,1332.62,0.4007703260174728,658.41,27.06629,750.88,3.17552224503765,2.27054970568104,0.715016154973943,0.219528466253919,0.207214753166224,16.85,1.1541095890411,212.45,3.09468317552804,0,-16.0641,4.11759799833194,1.37608385686463,0.451685660266874,1.30108445697626,0.601283991047423,33.3877563865537,51.0347891166449,14.7976986383577,0.969,3.95608738968062,3.43920674799665,0.832442903389189,0.505112958942417
1994-09-28,8.24,291.06,13.95,13.95,1065.0,0.29650487534626035,658.41,27.06629,750.88,3.17552224503765,2.27054970568104,0.715016154973943,0.219528466253919,0.207214753166224,16.85,1.1541095890411,212.45,3.09468317552804,0,-16.0641,4.11759799833194,1.37608385686463,0.451685660266874,1.30108445697626,0.601283991047423,33.3877563865537,51.0347891166449,14.7976986383577,0.969,3.95608738968062,3.43920674799665,0.832442903389189,0.505112958942417
1994-09-29,3.88,209.35,10.22,10.22,884.2,0.33234612401448965,658.41,27.06629,750.88,3.17552224503765,2.27054970568104,0.715016154973943,0.219528466253919,0.207214753166224,16.85,1.1541095890411,212.45,3.09468317552804,0,-16.0641,4.11759799833194,1.37608385686463,0.451685660266874,1.30108445697626,0.601283991047423,33.3877563865537,51.0347891166449,14.7976986383577,0.969,3.95608738968062,3.43920674799665,0.832442903389189,0.505112958942417
1994-09-30,2.73,252.54,7.26,7.26,754.84,0.30953805668016193,658.41,27.06629,750.88,3.17552224503765,2.27054970568104,0.715016154973943,0.219528466253919,0.207214753166224,16.85,1.1541095890411,212.45,3.09468317552804,0,-16.0641,4.11759799833194,1.37608385686463,0.451685660266874,1.30108445697626,0.601283991047423,33.3877563865537,51.0347891166449,14.7976986383577,0.969,3.95608738968062,3.43920674799665,0.832442903389189,0.505112958942417
1994-10-01,10.43,282.23,8.63,8.63,755.07,0.42683668868527586,658.41,27.06629,750.88,3.17552224503765,2.27054970568104,0.715016154973943,0.219528466253919,0.207214753166224,16.85,1.1541095890411,212.45,3.09468317552804,0,-16.0641,4.11759799833194,1.37608385686463,0.451685660266874,1.30108445697626,0.601283991047423,33.3877563865537,51.0347891166449,14.7976986383577,0.969,3.95608738968062,3.43920674799665,0.832442903389189,0.505112958942417
1994-10-02,2.59,375.37,6.54,6.54,622.42,0.729858154698487,658.41,27.06629,750.88,3.17552224503765,2.27054970568104,0.715016154973943,0.219528466253919,0.207214753166224,16.85,1.1541095890411,212.45,3.09468317552804,0,-16.0641,4.11759799833194,1.37608385686463,0.451685660266874,1.30108445697626,0.601283991047423,33.3877563865537,51.0347891166449,14.7976986383577,0.969,3.95608738968062,3.43920674799665,0.832442903389189,0.505112958942417
1994-10-03,0.03,390.53,4.33,4.33,489.08,0.39425373535052205,658.41,27.06629,750.88,3.17552224503765,2.27054970568104,0.715016154973943,0.219528466253919,0.207214753166224,16.85,1.1541095890411,212.45,3.09468317552804,0,-16.0641,4.11759799833194,1.37608385686463,0.451685660266874,1.30108445697626,0.601283991047423,33.3877563865537,51.0347891166449,14.7976986383577,0.969,3.95608738968062,3.43920674799665,0.832442903389189,0.505112958942417
1994-10-04,0.1,329.75,4.82,4.82,525.16,0.3258295333475389,658.41,27.06629,750.88,3.17552224503765,2.27054970568104,0.715016154973943,0.219528466253919,0.207214753166224,16.85,1.1541095890411,212.45,3.09468317552804,0,-16.0641,4.11759799833194,1.37608385686463,0.451685660266874,1.30108445697626,0.601283991047423,33.3877563865537,51.0347891166449,14.7976986383577,0.969,3.95608738968062,3.43920674799665,0.832442903389189,0.505112958942417
1994-10-05,0.02,323.96,5.2,5.2,600.12,0.29650487534626035,658.41,27.06629,750.88,3.17552224503765,2.27054970568104,0.715016154973943,0.219528466253919,0.207214753166224,16.85,1.1541095890411,212.45,3.09468317552804,0,-16.0641,4.11759799833194,1.37608385686463,0.451685660266874,1.30108445697626,0.601283991047423,33.3877563865537,51.0347891166449,14.7976986383577,0.969,3.95608738968062,3.43920674799665,0.832442903389189,0.505112958942417
1994-10-06,0.0,348.22,4.34,4.34,585.83,0.2802133986788834,658.41,27.06629,750.88,3.17552224503765,2.27054970568104,0.715016154973943,0.219528466253919,0.207214753166224,16.85,1.1541095890411,212.45,3.09468317552804,0,-16.0641,4.11759799833194,1.37608385686463,0.451685660266874,1.30108445697626,0.601283991047423,33.3877563865537,51.0347891166449,14.7976986383577,0.969,3.95608738968062,3.43920674799665,0.832442903389189,0.505112958942417
1994-10-07,0.0,400.3,7.18,7.18,658.42,0.2606636266780311,658.41,27.06629,750.88,3.17552224503765,2.27054970568104,0.715016154973943,0.219528466253919,0.207214753166224,16.85,1.1541095890411,212.45,3.09468317552804,0,-16.0641,4.11759799833194,1.37608385686463,0.451685660266874,1.30108445697626,0.601283991047423,33.3877563865537,51.0347891166449,14.7976986383577,0.969,3.95608738968062,3.43920674799665,0.832442903389189,0.505112958942417
1994-10-08,0.54,308.38,11.35,11.35,818.42,0.24111385467717877,658.41,27.06629,750.88,3.17552224503765,2.27054970568104,0.715016154973943,0.219528466253919,0.207214753166224,16.85,1.1541095890411,212.45,3.09468317552804,0,-16.0641,4.11759799833194,1.37608385686463,0.451685660266874,1.30108445697626,0.601283991047423,33.3877563865537,51.0347891166449,14.7976986383577,0.969,3.95608738968062,3.43920674799665,0.832442903389189,0.505112958942417
1994-10-09,1.79,289.65,14.03,14.03,905.84,0.23459726401022798,658.41,27.06629,750.88,3.17552224503765,2.27054970568104,0.715016154973943,0.219528466253919,0.207214753166224,16.85,1.1541095890411,212.45,3.09468317552804,0,-16.0641,4.11759799833194,1.37608385686463,0.451685660266874,1.30108445697626,0.601283991047423,33.3877563865537,51.0347891166449,14.7976986383577,0.969,3.95608738968062,3.43920674799665,0.832442903389189,0.505112958942417
1994-10-10,0.43,384.85,8.43,8.43,630.51,0.23459726401022798,658.41,27.06629,750.88,3.17552224503765,2.27054970568104,0.715016154973943,0.219528466253919,0.207214753166224,16.85,1.1541095890411,212.45,3.09468317552804,0,-16.0641,4.11759799833194,1.37608385686463,0.451685660266874,1.30108445697626,0.601283991047423,33.3877563865537,51.0347891166449,14.7976986383577,0.969,3.95608738968062,3.43920674799665,0.832442903389189,0.505112958942417
1994-10-11,0.0,385.75,3.24,3.24,447.85,0.21504749200937565,658.41,27.06629,750.88,3.17552224503765,2.27054970568104,0.715016154973943,0.219528466253919,0.207214753166224,16.85,1.1541095890411,212.45,3.09468317552804,0,-16.0641,4.11759799833194,1.37608385686463,0.451685660266874,1.30108445697626,0.601283991047423,33.3877563865537,51.0347891166449,14.7976986383577,0.969,3.95608738968062,3.43920674799665,0.832442903389189,0.505112958942417
1994-10-12,0.0,398.32,3.32,3.32,434.76,0.19875601534199872,658.41,27.06629,750.88,3.17552224503765,2.27054970568104,0.715016154973943,0.219528466253919,0.207214753166224,16.85,1.1541095890411,212.45,3.09468317552804,0,-16.0641,4.11759799833194,1.37608385686463,0.451685660266874,1.30108445697626,0.601283991047423,33.3877563865537,51.0347891166449,14.7976986383577,0.969,3.95608738968062,3.43920674799665,0.832442903389189,0.505112958942417
1994-10-13,0.0,397.08,6.06,6.06,493.63,0.19875601534199872,658.41,27.06629,750.88,3.17552224503765,2.27054970568104,0.715016154973943,0.219528466253919,0.207214753166224,16.85,1.1541095890411,212.45,3.09468317552804,0,-16.0641,4.11759799833194,1.37608385686463,0.451685660266874,1.30108445697626,0.601283991047423,33.3877563865537,51.0347891166449,14.7976986383577,0.969,3.95608738968062,3.43920674799665,0.832442903389189,0.505112958942417
1994-10-14,0.0,387.75,7.77,7.77,566.95,0.19875601534199872,658.41,27.06629,750.88,3.17552224503765,2.27054970568104,0.715016154973943,0.219528466253919,0.207214753166224,16.85,1.1541095890411,212.45,3.09468317552804,0,-16.0641,4.11759799833194,1.37608385686463,0.451685660266874,1.30108445697626,0.601283991047423,33.3877563865537,51.0347891166449,14.7976986383577,0.969,3.95608738968062,3.43920674799665,0.832442903389189,0.505112958942417
1994-10-15,0.0,379.15,7.13,7.13,551.65,0.19223942467504793,658.41,27.06629,750.88,3.17552224503765,2.27054970568104,0.715016154973943,0.219528466253919,0.207214753166224,16.85,1.1541095890411,212.45,3.09468317552804,0,-16.0641,4.11759799833194,1.37608385686463,0.451685660266874,1.30108445697626,0.601283991047423,33.3877563865537,51.0347891166449,14.7976986383577,0.969,3.95608738968062,3.43920674799665,0.832442903389189,0.505112958942417
1994-10-16,0.0,388.32,6.21,6.21,473.1,0.18246453867462176,658.41,27.06629,750.88,3.17552224503765,2.27054970568104,0.715016154973943,0.219528466253919,0.207214753166224,16.85,1.1541095890411,212.45,3.09468317552804,0,-16.0641,4.11759799833194,1.37608385686463,0.451685660266874,1.30108445697626,0.601283991047423,33.3877563865537,51.0347891166449,14.7976986383577,0.969,3.95608738968062,3.43920674799665,0.832442903389189,0.505112958942417
1994-10-17,0.0,378.41,5.65,5.65,451.7,0.18246453867462176,658.41,27.06629,750.88,3.17552224503765,2.27054970568104,0.715016154973943,0.219528466253919,0.207214753166224,16.85,1.1541095890411,212.45,3.09468317552804,0,-16.0641,4.11759799833194,1.37608385686463,0.451685660266874,1.30108445697626,0.601283991047423,33.3877563865537,51.0347891166449,14.7976986383577,0.969,3.95608738968062,3.43920674799665,0.832442903389189,0.505112958942417
1994-10-18,0.0,381.16,7.22,7.22,526.49,0.17920624334114638,658.41,27.06629,750.88,3.17552224503765,2.27054970568104,0.715016154973943,0.219528466253919,0.207214753166224,16.85,1.1541095890411,212.45,3.09468317552804,0,-16.0641,4.11759799833194,1.37608385686463,0.451685660266874,1.30108445697626,0.601283991047423,33.3877563865537,51.0347891166449,14.7976986383577,0.969,3.95608738968062,3.43920674799665,0.832442903389189,0.505112958942417
1994-10-19,1.81,271.43,11.95,11.95,760.35,0.18246453867462176,658.41,27.06629,750.88,3.17552224503765,2.27054970568104,0.715016154973943,0.219528466253919,0.207214753166224,16.85,1.1541095890411,212.45,3.09468317552804,0,-16.0641,4.11759799833194,1.37608385686463,0.451685660266874,1.30108445697626,0.601283991047423,33.3877563865537,51.0347891166449,14.7976986383577,0.969,3.95608738968062,3.43920674799665,0.832442903389189,0.505112958942417
1994-10-20,0.48,280.96,9.92,9.92,810.29,0.18246453867462176,658.41,27.06629,750.88,3.17552224503765,2.27054970568104,0.715016154973943,0.219528466253919,0.207214753166224,16.85,1.1541095890411,212.45,3.09468317552804,0,-16.0641,4.11759799833194,1.37608385686463,0.451685660266874,1.30108445697626,0.601283991047423,33.3877563865537,51.0347891166449,14.7976986383577,0.969,3.95608738968062,3.43920674799665,0.832442903389189,0.505112958942417
1994-10-21,0.0,337.58,10.87,10.87,818.89,0.18246453867462176,658.41,27.06629,750.88,3.17552224503765,2.27054970568104,0.715016154973943,0.219528466253919,0.207214753166224,16.85,1.1541095890411,212.45,3.09468317552804,0,-16.0641,4.11759799833194,1.37608385686463,0.451685660266874,1.30108445697626,0.601283991047423,33.3877563865537,51.0347891166449,14.7976986383577,0.969,3.95608738968062,3.43920674799665,0.832442903389189,0.505112958942417
1994-10-22,0.0,297.01,7.99,7.99,691.57,0.18246453867462176,658.41,27.06629,750.88,3.17552224503765,2.27054970568104,0.715016154973943,0.219528466253919,0.207214753166224,16.85,1.1541095890411,212.45,3.09468317552804,0,-16.0641,4.11759799833194,1.37608385686463,0.451685660266874,1.30108445697626,0.601283991047423,33.3877563865537,51.0347891166449,14.7976986383577,0.969,3.95608738968062,3.43920674799665,0.832442903389189,0.505112958942417
1994-10-23,0.0,341.83,6.03,6.03,573.74,0.18246453867462176,658.41,27.06629,750.88,3.17552224503765,2.27054970568104,0.715016154973943,0.219528466253919,0.207214753166224,16.85,1.1541095890411,212.45,3.09468317552804,0,-16.0641,4.11759799833194,1.37608385686463,0.451685660266874,1.30108445697626,0.601283991047423,33.3877563865537,51.0347891166449,14.7976986383577,0.969,3.95608738968062,3.43920674799665,0.832442903389189,0.505112958942417
1994-10-24,1.16,265.32,6.75,6.75,527.56,0.1726896526741956,658.41,27.06629,750.88,3.17552224503765,2.27054970568104,0.715016154973943,0.219528466253919,0.207214753166224,16.85,1.1541095890411,212.45,3.09468317552804,0,-16.0641,4.11759799833194,1.37608385686463,0.451685660266874,1.30108445697626,0.601283991047423,33.3877563865537,51.0347891166449,14.7976986383577,0.969,3.95608738968062,3.43920674799665,0.832442903389189,0.505112958942417
1994-10-25,0.32,296.02,6.36,6.36,573.2,0.16617306200724483,658.41,27.06629,750.88,3.17552224503765,2.27054970568104,0.715016154973943,0.219528466253919,0.207214753166224,16.85,1.1541095890411,212.45,3.09468317552804,0,-16.0641,4.11759799833194,1.37608385686463,0.451685660266874,1.30108445697626,0.601283991047423,33.3877563865537,51.0347891166449,14.7976986383577,0.969,3.95608738968062,3.43920674799665,0.832442903389189,0.505112958942417
1994-10-26,0.27,158.02,5.19,5.19,628.88,0.16617306200724483,658.41,27.06629,750.88,3.17552224503765,2.27054970568104,0.715016154973943,0.219528466253919,0.207214753166224,16.85,1.1541095890411,212.45,3.09468317552804,0,-16.0641,4.11759799833194,1.37608385686463,0.451685660266874,1.30108445697626,0.601283991047423,33.3877563865537,51.0347891166449,14.7976986383577,0.969,3.95608738968062,3.43920674799665,0.832442903389189,0.505112958942417
1994-10-27,0.1,271.08,3.47,3.47,538.43,0.16617306200724483,658.41,27.06629,750.88,3.17552224503765,2.27054970568104,0.715016154973943,0.219528466253919,0.207214753166224,16.85,1.1541095890411,212.45,3.09468317552804,0,-16.0641,4.11759799833194,1.37608385686463,0.451685660266874,1.30108445697626,0.601283991047423,33.3877563865537,51.0347891166449,14.7976986383577,0.969,3.95608738968062,3.43920674799665,0.832442903389189,0.505112958942417
1994-10-28,0.01,305.45,2.81,2.81,478.33,0.16617306200724483,658.41,27.06629,750.88,3.17552224503765,2.27054970568104,0.715016154973943,0.219528466253919,0.207214753166224,16.85,1.1541095890411,212.45,3.09468317552804,0,-16.0641,4.11759799833194,1.37608385686463,0.451685660266874,1.30108445697626,0.601283991047423,33.3877563865537,51.0347891166449,14.7976986383577,0.969,3.95608738968062,3.43920674799665,0.832442903389189,0.505112958942417
1994-10-29,0.0,334.89,4.84,4.84,508.96,0.15965647134029404,658.41,27.06629,750.88,3.17552224503765,2.27054970568104,0.715016154973943,0.219528466253919,0.207214753166224,16.85,1.1541095890411,212.45,3.09468317552804,0,-16.0641,4.11759799833194,1.37608385686463,0.451685660266874,1.30108445697626,0.601283991047423,33.3877563865537,51.0347891166449,14.7976986383577,0.969,3.95608738968062,3.43920674799665,0.832442903389189,0.505112958942417
1994-10-30,0.0,319.6,8.89,8.89,662.33,0.14988158533986787,658.41,27.06629,750.88,3.17552224503765,2.27054970568104,0.715016154973943,0.219528466253919,0.207214753166224,16.85,1.1541095890411,212.45,3.09468317552804,0,-16.0641,4.11759799833194,1.37608385686463,0.451685660266874,1.30108445697626,0.601283991047423,33.3877563865537,51.0347891166449,14.7976986383577,0.969,3.95608738968062,3.43920674799665,0.832442903389189,0.505112958942417
1994-10-31,37.39,204.87,8.66,8.66,739.42,0.20527260600894948,658.41,27.06629,750.88,3.17552224503765,2.27054970568104,0.715016154973943,0.219528466253919,0.207214753166224,16.85,1.1541095890411,212.45,3.09468317552804,0,-16.0641,4.11759799833194,1.37608385686463,0.451685660266874,1.30108445697626,0.601283991047423,33.3877563865537,51.0347891166449,14.7976986383577,0.969,3.95608738968062,3.43920674799665,0.832442903389189,0.505112958942417
1994-11-01,33.6,174.98,8.39,8.39,786.57,5.017774813552099,658.41,27.06629,750.88,3.17552224503765,2.27054970568104,0.715016154973943,0.219528466253919,0.207214753166224,16.85,1.1541095890411,212.45,3.09468317552804,0,-16.0641,4.11759799833194,1.37608385686463,0.451685660266874,1.30108445697626,0.601283991047423,33.3877563865537,51.0347891166449,14.7976986383577,0.969,3.95608738968062,3.43920674799665,0.832442903389189,0.505112958942417
1994-11-02,6.91,265.55,7.2,7.2,673.31,6.418841806946516,658.41,27.06629,750.88,3.17552224503765,2.27054970568104,0.715016154973943,0.219528466253919,0.207214753166224,16.85,1.1541095890411,212.45,3.09468317552804,0,-16.0641,4.11759799833194,1.37608385686463,0.451685660266874,1.30108445697626,0.601283991047423,33.3877563865537,51.0347891166449,14.7976986383577,0.969,3.95608738968062,3.43920674799665,0.832442903389189,0.505112958942417
1994-11-03,0.17,290.71,3.21,3.21,493.32,2.398105365437886,658.41,27.06629,750.88,3.17552224503765,2.27054970568104,0.715016154973943,0.219528466253919,0.207214753166224,16.85,1.1541095890411,212.45,3.09468317552804,0,-16.0641,4.11759799833194,1.37608385686463,0.451685660266874,1.30108445697626,0.601283991047423,33.3877563865537,51.0347891166449,14.7976986383577,0.969,3.95608738968062,3.43920674799665,0.832442903389189,0.505112958942417
1994-11-04,0.0,309.46,5.56,5.56,626.7,1.7399297080758576,658.41,27.06629,750.88,3.17552224503765,2.27054970568104,0.715016154973943,0.219528466253919,0.207214753166224,16.85,1.1541095890411,212.45,3.09468317552804,0,-16.0641,4.11759799833194,1.37608385686463,0.451685660266874,1.30108445697626,0.601283991047423,33.3877563865537,51.0347891166449,14.7976986383577,0.969,3.95608738968062,3.43920674799665,0.832442903389189,0.505112958942417
1994-11-05,1.13,188.07,15.23,15.23,1191.71,1.4369082420626462,658.41,27.06629,750.88,3.17552224503765,2.27054970568104,0.715016154973943,0.219528466253919,0.207214753166224,16.85,1.1541095890411,212.45,3.09468317552804,0,-16.0641,4.11759799833194,1.37608385686463,0.451685660266874,1.30108445697626,0.601283991047423,33.3877563865537,51.0347891166449,14.7976986383577,0.969,3.95608738968062,3.43920674799665,0.832442903389189,0.505112958942417
1994-11-06,3.53,153.45,13.88,13.88,1101.21,1.2870266567227786,658.41,27.06629,750.88,3.17552224503765,2.27054970568104,0.715016154973943,0.219528466253919,0.207214753166224,16.85,1.1541095890411,212.45,3.09468317552804,0,-16.0641,4.11759799833194,1.37608385686463,0.451685660266874,1.30108445697626,0.601283991047423,33.3877563865537,51.0347891166449,14.7976986383577,0.969,3.95608738968062,3.43920674799665,0.832442903389189,0.505112958942417
1994-11-07,1.62,229.94,7.58,7.58,642.85,1.358709154059237,658.41,27.06629,750.88,3.17552224503765,2.27054970568104,0.715016154973943,0.219528466253919,0.207214753166224,16.85,1.1541095890411,212.45,3.09468317552804,0,-16.0641,4.11759799833194,1.37608385686463,0.451685660266874,1.30108445697626,0.601283991047423,33.3877563865537,51.0347891166449,14.7976986383577,0.969,3.95608738968062,3.43920674799665,0.832442903389189,0.505112958942417
1994-11-08,0.36,225.62,5.51,5.51,603.22,1.1241118900490092,658.41,27.06629,750.88,3.17552224503765,2.27054970568104,0.715016154973943,0.219528466253919,0.207214753166224,16.85,1.1541095890411,212.45,3.09468317552804,0,-16.0641,4.11759799833194,1.37608385686463,0.451685660266874,1.30108445697626,0.601283991047423,33.3877563865537,51.0347891166449,14.7976986383577,0.969,3.95608738968062,3.43920674799665,0.832442903389189,0.505112958942417
1994-11-09,9.0,187.04,9.73,9.73,807.29,1.0784957553803536,658.41,27.06629,750.88,3.17552224503765,2.27054970568104,0.715016154973943,0.219528466253919,0.207214753166224,16.85,1.1541095890411,212.45,3.09468317552804,0,-16.0641,4.11759799833194,1.37608385686463,0.451685660266874,1.30108445697626,0.601283991047423,33.3877563865537,51.0347891166449,14.7976986383577,0.969,3.95608738968062,3.43920674799665,0.832442903389189,0.505112958942417
1994-11-10,4.76,194.11,4.63,4.63,554.55,2.3687807074366076,658.41,27.06629,750.88,3.17552224503765,2.27054970568104,0.715016154973943,0.219528466253919,0.207214753166224,16.85,1.1541095890411,212.45,3.09468317552804,0,-16.0641,4.11759799833194,1.37608385686463,0.451685660266874,1.30108445697626,0.601283991047423,33.3877563865537,51.0347891166449,14.7976986383577,0.969,3.95608738968062,3.43920674799665,0.832442903389189,0.505112958942417
1994-11-11,0.63,258.37,1.64,1.64,430.09,1.5313988067334328,658.41,27.06629,750.88,3.17552224503765,2.27054970568104,0.715016154973943,0.219528466253919,0.207214753166224,16.85,1.1541095890411,212.45,3.09468317552804,0,-16.0641,4.11759799833194,1.37608385686463,0.451685660266874,1.30108445697626,0.601283991047423,33.3877563865537,51.0347891166449,14.7976986383577,0.969,3.95608738968062,3.43920674799665,0.832442903389189,0.505112958942417
1994-11-12,0.0,274.57,-0.77,-0.77,359.5,1.3228679053910077,658.41,27.06629,750.88,3.17552224503765,2.27054970568104,0.715016154973943,0.219528466253919,0.207214753166224,16.85,1.1541095890411,212.45,3.09468317552804,0,-16.0641,4.11759799833194,1.37608385686463,0.451685660266874,1.30108445697626,0.601283991047423,33.3877563865537,51.0347891166449,14.7976986383577,0.969,3.95608738968062,3.43920674799665,0.832442903389189,0.505112958942417
1994-11-13,0.0,275.87,3.1,3.1,492.81,1.2381522267206477,658.41,27.06629,750.88,3.17552224503765,2.27054970568104,0.715016154973943,0.219528466253919,0.207214753166224,16.85,1.1541095890411,212.45,3.09468317552804,0,-16.0641,4.11759799833194,1.37608385686463,0.451685660266874,1.30108445697626,0.601283991047423,33.3877563865537,51.0347891166449,14.7976986383577,0.969,3.95608738968062,3.43920674799665,0.832442903389189,0.505112958942417
1994-11-14,0.13,178.13,7.29,7.29,708.76,1.133886776049435,658.41,27.06629,750.88,3.17552224503765,2.27054970568104,0.715016154973943,0.219528466253919,0.207214753166224,16.85,1.1541095890411,212.45,3.09468317552804,0,-16.0641,4.11759799833194,1.37608385686463,0.451685660266874,1.30108445697626,0.601283991047423,33.3877563865537,51.0347891166449,14.7976986383577,0.969,3.95608738968062,3.43920674799665,0.832442903389189,0.505112958942417
1994-11-15,0.03,260.99,9.76,9.76,760.72,1.049171097379075,658.41,27.06629,750.88,3.17552224503765,2.27054970568104,0.715016154973943,0.219528466253919,0.207214753166224,16.85,1.1541095890411,212.45,3.09468317552804,0,-16.0641,4.11759799833194,1.37608385686463,0.451685660266874,1.30108445697626,0.601283991047423,33.3877563865537,51.0347891166449,14.7976986383577,0.969,3.95608738968062,3.43920674799665,0.832442903389189,0.505112958942417
1994-11-16,0.0,250.96,5.7,5.7,563.75,0.9449056467078627,658.41,27.06629,750.88,3.17552224503765,2.27054970568104,0.715016154973943,0.219528466253919,0.207214753166224,16.85,1.1541095890411,212.45,3.09468317552804,0,-16.0641,4.11759799833194,1.37608385686463,0.451685660266874,1.30108445697626,0.601283991047423,33.3877563865537,51.0347891166449,14.7976986383577,0.969,3.95608738968062,3.43920674799665,0.832442903389189,0.505112958942417
1994-11-17,0.0,259.02,1.55,1.55,426.79,0.8634482633709779,658.41,27.06629,750.88,3.17552224503765,2.27054970568104,0.715016154973943,0.219528466253919,0.207214753166224,16.85,1.1541095890411,212.45,3.09468317552804,0,-16.0641,4.11759799833194,1.37608385686463,0.451685660266874,1.30108445697626,0.601283991047423,33.3877563865537,51.0347891166449,14.7976986383577,0.969,3.95608738968062,3.43920674799665,0.832442903389189,0.505112958942417
1994-11-18,0.42,205.31,3.48,3.48,480.08,0.7917657660345194,658.41,27.06629,750.88,3.17552224503765,2.27054970568104,0.715016154973943,0.219528466253919,0.207214753166224,16.85,1.1541095890411,212.45,3.09468317552804,0,-16.0641,4.11759799833194,1.37608385686463,0.451685660266874,1.30108445697626,0.601283991047423,33.3877563865537,51.0347891166449,14.7976986383577,0.969,3.95608738968062,3.43920674799665,0.832442903389189,0.505112958942417
1994-11-19,0.11,247.23,6.52,6.52,593.57,0.7428913360323885,658.41,27.06629,750.88,3.17552224503765,2.27054970568104,0.715016154973943,0.219528466253919,0.207214753166224,16.85,1.1541095890411,212.45,3.09468317552804,0,-16.0641,4.11759799833194,1.37608385686463,0.451685660266874,1.30108445697626,0.601283991047423,33.3877563865537,51.0347891166449,14.7976986383577,0.969,3.95608738968062,3.43920674799665,0.832442903389189,0.505112958942417
1994-11-20,0.02,235.66,3.67,3.67,501.94,0.6777254293628808,658.41,27.06629,750.88,3.17552224503765,2.27054970568104,0.715016154973943,0.219528466253919,0.207214753166224,16.85,1.1541095890411,212.45,3.09468317552804,0,-16.0641,4.11759799833194,1.37608385686463,0.451685660266874,1.30108445697626,0.601283991047423,33.3877563865537,51.0347891166449,14.7976986383577,0.969,3.95608738968062,3.43920674799665,0.832442903389189,0.505112958942417
1994-11-21,13.84,163.12,4.83,4.83,608.03,1.5216239207330067,658.41,27.06629,750.88,3.17552224503765,2.27054970568104,0.715016154973943,0.219528466253919,0.207214753166224,16.85,1.1541095890411,212.45,3.09468317552804,0,-16.0641,4.11759799833194,1.37608385686463,0.451685660266874,1.30108445697626,0.601283991047423,33.3877563865537,51.0347891166449,14.7976986383577,0.969,3.95608738968062,3.43920674799665,0.832442903389189,0.505112958942417
1994-11-22,3.9,153.1,6.73,6.73,680.62,1.6617306200724482,658.41,27.06629,750.88,3.17552224503765,2.27054970568104,0.715016154973943,0.219528466253919,0.207214753166224,16.85,1.1541095890411,212.45,3.09468317552804,0,-16.0641,4.11759799833194,1.37608385686463,0.451685660266874,1.30108445697626,0.601283991047423,33.3877563865537,51.0347891166449,14.7976986383577,0.969,3.95608738968062,3.43920674799665,0.832442903389189,0.505112958942417
1994-11-23,1.59,168.75,0.42,0.42,410.43,1.1599531387172384,658.41,27.06629,750.88,3.17552224503765,2.27054970568104,0.715016154973943,0.219528466253919,0.207214753166224,16.85,1.1541095890411,212.45,3.09468317552804,0,-16.0641,4.11759799833194,1.37608385686463,0.451685660266874,1.30108445697626,0.601283991047423,33.3877563865537,51.0347891166449,14.7976986383577,0.969,3.95608738968062,3.43920674799665,0.832442903389189,0.505112958942417
1994-11-24,1.85,235.98,-6.14,-6.14,221.59,1.0784957553803536,658.41,27.06629,750.88,3.17552224503765,2.27054970568104,0.715016154973943,0.219528466253919,0.207214753166224,16.85,1.1541095890411,212.45,3.09468317552804,0,-16.0641,4.11759799833194,1.37608385686463,0.451685660266874,1.30108445697626,0.601283991047423,33.3877563865537,51.0347891166449,14.7976986383577,0.969,3.95608738968062,3.43920674799665,0.832442903389189,0.505112958942417
1994-11-25,0.38,285.35,-3.72,-3.72,273.76,1.0784957553803536,658.41,27.06629,750.88,3.17552224503765,2.27054970568104,0.715016154973943,0.219528466253919,0.207214753166224,16.85,1.1541095890411,212.45,3.09468317552804,0,-16.0641,4.11759799833194,1.37608385686463,0.451685660266874,1.30108445697626,0.601283991047423,33.3877563865537,51.0347891166449,14.7976986383577,0.969,3.95608738968062,3.43920674799665,0.832442903389189,0.505112958942417
1994-11-26,0.0,260.08,-0.5,-0.5,355.69,1.0850123460473045,658.41,27.06629,750.88,3.17552224503765,2.27054970568104,0.715016154973943,0.219528466253919,0.207214753166224,16.85,1.1541095890411,212.45,3.09468317552804,0,-16.0641,4.11759799833194,1.37608385686463,0.451685660266874,1.30108445697626,0.601283991047423,33.3877563865537,51.0347891166449,14.7976986383577,0.969,3.95608738968062,3.43920674799665,0.832442903389189,0.505112958942417
1994-11-27,10.75,222.29,-5.4,-5.4,248.72,0.9155809887065842,658.41,27.06629,750.88,3.17552224503765,2.27054970568104,0.715016154973943,0.219528466253919,0.207214753166224,16.85,1.1541095890411,212.45,3.09468317552804,0,-16.0641,4.11759799833194,1.37608385686463,0.451685660266874,1.30108445697626,0.601283991047423,33.3877563865537,51.0347891166449,14.7976986383577,0.969,3.95608738968062,3.43920674799665,0.832442903389189,0.505112958942417
1994-11-28,6.62,233.34,-2.6,-2.6,320.91,3.94253735350522,658.41,27.06629,750.88,3.17552224503765,2.27054970568104,0.715016154973943,0.219528466253919,0.207214753166224,16.85,1.1541095890411,212.45,3.09468317552804,0,-16.0641,4.11759799833194,1.37608385686463,0.451685660266874,1.30108445697626,0.601283991047423,33.3877563865537,51.0347891166449,14.7976986383577,0.969,3.95608738968062,3.43920674799665,0.832442903389189,0.505112958942417
1994-11-29,1.0,262.18,4.14,4.14,521.49,3.1084137481355207,658.41,27.06629,750.88,3.17552224503765,2.27054970568104,0.715016154973943,0.219528466253919,0.207214753166224,16.85,1.1541095890411,212.45,3.09468317552804,0,-16.0641,4.11759799833194,1.37608385686463,0.451685660266874,1.30108445697626,0.601283991047423,33.3877563865537,51.0347891166449,14.7976986383577,0.969,3.95608738968062,3.43920674799665,0.832442903389189,0.505112958942417
1994-11-30,0.18,224.59,0.08,0.08,376.78,2.1081170807585763,658.41,27.06629,750.88,3.17552224503765,2.27054970568104,0.715016154973943,0.219528466253919,0.207214753166224,16.85,1.1541095890411,212.45,3.09468317552804,0,-16.0641,4.11759799833194,1.37608385686463,0.451685660266874,1.30108445697626,0.601283991047423,33.3877563865537,51.0347891166449,14.7976986383577,0.969,3.95608738968062,3.43920674799665,0.832442903389189,0.505112958942417
1994-12-01,0.05,214.88,-1.19,-1.19,383.97,1.860486635414447,658.41,27.06629,750.88,3.17552224503765,2.27054970568104,0.715016154973943,0.219528466253919,0.207214753166224,16.85,1.1541095890411,212.45,3.09468317552804,0,-16.0641,4.11759799833194,1.37608385686463,0.451685660266874,1.30108445697626,0.601283991047423,33.3877563865537,51.0347891166449,14.7976986383577,0.969,3.95608738968062,3.43920674799665,0.832442903389189,0.505112958942417
1994-12-02,0.0,210.06,-0.58,-0.58,429.55,1.6486974387385465,658.41,27.06629,750.88,3.17552224503765,2.27054970568104,0.715016154973943,0.219528466253919,0.207214753166224,16.85,1.1541095890411,212.45,3.09468317552804,0,-16.0641,4.11759799833194,1.37608385686463,0.451685660266874,1.30108445697626,0.601283991047423,33.3877563865537,51.0347891166449,14.7976986383577,0.969,3.95608738968062,3.43920674799665,0.832442903389189,0.505112958942417
1994-12-03,0.53,274.4,2.24,2.24,445.85,1.476007786064351,658.41,27.06629,750.88,3.17552224503765,2.27054970568104,0.715016154973943,0.219528466253919,0.207214753166224,16.85,1.1541095890411,212.45,3.09468317552804,0,-16.0641,4.11759799833194,1.37608385686463,0.451685660266874,1.30108445697626,0.601283991047423,33.3877563865537,51.0347891166449,14.7976986383577,0.969,3.95608738968062,3.43920674799665,0.832442903389189,0.505112958942417
1994-12-04,10.92,215.18,5.27,5.27,588.59,1.3326427913914338,658.41,27.06629,750.88,3.17552224503765,2.27054970568104,0.715016154973943,0.219528466253919,0.207214753166224,16.85,1.1541095890411,212.45,3.09468317552804,0,-16.0641,4.11759799833194,1.37608385686463,0.451685660266874,1.30108445697626,0.601283991047423,33.3877563865537,51.0347891166449,14.7976986383577,0.969,3.95608738968062,3.43920674799665,0.832442903389189,0.505112958942417
1994-12-05,6.91,152.75,8.67,8.67,849.92,3.7470396334966973,658.41,27.06629,750.88,3.17552224503765,2.27054970568104,0.715016154973943,0.219528466253919,0.207214753166224,16.85,1.1541095890411,212.45,3.09468317552804,0,-16.0641,4.11759799833194,1.37608385686463,0.451685660266874,1.30108445697626,0.601283991047423,33.3877563865537,51.0347891166449,14.7976986383577,0.969,3.95608738968062,3.43920674799665,0.832442903389189,0.505112958942417
1994-12-06,5.25,145.01,8.44,8.44,843.76,2.8542667121244403,658.41,27.06629,750.88,3.17552224503765,2.27054970568104,0.715016154973943,0.219528466253919,0.207214753166224,16.85,1.1541095890411,212.45,3.09468317552804,0,-16.0641,4.11759799833194,1.37608385686463,0.451685660266874,1.30108445697626,0.601283991047423,33.3877563865537,51.0347891166449,14.7976986383577,0.969,3.95608738968062,3.43920674799665,0.832442903389189,0.505112958942417
1994-12-07,10.84,198.91,3.86,3.86,542.08,3.779622586831451,658.41,27.06629,750.88,3.17552224503765,2.27054970568104,0.715016154973943,0.219528466253919,0.207214753166224,16.85,1.1541095890411,212.45,3.09468317552804,0,-16.0641,4.11759799833194,1.37608385686463,0.451685660266874,1.30108445697626,0.601283991047423,33.3877563865537,51.0347891166449,14.7976986383577,0.969,3.95608738968062,3.43920674799665,0.832442903389189,0.505112958942417
1994-12-08,2.6,260.99,-4.57,-4.57,263.98,3.2908782868101425,658.41,27.06629,750.88,3.17552224503765,2.27054970568104,0.715016154973943,0.219528466253919,0.207214753166224,16.85,1.1541095890411,212.45,3.09468317552804,0,-16.0641,4.11759799833194,1.37608385686463,0.451685660266874,1.30108445697626,0.601283991047423,33.3877563865537,51.0347891166449,14.7976986383577,0.969,3.95608738968062,3.43920674799665,0.832442903389189,0.505112958942417
1994-12-09,3.94,199.68,-7.32,-7.32,225.75,2.5316954741103768,658.41,27.06629,750.88,3.17552224503765,2.27054970568104,0.715016154973943,0.219528466253919,0.207214753166224,16.85,1.1541095890411,212.45,3.09468317552804,0,-16.0641,4.11759799833194,1.37608385686463,0.451685660266874,1.30108445697626,0.601283991047423,33.3877563865537,51.0347891166449,14.7976986383577,0.969,3.95608738968062,3.43920674799665,0.832442903389189,0.505112958942417
1994-12-10,3.75,185.3,-3.96,-3.96,321.34,2.5642784274451307,658.41,27.06629,750.88,3.17552224503765,2.27054970568104,0.715016154973943,0.219528466253919,0.207214753166224,16.85,1.1541095890411,212.45,3.09468317552804,0,-16.0641,4.11759799833194,1.37608385686463,0.451685660266874,1.30108445697626,0.601283991047423,33.3877563865537,51.0347891166449,14.7976986383577,0.969,3.95608738968062,3.43920674799665,0.832442903389189,0.505112958942417
1994-12-11,2.28,131.85,-2.01,-2.01,374.79,2.3948470701044107,658.41,27.06629,750.88,3.17552224503765,2.27054970568104,0.715016154973943,0.219528466253919,0.207214753166224,16.85,1.1541095890411,212.45,3.09468317552804,0,-16.0641,4.11759799833194,1.37608385686463,0.451685660266874,1.30108445697626,0.601283991047423,33.3877563865537,51.0347891166449,14.7976986383577,0.969,3.95608738968062,3.43920674799665,0.832442903389189,0.505112958942417
1994-12-12,0.41,283.59,-9.05,-9.05,174.57,1.8344202727466437,658.41,27.06629,750.88,3.17552224503765,2.27054970568104,0.715016154973943,0.219528466253919,0.207214753166224,16.85,1.1541095890411,212.45,3.09468317552804,0,-16.0641,4.11759799833194,1.37608385686463,0.451685660266874,1.30108445697626,0.601283991047423,33.3877563865537,51.0347891166449,14.7976986383577,0.969,3.95608738968062,3.43920674799665,0.832442903389189,0.505112958942417
1994-12-13,0.0,262.44,-10.83,-10.83,152.06,1.4988158533986788,658.41,27.06629,750.88,3.17552224503765,2.27054970568104,0.715016154973943,0.219528466253919,0.207214753166224,16.85,1.1541095890411,212.45,3.09468317552804,0,-16.0641,4.11759799833194,1.37608385686463,0.451685660266874,1.30108445697626,0.601283991047423,33.3877563865537,51.0347891166449,14.7976986383577,0.969,3.95608738968062,3.43920674799665,0.832442903389189,0.505112958942417
1994-12-14,0.0,276.44,-7.39,-7.39,208.79,1.401066993394417,658.41,27.06629,750.88,3.17552224503765,2.27054970568104,0.715016154973943,0.219528466253919,0.207214753166224,16.85,1.1541095890411,212.45,3.09468317552804,0,-16.0641,4.11759799833194,1.37608385686463,0.451685660266874,1.30108445697626,0.601283991047423,33.3877563865537,51.0347891166449,14.7976986383577,0.969,3.95608738968062,3.43920674799665,0.832442903389189,0.505112958942417
1994-12-15,0.32,216.23,-4.22,-4.22,293.85,1.3684840400596632,658.41,27.06629,750.88,3.17552224503765,2.27054970568104,0.715016154973943,0.219528466253919,0.207214753166224,16.85,1.1541095890411,212.45,3.09468317552804,0,-16.0641,4.11759799833194,1.37608385686463,0.451685660266874,1.30108445697626,0.601283991047423,33.3877563865537,51.0347891166449,14.7976986383577,0.969,3.95608738968062,3.43920674799665,0.832442903389189,0.505112958942417
1994-12-16,1.11,202.57,-2.66,-2.66,340.71,1.273993475388877,658.41,27.06629,750.88,3.17552224503765,2.27054970568104,0.715016154973943,0.219528466253919,0.207214753166224,16.85,1.1541095890411,212.45,3.09468317552804,0,-16.0641,4.11759799833194,1.37608385686463,0.451685660266874,1.30108445697626,0.601283991047423,33.3877563865537,51.0347891166449,14.7976986383577,0.969,3.95608738968062,3.43920674799665,0.832442903389189,0.505112958942417
1994-12-17,0.7,158.06,-1.17,-1.17,405.58,1.2479271127210738,658.41,27.06629,750.88,3.17552224503765,2.27054970568104,0.715016154973943,0.219528466253919,0.207214753166224,16.85,1.1541095890411,212.45,3.09468317552804,0,-16.0641,4.11759799833194,1.37608385686463,0.451685660266874,1.30108445697626,0.601283991047423,33.3877563865537,51.0347891166449,14.7976986383577,0.969,3.95608738968062,3.43920674799665,0.832442903389189,0.505112958942417
1994-12-18,0.63,186.43,-1.23,-1.23,403.66,1.3065764287236308,658.41,27.06629,750.88,3.17552224503765,2.27054970568104,0.715016154973943,0.219528466253919,0.207214753166224,16.85,1.1541095890411,212.45,3.09468317552804,0,-16.0641,4.11759799833194,1.37608385686463,0.451685660266874,1.30108445697626,0.601283991047423,33.3877563865537,51.0347891166449,14.7976986383577,0.969,3.95608738968062,3.43920674799665,0.832442903389189,0.505112958942417
1994-12-19,0.16,223.57,-0.56,-0.56,419.45,1.2707351800554014,658.41,27.06629,750.88,3.17552224503765,2.27054970568104,0.715016154973943,0.219528466253919,0.207214753166224,16.85,1.1541095890411,212.45,3.09468317552804,0,-16.0641,4.11759799833194,1.37608385686463,0.451685660266874,1.30108445697626,0.601283991047423,33.3877563865537,51.0347891166449,14.7976986383577,0.969,3.95608738968062,3.43920674799665,0.832442903389189,0.505112958942417
1994-12-20,0.01,149.3,-0.9,-0.9,431.5,1.1273701853824845,658.41,27.06629,750.88,3.17552224503765,2.27054970568104,0.715016154973943,0.219528466253919,0.207214753166224,16.85,1.1541095890411,212.45,3.09468317552804,0,-16.0641,4.11759799833194,1.37608385686463,0.451685660266874,1.30108445697626,0.601283991047423,33.3877563865537,51.0347891166449,14.7976986383577,0.969,3.95608738968062,3.43920674799665,0.832442903389189,0.505112958942417
1994-12-21,0.0,255.57,-2.74,-2.74,345.72,1.023104734711272,658.41,27.06629,750.88,3.17552224503765,2.27054970568104,0.715016154973943,0.219528466253919,0.207214753166224,16.85,1.1541095890411,212.45,3.09468317552804,0,-16.0641,4.11759799833194,1.37608385686463,0.451685660266874,1.30108445697626,0.601283991047423,33.3877563865537,51.0347891166449,14.7976986383577,0.969,3.95608738968062,3.43920674799665,0.832442903389189,0.505112958942417
1994-12-22,0.0,280.14,0.02,0.02,347.67,0.9937800767099936,658.41,27.06629,750.88,3.17552224503765,2.27054970568104,0.715016154973943,0.219528466253919,0.207214753166224,16.85,1.1541095890411,212.45,3.09468317552804,0,-16.0641,4.11759799833194,1.37608385686463,0.451685660266874,1.30108445697626,0.601283991047423,33.3877563865537,51.0347891166449,14.7976986383577,0.969,3.95608738968062,3.43920674799665,0.832442903389189,0.505112958942417
1994-12-23,0.0,282.71,1.48,1.48,338.12,0.9807468953760919,658.41,27.06629,750.88,3.17552224503765,2.27054970568104,0.715016154973943,0.219528466253919,0.207214753166224,16.85,1.1541095890411,212.45,3.09468317552804,0,-16.0641,4.11759799833194,1.37608385686463,0.451685660266874,1.30108445697626,0.601283991047423,33.3877563865537,51.0347891166449,14.7976986383577,0.969,3.95608738968062,3.43920674799665,0.832442903389189,0.505112958942417
1994-12-24,0.08,261.67,0.08,0.08,331.95,0.9546805327082889,658.41,27.06629,750.88,3.17552224503765,2.27054970568104,0.715016154973943,0.219528466253919,0.207214753166224,16.85,1.1541095890411,212.45,3.09468317552804,0,-16.0641,4.11759799833194,1.37608385686463,0.451685660266874,1.30108445697626,0.601283991047423,33.3877563865537,51.0347891166449,14.7976986383577,0.969,3.95608738968062,3.43920674799665,0.832442903389189,0.505112958942417
1994-12-25,0.02,242.62,-2.38,-2.38,322.79,0.9286141700404857,658.41,27.06629,750.88,3.17552224503765,2.27054970568104,0.715016154973943,0.219528466253919,0.207214753166224,16.85,1.1541095890411,212.45,3.09468317552804,0,-16.0641,4.11759799833194,1.37608385686463,0.451685660266874,1.30108445697626,0.601283991047423,33.3877563865537,51.0347891166449,14.7976986383577,0.969,3.95608738968062,3.43920674799665,0.832442903389189,0.505112958942417
1994-12-26,0.0,277.35,-2.08,-2.08,307.58,0.8373819007031749,658.41,27.06629,750.88,3.17552224503765,2.27054970568104,0.715016154973943,0.219528466253919,0.207214753166224,16.85,1.1541095890411,212.45,3.09468317552804,0,-16.0641,4.11759799833194,1.37608385686463,0.451685660266874,1.30108445697626,0.601283991047423,33.3877563865537,51.0347891166449,14.7976986383577,0.969,3.95608738968062,3.43920674799665,0.832442903389189,0.505112958942417
1994-12-27,0.0,284.58,-1.14,-1.14,298.03,0.7428913360323885,658.41,27.06629,750.88,3.17552224503765,2.27054970568104,0.715016154973943,0.219528466253919,0.207214753166224,16.85,1.1541095890411,212.45,3.09468317552804,0,-16.0641,4.11759799833194,1.37608385686463,0.451685660266874,1.30108445697626,0.601283991047423,33.3877563865537,51.0347891166449,14.7976986383577,0.969,3.95608738968062,3.43920674799665,0.832442903389189,0.505112958942417
1994-12-28,0.25,223.94,0.56,0.56,342.43,0.7428913360323885,658.41,27.06629,750.88,3.17552224503765,2.27054970568104,0.715016154973943,0.219528466253919,0.207214753166224,16.85,1.1541095890411,212.45,3.09468317552804,0,-16.0641,4.11759799833194,1.37608385686463,0.451685660266874,1.30108445697626,0.601283991047423,33.3877563865537,51.0347891166449,14.7976986383577,0.969,3.95608738968062,3.43920674799665,0.832442903389189,0.505112958942417
1994-12-29,0.07,242.94,-1.78,-1.78,314.44,0.7005334966972085,658.41,27.06629,750.88,3.17552224503765,2.27054970568104,0.715016154973943,0.219528466253919,0.207214753166224,16.85,1.1541095890411,212.45,3.09468317552804,0,-16.0641,4.11759799833194,1.37608385686463,0.451685660266874,1.30108445697626,0.601283991047423,33.3877563865537,51.0347891166449,14.7976986383577,0.969,3.95608738968062,3.43920674799665,0.832442903389189,0.505112958942417
1994-12-30,0.0,274.19,-8.51,-8.51,189.65,0.5213272533560622,658.41,27.06629,750.88,3.17552224503765,2.27054970568104,0.715016154973943,0.219528466253919,0.207214753166224,16.85,1.1541095890411,212.45,3.09468317552804,0,-16.0641,4.11759799833194,1.37608385686463,0.451685660266874,1.30108445697626,0.601283991047423,33.3877563865537,51.0347891166449,14.7976986383577,0.969,3.95608738968062,3.43920674799665,0.832442903389189,0.505112958942417
1994-12-31,0.88,212.81,-6.95,-6.95,238.7,0.6516590666950778,658.41,27.06629,750.88,3.17552224503765,2.27054970568104,0.715016154973943,0.219528466253919,0.207214753166224,16.85,1.1541095890411,212.45,3.09468317552804,0,-16.0641,4.11759799833194,1.37608385686463,0.451685660266874,1.30108445697626,0.601283991047423,33.3877563865537,51.0347891166449,14.7976986383577,0.969,3.95608738968062,3.43920674799665,0.832442903389189,0.505112958942417
1995-01-01,1.17,163.52,-0.88,-0.88,407.18,0.6581756573620285,658.41,27.06629,750.88,3.17552224503765,2.27054970568104,0.715016154973943,0.219528466253919,0.207214753166224,16.85,1.1541095890411,212.45,3.09468317552804,0,-16.0641,4.11759799833194,1.37608385686463,0.451685660266874,1.30108445697626,0.601283991047423,33.3877563865537,51.0347891166449,14.7976986383577,0.969,3.95608738968062,3.43920674799665,0.832442903389189,0.505112958942417
1995-01-02,0.84,213.04,-2.1,-2.1,326.81,0.6516590666950778,658.41,27.06629,750.88,3.17552224503765,2.27054970568104,0.715016154973943,0.219528466253919,0.207214753166224,16.85,1.1541095890411,212.45,3.09468317552804,0,-16.0641,4.11759799833194,1.37608385686463,0.451685660266874,1.30108445697626,0.601283991047423,33.3877563865537,51.0347891166449,14.7976986383577,0.969,3.95608738968062,3.43920674799665,0.832442903389189,0.505112958942417
1995-01-03,0.78,185.74,-7.83,-7.83,213.11,0.42357839335180053,658.41,27.06629,750.88,3.17552224503765,2.27054970568104,0.715016154973943,0.219528466253919,0.207214753166224,16.85,1.1541095890411,212.45,3.09468317552804,0,-16.0641,4.11759799833194,1.37608385686463,0.451685660266874,1.30108445697626,0.601283991047423,33.3877563865537,51.0347891166449,14.7976986383577,0.969,3.95608738968062,3.43920674799665,0.832442903389189,0.505112958942417
1995-01-04,0.43,197.26,-9.48,-9.48,180.43,0.3909954400170466,658.41,27.06629,750.88,3.17552224503765,2.27054970568104,0.715016154973943,0.219528466253919,0.207214753166224,16.85,1.1541095890411,212.45,3.09468317552804,0,-16.0641,4.11759799833194,1.37608385686463,0.451685660266874,1.30108445697626,0.601283991047423,33.3877563865537,51.0347891166449,14.7976986383577,0.969,3.95608738968062,3.43920674799665,0.832442903389189,0.505112958942417
1995-01-05,0.07,251.65,-13.64,-13.64,128.68,0.35841248668229275,658.41,27.06629,750.88,3.17552224503765,2.27054970568104,0.715016154973943,0.219528466253919,0.207214753166224,16.85,1.1541095890411,212.45,3.09468317552804,0,-16.0641,4.11759799833194,1.37608385686463,0.451685660266874,1.30108445697626,0.601283991047423,33.3877563865537,51.0347891166449,14.7976986383577,0.969,3.95608738968062,3.43920674799665,0.832442903389189,0.505112958942417
1995-01-06,2.33,187.28,-12.96,-12.96,149.01,0.3421210100149158,658.41,27.06629,750.88,3.17552224503765,2.27054970568104,0.715016154973943,0.219528466253919,0.207214753166224,16.85,1.1541095890411,212.45,3.09468317552804,0,-16.0641,4.11759799833194,1.37608385686463,0.451685660266874,1.30108445697626,0.601283991047423,33.3877563865537,51.0347891166449,14.7976986383577,0.969,3.95608738968062,3.43920674799665,0.832442903389189,0.505112958942417
1995-01-07,1.39,227.12,-7.76,-7.76,208.11,0.3258295333475389,658.41,27.06629,750.88,3.17552224503765,2.27054970568104,0.715016154973943,0.219528466253919,0.207214753166224,16.85,1.1541095890411,212.45,3.09468317552804,0,-16.0641,4.11759799833194,1.37608385686463,0.451685660266874,1.30108445697626,0.601283991047423,33.3877563865537,51.0347891166449,14.7976986383577,0.969,3.95608738968062,3.43920674799665,0.832442903389189,0.505112958942417
1995-01-08,0.27,190.73,-6.0,-6.0,253.11,0.30953805668016193,658.41,27.06629,750.88,3.17552224503765,2.27054970568104,0.715016154973943,0.219528466253919,0.207214753166224,16.85,1.1541095890411,212.45,3.09468317552804,0,-16.0641,4.11759799833194,1.37608385686463,0.451685660266874,1.30108445697626,0.601283991047423,33.3877563865537,51.0347891166449,14.7976986383577,0.969,3.95608738968062,3.43920674799665,0.832442903389189,0.505112958942417
1995-01-09,0.24,153.66,-6.29,-6.29,259.54,0.30953805668016193,658.41,27.06629,750.88,3.17552224503765,2.27054970568104,0.715016154973943,0.219528466253919,0.207214753166224,16.85,1.1541095890411,212.45,3.09468317552804,0,-16.0641,4.11759799833194,1.37608385686463,0.451685660266874,1.30108445697626,0.601283991047423,33.3877563865537,51.0347891166449,14.7976986383577,0.969,3.95608738968062,3.43920674799665,0.832442903389189,0.505112958942417
1995-01-10,0.06,281.25,-10.61,-10.61,167.13,0.293246580012785,658.41,27.06629,750.88,3.17552224503765,2.27054970568104,0.715016154973943,0.219528466253919,0.207214753166224,16.85,1.1541095890411,212.45,3.09468317552804,0,-16.0641,4.11759799833194,1.37608385686463,0.451685660266874,1.30108445697626,0.601283991047423,33.3877563865537,51.0347891166449,14.7976986383577,0.969,3.95608738968062,3.43920674799665,0.832442903389189,0.505112958942417
1995-01-11,2.62,211.41,-9.58,-9.58,199.26,0.293246580012785,658.41,27.06629,750.88,3.17552224503765,2.27054970568104,0.715016154973943,0.219528466253919,0.207214753166224,16.85,1.1541095890411,212.45,3.09468317552804,0,-16.0641,4.11759799833194,1.37608385686463,0.451685660266874,1.30108445697626,0.601283991047423,33.3877563865537,51.0347891166449,14.7976986383577,0.969,3.95608738968062,3.43920674799665,0.832442903389189,0.505112958942417
1995-01-12,1.87,202.16,-3.06,-3.06,376.16,0.4887443000213083,658.41,27.06629,750.88,3.17552224503765,2.27054970568104,0.715016154973943,0.219528466253919,0.207214753166224,16.85,1.1541095890411,212.45,3.09468317552804,0,-16.0641,4.11759799833194,1.37608385686463,0.451685660266874,1.30108445697626,0.601283991047423,33.3877563865537,51.0347891166449,14.7976986383577,0.969,3.95608738968062,3.43920674799665,0.832442903389189,0.505112958942417
1995-01-13,0.58,210.94,4.39,4.39,625.28,0.9774886000426166,658.41,27.06629,750.88,3.17552224503765,2.27054970568104,0.715016154973943,0.219528466253919,0.207214753166224,16.85,1.1541095890411,212.45,3.09468317552804,0,-16.0641,4.11759799833194,1.37608385686463,0.451685660266874,1.30108445697626,0.601283991047423,33.3877563865537,51.0347891166449,14.7976986383577,0.969,3.95608738968062,3.43920674799665,0.832442903389189,0.505112958942417
1995-01-14,0.97,231.74,7.02,7.02,670.33,1.091528936714255,658.41,27.06629,750.88,3.17552224503765,2.27054970568104,0.715016154973943,0.219528466253919,0.207214753166224,16.85,1.1541095890411,212.45,3.09468317552804,0,-16.0641,4.11759799833194,1.37608385686463,0.451685660266874,1.30108445697626,0.601283991047423,33.3877563865537,51.0347891166449,14.7976986383577,0.969,3.95608738968062,3.43920674799665,0.832442903389189,0.505112958942417
1995-01-15,6.42,221.21,9.3,9.3,776.33,1.38477551672704,658.41,27.06629,750.88,3.17552224503765,2.27054970568104,0.715016154973943,0.219528466253919,0.207214753166224,16.85,1.1541095890411,212.45,3.09468317552804,0,-16.0641,4.11759799833194,1.37608385686463,0.451685660266874,1.30108445697626,0.601283991047423,33.3877563865537,51.0347891166449,14.7976986383577,0.969,3.95608738968062,3.43920674799665,0.832442903389189,0.505112958942417
1995-01-16,2.02,218.56,9.68,9.68,774.67,1.9354274280843808,658.41,27.06629,750.88,3.17552224503765,2.27054970568104,0.715016154973943,0.219528466253919,0.207214753166224,16.85,1.1541095890411,212.45,3.09468317552804,0,-16.0641,4.11759799833194,1.37608385686463,0.451685660266874,1.30108445697626,0.601283991047423,33.3877563865537,51.0347891166449,14.7976986383577,0.969,3.95608738968062,3.43920674799665,0.832442903389189,0.505112958942417
1995-01-17,0.11,216.21,3.17,3.17,538.89,1.3815172213935647,658.41,27.06629,750.88,3.17552224503765,2.27054970568104,0.715016154973943,0.219528466253919,0.207214753166224,16.85,1.1541095890411,212.45,3.09468317552804,0,-16.0641,4.11759799833194,1.37608385686463,0.451685660266874,1.30108445697626,0.601283991047423,33.3877563865537,51.0347891166449,14.7976986383577,0.969,3.95608738968062,3.43920674799665,0.832442903389189,0.505112958942417
1995-01-18,0.0,191.36,0.42,0.42,491.72,1.199052682718943,658.41,27.06629,750.88,3.17552224503765,2.27054970568104,0.715016154973943,0.219528466253919,0.207214753166224,16.85,1.1541095890411,212.45,3.09468317552804,0,-16.0641,4.11759799833194,1.37608385686463,0.451685660266874,1.30108445697626,0.601283991047423,33.3877563865537,51.0347891166449,14.7976986383577,0.969,3.95608738968062,3.43920674799665,0.832442903389189,0.505112958942417
1995-01-19,19.29,207.29,3.24,3.24,584.71,1.1599531387172384,658.41,27.06629,750.88,3.17552224503765,2.27054970568104,0.715016154973943,0.219528466253919,0.207214753166224,16.85,1.1541095890411,212.45,3.09468317552804,0,-16.0641,4.11759799833194,1.37608385686463,0.451685660266874,1.30108445697626,0.601283991047423,33.3877563865537,51.0347891166449,14.7976986383577,0.969,3.95608738968062,3.43920674799665,0.832442903389189,0.505112958942417
1995-01-20,18.33,121.11,4.71,4.71,661.49,10.328796207116982,658.41,27.06629,750.88,3.17552224503765,2.27054970568104,0.715016154973943,0.219528466253919,0.207214753166224,16.85,1.1541095890411,212.45,3.09468317552804,0,-16.0641,4.11759799833194,1.37608385686463,0.451685660266874,1.30108445697626,0.601283991047423,33.3877563865537,51.0347891166449,14.7976986383577,0.969,3.95608738968062,3.43920674799665,0.832442903389189,0.505112958942417
1995-01-21,5.92,158.28,1.98,1.98,519.47,9.318724653739611,658.41,27.06629,750.88,3.17552224503765,2.27054970568104,0.715016154973943,0.219528466253919,0.207214753166224,16.85,1.1541095890411,212.45,3.09468317552804,0,-16.0641,4.11759799833194,1.37608385686463,0.451685660266874,1.30108445697626,0.601283991047423,33.3877563865537,51.0347891166449,14.7976986383577,0.969,3.95608738968062,3.43920674799665,0.832442903389189,0.505112958942417
1995-01-22,0.92,207.21,-2.78,-2.78,338.89,4.887443000213083,658.41,27.06629,750.88,3.17552224503765,2.27054970568104,0.715016154973943,0.219528466253919,0.207214753166224,16.85,1.1541095890411,212.45,3.09468317552804,0,-16.0641,4.11759799833194,1.37608385686463,0.451685660266874,1.30108445697626,0.601283991047423,33.3877563865537,51.0347891166449,14.7976986383577,0.969,3.95608738968062,3.43920674799665,0.832442903389189,0.505112958942417
1995-01-23,0.6,170.63,-6.26,-6.26,273.78,3.4537930534839116,658.41,27.06629,750.88,3.17552224503765,2.27054970568104,0.715016154973943,0.219528466253919,0.207214753166224,16.85,1.1541095890411,212.45,3.09468317552804,0,-16.0641,4.11759799833194,1.37608385686463,0.451685660266874,1.30108445697626,0.601283991047423,33.3877563865537,51.0347891166449,14.7976986383577,0.969,3.95608738968062,3.43920674799665,0.832442903389189,0.505112958942417
1995-01-24,3.11,176.82,-5.69,-5.69,301.92,2.76955103345408,658.41,27.06629,750.88,3.17552224503765,2.27054970568104,0.715016154973943,0.219528466253919,0.207214753166224,16.85,1.1541095890411,212.45,3.09468317552804,0,-16.0641,4.11759799833194,1.37608385686463,0.451685660266874,1.30108445697626,0.601283991047423,33.3877563865537,51.0347891166449,14.7976986383577,0.969,3.95608738968062,3.43920674799665,0.832442903389189,0.505112958942417
1995-01-25,2.14,134.78,-3.93,-3.93,356.4,2.300356505433624,658.41,27.06629,750.88,3.17552224503765,2.27054970568104,0.715016154973943,0.219528466253919,0.207214753166224,16.85,1.1541095890411,212.45,3.09468317552804,0,-16.0641,4.11759799833194,1.37608385686463,0.451685660266874,1.30108445697626,0.601283991047423,33.3877563865537,51.0347891166449,14.7976986383577,0.969,3.95608738968062,3.43920674799665,0.832442903389189,0.505112958942417
1995-01-26,1.28,157.59,-4.32,-4.32,342.06,1.9680103814191348,658.41,27.06629,750.88,3.17552224503765,2.27054970568104,0.715016154973943,0.219528466253919,0.207214753166224,16.85,1.1541095890411,212.45,3.09468317552804,0,-16.0641,4.11759799833194,1.37608385686463,0.451685660266874,1.30108445697626,0.601283991047423,33.3877563865537,51.0347891166449,14.7976986383577,0.969,3.95608738968062,3.43920674799665,0.832442903389189,0.505112958942417
1995-01-27,1.07,166.69,-5.33,-5.33,294.47,1.7236382314084806,658.41,27.06629,750.88,3.17552224503765,2.27054970568104,0.715016154973943,0.219528466253919,0.207214753166224,16.85,1.1541095890411,212.45,3.09468317552804,0,-16.0641,4.11759799833194,1.37608385686463,0.451685660266874,1.30108445697626,0.601283991047423,33.3877563865537,51.0347891166449,14.7976986383577,0.969,3.95608738968062,3.43920674799665,0.832442903389189,0.505112958942417
1995-01-28,0.22,339.12,-10.43,-10.43,151.45,1.4662329000639247,658.41,27.06629,750.88,3.17552224503765,2.27054970568104,0.715016154973943,0.219528466253919,0.207214753166224,16.85,1.1541095890411,212.45,3.09468317552804,0,-16.0641,4.11759799833194,1.37608385686463,0.451685660266874,1.30108445697626,0.601283991047423,33.3877563865537,51.0347891166449,14.7976986383577,0.969,3.95608738968062,3.43920674799665,0.832442903389189,0.505112958942417
1995-01-29,0.0,347.76,-13.88,-13.88,94.76,1.2381522267206477,658.41,27.06629,750.88,3.17552224503765,2.27054970568104,0.715016154973943,0.219528466253919,0.207214753166224,16.85,1.1541095890411,212.45,3.09468317552804,0,-16.0641,4.11759799833194,1.37608385686463,0.451685660266874,1.30108445697626,0.601283991047423,33.3877563865537,51.0347891166449,14.7976986383577,0.969,3.95608738968062,3.43920674799665,0.832442903389189,0.505112958942417
1995-01-30,0.0,352.58,-11.43,-11.43,106.05,1.2381522267206477,658.41,27.06629,750.88,3.17552224503765,2.27054970568104,0.715016154973943,0.219528466253919,0.207214753166224,16.85,1.1541095890411,212.45,3.09468317552804,0,-16.0641,4.11759799833194,1.37608385686463,0.451685660266874,1.30108445697626,0.601283991047423,33.3877563865537,51.0347891166449,14.7976986383577,0.969,3.95608738968062,3.43920674799665,0.832442903389189,0.505112958942417
1995-01-31,0.0,351.85,-8.49,-8.49,158.17,1.2055692733858938,658.41,27.06629,750.88,3.17552224503765,2.27054970568104,0.715016154973943,0.219528466253919,0.207214753166224,16.85,1.1541095890411,212.45,3.09468317552804,0,-16.0641,4.11759799833194,1.37608385686463,0.451685660266874,1.30108445697626,0.601283991047423,33.3877563865537,51.0347891166449,14.7976986383577,0.969,3.95608738968062,3.43920674799665,0.832442903389189,0.505112958942417
1995-02-01,0.61,243.38,-2.52,-2.52,305.97,1.1110787087151075,658.41,27.06629,750.88,3.17552224503765,2.27054970568104,0.715016154973943,0.219528466253919,0.207214753166224,16.85,1.1541095890411,212.45,3.09468317552804,0,-16.0641,4.11759799833194,1.37608385686463,0.451685660266874,1.30108445697626,0.601283991047423,33.3877563865537,51.0347891166449,14.7976986383577,0.969,3.95608738968062,3.43920674799665,0.832442903389189,0.505112958942417
1995-02-02,0.16,304.38,-4.01,-4.01,267.38,1.0100715533773705,658.41,27.06629,750.88,3.17552224503765,2.27054970568104,0.715016154973943,0.219528466253919,0.207214753166224,16.85,1.1541095890411,212.45,3.09468317552804,0,-16.0641,4.11759799833194,1.37608385686463,0.451685660266874,1.30108445697626,0.601283991047423,33.3877563865537,51.0347891166449,14.7976986383577,0.969,3.95608738968062,3.43920674799665,0.832442903389189,0.505112958942417
1995-02-03,2.19,282.7,-12.78,-12.78,110.52,0.7494079266993394,658.41,27.06629,750.88,3.17552224503765,2.27054970568104,0.715016154973943,0.219528466253919,0.207214753166224,16.85,1.1541095890411,212.45,3.09468317552804,0,-16.0641,4.11759799833194,1.37608385686463,0.451685660266874,1.30108445697626,0.601283991047423,33.3877563865537,51.0347891166449,14.7976986383577,0.969,3.95608738968062,3.43920674799665,0.832442903389189,0.505112958942417
1995-02-04,4.73,286.19,-11.94,-11.94,106.96,0.7168249733645855,658.41,27.06629,750.88,3.17552224503765,2.27054970568104,0.715016154973943,0.219528466253919,0.207214753166224,16.85,1.1541095890411,212.45,3.09468317552804,0,-16.0641,4.11759799833194,1.37608385686463,0.451685660266874,1.30108445697626,0.601283991047423,33.3877563865537,51.0347891166449,14.7976986383577,0.969,3.95608738968062,3.43920674799665,0.832442903389189,0.505112958942417
1995-02-05,1.39,282.92,-11.11,-11.11,116.97,0.6516590666950778,658.41,27.06629,750.88,3.17552224503765,2.27054970568104,0.715016154973943,0.219528466253919,0.207214753166224,16.85,1.1541095890411,212.45,3.09468317552804,0,-16.0641,4.11759799833194,1.37608385686463,0.451685660266874,1.30108445697626,0.601283991047423,33.3877563865537,51.0347891166449,14.7976986383577,0.969,3.95608738968062,3.43920674799665,0.832442903389189,0.505112958942417
1995-02-06,0.64,198.9,-17.04,-17.04,93.29,0.553910206690816,658.41,27.06629,750.88,3.17552224503765,2.27054970568104,0.715016154973943,0.219528466253919,0.207214753166224,16.85,1.1541095890411,212.45,3.09468317552804,0,-16.0641,4.11759799833194,1.37608385686463,0.451685660266874,1.30108445697626,0.601283991047423,33.3877563865537,51.0347891166449,14.7976986383577,0.969,3.95608738968062,3.43920674799665,0.832442903389189,0.505112958942417
1995-02-07,0.15,245.61,-16.43,-16.43,105.02,0.5213272533560622,658.41,27.06629,750.88,3.17552224503765,2.27054970568104,0.715016154973943,0.219528466253919,0.207214753166224,16.85,1.1541095890411,212.45,3.09468317552804,0,-16.0641,4.11759799833194,1.37608385686463,0.451685660266874,1.30108445697626,0.601283991047423,33.3877563865537,51.0347891166449,14.7976986383577,0.969,3.95608738968062,3.43920674799665,0.832442903389189,0.505112958942417
1995-02-08,0.01,356.37,-17.96,-17.96,72.27,0.5050357766886853,658.41,27.06629,750.88,3.17552224503765,2.27054970568104,0.715016154973943,0.219528466253919,0.207214753166224,16.85,1.1541095890411,212.45,3.09468317552804,0,-16.0641,4.11759799833194,1.37608385686463,0.451685660266874,1.30108445697626,0.601283991047423,33.3877563865537,51.0347891166449,14.7976986383577,0.969,3.95608738968062,3.43920674799665,0.832442903389189,0.505112958942417
1995-02-09,0.21,289.28,-15.72,-15.72,94.51,0.4887443000213083,658.41,27.06629,750.88,3.17552224503765,2.27054970568104,0.715016154973943,0.219528466253919,0.207214753166224,16.85,1.1541095890411,212.45,3.09468317552804,0,-16.0641,4.11759799833194,1.37608385686463,0.451685660266874,1.30108445697626,0.601283991047423,33.3877563865537,51.0347891166449,14.7976986383577,0.969,3.95608738968062,3.43920674799665,0.832442903389189,0.505112958942417
1995-02-10,0.14,259.77,-10.55,-10.55,174.76,0.47245282335393135,658.41,27.06629,750.88,3.17552224503765,2.27054970568104,0.715016154973943,0.219528466253919,0.207214753166224,16.85,1.1541095890411,212.45,3.09468317552804,0,-16.0641,4.11759799833194,1.37608385686463,0.451685660266874,1.30108445697626,0.601283991047423,33.3877563865537,51.0347891166449,14.7976986383577,0.969,3.95608738968062,3.43920674799665,0.832442903389189,0.505112958942417
1995-02-11,0.02,331.66,-5.46,-5.46,238.69,0.45616134668655445,658.41,27.06629,750.88,3.17552224503765,2.27054970568104,0.715016154973943,0.219528466253919,0.207214753166224,16.85,1.1541095890411,212.45,3.09468317552804,0,-16.0641,4.11759799833194,1.37608385686463,0.451685660266874,1.30108445697626,0.601283991047423,33.3877563865537,51.0347891166449,14.7976986383577,0.969,3.95608738968062,3.43920674799665,0.832442903389189,0.505112958942417
1995-02-12,0.0,385.25,-12.4,-12.4,118.68,0.43986987001917743,658.41,27.06629,750.88,3.17552224503765,2.27054970568104,0.715016154973943,0.219528466253919,0.207214753166224,16.85,1.1541095890411,212.45,3.09468317552804,0,-16.0641,4.11759799833194,1.37608385686463,0.451685660266874,1.30108445697626,0.601283991047423,33.3877563865537,51.0347891166449,14.7976986383577,0.969,3.95608738968062,3.43920674799665,0.832442903389189,0.505112958942417
1995-02-13,0.14,282.88,-14.92,-14.92,99.06,0.42357839335180053,658.41,27.06629,750.88,3.17552224503765,2.27054970568104,0.715016154973943,0.219528466253919,0.207214753166224,16.85,1.1541095890411,212.45,3.09468317552804,0,-16.0641,4.11759799833194,1.37608385686463,0.451685660266874,1.30108445697626,0.601283991047423,33.3877563865537,51.0347891166449,14.7976986383577,0.969,3.95608738968062,3.43920674799665,0.832442903389189,0.505112958942417
1995-02-14,0.04,383.49,-13.67,-13.67,110.56,0.5213272533560622,658.41,27.06629,750.88,3.17552224503765,2.27054970568104,0.715016154973943,0.219528466253919,0.207214753166224,16.85,1.1541095890411,212.45,3.09468317552804,0,-16.0641,4.11759799833194,1.37608385686463,0.451685660266874,1.30108445697626,0.601283991047423,33.3877563865537,51.0347891166449,14.7976986383577,0.969,3.95608738968062,3.43920674799665,0.832442903389189,0.505112958942417
1995-02-15,1.18,305.15,-12.32,-12.32,144.73,0.553910206690816,658.41,27.06629,750.88,3.17552224503765,2.27054970568104,0.715016154973943,0.219528466253919,0.207214753166224,16.85,1.1541095890411,212.45,3.09468317552804,0,-16.0641,4.11759799833194,1.37608385686463,0.451685660266874,1.30108445697626,0.601283991047423,33.3877563865537,51.0347891166449,14.7976986383577,0.969,3.95608738968062,3.43920674799665,0.832442903389189,0.505112958942417
1995-02-16,0.31,345.33,-3.57,-3.57,272.89,0.58649316002557,658.41,27.06629,750.88,3.17552224503765,2.27054970568104,0.715016154973943,0.219528466253919,0.207214753166224,16.85,1.1541095890411,212.45,3.09468317552804,0,-16.0641,4.11759799833194,1.37608385686463,0.451685660266874,1.30108445697626,0.601283991047423,33.3877563865537,51.0347891166449,14.7976986383577,0.969,3.95608738968062,3.43920674799665,0.832442903389189,0.505112958942417
1995-02-17,0.0,408.9,-8.63,-8.63,158.77,0.5050357766886853,658.41,27.06629,750.88,3.17552224503765,2.27054970568104,0.715016154973943,0.219528466253919,0.207214753166224,16.85,1.1541095890411,212.45,3.09468317552804,0,-16.0641,4.11759799833194,1.37608385686463,0.451685660266874,1.30108445697626,0.601283991047423,33.3877563865537,51.0347891166449,14.7976986383577,0.969,3.95608738968062,3.43920674799665,0.832442903389189,0.505112958942417
1995-02-18,0.0,410.6,-6.14,-6.14,194.18,0.41706180268484977,658.41,27.06629,750.88,3.17552224503765,2.27054970568104,0.715016154973943,0.219528466253919,0.207214753166224,16.85,1.1541095890411,212.45,3.09468317552804,0,-16.0641,4.11759799833194,1.37608385686463,0.451685660266874,1.30108445697626,0.601283991047423,33.3877563865537,51.0347891166449,14.7976986383577,0.969,3.95608738968062,3.43920674799665,0.832442903389189,0.505112958942417
1995-02-19,0.0,410.95,-1.15,-1.15,275.94,0.43986987001917743,658.41,27.06629,750.88,3.17552224503765,2.27054970568104,0.715016154973943,0.219528466253919,0.207214753166224,16.85,1.1541095890411,212.45,3.09468317552804,0,-16.0641,4.11759799833194,1.37608385686463,0.451685660266874,1.30108445697626,0.601283991047423,33.3877563865537,51.0347891166449,14.7976986383577,0.969,3.95608738968062,3.43920674799665,0.832442903389189,0.505112958942417
1995-02-20,0.19,321.96,0.27,0.27,310.12,0.4887443000213083,658.41,27.06629,750.88,3.17552224503765,2.27054970568104,0.715016154973943,0.219528466253919,0.207214753166224,16.85,1.1541095890411,212.45,3.09468317552804,0,-16.0641,4.11759799833194,1.37608385686463,0.451685660266874,1.30108445697626,0.601283991047423,33.3877563865537,51.0347891166449,14.7976986383577,0.969,3.95608738968062,3.43920674799665,0.832442903389189,0.505112958942417
1995-02-21,1.01,311.86,1.81,1.81,345.0,0.6190761133603239,658.41,27.06629,750.88,3.17552224503765,2.27054970568104,0.715016154973943,0.219528466253919,0.207214753166224,16.85,1.1541095890411,212.45,3.09468317552804,0,-16.0641,4.11759799833194,1.37608385686463,0.451685660266874,1.30108445697626,0.601283991047423,33.3877563865537,51.0347891166449,14.7976986383577,0.969,3.95608738968062,3.43920674799665,0.832442903389189,0.505112958942417
1995-02-22,0.38,384.79,-5.58,-5.58,208.25,0.553910206690816,658.41,27.06629,750.88,3.17552224503765,2.27054970568104,0.715016154973943,0.219528466253919,0.207214753166224,16.85,1.1541095890411,212.45,3.09468317552804,0,-16.0641,4.11759799833194,1.37608385686463,0.451685660266874,1.30108445697626,0.601283991047423,33.3877563865537,51.0347891166449,14.7976986383577,0.969,3.95608738968062,3.43920674799665,0.832442903389189,0.505112958942417
1995-02-23,4.45,299.63,-5.99,-5.99,229.09,0.5376187300234391,658.41,27.06629,750.88,3.17552224503765,2.27054970568104,0.715016154973943,0.219528466253919,0.207214753166224,16.85,1.1541095890411,212.45,3.09468317552804,0,-16.0641,4.11759799833194,1.37608385686463,0.451685660266874,1.30108445697626,0.601283991047423,33.3877563865537,51.0347891166449,14.7976986383577,0.969,3.95608738968062,3.43920674799665,0.832442903389189,0.505112958942417
1995-02-24,1.39,334.85,-2.33,-2.33,284.06,0.9123226933731089,658.41,27.06629,750.88,3.17552224503765,2.27054970568104,0.715016154973943,0.219528466253919,0.207214753166224,16.85,1.1541095890411,212.45,3.09468317552804,0,-16.0641,4.11759799833194,1.37608385686463,0.451685660266874,1.30108445697626,0.601283991047423,33.3877563865537,51.0347891166449,14.7976986383577,0.969,3.95608738968062,3.43920674799665,0.832442903389189,0.505112958942417
1995-02-25,1.64,236.32,-7.3,-7.3,214.99,0.6516590666950778,658.41,27.06629,750.88,3.17552224503765,2.27054970568104,0.715016154973943,0.219528466253919,0.207214753166224,16.85,1.1541095890411,212.45,3.09468317552804,0,-16.0641,4.11759799833194,1.37608385686463,0.451685660266874,1.30108445697626,0.601283991047423,33.3877563865537,51.0347891166449,14.7976986383577,0.969,3.95608738968062,3.43920674799665,0.832442903389189,0.505112958942417
1995-02-26,2.43,283.12,-8.17,-8.17,200.16,0.58649316002557,658.41,27.06629,750.88,3.17552224503765,2.27054970568104,0.715016154973943,0.219528466253919,0.207214753166224,16.85,1.1541095890411,212.45,3.09468317552804,0,-16.0641,4.11759799833194,1.37608385686463,0.451685660266874,1.30108445697626,0.601283991047423,33.3877563865537,51.0347891166449,14.7976986383577,0.969,3.95608738968062,3.43920674799665,0.832442903389189,0.505112958942417
1995-02-27,6.82,287.07,-7.74,-7.74,245.41,0.5213272533560622,658.41,27.06629,750.88,3.17552224503765,2.27054970568104,0.715016154973943,0.219528466253919,0.207214753166224,16.85,1.1541095890411,212.45,3.09468317552804,0,-16.0641,4.11759799833194,1.37608385686463,0.451685660266874,1.30108445697626,0.601283991047423,33.3877563865537,51.0347891166449,14.7976986383577,0.969,3.95608738968062,3.43920674799665,0.832442903389189,0.505112958942417
1995-02-28,3.43,181.23,-0.32,-0.32,447.69,0.9774886000426166,658.41,27.06629,750.88,3.17552224503765,2.27054970568104,0.715016154973943,0.219528466253919,0.207214753166224,16.85,1.1541095890411,212.45,3.09468317552804,0,-16.0641,4.11759799833194,1.37608385686463,0.451685660266874,1.30108445697626,0.601283991047423,33.3877563865537,51.0347891166449,14.7976986383577,0.969,3.95608738968062,3.43920674799665,0.832442903389189,0.505112958942417
1995-03-01,0.48,271.04,-1.71,-1.71,359.87,1.4662329000639247,658.41,27.06629,750.88,3.17552224503765,2.27054970568104,0.715016154973943,0.219528466253919,0.207214753166224,16.85,1.1541095890411,212.45,3.09468317552804,0,-16.0641,4.11759799833194,1.37608385686463,0.451685660266874,1.30108445697626,0.601283991047423,33.3877563865537,51.0347891166449,14.7976986383577,0.969,3.95608738968062,3.43920674799665,0.832442903389189,0.505112958942417
1995-03-02,0.0,432.42,-5.97,-5.97,207.71,1.0426545067121245,658.41,27.06629,750.88,3.17552224503765,2.27054970568104,0.715016154973943,0.219528466253919,0.207214753166224,16.85,1.1541095890411,212.45,3.09468317552804,0,-16.0641,4.11759799833194,1.37608385686463,0.451685660266874,1.30108445697626,0.601283991047423,33.3877563865537,51.0347891166449,14.7976986383577,0.969,3.95608738968062,3.43920674799665,0.832442903389189,0.505112958942417
1995-03-03,0.0,449.86,-9.4,-9.4,147.32,0.8471567867036011,658.41,27.06629,750.88,3.17552224503765,2.27054970568104,0.715016154973943,0.219528466253919,0.207214753166224,16.85,1.1541095890411,212.45,3.09468317552804,0,-16.0641,4.11759799833194,1.37608385686463,0.451685660266874,1.30108445697626,0.601283991047423,33.3877563865537,51.0347891166449,14.7976986383577,0.969,3.95608738968062,3.43920674799665,0.832442903389189,0.505112958942417
1995-03-04,0.0,463.12,-6.49,-6.49,184.65,0.8145738333688473,658.41,27.06629,750.88,3.17552224503765,2.27054970568104,0.715016154973943,0.219528466253919,0.207214753166224,16.85,1.1541095890411,212.45,3.09468317552804,0,-16.0641,4.11759799833194,1.37608385686463,0.451685660266874,1.30108445697626,0.601283991047423,33.3877563865537,51.0347891166449,14.7976986383577,0.969,3.95608738968062,3.43920674799665,0.832442903389189,0.505112958942417
1995-03-05,1.47,349.88,-2.46,-2.46,290.31,0.8145738333688473,658.41,27.06629,750.88,3.17552224503765,2.27054970568104,0.715016154973943,0.219528466253919,0.207214753166224,16.85,1.1541095890411,212.45,3.09468317552804,0,-16.0641,4.11759799833194,1.37608385686463,0.451685660266874,1.30108445697626,0.601283991047423,33.3877563865537,51.0347891166449,14.7976986383577,0.969,3.95608738968062,3.43920674799665,0.832442903389189,0.505112958942417
1995-03-06,0.97,274.14,1.67,1.67,464.01,1.0556876880460258,658.41,27.06629,750.88,3.17552224503765,2.27054970568104,0.715016154973943,0.219528466253919,0.207214753166224,16.85,1.1541095890411,212.45,3.09468317552804,0,-16.0641,4.11759799833194,1.37608385686463,0.451685660266874,1.30108445697626,0.601283991047423,33.3877563865537,51.0347891166449,14.7976986383577,0.969,3.95608738968062,3.43920674799665,0.832442903389189,0.505112958942417
1995-03-07,0.64,317.22,4.56,4.56,548.55,2.6001196761133603,658.41,27.06629,750.88,3.17552224503765,2.27054970568104,0.715016154973943,0.219528466253919,0.207214753166224,16.85,1.1541095890411,212.45,3.09468317552804,0,-16.0641,4.11759799833194,1.37608385686463,0.451685660266874,1.30108445697626,0.601283991047423,33.3877563865537,51.0347891166449,14.7976986383577,0.969,3.95608738968062,3.43920674799665,0.832442903389189,0.505112958942417
1995-03-08,14.28,349.75,6.25,6.25,491.31,4.52903051353079,658.41,27.06629,750.88,3.17552224503765,2.27054970568104,0.715016154973943,0.219528466253919,0.207214753166224,16.85,1.1541095890411,212.45,3.09468317552804,0,-16.0641,4.11759799833194,1.37608385686463,0.451685660266874,1.30108445697626,0.601283991047423,33.3877563865537,51.0347891166449,14.7976986383577,0.969,3.95608738968062,3.43920674799665,0.832442903389189,0.505112958942417
1995-03-09,3.78,375.24,-3.5,-3.5,210.55,2.9324658001278494,658.41,27.06629,750.88,3.17552224503765,2.27054970568104,0.715016154973943,0.219528466253919,0.207214753166224,16.85,1.1541095890411,212.45,3.09468317552804,0,-16.0641,4.11759799833194,1.37608385686463,0.451685660266874,1.30108445697626,0.601283991047423,33.3877563865537,51.0347891166449,14.7976986383577,0.969,3.95608738968062,3.43920674799665,0.832442903389189,0.505112958942417
1995-03-10,0.02,484.6,-10.89,-10.89,116.46,2.280806733432772,658.41,27.06629,750.88,3.17552224503765,2.27054970568104,0.715016154973943,0.219528466253919,0.207214753166224,16.85,1.1541095890411,212.45,3.09468317552804,0,-16.0641,4.11759799833194,1.37608385686463,0.451685660266874,1.30108445697626,0.601283991047423,33.3877563865537,51.0347891166449,14.7976986383577,0.969,3.95608738968062,3.43920674799665,0.832442903389189,0.505112958942417
1995-03-11,0.0,484.57,-7.89,-7.89,174.01,2.4111385467717876,658.41,27.06629,750.88,3.17552224503765,2.27054970568104,0.715016154973943,0.219528466253919,0.207214753166224,16.85,1.1541095890411,212.45,3.09468317552804,0,-16.0641,4.11759799833194,1.37608385686463,0.451685660266874,1.30108445697626,0.601283991047423,33.3877563865537,51.0347891166449,14.7976986383577,0.969,3.95608738968062,3.43920674799665,0.832442903389189,0.505112958942417
1995-03-12,0.0,489.91,1.6,1.6,319.49,3.258295333475389,658.41,27.06629,750.88,3.17552224503765,2.27054970568104,0.715016154973943,0.219528466253919,0.207214753166224,16.85,1.1541095890411,212.45,3.09468317552804,0,-16.0641,4.11759799833194,1.37608385686463,0.451685660266874,1.30108445697626,0.601283991047423,33.3877563865537,51.0347891166449,14.7976986383577,0.969,3.95608738968062,3.43920674799665,0.832442903389189,0.505112958942417
1995-03-13,0.0,495.55,6.16,6.16,386.01,3.199646017472831,658.41,27.06629,750.88,3.17552224503765,2.27054970568104,0.715016154973943,0.219528466253919,0.207214753166224,16.85,1.1541095890411,212.45,3.09468317552804,0,-16.0641,4.11759799833194,1.37608385686463,0.451685660266874,1.30108445697626,0.601283991047423,33.3877563865537,51.0347891166449,14.7976986383577,0.969,3.95608738968062,3.43920674799665,0.832442903389189,0.505112958942417
1995-03-14,0.0,497.23,7.07,7.07,396.3,2.658768992115917,658.41,27.06629,750.88,3.17552224503765,2.27054970568104,0.715016154973943,0.219528466253919,0.207214753166224,16.85,1.1541095890411,212.45,3.09468317552804,0,-16.0641,4.11759799833194,1.37608385686463,0.451685660266874,1.30108445697626,0.601283991047423,33.3877563865537,51.0347891166449,14.7976986383577,0.969,3.95608738968062,3.43920674799665,0.832442903389189,0.505112958942417
1995-03-15,0.0,500.41,7.72,7.72,431.23,2.414396842105263,658.41,27.06629,750.88,3.17552224503765,2.27054970568104,0.715016154973943,0.219528466253919,0.207214753166224,16.85,1.1541095890411,212.45,3.09468317552804,0,-16.0641,4.11759799833194,1.37608385686463,0.451685660266874,1.30108445697626,0.601283991047423,33.3877563865537,51.0347891166449,14.7976986383577,0.969,3.95608738968062,3.43920674799665,0.832442903389189,0.505112958942417
1995-03-16,0.1,385.48,8.43,8.43,489.69,2.212382531429789,658.41,27.06629,750.88,3.17552224503765,2.27054970568104,0.715016154973943,0.219528466253919,0.207214753166224,16.85,1.1541095890411,212.45,3.09468317552804,0,-16.0641,4.11759799833194,1.37608385686463,0.451685660266874,1.30108445697626,0.601283991047423,33.3877563865537,51.0347891166449,14.7976986383577,0.969,3.95608738968062,3.43920674799665,0.832442903389189,0.505112958942417
1995-03-17,0.03,497.16,7.69,7.69,443.51,1.9647520860856593,658.41,27.06629,750.88,3.17552224503765,2.27054970568104,0.715016154973943,0.219528466253919,0.207214753166224,16.85,1.1541095890411,212.45,3.09468317552804,0,-16.0641,4.11759799833194,1.37608385686463,0.451685660266874,1.30108445697626,0.601283991047423,33.3877563865537,51.0347891166449,14.7976986383577,0.969,3.95608738968062,3.43920674799665,0.832442903389189,0.505112958942417
1995-03-18,0.01,441.28,1.11,1.11,323.21,1.6975718687406773,658.41,27.06629,750.88,3.17552224503765,2.27054970568104,0.715016154973943,0.219528466253919,0.207214753166224,16.85,1.1541095890411,212.45,3.09468317552804,0,-16.0641,4.11759799833194,1.37608385686463,0.451685660266874,1.30108445697626,0.601283991047423,33.3877563865537,51.0347891166449,14.7976986383577,0.969,3.95608738968062,3.43920674799665,0.832442903389189,0.505112958942417
1995-03-19,0.24,386.03,0.86,0.86,356.24,1.5053324440656295,658.41,27.06629,750.88,3.17552224503765,2.27054970568104,0.715016154973943,0.219528466253919,0.207214753166224,16.85,1.1541095890411,212.45,3.09468317552804,0,-16.0641,4.11759799833194,1.37608385686463,0.451685660266874,1.30108445697626,0.601283991047423,33.3877563865537,51.0347891166449,14.7976986383577,0.969,3.95608738968062,3.43920674799665,0.832442903389189,0.505112958942417
1995-03-20,3.81,365.88,6.07,6.07,541.44,1.3717423353931386,658.41,27.06629,750.88,3.17552224503765,2.27054970568104,0.715016154973943,0.219528466253919,0.207214753166224,16.85,1.1541095890411,212.45,3.09468317552804,0,-16.0641,4.11759799833194,1.37608385686463,0.451685660266874,1.30108445697626,0.601283991047423,33.3877563865537,51.0347891166449,14.7976986383577,0.969,3.95608738968062,3.43920674799665,0.832442903389189,0.505112958942417
1995-03-21,2.24,340.94,9.02,9.02,654.51,1.5313988067334328,658.41,27.06629,750.88,3.17552224503765,2.27054970568104,0.715016154973943,0.219528466253919,0.207214753166224,16.85,1.1541095890411,212.45,3.09468317552804,0,-16.0641,4.11759799833194,1.37608385686463,0.451685660266874,1.30108445697626,0.601283991047423,33.3877563865537,51.0347891166449,14.7976986383577,0.969,3.95608738968062,3.43920674799665,0.832442903389189,0.505112958942417
1995-03-22,0.85,307.09,4.02,4.02,501.18,1.5411736927338586,658.41,27.06629,750.88,3.17552224503765,2.27054970568104,0.715016154973943,0.219528466253919,0.207214753166224,16.85,1.1541095890411,212.45,3.09468317552804,0,-16.0641,4.11759799833194,1.37608385686463,0.451685660266874,1.30108445697626,0.601283991047423,33.3877563865537,51.0347891166449,14.7976986383577,0.969,3.95608738968062,3.43920674799665,0.832442903389189,0.505112958942417
1995-03-23,0.14,238.83,0.52,0.52,428.35,1.3717423353931386,658.41,27.06629,750.88,3.17552224503765,2.27054970568104,0.715016154973943,0.219528466253919,0.207214753166224,16.85,1.1541095890411,212.45,3.09468317552804,0,-16.0641,4.11759799833194,1.37608385686463,0.451685660266874,1.30108445697626,0.601283991047423,33.3877563865537,51.0347891166449,14.7976986383577,0.969,3.95608738968062,3.43920674799665,0.832442903389189,0.505112958942417
1995-03-24,0.0,425.85,-2.58,-2.58,300.3,1.17298632005114,658.41,27.06629,750.88,3.17552224503765,2.27054970568104,0.715016154973943,0.219528466253919,0.207214753166224,16.85,1.1541095890411,212.45,3.09468317552804,0,-16.0641,4.11759799833194,1.37608385686463,0.451685660266874,1.30108445697626,0.601283991047423,33.3877563865537,51.0347891166449,14.7976986383577,0.969,3.95608738968062,3.43920674799665,0.832442903389189,0.505112958942417
1995-03-25,0.0,498.21,-2.36,-2.36,266.7,1.006813258043895,658.41,27.06629,750.88,3.17552224503765,2.27054970568104,0.715016154973943,0.219528466253919,0.207214753166224,16.85,1.1541095890411,212.45,3.09468317552804,0,-16.0641,4.11759799833194,1.37608385686463,0.451685660266874,1.30108445697626,0.601283991047423,33.3877563865537,51.0347891166449,14.7976986383577,0.969,3.95608738968062,3.43920674799665,0.832442903389189,0.505112958942417
1995-03-26,0.0,516.78,0.35,0.35,296.01,0.948163942041338,658.41,27.06629,750.88,3.17552224503765,2.27054970568104,0.715016154973943,0.219528466253919,0.207214753166224,16.85,1.1541095890411,212.45,3.09468317552804,0,-16.0641,4.11759799833194,1.37608385686463,0.451685660266874,1.30108445697626,0.601283991047423,33.3877563865537,51.0347891166449,14.7976986383577,0.969,3.95608738968062,3.43920674799665,0.832442903389189,0.505112958942417
1995-03-27,0.0,526.6,1.29,1.29,299.23,0.8829980353718304,658.41,27.06629,750.88,3.17552224503765,2.27054970568104,0.715016154973943,0.219528466253919,0.207214753166224,16.85,1.1541095890411,212.45,3.09468317552804,0,-16.0641,4.11759799833194,1.37608385686463,0.451685660266874,1.30108445697626,0.601283991047423,33.3877563865537,51.0347891166449,14.7976986383577,0.969,3.95608738968062,3.43920674799665,0.832442903389189,0.505112958942417
1995-03-28,0.0,517.77,1.72,1.72,314.05,0.8406401960366502,658.41,27.06629,750.88,3.17552224503765,2.27054970568104,0.715016154973943,0.219528466253919,0.207214753166224,16.85,1.1541095890411,212.45,3.09468317552804,0,-16.0641,4.11759799833194,1.37608385686463,0.451685660266874,1.30108445697626,0.601283991047423,33.3877563865537,51.0347891166449,14.7976986383577,0.969,3.95608738968062,3.43920674799665,0.832442903389189,0.505112958942417
1995-03-29,0.68,405.42,0.86,0.86,321.99,0.7754742893671426,658.41,27.06629,750.88,3.17552224503765,2.27054970568104,0.715016154973943,0.219528466253919,0.207214753166224,16.85,1.1541095890411,212.45,3.09468317552804,0,-16.0641,4.11759799833194,1.37608385686463,0.451685660266874,1.30108445697626,0.601283991047423,33.3877563865537,51.0347891166449,14.7976986383577,0.969,3.95608738968062,3.43920674799665,0.832442903389189,0.505112958942417
1995-03-30,0.83,352.14,2.69,2.69,418.8,0.7754742893671426,658.41,27.06629,750.88,3.17552224503765,2.27054970568104,0.715016154973943,0.219528466253919,0.207214753166224,16.85,1.1541095890411,212.45,3.09468317552804,0,-16.0641,4.11759799833194,1.37608385686463,0.451685660266874,1.30108445697626,0.601283991047423,33.3877563865537,51.0347891166449,14.7976986383577,0.969,3.95608738968062,3.43920674799665,0.832442903389189,0.505112958942417
1995-03-31,0.36,276.25,1.34,1.34,412.48,0.7787325847006179,658.41,27.06629,750.88,3.17552224503765,2.27054970568104,0.715016154973943,0.219528466253919,0.207214753166224,16.85,1.1541095890411,212.45,3.09468317552804,0,-16.0641,4.11759799833194,1.37608385686463,0.451685660266874,1.30108445697626,0.601283991047423,33.3877563865537,51.0347891166449,14.7976986383577,0.969,3.95608738968062,3.43920674799665,0.832442903389189,0.505112958942417
1995-04-01,0.09,446.4,-1.84,-1.84,297.57,0.7265998593650117,658.41,27.06629,750.88,3.17552224503765,2.27054970568104,0.715016154973943,0.219528466253919,0.207214753166224,16.85,1.1541095890411,212.45,3.09468317552804,0,-16.0641,4.11759799833194,1.37608385686463,0.451685660266874,1.30108445697626,0.601283991047423,33.3877563865537,51.0347891166449,14.7976986383577,0.969,3.95608738968062,3.43920674799665,0.832442903389189,0.505112958942417
1995-04-02,0.01,477.15,-1.1,-1.1,297.24,0.6809837246963562,658.41,27.06629,750.88,3.17552224503765,2.27054970568104,0.715016154973943,0.219528466253919,0.207214753166224,16.85,1.1541095890411,212.45,3.09468317552804,0,-16.0641,4.11759799833194,1.37608385686463,0.451685660266874,1.30108445697626,0.601283991047423,33.3877563865537,51.0347891166449,14.7976986383577,0.969,3.95608738968062,3.43920674799665,0.832442903389189,0.505112958942417
1995-04-03,11.88,399.29,-1.12,-1.12,304.55,0.6255927040272746,658.41,27.06629,750.88,3.17552224503765,2.27054970568104,0.715016154973943,0.219528466253919,0.207214753166224,16.85,1.1541095890411,212.45,3.09468317552804,0,-16.0641,4.11759799833194,1.37608385686463,0.451685660266874,1.30108445697626,0.601283991047423,33.3877563865537,51.0347891166449,14.7976986383577,0.969,3.95608738968062,3.43920674799665,0.832442903389189,0.505112958942417
1995-04-04,5.58,425.69,3.43,3.43,335.46,1.5802732367355636,658.41,27.06629,750.88,3.17552224503765,2.27054970568104,0.715016154973943,0.219528466253919,0.207214753166224,16.85,1.1541095890411,212.45,3.09468317552804,0,-16.0641,4.11759799833194,1.37608385686463,0.451685660266874,1.30108445697626,0.601283991047423,33.3877563865537,51.0347891166449,14.7976986383577,0.969,3.95608738968062,3.43920674799665,0.832442903389189,0.505112958942417
1995-04-05,1.78,433.55,-1.6,-1.6,226.89,1.2544437033880247,658.41,27.06629,750.88,3.17552224503765,2.27054970568104,0.715016154973943,0.219528466253919,0.207214753166224,16.85,1.1541095890411,212.45,3.09468317552804,0,-16.0641,4.11759799833194,1.37608385686463,0.451685660266874,1.30108445697626,0.601283991047423,33.3877563865537,51.0347891166449,14.7976986383577,0.969,3.95608738968062,3.43920674799665,0.832442903389189,0.505112958942417
1995-04-06,0.95,306.77,-4.69,-4.69,255.0,1.0850123460473045,658.41,27.06629,750.88,3.17552224503765,2.27054970568104,0.715016154973943,0.219528466253919,0.207214753166224,16.85,1.1541095890411,212.45,3.09468317552804,0,-16.0641,4.11759799833194,1.37608385686463,0.451685660266874,1.30108445697626,0.601283991047423,33.3877563865537,51.0347891166449,14.7976986383577,0.969,3.95608738968062,3.43920674799665,0.832442903389189,0.505112958942417
1995-04-07,5.98,388.31,-1.66,-1.66,313.46,1.1534365480502875,658.41,27.06629,750.88,3.17552224503765,2.27054970568104,0.715016154973943,0.219528466253919,0.207214753166224,16.85,1.1541095890411,212.45,3.09468317552804,0,-16.0641,4.11759799833194,1.37608385686463,0.451685660266874,1.30108445697626,0.601283991047423,33.3877563865537,51.0347891166449,14.7976986383577,0.969,3.95608738968062,3.43920674799665,0.832442903389189,0.505112958942417
1995-04-08,10.05,356.77,-1.07,-1.07,355.95,1.9256525420839548,658.41,27.06629,750.88,3.17552224503765,2.27054970568104,0.715016154973943,0.219528466253919,0.207214753166224,16.85,1.1541095890411,212.45,3.09468317552804,0,-16.0641,4.11759799833194,1.37608385686463,0.451685660266874,1.30108445697626,0.601283991047423,33.3877563865537,51.0347891166449,14.7976986383577,0.969,3.95608738968062,3.43920674799665,0.832442903389189,0.505112958942417
1995-04-09,12.93,248.52,0.69,0.69,420.7,4.072869166844236,658.41,27.06629,750.88,3.17552224503765,2.27054970568104,0.715016154973943,0.219528466253919,0.207214753166224,16.85,1.1541095890411,212.45,3.09468317552804,0,-16.0641,4.11759799833194,1.37608385686463,0.451685660266874,1.30108445697626,0.601283991047423,33.3877563865537,51.0347891166449,14.7976986383577,0.969,3.95608738968062,3.43920674799665,0.832442903389189,0.505112958942417
1995-04-10,2.98,492.88,-3.37,-3.37,269.45,4.398698700191775,658.41,27.06629,750.88,3.17552224503765,2.27054970568104,0.715016154973943,0.219528466253919,0.207214753166224,16.85,1.1541095890411,212.45,3.09468317552804,0,-16.0641,4.11759799833194,1.37608385686463,0.451685660266874,1.30108445697626,0.601283991047423,33.3877563865537,51.0347891166449,14.7976986383577,0.969,3.95608738968062,3.43920674799665,0.832442903389189,0.505112958942417
1995-04-11,0.57,504.44,-1.43,-1.43,311.07,3.2908782868101425,658.41,27.06629,750.88,3.17552224503765,2.27054970568104,0.715016154973943,0.219528466253919,0.207214753166224,16.85,1.1541095890411,212.45,3.09468317552804,0,-16.0641,4.11759799833194,1.37608385686463,0.451685660266874,1.30108445697626,0.601283991047423,33.3877563865537,51.0347891166449,14.7976986383577,0.969,3.95608738968062,3.43920674799665,0.832442903389189,0.505112958942417
1995-04-12,5.5,439.39,4.5,4.5,458.29,3.0432478414660133,658.41,27.06629,750.88,3.17552224503765,2.27054970568104,0.715016154973943,0.219528466253919,0.207214753166224,16.85,1.1541095890411,212.45,3.09468317552804,0,-16.0641,4.11759799833194,1.37608385686463,0.451685660266874,1.30108445697626,0.601283991047423,33.3877563865537,51.0347891166449,14.7976986383577,0.969,3.95608738968062,3.43920674799665,0.832442903389189,0.505112958942417
1995-04-13,3.57,322.2,6.07,6.07,591.04,3.5189589601534195,658.41,27.06629,750.88,3.17552224503765,2.27054970568104,0.715016154973943,0.219528466253919,0.207214753166224,16.85,1.1541095890411,212.45,3.09468317552804,0,-16.0641,4.11759799833194,1.37608385686463,0.451685660266874,1.30108445697626,0.601283991047423,33.3877563865537,51.0347891166449,14.7976986383577,0.969,3.95608738968062,3.43920674799665,0.832442903389189,0.505112958942417
1995-04-14,1.37,253.38,2.47,2.47,504.0,2.9943734114638825,658.41,27.06629,750.88,3.17552224503765,2.27054970568104,0.715016154973943,0.219528466253919,0.207214753166224,16.85,1.1541095890411,212.45,3.09468317552804,0,-16.0641,4.11759799833194,1.37608385686463,0.451685660266874,1.30108445697626,0.601283991047423,33.3877563865537,51.0347891166449,14.7976986383577,0.969,3.95608738968062,3.43920674799665,0.832442903389189,0.505112958942417
1995-04-15,0.21,484.82,-0.15,-0.15,366.22,2.456754681440443,658.41,27.06629,750.88,3.17552224503765,2.27054970568104,0.715016154973943,0.219528466253919,0.207214753166224,16.85,1.1541095890411,212.45,3.09468317552804,0,-16.0641,4.11759799833194,1.37608385686463,0.451685660266874,1.30108445697626,0.601283991047423,33.3877563865537,51.0347891166449,14.7976986383577,0.969,3.95608738968062,3.43920674799665,0.832442903389189,0.505112958942417
1995-04-16,0.0,576.08,0.77,0.77,325.15,2.036434583422118,658.41,27.06629,750.88,3.17552224503765,2.27054970568104,0.715016154973943,0.219528466253919,0.207214753166224,16.85,1.1541095890411,212.45,3.09468317552804,0,-16.0641,4.11759799833194,1.37608385686463,0.451685660266874,1.30108445697626,0.601283991047423,33.3877563865537,51.0347891166449,14.7976986383577,0.969,3.95608738968062,3.43920674799665,0.832442903389189,0.505112958942417
1995-04-17,0.0,594.32,2.51,2.51,326.0,1.7757709567440867,658.41,27.06629,750.88,3.17552224503765,2.27054970568104,0.715016154973943,0.219528466253919,0.207214753166224,16.85,1.1541095890411,212.45,3.09468317552804,0,-16.0641,4.11759799833194,1.37608385686463,0.451685660266874,1.30108445697626,0.601283991047423,33.3877563865537,51.0347891166449,14.7976986383577,0.969,3.95608738968062,3.43920674799665,0.832442903389189,0.505112958942417
1995-04-18,4.86,459.56,4.72,4.72,380.9,1.5998230087364156,658.41,27.06629,750.88,3.17552224503765,2.27054970568104,0.715016154973943,0.219528466253919,0.207214753166224,16.85,1.1541095890411,212.45,3.09468317552804,0,-16.0641,4.11759799833194,1.37608385686463,0.451685660266874,1.30108445697626,0.601283991047423,33.3877563865537,51.0347891166449,14.7976986383577,0.969,3.95608738968062,3.43920674799665,0.832442903389189,0.505112958942417
1995-04-19,1.55,458.54,6.96,6.96,478.99,1.9191359514170039,658.41,27.06629,750.88,3.17552224503765,2.27054970568104,0.715016154973943,0.219528466253919,0.207214753166224,16.85,1.1541095890411,212.45,3.09468317552804,0,-16.0641,4.11759799833194,1.37608385686463,0.451685660266874,1.30108445697626,0.601283991047423,33.3877563865537,51.0347891166449,14.7976986383577,0.969,3.95608738968062,3.43920674799665,0.832442903389189,0.505112958942417
1995-04-20,0.07,548.01,8.56,8.56,584.4,1.5411736927338586,658.41,27.06629,750.88,3.17552224503765,2.27054970568104,0.715016154973943,0.219528466253919,0.207214753166224,16.85,1.1541095890411,212.45,3.09468317552804,0,-16.0641,4.11759799833194,1.37608385686463,0.451685660266874,1.30108445697626,0.601283991047423,33.3877563865537,51.0347891166449,14.7976986383577,0.969,3.95608738968062,3.43920674799665,0.832442903389189,0.505112958942417
1995-04-21,1.1,422.88,9.19,9.19,649.27,1.3782589260600893,658.41,27.06629,750.88,3.17552224503765,2.27054970568104,0.715016154973943,0.219528466253919,0.207214753166224,16.85,1.1541095890411,212.45,3.09468317552804,0,-16.0641,4.11759799833194,1.37608385686463,0.451685660266874,1.30108445697626,0.601283991047423,33.3877563865537,51.0347891166449,14.7976986383577,0.969,3.95608738968062,3.43920674799665,0.832442903389189,0.505112958942417
1995-04-22,0.29,554.49,12.13,12.13,655.92,1.3261262007244832,658.41,27.06629,750.88,3.17552224503765,2.27054970568104,0.715016154973943,0.219528466253919,0.207214753166224,16.85,1.1541095890411,212.45,3.09468317552804,0,-16.0641,4.11759799833194,1.37608385686463,0.451685660266874,1.30108445697626,0.601283991047423,33.3877563865537,51.0347891166449,14.7976986383577,0.969,3.95608738968062,3.43920674799665,0.832442903389189,0.505112958942417
1995-04-23,0.0,543.27,3.58,3.58,400.84,1.1795029107180908,658.41,27.06629,750.88,3.17552224503765,2.27054970568104,0.715016154973943,0.219528466253919,0.207214753166224,16.85,1.1541095890411,212.45,3.09468317552804,0,-16.0641,4.11759799833194,1.37608385686463,0.451685660266874,1.30108445697626,0.601283991047423,33.3877563865537,51.0347891166449,14.7976986383577,0.969,3.95608738968062,3.43920674799665,0.832442903389189,0.505112958942417
1995-04-24,0.0,541.31,3.85,3.85,395.23,1.065462574046452,658.41,27.06629,750.88,3.17552224503765,2.27054970568104,0.715016154973943,0.219528466253919,0.207214753166224,16.85,1.1541095890411,212.45,3.09468317552804,0,-16.0641,4.11759799833194,1.37608385686463,0.451685660266874,1.30108445697626,0.601283991047423,33.3877563865537,51.0347891166449,14.7976986383577,0.969,3.95608738968062,3.43920674799665,0.832442903389189,0.505112958942417
1995-04-25,0.0,598.25,2.98,2.98,337.67,0.9742303047091412,658.41,27.06629,750.88,3.17552224503765,2.27054970568104,0.715016154973943,0.219528466253919,0.207214753166224,16.85,1.1541095890411,212.45,3.09468317552804,0,-16.0641,4.11759799833194,1.37608385686463,0.451685660266874,1.30108445697626,0.601283991047423,33.3877563865537,51.0347891166449,14.7976986383577,0.969,3.95608738968062,3.43920674799665,0.832442903389189,0.505112958942417
1995-04-26,0.14,484.96,6.28,6.28,470.62,0.8895146260387811,658.41,27.06629,750.88,3.17552224503765,2.27054970568104,0.715016154973943,0.219528466253919,0.207214753166224,16.85,1.1541095890411,212.45,3.09468317552804,0,-16.0641,4.11759799833194,1.37608385686463,0.451685660266874,1.30108445697626,0.601283991047423,33.3877563865537,51.0347891166449,14.7976986383577,0.969,3.95608738968062,3.43920674799665,0.832442903389189,0.505112958942417
1995-04-27,0.93,388.8,7.53,7.53,591.39,0.8178321287023226,658.41,27.06629,750.88,3.17552224503765,2.27054970568104,0.715016154973943,0.219528466253919,0.207214753166224,16.85,1.1541095890411,212.45,3.09468317552804,0,-16.0641,4.11759799833194,1.37608385686463,0.451685660266874,1.30108445697626,0.601283991047423,33.3877563865537,51.0347891166449,14.7976986383577,0.969,3.95608738968062,3.43920674799665,0.832442903389189,0.505112958942417
1995-04-28,0.27,575.63,10.7,10.7,577.92,0.7950240613679949,658.41,27.06629,750.88,3.17552224503765,2.27054970568104,0.715016154973943,0.219528466253919,0.207214753166224,16.85,1.1541095890411,212.45,3.09468317552804,0,-16.0641,4.11759799833194,1.37608385686463,0.451685660266874,1.30108445697626,0.601283991047423,33.3877563865537,51.0347891166449,14.7976986383577,0.969,3.95608738968062,3.43920674799665,0.832442903389189,0.505112958942417
1995-04-29,0.01,544.09,7.64,7.64,486.08,0.7265998593650117,658.41,27.06629,750.88,3.17552224503765,2.27054970568104,0.715016154973943,0.219528466253919,0.207214753166224,16.85,1.1541095890411,212.45,3.09468317552804,0,-16.0641,4.11759799833194,1.37608385686463,0.451685660266874,1.30108445697626,0.601283991047423,33.3877563865537,51.0347891166449,14.7976986383577,0.969,3.95608738968062,3.43920674799665,0.832442903389189,0.505112958942417
1995-04-30,0.0,559.72,4.95,4.95,418.74,0.6549173620285531,658.41,27.06629,750.88,3.17552224503765,2.27054970568104,0.715016154973943,0.219528466253919,0.207214753166224,16.85,1.1541095890411,212.45,3.09468317552804,0,-16.0641,4.11759799833194,1.37608385686463,0.451685660266874,1.30108445697626,0.601283991047423,33.3877563865537,51.0347891166449,14.7976986383577,0.969,3.95608738968062,3.43920674799665,0.832442903389189,0.505112958942417
1995-05-01,0.0,559.98,4.94,4.94,429.46,0.6223344086937993,658.41,27.06629,750.88,3.17552224503765,2.27054970568104,0.715016154973943,0.219528466253919,0.207214753166224,16.85,1.1541095890411,212.45,3.09468317552804,0,-16.0641,4.11759799833194,1.37608385686463,0.451685660266874,1.30108445697626,0.601283991047423,33.3877563865537,51.0347891166449,14.7976986383577,0.969,3.95608738968062,3.43920674799665,0.832442903389189,0.505112958942417
1995-05-02,0.0,547.19,6.48,6.48,462.99,0.58649316002557,658.41,27.06629,750.88,3.17552224503765,2.27054970568104,0.715016154973943,0.219528466253919,0.207214753166224,16.85,1.1541095890411,212.45,3.09468317552804,0,-16.0641,4.11759799833194,1.37608385686463,0.451685660266874,1.30108445697626,0.601283991047423,33.3877563865537,51.0347891166449,14.7976986383577,0.969,3.95608738968062,3.43920674799665,0.832442903389189,0.505112958942417
1995-05-03,0.0,575.82,4.48,4.48,393.26,0.5506519113573407,658.41,27.06629,750.88,3.17552224503765,2.27054970568104,0.715016154973943,0.219528466253919,0.207214753166224,16.85,1.1541095890411,212.45,3.09468317552804,0,-16.0641,4.11759799833194,1.37608385686463,0.451685660266874,1.30108445697626,0.601283991047423,33.3877563865537,51.0347891166449,14.7976986383577,0.969,3.95608738968062,3.43920674799665,0.832442903389189,0.505112958942417
1995-05-04,0.01,563.89,6.25,6.25,439.62,0.5082940720221607,658.41,27.06629,750.88,3.17552224503765,2.27054970568104,0.715016154973943,0.219528466253919,0.207214753166224,16.85,1.1541095890411,212.45,3.09468317552804,0,-16.0641,4.11759799833194,1.37608385686463,0.451685660266874,1.30108445697626,0.601283991047423,33.3877563865537,51.0347891166449,14.7976986383577,0.969,3.95608738968062,3.43920674799665,0.832442903389189,0.505112958942417
1995-05-05,0.08,440.84,8.69,8.69,561.01,0.4887443000213083,658.41,27.06629,750.88,3.17552224503765,2.27054970568104,0.715016154973943,0.219528466253919,0.207214753166224,16.85,1.1541095890411,212.45,3.09468317552804,0,-16.0641,4.11759799833194,1.37608385686463,0.451685660266874,1.30108445697626,0.601283991047423,33.3877563865537,51.0347891166449,14.7976986383577,0.969,3.95608738968062,3.43920674799665,0.832442903389189,0.505112958942417
1995-05-06,0.02,547.78,9.88,9.88,556.75,0.4594196420200298,658.41,27.06629,750.88,3.17552224503765,2.27054970568104,0.715016154973943,0.219528466253919,0.207214753166224,16.85,1.1541095890411,212.45,3.09468317552804,0,-16.0641,4.11759799833194,1.37608385686463,0.451685660266874,1.30108445697626,0.601283991047423,33.3877563865537,51.0347891166449,14.7976986383577,0.969,3.95608738968062,3.43920674799665,0.832442903389189,0.505112958942417
1995-05-07,0.0,593.62,5.7,5.7,376.11,0.4300949840187513,658.41,27.06629,750.88,3.17552224503765,2.27054970568104,0.715016154973943,0.219528466253919,0.207214753166224,16.85,1.1541095890411,212.45,3.09468317552804,0,-16.0641,4.11759799833194,1.37608385686463,0.451685660266874,1.30108445697626,0.601283991047423,33.3877563865537,51.0347891166449,14.7976986383577,0.969,3.95608738968062,3.43920674799665,0.832442903389189,0.505112958942417
1995-05-08,0.0,605.52,5.19,5.19,362.52,0.39425373535052205,658.41,27.06629,750.88,3.17552224503765,2.27054970568104,0.715016154973943,0.219528466253919,0.207214753166224,16.85,1.1541095890411,212.45,3.09468317552804,0,-16.0641,4.11759799833194,1.37608385686463,0.451685660266874,1.30108445697626,0.601283991047423,33.3877563865537,51.0347891166449,14.7976986383577,0.969,3.95608738968062,3.43920674799665,0.832442903389189,0.505112958942417
1995-05-09,0.81,430.7,7.07,7.07,517.23,0.3747039633496697,658.41,27.06629,750.88,3.17552224503765,2.27054970568104,0.715016154973943,0.219528466253919,0.207214753166224,16.85,1.1541095890411,212.45,3.09468317552804,0,-16.0641,4.11759799833194,1.37608385686463,0.451685660266874,1.30108445697626,0.601283991047423,33.3877563865537,51.0347891166449,14.7976986383577,0.969,3.95608738968062,3.43920674799665,0.832442903389189,0.505112958942417
1995-05-10,10.51,399.7,10.68,10.68,740.35,0.3714456680161943,658.41,27.06629,750.88,3.17552224503765,2.27054970568104,0.715016154973943,0.219528466253919,0.207214753166224,16.85,1.1541095890411,212.45,3.09468317552804,0,-16.0641,4.11759799833194,1.37608385686463,0.451685660266874,1.30108445697626,0.601283991047423,33.3877563865537,51.0347891166449,14.7976986383577,0.969,3.95608738968062,3.43920674799665,0.832442903389189,0.505112958942417
1995-05-11,4.84,382.49,14.05,14.05,913.27,0.6093012273598977,658.41,27.06629,750.88,3.17552224503765,2.27054970568104,0.715016154973943,0.219528466253919,0.207214753166224,16.85,1.1541095890411,212.45,3.09468317552804,0,-16.0641,4.11759799833194,1.37608385686463,0.451685660266874,1.30108445697626,0.601283991047423,33.3877563865537,51.0347891166449,14.7976986383577,0.969,3.95608738968062,3.43920674799665,0.832442903389189,0.505112958942417
1995-05-12,0.6,387.23,12.57,12.57,833.51,0.6353675900277007,658.41,27.06629,750.88,3.17552224503765,2.27054970568104,0.715016154973943,0.219528466253919,0.207214753166224,16.85,1.1541095890411,212.45,3.09468317552804,0,-16.0641,4.11759799833194,1.37608385686463,0.451685660266874,1.30108445697626,0.601283991047423,33.3877563865537,51.0347891166449,14.7976986383577,0.969,3.95608738968062,3.43920674799665,0.832442903389189,0.505112958942417
1995-05-13,0.01,515.83,9.51,9.51,676.81,0.49851918602173445,658.41,27.06629,750.88,3.17552224503765,2.27054970568104,0.715016154973943,0.219528466253919,0.207214753166224,16.85,1.1541095890411,212.45,3.09468317552804,0,-16.0641,4.11759799833194,1.37608385686463,0.451685660266874,1.30108445697626,0.601283991047423,33.3877563865537,51.0347891166449,14.7976986383577,0.969,3.95608738968062,3.43920674799665,0.832442903389189,0.505112958942417
1995-05-14,10.31,403.74,12.45,12.45,812.41,0.47245282335393135,658.41,27.06629,750.88,3.17552224503765,2.27054970568104,0.715016154973943,0.219528466253919,0.207214753166224,16.85,1.1541095890411,212.45,3.09468317552804,0,-16.0641,4.11759799833194,1.37608385686463,0.451685660266874,1.30108445697626,0.601283991047423,33.3877563865537,51.0347891166449,14.7976986383577,0.969,3.95608738968062,3.43920674799665,0.832442903389189,0.505112958942417
1995-05-15,2.8,349.12,12.89,12.89,881.24,0.9025478073726826,658.41,27.06629,750.88,3.17552224503765,2.27054970568104,0.715016154973943,0.219528466253919,0.207214753166224,16.85,1.1541095890411,212.45,3.09468317552804,0,-16.0641,4.11759799833194,1.37608385686463,0.451685660266874,1.30108445697626,0.601283991047423,33.3877563865537,51.0347891166449,14.7976986383577,0.969,3.95608738968062,3.43920674799665,0.832442903389189,0.505112958942417
1995-05-16,0.13,472.02,10.22,10.22,680.14,0.5995263413594715,658.41,27.06629,750.88,3.17552224503765,2.27054970568104,0.715016154973943,0.219528466253919,0.207214753166224,16.85,1.1541095890411,212.45,3.09468317552804,0,-16.0641,4.11759799833194,1.37608385686463,0.451685660266874,1.30108445697626,0.601283991047423,33.3877563865537,51.0347891166449,14.7976986383577,0.969,3.95608738968062,3.43920674799665,0.832442903389189,0.505112958942417
1995-05-17,1.62,434.14,12.51,12.51,713.58,0.54413532069039,658.41,27.06629,750.88,3.17552224503765,2.27054970568104,0.715016154973943,0.219528466253919,0.207214753166224,16.85,1.1541095890411,212.45,3.09468317552804,0,-16.0641,4.11759799833194,1.37608385686463,0.451685660266874,1.30108445697626,0.601283991047423,33.3877563865537,51.0347891166449,14.7976986383577,0.969,3.95608738968062,3.43920674799665,0.832442903389189,0.505112958942417
1995-05-18,3.43,369.8,12.49,12.49,805.77,0.5995263413594715,658.41,27.06629,750.88,3.17552224503765,2.27054970568104,0.715016154973943,0.219528466253919,0.207214753166224,16.85,1.1541095890411,212.45,3.09468317552804,0,-16.0641,4.11759799833194,1.37608385686463,0.451685660266874,1.30108445697626,0.601283991047423,33.3877563865537,51.0347891166449,14.7976986383577,0.969,3.95608738968062,3.43920674799665,0.832442903389189,0.505112958942417
1995-05-19,1.71,307.73,9.35,9.35,726.99,0.6386258853611761,658.41,27.06629,750.88,3.17552224503765,2.27054970568104,0.715016154973943,0.219528466253919,0.207214753166224,16.85,1.1541095890411,212.45,3.09468317552804,0,-16.0641,4.11759799833194,1.37608385686463,0.451685660266874,1.30108445697626,0.601283991047423,33.3877563865537,51.0347891166449,14.7976986383577,0.969,3.95608738968062,3.43920674799665,0.832442903389189,0.505112958942417
1995-05-20,0.28,517.35,9.02,9.02,604.81,0.5995263413594715,658.41,27.06629,750.88,3.17552224503765,2.27054970568104,0.715016154973943,0.219528466253919,0.207214753166224,16.85,1.1541095890411,212.45,3.09468317552804,0,-16.0641,4.11759799833194,1.37608385686463,0.451685660266874,1.30108445697626,0.601283991047423,33.3877563865537,51.0347891166449,14.7976986383577,0.969,3.95608738968062,3.43920674799665,0.832442903389189,0.505112958942417
1995-05-21,0.01,566.64,12.94,12.94,674.91,0.511552367355636,658.41,27.06629,750.88,3.17552224503765,2.27054970568104,0.715016154973943,0.219528466253919,0.207214753166224,16.85,1.1541095890411,212.45,3.09468317552804,0,-16.0641,4.11759799833194,1.37608385686463,0.451685660266874,1.30108445697626,0.601283991047423,33.3877563865537,51.0347891166449,14.7976986383577,0.969,3.95608738968062,3.43920674799665,0.832442903389189,0.505112958942417
1995-05-22,0.0,591.76,11.6,11.6,557.59,0.46593623268698053,658.41,27.06629,750.88,3.17552224503765,2.27054970568104,0.715016154973943,0.219528466253919,0.207214753166224,16.85,1.1541095890411,212.45,3.09468317552804,0,-16.0641,4.11759799833194,1.37608385686463,0.451685660266874,1.30108445697626,0.601283991047423,33.3877563865537,51.0347891166449,14.7976986383577,0.969,3.95608738968062,3.43920674799665,0.832442903389189,0.505112958942417
1995-05-23,0.23,506.6,9.52,9.52,586.49,0.42683668868527586,658.41,27.06629,750.88,3.17552224503765,2.27054970568104,0.715016154973943,0.219528466253919,0.207214753166224,16.85,1.1541095890411,212.45,3.09468317552804,0,-16.0641,4.11759799833194,1.37608385686463,0.451685660266874,1.30108445697626,0.601283991047423,33.3877563865537,51.0347891166449,14.7976986383577,0.969,3.95608738968062,3.43920674799665,0.832442903389189,0.505112958942417
1995-05-24,11.71,427.62,14.9,14.9,835.43,0.44312816535265287,658.41,27.06629,750.88,3.17552224503765,2.27054970568104,0.715016154973943,0.219528466253919,0.207214753166224,16.85,1.1541095890411,212.45,3.09468317552804,0,-16.0641,4.11759799833194,1.37608385686463,0.451685660266874,1.30108445697626,0.601283991047423,33.3877563865537,51.0347891166449,14.7976986383577,0.969,3.95608738968062,3.43920674799665,0.832442903389189,0.505112958942417
1995-05-25,4.19,405.28,14.82,14.82,887.01,0.7265998593650117,658.41,27.06629,750.88,3.17552224503765,2.27054970568104,0.715016154973943,0.219528466253919,0.207214753166224,16.85,1.1541095890411,212.45,3.09468317552804,0,-16.0641,4.11759799833194,1.37608385686463,0.451685660266874,1.30108445697626,0.601283991047423,33.3877563865537,51.0347891166449,14.7976986383577,0.969,3.95608738968062,3.43920674799665,0.832442903389189,0.505112958942417
1995-05-26,0.32,445.53,12.71,12.71,802.74,0.5278438440230129,658.41,27.06629,750.88,3.17552224503765,2.27054970568104,0.715016154973943,0.219528466253919,0.207214753166224,16.85,1.1541095890411,212.45,3.09468317552804,0,-16.0641,4.11759799833194,1.37608385686463,0.451685660266874,1.30108445697626,0.601283991047423,33.3877563865537,51.0347891166449,14.7976986383577,0.969,3.95608738968062,3.43920674799665,0.832442903389189,0.505112958942417
1995-05-27,0.37,533.19,9.87,9.87,633.61,0.44964475601960363,658.41,27.06629,750.88,3.17552224503765,2.27054970568104,0.715016154973943,0.219528466253919,0.207214753166224,16.85,1.1541095890411,212.45,3.09468317552804,0,-16.0641,4.11759799833194,1.37608385686463,0.451685660266874,1.30108445697626,0.601283991047423,33.3877563865537,51.0347891166449,14.7976986383577,0.969,3.95608738968062,3.43920674799665,0.832442903389189,0.505112958942417
1995-05-28,7.73,416.28,13.22,13.22,840.08,0.4007703260174728,658.41,27.06629,750.88,3.17552224503765,2.27054970568104,0.715016154973943,0.219528466253919,0.207214753166224,16.85,1.1541095890411,212.45,3.09468317552804,0,-16.0641,4.11759799833194,1.37608385686463,0.451685660266874,1.30108445697626,0.601283991047423,33.3877563865537,51.0347891166449,14.7976986383577,0.969,3.95608738968062,3.43920674799665,0.832442903389189,0.505112958942417
1995-05-29,3.58,228.44,12.71,12.71,999.12,0.5767182740251438,658.41,27.06629,750.88,3.17552224503765,2.27054970568104,0.715016154973943,0.219528466253919,0.207214753166224,16.85,1.1541095890411,212.45,3.09468317552804,0,-16.0641,4.11759799833194,1.37608385686463,0.451685660266874,1.30108445697626,0.601283991047423,33.3877563865537,51.0347891166449,14.7976986383577,0.969,3.95608738968062,3.43920674799665,0.832442903389189,0.505112958942417
1995-05-30,0.41,542.7,14.96,14.96,876.84,0.5473936160238653,658.41,27.06629,750.88,3.17552224503765,2.27054970568104,0.715016154973943,0.219528466253919,0.207214753166224,16.85,1.1541095890411,212.45,3.09468317552804,0,-16.0641,4.11759799833194,1.37608385686463,0.451685660266874,1.30108445697626,0.601283991047423,33.3877563865537,51.0347891166449,14.7976986383577,0.969,3.95608738968062,3.43920674799665,0.832442903389189,0.505112958942417
1995-05-31,0.2,556.56,12.85,12.85,744.22,0.42683668868527586,658.41,27.06629,750.88,3.17552224503765,2.27054970568104,0.715016154973943,0.219528466253919,0.207214753166224,16.85,1.1541095890411,212.45,3.09468317552804,0,-16.0641,4.11759799833194,1.37608385686463,0.451685660266874,1.30108445697626,0.601283991047423,33.3877563865537,51.0347891166449,14.7976986383577,0.969,3.95608738968062,3.43920674799665,0.832442903389189,0.505112958942417
1995-06-01,0.3,505.64,15.15,15.15,836.14,0.36167078201576813,658.41,27.06629,750.88,3.17552224503765,2.27054970568104,0.715016154973943,0.219528466253919,0.207214753166224,16.85,1.1541095890411,212.45,3.09468317552804,0,-16.0641,4.11759799833194,1.37608385686463,0.451685660266874,1.30108445697626,0.601283991047423,33.3877563865537,51.0347891166449,14.7976986383577,0.969,3.95608738968062,3.43920674799665,0.832442903389189,0.505112958942417
1995-06-02,9.91,419.93,16.7,16.7,1033.86,0.3388627146814404,658.41,27.06629,750.88,3.17552224503765,2.27054970568104,0.715016154973943,0.219528466253919,0.207214753166224,16.85,1.1541095890411,212.45,3.09468317552804,0,-16.0641,4.11759799833194,1.37608385686463,0.451685660266874,1.30108445697626,0.601283991047423,33.3877563865537,51.0347891166449,14.7976986383577,0.969,3.95608738968062,3.43920674799665,0.832442903389189,0.505112958942417
1995-06-03,4.21,376.45,19.82,19.82,1300.29,0.5213272533560622,658.41,27.06629,750.88,3.17552224503765,2.27054970568104,0.715016154973943,0.219528466253919,0.207214753166224,16.85,1.1541095890411,212.45,3.09468317552804,0,-16.0641,4.11759799833194,1.37608385686463,0.451685660266874,1.30108445697626,0.601283991047423,33.3877563865537,51.0347891166449,14.7976986383577,0.969,3.95608738968062,3.43920674799665,0.832442903389189,0.505112958942417
1995-06-04,0.44,486.93,18.54,18.54,1091.56,0.39751203068399743,658.41,27.06629,750.88,3.17552224503765,2.27054970568104,0.715016154973943,0.219528466253919,0.207214753166224,16.85,1.1541095890411,212.45,3.09468317552804,0,-16.0641,4.11759799833194,1.37608385686463,0.451685660266874,1.30108445697626,0.601283991047423,33.3877563865537,51.0347891166449,14.7976986383577,0.969,3.95608738968062,3.43920674799665,0.832442903389189,0.505112958942417
1995-06-05,0.0,585.1,13.27,13.27,733.75,0.32257123801406345,658.41,27.06629,750.88,3.17552224503765,2.27054970568104,0.715016154973943,0.219528466253919,0.207214753166224,16.85,1.1541095890411,212.45,3.09468317552804,0,-16.0641,4.11759799833194,1.37608385686463,0.451685660266874,1.30108445697626,0.601283991047423,33.3877563865537,51.0347891166449,14.7976986383577,0.969,3.95608738968062,3.43920674799665,0.832442903389189,0.505112958942417
1995-06-06,1.11,484.72,15.54,15.54,857.27,0.2834716940123588,658.41,27.06629,750.88,3.17552224503765,2.27054970568104,0.715016154973943,0.219528466253919,0.207214753166224,16.85,1.1541095890411,212.45,3.09468317552804,0,-16.0641,4.11759799833194,1.37608385686463,0.451685660266874,1.30108445697626,0.601283991047423,33.3877563865537,51.0347891166449,14.7976986383577,0.969,3.95608738968062,3.43920674799665,0.832442903389189,0.505112958942417
1995-06-07,7.89,420.21,18.26,18.26,1065.73,0.2671802173449819,658.41,27.06629,750.88,3.17552224503765,2.27054970568104,0.715016154973943,0.219528466253919,0.207214753166224,16.85,1.1541095890411,212.45,3.09468317552804,0,-16.0641,4.11759799833194,1.37608385686463,0.451685660266874,1.30108445697626,0.601283991047423,33.3877563865537,51.0347891166449,14.7976986383577,0.969,3.95608738968062,3.43920674799665,0.832442903389189,0.505112958942417
1995-06-08,2.32,415.04,19.64,19.64,1105.1,0.4366115746857021,658.41,27.06629,750.88,3.17552224503765,2.27054970568104,0.715016154973943,0.219528466253919,0.207214753166224,16.85,1.1541095890411,212.45,3.09468317552804,0,-16.0641,4.11759799833194,1.37608385686463,0.451685660266874,1.30108445697626,0.601283991047423,33.3877563865537,51.0347891166449,14.7976986383577,0.969,3.95608738968062,3.43920674799665,0.832442903389189,0.505112958942417
1995-06-09,0.31,376.6,11.26,11.26,817.27,0.3258295333475389,658.41,27.06629,750.88,3.17552224503765,2.27054970568104,0.715016154973943,0.219528466253919,0.207214753166224,16.85,1.1541095890411,212.45,3.09468317552804,0,-16.0641,4.11759799833194,1.37608385686463,0.451685660266874,1.30108445697626,0.601283991047423,33.3877563865537,51.0347891166449,14.7976986383577,0.969,3.95608738968062,3.43920674799665,0.832442903389189,0.505112958942417
1995-06-10,2.19,416.9,13.86,13.86,936.56,0.27043851267845725,658.41,27.06629,750.88,3.17552224503765,2.27054970568104,0.715016154973943,0.219528466253919,0.207214753166224,16.85,1.1541095890411,212.45,3.09468317552804,0,-16.0641,4.11759799833194,1.37608385686463,0.451685660266874,1.30108445697626,0.601283991047423,33.3877563865537,51.0347891166449,14.7976986383577,0.969,3.95608738968062,3.43920674799665,0.832442903389189,0.505112958942417
1995-06-11,5.42,394.36,18.35,18.35,1143.26,0.276955103345408,658.41,27.06629,750.88,3.17552224503765,2.27054970568104,0.715016154973943,0.219528466253919,0.207214753166224,16.85,1.1541095890411,212.45,3.09468317552804,0,-16.0641,4.11759799833194,1.37608385686463,0.451685660266874,1.30108445697626,0.601283991047423,33.3877563865537,51.0347891166449,14.7976986383577,0.969,3.95608738968062,3.43920674799665,0.832442903389189,0.505112958942417
1995-06-12,2.96,420.41,17.48,17.48,945.33,0.2867299893458342,658.41,27.06629,750.88,3.17552224503765,2.27054970568104,0.715016154973943,0.219528466253919,0.207214753166224,16.85,1.1541095890411,212.45,3.09468317552804,0,-16.0641,4.11759799833194,1.37608385686463,0.451685660266874,1.30108445697626,0.601283991047423,33.3877563865537,51.0347891166449,14.7976986383577,0.969,3.95608738968062,3.43920674799665,0.832442903389189,0.505112958942417
1995-06-13,0.49,554.98,10.01,10.01,626.49,0.30627976134668655,658.41,27.06629,750.88,3.17552224503765,2.27054970568104,0.715016154973943,0.219528466253919,0.207214753166224,16.85,1.1541095890411,212.45,3.09468317552804,0,-16.0641,4.11759799833194,1.37608385686463,0.451685660266874,1.30108445697626,0.601283991047423,33.3877563865537,51.0347891166449,14.7976986383577,0.969,3.95608738968062,3.43920674799665,0.832442903389189,0.505112958942417
1995-06-14,0.01,572.79,11.9,11.9,662.09,0.24111385467717877,658.41,27.06629,750.88,3.17552224503765,2.27054970568104,0.715016154973943,0.219528466253919,0.207214753166224,16.85,1.1541095890411,212.45,3.09468317552804,0,-16.0641,4.11759799833194,1.37608385686463,0.451685660266874,1.30108445697626,0.601283991047423,33.3877563865537,51.0347891166449,14.7976986383577,0.969,3.95608738968062,3.43920674799665,0.832442903389189,0.505112958942417
1995-06-15,0.0,588.78,12.0,12.0,628.83,0.21504749200937565,658.41,27.06629,750.88,3.17552224503765,2.27054970568104,0.715016154973943,0.219528466253919,0.207214753166224,16.85,1.1541095890411,212.45,3.09468317552804,0,-16.0641,4.11759799833194,1.37608385686463,0.451685660266874,1.30108445697626,0.601283991047423,33.3877563865537,51.0347891166449,14.7976986383577,0.969,3.95608738968062,3.43920674799665,0.832442903389189,0.505112958942417
1995-06-16,0.0,585.82,12.82,12.82,672.21,0.18898112934157255,658.41,27.06629,750.88,3.17552224503765,2.27054970568104,0.715016154973943,0.219528466253919,0.207214753166224,16.85,1.1541095890411,212.45,3.09468317552804,0,-16.0641,4.11759799833194,1.37608385686463,0.451685660266874,1.30108445697626,0.601283991047423,33.3877563865537,51.0347891166449,14.7976986383577,0.969,3.95608738968062,3.43920674799665,0.832442903389189,0.505112958942417
1995-06-17,0.0,585.59,14.99,14.99,770.73,0.1726896526741956,658.41,27.06629,750.88,3.17552224503765,2.27054970568104,0.715016154973943,0.219528466253919,0.207214753166224,16.85,1.1541095890411,212.45,3.09468317552804,0,-16.0641,4.11759799833194,1.37608385686463,0.451685660266874,1.30108445697626,0.601283991047423,33.3877563865537,51.0347891166449,14.7976986383577,0.969,3.95608738968062,3.43920674799665,0.832442903389189,0.505112958942417
1995-06-18,0.0,573.1,17.46,17.46,934.52,0.16291476667376945,658.41,27.06629,750.88,3.17552224503765,2.27054970568104,0.715016154973943,0.219528466253919,0.207214753166224,16.85,1.1541095890411,212.45,3.09468317552804,0,-16.0641,4.11759799833194,1.37608385686463,0.451685660266874,1.30108445697626,0.601283991047423,33.3877563865537,51.0347891166449,14.7976986383577,0.969,3.95608738968062,3.43920674799665,0.832442903389189,0.505112958942417
1995-06-19,0.0,552.96,19.95,19.95,1145.75,0.15639817600681866,658.41,27.06629,750.88,3.17552224503765,2.27054970568104,0.715016154973943,0.219528466253919,0.207214753166224,16.85,1.1541095890411,212.45,3.09468317552804,0,-16.0641,4.11759799833194,1.37608385686463,0.451685660266874,1.30108445697626,0.601283991047423,33.3877563865537,51.0347891166449,14.7976986383577,0.969,3.95608738968062,3.43920674799665,0.832442903389189,0.505112958942417
1995-06-20,0.0,539.68,22.45,22.45,1280.47,0.14988158533986787,658.41,27.06629,750.88,3.17552224503765,2.27054970568104,0.715016154973943,0.219528466253919,0.207214753166224,16.85,1.1541095890411,212.45,3.09468317552804,0,-16.0641,4.11759799833194,1.37608385686463,0.451685660266874,1.30108445697626,0.601283991047423,33.3877563865537,51.0347891166449,14.7976986383577,0.969,3.95608738968062,3.43920674799665,0.832442903389189,0.505112958942417
1995-06-21,1.47,426.54,20.7,20.7,1181.76,0.1433649946729171,658.41,27.06629,750.88,3.17552224503765,2.27054970568104,0.715016154973943,0.219528466253919,0.207214753166224,16.85,1.1541095890411,212.45,3.09468317552804,0,-16.0641,4.11759799833194,1.37608385686463,0.451685660266874,1.30108445697626,0.601283991047423,33.3877563865537,51.0347891166449,14.7976986383577,0.969,3.95608738968062,3.43920674799665,0.832442903389189,0.505112958942417
1995-06-22,0.41,498.1,22.01,22.01,1345.41,0.1694313573407202,658.41,27.06629,750.88,3.17552224503765,2.27054970568104,0.715016154973943,0.219528466253919,0.207214753166224,16.85,1.1541095890411,212.45,3.09468317552804,0,-16.0641,4.11759799833194,1.37608385686463,0.451685660266874,1.30108445697626,0.601283991047423,33.3877563865537,51.0347891166449,14.7976986383577,0.969,3.95608738968062,3.43920674799665,0.832442903389189,0.505112958942417
1995-06-23,0.04,457.0,21.98,21.98,1453.66,0.15639817600681866,658.41,27.06629,750.88,3.17552224503765,2.27054970568104,0.715016154973943,0.219528466253919,0.207214753166224,16.85,1.1541095890411,212.45,3.09468317552804,0,-16.0641,4.11759799833194,1.37608385686463,0.451685660266874,1.30108445697626,0.601283991047423,33.3877563865537,51.0347891166449,14.7976986383577,0.969,3.95608738968062,3.43920674799665,0.832442903389189,0.505112958942417
1995-06-24,0.86,357.45,19.54,19.54,1363.98,0.14988158533986787,658.41,27.06629,750.88,3.17552224503765,2.27054970568104,0.715016154973943,0.219528466253919,0.207214753166224,16.85,1.1541095890411,212.45,3.09468317552804,0,-16.0641,4.11759799833194,1.37608385686463,0.451685660266874,1.30108445697626,0.601283991047423,33.3877563865537,51.0347891166449,14.7976986383577,0.969,3.95608738968062,3.43920674799665,0.832442903389189,0.505112958942417
1995-06-25,1.49,364.84,20.09,20.09,1421.7,0.1401066993394417,658.41,27.06629,750.88,3.17552224503765,2.27054970568104,0.715016154973943,0.219528466253919,0.207214753166224,16.85,1.1541095890411,212.45,3.09468317552804,0,-16.0641,4.11759799833194,1.37608385686463,0.451685660266874,1.30108445697626,0.601283991047423,33.3877563865537,51.0347891166449,14.7976986383577,0.969,3.95608738968062,3.43920674799665,0.832442903389189,0.505112958942417
1995-06-26,2.62,350.89,21.34,21.34,1550.49,0.1401066993394417,658.41,27.06629,750.88,3.17552224503765,2.27054970568104,0.715016154973943,0.219528466253919,0.207214753166224,16.85,1.1541095890411,212.45,3.09468317552804,0,-16.0641,4.11759799833194,1.37608385686463,0.451685660266874,1.30108445697626,0.601283991047423,33.3877563865537,51.0347891166449,14.7976986383577,0.969,3.95608738968062,3.43920674799665,0.832442903389189,0.505112958942417
1995-06-27,7.91,351.01,22.02,22.02,1531.96,0.15639817600681866,658.41,27.06629,750.88,3.17552224503765,2.27054970568104,0.715016154973943,0.219528466253919,0.207214753166224,16.85,1.1541095890411,212.45,3.09468317552804,0,-16.0641,4.11759799833194,1.37608385686463,0.451685660266874,1.30108445697626,0.601283991047423,33.3877563865537,51.0347891166449,14.7976986383577,0.969,3.95608738968062,3.43920674799665,0.832442903389189,0.505112958942417
1995-06-28,1.94,334.69,16.73,16.73,1264.86,0.1954977200085233,658.41,27.06629,750.88,3.17552224503765,2.27054970568104,0.715016154973943,0.219528466253919,0.207214753166224,16.85,1.1541095890411,212.45,3.09468317552804,0,-16.0641,4.11759799833194,1.37608385686463,0.451685660266874,1.30108445697626,0.601283991047423,33.3877563865537,51.0347891166449,14.7976986383577,0.969,3.95608738968062,3.43920674799665,0.832442903389189,0.505112958942417
1995-06-29,0.23,381.71,18.01,18.01,1353.18,0.16291476667376945,658.41,27.06629,750.88,3.17552224503765,2.27054970568104,0.715016154973943,0.219528466253919,0.207214753166224,16.85,1.1541095890411,212.45,3.09468317552804,0,-16.0641,4.11759799833194,1.37608385686463,0.451685660266874,1.30108445697626,0.601283991047423,33.3877563865537,51.0347891166449,14.7976986383577,0.969,3.95608738968062,3.43920674799665,0.832442903389189,0.505112958942417
1995-06-30,1.95,259.84,19.0,19.0,1531.05,0.15639817600681866,658.41,27.06629,750.88,3.17552224503765,2.27054970568104,0.715016154973943,0.219528466253919,0.207214753166224,16.85,1.1541095890411,212.45,3.09468317552804,0,-16.0641,4.11759799833194,1.37608385686463,0.451685660266874,1.30108445697626,0.601283991047423,33.3877563865537,51.0347891166449,14.7976986383577,0.969,3.95608738968062,3.43920674799665,0.832442903389189,0.505112958942417
1995-07-01,1.22,339.57,20.29,20.29,1443.95,0.17594794800767097,658.41,27.06629,750.88,3.17552224503765,2.27054970568104,0.715016154973943,0.219528466253919,0.207214753166224,16.85,1.1541095890411,212.45,3.09468317552804,0,-16.0641,4.11759799833194,1.37608385686463,0.451685660266874,1.30108445697626,0.601283991047423,33.3877563865537,51.0347891166449,14.7976986383577,0.969,3.95608738968062,3.43920674799665,0.832442903389189,0.505112958942417
1995-07-02,0.19,524.98,17.34,17.34,1022.8,0.17594794800767097,658.41,27.06629,750.88,3.17552224503765,2.27054970568104,0.715016154973943,0.219528466253919,0.207214753166224,16.85,1.1541095890411,212.45,3.09468317552804,0,-16.0641,4.11759799833194,1.37608385686463,0.451685660266874,1.30108445697626,0.601283991047423,33.3877563865537,51.0347891166449,14.7976986383577,0.969,3.95608738968062,3.43920674799665,0.832442903389189,0.505112958942417
1995-07-03,0.13,471.36,11.98,11.98,771.45,0.1466232900063925,658.41,27.06629,750.88,3.17552224503765,2.27054970568104,0.715016154973943,0.219528466253919,0.207214753166224,16.85,1.1541095890411,212.45,3.09468317552804,0,-16.0641,4.11759799833194,1.37608385686463,0.451685660266874,1.30108445697626,0.601283991047423,33.3877563865537,51.0347891166449,14.7976986383577,0.969,3.95608738968062,3.43920674799665,0.832442903389189,0.505112958942417
1995-07-04,2.56,431.54,14.07,14.07,897.2,0.13033181333901556,658.41,27.06629,750.88,3.17552224503765,2.27054970568104,0.715016154973943,0.219528466253919,0.207214753166224,16.85,1.1541095890411,212.45,3.09468317552804,0,-16.0641,4.11759799833194,1.37608385686463,0.451685660266874,1.30108445697626,0.601283991047423,33.3877563865537,51.0347891166449,14.7976986383577,0.969,3.95608738968062,3.43920674799665,0.832442903389189,0.505112958942417
1995-07-05,2.61,385.41,18.86,18.86,1317.07,0.13684840400596632,658.41,27.06629,750.88,3.17552224503765,2.27054970568104,0.715016154973943,0.219528466253919,0.207214753166224,16.85,1.1541095890411,212.45,3.09468317552804,0,-16.0641,4.11759799833194,1.37608385686463,0.451685660266874,1.30108445697626,0.601283991047423,33.3877563865537,51.0347891166449,14.7976986383577,0.969,3.95608738968062,3.43920674799665,0.832442903389189,0.505112958942417
1995-07-06,4.38,335.89,22.25,22.25,1639.08,0.1401066993394417,658.41,27.06629,750.88,3.17552224503765,2.27054970568104,0.715016154973943,0.219528466253919,0.207214753166224,16.85,1.1541095890411,212.45,3.09468317552804,0,-16.0641,4.11759799833194,1.37608385686463,0.451685660266874,1.30108445697626,0.601283991047423,33.3877563865537,51.0347891166449,14.7976986383577,0.969,3.95608738968062,3.43920674799665,0.832442903389189,0.505112958942417
1995-07-07,1.17,424.75,21.99,21.99,1485.82,0.1694313573407202,658.41,27.06629,750.88,3.17552224503765,2.27054970568104,0.715016154973943,0.219528466253919,0.207214753166224,16.85,1.1541095890411,212.45,3.09468317552804,0,-16.0641,4.11759799833194,1.37608385686463,0.451685660266874,1.30108445697626,0.601283991047423,33.3877563865537,51.0347891166449,14.7976986383577,0.969,3.95608738968062,3.43920674799665,0.832442903389189,0.505112958942417
1995-07-08,0.54,374.29,19.26,19.26,1229.52,0.15639817600681866,658.41,27.06629,750.88,3.17552224503765,2.27054970568104,0.715016154973943,0.219528466253919,0.207214753166224,16.85,1.1541095890411,212.45,3.09468317552804,0,-16.0641,4.11759799833194,1.37608385686463,0.451685660266874,1.30108445697626,0.601283991047423,33.3877563865537,51.0347891166449,14.7976986383577,0.969,3.95608738968062,3.43920674799665,0.832442903389189,0.505112958942417
1995-07-09,0.78,343.74,13.66,13.66,976.27,0.13684840400596632,658.41,27.06629,750.88,3.17552224503765,2.27054970568104,0.715016154973943,0.219528466253919,0.207214753166224,16.85,1.1541095890411,212.45,3.09468317552804,0,-16.0641,4.11759799833194,1.37608385686463,0.451685660266874,1.30108445697626,0.601283991047423,33.3877563865537,51.0347891166449,14.7976986383577,0.969,3.95608738968062,3.43920674799665,0.832442903389189,0.505112958942417
1995-07-10,2.01,377.5,13.94,13.94,946.31,0.12381522267206477,658.41,27.06629,750.88,3.17552224503765,2.27054970568104,0.715016154973943,0.219528466253919,0.207214753166224,16.85,1.1541095890411,212.45,3.09468317552804,0,-16.0641,4.11759799833194,1.37608385686463,0.451685660266874,1.30108445697626,0.601283991047423,33.3877563865537,51.0347891166449,14.7976986383577,0.969,3.95608738968062,3.43920674799665,0.832442903389189,0.505112958942417
1995-07-11,0.49,530.23,16.51,16.51,958.61,0.14988158533986787,658.41,27.06629,750.88,3.17552224503765,2.27054970568104,0.715016154973943,0.219528466253919,0.207214753166224,16.85,1.1541095890411,212.45,3.09468317552804,0,-16.0641,4.11759799833194,1.37608385686463,0.451685660266874,1.30108445697626,0.601283991047423,33.3877563865537,51.0347891166449,14.7976986383577,0.969,3.95608738968062,3.43920674799665,0.832442903389189,0.505112958942417
1995-07-12,0.19,450.86,17.2,17.2,996.91,0.13033181333901556,658.41,27.06629,750.88,3.17552224503765,2.27054970568104,0.715016154973943,0.219528466253919,0.207214753166224,16.85,1.1541095890411,212.45,3.09468317552804,0,-16.0641,4.11759799833194,1.37608385686463,0.451685660266874,1.30108445697626,0.601283991047423,33.3877563865537,51.0347891166449,14.7976986383577,0.969,3.95608738968062,3.43920674799665,0.832442903389189,0.505112958942417
1995-07-13,0.33,463.22,18.44,18.44,1054.99,0.10426545067121244,658.41,27.06629,750.88,3.17552224503765,2.27054970568104,0.715016154973943,0.219528466253919,0.207214753166224,16.85,1.1541095890411,212.45,3.09468317552804,0,-16.0641,4.11759799833194,1.37608385686463,0.451685660266874,1.30108445697626,0.601283991047423,33.3877563865537,51.0347891166449,14.7976986383577,0.969,3.95608738968062,3.43920674799665,0.832442903389189,0.505112958942417
1995-07-14,0.14,518.84,21.28,21.28,1188.83,0.09774886000426165,658.41,27.06629,750.88,3.17552224503765,2.27054970568104,0.715016154973943,0.219528466253919,0.207214753166224,16.85,1.1541095890411,212.45,3.09468317552804,0,-16.0641,4.11759799833194,1.37608385686463,0.451685660266874,1.30108445697626,0.601283991047423,33.3877563865537,51.0347891166449,14.7976986383577,0.969,3.95608738968062,3.43920674799665,0.832442903389189,0.505112958942417
1995-07-15,0.02,536.4,24.09,24.09,1405.24,0.09449056467078627,658.41,27.06629,750.88,3.17552224503765,2.27054970568104,0.715016154973943,0.219528466253919,0.207214753166224,16.85,1.1541095890411,212.45,3.09468317552804,0,-16.0641,4.11759799833194,1.37608385686463,0.451685660266874,1.30108445697626,0.601283991047423,33.3877563865537,51.0347891166449,14.7976986383577,0.969,3.95608738968062,3.43920674799665,0.832442903389189,0.505112958942417
1995-07-16,0.03,459.82,25.01,25.01,1556.68,0.08797397400383548,658.41,27.06629,750.88,3.17552224503765,2.27054970568104,0.715016154973943,0.219528466253919,0.207214753166224,16.85,1.1541095890411,212.45,3.09468317552804,0,-16.0641,4.11759799833194,1.37608385686463,0.451685660266874,1.30108445697626,0.601283991047423,33.3877563865537,51.0347891166449,14.7976986383577,0.969,3.95608738968062,3.43920674799665,0.832442903389189,0.505112958942417
1995-07-17,16.68,377.77,24.1,24.1,1537.77,0.10426545067121244,658.41,27.06629,750.88,3.17552224503765,2.27054970568104,0.715016154973943,0.219528466253919,0.207214753166224,16.85,1.1541095890411,212.45,3.09468317552804,0,-16.0641,4.11759799833194,1.37608385686463,0.451685660266874,1.30108445697626,0.601283991047423,33.3877563865537,51.0347891166449,14.7976986383577,0.969,3.95608738968062,3.43920674799665,0.832442903389189,0.505112958942417
1995-07-18,4.39,534.35,20.92,20.92,1238.39,0.16617306200724483,658.41,27.06629,750.88,3.17552224503765,2.27054970568104,0.715016154973943,0.219528466253919,0.207214753166224,16.85,1.1541095890411,212.45,3.09468317552804,0,-16.0641,4.11759799833194,1.37608385686463,0.451685660266874,1.30108445697626,0.601283991047423,33.3877563865537,51.0347891166449,14.7976986383577,0.969,3.95608738968062,3.43920674799665,0.832442903389189,0.505112958942417
1995-07-19,0.09,430.94,19.46,19.46,1160.24,0.12055692733858939,658.41,27.06629,750.88,3.17552224503765,2.27054970568104,0.715016154973943,0.219528466253919,0.207214753166224,16.85,1.1541095890411,212.45,3.09468317552804,0,-16.0641,4.11759799833194,1.37608385686463,0.451685660266874,1.30108445697626,0.601283991047423,33.3877563865537,51.0347891166449,14.7976986383577,0.969,3.95608738968062,3.43920674799665,0.832442903389189,0.505112958942417
1995-07-20,1.28,418.69,17.16,17.16,1026.36,0.09774886000426165,658.41,27.06629,750.88,3.17552224503765,2.27054970568104,0.715016154973943,0.219528466253919,0.207214753166224,16.85,1.1541095890411,212.45,3.09468317552804,0,-16.0641,4.11759799833194,1.37608385686463,0.451685660266874,1.30108445697626,0.601283991047423,33.3877563865537,51.0347891166449,14.7976986383577,0.969,3.95608738968062,3.43920674799665,0.832442903389189,0.505112958942417
1995-07-21,0.78,429.23,18.59,18.59,1146.1,0.10100715533773705,658.41,27.06629,750.88,3.17552224503765,2.27054970568104,0.715016154973943,0.219528466253919,0.207214753166224,16.85,1.1541095890411,212.45,3.09468317552804,0,-16.0641,4.11759799833194,1.37608385686463,0.451685660266874,1.30108445697626,0.601283991047423,33.3877563865537,51.0347891166449,14.7976986383577,0.969,3.95608738968062,3.43920674799665,0.832442903389189,0.505112958942417
1995-07-22,1.38,392.39,19.37,19.37,1300.13,0.10100715533773705,658.41,27.06629,750.88,3.17552224503765,2.27054970568104,0.715016154973943,0.219528466253919,0.207214753166224,16.85,1.1541095890411,212.45,3.09468317552804,0,-16.0641,4.11759799833194,1.37608385686463,0.451685660266874,1.30108445697626,0.601283991047423,33.3877563865537,51.0347891166449,14.7976986383577,0.969,3.95608738968062,3.43920674799665,0.832442903389189,0.505112958942417
1995-07-23,2.5,357.83,21.05,21.05,1468.85,0.10100715533773705,658.41,27.06629,750.88,3.17552224503765,2.27054970568104,0.715016154973943,0.219528466253919,0.207214753166224,16.85,1.1541095890411,212.45,3.09468317552804,0,-16.0641,4.11759799833194,1.37608385686463,0.451685660266874,1.30108445697626,0.601283991047423,33.3877563865537,51.0347891166449,14.7976986383577,0.969,3.95608738968062,3.43920674799665,0.832442903389189,0.505112958942417
1995-07-24,7.07,373.27,20.56,20.56,1434.73,0.11729863200511399,658.41,27.06629,750.88,3.17552224503765,2.27054970568104,0.715016154973943,0.219528466253919,0.207214753166224,16.85,1.1541095890411,212.45,3.09468317552804,0,-16.0641,4.11759799833194,1.37608385686463,0.451685660266874,1.30108445697626,0.601283991047423,33.3877563865537,51.0347891166449,14.7976986383577,0.969,3.95608738968062,3.43920674799665,0.832442903389189,0.505112958942417
1995-07-25,4.24,318.45,19.95,19.95,1506.35,0.11404033667163861,658.41,27.06629,750.88,3.17552224503765,2.27054970568104,0.715016154973943,0.219528466253919,0.207214753166224,16.85,1.1541095890411,212.45,3.09468317552804,0,-16.0641,4.11759799833194,1.37608385686463,0.451685660266874,1.30108445697626,0.601283991047423,33.3877563865537,51.0347891166449,14.7976986383577,0.969,3.95608738968062,3.43920674799665,0.832442903389189,0.505112958942417
1995-07-26,3.24,378.14,21.9,21.9,1566.71,0.09774886000426165,658.41,27.06629,750.88,3.17552224503765,2.27054970568104,0.715016154973943,0.219528466253919,0.207214753166224,16.85,1.1541095890411,212.45,3.09468317552804,0,-16.0641,4.11759799833194,1.37608385686463,0.451685660266874,1.30108445697626,0.601283991047423,33.3877563865537,51.0347891166449,14.7976986383577,0.969,3.95608738968062,3.43920674799665,0.832442903389189,0.505112958942417
1995-07-27,9.26,364.45,22.46,22.46,1613.21,0.17920624334114638,658.41,27.06629,750.88,3.17552224503765,2.27054970568104,0.715016154973943,0.219528466253919,0.207214753166224,16.85,1.1541095890411,212.45,3.09468317552804,0,-16.0641,4.11759799833194,1.37608385686463,0.451685660266874,1.30108445697626,0.601283991047423,33.3877563865537,51.0347891166449,14.7976986383577,0.969,3.95608738968062,3.43920674799665,0.832442903389189,0.505112958942417
1995-07-28,4.8,318.52,21.0,21.0,1631.04,0.22808067334327722,658.41,27.06629,750.88,3.17552224503765,2.27054970568104,0.715016154973943,0.219528466253919,0.207214753166224,16.85,1.1541095890411,212.45,3.09468317552804,0,-16.0641,4.11759799833194,1.37608385686463,0.451685660266874,1.30108445697626,0.601283991047423,33.3877563865537,51.0347891166449,14.7976986383577,0.969,3.95608738968062,3.43920674799665,0.832442903389189,0.505112958942417
1995-07-29,0.67,479.74,23.43,23.43,1609.41,0.1401066993394417,658.41,27.06629,750.88,3.17552224503765,2.27054970568104,0.715016154973943,0.219528466253919,0.207214753166224,16.85,1.1541095890411,212.45,3.09468317552804,0,-16.0641,4.11759799833194,1.37608385686463,0.451685660266874,1.30108445697626,0.601283991047423,33.3877563865537,51.0347891166449,14.7976986383577,0.969,3.95608738968062,3.43920674799665,0.832442903389189,0.505112958942417
1995-07-30,0.0,549.02,20.13,20.13,1163.19,0.11404033667163861,658.41,27.06629,750.88,3.17552224503765,2.27054970568104,0.715016154973943,0.219528466253919,0.207214753166224,16.85,1.1541095890411,212.45,3.09468317552804,0,-16.0641,4.11759799833194,1.37608385686463,0.451685660266874,1.30108445697626,0.601283991047423,33.3877563865537,51.0347891166449,14.7976986383577,0.969,3.95608738968062,3.43920674799665,0.832442903389189,0.505112958942417
1995-07-31,0.0,558.87,18.65,18.65,1038.97,0.09774886000426165,658.41,27.06629,750.88,3.17552224503765,2.27054970568104,0.715016154973943,0.219528466253919,0.207214753166224,16.85,1.1541095890411,212.45,3.09468317552804,0,-16.0641,4.11759799833194,1.37608385686463,0.451685660266874,1.30108445697626,0.601283991047423,33.3877563865537,51.0347891166449,14.7976986383577,0.969,3.95608738968062,3.43920674799665,0.832442903389189,0.505112958942417
1995-08-01,0.02,544.76,20.81,20.81,1184.66,0.08797397400383548,658.41,27.06629,750.88,3.17552224503765,2.27054970568104,0.715016154973943,0.219528466253919,0.207214753166224,16.85,1.1541095890411,212.45,3.09468317552804,0,-16.0641,4.11759799833194,1.37608385686463,0.451685660266874,1.30108445697626,0.601283991047423,33.3877563865537,51.0347891166449,14.7976986383577,0.969,3.95608738968062,3.43920674799665,0.832442903389189,0.505112958942417
1995-08-02,0.0,537.3,22.39,22.39,1372.21,0.0847156786703601,658.41,27.06629,750.88,3.17552224503765,2.27054970568104,0.715016154973943,0.219528466253919,0.207214753166224,16.85,1.1541095890411,212.45,3.09468317552804,0,-16.0641,4.11759799833194,1.37608385686463,0.451685660266874,1.30108445697626,0.601283991047423,33.3877563865537,51.0347891166449,14.7976986383577,0.969,3.95608738968062,3.43920674799665,0.832442903389189,0.505112958942417
1995-08-03,0.15,362.23,22.84,22.84,1614.05,0.07819908800340933,658.41,27.06629,750.88,3.17552224503765,2.27054970568104,0.715016154973943,0.219528466253919,0.207214753166224,16.85,1.1541095890411,212.45,3.09468317552804,0,-16.0641,4.11759799833194,1.37608385686463,0.451685660266874,1.30108445697626,0.601283991047423,33.3877563865537,51.0347891166449,14.7976986383577,0.969,3.95608738968062,3.43920674799665,0.832442903389189,0.505112958942417
1995-08-04,6.43,385.5,23.3,23.3,1646.38,0.0847156786703601,658.41,27.06629,750.88,3.17552224503765,2.27054970568104,0.715016154973943,0.219528466253919,0.207214753166224,16.85,1.1541095890411,212.45,3.09468317552804,0,-16.0641,4.11759799833194,1.37608385686463,0.451685660266874,1.30108445697626,0.601283991047423,33.3877563865537,51.0347891166449,14.7976986383577,0.969,3.95608738968062,3.43920674799665,0.832442903389189,0.505112958942417
1995-08-05,10.25,349.71,23.62,23.62,1695.62,0.21504749200937565,658.41,27.06629,750.88,3.17552224503765,2.27054970568104,0.715016154973943,0.219528466253919,0.207214753166224,16.85,1.1541095890411,212.45,3.09468317552804,0,-16.0641,4.11759799833194,1.37608385686463,0.451685660266874,1.30108445697626,0.601283991047423,33.3877563865537,51.0347891166449,14.7976986383577,0.969,3.95608738968062,3.43920674799665,0.832442903389189,0.505112958942417
1995-08-06,2.27,376.16,19.64,19.64,1468.92,0.20527260600894948,658.41,27.06629,750.88,3.17552224503765,2.27054970568104,0.715016154973943,0.219528466253919,0.207214753166224,16.85,1.1541095890411,212.45,3.09468317552804,0,-16.0641,4.11759799833194,1.37608385686463,0.451685660266874,1.30108445697626,0.601283991047423,33.3877563865537,51.0347891166449,14.7976986383577,0.969,3.95608738968062,3.43920674799665,0.832442903389189,0.505112958942417
1995-08-07,0.0,471.16,19.78,19.78,1350.44,0.13359010867249094,658.41,27.06629,750.88,3.17552224503765,2.27054970568104,0.715016154973943,0.219528466253919,0.207214753166224,16.85,1.1541095890411,212.45,3.09468317552804,0,-16.0641,4.11759799833194,1.37608385686463,0.451685660266874,1.30108445697626,0.601283991047423,33.3877563865537,51.0347891166449,14.7976986383577,0.969,3.95608738968062,3.43920674799665,0.832442903389189,0.505112958942417
1995-08-08,0.0,521.74,17.04,17.04,1051.99,0.10752374600468782,658.41,27.06629,750.88,3.17552224503765,2.27054970568104,0.715016154973943,0.219528466253919,0.207214753166224,16.85,1.1541095890411,212.45,3.09468317552804,0,-16.0641,4.11759799833194,1.37608385686463,0.451685660266874,1.30108445697626,0.601283991047423,33.3877563865537,51.0347891166449,14.7976986383577,0.969,3.95608738968062,3.43920674799665,0.832442903389189,0.505112958942417
1995-08-09,0.0,538.42,16.39,16.39,975.59,0.09449056467078627,658.41,27.06629,750.88,3.17552224503765,2.27054970568104,0.715016154973943,0.219528466253919,0.207214753166224,16.85,1.1541095890411,212.45,3.09468317552804,0,-16.0641,4.11759799833194,1.37608385686463,0.451685660266874,1.30108445697626,0.601283991047423,33.3877563865537,51.0347891166449,14.7976986383577,0.969,3.95608738968062,3.43920674799665,0.832442903389189,0.505112958942417
1995-08-10,0.0,536.06,17.74,17.74,1097.51,0.08797397400383548,658.41,27.06629,750.88,3.17552224503765,2.27054970568104,0.715016154973943,0.219528466253919,0.207214753166224,16.85,1.1541095890411,212.45,3.09468317552804,0,-16.0641,4.11759799833194,1.37608385686463,0.451685660266874,1.30108445697626,0.601283991047423,33.3877563865537,51.0347891166449,14.7976986383577,0.969,3.95608738968062,3.43920674799665,0.832442903389189,0.505112958942417
1995-08-11,3.86,345.38,19.8,19.8,1421.96,0.08797397400383548,658.41,27.06629,750.88,3.17552224503765,2.27054970568104,0.715016154973943,0.219528466253919,0.207214753166224,16.85,1.1541095890411,212.45,3.09468317552804,0,-16.0641,4.11759799833194,1.37608385686463,0.451685660266874,1.30108445697626,0.601283991047423,33.3877563865537,51.0347891166449,14.7976986383577,0.969,3.95608738968062,3.43920674799665,0.832442903389189,0.505112958942417
1995-08-12,4.67,344.53,20.91,20.91,1484.59,0.17594794800767097,658.41,27.06629,750.88,3.17552224503765,2.27054970568104,0.715016154973943,0.219528466253919,0.207214753166224,16.85,1.1541095890411,212.45,3.09468317552804,0,-16.0641,4.11759799833194,1.37608385686463,0.451685660266874,1.30108445697626,0.601283991047423,33.3877563865537,51.0347891166449,14.7976986383577,0.969,3.95608738968062,3.43920674799665,0.832442903389189,0.505112958942417
1995-08-13,2.74,392.58,18.62,18.62,1227.57,0.11729863200511399,658.41,27.06629,750.88,3.17552224503765,2.27054970568104,0.715016154973943,0.219528466253919,0.207214753166224,16.85,1.1541095890411,212.45,3.09468317552804,0,-16.0641,4.11759799833194,1.37608385686463,0.451685660266874,1.30108445697626,0.601283991047423,33.3877563865537,51.0347891166449,14.7976986383577,0.969,3.95608738968062,3.43920674799665,0.832442903389189,0.505112958942417
1995-08-14,0.53,445.06,20.49,20.49,1410.52,0.09774886000426165,658.41,27.06629,750.88,3.17552224503765,2.27054970568104,0.715016154973943,0.219528466253919,0.207214753166224,16.85,1.1541095890411,212.45,3.09468317552804,0,-16.0641,4.11759799833194,1.37608385686463,0.451685660266874,1.30108445697626,0.601283991047423,33.3877563865537,51.0347891166449,14.7976986383577,0.969,3.95608738968062,3.43920674799665,0.832442903389189,0.505112958942417
1995-08-15,3.06,356.12,23.58,23.58,1718.0,0.09774886000426165,658.41,27.06629,750.88,3.17552224503765,2.27054970568104,0.715016154973943,0.219528466253919,0.207214753166224,16.85,1.1541095890411,212.45,3.09468317552804,0,-16.0641,4.11759799833194,1.37608385686463,0.451685660266874,1.30108445697626,0.601283991047423,33.3877563865537,51.0347891166449,14.7976986383577,0.969,3.95608738968062,3.43920674799665,0.832442903389189,0.505112958942417
1995-08-16,0.8,481.46,23.98,23.98,1613.53,0.1401066993394417,658.41,27.06629,750.88,3.17552224503765,2.27054970568104,0.715016154973943,0.219528466253919,0.207214753166224,16.85,1.1541095890411,212.45,3.09468317552804,0,-16.0641,4.11759799833194,1.37608385686463,0.451685660266874,1.30108445697626,0.601283991047423,33.3877563865537,51.0347891166449,14.7976986383577,0.969,3.95608738968062,3.43920674799665,0.832442903389189,0.505112958942417
1995-08-17,0.0,515.6,21.95,21.95,1324.2,0.09449056467078627,658.41,27.06629,750.88,3.17552224503765,2.27054970568104,0.715016154973943,0.219528466253919,0.207214753166224,16.85,1.1541095890411,212.45,3.09468317552804,0,-16.0641,4.11759799833194,1.37608385686463,0.451685660266874,1.30108445697626,0.601283991047423,33.3877563865537,51.0347891166449,14.7976986383577,0.969,3.95608738968062,3.43920674799665,0.832442903389189,0.505112958942417
1995-08-18,0.0,520.31,20.66,20.66,1206.43,0.07819908800340933,658.41,27.06629,750.88,3.17552224503765,2.27054970568104,0.715016154973943,0.219528466253919,0.207214753166224,16.85,1.1541095890411,212.45,3.09468317552804,0,-16.0641,4.11759799833194,1.37608385686463,0.451685660266874,1.30108445697626,0.601283991047423,33.3877563865537,51.0347891166449,14.7976986383577,0.969,3.95608738968062,3.43920674799665,0.832442903389189,0.505112958942417
1995-08-19,0.0,528.38,19.57,19.57,1120.2,0.07168249733645855,658.41,27.06629,750.88,3.17552224503765,2.27054970568104,0.715016154973943,0.219528466253919,0.207214753166224,16.85,1.1541095890411,212.45,3.09468317552804,0,-16.0641,4.11759799833194,1.37608385686463,0.451685660266874,1.30108445697626,0.601283991047423,33.3877563865537,51.0347891166449,14.7976986383577,0.969,3.95608738968062,3.43920674799665,0.832442903389189,0.505112958942417
1995-08-20,0.0,519.57,20.06,20.06,1204.8,0.07168249733645855,658.41,27.06629,750.88,3.17552224503765,2.27054970568104,0.715016154973943,0.219528466253919,0.207214753166224,16.85,1.1541095890411,212.45,3.09468317552804,0,-16.0641,4.11759799833194,1.37608385686463,0.451685660266874,1.30108445697626,0.601283991047423,33.3877563865537,51.0347891166449,14.7976986383577,0.969,3.95608738968062,3.43920674799665,0.832442903389189,0.505112958942417
1995-08-21,0.0,494.71,21.7,21.7,1326.45,0.06516590666950778,658.41,27.06629,750.88,3.17552224503765,2.27054970568104,0.715016154973943,0.219528466253919,0.207214753166224,16.85,1.1541095890411,212.45,3.09468317552804,0,-16.0641,4.11759799833194,1.37608385686463,0.451685660266874,1.30108445697626,0.601283991047423,33.3877563865537,51.0347891166449,14.7976986383577,0.969,3.95608738968062,3.43920674799665,0.832442903389189,0.505112958942417
1995-08-22,0.0,522.32,19.53,19.53,1058.01,0.05539102066908161,658.41,27.06629,750.88,3.17552224503765,2.27054970568104,0.715016154973943,0.219528466253919,0.207214753166224,16.85,1.1541095890411,212.45,3.09468317552804,0,-16.0641,4.11759799833194,1.37608385686463,0.451685660266874,1.30108445697626,0.601283991047423,33.3877563865537,51.0347891166449,14.7976986383577,0.969,3.95608738968062,3.43920674799665,0.832442903389189,0.505112958942417
1995-08-23,0.0,524.17,13.96,13.96,818.83,0.05539102066908161,658.41,27.06629,750.88,3.17552224503765,2.27054970568104,0.715016154973943,0.219528466253919,0.207214753166224,16.85,1.1541095890411,212.45,3.09468317552804,0,-16.0641,4.11759799833194,1.37608385686463,0.451685660266874,1.30108445697626,0.601283991047423,33.3877563865537,51.0347891166449,14.7976986383577,0.969,3.95608738968062,3.43920674799665,0.832442903389189,0.505112958942417
1995-08-24,0.0,516.45,16.83,16.83,931.74,0.05213272533560622,658.41,27.06629,750.88,3.17552224503765,2.27054970568104,0.715016154973943,0.219528466253919,0.207214753166224,16.85,1.1541095890411,212.45,3.09468317552804,0,-16.0641,4.11759799833194,1.37608385686463,0.451685660266874,1.30108445697626,0.601283991047423,33.3877563865537,51.0347891166449,14.7976986383577,0.969,3.95608738968062,3.43920674799665,0.832442903389189,0.505112958942417
1995-08-25,0.0,525.59,15.11,15.11,823.46,0.05213272533560622,658.41,27.06629,750.88,3.17552224503765,2.27054970568104,0.715016154973943,0.219528466253919,0.207214753166224,16.85,1.1541095890411,212.45,3.09468317552804,0,-16.0641,4.11759799833194,1.37608385686463,0.451685660266874,1.30108445697626,0.601283991047423,33.3877563865537,51.0347891166449,14.7976986383577,0.969,3.95608738968062,3.43920674799665,0.832442903389189,0.505112958942417
1995-08-26,0.0,515.67,14.36,14.36,833.8,0.04887443000213083,658.41,27.06629,750.88,3.17552224503765,2.27054970568104,0.715016154973943,0.219528466253919,0.207214753166224,16.85,1.1541095890411,212.45,3.09468317552804,0,-16.0641,4.11759799833194,1.37608385686463,0.451685660266874,1.30108445697626,0.601283991047423,33.3877563865537,51.0347891166449,14.7976986383577,0.969,3.95608738968062,3.43920674799665,0.832442903389189,0.505112958942417
1995-08-27,0.0,521.13,17.75,17.75,971.63,0.04887443000213083,658.41,27.06629,750.88,3.17552224503765,2.27054970568104,0.715016154973943,0.219528466253919,0.207214753166224,16.85,1.1541095890411,212.45,3.09468317552804,0,-16.0641,4.11759799833194,1.37608385686463,0.451685660266874,1.30108445697626,0.601283991047423,33.3877563865537,51.0347891166449,14.7976986383577,0.969,3.95608738968062,3.43920674799665,0.832442903389189,0.505112958942417
1995-08-28,0.0,415.2,16.59,16.59,1065.85,0.04887443000213083,658.41,27.06629,750.88,3.17552224503765,2.27054970568104,0.715016154973943,0.219528466253919,0.207214753166224,16.85,1.1541095890411,212.45,3.09468317552804,0,-16.0641,4.11759799833194,1.37608385686463,0.451685660266874,1.30108445697626,0.601283991047423,33.3877563865537,51.0347891166449,14.7976986383577,0.969,3.95608738968062,3.43920674799665,0.832442903389189,0.505112958942417
1995-08-29,0.0,455.15,16.33,16.33,1033.45,0.05213272533560622,658.41,27.06629,750.88,3.17552224503765,2.27054970568104,0.715016154973943,0.219528466253919,0.207214753166224,16.85,1.1541095890411,212.45,3.09468317552804,0,-16.0641,4.11759799833194,1.37608385686463,0.451685660266874,1.30108445697626,0.601283991047423,33.3877563865537,51.0347891166449,14.7976986383577,0.969,3.95608738968062,3.43920674799665,0.832442903389189,0.505112958942417
1995-08-30,0.0,517.21,16.17,16.17,904.4,0.04887443000213083,658.41,27.06629,750.88,3.17552224503765,2.27054970568104,0.715016154973943,0.219528466253919,0.207214753166224,16.85,1.1541095890411,212.45,3.09468317552804,0,-16.0641,4.11759799833194,1.37608385686463,0.451685660266874,1.30108445697626,0.601283991047423,33.3877563865537,51.0347891166449,14.7976986383577,0.969,3.95608738968062,3.43920674799665,0.832442903389189,0.505112958942417
1995-08-31,6.43,380.92,17.55,17.55,1013.68,0.04887443000213083,658.41,27.06629,750.88,3.17552224503765,2.27054970568104,0.715016154973943,0.219528466253919,0.207214753166224,16.85,1.1541095890411,212.45,3.09468317552804,0,-16.0641,4.11759799833194,1.37608385686463,0.451685660266874,1.30108445697626,0.601283991047423,33.3877563865537,51.0347891166449,14.7976986383577,0.969,3.95608738968062,3.43920674799665,0.832442903389189,0.505112958942417
1995-09-01,1.88,452.43,19.44,19.44,1067.7,0.05539102066908161,658.41,27.06629,750.88,3.17552224503765,2.27054970568104,0.715016154973943,0.219528466253919,0.207214753166224,16.85,1.1541095890411,212.45,3.09468317552804,0,-16.0641,4.11759799833194,1.37608385686463,0.451685660266874,1.30108445697626,0.601283991047423,33.3877563865537,51.0347891166449,14.7976986383577,0.969,3.95608738968062,3.43920674799665,0.832442903389189,0.505112958942417
1995-09-02,0.05,452.41,15.62,15.62,901.15,0.05539102066908161,658.41,27.06629,750.88,3.17552224503765,2.27054970568104,0.715016154973943,0.219528466253919,0.207214753166224,16.85,1.1541095890411,212.45,3.09468317552804,0,-16.0641,4.11759799833194,1.37608385686463,0.451685660266874,1.30108445697626,0.601283991047423,33.3877563865537,51.0347891166449,14.7976986383577,0.969,3.95608738968062,3.43920674799665,0.832442903389189,0.505112958942417
1995-09-03,0.0,503.98,11.48,11.48,707.92,0.05213272533560622,658.41,27.06629,750.88,3.17552224503765,2.27054970568104,0.715016154973943,0.219528466253919,0.207214753166224,16.85,1.1541095890411,212.45,3.09468317552804,0,-16.0641,4.11759799833194,1.37608385686463,0.451685660266874,1.30108445697626,0.601283991047423,33.3877563865537,51.0347891166449,14.7976986383577,0.969,3.95608738968062,3.43920674799665,0.832442903389189,0.505112958942417
1995-09-04,0.0,500.08,14.37,14.37,807.96,0.04887443000213083,658.41,27.06629,750.88,3.17552224503765,2.27054970568104,0.715016154973943,0.219528466253919,0.207214753166224,16.85,1.1541095890411,212.45,3.09468317552804,0,-16.0641,4.11759799833194,1.37608385686463,0.451685660266874,1.30108445697626,0.601283991047423,33.3877563865537,51.0347891166449,14.7976986383577,0.969,3.95608738968062,3.43920674799665,0.832442903389189,0.505112958942417
1995-09-05,0.0,499.32,15.52,15.52,848.66,0.04561613466865544,658.41,27.06629,750.88,3.17552224503765,2.27054970568104,0.715016154973943,0.219528466253919,0.207214753166224,16.85,1.1541095890411,212.45,3.09468317552804,0,-16.0641,4.11759799833194,1.37608385686463,0.451685660266874,1.30108445697626,0.601283991047423,33.3877563865537,51.0347891166449,14.7976986383577,0.969,3.95608738968062,3.43920674799665,0.832442903389189,0.505112958942417
1995-09-06,0.0,496.59,17.21,17.21,937.56,0.04561613466865544,658.41,27.06629,750.88,3.17552224503765,2.27054970568104,0.715016154973943,0.219528466253919,0.207214753166224,16.85,1.1541095890411,212.45,3.09468317552804,0,-16.0641,4.11759799833194,1.37608385686463,0.451685660266874,1.30108445697626,0.601283991047423,33.3877563865537,51.0347891166449,14.7976986383577,0.969,3.95608738968062,3.43920674799665,0.832442903389189,0.505112958942417
1995-09-07,0.04,430.23,18.53,18.53,1049.5,0.04235783933518005,658.41,27.06629,750.88,3.17552224503765,2.27054970568104,0.715016154973943,0.219528466253919,0.207214753166224,16.85,1.1541095890411,212.45,3.09468317552804,0,-16.0641,4.11759799833194,1.37608385686463,0.451685660266874,1.30108445697626,0.601283991047423,33.3877563865537,51.0347891166449,14.7976986383577,0.969,3.95608738968062,3.43920674799665,0.832442903389189,0.505112958942417
1995-09-08,5.47,359.19,16.74,16.74,974.97,0.04561613466865544,658.41,27.06629,750.88,3.17552224503765,2.27054970568104,0.715016154973943,0.219528466253919,0.207214753166224,16.85,1.1541095890411,212.45,3.09468317552804,0,-16.0641,4.11759799833194,1.37608385686463,0.451685660266874,1.30108445697626,0.601283991047423,33.3877563865537,51.0347891166449,14.7976986383577,0.969,3.95608738968062,3.43920674799665,0.832442903389189,0.505112958942417
1995-09-09,1.64,289.04,12.17,12.17,867.79,0.05213272533560622,658.41,27.06629,750.88,3.17552224503765,2.27054970568104,0.715016154973943,0.219528466253919,0.207214753166224,16.85,1.1541095890411,212.45,3.09468317552804,0,-16.0641,4.11759799833194,1.37608385686463,0.451685660266874,1.30108445697626,0.601283991047423,33.3877563865537,51.0347891166449,14.7976986383577,0.969,3.95608738968062,3.43920674799665,0.832442903389189,0.505112958942417
1995-09-10,0.05,482.1,10.1,10.1,623.85,0.058649316002556996,658.41,27.06629,750.88,3.17552224503765,2.27054970568104,0.715016154973943,0.219528466253919,0.207214753166224,16.85,1.1541095890411,212.45,3.09468317552804,0,-16.0641,4.11759799833194,1.37608385686463,0.451685660266874,1.30108445697626,0.601283991047423,33.3877563865537,51.0347891166449,14.7976986383577,0.969,3.95608738968062,3.43920674799665,0.832442903389189,0.505112958942417
1995-09-11,0.06,477.95,6.36,6.36,479.75,0.05539102066908161,658.41,27.06629,750.88,3.17552224503765,2.27054970568104,0.715016154973943,0.219528466253919,0.207214753166224,16.85,1.1541095890411,212.45,3.09468317552804,0,-16.0641,4.11759799833194,1.37608385686463,0.451685660266874,1.30108445697626,0.601283991047423,33.3877563865537,51.0347891166449,14.7976986383577,0.969,3.95608738968062,3.43920674799665,0.832442903389189,0.505112958942417
1995-09-12,3.71,370.29,10.32,10.32,662.59,0.04561613466865544,658.41,27.06629,750.88,3.17552224503765,2.27054970568104,0.715016154973943,0.219528466253919,0.207214753166224,16.85,1.1541095890411,212.45,3.09468317552804,0,-16.0641,4.11759799833194,1.37608385686463,0.451685660266874,1.30108445697626,0.601283991047423,33.3877563865537,51.0347891166449,14.7976986383577,0.969,3.95608738968062,3.43920674799665,0.832442903389189,0.505112958942417
1995-09-13,10.21,343.63,14.93,14.93,989.02,0.04887443000213083,658.41,27.06629,750.88,3.17552224503765,2.27054970568104,0.715016154973943,0.219528466253919,0.207214753166224,16.85,1.1541095890411,212.45,3.09468317552804,0,-16.0641,4.11759799833194,1.37608385686463,0.451685660266874,1.30108445697626,0.601283991047423,33.3877563865537,51.0347891166449,14.7976986383577,0.969,3.95608738968062,3.43920674799665,0.832442903389189,0.505112958942417
1995-09-14,2.58,254.95,18.87,18.87,1364.42,0.09123226933731088,658.41,27.06629,750.88,3.17552224503765,2.27054970568104,0.715016154973943,0.219528466253919,0.207214753166224,16.85,1.1541095890411,212.45,3.09468317552804,0,-16.0641,4.11759799833194,1.37608385686463,0.451685660266874,1.30108445697626,0.601283991047423,33.3877563865537,51.0347891166449,14.7976986383577,0.969,3.95608738968062,3.43920674799665,0.832442903389189,0.505112958942417
1995-09-15,0.04,416.09,14.11,14.11,939.72,0.09774886000426165,658.41,27.06629,750.88,3.17552224503765,2.27054970568104,0.715016154973943,0.219528466253919,0.207214753166224,16.85,1.1541095890411,212.45,3.09468317552804,0,-16.0641,4.11759799833194,1.37608385686463,0.451685660266874,1.30108445697626,0.601283991047423,33.3877563865537,51.0347891166449,14.7976986383577,0.969,3.95608738968062,3.43920674799665,0.832442903389189,0.505112958942417
1995-09-16,0.0,432.73,11.03,11.03,781.1,0.06842420200298316,658.41,27.06629,750.88,3.17552224503765,2.27054970568104,0.715016154973943,0.219528466253919,0.207214753166224,16.85,1.1541095890411,212.45,3.09468317552804,0,-16.0641,4.11759799833194,1.37608385686463,0.451685660266874,1.30108445697626,0.601283991047423,33.3877563865537,51.0347891166449,14.7976986383577,0.969,3.95608738968062,3.43920674799665,0.832442903389189,0.505112958942417
1995-09-17,0.86,288.26,13.11,13.11,950.6,0.058649316002556996,658.41,27.06629,750.88,3.17552224503765,2.27054970568104,0.715016154973943,0.219528466253919,0.207214753166224,16.85,1.1541095890411,212.45,3.09468317552804,0,-16.0641,4.11759799833194,1.37608385686463,0.451685660266874,1.30108445697626,0.601283991047423,33.3877563865537,51.0347891166449,14.7976986383577,0.969,3.95608738968062,3.43920674799665,0.832442903389189,0.505112958942417
1995-09-18,0.23,404.12,13.68,13.68,869.03,0.05539102066908161,658.41,27.06629,750.88,3.17552224503765,2.27054970568104,0.715016154973943,0.219528466253919,0.207214753166224,16.85,1.1541095890411,212.45,3.09468317552804,0,-16.0641,4.11759799833194,1.37608385686463,0.451685660266874,1.30108445697626,0.601283991047423,33.3877563865537,51.0347891166449,14.7976986383577,0.969,3.95608738968062,3.43920674799665,0.832442903389189,0.505112958942417
1995-09-19,0.0,470.81,7.09,7.09,539.4,0.05539102066908161,658.41,27.06629,750.88,3.17552224503765,2.27054970568104,0.715016154973943,0.219528466253919,0.207214753166224,16.85,1.1541095890411,212.45,3.09468317552804,0,-16.0641,4.11759799833194,1.37608385686463,0.451685660266874,1.30108445697626,0.601283991047423,33.3877563865537,51.0347891166449,14.7976986383577,0.969,3.95608738968062,3.43920674799665,0.832442903389189,0.505112958942417
1995-09-20,2.44,341.95,10.22,10.22,727.05,0.05539102066908161,658.41,27.06629,750.88,3.17552224503765,2.27054970568104,0.715016154973943,0.219528466253919,0.207214753166224,16.85,1.1541095890411,212.45,3.09468317552804,0,-16.0641,4.11759799833194,1.37608385686463,0.451685660266874,1.30108445697626,0.601283991047423,33.3877563865537,51.0347891166449,14.7976986383577,0.969,3.95608738968062,3.43920674799665,0.832442903389189,0.505112958942417
1995-09-21,1.57,221.27,13.64,13.64,1071.73,0.058649316002556996,658.41,27.06629,750.88,3.17552224503765,2.27054970568104,0.715016154973943,0.219528466253919,0.207214753166224,16.85,1.1541095890411,212.45,3.09468317552804,0,-16.0641,4.11759799833194,1.37608385686463,0.451685660266874,1.30108445697626,0.601283991047423,33.3877563865537,51.0347891166449,14.7976986383577,0.969,3.95608738968062,3.43920674799665,0.832442903389189,0.505112958942417
1995-09-22,12.03,227.5,14.26,14.26,1070.48,0.07819908800340933,658.41,27.06629,750.88,3.17552224503765,2.27054970568104,0.715016154973943,0.219528466253919,0.207214753166224,16.85,1.1541095890411,212.45,3.09468317552804,0,-16.0641,4.11759799833194,1.37608385686463,0.451685660266874,1.30108445697626,0.601283991047423,33.3877563865537,51.0347891166449,14.7976986383577,0.969,3.95608738968062,3.43920674799665,0.832442903389189,0.505112958942417
1995-09-23,3.1,450.77,6.99,6.99,556.02,0.10426545067121244,658.41,27.06629,750.88,3.17552224503765,2.27054970568104,0.715016154973943,0.219528466253919,0.207214753166224,16.85,1.1541095890411,212.45,3.09468317552804,0,-16.0641,4.11759799833194,1.37608385686463,0.451685660266874,1.30108445697626,0.601283991047423,33.3877563865537,51.0347891166449,14.7976986383577,0.969,3.95608738968062,3.43920674799665,0.832442903389189,0.505112958942417
1995-09-24,0.38,337.2,4.93,4.93,475.28,0.09123226933731088,658.41,27.06629,750.88,3.17552224503765,2.27054970568104,0.715016154973943,0.219528466253919,0.207214753166224,16.85,1.1541095890411,212.45,3.09468317552804,0,-16.0641,4.11759799833194,1.37608385686463,0.451685660266874,1.30108445697626,0.601283991047423,33.3877563865537,51.0347891166449,14.7976986383577,0.969,3.95608738968062,3.43920674799665,0.832442903389189,0.505112958942417
1995-09-25,0.11,396.13,7.06,7.06,597.88,0.07494079266993393,658.41,27.06629,750.88,3.17552224503765,2.27054970568104,0.715016154973943,0.219528466253919,0.207214753166224,16.85,1.1541095890411,212.45,3.09468317552804,0,-16.0641,4.11759799833194,1.37608385686463,0.451685660266874,1.30108445697626,0.601283991047423,33.3877563865537,51.0347891166449,14.7976986383577,0.969,3.95608738968062,3.43920674799665,0.832442903389189,0.505112958942417
1995-09-26,0.37,283.29,10.14,10.14,766.02,0.06516590666950778,658.41,27.06629,750.88,3.17552224503765,2.27054970568104,0.715016154973943,0.219528466253919,0.207214753166224,16.85,1.1541095890411,212.45,3.09468317552804,0,-16.0641,4.11759799833194,1.37608385686463,0.451685660266874,1.30108445697626,0.601283991047423,33.3877563865537,51.0347891166449,14.7976986383577,0.969,3.95608738968062,3.43920674799665,0.832442903389189,0.505112958942417
1995-09-27,0.1,431.44,10.31,10.31,689.15,0.06516590666950778,658.41,27.06629,750.88,3.17552224503765,2.27054970568104,0.715016154973943,0.219528466253919,0.207214753166224,16.85,1.1541095890411,212.45,3.09468317552804,0,-16.0641,4.11759799833194,1.37608385686463,0.451685660266874,1.30108445697626,0.601283991047423,33.3877563865537,51.0347891166449,14.7976986383577,0.969,3.95608738968062,3.43920674799665,0.832442903389189,0.505112958942417
1995-09-28,0.0,441.05,10.8,10.8,646.21,0.058649316002556996,658.41,27.06629,750.88,3.17552224503765,2.27054970568104,0.715016154973943,0.219528466253919,0.207214753166224,16.85,1.1541095890411,212.45,3.09468317552804,0,-16.0641,4.11759799833194,1.37608385686463,0.451685660266874,1.30108445697626,0.601283991047423,33.3877563865537,51.0347891166449,14.7976986383577,0.969,3.95608738968062,3.43920674799665,0.832442903389189,0.505112958942417
1995-09-29,0.0,434.08,10.15,10.15,621.3,0.05539102066908161,658.41,27.06629,750.88,3.17552224503765,2.27054970568104,0.715016154973943,0.219528466253919,0.207214753166224,16.85,1.1541095890411,212.45,3.09468317552804,0,-16.0641,4.11759799833194,1.37608385686463,0.451685660266874,1.30108445697626,0.601283991047423,33.3877563865537,51.0347891166449,14.7976986383577,0.969,3.95608738968062,3.43920674799665,0.832442903389189,0.505112958942417
1995-09-30,0.0,437.57,10.95,10.95,659.45,0.05539102066908161,658.41,27.06629,750.88,3.17552224503765,2.27054970568104,0.715016154973943,0.219528466253919,0.207214753166224,16.85,1.1541095890411,212.45,3.09468317552804,0,-16.0641,4.11759799833194,1.37608385686463,0.451685660266874,1.30108445697626,0.601283991047423,33.3877563865537,51.0347891166449,14.7976986383577,0.969,3.95608738968062,3.43920674799665,0.832442903389189,0.505112958942417
1995-10-01,0.0,416.84,13.24,13.24,798.98,0.05539102066908161,658.41,27.06629,750.88,3.17552224503765,2.27054970568104,0.715016154973943,0.219528466253919,0.207214753166224,16.85,1.1541095890411,212.45,3.09468317552804,0,-16.0641,4.11759799833194,1.37608385686463,0.451685660266874,1.30108445697626,0.601283991047423,33.3877563865537,51.0347891166449,14.7976986383577,0.969,3.95608738968062,3.43920674799665,0.832442903389189,0.505112958942417
1995-10-02,0.0,405.6,14.49,14.49,858.74,0.05213272533560622,658.41,27.06629,750.88,3.17552224503765,2.27054970568104,0.715016154973943,0.219528466253919,0.207214753166224,16.85,1.1541095890411,212.45,3.09468317552804,0,-16.0641,4.11759799833194,1.37608385686463,0.451685660266874,1.30108445697626,0.601283991047423,33.3877563865537,51.0347891166449,14.7976986383577,0.969,3.95608738968062,3.43920674799665,0.832442903389189,0.505112958942417
1995-10-03,6.36,318.63,11.88,11.88,724.41,0.04887443000213083,658.41,27.06629,750.88,3.17552224503765,2.27054970568104,0.715016154973943,0.219528466253919,0.207214753166224,16.85,1.1541095890411,212.45,3.09468317552804,0,-16.0641,4.11759799833194,1.37608385686463,0.451685660266874,1.30108445697626,0.601283991047423,33.3877563865537,51.0347891166449,14.7976986383577,0.969,3.95608738968062,3.43920674799665,0.832442903389189,0.505112958942417
1995-10-04,1.75,327.92,13.0,13.0,878.06,0.061907611336032384,658.41,27.06629,750.88,3.17552224503765,2.27054970568104,0.715016154973943,0.219528466253919,0.207214753166224,16.85,1.1541095890411,212.45,3.09468317552804,0,-16.0641,4.11759799833194,1.37608385686463,0.451685660266874,1.30108445697626,0.601283991047423,33.3877563865537,51.0347891166449,14.7976986383577,0.969,3.95608738968062,3.43920674799665,0.832442903389189,0.505112958942417
1995-10-05,35.73,223.2,14.55,14.55,1118.46,0.10100715533773705,658.41,27.06629,750.88,3.17552224503765,2.27054970568104,0.715016154973943,0.219528466253919,0.207214753166224,16.85,1.1541095890411,212.45,3.09468317552804,0,-16.0641,4.11759799833194,1.37608385686463,0.451685660266874,1.30108445697626,0.601283991047423,33.3877563865537,51.0347891166449,14.7976986383577,0.969,3.95608738968062,3.43920674799665,0.832442903389189,0.505112958942417
1995-10-06,13.94,220.21,14.14,14.14,1147.81,0.772215994033667,658.41,27.06629,750.88,3.17552224503765,2.27054970568104,0.715016154973943,0.219528466253919,0.207214753166224,16.85,1.1541095890411,212.45,3.09468317552804,0,-16.0641,4.11759799833194,1.37608385686463,0.451685660266874,1.30108445697626,0.601283991047423,33.3877563865537,51.0347891166449,14.7976986383577,0.969,3.95608738968062,3.43920674799665,0.832442903389189,0.505112958942417
1995-10-07,1.99,250.79,13.84,13.84,1094.0,0.2899882846793096,658.41,27.06629,750.88,3.17552224503765,2.27054970568104,0.715016154973943,0.219528466253919,0.207214753166224,16.85,1.1541095890411,212.45,3.09468317552804,0,-16.0641,4.11759799833194,1.37608385686463,0.451685660266874,1.30108445697626,0.601283991047423,33.3877563865537,51.0347891166449,14.7976986383577,0.969,3.95608738968062,3.43920674799665,0.832442903389189,0.505112958942417
1995-10-08,0.27,275.69,12.5,12.5,958.62,0.2020143106754741,658.41,27.06629,750.88,3.17552224503765,2.27054970568104,0.715016154973943,0.219528466253919,0.207214753166224,16.85,1.1541095890411,212.45,3.09468317552804,0,-16.0641,4.11759799833194,1.37608385686463,0.451685660266874,1.30108445697626,0.601283991047423,33.3877563865537,51.0347891166449,14.7976986383577,0.969,3.95608738968062,3.43920674799665,0.832442903389189,0.505112958942417
1995-10-09,0.02,371.9,8.88,8.88,706.79,0.1466232900063925,658.41,27.06629,750.88,3.17552224503765,2.27054970568104,0.715016154973943,0.219528466253919,0.207214753166224,16.85,1.1541095890411,212.45,3.09468317552804,0,-16.0641,4.11759799833194,1.37608385686463,0.451685660266874,1.30108445697626,0.601283991047423,33.3877563865537,51.0347891166449,14.7976986383577,0.969,3.95608738968062,3.43920674799665,0.832442903389189,0.505112958942417
1995-10-10,0.0,396.11,9.28,9.28,661.28,0.12707351800554018,658.41,27.06629,750.88,3.17552224503765,2.27054970568104,0.715016154973943,0.219528466253919,0.207214753166224,16.85,1.1541095890411,212.45,3.09468317552804,0,-16.0641,4.11759799833194,1.37608385686463,0.451685660266874,1.30108445697626,0.601283991047423,33.3877563865537,51.0347891166449,14.7976986383577,0.969,3.95608738968062,3.43920674799665,0.832442903389189,0.505112958942417
1995-10-11,0.0,390.35,10.85,10.85,705.4,0.11078204133816322,658.41,27.06629,750.88,3.17552224503765,2.27054970568104,0.715016154973943,0.219528466253919,0.207214753166224,16.85,1.1541095890411,212.45,3.09468317552804,0,-16.0641,4.11759799833194,1.37608385686463,0.451685660266874,1.30108445697626,0.601283991047423,33.3877563865537,51.0347891166449,14.7976986383577,0.969,3.95608738968062,3.43920674799665,0.832442903389189,0.505112958942417
1995-10-12,0.11,369.66,12.19,12.19,747.61,0.10100715533773705,658.41,27.06629,750.88,3.17552224503765,2.27054970568104,0.715016154973943,0.219528466253919,0.207214753166224,16.85,1.1541095890411,212.45,3.09468317552804,0,-16.0641,4.11759799833194,1.37608385686463,0.451685660266874,1.30108445697626,0.601283991047423,33.3877563865537,51.0347891166449,14.7976986383577,0.969,3.95608738968062,3.43920674799665,0.832442903389189,0.505112958942417
1995-10-13,3.44,288.09,13.89,13.89,840.31,0.09449056467078627,658.41,27.06629,750.88,3.17552224503765,2.27054970568104,0.715016154973943,0.219528466253919,0.207214753166224,16.85,1.1541095890411,212.45,3.09468317552804,0,-16.0641,4.11759799833194,1.37608385686463,0.451685660266874,1.30108445697626,0.601283991047423,33.3877563865537,51.0347891166449,14.7976986383577,0.969,3.95608738968062,3.43920674799665,0.832442903389189,0.505112958942417
1995-10-14,12.09,276.95,14.86,14.86,913.52,0.10426545067121244,658.41,27.06629,750.88,3.17552224503765,2.27054970568104,0.715016154973943,0.219528466253919,0.207214753166224,16.85,1.1541095890411,212.45,3.09468317552804,0,-16.0641,4.11759799833194,1.37608385686463,0.451685660266874,1.30108445697626,0.601283991047423,33.3877563865537,51.0347891166449,14.7976986383577,0.969,3.95608738968062,3.43920674799665,0.832442903389189,0.505112958942417
1995-10-15,9.14,255.95,10.73,10.73,770.26,0.22156408267632643,658.41,27.06629,750.88,3.17552224503765,2.27054970568104,0.715016154973943,0.219528466253919,0.207214753166224,16.85,1.1541095890411,212.45,3.09468317552804,0,-16.0641,4.11759799833194,1.37608385686463,0.451685660266874,1.30108445697626,0.601283991047423,33.3877563865537,51.0347891166449,14.7976986383577,0.969,3.95608738968062,3.43920674799665,0.832442903389189,0.505112958942417
1995-10-16,1.8,210.19,5.8,5.8,619.59,0.23459726401022798,658.41,27.06629,750.88,3.17552224503765,2.27054970568104,0.715016154973943,0.219528466253919,0.207214753166224,16.85,1.1541095890411,212.45,3.09468317552804,0,-16.0641,4.11759799833194,1.37608385686463,0.451685660266874,1.30108445697626,0.601283991047423,33.3877563865537,51.0347891166449,14.7976986383577,0.969,3.95608738968062,3.43920674799665,0.832442903389189,0.505112958942417
1995-10-17,0.05,368.08,3.09,3.09,464.84,0.2313389686767526,658.41,27.06629,750.88,3.17552224503765,2.27054970568104,0.715016154973943,0.219528466253919,0.207214753166224,16.85,1.1541095890411,212.45,3.09468317552804,0,-16.0641,4.11759799833194,1.37608385686463,0.451685660266874,1.30108445697626,0.601283991047423,33.3877563865537,51.0347891166449,14.7976986383577,0.969,3.95608738968062,3.43920674799665,0.832442903389189,0.505112958942417
1995-10-18,0.0,366.12,7.33,7.33,598.71,0.17594794800767097,658.41,27.06629,750.88,3.17552224503765,2.27054970568104,0.715016154973943,0.219528466253919,0.207214753166224,16.85,1.1541095890411,212.45,3.09468317552804,0,-16.0641,4.11759799833194,1.37608385686463,0.451685660266874,1.30108445697626,0.601283991047423,33.3877563865537,51.0347891166449,14.7976986383577,0.969,3.95608738968062,3.43920674799665,0.832442903389189,0.505112958942417
1995-10-19,0.0,361.71,11.37,11.37,749.91,0.15313988067334328,658.41,27.06629,750.88,3.17552224503765,2.27054970568104,0.715016154973943,0.219528466253919,0.207214753166224,16.85,1.1541095890411,212.45,3.09468317552804,0,-16.0641,4.11759799833194,1.37608385686463,0.451685660266874,1.30108445697626,0.601283991047423,33.3877563865537,51.0347891166449,14.7976986383577,0.969,3.95608738968062,3.43920674799665,0.832442903389189,0.505112958942417
1995-10-20,55.71,260.98,12.82,12.82,835.27,0.15313988067334328,658.41,27.06629,750.88,3.17552224503765,2.27054970568104,0.715016154973943,0.219528466253919,0.207214753166224,16.85,1.1541095890411,212.45,3.09468317552804,0,-16.0641,4.11759799833194,1.37608385686463,0.451685660266874,1.30108445697626,0.601283991047423,33.3877563865537,51.0347891166449,14.7976986383577,0.969,3.95608738968062,3.43920674799665,0.832442903389189,0.505112958942417
1995-10-21,24.91,251.55,10.61,10.61,759.42,11.795029107180907,658.41,27.06629,750.88,3.17552224503765,2.27054970568104,0.715016154973943,0.219528466253919,0.207214753166224,16.85,1.1541095890411,212.45,3.09468317552804,0,-16.0641,4.11759799833194,1.37608385686463,0.451685660266874,1.30108445697626,0.601283991047423,33.3877563865537,51.0347891166449,14.7976986383577,0.969,3.95608738968062,3.43920674799665,0.832442903389189,0.505112958942417
1995-10-22,2.7,261.19,6.87,6.87,678.6,3.9099544001704665,658.41,27.06629,750.88,3.17552224503765,2.27054970568104,0.715016154973943,0.219528466253919,0.207214753166224,16.85,1.1541095890411,212.45,3.09468317552804,0,-16.0641,4.11759799833194,1.37608385686463,0.451685660266874,1.30108445697626,0.601283991047423,33.3877563865537,51.0347891166449,14.7976986383577,0.969,3.95608738968062,3.43920674799665,0.832442903389189,0.505112958942417
1995-10-23,0.0,330.63,7.5,7.5,694.28,1.8213870914127424,658.41,27.06629,750.88,3.17552224503765,2.27054970568104,0.715016154973943,0.219528466253919,0.207214753166224,16.85,1.1541095890411,212.45,3.09468317552804,0,-16.0641,4.11759799833194,1.37608385686463,0.451685660266874,1.30108445697626,0.601283991047423,33.3877563865537,51.0347891166449,14.7976986383577,0.969,3.95608738968062,3.43920674799665,0.832442903389189,0.505112958942417
1995-10-24,0.28,243.97,10.96,10.96,817.37,1.273993475388877,658.41,27.06629,750.88,3.17552224503765,2.27054970568104,0.715016154973943,0.219528466253919,0.207214753166224,16.85,1.1541095890411,212.45,3.09468317552804,0,-16.0641,4.11759799833194,1.37608385686463,0.451685660266874,1.30108445697626,0.601283991047423,33.3877563865537,51.0347891166449,14.7976986383577,0.969,3.95608738968062,3.43920674799665,0.832442903389189,0.505112958942417
1995-10-25,0.1,279.14,10.69,10.69,775.88,0.9970383720434689,658.41,27.06629,750.88,3.17552224503765,2.27054970568104,0.715016154973943,0.219528466253919,0.207214753166224,16.85,1.1541095890411,212.45,3.09468317552804,0,-16.0641,4.11759799833194,1.37608385686463,0.451685660266874,1.30108445697626,0.601283991047423,33.3877563865537,51.0347891166449,14.7976986383577,0.969,3.95608738968062,3.43920674799665,0.832442903389189,0.505112958942417
1995-10-26,0.01,327.18,4.43,4.43,514.04,0.8080572427018964,658.41,27.06629,750.88,3.17552224503765,2.27054970568104,0.715016154973943,0.219528466253919,0.207214753166224,16.85,1.1541095890411,212.45,3.09468317552804,0,-16.0641,4.11759799833194,1.37608385686463,0.451685660266874,1.30108445697626,0.601283991047423,33.3877563865537,51.0347891166449,14.7976986383577,0.969,3.95608738968062,3.43920674799665,0.832442903389189,0.505112958942417
1995-10-27,0.68,239.75,6.1,6.1,621.3,0.6842420200298316,658.41,27.06629,750.88,3.17552224503765,2.27054970568104,0.715016154973943,0.219528466253919,0.207214753166224,16.85,1.1541095890411,212.45,3.09468317552804,0,-16.0641,4.11759799833194,1.37608385686463,0.451685660266874,1.30108445697626,0.601283991047423,33.3877563865537,51.0347891166449,14.7976986383577,0.969,3.95608738968062,3.43920674799665,0.832442903389189,0.505112958942417
1995-10-28,1.99,156.42,9.68,9.68,848.9,0.6418841806946515,658.41,27.06629,750.88,3.17552224503765,2.27054970568104,0.715016154973943,0.219528466253919,0.207214753166224,16.85,1.1541095890411,212.45,3.09468317552804,0,-16.0641,4.11759799833194,1.37608385686463,0.451685660266874,1.30108445697626,0.601283991047423,33.3877563865537,51.0347891166449,14.7976986383577,0.969,3.95608738968062,3.43920674799665,0.832442903389189,0.505112958942417
1995-10-29,2.92,199.13,6.06,6.06,664.77,0.58649316002557,658.41,27.06629,750.88,3.17552224503765,2.27054970568104,0.715016154973943,0.219528466253919,0.207214753166224,16.85,1.1541095890411,212.45,3.09468317552804,0,-16.0641,4.11759799833194,1.37608385686463,0.451685660266874,1.30108445697626,0.601283991047423,33.3877563865537,51.0347891166449,14.7976986383577,0.969,3.95608738968062,3.43920674799665,0.832442903389189,0.505112958942417
1995-10-30,2.66,177.36,3.54,3.54,579.36,0.5343604346899637,658.41,27.06629,750.88,3.17552224503765,2.27054970568104,0.715016154973943,0.219528466253919,0.207214753166224,16.85,1.1541095890411,212.45,3.09468317552804,0,-16.0641,4.11759799833194,1.37608385686463,0.451685660266874,1.30108445697626,0.601283991047423,33.3877563865537,51.0347891166449,14.7976986383577,0.969,3.95608738968062,3.43920674799665,0.832442903389189,0.505112958942417
1995-10-31,0.9,174.02,4.79,4.79,662.13,0.4920025953547837,658.41,27.06629,750.88,3.17552224503765,2.27054970568104,0.715016154973943,0.219528466253919,0.207214753166224,16.85,1.1541095890411,212.45,3.09468317552804,0,-16.0641,4.11759799833194,1.37608385686463,0.451685660266874,1.30108445697626,0.601283991047423,33.3877563865537,51.0347891166449,14.7976986383577,0.969,3.95608738968062,3.43920674799665,0.832442903389189,0.505112958942417
1995-11-01,3.51,169.59,6.14,6.14,759.17,0.47571111868740673,658.41,27.06629,750.88,3.17552224503765,2.27054970568104,0.715016154973943,0.219528466253919,0.207214753166224,16.85,1.1541095890411,212.45,3.09468317552804,0,-16.0641,4.11759799833194,1.37608385686463,0.451685660266874,1.30108445697626,0.601283991047423,33.3877563865537,51.0347891166449,14.7976986383577,0.969,3.95608738968062,3.43920674799665,0.832442903389189,0.505112958942417
1995-11-02,5.82,193.0,11.24,11.24,990.45,0.47571111868740673,658.41,27.06629,750.88,3.17552224503765,2.27054970568104,0.715016154973943,0.219528466253919,0.207214753166224,16.85,1.1541095890411,212.45,3.09468317552804,0,-16.0641,4.11759799833194,1.37608385686463,0.451685660266874,1.30108445697626,0.601283991047423,33.3877563865537,51.0347891166449,14.7976986383577,0.969,3.95608738968062,3.43920674799665,0.832442903389189,0.505112958942417
1995-11-03,1.38,147.08,11.23,11.23,946.93,0.6321092946942254,658.41,27.06629,750.88,3.17552224503765,2.27054970568104,0.715016154973943,0.219528466253919,0.207214753166224,16.85,1.1541095890411,212.45,3.09468317552804,0,-16.0641,4.11759799833194,1.37608385686463,0.451685660266874,1.30108445697626,0.601283991047423,33.3877563865537,51.0347891166449,14.7976986383577,0.969,3.95608738968062,3.43920674799665,0.832442903389189,0.505112958942417
1995-11-04,0.83,214.75,3.74,3.74,533.47,0.5897514553590454,658.41,27.06629,750.88,3.17552224503765,2.27054970568104,0.715016154973943,0.219528466253919,0.207214753166224,16.85,1.1541095890411,212.45,3.09468317552804,0,-16.0641,4.11759799833194,1.37608385686463,0.451685660266874,1.30108445697626,0.601283991047423,33.3877563865537,51.0347891166449,14.7976986383577,0.969,3.95608738968062,3.43920674799665,0.832442903389189,0.505112958942417
1995-11-05,0.23,210.75,0.19,0.19,413.37,0.5180689580225868,658.41,27.06629,750.88,3.17552224503765,2.27054970568104,0.715016154973943,0.219528466253919,0.207214753166224,16.85,1.1541095890411,212.45,3.09468317552804,0,-16.0641,4.11759799833194,1.37608385686463,0.451685660266874,1.30108445697626,0.601283991047423,33.3877563865537,51.0347891166449,14.7976986383577,0.969,3.95608738968062,3.43920674799665,0.832442903389189,0.505112958942417
1995-11-06,0.01,269.03,-2.08,-2.08,355.56,0.4887443000213083,658.41,27.06629,750.88,3.17552224503765,2.27054970568104,0.715016154973943,0.219528466253919,0.207214753166224,16.85,1.1541095890411,212.45,3.09468317552804,0,-16.0641,4.11759799833194,1.37608385686463,0.451685660266874,1.30108445697626,0.601283991047423,33.3877563865537,51.0347891166449,14.7976986383577,0.969,3.95608738968062,3.43920674799665,0.832442903389189,0.505112958942417
1995-11-07,4.5,174.53,0.0,0.0,428.31,0.5148106626891115,658.41,27.06629,750.88,3.17552224503765,2.27054970568104,0.715016154973943,0.219528466253919,0.207214753166224,16.85,1.1541095890411,212.45,3.09468317552804,0,-16.0641,4.11759799833194,1.37608385686463,0.451685660266874,1.30108445697626,0.601283991047423,33.3877563865537,51.0347891166449,14.7976986383577,0.969,3.95608738968062,3.43920674799665,0.832442903389189,0.505112958942417
1995-11-08,4.0,124.42,-0.12,-0.12,440.36,0.6972752013637332,658.41,27.06629,750.88,3.17552224503765,2.27054970568104,0.715016154973943,0.219528466253919,0.207214753166224,16.85,1.1541095890411,212.45,3.09468317552804,0,-16.0641,4.11759799833194,1.37608385686463,0.451685660266874,1.30108445697626,0.601283991047423,33.3877563865537,51.0347891166449,14.7976986383577,0.969,3.95608738968062,3.43920674799665,0.832442903389189,0.505112958942417
1995-11-09,1.17,188.88,-3.71,-3.71,333.69,0.6353675900277007,658.41,27.06629,750.88,3.17552224503765,2.27054970568104,0.715016154973943,0.219528466253919,0.207214753166224,16.85,1.1541095890411,212.45,3.09468317552804,0,-16.0641,4.11759799833194,1.37608385686463,0.451685660266874,1.30108445697626,0.601283991047423,33.3877563865537,51.0347891166449,14.7976986383577,0.969,3.95608738968062,3.43920674799665,0.832442903389189,0.505112958942417
1995-11-10,0.11,308.5,-2.81,-2.81,370.34,0.5734599786916684,658.41,27.06629,750.88,3.17552224503765,2.27054970568104,0.715016154973943,0.219528466253919,0.207214753166224,16.85,1.1541095890411,212.45,3.09468317552804,0,-16.0641,4.11759799833194,1.37608385686463,0.451685660266874,1.30108445697626,0.601283991047423,33.3877563865537,51.0347891166449,14.7976986383577,0.969,3.95608738968062,3.43920674799665,0.832442903389189,0.505112958942417
1995-11-11,22.48,159.52,5.27,5.27,641.66,1.098045527381206,658.41,27.06629,750.88,3.17552224503765,2.27054970568104,0.715016154973943,0.219528466253919,0.207214753166224,16.85,1.1541095890411,212.45,3.09468317552804,0,-16.0641,4.11759799833194,1.37608385686463,0.451685660266874,1.30108445697626,0.601283991047423,33.3877563865537,51.0347891166449,14.7976986383577,0.969,3.95608738968062,3.43920674799665,0.832442903389189,0.505112958942417
1995-11-12,7.49,239.69,2.62,2.62,426.84,4.626779373535052,658.41,27.06629,750.88,3.17552224503765,2.27054970568104,0.715016154973943,0.219528466253919,0.207214753166224,16.85,1.1541095890411,212.45,3.09468317552804,0,-16.0641,4.11759799833194,1.37608385686463,0.451685660266874,1.30108445697626,0.601283991047423,33.3877563865537,51.0347891166449,14.7976986383577,0.969,3.95608738968062,3.43920674799665,0.832442903389189,0.505112958942417
1995-11-13,1.29,163.83,-2.45,-2.45,338.46,2.398105365437886,658.41,27.06629,750.88,3.17552224503765,2.27054970568104,0.715016154973943,0.219528466253919,0.207214753166224,16.85,1.1541095890411,212.45,3.09468317552804,0,-16.0641,4.11759799833194,1.37608385686463,0.451685660266874,1.30108445697626,0.601283991047423,33.3877563865537,51.0347891166449,14.7976986383577,0.969,3.95608738968062,3.43920674799665,0.832442903389189,0.505112958942417
1995-11-14,23.37,160.98,-3.29,-3.29,369.63,2.0755341274238224,658.41,27.06629,750.88,3.17552224503765,2.27054970568104,0.715016154973943,0.219528466253919,0.207214753166224,16.85,1.1541095890411,212.45,3.09468317552804,0,-16.0641,4.11759799833194,1.37608385686463,0.451685660266874,1.30108445697626,0.601283991047423,33.3877563865537,51.0347891166449,14.7976986383577,0.969,3.95608738968062,3.43920674799665,0.832442903389189,0.505112958942417
1995-11-15,8.6,133.0,-2.69,-2.69,390.73,2.18305787342851,658.41,27.06629,750.88,3.17552224503765,2.27054970568104,0.715016154973943,0.219528466253919,0.207214753166224,16.85,1.1541095890411,212.45,3.09468317552804,0,-16.0641,4.11759799833194,1.37608385686463,0.451685660266874,1.30108445697626,0.601283991047423,33.3877563865537,51.0347891166449,14.7976986383577,0.969,3.95608738968062,3.43920674799665,0.832442903389189,0.505112958942417
1995-11-16,0.67,179.95,-3.76,-3.76,348.17,1.951718904751758,658.41,27.06629,750.88,3.17552224503765,2.27054970568104,0.715016154973943,0.219528466253919,0.207214753166224,16.85,1.1541095890411,212.45,3.09468317552804,0,-16.0641,4.11759799833194,1.37608385686463,0.451685660266874,1.30108445697626,0.601283991047423,33.3877563865537,51.0347891166449,14.7976986383577,0.969,3.95608738968062,3.43920674799665,0.832442903389189,0.505112958942417
1995-11-17,2.34,225.6,-4.99,-4.99,289.01,1.7725126614106115,658.41,27.06629,750.88,3.17552224503765,2.27054970568104,0.715016154973943,0.219528466253919,0.207214753166224,16.85,1.1541095890411,212.45,3.09468317552804,0,-16.0641,4.11759799833194,1.37608385686463,0.451685660266874,1.30108445697626,0.601283991047423,33.3877563865537,51.0347891166449,14.7976986383577,0.969,3.95608738968062,3.43920674799665,0.832442903389189,0.505112958942417
1995-11-18,0.94,223.4,-3.88,-3.88,322.7,1.7040884594076282,658.41,27.06629,750.88,3.17552224503765,2.27054970568104,0.715016154973943,0.219528466253919,0.207214753166224,16.85,1.1541095890411,212.45,3.09468317552804,0,-16.0641,4.11759799833194,1.37608385686463,0.451685660266874,1.30108445697626,0.601283991047423,33.3877563865537,51.0347891166449,14.7976986383577,0.969,3.95608738968062,3.43920674799665,0.832442903389189,0.505112958942417
1995-11-19,0.09,154.06,-1.02,-1.02,451.68,1.7040884594076282,658.41,27.06629,750.88,3.17552224503765,2.27054970568104,0.715016154973943,0.219528466253919,0.207214753166224,16.85,1.1541095890411,212.45,3.09468317552804,0,-16.0641,4.11759799833194,1.37608385686463,0.451685660266874,1.30108445697626,0.601283991047423,33.3877563865537,51.0347891166449,14.7976986383577,0.969,3.95608738968062,3.43920674799665,0.832442903389189,0.505112958942417
1995-11-20,0.1,191.31,-0.32,-0.32,469.87,1.7562211847432343,658.41,27.06629,750.88,3.17552224503765,2.27054970568104,0.715016154973943,0.219528466253919,0.207214753166224,16.85,1.1541095890411,212.45,3.09468317552804,0,-16.0641,4.11759799833194,1.37608385686463,0.451685660266874,1.30108445697626,0.601283991047423,33.3877563865537,51.0347891166449,14.7976986383577,0.969,3.95608738968062,3.43920674799665,0.832442903389189,0.505112958942417
1995-11-21,0.69,216.5,-1.19,-1.19,398.93,1.9354274280843808,658.41,27.06629,750.88,3.17552224503765,2.27054970568104,0.715016154973943,0.219528466253919,0.207214753166224,16.85,1.1541095890411,212.45,3.09468317552804,0,-16.0641,4.11759799833194,1.37608385686463,0.451685660266874,1.30108445697626,0.601283991047423,33.3877563865537,51.0347891166449,14.7976986383577,0.969,3.95608738968062,3.43920674799665,0.832442903389189,0.505112958942417
1995-11-22,1.02,157.59,-1.75,-1.75,390.23,1.7953207287449393,658.41,27.06629,750.88,3.17552224503765,2.27054970568104,0.715016154973943,0.219528466253919,0.207214753166224,16.85,1.1541095890411,212.45,3.09468317552804,0,-16.0641,4.11759799833194,1.37608385686463,0.451685660266874,1.30108445697626,0.601283991047423,33.3877563865537,51.0347891166449,14.7976986383577,0.969,3.95608738968062,3.43920674799665,0.832442903389189,0.505112958942417
1995-11-23,0.22,244.46,-4.46,-4.46,307.07,1.6421808480715958,658.41,27.06629,750.88,3.17552224503765,2.27054970568104,0.715016154973943,0.219528466253919,0.207214753166224,16.85,1.1541095890411,212.45,3.09468317552804,0,-16.0641,4.11759799833194,1.37608385686463,0.451685660266874,1.30108445697626,0.601283991047423,33.3877563865537,51.0347891166449,14.7976986383577,0.969,3.95608738968062,3.43920674799665,0.832442903389189,0.505112958942417
1995-11-24,0.0,294.72,-6.56,-6.56,223.42,1.4890409673982525,658.41,27.06629,750.88,3.17552224503765,2.27054970568104,0.715016154973943,0.219528466253919,0.207214753166224,16.85,1.1541095890411,212.45,3.09468317552804,0,-16.0641,4.11759799833194,1.37608385686463,0.451685660266874,1.30108445697626,0.601283991047423,33.3877563865537,51.0347891166449,14.7976986383577,0.969,3.95608738968062,3.43920674799665,0.832442903389189,0.505112958942417
1995-11-25,0.0,305.63,-8.42,-8.42,171.38,1.3098347240571062,658.41,27.06629,750.88,3.17552224503765,2.27054970568104,0.715016154973943,0.219528466253919,0.207214753166224,16.85,1.1541095890411,212.45,3.09468317552804,0,-16.0641,4.11759799833194,1.37608385686463,0.451685660266874,1.30108445697626,0.601283991047423,33.3877563865537,51.0347891166449,14.7976986383577,0.969,3.95608738968062,3.43920674799665,0.832442903389189,0.505112958942417
1995-11-26,0.0,300.52,-6.16,-6.16,220.65,1.2674768847219262,658.41,27.06629,750.88,3.17552224503765,2.27054970568104,0.715016154973943,0.219528466253919,0.207214753166224,16.85,1.1541095890411,212.45,3.09468317552804,0,-16.0641,4.11759799833194,1.37608385686463,0.451685660266874,1.30108445697626,0.601283991047423,33.3877563865537,51.0347891166449,14.7976986383577,0.969,3.95608738968062,3.43920674799665,0.832442903389189,0.505112958942417
1995-11-27,0.04,255.19,-2.84,-2.84,333.6,1.2544437033880247,658.41,27.06629,750.88,3.17552224503765,2.27054970568104,0.715016154973943,0.219528466253919,0.207214753166224,16.85,1.1541095890411,212.45,3.09468317552804,0,-16.0641,4.11759799833194,1.37608385686463,0.451685660266874,1.30108445697626,0.601283991047423,33.3877563865537,51.0347891166449,14.7976986383577,0.969,3.95608738968062,3.43920674799665,0.832442903389189,0.505112958942417
1995-11-28,0.42,224.85,1.79,1.79,431.95,4.985191860217345,658.41,27.06629,750.88,3.17552224503765,2.27054970568104,0.715016154973943,0.219528466253919,0.207214753166224,16.85,1.1541095890411,212.45,3.09468317552804,0,-16.0641,4.11759799833194,1.37608385686463,0.451685660266874,1.30108445697626,0.601283991047423,33.3877563865537,51.0347891166449,14.7976986383577,0.969,3.95608738968062,3.43920674799665,0.832442903389189,0.505112958942417
1995-11-29,0.11,264.06,-2.46,-2.46,320.99,3.3886271468144042,658.41,27.06629,750.88,3.17552224503765,2.27054970568104,0.715016154973943,0.219528466253919,0.207214753166224,16.85,1.1541095890411,212.45,3.09468317552804,0,-16.0641,4.11759799833194,1.37608385686463,0.451685660266874,1.30108445697626,0.601283991047423,33.3877563865537,51.0347891166449,14.7976986383577,0.969,3.95608738968062,3.43920674799665,0.832442903389189,0.505112958942417
1995-11-30,2.15,213.13,-4.78,-4.78,294.39,2.5707950181120816,658.41,27.06629,750.88,3.17552224503765,2.27054970568104,0.715016154973943,0.219528466253919,0.207214753166224,16.85,1.1541095890411,212.45,3.09468317552804,0,-16.0641,4.11759799833194,1.37608385686463,0.451685660266874,1.30108445697626,0.601283991047423,33.3877563865537,51.0347891166449,14.7976986383577,0.969,3.95608738968062,3.43920674799665,0.832442903389189,0.505112958942417
1995-12-01,1.2,211.67,-1.71,-1.71,381.56,2.7467429661197524,658.41,27.06629,750.88,3.17552224503765,2.27054970568104,0.715016154973943,0.219528466253919,0.207214753166224,16.85,1.1541095890411,212.45,3.09468317552804,0,-16.0641,4.11759799833194,1.37608385686463,0.451685660266874,1.30108445697626,0.601283991047423,33.3877563865537,51.0347891166449,14.7976986383577,0.969,3.95608738968062,3.43920674799665,0.832442903389189,0.505112958942417
1995-12-02,0.17,265.06,0.07,0.07,426.68,2.792359100788408,658.41,27.06629,750.88,3.17552224503765,2.27054970568104,0.715016154973943,0.219528466253919,0.207214753166224,16.85,1.1541095890411,212.45,3.09468317552804,0,-16.0641,4.11759799833194,1.37608385686463,0.451685660266874,1.30108445697626,0.601283991047423,33.3877563865537,51.0347891166449,14.7976986383577,0.969,3.95608738968062,3.43920674799665,0.832442903389189,0.505112958942417
1995-12-03,1.44,196.48,-0.08,-0.08,444.99,2.156991510760707,658.41,27.06629,750.88,3.17552224503765,2.27054970568104,0.715016154973943,0.219528466253919,0.207214753166224,16.85,1.1541095890411,212.45,3.09468317552804,0,-16.0641,4.11759799833194,1.37608385686463,0.451685660266874,1.30108445697626,0.601283991047423,33.3877563865537,51.0347891166449,14.7976986383577,0.969,3.95608738968062,3.43920674799665,0.832442903389189,0.505112958942417
1995-12-04,0.38,215.75,1.27,1.27,487.88,2.3329394587683785,658.41,27.06629,750.88,3.17552224503765,2.27054970568104,0.715016154973943,0.219528466253919,0.207214753166224,16.85,1.1541095890411,212.45,3.09468317552804,0,-16.0641,4.11759799833194,1.37608385686463,0.451685660266874,1.30108445697626,0.601283991047423,33.3877563865537,51.0347891166449,14.7976986383577,0.969,3.95608738968062,3.43920674799665,0.832442903389189,0.505112958942417
1995-12-05,1.01,218.71,-3.38,-3.38,323.74,1.8930695887492006,658.41,27.06629,750.88,3.17552224503765,2.27054970568104,0.715016154973943,0.219528466253919,0.207214753166224,16.85,1.1541095890411,212.45,3.09468317552804,0,-16.0641,4.11759799833194,1.37608385686463,0.451685660266874,1.30108445697626,0.601283991047423,33.3877563865537,51.0347891166449,14.7976986383577,0.969,3.95608738968062,3.43920674799665,0.832442903389189,0.505112958942417
1995-12-06,0.7,186.43,-2.97,-2.97,340.42,1.7040884594076282,658.41,27.06629,750.88,3.17552224503765,2.27054970568104,0.715016154973943,0.219528466253919,0.207214753166224,16.85,1.1541095890411,212.45,3.09468317552804,0,-16.0641,4.11759799833194,1.37608385686463,0.451685660266874,1.30108445697626,0.601283991047423,33.3877563865537,51.0347891166449,14.7976986383577,0.969,3.95608738968062,3.43920674799665,0.832442903389189,0.505112958942417
1995-12-07,0.9,191.58,-4.22,-4.22,299.17,1.4629746047304493,658.41,27.06629,750.88,3.17552224503765,2.27054970568104,0.715016154973943,0.219528466253919,0.207214753166224,16.85,1.1541095890411,212.45,3.09468317552804,0,-16.0641,4.11759799833194,1.37608385686463,0.451685660266874,1.30108445697626,0.601283991047423,33.3877563865537,51.0347891166449,14.7976986383577,0.969,3.95608738968062,3.43920674799665,0.832442903389189,0.505112958942417
1995-12-08,0.79,227.08,-9.18,-9.18,186.5,1.2609602940549753,658.41,27.06629,750.88,3.17552224503765,2.27054970568104,0.715016154973943,0.219528466253919,0.207214753166224,16.85,1.1541095890411,212.45,3.09468317552804,0,-16.0641,4.11759799833194,1.37608385686463,0.451685660266874,1.30108445697626,0.601283991047423,33.3877563865537,51.0347891166449,14.7976986383577,0.969,3.95608738968062,3.43920674799665,0.832442903389189,0.505112958942417
1995-12-09,0.32,199.67,-6.76,-6.76,224.92,1.2055692733858938,658.41,27.06629,750.88,3.17552224503765,2.27054970568104,0.715016154973943,0.219528466253919,0.207214753166224,16.85,1.1541095890411,212.45,3.09468317552804,0,-16.0641,4.11759799833194,1.37608385686463,0.451685660266874,1.30108445697626,0.601283991047423,33.3877563865537,51.0347891166449,14.7976986383577,0.969,3.95608738968062,3.43920674799665,0.832442903389189,0.505112958942417
1995-12-10,0.56,228.63,-10.22,-10.22,147.15,0.9449056467078627,658.41,27.06629,750.88,3.17552224503765,2.27054970568104,0.715016154973943,0.219528466253919,0.207214753166224,16.85,1.1541095890411,212.45,3.09468317552804,0,-16.0641,4.11759799833194,1.37608385686463,0.451685660266874,1.30108445697626,0.601283991047423,33.3877563865537,51.0347891166449,14.7976986383577,0.969,3.95608738968062,3.43920674799665,0.832442903389189,0.505112958942417
1995-12-11,1.78,183.62,-13.88,-13.88,121.28,0.7494079266993394,658.41,27.06629,750.88,3.17552224503765,2.27054970568104,0.715016154973943,0.219528466253919,0.207214753166224,16.85,1.1541095890411,212.45,3.09468317552804,0,-16.0641,4.11759799833194,1.37608385686463,0.451685660266874,1.30108445697626,0.601283991047423,33.3877563865537,51.0347891166449,14.7976986383577,0.969,3.95608738968062,3.43920674799665,0.832442903389189,0.505112958942417
1995-12-12,0.43,253.26,-14.87,-14.87,118.31,0.7168249733645855,658.41,27.06629,750.88,3.17552224503765,2.27054970568104,0.715016154973943,0.219528466253919,0.207214753166224,16.85,1.1541095890411,212.45,3.09468317552804,0,-16.0641,4.11759799833194,1.37608385686463,0.451685660266874,1.30108445697626,0.601283991047423,33.3877563865537,51.0347891166449,14.7976986383577,0.969,3.95608738968062,3.43920674799665,0.832442903389189,0.505112958942417
1995-12-13,5.29,226.63,-13.7,-13.7,123.16,0.6842420200298316,658.41,27.06629,750.88,3.17552224503765,2.27054970568104,0.715016154973943,0.219528466253919,0.207214753166224,16.85,1.1541095890411,212.45,3.09468317552804,0,-16.0641,4.11759799833194,1.37608385686463,0.451685660266874,1.30108445697626,0.601283991047423,33.3877563865537,51.0347891166449,14.7976986383577,0.969,3.95608738968062,3.43920674799665,0.832442903389189,0.505112958942417
1995-12-14,5.17,217.56,-10.05,-10.05,196.56,0.7494079266993394,658.41,27.06629,750.88,3.17552224503765,2.27054970568104,0.715016154973943,0.219528466253919,0.207214753166224,16.85,1.1541095890411,212.45,3.09468317552804,0,-16.0641,4.11759799833194,1.37608385686463,0.451685660266874,1.30108445697626,0.601283991047423,33.3877563865537,51.0347891166449,14.7976986383577,0.969,3.95608738968062,3.43920674799665,0.832442903389189,0.505112958942417
1995-12-15,1.54,193.71,-2.3,-2.3,379.88,0.8601899680375026,658.41,27.06629,750.88,3.17552224503765,2.27054970568104,0.715016154973943,0.219528466253919,0.207214753166224,16.85,1.1541095890411,212.45,3.09468317552804,0,-16.0641,4.11759799833194,1.37608385686463,0.451685660266874,1.30108445697626,0.601283991047423,33.3877563865537,51.0347891166449,14.7976986383577,0.969,3.95608738968062,3.43920674799665,0.832442903389189,0.505112958942417
1995-12-16,0.77,159.01,-1.51,-1.51,407.59,0.8145738333688473,658.41,27.06629,750.88,3.17552224503765,2.27054970568104,0.715016154973943,0.219528466253919,0.207214753166224,16.85,1.1541095890411,212.45,3.09468317552804,0,-16.0641,4.11759799833194,1.37608385686463,0.451685660266874,1.30108445697626,0.601283991047423,33.3877563865537,51.0347891166449,14.7976986383577,0.969,3.95608738968062,3.43920674799665,0.832442903389189,0.505112958942417
1995-12-17,0.17,219.41,-3.33,-3.33,340.14,0.7168249733645855,658.41,27.06629,750.88,3.17552224503765,2.27054970568104,0.715016154973943,0.219528466253919,0.207214753166224,16.85,1.1541095890411,212.45,3.09468317552804,0,-16.0641,4.11759799833194,1.37608385686463,0.451685660266874,1.30108445697626,0.601283991047423,33.3877563865537,51.0347891166449,14.7976986383577,0.969,3.95608738968062,3.43920674799665,0.832442903389189,0.505112958942417
1995-12-18,0.47,220.13,-6.3,-6.3,243.2,0.6516590666950778,658.41,27.06629,750.88,3.17552224503765,2.27054970568104,0.715016154973943,0.219528466253919,0.207214753166224,16.85,1.1541095890411,212.45,3.09468317552804,0,-16.0641,4.11759799833194,1.37608385686463,0.451685660266874,1.30108445697626,0.601283991047423,33.3877563865537,51.0347891166449,14.7976986383577,0.969,3.95608738968062,3.43920674799665,0.832442903389189,0.505112958942417
1995-12-19,15.24,197.91,-6.93,-6.93,228.84,0.5962680460259961,658.41,27.06629,750.88,3.17552224503765,2.27054970568104,0.715016154973943,0.219528466253919,0.207214753166224,16.85,1.1541095890411,212.45,3.09468317552804,0,-16.0641,4.11759799833194,1.37608385686463,0.451685660266874,1.30108445697626,0.601283991047423,33.3877563865537,51.0347891166449,14.7976986383577,0.969,3.95608738968062,3.43920674799665,0.832442903389189,0.505112958942417
1995-12-20,4.6,182.4,-10.98,-10.98,177.35,0.5213272533560622,658.41,27.06629,750.88,3.17552224503765,2.27054970568104,0.715016154973943,0.219528466253919,0.207214753166224,16.85,1.1541095890411,212.45,3.09468317552804,0,-16.0641,4.11759799833194,1.37608385686463,0.451685660266874,1.30108445697626,0.601283991047423,33.3877563865537,51.0347891166449,14.7976986383577,0.969,3.95608738968062,3.43920674799665,0.832442903389189,0.505112958942417
1995-12-21,0.98,168.11,-11.22,-11.22,185.39,0.6842420200298316,658.41,27.06629,750.88,3.17552224503765,2.27054970568104,0.715016154973943,0.219528466253919,0.207214753166224,16.85,1.1541095890411,212.45,3.09468317552804,0,-16.0641,4.11759799833194,1.37608385686463,0.451685660266874,1.30108445697626,0.601283991047423,33.3877563865537,51.0347891166449,14.7976986383577,0.969,3.95608738968062,3.43920674799665,0.832442903389189,0.505112958942417
1995-12-22,0.6,172.11,-9.19,-9.19,226.0,0.6190761133603239,658.41,27.06629,750.88,3.17552224503765,2.27054970568104,0.715016154973943,0.219528466253919,0.207214753166224,16.85,1.1541095890411,212.45,3.09468317552804,0,-16.0641,4.11759799833194,1.37608385686463,0.451685660266874,1.30108445697626,0.601283991047423,33.3877563865537,51.0347891166449,14.7976986383577,0.969,3.95608738968062,3.43920674799665,0.832442903389189,0.505112958942417
1995-12-23,1.02,153.51,-6.84,-6.84,277.95,0.6190761133603239,658.41,27.06629,750.88,3.17552224503765,2.27054970568104,0.715016154973943,0.219528466253919,0.207214753166224,16.85,1.1541095890411,212.45,3.09468317552804,0,-16.0641,4.11759799833194,1.37608385686463,0.451685660266874,1.30108445697626,0.601283991047423,33.3877563865537,51.0347891166449,14.7976986383577,0.969,3.95608738968062,3.43920674799665,0.832442903389189,0.505112958942417
1995-12-24,1.11,140.15,-6.09,-6.09,297.21,0.58649316002557,658.41,27.06629,750.88,3.17552224503765,2.27054970568104,0.715016154973943,0.219528466253919,0.207214753166224,16.85,1.1541095890411,212.45,3.09468317552804,0,-16.0641,4.11759799833194,1.37608385686463,0.451685660266874,1.30108445697626,0.601283991047423,33.3877563865537,51.0347891166449,14.7976986383577,0.969,3.95608738968062,3.43920674799665,0.832442903389189,0.505112958942417
1995-12-25,0.81,157.49,-6.88,-6.88,270.26,0.553910206690816,658.41,27.06629,750.88,3.17552224503765,2.27054970568104,0.715016154973943,0.219528466253919,0.207214753166224,16.85,1.1541095890411,212.45,3.09468317552804,0,-16.0641,4.11759799833194,1.37608385686463,0.451685660266874,1.30108445697626,0.601283991047423,33.3877563865537,51.0347891166449,14.7976986383577,0.969,3.95608738968062,3.43920674799665,0.832442903389189,0.505112958942417
1995-12-26,0.23,221.82,-8.63,-8.63,209.68,0.5213272533560622,658.41,27.06629,750.88,3.17552224503765,2.27054970568104,0.715016154973943,0.219528466253919,0.207214753166224,16.85,1.1541095890411,212.45,3.09468317552804,0,-16.0641,4.11759799833194,1.37608385686463,0.451685660266874,1.30108445697626,0.601283991047423,33.3877563865537,51.0347891166449,14.7976986383577,0.969,3.95608738968062,3.43920674799665,0.832442903389189,0.505112958942417
1995-12-27,0.11,240.01,-11.72,-11.72,150.13,0.5050357766886853,658.41,27.06629,750.88,3.17552224503765,2.27054970568104,0.715016154973943,0.219528466253919,0.207214753166224,16.85,1.1541095890411,212.45,3.09468317552804,0,-16.0641,4.11759799833194,1.37608385686463,0.451685660266874,1.30108445697626,0.601283991047423,33.3877563865537,51.0347891166449,14.7976986383577,0.969,3.95608738968062,3.43920674799665,0.832442903389189,0.505112958942417
1995-12-28,0.02,229.43,-9.36,-9.36,205.26,0.4887443000213083,658.41,27.06629,750.88,3.17552224503765,2.27054970568104,0.715016154973943,0.219528466253919,0.207214753166224,16.85,1.1541095890411,212.45,3.09468317552804,0,-16.0641,4.11759799833194,1.37608385686463,0.451685660266874,1.30108445697626,0.601283991047423,33.3877563865537,51.0347891166449,14.7976986383577,0.969,3.95608738968062,3.43920674799665,0.832442903389189,0.505112958942417
1995-12-29,0.0,205.41,-7.74,-7.74,238.86,0.4887443000213083,658.41,27.06629,750.88,3.17552224503765,2.27054970568104,0.715016154973943,0.219528466253919,0.207214753166224,16.85,1.1541095890411,212.45,3.09468317552804,0,-16.0641,4.11759799833194,1.37608385686463,0.451685660266874,1.30108445697626,0.601283991047423,33.3877563865537,51.0347891166449,14.7976986383577,0.969,3.95608738968062,3.43920674799665,0.832442903389189,0.505112958942417
1995-12-30,0.0,302.19,-10.03,-10.03,164.82,0.47245282335393135,658.41,27.06629,750.88,3.17552224503765,2.27054970568104,0.715016154973943,0.219528466253919,0.207214753166224,16.85,1.1541095890411,212.45,3.09468317552804,0,-16.0641,4.11759799833194,1.37608385686463,0.451685660266874,1.30108445697626,0.601283991047423,33.3877563865537,51.0347891166449,14.7976986383577,0.969,3.95608738968062,3.43920674799665,0.832442903389189,0.505112958942417
1995-12-31,0.6,237.6,-6.01,-6.01,235.04,0.553910206690816,658.41,27.06629,750.88,3.17552224503765,2.27054970568104,0.715016154973943,0.219528466253919,0.207214753166224,16.85,1.1541095890411,212.45,3.09468317552804,0,-16.0641,4.11759799833194,1.37608385686463,0.451685660266874,1.30108445697626,0.601283991047423,33.3877563865537,51.0347891166449,14.7976986383577,0.969,3.95608738968062,3.43920674799665,0.832442903389189,0.505112958942417
1996-01-01,0.8,205.13,-1.89,-1.89,355.68,0.5571685020242915,658.41,27.06629,750.88,3.17552224503765,2.27054970568104,0.715016154973943,0.219528466253919,0.207214753166224,16.85,1.1541095890411,212.45,3.09468317552804,0,-16.0641,4.11759799833194,1.37608385686463,0.451685660266874,1.30108445697626,0.601283991047423,33.3877563865537,51.0347891166449,14.7976986383577,0.969,3.95608738968062,3.43920674799665,0.832442903389189,0.505112958942417
1996-01-02,17.54,227.04,-4.3,-4.3,287.92,0.570201683358193,658.41,27.06629,750.88,3.17552224503765,2.27054970568104,0.715016154973943,0.219528466253919,0.207214753166224,16.85,1.1541095890411,212.45,3.09468317552804,0,-16.0641,4.11759799833194,1.37608385686463,0.451685660266874,1.30108445697626,0.601283991047423,33.3877563865537,51.0347891166449,14.7976986383577,0.969,3.95608738968062,3.43920674799665,0.832442903389189,0.505112958942417
1996-01-03,6.02,193.89,-9.0,-9.0,195.5,0.3909954400170466,658.41,27.06629,750.88,3.17552224503765,2.27054970568104,0.715016154973943,0.219528466253919,0.207214753166224,16.85,1.1541095890411,212.45,3.09468317552804,0,-16.0641,4.11759799833194,1.37608385686463,0.451685660266874,1.30108445697626,0.601283991047423,33.3877563865537,51.0347891166449,14.7976986383577,0.969,3.95608738968062,3.43920674799665,0.832442903389189,0.505112958942417
1996-01-04,0.38,317.03,-16.9,-16.9,81.49,0.58649316002557,658.41,27.06629,750.88,3.17552224503765,2.27054970568104,0.715016154973943,0.219528466253919,0.207214753166224,16.85,1.1541095890411,212.45,3.09468317552804,0,-16.0641,4.11759799833194,1.37608385686463,0.451685660266874,1.30108445697626,0.601283991047423,33.3877563865537,51.0347891166449,14.7976986383577,0.969,3.95608738968062,3.43920674799665,0.832442903389189,0.505112958942417
1996-01-05,0.05,271.23,-16.81,-16.81,70.4,0.6190761133603239,658.41,27.06629,750.88,3.17552224503765,2.27054970568104,0.715016154973943,0.219528466253919,0.207214753166224,16.85,1.1541095890411,212.45,3.09468317552804,0,-16.0641,4.11759799833194,1.37608385686463,0.451685660266874,1.30108445697626,0.601283991047423,33.3877563865537,51.0347891166449,14.7976986383577,0.969,3.95608738968062,3.43920674799665,0.832442903389189,0.505112958942417
1996-01-06,0.07,298.96,-19.16,-19.16,55.79,0.58649316002557,658.41,27.06629,750.88,3.17552224503765,2.27054970568104,0.715016154973943,0.219528466253919,0.207214753166224,16.85,1.1541095890411,212.45,3.09468317552804,0,-16.0641,4.11759799833194,1.37608385686463,0.451685660266874,1.30108445697626,0.601283991047423,33.3877563865537,51.0347891166449,14.7976986383577,0.969,3.95608738968062,3.43920674799665,0.832442903389189,0.505112958942417
1996-01-07,0.05,303.37,-17.81,-17.81,73.45,0.553910206690816,658.41,27.06629,750.88,3.17552224503765,2.27054970568104,0.715016154973943,0.219528466253919,0.207214753166224,16.85,1.1541095890411,212.45,3.09468317552804,0,-16.0641,4.11759799833194,1.37608385686463,0.451685660266874,1.30108445697626,0.601283991047423,33.3877563865537,51.0347891166449,14.7976986383577,0.969,3.95608738968062,3.43920674799665,0.832442903389189,0.505112958942417
1996-01-08,0.17,214.48,-13.49,-13.49,134.5,0.5376187300234391,658.41,27.06629,750.88,3.17552224503765,2.27054970568104,0.715016154973943,0.219528466253919,0.207214753166224,16.85,1.1541095890411,212.45,3.09468317552804,0,-16.0641,4.11759799833194,1.37608385686463,0.451685660266874,1.30108445697626,0.601283991047423,33.3877563865537,51.0347891166449,14.7976986383577,0.969,3.95608738968062,3.43920674799665,0.832442903389189,0.505112958942417
1996-01-09,2.74,234.05,-12.97,-12.97,145.54,0.5213272533560622,658.41,27.06629,750.88,3.17552224503765,2.27054970568104,0.715016154973943,0.219528466253919,0.207214753166224,16.85,1.1541095890411,212.45,3.09468317552804,0,-16.0641,4.11759799833194,1.37608385686463,0.451685660266874,1.30108445697626,0.601283991047423,33.3877563865537,51.0347891166449,14.7976986383577,0.969,3.95608738968062,3.43920674799665,0.832442903389189,0.505112958942417
1996-01-10,0.95,194.75,-10.99,-10.99,165.43,0.5050357766886853,658.41,27.06629,750.88,3.17552224503765,2.27054970568104,0.715016154973943,0.219528466253919,0.207214753166224,16.85,1.1541095890411,212.45,3.09468317552804,0,-16.0641,4.11759799833194,1.37608385686463,0.451685660266874,1.30108445697626,0.601283991047423,33.3877563865537,51.0347891166449,14.7976986383577,0.969,3.95608738968062,3.43920674799665,0.832442903389189,0.505112958942417
1996-01-11,0.07,310.71,-16.85,-16.85,84.39,0.4887443000213083,658.41,27.06629,750.88,3.17552224503765,2.27054970568104,0.715016154973943,0.219528466253919,0.207214753166224,16.85,1.1541095890411,212.45,3.09468317552804,0,-16.0641,4.11759799833194,1.37608385686463,0.451685660266874,1.30108445697626,0.601283991047423,33.3877563865537,51.0347891166449,14.7976986383577,0.969,3.95608738968062,3.43920674799665,0.832442903389189,0.505112958942417
1996-01-12,0.01,315.08,-14.43,-14.43,109.82,0.4887443000213083,658.41,27.06629,750.88,3.17552224503765,2.27054970568104,0.715016154973943,0.219528466253919,0.207214753166224,16.85,1.1541095890411,212.45,3.09468317552804,0,-16.0641,4.11759799833194,1.37608385686463,0.451685660266874,1.30108445697626,0.601283991047423,33.3877563865537,51.0347891166449,14.7976986383577,0.969,3.95608738968062,3.43920674799665,0.832442903389189,0.505112958942417
1996-01-13,0.0,293.29,-8.33,-8.33,212.55,0.47245282335393135,658.41,27.06629,750.88,3.17552224503765,2.27054970568104,0.715016154973943,0.219528466253919,0.207214753166224,16.85,1.1541095890411,212.45,3.09468317552804,0,-16.0641,4.11759799833194,1.37608385686463,0.451685660266874,1.30108445697626,0.601283991047423,33.3877563865537,51.0347891166449,14.7976986383577,0.969,3.95608738968062,3.43920674799665,0.832442903389189,0.505112958942417
1996-01-14,0.0,254.79,-4.77,-4.77,292.85,0.47245282335393135,658.41,27.06629,750.88,3.17552224503765,2.27054970568104,0.715016154973943,0.219528466253919,0.207214753166224,16.85,1.1541095890411,212.45,3.09468317552804,0,-16.0641,4.11759799833194,1.37608385686463,0.451685660266874,1.30108445697626,0.601283991047423,33.3877563865537,51.0347891166449,14.7976986383577,0.969,3.95608738968062,3.43920674799665,0.832442903389189,0.505112958942417
1996-01-15,0.0,325.74,-4.91,-4.91,234.82,0.45616134668655445,658.41,27.06629,750.88,3.17552224503765,2.27054970568104,0.715016154973943,0.219528466253919,0.207214753166224,16.85,1.1541095890411,212.45,3.09468317552804,0,-16.0641,4.11759799833194,1.37608385686463,0.451685660266874,1.30108445697626,0.601283991047423,33.3877563865537,51.0347891166449,14.7976986383577,0.969,3.95608738968062,3.43920674799665,0.832442903389189,0.505112958942417
1996-01-16,0.31,259.09,-11.49,-11.49,157.43,0.4463864606861282,658.41,27.06629,750.88,3.17552224503765,2.27054970568104,0.715016154973943,0.219528466253919,0.207214753166224,16.85,1.1541095890411,212.45,3.09468317552804,0,-16.0641,4.11759799833194,1.37608385686463,0.451685660266874,1.30108445697626,0.601283991047423,33.3877563865537,51.0347891166449,14.7976986383577,0.969,3.95608738968062,3.43920674799665,0.832442903389189,0.505112958942417
1996-01-17,0.36,258.99,-3.33,-3.33,340.71,0.54413532069039,658.41,27.06629,750.88,3.17552224503765,2.27054970568104,0.715016154973943,0.219528466253919,0.207214753166224,16.85,1.1541095890411,212.45,3.09468317552804,0,-16.0641,4.11759799833194,1.37608385686463,0.451685660266874,1.30108445697626,0.601283991047423,33.3877563865537,51.0347891166449,14.7976986383577,0.969,3.95608738968062,3.43920674799665,0.832442903389189,0.505112958942417
1996-01-18,11.82,200.58,3.67,3.67,595.97,2.606636266780311,658.41,27.06629,750.88,3.17552224503765,2.27054970568104,0.715016154973943,0.219528466253919,0.207214753166224,16.85,1.1541095890411,212.45,3.09468317552804,0,-16.0641,4.11759799833194,1.37608385686463,0.451685660266874,1.30108445697626,0.601283991047423,33.3877563865537,51.0347891166449,14.7976986383577,0.969,3.95608738968062,3.43920674799665,0.832442903389189,0.505112958942417
1996-01-19,30.22,256.02,4.49,4.49,526.33,44.964475601960366,658.41,27.06629,750.88,3.17552224503765,2.27054970568104,0.715016154973943,0.219528466253919,0.207214753166224,16.85,1.1541095890411,212.45,3.09468317552804,0,-16.0641,4.11759799833194,1.37608385686463,0.451685660266874,1.30108445697626,0.601283991047423,33.3877563865537,51.0347891166449,14.7976986383577,0.969,3.95608738968062,3.43920674799665,0.832442903389189,0.505112958942417
1996-01-20,7.32,278.17,-2.75,-2.75,254.44,21.244085574259536,658.41,27.06629,750.88,3.17552224503765,2.27054970568104,0.715016154973943,0.219528466253919,0.207214753166224,16.85,1.1541095890411,212.45,3.09468317552804,0,-16.0641,4.11759799833194,1.37608385686463,0.451685660266874,1.30108445697626,0.601283991047423,33.3877563865537,51.0347891166449,14.7976986383577,0.969,3.95608738968062,3.43920674799665,0.832442903389189,0.505112958942417
1996-01-21,0.13,222.01,-7.71,-7.71,200.16,7.982823567014702,658.41,27.06629,750.88,3.17552224503765,2.27054970568104,0.715016154973943,0.219528466253919,0.207214753166224,16.85,1.1541095890411,212.45,3.09468317552804,0,-16.0641,4.11759799833194,1.37608385686463,0.451685660266874,1.30108445697626,0.601283991047423,33.3877563865537,51.0347891166449,14.7976986383577,0.969,3.95608738968062,3.43920674799665,0.832442903389189,0.505112958942417
1996-01-22,0.02,322.55,-8.8,-8.8,200.97,4.887443000213083,658.41,27.06629,750.88,3.17552224503765,2.27054970568104,0.715016154973943,0.219528466253919,0.207214753166224,16.85,1.1541095890411,212.45,3.09468317552804,0,-16.0641,4.11759799833194,1.37608385686463,0.451685660266874,1.30108445697626,0.601283991047423,33.3877563865537,51.0347891166449,14.7976986383577,0.969,3.95608738968062,3.43920674799665,0.832442903389189,0.505112958942417
1996-01-23,5.21,255.48,-3.72,-3.72,314.96,3.8122055401662047,658.41,27.06629,750.88,3.17552224503765,2.27054970568104,0.715016154973943,0.219528466253919,0.207214753166224,16.85,1.1541095890411,212.45,3.09468317552804,0,-16.0641,4.11759799833194,1.37608385686463,0.451685660266874,1.30108445697626,0.601283991047423,33.3877563865537,51.0347891166449,14.7976986383577,0.969,3.95608738968062,3.43920674799665,0.832442903389189,0.505112958942417
1996-01-24,6.32,178.85,0.43,0.43,449.22,5.53910206690816,658.41,27.06629,750.88,3.17552224503765,2.27054970568104,0.715016154973943,0.219528466253919,0.207214753166224,16.85,1.1541095890411,212.45,3.09468317552804,0,-16.0641,4.11759799833194,1.37608385686463,0.451685660266874,1.30108445697626,0.601283991047423,33.3877563865537,51.0347891166449,14.7976986383577,0.969,3.95608738968062,3.43920674799665,0.832442903389189,0.505112958942417
1996-01-25,1.3,343.58,-4.1,-4.1,269.12,4.398698700191775,658.41,27.06629,750.88,3.17552224503765,2.27054970568104,0.715016154973943,0.219528466253919,0.207214753166224,16.85,1.1541095890411,212.45,3.09468317552804,0,-16.0641,4.11759799833194,1.37608385686463,0.451685660266874,1.30108445697626,0.601283991047423,33.3877563865537,51.0347891166449,14.7976986383577,0.969,3.95608738968062,3.43920674799665,0.832442903389189,0.505112958942417
1996-01-26,9.61,237.52,-6.16,-6.16,251.89,2.8966245514596207,658.41,27.06629,750.88,3.17552224503765,2.27054970568104,0.715016154973943,0.219528466253919,0.207214753166224,16.85,1.1541095890411,212.45,3.09468317552804,0,-16.0641,4.11759799833194,1.37608385686463,0.451685660266874,1.30108445697626,0.601283991047423,33.3877563865537,51.0347891166449,14.7976986383577,0.969,3.95608738968062,3.43920674799665,0.832442903389189,0.505112958942417
1996-01-27,8.32,277.51,-1.5,-1.5,337.94,7.1682497336458555,658.41,27.06629,750.88,3.17552224503765,2.27054970568104,0.715016154973943,0.219528466253919,0.207214753166224,16.85,1.1541095890411,212.45,3.09468317552804,0,-16.0641,4.11759799833194,1.37608385686463,0.451685660266874,1.30108445697626,0.601283991047423,33.3877563865537,51.0347891166449,14.7976986383577,0.969,3.95608738968062,3.43920674799665,0.832442903389189,0.505112958942417
1996-01-28,1.6,286.21,-2.43,-2.43,285.96,4.887443000213083,658.41,27.06629,750.88,3.17552224503765,2.27054970568104,0.715016154973943,0.219528466253919,0.207214753166224,16.85,1.1541095890411,212.45,3.09468317552804,0,-16.0641,4.11759799833194,1.37608385686463,0.451685660266874,1.30108445697626,0.601283991047423,33.3877563865537,51.0347891166449,14.7976986383577,0.969,3.95608738968062,3.43920674799665,0.832442903389189,0.505112958942417
1996-01-29,0.02,337.52,-7.78,-7.78,208.92,3.4537930534839116,658.41,27.06629,750.88,3.17552224503765,2.27054970568104,0.715016154973943,0.219528466253919,0.207214753166224,16.85,1.1541095890411,212.45,3.09468317552804,0,-16.0641,4.11759799833194,1.37608385686463,0.451685660266874,1.30108445697626,0.601283991047423,33.3877563865537,51.0347891166449,14.7976986383577,0.969,3.95608738968062,3.43920674799665,0.832442903389189,0.505112958942417
1996-01-30,0.24,212.72,-5.37,-5.37,268.96,2.851008416790965,658.41,27.06629,750.88,3.17552224503765,2.27054970568104,0.715016154973943,0.219528466253919,0.207214753166224,16.85,1.1541095890411,212.45,3.09468317552804,0,-16.0641,4.11759799833194,1.37608385686463,0.451685660266874,1.30108445697626,0.601283991047423,33.3877563865537,51.0347891166449,14.7976986383577,0.969,3.95608738968062,3.43920674799665,0.832442903389189,0.505112958942417
1996-01-31,0.06,337.95,-9.68,-9.68,168.94,2.117891966759003,658.41,27.06629,750.88,3.17552224503765,2.27054970568104,0.715016154973943,0.219528466253919,0.207214753166224,16.85,1.1541095890411,212.45,3.09468317552804,0,-16.0641,4.11759799833194,1.37608385686463,0.451685660266874,1.30108445697626,0.601283991047423,33.3877563865537,51.0347891166449,14.7976986383577,0.969,3.95608738968062,3.43920674799665,0.832442903389189,0.505112958942417
1996-02-01,0.02,339.03,-14.56,-14.56,103.59,1.6291476667376945,658.41,27.06629,750.88,3.17552224503765,2.27054970568104,0.715016154973943,0.219528466253919,0.207214753166224,16.85,1.1541095890411,212.45,3.09468317552804,0,-16.0641,4.11759799833194,1.37608385686463,0.451685660266874,1.30108445697626,0.601283991047423,33.3877563865537,51.0347891166449,14.7976986383577,0.969,3.95608738968062,3.43920674799665,0.832442903389189,0.505112958942417
1996-02-02,0.0,333.31,-15.58,-15.58,97.84,1.3684840400596632,658.41,27.06629,750.88,3.17552224503765,2.27054970568104,0.715016154973943,0.219528466253919,0.207214753166224,16.85,1.1541095890411,212.45,3.09468317552804,0,-16.0641,4.11759799833194,1.37608385686463,0.451685660266874,1.30108445697626,0.601283991047423,33.3877563865537,51.0347891166449,14.7976986383577,0.969,3.95608738968062,3.43920674799665,0.832442903389189,0.505112958942417
1996-02-03,0.01,322.82,-17.0,-17.0,88.67,1.17298632005114,658.41,27.06629,750.88,3.17552224503765,2.27054970568104,0.715016154973943,0.219528466253919,0.207214753166224,16.85,1.1541095890411,212.45,3.09468317552804,0,-16.0641,4.11759799833194,1.37608385686463,0.451685660266874,1.30108445697626,0.601283991047423,33.3877563865537,51.0347891166449,14.7976986383577,0.969,3.95608738968062,3.43920674799665,0.832442903389189,0.505112958942417
1996-02-04,0.0,358.0,-18.31,-18.31,76.78,0.9774886000426166,658.41,27.06629,750.88,3.17552224503765,2.27054970568104,0.715016154973943,0.219528466253919,0.207214753166224,16.85,1.1541095890411,212.45,3.09468317552804,0,-16.0641,4.11759799833194,1.37608385686463,0.451685660266874,1.30108445697626,0.601283991047423,33.3877563865537,51.0347891166449,14.7976986383577,0.969,3.95608738968062,3.43920674799665,0.832442903389189,0.505112958942417
1996-02-05,0.18,286.01,-18.06,-18.06,81.5,0.8797397400383549,658.41,27.06629,750.88,3.17552224503765,2.27054970568104,0.715016154973943,0.219528466253919,0.207214753166224,16.85,1.1541095890411,212.45,3.09468317552804,0,-16.0641,4.11759799833194,1.37608385686463,0.451685660266874,1.30108445697626,0.601283991047423,33.3877563865537,51.0347891166449,14.7976986383577,0.969,3.95608738968062,3.43920674799665,0.832442903389189,0.505112958942417
1996-02-06,0.05,374.35,-14.69,-14.69,114.22,0.7819908800340932,658.41,27.06629,750.88,3.17552224503765,2.27054970568104,0.715016154973943,0.219528466253919,0.207214753166224,16.85,1.1541095890411,212.45,3.09468317552804,0,-16.0641,4.11759799833194,1.37608385686463,0.451685660266874,1.30108445697626,0.601283991047423,33.3877563865537,51.0347891166449,14.7976986383577,0.969,3.95608738968062,3.43920674799665,0.832442903389189,0.505112958942417
1996-02-07,0.39,284.24,-9.63,-9.63,203.63,0.7168249733645855,658.41,27.06629,750.88,3.17552224503765,2.27054970568104,0.715016154973943,0.219528466253919,0.207214753166224,16.85,1.1541095890411,212.45,3.09468317552804,0,-16.0641,4.11759799833194,1.37608385686463,0.451685660266874,1.30108445697626,0.601283991047423,33.3877563865537,51.0347891166449,14.7976986383577,0.969,3.95608738968062,3.43920674799665,0.832442903389189,0.505112958942417
1996-02-08,5.96,255.83,-1.97,-1.97,386.28,0.8308653100362241,658.41,27.06629,750.88,3.17552224503765,2.27054970568104,0.715016154973943,0.219528466253919,0.207214753166224,16.85,1.1541095890411,212.45,3.09468317552804,0,-16.0641,4.11759799833194,1.37608385686463,0.451685660266874,1.30108445697626,0.601283991047423,33.3877563865537,51.0347891166449,14.7976986383577,0.969,3.95608738968062,3.43920674799665,0.832442903389189,0.505112958942417
1996-02-09,2.0,188.83,-0.04,-0.04,467.42,2.0266596974216915,658.41,27.06629,750.88,3.17552224503765,2.27054970568104,0.715016154973943,0.219528466253919,0.207214753166224,16.85,1.1541095890411,212.45,3.09468317552804,0,-16.0641,4.11759799833194,1.37608385686463,0.451685660266874,1.30108445697626,0.601283991047423,33.3877563865537,51.0347891166449,14.7976986383577,0.969,3.95608738968062,3.43920674799665,0.832442903389189,0.505112958942417
1996-02-10,2.77,219.78,0.04,0.04,467.26,1.0459128020455999,658.41,27.06629,750.88,3.17552224503765,2.27054970568104,0.715016154973943,0.219528466253919,0.207214753166224,16.85,1.1541095890411,212.45,3.09468317552804,0,-16.0641,4.11759799833194,1.37608385686463,0.451685660266874,1.30108445697626,0.601283991047423,33.3877563865537,51.0347891166449,14.7976986383577,0.969,3.95608738968062,3.43920674799665,0.832442903389189,0.505112958942417
1996-02-11,1.79,269.36,0.34,0.34,410.82,1.401066993394417,658.41,27.06629,750.88,3.17552224503765,2.27054970568104,0.715016154973943,0.219528466253919,0.207214753166224,16.85,1.1541095890411,212.45,3.09468317552804,0,-16.0641,4.11759799833194,1.37608385686463,0.451685660266874,1.30108445697626,0.601283991047423,33.3877563865537,51.0347891166449,14.7976986383577,0.969,3.95608738968062,3.43920674799665,0.832442903389189,0.505112958942417
1996-02-12,0.44,322.83,-7.86,-7.86,178.74,0.9123226933731089,658.41,27.06629,750.88,3.17552224503765,2.27054970568104,0.715016154973943,0.219528466253919,0.207214753166224,16.85,1.1541095890411,212.45,3.09468317552804,0,-16.0641,4.11759799833194,1.37608385686463,0.451685660266874,1.30108445697626,0.601283991047423,33.3877563865537,51.0347891166449,14.7976986383577,0.969,3.95608738968062,3.43920674799665,0.832442903389189,0.505112958942417
1996-02-13,2.33,308.35,-12.91,-12.91,121.0,0.6516590666950778,658.41,27.06629,750.88,3.17552224503765,2.27054970568104,0.715016154973943,0.219528466253919,0.207214753166224,16.85,1.1541095890411,212.45,3.09468317552804,0,-16.0641,4.11759799833194,1.37608385686463,0.451685660266874,1.30108445697626,0.601283991047423,33.3877563865537,51.0347891166449,14.7976986383577,0.969,3.95608738968062,3.43920674799665,0.832442903389189,0.505112958942417
1996-02-14,1.35,299.54,-10.85,-10.85,158.95,0.6516590666950778,658.41,27.06629,750.88,3.17552224503765,2.27054970568104,0.715016154973943,0.219528466253919,0.207214753166224,16.85,1.1541095890411,212.45,3.09468317552804,0,-16.0641,4.11759799833194,1.37608385686463,0.451685660266874,1.30108445697626,0.601283991047423,33.3877563865537,51.0347891166449,14.7976986383577,0.969,3.95608738968062,3.43920674799665,0.832442903389189,0.505112958942417
1996-02-15,0.2,376.68,-8.96,-8.96,172.75,0.6190761133603239,658.41,27.06629,750.88,3.17552224503765,2.27054970568104,0.715016154973943,0.219528466253919,0.207214753166224,16.85,1.1541095890411,212.45,3.09468317552804,0,-16.0641,4.11759799833194,1.37608385686463,0.451685660266874,1.30108445697626,0.601283991047423,33.3877563865537,51.0347891166449,14.7976986383577,0.969,3.95608738968062,3.43920674799665,0.832442903389189,0.505112958942417
1996-02-16,0.0,427.46,-12.79,-12.79,109.89,0.58649316002557,658.41,27.06629,750.88,3.17552224503765,2.27054970568104,0.715016154973943,0.219528466253919,0.207214753166224,16.85,1.1541095890411,212.45,3.09468317552804,0,-16.0641,4.11759799833194,1.37608385686463,0.451685660266874,1.30108445697626,0.601283991047423,33.3877563865537,51.0347891166449,14.7976986383577,0.969,3.95608738968062,3.43920674799665,0.832442903389189,0.505112958942417
1996-02-17,0.31,334.71,-13.11,-13.11,105.73,0.553910206690816,658.41,27.06629,750.88,3.17552224503765,2.27054970568104,0.715016154973943,0.219528466253919,0.207214753166224,16.85,1.1541095890411,212.45,3.09468317552804,0,-16.0641,4.11759799833194,1.37608385686463,0.451685660266874,1.30108445697626,0.601283991047423,33.3877563865537,51.0347891166449,14.7976986383577,0.969,3.95608738968062,3.43920674799665,0.832442903389189,0.505112958942417
1996-02-18,0.12,408.07,-12.67,-12.67,117.91,0.4887443000213083,658.41,27.06629,750.88,3.17552224503765,2.27054970568104,0.715016154973943,0.219528466253919,0.207214753166224,16.85,1.1541095890411,212.45,3.09468317552804,0,-16.0641,4.11759799833194,1.37608385686463,0.451685660266874,1.30108445697626,0.601283991047423,33.3877563865537,51.0347891166449,14.7976986383577,0.969,3.95608738968062,3.43920674799665,0.832442903389189,0.505112958942417
1996-02-19,0.15,340.55,-11.5,-11.5,143.91,0.45616134668655445,658.41,27.06629,750.88,3.17552224503765,2.27054970568104,0.715016154973943,0.219528466253919,0.207214753166224,16.85,1.1541095890411,212.45,3.09468317552804,0,-16.0641,4.11759799833194,1.37608385686463,0.451685660266874,1.30108445697626,0.601283991047423,33.3877563865537,51.0347891166449,14.7976986383577,0.969,3.95608738968062,3.43920674799665,0.832442903389189,0.505112958942417
1996-02-20,7.74,342.88,-3.78,-3.78,293.12,1.9549772000852332,658.41,27.06629,750.88,3.17552224503765,2.27054970568104,0.715016154973943,0.219528466253919,0.207214753166224,16.85,1.1541095890411,212.45,3.09468317552804,0,-16.0641,4.11759799833194,1.37608385686463,0.451685660266874,1.30108445697626,0.601283991047423,33.3877563865537,51.0347891166449,14.7976986383577,0.969,3.95608738968062,3.43920674799665,0.832442903389189,0.505112958942417
1996-02-21,2.41,270.07,2.89,2.89,530.16,7.494079266993395,658.41,27.06629,750.88,3.17552224503765,2.27054970568104,0.715016154973943,0.219528466253919,0.207214753166224,16.85,1.1541095890411,212.45,3.09468317552804,0,-16.0641,4.11759799833194,1.37608385686463,0.451685660266874,1.30108445697626,0.601283991047423,33.3877563865537,51.0347891166449,14.7976986383577,0.969,3.95608738968062,3.43920674799665,0.832442903389189,0.505112958942417
1996-02-22,0.96,265.73,3.61,3.61,575.92,4.431281653526528,658.41,27.06629,750.88,3.17552224503765,2.27054970568104,0.715016154973943,0.219528466253919,0.207214753166224,16.85,1.1541095890411,212.45,3.09468317552804,0,-16.0641,4.11759799833194,1.37608385686463,0.451685660266874,1.30108445697626,0.601283991047423,33.3877563865537,51.0347891166449,14.7976986383577,0.969,3.95608738968062,3.43920674799665,0.832442903389189,0.505112958942417
1996-02-23,4.6,263.56,2.96,2.96,553.92,3.5189589601534195,658.41,27.06629,750.88,3.17552224503765,2.27054970568104,0.715016154973943,0.219528466253919,0.207214753166224,16.85,1.1541095890411,212.45,3.09468317552804,0,-16.0641,4.11759799833194,1.37608385686463,0.451685660266874,1.30108445697626,0.601283991047423,33.3877563865537,51.0347891166449,14.7976986383577,0.969,3.95608738968062,3.43920674799665,0.832442903389189,0.505112958942417
1996-02-24,1.16,326.1,3.25,3.25,557.39,6.190761133603239,658.41,27.06629,750.88,3.17552224503765,2.27054970568104,0.715016154973943,0.219528466253919,0.207214753166224,16.85,1.1541095890411,212.45,3.09468317552804,0,-16.0641,4.11759799833194,1.37608385686463,0.451685660266874,1.30108445697626,0.601283991047423,33.3877563865537,51.0347891166449,14.7976986383577,0.969,3.95608738968062,3.43920674799665,0.832442903389189,0.505112958942417
1996-02-25,0.0,393.74,3.79,3.79,517.41,3.8122055401662047,658.41,27.06629,750.88,3.17552224503765,2.27054970568104,0.715016154973943,0.219528466253919,0.207214753166224,16.85,1.1541095890411,212.45,3.09468317552804,0,-16.0641,4.11759799833194,1.37608385686463,0.451685660266874,1.30108445697626,0.601283991047423,33.3877563865537,51.0347891166449,14.7976986383577,0.969,3.95608738968062,3.43920674799665,0.832442903389189,0.505112958942417
1996-02-26,0.0,448.89,1.5,1.5,387.43,3.1116720434689964,658.41,27.06629,750.88,3.17552224503765,2.27054970568104,0.715016154973943,0.219528466253919,0.207214753166224,16.85,1.1541095890411,212.45,3.09468317552804,0,-16.0641,4.11759799833194,1.37608385686463,0.451685660266874,1.30108445697626,0.601283991047423,33.3877563865537,51.0347891166449,14.7976986383577,0.969,3.95608738968062,3.43920674799665,0.832442903389189,0.505112958942417
1996-02-27,7.53,350.66,1.24,1.24,377.29,2.5512452461112294,658.41,27.06629,750.88,3.17552224503765,2.27054970568104,0.715016154973943,0.219528466253919,0.207214753166224,16.85,1.1541095890411,212.45,3.09468317552804,0,-16.0641,4.11759799833194,1.37608385686463,0.451685660266874,1.30108445697626,0.601283991047423,33.3877563865537,51.0347891166449,14.7976986383577,0.969,3.95608738968062,3.43920674799665,0.832442903389189,0.505112958942417
1996-02-28,2.42,335.82,0.28,0.28,351.95,4.561613466865544,658.41,27.06629,750.88,3.17552224503765,2.27054970568104,0.715016154973943,0.219528466253919,0.207214753166224,16.85,1.1541095890411,212.45,3.09468317552804,0,-16.0641,4.11759799833194,1.37608385686463,0.451685660266874,1.30108445697626,0.601283991047423,33.3877563865537,51.0347891166449,14.7976986383577,0.969,3.95608738968062,3.43920674799665,0.832442903389189,0.505112958942417
1996-02-29,1.21,376.67,-3.55,-3.55,279.47,2.8705581887918172,658.41,27.06629,750.88,3.17552224503765,2.27054970568104,0.715016154973943,0.219528466253919,0.207214753166224,16.85,1.1541095890411,212.45,3.09468317552804,0,-16.0641,4.11759799833194,1.37608385686463,0.451685660266874,1.30108445697626,0.601283991047423,33.3877563865537,51.0347891166449,14.7976986383577,0.969,3.95608738968062,3.43920674799665,0.832442903389189,0.505112958942417
1996-03-01,0.0,417.44,-7.38,-7.38,206.95,2.2254157127636907,658.41,27.06629,750.88,3.17552224503765,2.27054970568104,0.715016154973943,0.219528466253919,0.207214753166224,16.85,1.1541095890411,212.45,3.09468317552804,0,-16.0641,4.11759799833194,1.37608385686463,0.451685660266874,1.30108445697626,0.601283991047423,33.3877563865537,51.0347891166449,14.7976986383577,0.969,3.95608738968062,3.43920674799665,0.832442903389189,0.505112958942417
1996-03-02,1.55,354.75,-5.04,-5.04,236.07,1.951718904751758,658.41,27.06629,750.88,3.17552224503765,2.27054970568104,0.715016154973943,0.219528466253919,0.207214753166224,16.85,1.1541095890411,212.45,3.09468317552804,0,-16.0641,4.11759799833194,1.37608385686463,0.451685660266874,1.30108445697626,0.601283991047423,33.3877563865537,51.0347891166449,14.7976986383577,0.969,3.95608738968062,3.43920674799665,0.832442903389189,0.505112958942417
1996-03-03,0.92,378.32,-6.05,-6.05,181.2,1.6258893714042189,658.41,27.06629,750.88,3.17552224503765,2.27054970568104,0.715016154973943,0.219528466253919,0.207214753166224,16.85,1.1541095890411,212.45,3.09468317552804,0,-16.0641,4.11759799833194,1.37608385686463,0.451685660266874,1.30108445697626,0.601283991047423,33.3877563865537,51.0347891166449,14.7976986383577,0.969,3.95608738968062,3.43920674799665,0.832442903389189,0.505112958942417
1996-03-04,3.25,347.26,-10.1,-10.1,163.48,1.2805100660558277,658.41,27.06629,750.88,3.17552224503765,2.27054970568104,0.715016154973943,0.219528466253919,0.207214753166224,16.85,1.1541095890411,212.45,3.09468317552804,0,-16.0641,4.11759799833194,1.37608385686463,0.451685660266874,1.30108445697626,0.601283991047423,33.3877563865537,51.0347891166449,14.7976986383577,0.969,3.95608738968062,3.43920674799665,0.832442903389189,0.505112958942417
1996-03-05,6.85,369.18,-5.14,-5.14,251.5,1.658472324738973,658.41,27.06629,750.88,3.17552224503765,2.27054970568104,0.715016154973943,0.219528466253919,0.207214753166224,16.85,1.1541095890411,212.45,3.09468317552804,0,-16.0641,4.11759799833194,1.37608385686463,0.451685660266874,1.30108445697626,0.601283991047423,33.3877563865537,51.0347891166449,14.7976986383577,0.969,3.95608738968062,3.43920674799665,0.832442903389189,0.505112958942417
1996-03-06,4.72,358.38,-2.15,-2.15,292.08,2.841233530790539,658.41,27.06629,750.88,3.17552224503765,2.27054970568104,0.715016154973943,0.219528466253919,0.207214753166224,16.85,1.1541095890411,212.45,3.09468317552804,0,-16.0641,4.11759799833194,1.37608385686463,0.451685660266874,1.30108445697626,0.601283991047423,33.3877563865537,51.0347891166449,14.7976986383577,0.969,3.95608738968062,3.43920674799665,0.832442903389189,0.505112958942417
1996-03-07,6.04,361.7,-7.22,-7.22,193.4,1.401066993394417,658.41,27.06629,750.88,3.17552224503765,2.27054970568104,0.715016154973943,0.219528466253919,0.207214753166224,16.85,1.1541095890411,212.45,3.09468317552804,0,-16.0641,4.11759799833194,1.37608385686463,0.451685660266874,1.30108445697626,0.601283991047423,33.3877563865537,51.0347891166449,14.7976986383577,0.969,3.95608738968062,3.43920674799665,0.832442903389189,0.505112958942417
1996-03-08,1.55,243.05,-12.35,-12.35,141.37,1.3033181333901556,658.41,27.06629,750.88,3.17552224503765,2.27054970568104,0.715016154973943,0.219528466253919,0.207214753166224,16.85,1.1541095890411,212.45,3.09468317552804,0,-16.0641,4.11759799833194,1.37608385686463,0.451685660266874,1.30108445697626,0.601283991047423,33.3877563865537,51.0347891166449,14.7976986383577,0.969,3.95608738968062,3.43920674799665,0.832442903389189,0.505112958942417
1996-03-09,0.05,481.9,-16.34,-16.34,91.56,1.17298632005114,658.41,27.06629,750.88,3.17552224503765,2.27054970568104,0.715016154973943,0.219528466253919,0.207214753166224,16.85,1.1541095890411,212.45,3.09468317552804,0,-16.0641,4.11759799833194,1.37608385686463,0.451685660266874,1.30108445697626,0.601283991047423,33.3877563865537,51.0347891166449,14.7976986383577,0.969,3.95608738968062,3.43920674799665,0.832442903389189,0.505112958942417
1996-03-10,0.0,520.73,-14.36,-14.36,91.15,1.0426545067121245,658.41,27.06629,750.88,3.17552224503765,2.27054970568104,0.715016154973943,0.219528466253919,0.207214753166224,16.85,1.1541095890411,212.45,3.09468317552804,0,-16.0641,4.11759799833194,1.37608385686463,0.451685660266874,1.30108445697626,0.601283991047423,33.3877563865537,51.0347891166449,14.7976986383577,0.969,3.95608738968062,3.43920674799665,0.832442903389189,0.505112958942417
1996-03-11,0.0,524.8,-8.86,-8.86,128.67,0.9774886000426166,658.41,27.06629,750.88,3.17552224503765,2.27054970568104,0.715016154973943,0.219528466253919,0.207214753166224,16.85,1.1541095890411,212.45,3.09468317552804,0,-16.0641,4.11759799833194,1.37608385686463,0.451685660266874,1.30108445697626,0.601283991047423,33.3877563865537,51.0347891166449,14.7976986383577,0.969,3.95608738968062,3.43920674799665,0.832442903389189,0.505112958942417
1996-03-12,0.0,527.35,-3.97,-3.97,193.24,0.9449056467078627,658.41,27.06629,750.88,3.17552224503765,2.27054970568104,0.715016154973943,0.219528466253919,0.207214753166224,16.85,1.1541095890411,212.45,3.09468317552804,0,-16.0641,4.11759799833194,1.37608385686463,0.451685660266874,1.30108445697626,0.601283991047423,33.3877563865537,51.0347891166449,14.7976986383577,0.969,3.95608738968062,3.43920674799665,0.832442903389189,0.505112958942417
1996-03-13,0.0,523.53,0.01,0.01,296.67,1.140403366716386,658.41,27.06629,750.88,3.17552224503765,2.27054970568104,0.715016154973943,0.219528466253919,0.207214753166224,16.85,1.1541095890411,212.45,3.09468317552804,0,-16.0641,4.11759799833194,1.37608385686463,0.451685660266874,1.30108445697626,0.601283991047423,33.3877563865537,51.0347891166449,14.7976986383577,0.969,3.95608738968062,3.43920674799665,0.832442903389189,0.505112958942417
1996-03-14,0.9,395.77,4.71,4.71,474.1,2.5610201321116555,658.41,27.06629,750.88,3.17552224503765,2.27054970568104,0.715016154973943,0.219528466253919,0.207214753166224,16.85,1.1541095890411,212.45,3.09468317552804,0,-16.0641,4.11759799833194,1.37608385686463,0.451685660266874,1.30108445697626,0.601283991047423,33.3877563865537,51.0347891166449,14.7976986383577,0.969,3.95608738968062,3.43920674799665,0.832442903389189,0.505112958942417
1996-03-15,0.24,486.26,6.41,6.41,514.49,3.8773714468357126,658.41,27.06629,750.88,3.17552224503765,2.27054970568104,0.715016154973943,0.219528466253919,0.207214753166224,16.85,1.1541095890411,212.45,3.09468317552804,0,-16.0641,4.11759799833194,1.37608385686463,0.451685660266874,1.30108445697626,0.601283991047423,33.3877563865537,51.0347891166449,14.7976986383577,0.969,3.95608738968062,3.43920674799665,0.832442903389189,0.505112958942417
1996-03-16,0.0,513.11,0.63,0.63,326.48,2.5936030854464094,658.41,27.06629,750.88,3.17552224503765,2.27054970568104,0.715016154973943,0.219528466253919,0.207214753166224,16.85,1.1541095890411,212.45,3.09468317552804,0,-16.0641,4.11759799833194,1.37608385686463,0.451685660266874,1.30108445697626,0.601283991047423,33.3877563865537,51.0347891166449,14.7976986383577,0.969,3.95608738968062,3.43920674799665,0.832442903389189,0.505112958942417
1996-03-17,0.07,472.86,-2.16,-2.16,297.8,1.8083539100788406,658.41,27.06629,750.88,3.17552224503765,2.27054970568104,0.715016154973943,0.219528466253919,0.207214753166224,16.85,1.1541095890411,212.45,3.09468317552804,0,-16.0641,4.11759799833194,1.37608385686463,0.451685660266874,1.30108445697626,0.601283991047423,33.3877563865537,51.0347891166449,14.7976986383577,0.969,3.95608738968062,3.43920674799665,0.832442903389189,0.505112958942417
1996-03-18,0.02,470.63,2.04,2.04,420.84,1.6324059620711697,658.41,27.06629,750.88,3.17552224503765,2.27054970568104,0.715016154973943,0.219528466253919,0.207214753166224,16.85,1.1541095890411,212.45,3.09468317552804,0,-16.0641,4.11759799833194,1.37608385686463,0.451685660266874,1.30108445697626,0.601283991047423,33.3877563865537,51.0347891166449,14.7976986383577,0.969,3.95608738968062,3.43920674799665,0.832442903389189,0.505112958942417
1996-03-19,20.44,402.6,2.41,2.41,421.94,1.7073467547411034,658.41,27.06629,750.88,3.17552224503765,2.27054970568104,0.715016154973943,0.219528466253919,0.207214753166224,16.85,1.1541095890411,212.45,3.09468317552804,0,-16.0641,4.11759799833194,1.37608385686463,0.451685660266874,1.30108445697626,0.601283991047423,33.3877563865537,51.0347891166449,14.7976986383577,0.969,3.95608738968062,3.43920674799665,0.832442903389189,0.505112958942417
1996-03-20,9.58,394.83,4.48,4.48,477.04,7.494079266993395,658.41,27.06629,750.88,3.17552224503765,2.27054970568104,0.715016154973943,0.219528466253919,0.207214753166224,16.85,1.1541095890411,212.45,3.09468317552804,0,-16.0641,4.11759799833194,1.37608385686463,0.451685660266874,1.30108445697626,0.601283991047423,33.3877563865537,51.0347891166449,14.7976986383577,0.969,3.95608738968062,3.43920674799665,0.832442903389189,0.505112958942417
1996-03-21,1.47,254.95,0.02,0.02,395.04,4.887443000213083,658.41,27.06629,750.88,3.17552224503765,2.27054970568104,0.715016154973943,0.219528466253919,0.207214753166224,16.85,1.1541095890411,212.45,3.09468317552804,0,-16.0641,4.11759799833194,1.37608385686463,0.451685660266874,1.30108445697626,0.601283991047423,33.3877563865537,51.0347891166449,14.7976986383577,0.969,3.95608738968062,3.43920674799665,0.832442903389189,0.505112958942417
1996-03-22,0.72,384.0,-4.12,-4.12,281.24,3.150771587470701,658.41,27.06629,750.88,3.17552224503765,2.27054970568104,0.715016154973943,0.219528466253919,0.207214753166224,16.85,1.1541095890411,212.45,3.09468317552804,0,-16.0641,4.11759799833194,1.37608385686463,0.451685660266874,1.30108445697626,0.601283991047423,33.3877563865537,51.0347891166449,14.7976986383577,0.969,3.95608738968062,3.43920674799665,0.832442903389189,0.505112958942417
1996-03-23,0.24,340.37,-3.2,-3.2,292.56,2.5707950181120816,658.41,27.06629,750.88,3.17552224503765,2.27054970568104,0.715016154973943,0.219528466253919,0.207214753166224,16.85,1.1541095890411,212.45,3.09468317552804,0,-16.0641,4.11759799833194,1.37608385686463,0.451685660266874,1.30108445697626,0.601283991047423,33.3877563865537,51.0347891166449,14.7976986383577,0.969,3.95608738968062,3.43920674799665,0.832442903389189,0.505112958942417
1996-03-24,0.02,543.27,-3.38,-3.38,272.03,2.156991510760707,658.41,27.06629,750.88,3.17552224503765,2.27054970568104,0.715016154973943,0.219528466253919,0.207214753166224,16.85,1.1541095890411,212.45,3.09468317552804,0,-16.0641,4.11759799833194,1.37608385686463,0.451685660266874,1.30108445697626,0.601283991047423,33.3877563865537,51.0347891166449,14.7976986383577,0.969,3.95608738968062,3.43920674799665,0.832442903389189,0.505112958942417
1996-03-25,1.6,416.36,2.23,2.23,394.57,2.968307048796079,658.41,27.06629,750.88,3.17552224503765,2.27054970568104,0.715016154973943,0.219528466253919,0.207214753166224,16.85,1.1541095890411,212.45,3.09468317552804,0,-16.0641,4.11759799833194,1.37608385686463,0.451685660266874,1.30108445697626,0.601283991047423,33.3877563865537,51.0347891166449,14.7976986383577,0.969,3.95608738968062,3.43920674799665,0.832442903389189,0.505112958942417
1996-03-26,0.5,423.64,2.4,2.4,357.58,4.7245282335393135,658.41,27.06629,750.88,3.17552224503765,2.27054970568104,0.715016154973943,0.219528466253919,0.207214753166224,16.85,1.1541095890411,212.45,3.09468317552804,0,-16.0641,4.11759799833194,1.37608385686463,0.451685660266874,1.30108445697626,0.601283991047423,33.3877563865537,51.0347891166449,14.7976986383577,0.969,3.95608738968062,3.43920674799665,0.832442903389189,0.505112958942417
1996-03-27,0.03,523.54,-3.66,-3.66,211.82,2.6457358107820155,658.41,27.06629,750.88,3.17552224503765,2.27054970568104,0.715016154973943,0.219528466253919,0.207214753166224,16.85,1.1541095890411,212.45,3.09468317552804,0,-16.0641,4.11759799833194,1.37608385686463,0.451685660266874,1.30108445697626,0.601283991047423,33.3877563865537,51.0347891166449,14.7976986383577,0.969,3.95608738968062,3.43920674799665,0.832442903389189,0.505112958942417
1996-03-28,1.69,403.47,-3.65,-3.65,270.28,2.2938399147666737,658.41,27.06629,750.88,3.17552224503765,2.27054970568104,0.715016154973943,0.219528466253919,0.207214753166224,16.85,1.1541095890411,212.45,3.09468317552804,0,-16.0641,4.11759799833194,1.37608385686463,0.451685660266874,1.30108445697626,0.601283991047423,33.3877563865537,51.0347891166449,14.7976986383577,0.969,3.95608738968062,3.43920674799665,0.832442903389189,0.505112958942417
1996-03-29,0.81,346.23,0.52,0.52,402.58,2.372039002770083,658.41,27.06629,750.88,3.17552224503765,2.27054970568104,0.715016154973943,0.219528466253919,0.207214753166224,16.85,1.1541095890411,212.45,3.09468317552804,0,-16.0641,4.11759799833194,1.37608385686463,0.451685660266874,1.30108445697626,0.601283991047423,33.3877563865537,51.0347891166449,14.7976986383577,0.969,3.95608738968062,3.43920674799665,0.832442903389189,0.505112958942417
1996-03-30,0.1,547.85,0.95,0.95,363.09,2.271031847432346,658.41,27.06629,750.88,3.17552224503765,2.27054970568104,0.715016154973943,0.219528466253919,0.207214753166224,16.85,1.1541095890411,212.45,3.09468317552804,0,-16.0641,4.11759799833194,1.37608385686463,0.451685660266874,1.30108445697626,0.601283991047423,33.3877563865537,51.0347891166449,14.7976986383577,0.969,3.95608738968062,3.43920674799665,0.832442903389189,0.505112958942417
1996-03-31,0.03,525.1,4.24,4.24,419.36,2.042951174089069,658.41,27.06629,750.88,3.17552224503765,2.27054970568104,0.715016154973943,0.219528466253919,0.207214753166224,16.85,1.1541095890411,212.45,3.09468317552804,0,-16.0641,4.11759799833194,1.37608385686463,0.451685660266874,1.30108445697626,0.601283991047423,33.3877563865537,51.0347891166449,14.7976986383577,0.969,3.95608738968062,3.43920674799665,0.832442903389189,0.505112958942417
1996-04-01,1.3,432.9,6.66,6.66,464.91,2.095083899424675,658.41,27.06629,750.88,3.17552224503765,2.27054970568104,0.715016154973943,0.219528466253919,0.207214753166224,16.85,1.1541095890411,212.45,3.09468317552804,0,-16.0641,4.11759799833194,1.37608385686463,0.451685660266874,1.30108445697626,0.601283991047423,33.3877563865537,51.0347891166449,14.7976986383577,0.969,3.95608738968062,3.43920674799665,0.832442903389189,0.505112958942417
1996-04-02,0.35,504.29,-0.74,-0.74,318.41,2.0396928787555932,658.41,27.06629,750.88,3.17552224503765,2.27054970568104,0.715016154973943,0.219528466253919,0.207214753166224,16.85,1.1541095890411,212.45,3.09468317552804,0,-16.0641,4.11759799833194,1.37608385686463,0.451685660266874,1.30108445697626,0.601283991047423,33.3877563865537,51.0347891166449,14.7976986383577,0.969,3.95608738968062,3.43920674799665,0.832442903389189,0.505112958942417
1996-04-03,0.1,442.63,0.7,0.7,378.22,1.8507117494140208,658.41,27.06629,750.88,3.17552224503765,2.27054970568104,0.715016154973943,0.219528466253919,0.207214753166224,16.85,1.1541095890411,212.45,3.09468317552804,0,-16.0641,4.11759799833194,1.37608385686463,0.451685660266874,1.30108445697626,0.601283991047423,33.3877563865537,51.0347891166449,14.7976986383577,0.969,3.95608738968062,3.43920674799665,0.832442903389189,0.505112958942417
1996-04-04,3.04,397.32,1.99,1.99,407.97,1.7334131174089067,658.41,27.06629,750.88,3.17552224503765,2.27054970568104,0.715016154973943,0.219528466253919,0.207214753166224,16.85,1.1541095890411,212.45,3.09468317552804,0,-16.0641,4.11759799833194,1.37608385686463,0.451685660266874,1.30108445697626,0.601283991047423,33.3877563865537,51.0347891166449,14.7976986383577,0.969,3.95608738968062,3.43920674799665,0.832442903389189,0.505112958942417
1996-04-05,0.8,474.16,0.1,0.1,349.9,1.7366714127423823,658.41,27.06629,750.88,3.17552224503765,2.27054970568104,0.715016154973943,0.219528466253919,0.207214753166224,16.85,1.1541095890411,212.45,3.09468317552804,0,-16.0641,4.11759799833194,1.37608385686463,0.451685660266874,1.30108445697626,0.601283991047423,33.3877563865537,51.0347891166449,14.7976986383577,0.969,3.95608738968062,3.43920674799665,0.832442903389189,0.505112958942417
1996-04-06,1.98,422.63,-1.71,-1.71,303.44,1.5607234647347112,658.41,27.06629,750.88,3.17552224503765,2.27054970568104,0.715016154973943,0.219528466253919,0.207214753166224,16.85,1.1541095890411,212.45,3.09468317552804,0,-16.0641,4.11759799833194,1.37608385686463,0.451685660266874,1.30108445697626,0.601283991047423,33.3877563865537,51.0347891166449,14.7976986383577,0.969,3.95608738968062,3.43920674799665,0.832442903389189,0.505112958942417
1996-04-07,1.82,409.59,-1.82,-1.82,303.69,1.534657102066908,658.41,27.06629,750.88,3.17552224503765,2.27054970568104,0.715016154973943,0.219528466253919,0.207214753166224,16.85,1.1541095890411,212.45,3.09468317552804,0,-16.0641,4.11759799833194,1.37608385686463,0.451685660266874,1.30108445697626,0.601283991047423,33.3877563865537,51.0347891166449,14.7976986383577,0.969,3.95608738968062,3.43920674799665,0.832442903389189,0.505112958942417
1996-04-08,0.34,550.53,-4.35,-4.35,240.36,1.423875060728745,658.41,27.06629,750.88,3.17552224503765,2.27054970568104,0.715016154973943,0.219528466253919,0.207214753166224,16.85,1.1541095890411,212.45,3.09468317552804,0,-16.0641,4.11759799833194,1.37608385686463,0.451685660266874,1.30108445697626,0.601283991047423,33.3877563865537,51.0347891166449,14.7976986383577,0.969,3.95608738968062,3.43920674799665,0.832442903389189,0.505112958942417
1996-04-09,3.7,388.12,-3.6,-3.6,269.44,1.3228679053910077,658.41,27.06629,750.88,3.17552224503765,2.27054970568104,0.715016154973943,0.219528466253919,0.207214753166224,16.85,1.1541095890411,212.45,3.09468317552804,0,-16.0641,4.11759799833194,1.37608385686463,0.451685660266874,1.30108445697626,0.601283991047423,33.3877563865537,51.0347891166449,14.7976986383577,0.969,3.95608738968062,3.43920674799665,0.832442903389189,0.505112958942417
1996-04-10,1.15,392.17,-3.78,-3.78,287.7,1.3196096100575323,658.41,27.06629,750.88,3.17552224503765,2.27054970568104,0.715016154973943,0.219528466253919,0.207214753166224,16.85,1.1541095890411,212.45,3.09468317552804,0,-16.0641,4.11759799833194,1.37608385686463,0.451685660266874,1.30108445697626,0.601283991047423,33.3877563865537,51.0347891166449,14.7976986383577,0.969,3.95608738968062,3.43920674799665,0.832442903389189,0.505112958942417
1996-04-11,1.96,402.85,-0.56,-0.56,390.54,1.365225744726188,658.41,27.06629,750.88,3.17552224503765,2.27054970568104,0.715016154973943,0.219528466253919,0.207214753166224,16.85,1.1541095890411,212.45,3.09468317552804,0,-16.0641,4.11759799833194,1.37608385686463,0.451685660266874,1.30108445697626,0.601283991047423,33.3877563865537,51.0347891166449,14.7976986383577,0.969,3.95608738968062,3.43920674799665,0.832442903389189,0.505112958942417
1996-04-12,24.27,446.32,6.27,6.27,566.97,2.202607645429363,658.41,27.06629,750.88,3.17552224503765,2.27054970568104,0.715016154973943,0.219528466253919,0.207214753166224,16.85,1.1541095890411,212.45,3.09468317552804,0,-16.0641,4.11759799833194,1.37608385686463,0.451685660266874,1.30108445697626,0.601283991047423,33.3877563865537,51.0347891166449,14.7976986383577,0.969,3.95608738968062,3.43920674799665,0.832442903389189,0.505112958942417
1996-04-13,22.95,389.18,7.41,7.41,625.79,13.48934268058811,658.41,27.06629,750.88,3.17552224503765,2.27054970568104,0.715016154973943,0.219528466253919,0.207214753166224,16.85,1.1541095890411,212.45,3.09468317552804,0,-16.0641,4.11759799833194,1.37608385686463,0.451685660266874,1.30108445697626,0.601283991047423,33.3877563865537,51.0347891166449,14.7976986383577,0.969,3.95608738968062,3.43920674799665,0.832442903389189,0.505112958942417
1996-04-14,4.75,459.96,3.55,3.55,486.48,10.556876880460258,658.41,27.06629,750.88,3.17552224503765,2.27054970568104,0.715016154973943,0.219528466253919,0.207214753166224,16.85,1.1541095890411,212.45,3.09468317552804,0,-16.0641,4.11759799833194,1.37608385686463,0.451685660266874,1.30108445697626,0.601283991047423,33.3877563865537,51.0347891166449,14.7976986383577,0.969,3.95608738968062,3.43920674799665,0.832442903389189,0.505112958942417
1996-04-15,0.74,443.09,2.27,2.27,421.55,5.408770253569146,658.41,27.06629,750.88,3.17552224503765,2.27054970568104,0.715016154973943,0.219528466253919,0.207214753166224,16.85,1.1541095890411,212.45,3.09468317552804,0,-16.0641,4.11759799833194,1.37608385686463,0.451685660266874,1.30108445697626,0.601283991047423,33.3877563865537,51.0347891166449,14.7976986383577,0.969,3.95608738968062,3.43920674799665,0.832442903389189,0.505112958942417
1996-04-16,0.54,423.57,2.11,2.11,426.87,4.300949840187513,658.41,27.06629,750.88,3.17552224503765,2.27054970568104,0.715016154973943,0.219528466253919,0.207214753166224,16.85,1.1541095890411,212.45,3.09468317552804,0,-16.0641,4.11759799833194,1.37608385686463,0.451685660266874,1.30108445697626,0.601283991047423,33.3877563865537,51.0347891166449,14.7976986383577,0.969,3.95608738968062,3.43920674799665,0.832442903389189,0.505112958942417
1996-04-17,0.1,474.27,1.45,1.45,422.13,3.421210100149158,658.41,27.06629,750.88,3.17552224503765,2.27054970568104,0.715016154973943,0.219528466253919,0.207214753166224,16.85,1.1541095890411,212.45,3.09468317552804,0,-16.0641,4.11759799833194,1.37608385686463,0.451685660266874,1.30108445697626,0.601283991047423,33.3877563865537,51.0347891166449,14.7976986383577,0.969,3.95608738968062,3.43920674799665,0.832442903389189,0.505112958942417
1996-04-18,0.48,458.06,1.28,1.28,444.97,2.7662927381206046,658.41,27.06629,750.88,3.17552224503765,2.27054970568104,0.715016154973943,0.219528466253919,0.207214753166224,16.85,1.1541095890411,212.45,3.09468317552804,0,-16.0641,4.11759799833194,1.37608385686463,0.451685660266874,1.30108445697626,0.601283991047423,33.3877563865537,51.0347891166449,14.7976986383577,0.969,3.95608738968062,3.43920674799665,0.832442903389189,0.505112958942417
1996-04-19,0.95,457.13,10.32,10.32,745.16,2.407880251438312,658.41,27.06629,750.88,3.17552224503765,2.27054970568104,0.715016154973943,0.219528466253919,0.207214753166224,16.85,1.1541095890411,212.45,3.09468317552804,0,-16.0641,4.11759799833194,1.37608385686463,0.451685660266874,1.30108445697626,0.601283991047423,33.3877563865537,51.0347891166449,14.7976986383577,0.969,3.95608738968062,3.43920674799665,0.832442903389189,0.505112958942417
1996-04-20,0.74,421.98,14.29,14.29,924.64,2.375297298103558,658.41,27.06629,750.88,3.17552224503765,2.27054970568104,0.715016154973943,0.219528466253919,0.207214753166224,16.85,1.1541095890411,212.45,3.09468317552804,0,-16.0641,4.11759799833194,1.37608385686463,0.451685660266874,1.30108445697626,0.601283991047423,33.3877563865537,51.0347891166449,14.7976986383577,0.969,3.95608738968062,3.43920674799665,0.832442903389189,0.505112958942417
1996-04-21,0.14,567.83,12.55,12.55,773.51,2.121150262092478,658.41,27.06629,750.88,3.17552224503765,2.27054970568104,0.715016154973943,0.219528466253919,0.207214753166224,16.85,1.1541095890411,212.45,3.09468317552804,0,-16.0641,4.11759799833194,1.37608385686463,0.451685660266874,1.30108445697626,0.601283991047423,33.3877563865537,51.0347891166449,14.7976986383577,0.969,3.95608738968062,3.43920674799665,0.832442903389189,0.505112958942417
1996-04-22,0.18,513.57,10.52,10.52,650.8,1.7855458427445128,658.41,27.06629,750.88,3.17552224503765,2.27054970568104,0.715016154973943,0.219528466253919,0.207214753166224,16.85,1.1541095890411,212.45,3.09468317552804,0,-16.0641,4.11759799833194,1.37608385686463,0.451685660266874,1.30108445697626,0.601283991047423,33.3877563865537,51.0347891166449,14.7976986383577,0.969,3.95608738968062,3.43920674799665,0.832442903389189,0.505112958942417
1996-04-23,8.32,456.5,13.24,13.24,723.06,1.8246453867462178,658.41,27.06629,750.88,3.17552224503765,2.27054970568104,0.715016154973943,0.219528466253919,0.207214753166224,16.85,1.1541095890411,212.45,3.09468317552804,0,-16.0641,4.11759799833194,1.37608385686463,0.451685660266874,1.30108445697626,0.601283991047423,33.3877563865537,51.0347891166449,14.7976986383577,0.969,3.95608738968062,3.43920674799665,0.832442903389189,0.505112958942417
1996-04-24,6.82,451.9,6.19,6.19,520.48,2.287323324099723,658.41,27.06629,750.88,3.17552224503765,2.27054970568104,0.715016154973943,0.219528466253919,0.207214753166224,16.85,1.1541095890411,212.45,3.09468317552804,0,-16.0641,4.11759799833194,1.37608385686463,0.451685660266874,1.30108445697626,0.601283991047423,33.3877563865537,51.0347891166449,14.7976986383577,0.969,3.95608738968062,3.43920674799665,0.832442903389189,0.505112958942417
1996-04-25,1.45,535.7,7.5,7.5,621.41,2.3687807074366076,658.41,27.06629,750.88,3.17552224503765,2.27054970568104,0.715016154973943,0.219528466253919,0.207214753166224,16.85,1.1541095890411,212.45,3.09468317552804,0,-16.0641,4.11759799833194,1.37608385686463,0.451685660266874,1.30108445697626,0.601283991047423,33.3877563865537,51.0347891166449,14.7976986383577,0.969,3.95608738968062,3.43920674799665,0.832442903389189,0.505112958942417
1996-04-26,2.13,437.11,9.75,9.75,663.56,1.9843018580865117,658.41,27.06629,750.88,3.17552224503765,2.27054970568104,0.715016154973943,0.219528466253919,0.207214753166224,16.85,1.1541095890411,212.45,3.09468317552804,0,-16.0641,4.11759799833194,1.37608385686463,0.451685660266874,1.30108445697626,0.601283991047423,33.3877563865537,51.0347891166449,14.7976986383577,0.969,3.95608738968062,3.43920674799665,0.832442903389189,0.505112958942417
1996-04-27,0.58,577.79,5.73,5.73,461.05,2.095083899424675,658.41,27.06629,750.88,3.17552224503765,2.27054970568104,0.715016154973943,0.219528466253919,0.207214753166224,16.85,1.1541095890411,212.45,3.09468317552804,0,-16.0641,4.11759799833194,1.37608385686463,0.451685660266874,1.30108445697626,0.601283991047423,33.3877563865537,51.0347891166449,14.7976986383577,0.969,3.95608738968062,3.43920674799665,0.832442903389189,0.505112958942417
1996-04-28,1.04,448.01,4.49,4.49,489.93,1.7236382314084806,658.41,27.06629,750.88,3.17552224503765,2.27054970568104,0.715016154973943,0.219528466253919,0.207214753166224,16.85,1.1541095890411,212.45,3.09468317552804,0,-16.0641,4.11759799833194,1.37608385686463,0.451685660266874,1.30108445697626,0.601283991047423,33.3877563865537,51.0347891166449,14.7976986383577,0.969,3.95608738968062,3.43920674799665,0.832442903389189,0.505112958942417
1996-04-29,12.17,418.8,7.94,7.94,673.89,2.4860793394417215,658.41,27.06629,750.88,3.17552224503765,2.27054970568104,0.715016154973943,0.219528466253919,0.207214753166224,16.85,1.1541095890411,212.45,3.09468317552804,0,-16.0641,4.11759799833194,1.37608385686463,0.451685660266874,1.30108445697626,0.601283991047423,33.3877563865537,51.0347891166449,14.7976986383577,0.969,3.95608738968062,3.43920674799665,0.832442903389189,0.505112958942417
1996-04-30,22.89,402.49,10.16,10.16,755.74,7.46149631365864,658.41,27.06629,750.88,3.17552224503765,2.27054970568104,0.715016154973943,0.219528466253919,0.207214753166224,16.85,1.1541095890411,212.45,3.09468317552804,0,-16.0641,4.11759799833194,1.37608385686463,0.451685660266874,1.30108445697626,0.601283991047423,33.3877563865537,51.0347891166449,14.7976986383577,0.969,3.95608738968062,3.43920674799665,0.832442903389189,0.505112958942417
1996-05-01,6.39,426.99,7.34,7.34,626.13,7.135666780311101,658.41,27.06629,750.88,3.17552224503765,2.27054970568104,0.715016154973943,0.219528466253919,0.207214753166224,16.85,1.1541095890411,212.45,3.09468317552804,0,-16.0641,4.11759799833194,1.37608385686463,0.451685660266874,1.30108445697626,0.601283991047423,33.3877563865537,51.0347891166449,14.7976986383577,0.969,3.95608738968062,3.43920674799665,0.832442903389189,0.505112958942417
1996-05-02,0.33,528.85,7.05,7.05,613.83,4.789694140208821,658.41,27.06629,750.88,3.17552224503765,2.27054970568104,0.715016154973943,0.219528466253919,0.207214753166224,16.85,1.1541095890411,212.45,3.09468317552804,0,-16.0641,4.11759799833194,1.37608385686463,0.451685660266874,1.30108445697626,0.601283991047423,33.3877563865537,51.0347891166449,14.7976986383577,0.969,3.95608738968062,3.43920674799665,0.832442903389189,0.505112958942417
1996-05-03,3.31,427.19,8.6,8.6,702.34,3.8122055401662047,658.41,27.06629,750.88,3.17552224503765,2.27054970568104,0.715016154973943,0.219528466253919,0.207214753166224,16.85,1.1541095890411,212.45,3.09468317552804,0,-16.0641,4.11759799833194,1.37608385686463,0.451685660266874,1.30108445697626,0.601283991047423,33.3877563865537,51.0347891166449,14.7976986383577,0.969,3.95608738968062,3.43920674799665,0.832442903389189,0.505112958942417
1996-05-04,4.83,359.29,8.89,8.89,756.42,3.9751203068399743,658.41,27.06629,750.88,3.17552224503765,2.27054970568104,0.715016154973943,0.219528466253919,0.207214753166224,16.85,1.1541095890411,212.45,3.09468317552804,0,-16.0641,4.11759799833194,1.37608385686463,0.451685660266874,1.30108445697626,0.601283991047423,33.3877563865537,51.0347891166449,14.7976986383577,0.969,3.95608738968062,3.43920674799665,0.832442903389189,0.505112958942417
1996-05-05,5.16,409.01,8.29,8.29,712.59,3.3886271468144042,658.41,27.06629,750.88,3.17552224503765,2.27054970568104,0.715016154973943,0.219528466253919,0.207214753166224,16.85,1.1541095890411,212.45,3.09468317552804,0,-16.0641,4.11759799833194,1.37608385686463,0.451685660266874,1.30108445697626,0.601283991047423,33.3877563865537,51.0347891166449,14.7976986383577,0.969,3.95608738968062,3.43920674799665,0.832442903389189,0.505112958942417
1996-05-06,1.42,408.89,7.9,7.9,639.31,3.118188634135947,658.41,27.06629,750.88,3.17552224503765,2.27054970568104,0.715016154973943,0.219528466253919,0.207214753166224,16.85,1.1541095890411,212.45,3.09468317552804,0,-16.0641,4.11759799833194,1.37608385686463,0.451685660266874,1.30108445697626,0.601283991047423,33.3877563865537,51.0347891166449,14.7976986383577,0.969,3.95608738968062,3.43920674799665,0.832442903389189,0.505112958942417
1996-05-07,0.18,462.65,3.03,3.03,475.33,2.6033779714468355,658.41,27.06629,750.88,3.17552224503765,2.27054970568104,0.715016154973943,0.219528466253919,0.207214753166224,16.85,1.1541095890411,212.45,3.09468317552804,0,-16.0641,4.11759799833194,1.37608385686463,0.451685660266874,1.30108445697626,0.601283991047423,33.3877563865537,51.0347891166449,14.7976986383577,0.969,3.95608738968062,3.43920674799665,0.832442903389189,0.505112958942417
1996-05-08,0.39,465.97,7.81,7.81,699.02,2.2482237800980185,658.41,27.06629,750.88,3.17552224503765,2.27054970568104,0.715016154973943,0.219528466253919,0.207214753166224,16.85,1.1541095890411,212.45,3.09468317552804,0,-16.0641,4.11759799833194,1.37608385686463,0.451685660266874,1.30108445697626,0.601283991047423,33.3877563865537,51.0347891166449,14.7976986383577,0.969,3.95608738968062,3.43920674799665,0.832442903389189,0.505112958942417
1996-05-09,19.91,385.05,11.71,11.71,939.87,2.059242650756446,658.41,27.06629,750.88,3.17552224503765,2.27054970568104,0.715016154973943,0.219528466253919,0.207214753166224,16.85,1.1541095890411,212.45,3.09468317552804,0,-16.0641,4.11759799833194,1.37608385686463,0.451685660266874,1.30108445697626,0.601283991047423,33.3877563865537,51.0347891166449,14.7976986383577,0.969,3.95608738968062,3.43920674799665,0.832442903389189,0.505112958942417
1996-05-10,20.59,389.5,14.27,14.27,1093.19,7.982823567014702,658.41,27.06629,750.88,3.17552224503765,2.27054970568104,0.715016154973943,0.219528466253919,0.207214753166224,16.85,1.1541095890411,212.45,3.09468317552804,0,-16.0641,4.11759799833194,1.37608385686463,0.451685660266874,1.30108445697626,0.601283991047423,33.3877563865537,51.0347891166449,14.7976986383577,0.969,3.95608738968062,3.43920674799665,0.832442903389189,0.505112958942417
1996-05-11,29.13,427.98,15.69,15.69,1009.07,16.812803920733003,658.41,27.06629,750.88,3.17552224503765,2.27054970568104,0.715016154973943,0.219528466253919,0.207214753166224,16.85,1.1541095890411,212.45,3.09468317552804,0,-16.0641,4.11759799833194,1.37608385686463,0.451685660266874,1.30108445697626,0.601283991047423,33.3877563865537,51.0347891166449,14.7976986383577,0.969,3.95608738968062,3.43920674799665,0.832442903389189,0.505112958942417
1996-05-12,7.22,425.39,5.93,5.93,547.51,18.34420272746644,658.41,27.06629,750.88,3.17552224503765,2.27054970568104,0.715016154973943,0.219528466253919,0.207214753166224,16.85,1.1541095890411,212.45,3.09468317552804,0,-16.0641,4.11759799833194,1.37608385686463,0.451685660266874,1.30108445697626,0.601283991047423,33.3877563865537,51.0347891166449,14.7976986383577,0.969,3.95608738968062,3.43920674799665,0.832442903389189,0.505112958942417
1996-05-13,0.19,489.99,2.02,2.02,417.44,9.286141700404857,658.41,27.06629,750.88,3.17552224503765,2.27054970568104,0.715016154973943,0.219528466253919,0.207214753166224,16.85,1.1541095890411,212.45,3.09468317552804,0,-16.0641,4.11759799833194,1.37608385686463,0.451685660266874,1.30108445697626,0.601283991047423,33.3877563865537,51.0347891166449,14.7976986383577,0.969,3.95608738968062,3.43920674799665,0.832442903389189,0.505112958942417
1996-05-14,0.01,600.73,1.89,1.89,403.81,5.9300975069252075,658.41,27.06629,750.88,3.17552224503765,2.27054970568104,0.715016154973943,0.219528466253919,0.207214753166224,16.85,1.1541095890411,212.45,3.09468317552804,0,-16.0641,4.11759799833194,1.37608385686463,0.451685660266874,1.30108445697626,0.601283991047423,33.3877563865537,51.0347891166449,14.7976986383577,0.969,3.95608738968062,3.43920674799665,0.832442903389189,0.505112958942417
1996-05-15,0.0,612.9,6.57,6.57,554.53,4.431281653526528,658.41,27.06629,750.88,3.17552224503765,2.27054970568104,0.715016154973943,0.219528466253919,0.207214753166224,16.85,1.1541095890411,212.45,3.09468317552804,0,-16.0641,4.11759799833194,1.37608385686463,0.451685660266874,1.30108445697626,0.601283991047423,33.3877563865537,51.0347891166449,14.7976986383577,0.969,3.95608738968062,3.43920674799665,0.832442903389189,0.505112958942417
1996-05-16,0.0,544.57,9.37,9.37,750.53,3.5189589601534195,658.41,27.06629,750.88,3.17552224503765,2.27054970568104,0.715016154973943,0.219528466253919,0.207214753166224,16.85,1.1541095890411,212.45,3.09468317552804,0,-16.0641,4.11759799833194,1.37608385686463,0.451685660266874,1.30108445697626,0.601283991047423,33.3877563865537,51.0347891166449,14.7976986383577,0.969,3.95608738968062,3.43920674799665,0.832442903389189,0.505112958942417
1996-05-17,0.01,472.29,11.96,11.96,996.02,2.9748236394630294,658.41,27.06629,750.88,3.17552224503765,2.27054970568104,0.715016154973943,0.219528466253919,0.207214753166224,16.85,1.1541095890411,212.45,3.09468317552804,0,-16.0641,4.11759799833194,1.37608385686463,0.451685660266874,1.30108445697626,0.601283991047423,33.3877563865537,51.0347891166449,14.7976986383577,0.969,3.95608738968062,3.43920674799665,0.832442903389189,0.505112958942417
1996-05-18,0.0,565.98,19.45,19.45,1392.55,2.4404632047730663,658.41,27.06629,750.88,3.17552224503765,2.27054970568104,0.715016154973943,0.219528466253919,0.207214753166224,16.85,1.1541095890411,212.45,3.09468317552804,0,-16.0641,4.11759799833194,1.37608385686463,0.451685660266874,1.30108445697626,0.601283991047423,33.3877563865537,51.0347891166449,14.7976986383577,0.969,3.95608738968062,3.43920674799665,0.832442903389189,0.505112958942417
1996-05-19,0.0,536.64,23.35,23.35,1744.91,2.0071099254208393,658.41,27.06629,750.88,3.17552224503765,2.27054970568104,0.715016154973943,0.219528466253919,0.207214753166224,16.85,1.1541095890411,212.45,3.09468317552804,0,-16.0641,4.11759799833194,1.37608385686463,0.451685660266874,1.30108445697626,0.601283991047423,33.3877563865537,51.0347891166449,14.7976986383577,0.969,3.95608738968062,3.43920674799665,0.832442903389189,0.505112958942417
1996-05-20,4.92,381.05,24.72,24.72,1937.48,1.678022096739825,658.41,27.06629,750.88,3.17552224503765,2.27054970568104,0.715016154973943,0.219528466253919,0.207214753166224,16.85,1.1541095890411,212.45,3.09468317552804,0,-16.0641,4.11759799833194,1.37608385686463,0.451685660266874,1.30108445697626,0.601283991047423,33.3877563865537,51.0347891166449,14.7976986383577,0.969,3.95608738968062,3.43920674799665,0.832442903389189,0.505112958942417
1996-05-21,10.84,382.88,22.27,22.27,1553.97,2.4437215001065415,658.41,27.06629,750.88,3.17552224503765,2.27054970568104,0.715016154973943,0.219528466253919,0.207214753166224,16.85,1.1541095890411,212.45,3.09468317552804,0,-16.0641,4.11759799833194,1.37608385686463,0.451685660266874,1.30108445697626,0.601283991047423,33.3877563865537,51.0347891166449,14.7976986383577,0.969,3.95608738968062,3.43920674799665,0.832442903389189,0.505112958942417
1996-05-22,2.86,449.9,14.16,14.16,948.71,2.0168848114212654,658.41,27.06629,750.88,3.17552224503765,2.27054970568104,0.715016154973943,0.219528466253919,0.207214753166224,16.85,1.1541095890411,212.45,3.09468317552804,0,-16.0641,4.11759799833194,1.37608385686463,0.451685660266874,1.30108445697626,0.601283991047423,33.3877563865537,51.0347891166449,14.7976986383577,0.969,3.95608738968062,3.43920674799665,0.832442903389189,0.505112958942417
1996-05-23,1.85,409.71,12.83,12.83,922.71,1.485782672064777,658.41,27.06629,750.88,3.17552224503765,2.27054970568104,0.715016154973943,0.219528466253919,0.207214753166224,16.85,1.1541095890411,212.45,3.09468317552804,0,-16.0641,4.11759799833194,1.37608385686463,0.451685660266874,1.30108445697626,0.601283991047423,33.3877563865537,51.0347891166449,14.7976986383577,0.969,3.95608738968062,3.43920674799665,0.832442903389189,0.505112958942417
1996-05-24,0.46,503.29,13.34,13.34,882.25,1.365225744726188,658.41,27.06629,750.88,3.17552224503765,2.27054970568104,0.715016154973943,0.219528466253919,0.207214753166224,16.85,1.1541095890411,212.45,3.09468317552804,0,-16.0641,4.11759799833194,1.37608385686463,0.451685660266874,1.30108445697626,0.601283991047423,33.3877563865537,51.0347891166449,14.7976986383577,0.969,3.95608738968062,3.43920674799665,0.832442903389189,0.505112958942417
1996-05-25,0.0,599.9,7.45,7.45,586.93,1.1371450713829108,658.41,27.06629,750.88,3.17552224503765,2.27054970568104,0.715016154973943,0.219528466253919,0.207214753166224,16.85,1.1541095890411,212.45,3.09468317552804,0,-16.0641,4.11759799833194,1.37608385686463,0.451685660266874,1.30108445697626,0.601283991047423,33.3877563865537,51.0347891166449,14.7976986383577,0.969,3.95608738968062,3.43920674799665,0.832442903389189,0.505112958942417
1996-05-26,0.77,421.59,10.11,10.11,754.55,0.9807468953760919,658.41,27.06629,750.88,3.17552224503765,2.27054970568104,0.715016154973943,0.219528466253919,0.207214753166224,16.85,1.1541095890411,212.45,3.09468317552804,0,-16.0641,4.11759799833194,1.37608385686463,0.451685660266874,1.30108445697626,0.601283991047423,33.3877563865537,51.0347891166449,14.7976986383577,0.969,3.95608738968062,3.43920674799665,0.832442903389189,0.505112958942417
1996-05-27,1.3,337.68,9.79,9.79,845.8,0.9383890560409119,658.41,27.06629,750.88,3.17552224503765,2.27054970568104,0.715016154973943,0.219528466253919,0.207214753166224,16.85,1.1541095890411,212.45,3.09468317552804,0,-16.0641,4.11759799833194,1.37608385686463,0.451685660266874,1.30108445697626,0.601283991047423,33.3877563865537,51.0347891166449,14.7976986383577,0.969,3.95608738968062,3.43920674799665,0.832442903389189,0.505112958942417
1996-05-28,1.09,330.04,10.45,10.45,903.24,0.8764814447048795,658.41,27.06629,750.88,3.17552224503765,2.27054970568104,0.715016154973943,0.219528466253919,0.207214753166224,16.85,1.1541095890411,212.45,3.09468317552804,0,-16.0641,4.11759799833194,1.37608385686463,0.451685660266874,1.30108445697626,0.601283991047423,33.3877563865537,51.0347891166449,14.7976986383577,0.969,3.95608738968062,3.43920674799665,0.832442903389189,0.505112958942417
1996-05-29,0.25,337.22,9.86,9.86,823.95,0.8536733773705517,658.41,27.06629,750.88,3.17552224503765,2.27054970568104,0.715016154973943,0.219528466253919,0.207214753166224,16.85,1.1541095890411,212.45,3.09468317552804,0,-16.0641,4.11759799833194,1.37608385686463,0.451685660266874,1.30108445697626,0.601283991047423,33.3877563865537,51.0347891166449,14.7976986383577,0.969,3.95608738968062,3.43920674799665,0.832442903389189,0.505112958942417
1996-05-30,0.01,594.05,6.81,6.81,552.67,0.7428913360323885,658.41,27.06629,750.88,3.17552224503765,2.27054970568104,0.715016154973943,0.219528466253919,0.207214753166224,16.85,1.1541095890411,212.45,3.09468317552804,0,-16.0641,4.11759799833194,1.37608385686463,0.451685660266874,1.30108445697626,0.601283991047423,33.3877563865537,51.0347891166449,14.7976986383577,0.969,3.95608738968062,3.43920674799665,0.832442903389189,0.505112958942417
1996-05-31,0.0,594.31,8.91,8.91,579.72,0.6418841806946515,658.41,27.06629,750.88,3.17552224503765,2.27054970568104,0.715016154973943,0.219528466253919,0.207214753166224,16.85,1.1541095890411,212.45,3.09468317552804,0,-16.0641,4.11759799833194,1.37608385686463,0.451685660266874,1.30108445697626,0.601283991047423,33.3877563865537,51.0347891166449,14.7976986383577,0.969,3.95608738968062,3.43920674799665,0.832442903389189,0.505112958942417
1996-06-01,0.0,595.92,11.55,11.55,704.11,0.5669433880247176,658.41,27.06629,750.88,3.17552224503765,2.27054970568104,0.715016154973943,0.219528466253919,0.207214753166224,16.85,1.1541095890411,212.45,3.09468317552804,0,-16.0641,4.11759799833194,1.37608385686463,0.451685660266874,1.30108445697626,0.601283991047423,33.3877563865537,51.0347891166449,14.7976986383577,0.969,3.95608738968062,3.43920674799665,0.832442903389189,0.505112958942417
1996-06-02,0.0,561.19,16.03,16.03,1018.49,0.5180689580225868,658.41,27.06629,750.88,3.17552224503765,2.27054970568104,0.715016154973943,0.219528466253919,0.207214753166224,16.85,1.1541095890411,212.45,3.09468317552804,0,-16.0641,4.11759799833194,1.37608385686463,0.451685660266874,1.30108445697626,0.601283991047423,33.3877563865537,51.0347891166449,14.7976986383577,0.969,3.95608738968062,3.43920674799665,0.832442903389189,0.505112958942417
1996-06-03,0.0,500.84,17.09,17.09,1169.56,0.4789694140208821,658.41,27.06629,750.88,3.17552224503765,2.27054970568104,0.715016154973943,0.219528466253919,0.207214753166224,16.85,1.1541095890411,212.45,3.09468317552804,0,-16.0641,4.11759799833194,1.37608385686463,0.451685660266874,1.30108445697626,0.601283991047423,33.3877563865537,51.0347891166449,14.7976986383577,0.969,3.95608738968062,3.43920674799665,0.832442903389189,0.505112958942417
1996-06-04,4.14,365.2,14.72,14.72,1068.53,0.47245282335393135,658.41,27.06629,750.88,3.17552224503765,2.27054970568104,0.715016154973943,0.219528466253919,0.207214753166224,16.85,1.1541095890411,212.45,3.09468317552804,0,-16.0641,4.11759799833194,1.37608385686463,0.451685660266874,1.30108445697626,0.601283991047423,33.3877563865537,51.0347891166449,14.7976986383577,0.969,3.95608738968062,3.43920674799665,0.832442903389189,0.505112958942417
1996-06-05,1.14,493.78,13.34,13.34,923.83,0.4789694140208821,658.41,27.06629,750.88,3.17552224503765,2.27054970568104,0.715016154973943,0.219528466253919,0.207214753166224,16.85,1.1541095890411,212.45,3.09468317552804,0,-16.0641,4.11759799833194,1.37608385686463,0.451685660266874,1.30108445697626,0.601283991047423,33.3877563865537,51.0347891166449,14.7976986383577,0.969,3.95608738968062,3.43920674799665,0.832442903389189,0.505112958942417
1996-06-06,0.06,478.55,12.13,12.13,878.11,0.4366115746857021,658.41,27.06629,750.88,3.17552224503765,2.27054970568104,0.715016154973943,0.219528466253919,0.207214753166224,16.85,1.1541095890411,212.45,3.09468317552804,0,-16.0641,4.11759799833194,1.37608385686463,0.451685660266874,1.30108445697626,0.601283991047423,33.3877563865537,51.0347891166449,14.7976986383577,0.969,3.95608738968062,3.43920674799665,0.832442903389189,0.505112958942417
1996-06-07,7.53,381.33,16.93,16.93,1247.65,0.4072869166844236,658.41,27.06629,750.88,3.17552224503765,2.27054970568104,0.715016154973943,0.219528466253919,0.207214753166224,16.85,1.1541095890411,212.45,3.09468317552804,0,-16.0641,4.11759799833194,1.37608385686463,0.451685660266874,1.30108445697626,0.601283991047423,33.3877563865537,51.0347891166449,14.7976986383577,0.969,3.95608738968062,3.43920674799665,0.832442903389189,0.505112958942417
1996-06-08,2.12,434.92,18.66,18.66,1411.75,0.4463864606861282,658.41,27.06629,750.88,3.17552224503765,2.27054970568104,0.715016154973943,0.219528466253919,0.207214753166224,16.85,1.1541095890411,212.45,3.09468317552804,0,-16.0641,4.11759799833194,1.37608385686463,0.451685660266874,1.30108445697626,0.601283991047423,33.3877563865537,51.0347891166449,14.7976986383577,0.969,3.95608738968062,3.43920674799665,0.832442903389189,0.505112958942417
1996-06-09,1.38,367.01,19.45,19.45,1531.44,0.4072869166844236,658.41,27.06629,750.88,3.17552224503765,2.27054970568104,0.715016154973943,0.219528466253919,0.207214753166224,16.85,1.1541095890411,212.45,3.09468317552804,0,-16.0641,4.11759799833194,1.37608385686463,0.451685660266874,1.30108445697626,0.601283991047423,33.3877563865537,51.0347891166449,14.7976986383577,0.969,3.95608738968062,3.43920674799665,0.832442903389189,0.505112958942417
1996-06-10,2.03,342.99,21.48,21.48,1684.85,0.3747039633496697,658.41,27.06629,750.88,3.17552224503765,2.27054970568104,0.715016154973943,0.219528466253919,0.207214753166224,16.85,1.1541095890411,212.45,3.09468317552804,0,-16.0641,4.11759799833194,1.37608385686463,0.451685660266874,1.30108445697626,0.601283991047423,33.3877563865537,51.0347891166449,14.7976986383577,0.969,3.95608738968062,3.43920674799665,0.832442903389189,0.505112958942417
1996-06-11,2.28,377.48,20.34,20.34,1497.03,0.35189589601534194,658.41,27.06629,750.88,3.17552224503765,2.27054970568104,0.715016154973943,0.219528466253919,0.207214753166224,16.85,1.1541095890411,212.45,3.09468317552804,0,-16.0641,4.11759799833194,1.37608385686463,0.451685660266874,1.30108445697626,0.601283991047423,33.3877563865537,51.0347891166449,14.7976986383577,0.969,3.95608738968062,3.43920674799665,0.832442903389189,0.505112958942417
1996-06-12,0.83,389.81,18.88,18.88,1343.17,0.32908782868101427,658.41,27.06629,750.88,3.17552224503765,2.27054970568104,0.715016154973943,0.219528466253919,0.207214753166224,16.85,1.1541095890411,212.45,3.09468317552804,0,-16.0641,4.11759799833194,1.37608385686463,0.451685660266874,1.30108445697626,0.601283991047423,33.3877563865537,51.0347891166449,14.7976986383577,0.969,3.95608738968062,3.43920674799665,0.832442903389189,0.505112958942417
1996-06-13,2.31,375.0,17.62,17.62,1294.36,0.30953805668016193,658.41,27.06629,750.88,3.17552224503765,2.27054970568104,0.715016154973943,0.219528466253919,0.207214753166224,16.85,1.1541095890411,212.45,3.09468317552804,0,-16.0641,4.11759799833194,1.37608385686463,0.451685660266874,1.30108445697626,0.601283991047423,33.3877563865537,51.0347891166449,14.7976986383577,0.969,3.95608738968062,3.43920674799665,0.832442903389189,0.505112958942417
1996-06-14,0.95,388.52,17.99,17.99,1299.43,0.3030214660132111,658.41,27.06629,750.88,3.17552224503765,2.27054970568104,0.715016154973943,0.219528466253919,0.207214753166224,16.85,1.1541095890411,212.45,3.09468317552804,0,-16.0641,4.11759799833194,1.37608385686463,0.451685660266874,1.30108445697626,0.601283991047423,33.3877563865537,51.0347891166449,14.7976986383577,0.969,3.95608738968062,3.43920674799665,0.832442903389189,0.505112958942417
1996-06-15,0.1,532.97,18.59,18.59,1202.22,0.27369680801193264,658.41,27.06629,750.88,3.17552224503765,2.27054970568104,0.715016154973943,0.219528466253919,0.207214753166224,16.85,1.1541095890411,212.45,3.09468317552804,0,-16.0641,4.11759799833194,1.37608385686463,0.451685660266874,1.30108445697626,0.601283991047423,33.3877563865537,51.0347891166449,14.7976986383577,0.969,3.95608738968062,3.43920674799665,0.832442903389189,0.505112958942417
1996-06-16,0.0,572.27,16.91,16.91,1076.94,0.24111385467717877,658.41,27.06629,750.88,3.17552224503765,2.27054970568104,0.715016154973943,0.219528466253919,0.207214753166224,16.85,1.1541095890411,212.45,3.09468317552804,0,-16.0641,4.11759799833194,1.37608385686463,0.451685660266874,1.30108445697626,0.601283991047423,33.3877563865537,51.0347891166449,14.7976986383577,0.969,3.95608738968062,3.43920674799665,0.832442903389189,0.505112958942417
1996-06-17,3.4,395.84,18.81,18.81,1308.42,0.22482237800980182,658.41,27.06629,750.88,3.17552224503765,2.27054970568104,0.715016154973943,0.219528466253919,0.207214753166224,16.85,1.1541095890411,212.45,3.09468317552804,0,-16.0641,4.11759799833194,1.37608385686463,0.451685660266874,1.30108445697626,0.601283991047423,33.3877563865537,51.0347891166449,14.7976986383577,0.969,3.95608738968062,3.43920674799665,0.832442903389189,0.505112958942417
1996-06-18,22.32,378.74,18.5,18.5,1363.31,0.2834716940123588,658.41,27.06629,750.88,3.17552224503765,2.27054970568104,0.715016154973943,0.219528466253919,0.207214753166224,16.85,1.1541095890411,212.45,3.09468317552804,0,-16.0641,4.11759799833194,1.37608385686463,0.451685660266874,1.30108445697626,0.601283991047423,33.3877563865537,51.0347891166449,14.7976986383577,0.969,3.95608738968062,3.43920674799665,0.832442903389189,0.505112958942417
1996-06-19,6.66,299.81,17.94,17.94,1513.21,0.6549173620285531,658.41,27.06629,750.88,3.17552224503765,2.27054970568104,0.715016154973943,0.219528466253919,0.207214753166224,16.85,1.1541095890411,212.45,3.09468317552804,0,-16.0641,4.11759799833194,1.37608385686463,0.451685660266874,1.30108445697626,0.601283991047423,33.3877563865537,51.0347891166449,14.7976986383577,0.969,3.95608738968062,3.43920674799665,0.832442903389189,0.505112958942417
1996-06-20,4.97,298.77,20.41,20.41,1691.97,0.6418841806946515,658.41,27.06629,750.88,3.17552224503765,2.27054970568104,0.715016154973943,0.219528466253919,0.207214753166224,16.85,1.1541095890411,212.45,3.09468317552804,0,-16.0641,4.11759799833194,1.37608385686463,0.451685660266874,1.30108445697626,0.601283991047423,33.3877563865537,51.0347891166449,14.7976986383577,0.969,3.95608738968062,3.43920674799665,0.832442903389189,0.505112958942417
1996-06-21,1.38,401.27,19.35,19.35,1495.29,0.7135666780311101,658.41,27.06629,750.88,3.17552224503765,2.27054970568104,0.715016154973943,0.219528466253919,0.207214753166224,16.85,1.1541095890411,212.45,3.09468317552804,0,-16.0641,4.11759799833194,1.37608385686463,0.451685660266874,1.30108445697626,0.601283991047423,33.3877563865537,51.0347891166449,14.7976986383577,0.969,3.95608738968062,3.43920674799665,0.832442903389189,0.505112958942417
1996-06-22,2.27,368.04,18.78,18.78,1334.71,0.39751203068399743,658.41,27.06629,750.88,3.17552224503765,2.27054970568104,0.715016154973943,0.219528466253919,0.207214753166224,16.85,1.1541095890411,212.45,3.09468317552804,0,-16.0641,4.11759799833194,1.37608385686463,0.451685660266874,1.30108445697626,0.601283991047423,33.3877563865537,51.0347891166449,14.7976986383577,0.969,3.95608738968062,3.43920674799665,0.832442903389189,0.505112958942417
1996-06-23,0.59,564.77,15.04,15.04,995.34,0.35189589601534194,658.41,27.06629,750.88,3.17552224503765,2.27054970568104,0.715016154973943,0.219528466253919,0.207214753166224,16.85,1.1541095890411,212.45,3.09468317552804,0,-16.0641,4.11759799833194,1.37608385686463,0.451685660266874,1.30108445697626,0.601283991047423,33.3877563865537,51.0347891166449,14.7976986383577,0.969,3.95608738968062,3.43920674799665,0.832442903389189,0.505112958942417
1996-06-24,6.33,405.91,15.83,15.83,1118.25,0.32257123801406345,658.41,27.06629,750.88,3.17552224503765,2.27054970568104,0.715016154973943,0.219528466253919,0.207214753166224,16.85,1.1541095890411,212.45,3.09468317552804,0,-16.0641,4.11759799833194,1.37608385686463,0.451685660266874,1.30108445697626,0.601283991047423,33.3877563865537,51.0347891166449,14.7976986383577,0.969,3.95608738968062,3.43920674799665,0.832442903389189,0.505112958942417
1996-06-25,1.68,430.49,16.35,16.35,1166.54,0.3877371446835713,658.41,27.06629,750.88,3.17552224503765,2.27054970568104,0.715016154973943,0.219528466253919,0.207214753166224,16.85,1.1541095890411,212.45,3.09468317552804,0,-16.0641,4.11759799833194,1.37608385686463,0.451685660266874,1.30108445697626,0.601283991047423,33.3877563865537,51.0347891166449,14.7976986383577,0.969,3.95608738968062,3.43920674799665,0.832442903389189,0.505112958942417
1996-06-26,0.01,563.67,13.23,13.23,891.62,0.30627976134668655,658.41,27.06629,750.88,3.17552224503765,2.27054970568104,0.715016154973943,0.219528466253919,0.207214753166224,16.85,1.1541095890411,212.45,3.09468317552804,0,-16.0641,4.11759799833194,1.37608385686463,0.451685660266874,1.30108445697626,0.601283991047423,33.3877563865537,51.0347891166449,14.7976986383577,0.969,3.95608738968062,3.43920674799665,0.832442903389189,0.505112958942417
1996-06-27,0.0,565.76,14.43,14.43,926.69,0.26392192201150644,658.41,27.06629,750.88,3.17552224503765,2.27054970568104,0.715016154973943,0.219528466253919,0.207214753166224,16.85,1.1541095890411,212.45,3.09468317552804,0,-16.0641,4.11759799833194,1.37608385686463,0.451685660266874,1.30108445697626,0.601283991047423,33.3877563865537,51.0347891166449,14.7976986383577,0.969,3.95608738968062,3.43920674799665,0.832442903389189,0.505112958942417
1996-06-28,0.0,561.94,15.96,15.96,1073.81,0.23459726401022798,658.41,27.06629,750.88,3.17552224503765,2.27054970568104,0.715016154973943,0.219528466253919,0.207214753166224,16.85,1.1541095890411,212.45,3.09468317552804,0,-16.0641,4.11759799833194,1.37608385686463,0.451685660266874,1.30108445697626,0.601283991047423,33.3877563865537,51.0347891166449,14.7976986383577,0.969,3.95608738968062,3.43920674799665,0.832442903389189,0.505112958942417
1996-06-29,10.96,377.02,18.67,18.67,1422.88,0.21504749200937565,658.41,27.06629,750.88,3.17552224503765,2.27054970568104,0.715016154973943,0.219528466253919,0.207214753166224,16.85,1.1541095890411,212.45,3.09468317552804,0,-16.0641,4.11759799833194,1.37608385686463,0.451685660266874,1.30108445697626,0.601283991047423,33.3877563865537,51.0347891166449,14.7976986383577,0.969,3.95608738968062,3.43920674799665,0.832442903389189,0.505112958942417
1996-06-30,3.22,456.38,21.37,21.37,1629.28,0.32257123801406345,658.41,27.06629,750.88,3.17552224503765,2.27054970568104,0.715016154973943,0.219528466253919,0.207214753166224,16.85,1.1541095890411,212.45,3.09468317552804,0,-16.0641,4.11759799833194,1.37608385686463,0.451685660266874,1.30108445697626,0.601283991047423,33.3877563865537,51.0347891166449,14.7976986383577,0.969,3.95608738968062,3.43920674799665,0.832442903389189,0.505112958942417
1996-07-01,0.09,509.67,20.8,20.8,1456.35,0.2867299893458342,658.41,27.06629,750.88,3.17552224503765,2.27054970568104,0.715016154973943,0.219528466253919,0.207214753166224,16.85,1.1541095890411,212.45,3.09468317552804,0,-16.0641,4.11759799833194,1.37608385686463,0.451685660266874,1.30108445697626,0.601283991047423,33.3877563865537,51.0347891166449,14.7976986383577,0.969,3.95608738968062,3.43920674799665,0.832442903389189,0.505112958942417
1996-07-02,5.21,420.06,17.72,17.72,1199.73,0.22808067334327722,658.41,27.06629,750.88,3.17552224503765,2.27054970568104,0.715016154973943,0.219528466253919,0.207214753166224,16.85,1.1541095890411,212.45,3.09468317552804,0,-16.0641,4.11759799833194,1.37608385686463,0.451685660266874,1.30108445697626,0.601283991047423,33.3877563865537,51.0347891166449,14.7976986383577,0.969,3.95608738968062,3.43920674799665,0.832442903389189,0.505112958942417
1996-07-03,3.91,395.25,17.84,17.84,1233.65,0.2313389686767526,658.41,27.06629,750.88,3.17552224503765,2.27054970568104,0.715016154973943,0.219528466253919,0.207214753166224,16.85,1.1541095890411,212.45,3.09468317552804,0,-16.0641,4.11759799833194,1.37608385686463,0.451685660266874,1.30108445697626,0.601283991047423,33.3877563865537,51.0347891166449,14.7976986383577,0.969,3.95608738968062,3.43920674799665,0.832442903389189,0.505112958942417
1996-07-04,0.68,379.08,14.58,14.58,1103.23,0.23459726401022798,658.41,27.06629,750.88,3.17552224503765,2.27054970568104,0.715016154973943,0.219528466253919,0.207214753166224,16.85,1.1541095890411,212.45,3.09468317552804,0,-16.0641,4.11759799833194,1.37608385686463,0.451685660266874,1.30108445697626,0.601283991047423,33.3877563865537,51.0347891166449,14.7976986383577,0.969,3.95608738968062,3.43920674799665,0.832442903389189,0.505112958942417
1996-07-05,0.0,552.45,13.89,13.89,952.27,0.20853090134242488,658.41,27.06629,750.88,3.17552224503765,2.27054970568104,0.715016154973943,0.219528466253919,0.207214753166224,16.85,1.1541095890411,212.45,3.09468317552804,0,-16.0641,4.11759799833194,1.37608385686463,0.451685660266874,1.30108445697626,0.601283991047423,33.3877563865537,51.0347891166449,14.7976986383577,0.969,3.95608738968062,3.43920674799665,0.832442903389189,0.505112958942417
1996-07-06,0.0,572.85,15.39,15.39,993.0,0.18246453867462176,658.41,27.06629,750.88,3.17552224503765,2.27054970568104,0.715016154973943,0.219528466253919,0.207214753166224,16.85,1.1541095890411,212.45,3.09468317552804,0,-16.0641,4.11759799833194,1.37608385686463,0.451685660266874,1.30108445697626,0.601283991047423,33.3877563865537,51.0347891166449,14.7976986383577,0.969,3.95608738968062,3.43920674799665,0.832442903389189,0.505112958942417
1996-07-07,10.44,418.57,18.03,18.03,1193.01,0.1694313573407202,658.41,27.06629,750.88,3.17552224503765,2.27054970568104,0.715016154973943,0.219528466253919,0.207214753166224,16.85,1.1541095890411,212.45,3.09468317552804,0,-16.0641,4.11759799833194,1.37608385686463,0.451685660266874,1.30108445697626,0.601283991047423,33.3877563865537,51.0347891166449,14.7976986383577,0.969,3.95608738968062,3.43920674799665,0.832442903389189,0.505112958942417
1996-07-08,2.95,512.71,18.57,18.57,1231.03,0.25740533134455573,658.41,27.06629,750.88,3.17552224503765,2.27054970568104,0.715016154973943,0.219528466253919,0.207214753166224,16.85,1.1541095890411,212.45,3.09468317552804,0,-16.0641,4.11759799833194,1.37608385686463,0.451685660266874,1.30108445697626,0.601283991047423,33.3877563865537,51.0347891166449,14.7976986383577,0.969,3.95608738968062,3.43920674799665,0.832442903389189,0.505112958942417
1996-07-09,0.06,538.56,16.66,16.66,1084.2,0.24763044534412954,658.41,27.06629,750.88,3.17552224503765,2.27054970568104,0.715016154973943,0.219528466253919,0.207214753166224,16.85,1.1541095890411,212.45,3.09468317552804,0,-16.0641,4.11759799833194,1.37608385686463,0.451685660266874,1.30108445697626,0.601283991047423,33.3877563865537,51.0347891166449,14.7976986383577,0.969,3.95608738968062,3.43920674799665,0.832442903389189,0.505112958942417
1996-07-10,0.0,528.26,14.45,14.45,957.79,0.18246453867462176,658.41,27.06629,750.88,3.17552224503765,2.27054970568104,0.715016154973943,0.219528466253919,0.207214753166224,16.85,1.1541095890411,212.45,3.09468317552804,0,-16.0641,4.11759799833194,1.37608385686463,0.451685660266874,1.30108445697626,0.601283991047423,33.3877563865537,51.0347891166449,14.7976986383577,0.969,3.95608738968062,3.43920674799665,0.832442903389189,0.505112958942417
1996-07-11,0.0,564.03,12.82,12.82,880.47,0.15965647134029404,658.41,27.06629,750.88,3.17552224503765,2.27054970568104,0.715016154973943,0.219528466253919,0.207214753166224,16.85,1.1541095890411,212.45,3.09468317552804,0,-16.0641,4.11759799833194,1.37608385686463,0.451685660266874,1.30108445697626,0.601283991047423,33.3877563865537,51.0347891166449,14.7976986383577,0.969,3.95608738968062,3.43920674799665,0.832442903389189,0.505112958942417
1996-07-12,0.0,539.67,16.09,16.09,1069.61,0.1433649946729171,658.41,27.06629,750.88,3.17552224503765,2.27054970568104,0.715016154973943,0.219528466253919,0.207214753166224,16.85,1.1541095890411,212.45,3.09468317552804,0,-16.0641,4.11759799833194,1.37608385686463,0.451685660266874,1.30108445697626,0.601283991047423,33.3877563865537,51.0347891166449,14.7976986383577,0.969,3.95608738968062,3.43920674799665,0.832442903389189,0.505112958942417
1996-07-13,0.17,501.75,17.36,17.36,1231.31,0.13359010867249094,658.41,27.06629,750.88,3.17552224503765,2.27054970568104,0.715016154973943,0.219528466253919,0.207214753166224,16.85,1.1541095890411,212.45,3.09468317552804,0,-16.0641,4.11759799833194,1.37608385686463,0.451685660266874,1.30108445697626,0.601283991047423,33.3877563865537,51.0347891166449,14.7976986383577,0.969,3.95608738968062,3.43920674799665,0.832442903389189,0.505112958942417
1996-07-14,6.57,347.52,20.6,20.6,1583.24,0.13033181333901556,658.41,27.06629,750.88,3.17552224503765,2.27054970568104,0.715016154973943,0.219528466253919,0.207214753166224,16.85,1.1541095890411,212.45,3.09468317552804,0,-16.0641,4.11759799833194,1.37608385686463,0.451685660266874,1.30108445697626,0.601283991047423,33.3877563865537,51.0347891166449,14.7976986383577,0.969,3.95608738968062,3.43920674799665,0.832442903389189,0.505112958942417
1996-07-15,14.93,326.26,19.62,19.62,1526.59,0.44312816535265287,658.41,27.06629,750.88,3.17552224503765,2.27054970568104,0.715016154973943,0.219528466253919,0.207214753166224,16.85,1.1541095890411,212.45,3.09468317552804,0,-16.0641,4.11759799833194,1.37608385686463,0.451685660266874,1.30108445697626,0.601283991047423,33.3877563865537,51.0347891166449,14.7976986383577,0.969,3.95608738968062,3.43920674799665,0.832442903389189,0.505112958942417
1996-07-16,6.42,360.29,17.92,17.92,1364.6,0.46593623268698053,658.41,27.06629,750.88,3.17552224503765,2.27054970568104,0.715016154973943,0.219528466253919,0.207214753166224,16.85,1.1541095890411,212.45,3.09468317552804,0,-16.0641,4.11759799833194,1.37608385686463,0.451685660266874,1.30108445697626,0.601283991047423,33.3877563865537,51.0347891166449,14.7976986383577,0.969,3.95608738968062,3.43920674799665,0.832442903389189,0.505112958942417
1996-07-17,0.92,509.51,18.74,18.74,1362.34,0.26392192201150644,658.41,27.06629,750.88,3.17552224503765,2.27054970568104,0.715016154973943,0.219528466253919,0.207214753166224,16.85,1.1541095890411,212.45,3.09468317552804,0,-16.0641,4.11759799833194,1.37608385686463,0.451685660266874,1.30108445697626,0.601283991047423,33.3877563865537,51.0347891166449,14.7976986383577,0.969,3.95608738968062,3.43920674799665,0.832442903389189,0.505112958942417
1996-07-18,11.38,374.45,19.78,19.78,1510.96,0.2313389686767526,658.41,27.06629,750.88,3.17552224503765,2.27054970568104,0.715016154973943,0.219528466253919,0.207214753166224,16.85,1.1541095890411,212.45,3.09468317552804,0,-16.0641,4.11759799833194,1.37608385686463,0.451685660266874,1.30108445697626,0.601283991047423,33.3877563865537,51.0347891166449,14.7976986383577,0.969,3.95608738968062,3.43920674799665,0.832442903389189,0.505112958942417
1996-07-19,5.41,317.22,20.25,20.25,1522.74,0.36818737268271895,658.41,27.06629,750.88,3.17552224503765,2.27054970568104,0.715016154973943,0.219528466253919,0.207214753166224,16.85,1.1541095890411,212.45,3.09468317552804,0,-16.0641,4.11759799833194,1.37608385686463,0.451685660266874,1.30108445697626,0.601283991047423,33.3877563865537,51.0347891166449,14.7976986383577,0.969,3.95608738968062,3.43920674799665,0.832442903389189,0.505112958942417
1996-07-20,0.64,521.94,14.43,14.43,1023.54,0.44964475601960363,658.41,27.06629,750.88,3.17552224503765,2.27054970568104,0.715016154973943,0.219528466253919,0.207214753166224,16.85,1.1541095890411,212.45,3.09468317552804,0,-16.0641,4.11759799833194,1.37608385686463,0.451685660266874,1.30108445697626,0.601283991047423,33.3877563865537,51.0347891166449,14.7976986383577,0.969,3.95608738968062,3.43920674799665,0.832442903389189,0.505112958942417
1996-07-21,0.0,537.36,14.54,14.54,1008.8,0.276955103345408,658.41,27.06629,750.88,3.17552224503765,2.27054970568104,0.715016154973943,0.219528466253919,0.207214753166224,16.85,1.1541095890411,212.45,3.09468317552804,0,-16.0641,4.11759799833194,1.37608385686463,0.451685660266874,1.30108445697626,0.601283991047423,33.3877563865537,51.0347891166449,14.7976986383577,0.969,3.95608738968062,3.43920674799665,0.832442903389189,0.505112958942417
1996-07-22,0.0,534.67,16.41,16.41,1100.47,0.21504749200937565,658.41,27.06629,750.88,3.17552224503765,2.27054970568104,0.715016154973943,0.219528466253919,0.207214753166224,16.85,1.1541095890411,212.45,3.09468317552804,0,-16.0641,4.11759799833194,1.37608385686463,0.451685660266874,1.30108445697626,0.601283991047423,33.3877563865537,51.0347891166449,14.7976986383577,0.969,3.95608738968062,3.43920674799665,0.832442903389189,0.505112958942417
1996-07-23,0.26,492.62,16.76,16.76,1110.77,0.17920624334114638,658.41,27.06629,750.88,3.17552224503765,2.27054970568104,0.715016154973943,0.219528466253919,0.207214753166224,16.85,1.1541095890411,212.45,3.09468317552804,0,-16.0641,4.11759799833194,1.37608385686463,0.451685660266874,1.30108445697626,0.601283991047423,33.3877563865537,51.0347891166449,14.7976986383577,0.969,3.95608738968062,3.43920674799665,0.832442903389189,0.505112958942417
1996-07-24,0.51,414.35,16.73,16.73,1105.98,0.15639817600681866,658.41,27.06629,750.88,3.17552224503765,2.27054970568104,0.715016154973943,0.219528466253919,0.207214753166224,16.85,1.1541095890411,212.45,3.09468317552804,0,-16.0641,4.11759799833194,1.37608385686463,0.451685660266874,1.30108445697626,0.601283991047423,33.3877563865537,51.0347891166449,14.7976986383577,0.969,3.95608738968062,3.43920674799665,0.832442903389189,0.505112958942417
1996-07-25,0.9,394.04,17.21,17.21,1171.81,0.15639817600681866,658.41,27.06629,750.88,3.17552224503765,2.27054970568104,0.715016154973943,0.219528466253919,0.207214753166224,16.85,1.1541095890411,212.45,3.09468317552804,0,-16.0641,4.11759799833194,1.37608385686463,0.451685660266874,1.30108445697626,0.601283991047423,33.3877563865537,51.0347891166449,14.7976986383577,0.969,3.95608738968062,3.43920674799665,0.832442903389189,0.505112958942417
1996-07-26,0.26,455.15,16.53,16.53,1142.9,0.15313988067334328,658.41,27.06629,750.88,3.17552224503765,2.27054970568104,0.715016154973943,0.219528466253919,0.207214753166224,16.85,1.1541095890411,212.45,3.09468317552804,0,-16.0641,4.11759799833194,1.37608385686463,0.451685660266874,1.30108445697626,0.601283991047423,33.3877563865537,51.0347891166449,14.7976986383577,0.969,3.95608738968062,3.43920674799665,0.832442903389189,0.505112958942417
1996-07-27,0.01,481.15,15.46,15.46,1063.39,0.1401066993394417,658.41,27.06629,750.88,3.17552224503765,2.27054970568104,0.715016154973943,0.219528466253919,0.207214753166224,16.85,1.1541095890411,212.45,3.09468317552804,0,-16.0641,4.11759799833194,1.37608385686463,0.451685660266874,1.30108445697626,0.601283991047423,33.3877563865537,51.0347891166449,14.7976986383577,0.969,3.95608738968062,3.43920674799665,0.832442903389189,0.505112958942417
1996-07-28,0.0,555.17,13.44,13.44,911.66,0.13033181333901556,658.41,27.06629,750.88,3.17552224503765,2.27054970568104,0.715016154973943,0.219528466253919,0.207214753166224,16.85,1.1541095890411,212.45,3.09468317552804,0,-16.0641,4.11759799833194,1.37608385686463,0.451685660266874,1.30108445697626,0.601283991047423,33.3877563865537,51.0347891166449,14.7976986383577,0.969,3.95608738968062,3.43920674799665,0.832442903389189,0.505112958942417
1996-07-29,5.74,406.15,15.46,15.46,1065.62,0.12055692733858939,658.41,27.06629,750.88,3.17552224503765,2.27054970568104,0.715016154973943,0.219528466253919,0.207214753166224,16.85,1.1541095890411,212.45,3.09468317552804,0,-16.0641,4.11759799833194,1.37608385686463,0.451685660266874,1.30108445697626,0.601283991047423,33.3877563865537,51.0347891166449,14.7976986383577,0.969,3.95608738968062,3.43920674799665,0.832442903389189,0.505112958942417
1996-07-30,3.69,376.35,17.3,17.3,1281.05,0.12707351800554018,658.41,27.06629,750.88,3.17552224503765,2.27054970568104,0.715016154973943,0.219528466253919,0.207214753166224,16.85,1.1541095890411,212.45,3.09468317552804,0,-16.0641,4.11759799833194,1.37608385686463,0.451685660266874,1.30108445697626,0.601283991047423,33.3877563865537,51.0347891166449,14.7976986383577,0.969,3.95608738968062,3.43920674799665,0.832442903389189,0.505112958942417
1996-07-31,2.68,324.08,19.41,19.41,1452.93,0.15639817600681866,658.41,27.06629,750.88,3.17552224503765,2.27054970568104,0.715016154973943,0.219528466253919,0.207214753166224,16.85,1.1541095890411,212.45,3.09468317552804,0,-16.0641,4.11759799833194,1.37608385686463,0.451685660266874,1.30108445697626,0.601283991047423,33.3877563865537,51.0347891166449,14.7976986383577,0.969,3.95608738968062,3.43920674799665,0.832442903389189,0.505112958942417
1996-08-01,1.12,397.17,16.23,16.23,1123.96,0.1433649946729171,658.41,27.06629,750.88,3.17552224503765,2.27054970568104,0.715016154973943,0.219528466253919,0.207214753166224,16.85,1.1541095890411,212.45,3.09468317552804,0,-16.0641,4.11759799833194,1.37608385686463,0.451685660266874,1.30108445697626,0.601283991047423,33.3877563865537,51.0347891166449,14.7976986383577,0.969,3.95608738968062,3.43920674799665,0.832442903389189,0.505112958942417
1996-08-02,0.24,460.52,15.76,15.76,1054.7,0.13359010867249094,658.41,27.06629,750.88,3.17552224503765,2.27054970568104,0.715016154973943,0.219528466253919,0.207214753166224,16.85,1.1541095890411,212.45,3.09468317552804,0,-16.0641,4.11759799833194,1.37608385686463,0.451685660266874,1.30108445697626,0.601283991047423,33.3877563865537,51.0347891166449,14.7976986383577,0.969,3.95608738968062,3.43920674799665,0.832442903389189,0.505112958942417
1996-08-03,0.02,531.91,16.24,16.24,1085.1,0.12707351800554018,658.41,27.06629,750.88,3.17552224503765,2.27054970568104,0.715016154973943,0.219528466253919,0.207214753166224,16.85,1.1541095890411,212.45,3.09468317552804,0,-16.0641,4.11759799833194,1.37608385686463,0.451685660266874,1.30108445697626,0.601283991047423,33.3877563865537,51.0347891166449,14.7976986383577,0.969,3.95608738968062,3.43920674799665,0.832442903389189,0.505112958942417
1996-08-04,1.67,403.64,18.01,18.01,1232.63,0.11729863200511399,658.41,27.06629,750.88,3.17552224503765,2.27054970568104,0.715016154973943,0.219528466253919,0.207214753166224,16.85,1.1541095890411,212.45,3.09468317552804,0,-16.0641,4.11759799833194,1.37608385686463,0.451685660266874,1.30108445697626,0.601283991047423,33.3877563865537,51.0347891166449,14.7976986383577,0.969,3.95608738968062,3.43920674799665,0.832442903389189,0.505112958942417
1996-08-05,0.44,517.6,19.57,19.57,1294.4,0.11404033667163861,658.41,27.06629,750.88,3.17552224503765,2.27054970568104,0.715016154973943,0.219528466253919,0.207214753166224,16.85,1.1541095890411,212.45,3.09468317552804,0,-16.0641,4.11759799833194,1.37608385686463,0.451685660266874,1.30108445697626,0.601283991047423,33.3877563865537,51.0347891166449,14.7976986383577,0.969,3.95608738968062,3.43920674799665,0.832442903389189,0.505112958942417
1996-08-06,0.0,533.66,19.74,19.74,1296.07,0.10426545067121244,658.41,27.06629,750.88,3.17552224503765,2.27054970568104,0.715016154973943,0.219528466253919,0.207214753166224,16.85,1.1541095890411,212.45,3.09468317552804,0,-16.0641,4.11759799833194,1.37608385686463,0.451685660266874,1.30108445697626,0.601283991047423,33.3877563865537,51.0347891166449,14.7976986383577,0.969,3.95608738968062,3.43920674799665,0.832442903389189,0.505112958942417
1996-08-07,0.0,507.66,21.44,21.44,1488.85,0.10100715533773705,658.41,27.06629,750.88,3.17552224503765,2.27054970568104,0.715016154973943,0.219528466253919,0.207214753166224,16.85,1.1541095890411,212.45,3.09468317552804,0,-16.0641,4.11759799833194,1.37608385686463,0.451685660266874,1.30108445697626,0.601283991047423,33.3877563865537,51.0347891166449,14.7976986383577,0.969,3.95608738968062,3.43920674799665,0.832442903389189,0.505112958942417
1996-08-08,33.44,344.02,21.75,21.75,1609.51,0.19223942467504793,658.41,27.06629,750.88,3.17552224503765,2.27054970568104,0.715016154973943,0.219528466253919,0.207214753166224,16.85,1.1541095890411,212.45,3.09468317552804,0,-16.0641,4.11759799833194,1.37608385686463,0.451685660266874,1.30108445697626,0.601283991047423,33.3877563865537,51.0347891166449,14.7976986383577,0.969,3.95608738968062,3.43920674799665,0.832442903389189,0.505112958942417
1996-08-09,9.57,416.68,19.23,19.23,1376.71,0.553910206690816,658.41,27.06629,750.88,3.17552224503765,2.27054970568104,0.715016154973943,0.219528466253919,0.207214753166224,16.85,1.1541095890411,212.45,3.09468317552804,0,-16.0641,4.11759799833194,1.37608385686463,0.451685660266874,1.30108445697626,0.601283991047423,33.3877563865537,51.0347891166449,14.7976986383577,0.969,3.95608738968062,3.43920674799665,0.832442903389189,0.505112958942417
1996-08-10,0.2,517.19,15.61,15.61,996.9,0.27043851267845725,658.41,27.06629,750.88,3.17552224503765,2.27054970568104,0.715016154973943,0.219528466253919,0.207214753166224,16.85,1.1541095890411,212.45,3.09468317552804,0,-16.0641,4.11759799833194,1.37608385686463,0.451685660266874,1.30108445697626,0.601283991047423,33.3877563865537,51.0347891166449,14.7976986383577,0.969,3.95608738968062,3.43920674799665,0.832442903389189,0.505112958942417
1996-08-11,0.0,548.59,13.19,13.19,817.04,0.17920624334114638,658.41,27.06629,750.88,3.17552224503765,2.27054970568104,0.715016154973943,0.219528466253919,0.207214753166224,16.85,1.1541095890411,212.45,3.09468317552804,0,-16.0641,4.11759799833194,1.37608385686463,0.451685660266874,1.30108445697626,0.601283991047423,33.3877563865537,51.0347891166449,14.7976986383577,0.969,3.95608738968062,3.43920674799665,0.832442903389189,0.505112958942417
1996-08-12,0.0,537.82,14.49,14.49,881.41,0.14988158533986787,658.41,27.06629,750.88,3.17552224503765,2.27054970568104,0.715016154973943,0.219528466253919,0.207214753166224,16.85,1.1541095890411,212.45,3.09468317552804,0,-16.0641,4.11759799833194,1.37608385686463,0.451685660266874,1.30108445697626,0.601283991047423,33.3877563865537,51.0347891166449,14.7976986383577,0.969,3.95608738968062,3.43920674799665,0.832442903389189,0.505112958942417
1996-08-13,0.0,518.18,14.56,14.56,925.15,0.1401066993394417,658.41,27.06629,750.88,3.17552224503765,2.27054970568104,0.715016154973943,0.219528466253919,0.207214753166224,16.85,1.1541095890411,212.45,3.09468317552804,0,-16.0641,4.11759799833194,1.37608385686463,0.451685660266874,1.30108445697626,0.601283991047423,33.3877563865537,51.0347891166449,14.7976986383577,0.969,3.95608738968062,3.43920674799665,0.832442903389189,0.505112958942417
1996-08-14,0.0,537.93,15.8,15.8,972.1,0.13033181333901556,658.41,27.06629,750.88,3.17552224503765,2.27054970568104,0.715016154973943,0.219528466253919,0.207214753166224,16.85,1.1541095890411,212.45,3.09468317552804,0,-16.0641,4.11759799833194,1.37608385686463,0.451685660266874,1.30108445697626,0.601283991047423,33.3877563865537,51.0347891166449,14.7976986383577,0.969,3.95608738968062,3.43920674799665,0.832442903389189,0.505112958942417
1996-08-15,7.95,399.24,17.31,17.31,1121.22,0.12381522267206477,658.41,27.06629,750.88,3.17552224503765,2.27054970568104,0.715016154973943,0.219528466253919,0.207214753166224,16.85,1.1541095890411,212.45,3.09468317552804,0,-16.0641,4.11759799833194,1.37608385686463,0.451685660266874,1.30108445697626,0.601283991047423,33.3877563865537,51.0347891166449,14.7976986383577,0.969,3.95608738968062,3.43920674799665,0.832442903389189,0.505112958942417
1996-08-16,2.69,371.01,19.76,19.76,1289.2,0.15313988067334328,658.41,27.06629,750.88,3.17552224503765,2.27054970568104,0.715016154973943,0.219528466253919,0.207214753166224,16.85,1.1541095890411,212.45,3.09468317552804,0,-16.0641,4.11759799833194,1.37608385686463,0.451685660266874,1.30108445697626,0.601283991047423,33.3877563865537,51.0347891166449,14.7976986383577,0.969,3.95608738968062,3.43920674799665,0.832442903389189,0.505112958942417
1996-08-17,0.16,481.19,15.71,15.71,1066.86,0.1433649946729171,658.41,27.06629,750.88,3.17552224503765,2.27054970568104,0.715016154973943,0.219528466253919,0.207214753166224,16.85,1.1541095890411,212.45,3.09468317552804,0,-16.0641,4.11759799833194,1.37608385686463,0.451685660266874,1.30108445697626,0.601283991047423,33.3877563865537,51.0347891166449,14.7976986383577,0.969,3.95608738968062,3.43920674799665,0.832442903389189,0.505112958942417
1996-08-18,0.0,499.62,16.18,16.18,1065.51,0.13033181333901556,658.41,27.06629,750.88,3.17552224503765,2.27054970568104,0.715016154973943,0.219528466253919,0.207214753166224,16.85,1.1541095890411,212.45,3.09468317552804,0,-16.0641,4.11759799833194,1.37608385686463,0.451685660266874,1.30108445697626,0.601283991047423,33.3877563865537,51.0347891166449,14.7976986383577,0.969,3.95608738968062,3.43920674799665,0.832442903389189,0.505112958942417
1996-08-19,0.0,521.68,16.57,16.57,1028.79,0.11729863200511399,658.41,27.06629,750.88,3.17552224503765,2.27054970568104,0.715016154973943,0.219528466253919,0.207214753166224,16.85,1.1541095890411,212.45,3.09468317552804,0,-16.0641,4.11759799833194,1.37608385686463,0.451685660266874,1.30108445697626,0.601283991047423,33.3877563865537,51.0347891166449,14.7976986383577,0.969,3.95608738968062,3.43920674799665,0.832442903389189,0.505112958942417
1996-08-20,5.5,395.79,17.34,17.34,1088.78,0.10752374600468782,658.41,27.06629,750.88,3.17552224503765,2.27054970568104,0.715016154973943,0.219528466253919,0.207214753166224,16.85,1.1541095890411,212.45,3.09468317552804,0,-16.0641,4.11759799833194,1.37608385686463,0.451685660266874,1.30108445697626,0.601283991047423,33.3877563865537,51.0347891166449,14.7976986383577,0.969,3.95608738968062,3.43920674799665,0.832442903389189,0.505112958942417
1996-08-21,1.54,436.34,19.31,19.31,1272.28,0.11078204133816322,658.41,27.06629,750.88,3.17552224503765,2.27054970568104,0.715016154973943,0.219528466253919,0.207214753166224,16.85,1.1541095890411,212.45,3.09468317552804,0,-16.0641,4.11759799833194,1.37608385686463,0.451685660266874,1.30108445697626,0.601283991047423,33.3877563865537,51.0347891166449,14.7976986383577,0.969,3.95608738968062,3.43920674799665,0.832442903389189,0.505112958942417
1996-08-22,0.18,451.83,19.28,19.28,1321.95,0.11729863200511399,658.41,27.06629,750.88,3.17552224503765,2.27054970568104,0.715016154973943,0.219528466253919,0.207214753166224,16.85,1.1541095890411,212.45,3.09468317552804,0,-16.0641,4.11759799833194,1.37608385686463,0.451685660266874,1.30108445697626,0.601283991047423,33.3877563865537,51.0347891166449,14.7976986383577,0.969,3.95608738968062,3.43920674799665,0.832442903389189,0.505112958942417
1996-08-23,4.36,341.43,20.12,20.12,1467.41,0.10752374600468782,658.41,27.06629,750.88,3.17552224503765,2.27054970568104,0.715016154973943,0.219528466253919,0.207214753166224,16.85,1.1541095890411,212.45,3.09468317552804,0,-16.0641,4.11759799833194,1.37608385686463,0.451685660266874,1.30108445697626,0.601283991047423,33.3877563865537,51.0347891166449,14.7976986383577,0.969,3.95608738968062,3.43920674799665,0.832442903389189,0.505112958942417
1996-08-24,1.16,393.09,19.57,19.57,1392.2,0.11729863200511399,658.41,27.06629,750.88,3.17552224503765,2.27054970568104,0.715016154973943,0.219528466253919,0.207214753166224,16.85,1.1541095890411,212.45,3.09468317552804,0,-16.0641,4.11759799833194,1.37608385686463,0.451685660266874,1.30108445697626,0.601283991047423,33.3877563865537,51.0347891166449,14.7976986383577,0.969,3.95608738968062,3.43920674799665,0.832442903389189,0.505112958942417
1996-08-25,0.01,514.91,15.92,15.92,1012.94,0.11729863200511399,658.41,27.06629,750.88,3.17552224503765,2.27054970568104,0.715016154973943,0.219528466253919,0.207214753166224,16.85,1.1541095890411,212.45,3.09468317552804,0,-16.0641,4.11759799833194,1.37608385686463,0.451685660266874,1.30108445697626,0.601283991047423,33.3877563865537,51.0347891166449,14.7976986383577,0.969,3.95608738968062,3.43920674799665,0.832442903389189,0.505112958942417
1996-08-26,0.0,509.62,17.16,17.16,1066.23,0.10100715533773705,658.41,27.06629,750.88,3.17552224503765,2.27054970568104,0.715016154973943,0.219528466253919,0.207214753166224,16.85,1.1541095890411,212.45,3.09468317552804,0,-16.0641,4.11759799833194,1.37608385686463,0.451685660266874,1.30108445697626,0.601283991047423,33.3877563865537,51.0347891166449,14.7976986383577,0.969,3.95608738968062,3.43920674799665,0.832442903389189,0.505112958942417
1996-08-27,1.01,367.31,17.82,17.82,1191.7,0.09123226933731088,658.41,27.06629,750.88,3.17552224503765,2.27054970568104,0.715016154973943,0.219528466253919,0.207214753166224,16.85,1.1541095890411,212.45,3.09468317552804,0,-16.0641,4.11759799833194,1.37608385686463,0.451685660266874,1.30108445697626,0.601283991047423,33.3877563865537,51.0347891166449,14.7976986383577,0.969,3.95608738968062,3.43920674799665,0.832442903389189,0.505112958942417
1996-08-28,0.33,342.71,17.45,17.45,1223.43,0.0847156786703601,658.41,27.06629,750.88,3.17552224503765,2.27054970568104,0.715016154973943,0.219528466253919,0.207214753166224,16.85,1.1541095890411,212.45,3.09468317552804,0,-16.0641,4.11759799833194,1.37608385686463,0.451685660266874,1.30108445697626,0.601283991047423,33.3877563865537,51.0347891166449,14.7976986383577,0.969,3.95608738968062,3.43920674799665,0.832442903389189,0.505112958942417
1996-08-29,0.02,457.41,16.42,16.42,1117.55,0.08797397400383548,658.41,27.06629,750.88,3.17552224503765,2.27054970568104,0.715016154973943,0.219528466253919,0.207214753166224,16.85,1.1541095890411,212.45,3.09468317552804,0,-16.0641,4.11759799833194,1.37608385686463,0.451685660266874,1.30108445697626,0.601283991047423,33.3877563865537,51.0347891166449,14.7976986383577,0.969,3.95608738968062,3.43920674799665,0.832442903389189,0.505112958942417
1996-08-30,0.0,486.62,15.8,15.8,1012.75,0.08797397400383548,658.41,27.06629,750.88,3.17552224503765,2.27054970568104,0.715016154973943,0.219528466253919,0.207214753166224,16.85,1.1541095890411,212.45,3.09468317552804,0,-16.0641,4.11759799833194,1.37608385686463,0.451685660266874,1.30108445697626,0.601283991047423,33.3877563865537,51.0347891166449,14.7976986383577,0.969,3.95608738968062,3.43920674799665,0.832442903389189,0.505112958942417
1996-08-31,0.0,501.2,15.02,15.02,938.8,0.0847156786703601,658.41,27.06629,750.88,3.17552224503765,2.27054970568104,0.715016154973943,0.219528466253919,0.207214753166224,16.85,1.1541095890411,212.45,3.09468317552804,0,-16.0641,4.11759799833194,1.37608385686463,0.451685660266874,1.30108445697626,0.601283991047423,33.3877563865537,51.0347891166449,14.7976986383577,0.969,3.95608738968062,3.43920674799665,0.832442903389189,0.505112958942417
1996-09-01,0.0,497.67,16.34,16.34,1008.62,0.07819908800340933,658.41,27.06629,750.88,3.17552224503765,2.27054970568104,0.715016154973943,0.219528466253919,0.207214753166224,16.85,1.1541095890411,212.45,3.09468317552804,0,-16.0641,4.11759799833194,1.37608385686463,0.451685660266874,1.30108445697626,0.601283991047423,33.3877563865537,51.0347891166449,14.7976986383577,0.969,3.95608738968062,3.43920674799665,0.832442903389189,0.505112958942417
1996-09-02,0.0,489.35,17.15,17.15,1062.02,0.07494079266993393,658.41,27.06629,750.88,3.17552224503765,2.27054970568104,0.715016154973943,0.219528466253919,0.207214753166224,16.85,1.1541095890411,212.45,3.09468317552804,0,-16.0641,4.11759799833194,1.37608385686463,0.451685660266874,1.30108445697626,0.601283991047423,33.3877563865537,51.0347891166449,14.7976986383577,0.969,3.95608738968062,3.43920674799665,0.832442903389189,0.505112958942417
1996-09-03,0.0,487.63,17.56,17.56,1110.94,0.07168249733645855,658.41,27.06629,750.88,3.17552224503765,2.27054970568104,0.715016154973943,0.219528466253919,0.207214753166224,16.85,1.1541095890411,212.45,3.09468317552804,0,-16.0641,4.11759799833194,1.37608385686463,0.451685660266874,1.30108445697626,0.601283991047423,33.3877563865537,51.0347891166449,14.7976986383577,0.969,3.95608738968062,3.43920674799665,0.832442903389189,0.505112958942417
1996-09-04,4.9,337.52,17.75,17.75,1242.79,0.07168249733645855,658.41,27.06629,750.88,3.17552224503765,2.27054970568104,0.715016154973943,0.219528466253919,0.207214753166224,16.85,1.1541095890411,212.45,3.09468317552804,0,-16.0641,4.11759799833194,1.37608385686463,0.451685660266874,1.30108445697626,0.601283991047423,33.3877563865537,51.0347891166449,14.7976986383577,0.969,3.95608738968062,3.43920674799665,0.832442903389189,0.505112958942417
1996-09-05,7.39,314.83,17.94,17.94,1369.15,0.09123226933731088,658.41,27.06629,750.88,3.17552224503765,2.27054970568104,0.715016154973943,0.219528466253919,0.207214753166224,16.85,1.1541095890411,212.45,3.09468317552804,0,-16.0641,4.11759799833194,1.37608385686463,0.451685660266874,1.30108445697626,0.601283991047423,33.3877563865537,51.0347891166449,14.7976986383577,0.969,3.95608738968062,3.43920674799665,0.832442903389189,0.505112958942417
1996-09-06,12.3,281.97,19.37,19.37,1538.69,0.11729863200511399,658.41,27.06629,750.88,3.17552224503765,2.27054970568104,0.715016154973943,0.219528466253919,0.207214753166224,16.85,1.1541095890411,212.45,3.09468317552804,0,-16.0641,4.11759799833194,1.37608385686463,0.451685660266874,1.30108445697626,0.601283991047423,33.3877563865537,51.0347891166449,14.7976986383577,0.969,3.95608738968062,3.43920674799665,0.832442903389189,0.505112958942417
1996-09-07,5.97,253.86,18.62,18.62,1559.1,0.16291476667376945,658.41,27.06629,750.88,3.17552224503765,2.27054970568104,0.715016154973943,0.219528466253919,0.207214753166224,16.85,1.1541095890411,212.45,3.09468317552804,0,-16.0641,4.11759799833194,1.37608385686463,0.451685660266874,1.30108445697626,0.601283991047423,33.3877563865537,51.0347891166449,14.7976986383577,0.969,3.95608738968062,3.43920674799665,0.832442903389189,0.505112958942417
1996-09-08,2.48,136.29,17.79,17.79,1574.6,0.20527260600894948,658.41,27.06629,750.88,3.17552224503765,2.27054970568104,0.715016154973943,0.219528466253919,0.207214753166224,16.85,1.1541095890411,212.45,3.09468317552804,0,-16.0641,4.11759799833194,1.37608385686463,0.451685660266874,1.30108445697626,0.601283991047423,33.3877563865537,51.0347891166449,14.7976986383577,0.969,3.95608738968062,3.43920674799665,0.832442903389189,0.505112958942417
1996-09-09,6.17,264.01,15.07,15.07,1280.76,0.15639817600681866,658.41,27.06629,750.88,3.17552224503765,2.27054970568104,0.715016154973943,0.219528466253919,0.207214753166224,16.85,1.1541095890411,212.45,3.09468317552804,0,-16.0641,4.11759799833194,1.37608385686463,0.451685660266874,1.30108445697626,0.601283991047423,33.3877563865537,51.0347891166449,14.7976986383577,0.969,3.95608738968062,3.43920674799665,0.832442903389189,0.505112958942417
1996-09-10,2.12,330.67,16.89,16.89,1320.81,0.13684840400596632,658.41,27.06629,750.88,3.17552224503765,2.27054970568104,0.715016154973943,0.219528466253919,0.207214753166224,16.85,1.1541095890411,212.45,3.09468317552804,0,-16.0641,4.11759799833194,1.37608385686463,0.451685660266874,1.30108445697626,0.601283991047423,33.3877563865537,51.0347891166449,14.7976986383577,0.969,3.95608738968062,3.43920674799665,0.832442903389189,0.505112958942417
1996-09-11,0.45,355.46,17.79,17.79,1365.94,0.12381522267206477,658.41,27.06629,750.88,3.17552224503765,2.27054970568104,0.715016154973943,0.219528466253919,0.207214753166224,16.85,1.1541095890411,212.45,3.09468317552804,0,-16.0641,4.11759799833194,1.37608385686463,0.451685660266874,1.30108445697626,0.601283991047423,33.3877563865537,51.0347891166449,14.7976986383577,0.969,3.95608738968062,3.43920674799665,0.832442903389189,0.505112958942417
1996-09-12,32.98,286.16,16.9,16.9,1316.88,0.1694313573407202,658.41,27.06629,750.88,3.17552224503765,2.27054970568104,0.715016154973943,0.219528466253919,0.207214753166224,16.85,1.1541095890411,212.45,3.09468317552804,0,-16.0641,4.11759799833194,1.37608385686463,0.451685660266874,1.30108445697626,0.601283991047423,33.3877563865537,51.0347891166449,14.7976986383577,0.969,3.95608738968062,3.43920674799665,0.832442903389189,0.505112958942417
1996-09-13,24.18,183.46,14.44,14.44,1229.78,2.3850721841039846,658.41,27.06629,750.88,3.17552224503765,2.27054970568104,0.715016154973943,0.219528466253919,0.207214753166224,16.85,1.1541095890411,212.45,3.09468317552804,0,-16.0641,4.11759799833194,1.37608385686463,0.451685660266874,1.30108445697626,0.601283991047423,33.3877563865537,51.0347891166449,14.7976986383577,0.969,3.95608738968062,3.43920674799665,0.832442903389189,0.505112958942417
1996-09-14,4.28,198.42,11.33,11.33,1073.68,1.3359010867249093,658.41,27.06629,750.88,3.17552224503765,2.27054970568104,0.715016154973943,0.219528466253919,0.207214753166224,16.85,1.1541095890411,212.45,3.09468317552804,0,-16.0641,4.11759799833194,1.37608385686463,0.451685660266874,1.30108445697626,0.601283991047423,33.3877563865537,51.0347891166449,14.7976986383577,0.969,3.95608738968062,3.43920674799665,0.832442903389189,0.505112958942417
1996-09-15,0.96,151.69,11.27,11.27,1106.88,0.5832348646920946,658.41,27.06629,750.88,3.17552224503765,2.27054970568104,0.715016154973943,0.219528466253919,0.207214753166224,16.85,1.1541095890411,212.45,3.09468317552804,0,-16.0641,4.11759799833194,1.37608385686463,0.451685660266874,1.30108445697626,0.601283991047423,33.3877563865537,51.0347891166449,14.7976986383577,0.969,3.95608738968062,3.43920674799665,0.832442903389189,0.505112958942417
1996-09-16,7.26,196.37,12.06,12.06,1135.02,0.4366115746857021,658.41,27.06629,750.88,3.17552224503765,2.27054970568104,0.715016154973943,0.219528466253919,0.207214753166224,16.85,1.1541095890411,212.45,3.09468317552804,0,-16.0641,4.11759799833194,1.37608385686463,0.451685660266874,1.30108445697626,0.601283991047423,33.3877563865537,51.0347891166449,14.7976986383577,0.969,3.95608738968062,3.43920674799665,0.832442903389189,0.505112958942417
1996-09-17,15.85,190.03,12.09,12.09,1136.68,0.9677137140421904,658.41,27.06629,750.88,3.17552224503765,2.27054970568104,0.715016154973943,0.219528466253919,0.207214753166224,16.85,1.1541095890411,212.45,3.09468317552804,0,-16.0641,4.11759799833194,1.37608385686463,0.451685660266874,1.30108445697626,0.601283991047423,33.3877563865537,51.0347891166449,14.7976986383577,0.969,3.95608738968062,3.43920674799665,0.832442903389189,0.505112958942417
1996-09-18,3.8,269.32,13.12,13.12,1123.04,2.851008416790965,658.41,27.06629,750.88,3.17552224503765,2.27054970568104,0.715016154973943,0.219528466253919,0.207214753166224,16.85,1.1541095890411,212.45,3.09468317552804,0,-16.0641,4.11759799833194,1.37608385686463,0.451685660266874,1.30108445697626,0.601283991047423,33.3877563865537,51.0347891166449,14.7976986383577,0.969,3.95608738968062,3.43920674799665,0.832442903389189,0.505112958942417
1996-09-19,0.03,458.65,10.97,10.97,819.43,1.1273701853824845,658.41,27.06629,750.88,3.17552224503765,2.27054970568104,0.715016154973943,0.219528466253919,0.207214753166224,16.85,1.1541095890411,212.45,3.09468317552804,0,-16.0641,4.11759799833194,1.37608385686463,0.451685660266874,1.30108445697626,0.601283991047423,33.3877563865537,51.0347891166449,14.7976986383577,0.969,3.95608738968062,3.43920674799665,0.832442903389189,0.505112958942417
1996-09-20,0.0,461.21,10.97,10.97,748.65,0.772215994033667,658.41,27.06629,750.88,3.17552224503765,2.27054970568104,0.715016154973943,0.219528466253919,0.207214753166224,16.85,1.1541095890411,212.45,3.09468317552804,0,-16.0641,4.11759799833194,1.37608385686463,0.451685660266874,1.30108445697626,0.601283991047423,33.3877563865537,51.0347891166449,14.7976986383577,0.969,3.95608738968062,3.43920674799665,0.832442903389189,0.505112958942417
1996-09-21,0.0,462.16,11.91,11.91,790.04,0.6093012273598977,658.41,27.06629,750.88,3.17552224503765,2.27054970568104,0.715016154973943,0.219528466253919,0.207214753166224,16.85,1.1541095890411,212.45,3.09468317552804,0,-16.0641,4.11759799833194,1.37608385686463,0.451685660266874,1.30108445697626,0.601283991047423,33.3877563865537,51.0347891166449,14.7976986383577,0.969,3.95608738968062,3.43920674799665,0.832442903389189,0.505112958942417
1996-09-22,6.09,326.09,13.68,13.68,940.07,0.5180689580225868,658.41,27.06629,750.88,3.17552224503765,2.27054970568104,0.715016154973943,0.219528466253919,0.207214753166224,16.85,1.1541095890411,212.45,3.09468317552804,0,-16.0641,4.11759799833194,1.37608385686463,0.451685660266874,1.30108445697626,0.601283991047423,33.3877563865537,51.0347891166449,14.7976986383577,0.969,3.95608738968062,3.43920674799665,0.832442903389189,0.505112958942417
1996-09-23,1.65,336.34,11.67,11.67,903.8,0.5832348646920946,658.41,27.06629,750.88,3.17552224503765,2.27054970568104,0.715016154973943,0.219528466253919,0.207214753166224,16.85,1.1541095890411,212.45,3.09468317552804,0,-16.0641,4.11759799833194,1.37608385686463,0.451685660266874,1.30108445697626,0.601283991047423,33.3877563865537,51.0347891166449,14.7976986383577,0.969,3.95608738968062,3.43920674799665,0.832442903389189,0.505112958942417
1996-09-24,2.08,316.34,7.81,7.81,721.26,0.46593623268698053,658.41,27.06629,750.88,3.17552224503765,2.27054970568104,0.715016154973943,0.219528466253919,0.207214753166224,16.85,1.1541095890411,212.45,3.09468317552804,0,-16.0641,4.11759799833194,1.37608385686463,0.451685660266874,1.30108445697626,0.601283991047423,33.3877563865537,51.0347891166449,14.7976986383577,0.969,3.95608738968062,3.43920674799665,0.832442903389189,0.505112958942417
1996-09-25,1.55,264.1,8.17,8.17,761.01,0.42357839335180053,658.41,27.06629,750.88,3.17552224503765,2.27054970568104,0.715016154973943,0.219528466253919,0.207214753166224,16.85,1.1541095890411,212.45,3.09468317552804,0,-16.0641,4.11759799833194,1.37608385686463,0.451685660266874,1.30108445697626,0.601283991047423,33.3877563865537,51.0347891166449,14.7976986383577,0.969,3.95608738968062,3.43920674799665,0.832442903389189,0.505112958942417
1996-09-26,0.27,419.29,8.13,8.13,752.2,0.38122055401662047,658.41,27.06629,750.88,3.17552224503765,2.27054970568104,0.715016154973943,0.219528466253919,0.207214753166224,16.85,1.1541095890411,212.45,3.09468317552804,0,-16.0641,4.11759799833194,1.37608385686463,0.451685660266874,1.30108445697626,0.601283991047423,33.3877563865537,51.0347891166449,14.7976986383577,0.969,3.95608738968062,3.43920674799665,0.832442903389189,0.505112958942417
1996-09-27,3.08,274.1,11.24,11.24,1021.8,0.33560441934796503,658.41,27.06629,750.88,3.17552224503765,2.27054970568104,0.715016154973943,0.219528466253919,0.207214753166224,16.85,1.1541095890411,212.45,3.09468317552804,0,-16.0641,4.11759799833194,1.37608385686463,0.451685660266874,1.30108445697626,0.601283991047423,33.3877563865537,51.0347891166449,14.7976986383577,0.969,3.95608738968062,3.43920674799665,0.832442903389189,0.505112958942417
1996-09-28,25.53,122.32,15.34,15.34,1372.58,1.4662329000639247,658.41,27.06629,750.88,3.17552224503765,2.27054970568104,0.715016154973943,0.219528466253919,0.207214753166224,16.85,1.1541095890411,212.45,3.09468317552804,0,-16.0641,4.11759799833194,1.37608385686463,0.451685660266874,1.30108445697626,0.601283991047423,33.3877563865537,51.0347891166449,14.7976986383577,0.969,3.95608738968062,3.43920674799665,0.832442903389189,0.505112958942417
1996-09-29,6.57,348.55,11.58,11.58,992.75,3.486376006818666,658.41,27.06629,750.88,3.17552224503765,2.27054970568104,0.715016154973943,0.219528466253919,0.207214753166224,16.85,1.1541095890411,212.45,3.09468317552804,0,-16.0641,4.11759799833194,1.37608385686463,0.451685660266874,1.30108445697626,0.601283991047423,33.3877563865537,51.0347891166449,14.7976986383577,0.969,3.95608738968062,3.43920674799665,0.832442903389189,0.505112958942417
1996-09-30,0.02,395.79,10.26,10.26,848.09,1.4303916513956956,658.41,27.06629,750.88,3.17552224503765,2.27054970568104,0.715016154973943,0.219528466253919,0.207214753166224,16.85,1.1541095890411,212.45,3.09468317552804,0,-16.0641,4.11759799833194,1.37608385686463,0.451685660266874,1.30108445697626,0.601283991047423,33.3877563865537,51.0347891166449,14.7976986383577,0.969,3.95608738968062,3.43920674799665,0.832442903389189,0.505112958942417
1996-10-01,0.67,325.74,11.73,11.73,877.98,1.0687208693799275,658.41,27.06629,750.88,3.17552224503765,2.27054970568104,0.715016154973943,0.219528466253919,0.207214753166224,16.85,1.1541095890411,212.45,3.09468317552804,0,-16.0641,4.11759799833194,1.37608385686463,0.451685660266874,1.30108445697626,0.601283991047423,33.3877563865537,51.0347891166449,14.7976986383577,0.969,3.95608738968062,3.43920674799665,0.832442903389189,0.505112958942417
1996-10-02,1.25,296.56,13.8,13.8,971.56,0.8797397400383549,658.41,27.06629,750.88,3.17552224503765,2.27054970568104,0.715016154973943,0.219528466253919,0.207214753166224,16.85,1.1541095890411,212.45,3.09468317552804,0,-16.0641,4.11759799833194,1.37608385686463,0.451685660266874,1.30108445697626,0.601283991047423,33.3877563865537,51.0347891166449,14.7976986383577,0.969,3.95608738968062,3.43920674799665,0.832442903389189,0.505112958942417
1996-10-03,0.3,405.66,9.87,9.87,701.01,0.8113155380353717,658.41,27.06629,750.88,3.17552224503765,2.27054970568104,0.715016154973943,0.219528466253919,0.207214753166224,16.85,1.1541095890411,212.45,3.09468317552804,0,-16.0641,4.11759799833194,1.37608385686463,0.451685660266874,1.30108445697626,0.601283991047423,33.3877563865537,51.0347891166449,14.7976986383577,0.969,3.95608738968062,3.43920674799665,0.832442903389189,0.505112958942417
1996-10-04,0.0,420.62,3.96,3.96,460.6,0.6744671340294054,658.41,27.06629,750.88,3.17552224503765,2.27054970568104,0.715016154973943,0.219528466253919,0.207214753166224,16.85,1.1541095890411,212.45,3.09468317552804,0,-16.0641,4.11759799833194,1.37608385686463,0.451685660266874,1.30108445697626,0.601283991047423,33.3877563865537,51.0347891166449,14.7976986383577,0.969,3.95608738968062,3.43920674799665,0.832442903389189,0.505112958942417
1996-10-05,0.0,422.58,3.13,3.13,446.64,0.5767182740251438,658.41,27.06629,750.88,3.17552224503765,2.27054970568104,0.715016154973943,0.219528466253919,0.207214753166224,16.85,1.1541095890411,212.45,3.09468317552804,0,-16.0641,4.11759799833194,1.37608385686463,0.451685660266874,1.30108445697626,0.601283991047423,33.3877563865537,51.0347891166449,14.7976986383577,0.969,3.95608738968062,3.43920674799665,0.832442903389189,0.505112958942417
1996-10-06,0.0,411.23,6.07,6.07,568.1,0.511552367355636,658.41,27.06629,750.88,3.17552224503765,2.27054970568104,0.715016154973943,0.219528466253919,0.207214753166224,16.85,1.1541095890411,212.45,3.09468317552804,0,-16.0641,4.11759799833194,1.37608385686463,0.451685660266874,1.30108445697626,0.601283991047423,33.3877563865537,51.0347891166449,14.7976986383577,0.969,3.95608738968062,3.43920674799665,0.832442903389189,0.505112958942417
1996-10-07,0.0,409.45,9.61,9.61,690.14,0.46593623268698053,658.41,27.06629,750.88,3.17552224503765,2.27054970568104,0.715016154973943,0.219528466253919,0.207214753166224,16.85,1.1541095890411,212.45,3.09468317552804,0,-16.0641,4.11759799833194,1.37608385686463,0.451685660266874,1.30108445697626,0.601283991047423,33.3877563865537,51.0347891166449,14.7976986383577,0.969,3.95608738968062,3.43920674799665,0.832442903389189,0.505112958942417
1996-10-08,2.17,301.17,11.1,11.1,744.72,0.42357839335180053,658.41,27.06629,750.88,3.17552224503765,2.27054970568104,0.715016154973943,0.219528466253919,0.207214753166224,16.85,1.1541095890411,212.45,3.09468317552804,0,-16.0641,4.11759799833194,1.37608385686463,0.451685660266874,1.30108445697626,0.601283991047423,33.3877563865537,51.0347891166449,14.7976986383577,0.969,3.95608738968062,3.43920674799665,0.832442903389189,0.505112958942417
1996-10-09,3.63,274.2,9.64,9.64,775.95,0.4040286213509482,658.41,27.06629,750.88,3.17552224503765,2.27054970568104,0.715016154973943,0.219528466253919,0.207214753166224,16.85,1.1541095890411,212.45,3.09468317552804,0,-16.0641,4.11759799833194,1.37608385686463,0.451685660266874,1.30108445697626,0.601283991047423,33.3877563865537,51.0347891166449,14.7976986383577,0.969,3.95608738968062,3.43920674799665,0.832442903389189,0.505112958942417
1996-10-10,2.08,234.33,9.25,9.25,807.55,0.46919452802045597,658.41,27.06629,750.88,3.17552224503765,2.27054970568104,0.715016154973943,0.219528466253919,0.207214753166224,16.85,1.1541095890411,212.45,3.09468317552804,0,-16.0641,4.11759799833194,1.37608385686463,0.451685660266874,1.30108445697626,0.601283991047423,33.3877563865537,51.0347891166449,14.7976986383577,0.969,3.95608738968062,3.43920674799665,0.832442903389189,0.505112958942417
1996-10-11,0.42,232.09,4.94,4.94,611.91,0.45616134668655445,658.41,27.06629,750.88,3.17552224503765,2.27054970568104,0.715016154973943,0.219528466253919,0.207214753166224,16.85,1.1541095890411,212.45,3.09468317552804,0,-16.0641,4.11759799833194,1.37608385686463,0.451685660266874,1.30108445697626,0.601283991047423,33.3877563865537,51.0347891166449,14.7976986383577,0.969,3.95608738968062,3.43920674799665,0.832442903389189,0.505112958942417
1996-10-12,0.03,349.36,2.74,2.74,499.57,0.3909954400170466,658.41,27.06629,750.88,3.17552224503765,2.27054970568104,0.715016154973943,0.219528466253919,0.207214753166224,16.85,1.1541095890411,212.45,3.09468317552804,0,-16.0641,4.11759799833194,1.37608385686463,0.451685660266874,1.30108445697626,0.601283991047423,33.3877563865537,51.0347891166449,14.7976986383577,0.969,3.95608738968062,3.43920674799665,0.832442903389189,0.505112958942417
1996-10-13,0.19,334.38,8.23,8.23,721.56,0.3486376006818666,658.41,27.06629,750.88,3.17552224503765,2.27054970568104,0.715016154973943,0.219528466253919,0.207214753166224,16.85,1.1541095890411,212.45,3.09468317552804,0,-16.0641,4.11759799833194,1.37608385686463,0.451685660266874,1.30108445697626,0.601283991047423,33.3877563865537,51.0347891166449,14.7976986383577,0.969,3.95608738968062,3.43920674799665,0.832442903389189,0.505112958942417
1996-10-14,0.05,329.32,13.76,13.76,965.42,0.3193129426805881,658.41,27.06629,750.88,3.17552224503765,2.27054970568104,0.715016154973943,0.219528466253919,0.207214753166224,16.85,1.1541095890411,212.45,3.09468317552804,0,-16.0641,4.11759799833194,1.37608385686463,0.451685660266874,1.30108445697626,0.601283991047423,33.3877563865537,51.0347891166449,14.7976986383577,0.969,3.95608738968062,3.43920674799665,0.832442903389189,0.505112958942417
1996-10-15,0.0,383.38,6.62,6.62,570.83,0.293246580012785,658.41,27.06629,750.88,3.17552224503765,2.27054970568104,0.715016154973943,0.219528466253919,0.207214753166224,16.85,1.1541095890411,212.45,3.09468317552804,0,-16.0641,4.11759799833194,1.37608385686463,0.451685660266874,1.30108445697626,0.601283991047423,33.3877563865537,51.0347891166449,14.7976986383577,0.969,3.95608738968062,3.43920674799665,0.832442903389189,0.505112958942417
1996-10-16,0.0,374.33,7.88,7.88,641.59,0.27369680801193264,658.41,27.06629,750.88,3.17552224503765,2.27054970568104,0.715016154973943,0.219528466253919,0.207214753166224,16.85,1.1541095890411,212.45,3.09468317552804,0,-16.0641,4.11759799833194,1.37608385686463,0.451685660266874,1.30108445697626,0.601283991047423,33.3877563865537,51.0347891166449,14.7976986383577,0.969,3.95608738968062,3.43920674799665,0.832442903389189,0.505112958942417
1996-10-17,0.0,353.05,12.87,12.87,899.21,0.2606636266780311,658.41,27.06629,750.88,3.17552224503765,2.27054970568104,0.715016154973943,0.219528466253919,0.207214753166224,16.85,1.1541095890411,212.45,3.09468317552804,0,-16.0641,4.11759799833194,1.37608385686463,0.451685660266874,1.30108445697626,0.601283991047423,33.3877563865537,51.0347891166449,14.7976986383577,0.969,3.95608738968062,3.43920674799665,0.832442903389189,0.505112958942417
1996-10-18,32.91,248.47,12.73,12.73,916.24,0.276955103345408,658.41,27.06629,750.88,3.17552224503765,2.27054970568104,0.715016154973943,0.219528466253919,0.207214753166224,16.85,1.1541095890411,212.45,3.09468317552804,0,-16.0641,4.11759799833194,1.37608385686463,0.451685660266874,1.30108445697626,0.601283991047423,33.3877563865537,51.0347891166449,14.7976986383577,0.969,3.95608738968062,3.43920674799665,0.832442903389189,0.505112958942417
1996-10-19,35.23,257.19,10.08,10.08,786.26,9.937800767099935,658.41,27.06629,750.88,3.17552224503765,2.27054970568104,0.715016154973943,0.219528466253919,0.207214753166224,16.85,1.1541095890411,212.45,3.09468317552804,0,-16.0641,4.11759799833194,1.37608385686463,0.451685660266874,1.30108445697626,0.601283991047423,33.3877563865537,51.0347891166449,14.7976986383577,0.969,3.95608738968062,3.43920674799665,0.832442903389189,0.505112958942417
1996-10-20,14.17,151.42,7.71,7.71,792.62,11.957943873854676,658.41,27.06629,750.88,3.17552224503765,2.27054970568104,0.715016154973943,0.219528466253919,0.207214753166224,16.85,1.1541095890411,212.45,3.09468317552804,0,-16.0641,4.11759799833194,1.37608385686463,0.451685660266874,1.30108445697626,0.601283991047423,33.3877563865537,51.0347891166449,14.7976986383577,0.969,3.95608738968062,3.43920674799665,0.832442903389189,0.505112958942417
1996-10-21,7.89,138.93,7.17,7.17,826.17,9.05806102706158,658.41,27.06629,750.88,3.17552224503765,2.27054970568104,0.715016154973943,0.219528466253919,0.207214753166224,16.85,1.1541095890411,212.45,3.09468317552804,0,-16.0641,4.11759799833194,1.37608385686463,0.451685660266874,1.30108445697626,0.601283991047423,33.3877563865537,51.0347891166449,14.7976986383577,0.969,3.95608738968062,3.43920674799665,0.832442903389189,0.505112958942417
1996-10-22,1.58,237.79,7.67,7.67,832.55,6.940169060302577,658.41,27.06629,750.88,3.17552224503765,2.27054970568104,0.715016154973943,0.219528466253919,0.207214753166224,16.85,1.1541095890411,212.45,3.09468317552804,0,-16.0641,4.11759799833194,1.37608385686463,0.451685660266874,1.30108445697626,0.601283991047423,33.3877563865537,51.0347891166449,14.7976986383577,0.969,3.95608738968062,3.43920674799665,0.832442903389189,0.505112958942417
1996-10-23,0.33,213.62,9.74,9.74,893.0,4.659362326869806,658.41,27.06629,750.88,3.17552224503765,2.27054970568104,0.715016154973943,0.219528466253919,0.207214753166224,16.85,1.1541095890411,212.45,3.09468317552804,0,-16.0641,4.11759799833194,1.37608385686463,0.451685660266874,1.30108445697626,0.601283991047423,33.3877563865537,51.0347891166449,14.7976986383577,0.969,3.95608738968062,3.43920674799665,0.832442903389189,0.505112958942417
1996-10-24,0.11,240.49,10.36,10.36,862.69,3.486376006818666,658.41,27.06629,750.88,3.17552224503765,2.27054970568104,0.715016154973943,0.219528466253919,0.207214753166224,16.85,1.1541095890411,212.45,3.09468317552804,0,-16.0641,4.11759799833194,1.37608385686463,0.451685660266874,1.30108445697626,0.601283991047423,33.3877563865537,51.0347891166449,14.7976986383577,0.969,3.95608738968062,3.43920674799665,0.832442903389189,0.505112958942417
1996-10-25,0.01,321.86,6.91,6.91,656.41,2.6750604687832937,658.41,27.06629,750.88,3.17552224503765,2.27054970568104,0.715016154973943,0.219528466253919,0.207214753166224,16.85,1.1541095890411,212.45,3.09468317552804,0,-16.0641,4.11759799833194,1.37608385686463,0.451685660266874,1.30108445697626,0.601283991047423,33.3877563865537,51.0347891166449,14.7976986383577,0.969,3.95608738968062,3.43920674799665,0.832442903389189,0.505112958942417
1996-10-26,0.0,340.27,7.94,7.94,639.36,2.0918256040911998,658.41,27.06629,750.88,3.17552224503765,2.27054970568104,0.715016154973943,0.219528466253919,0.207214753166224,16.85,1.1541095890411,212.45,3.09468317552804,0,-16.0641,4.11759799833194,1.37608385686463,0.451685660266874,1.30108445697626,0.601283991047423,33.3877563865537,51.0347891166449,14.7976986383577,0.969,3.95608738968062,3.43920674799665,0.832442903389189,0.505112958942417
1996-10-27,0.57,247.72,9.72,9.72,738.41,1.7334131174089067,658.41,27.06629,750.88,3.17552224503765,2.27054970568104,0.715016154973943,0.219528466253919,0.207214753166224,16.85,1.1541095890411,212.45,3.09468317552804,0,-16.0641,4.11759799833194,1.37608385686463,0.451685660266874,1.30108445697626,0.601283991047423,33.3877563865537,51.0347891166449,14.7976986383577,0.969,3.95608738968062,3.43920674799665,0.832442903389189,0.505112958942417
1996-10-28,0.99,197.21,10.37,10.37,826.4,1.6063395994033667,658.41,27.06629,750.88,3.17552224503765,2.27054970568104,0.715016154973943,0.219528466253919,0.207214753166224,16.85,1.1541095890411,212.45,3.09468317552804,0,-16.0641,4.11759799833194,1.37608385686463,0.451685660266874,1.30108445697626,0.601283991047423,33.3877563865537,51.0347891166449,14.7976986383577,0.969,3.95608738968062,3.43920674799665,0.832442903389189,0.505112958942417
1996-10-29,3.41,240.34,5.0,5.0,569.97,1.4434248327295973,658.41,27.06629,750.88,3.17552224503765,2.27054970568104,0.715016154973943,0.219528466253919,0.207214753166224,16.85,1.1541095890411,212.45,3.09468317552804,0,-16.0641,4.11759799833194,1.37608385686463,0.451685660266874,1.30108445697626,0.601283991047423,33.3877563865537,51.0347891166449,14.7976986383577,0.969,3.95608738968062,3.43920674799665,0.832442903389189,0.505112958942417
1996-10-30,9.45,228.32,6.81,6.81,646.03,2.929207504794374,658.41,27.06629,750.88,3.17552224503765,2.27054970568104,0.715016154973943,0.219528466253919,0.207214753166224,16.85,1.1541095890411,212.45,3.09468317552804,0,-16.0641,4.11759799833194,1.37608385686463,0.451685660266874,1.30108445697626,0.601283991047423,33.3877563865537,51.0347891166449,14.7976986383577,0.969,3.95608738968062,3.43920674799665,0.832442903389189,0.505112958942417
1996-10-31,2.27,228.83,7.03,7.03,703.32,2.5349537694438524,658.41,27.06629,750.88,3.17552224503765,2.27054970568104,0.715016154973943,0.219528466253919,0.207214753166224,16.85,1.1541095890411,212.45,3.09468317552804,0,-16.0641,4.11759799833194,1.37608385686463,0.451685660266874,1.30108445697626,0.601283991047423,33.3877563865537,51.0347891166449,14.7976986383577,0.969,3.95608738968062,3.43920674799665,0.832442903389189,0.505112958942417
1996-11-01,0.03,188.78,3.7,3.7,592.86,1.7855458427445128,658.41,27.06629,750.88,3.17552224503765,2.27054970568104,0.715016154973943,0.219528466253919,0.207214753166224,16.85,1.1541095890411,212.45,3.09468317552804,0,-16.0641,4.11759799833194,1.37608385686463,0.451685660266874,1.30108445697626,0.601283991047423,33.3877563865537,51.0347891166449,14.7976986383577,0.969,3.95608738968062,3.43920674799665,0.832442903389189,0.505112958942417
1996-11-02,2.25,175.62,1.78,1.78,498.27,1.6030813040698912,658.41,27.06629,750.88,3.17552224503765,2.27054970568104,0.715016154973943,0.219528466253919,0.207214753166224,16.85,1.1541095890411,212.45,3.09468317552804,0,-16.0641,4.11759799833194,1.37608385686463,0.451685660266874,1.30108445697626,0.601283991047423,33.3877563865537,51.0347891166449,14.7976986383577,0.969,3.95608738968062,3.43920674799665,0.832442903389189,0.505112958942417
1996-11-03,1.12,193.56,-1.62,-1.62,392.93,1.4922992627317277,658.41,27.06629,750.88,3.17552224503765,2.27054970568104,0.715016154973943,0.219528466253919,0.207214753166224,16.85,1.1541095890411,212.45,3.09468317552804,0,-16.0641,4.11759799833194,1.37608385686463,0.451685660266874,1.30108445697626,0.601283991047423,33.3877563865537,51.0347891166449,14.7976986383577,0.969,3.95608738968062,3.43920674799665,0.832442903389189,0.505112958942417
1996-11-04,0.31,180.25,-1.22,-1.22,434.56,1.3945504027274664,658.41,27.06629,750.88,3.17552224503765,2.27054970568104,0.715016154973943,0.219528466253919,0.207214753166224,16.85,1.1541095890411,212.45,3.09468317552804,0,-16.0641,4.11759799833194,1.37608385686463,0.451685660266874,1.30108445697626,0.601283991047423,33.3877563865537,51.0347891166449,14.7976986383577,0.969,3.95608738968062,3.43920674799665,0.832442903389189,0.505112958942417
1996-11-05,0.08,219.28,2.95,2.95,570.14,1.3228679053910077,658.41,27.06629,750.88,3.17552224503765,2.27054970568104,0.715016154973943,0.219528466253919,0.207214753166224,16.85,1.1541095890411,212.45,3.09468317552804,0,-16.0641,4.11759799833194,1.37608385686463,0.451685660266874,1.30108445697626,0.601283991047423,33.3877563865537,51.0347891166449,14.7976986383577,0.969,3.95608738968062,3.43920674799665,0.832442903389189,0.505112958942417
1996-11-06,0.83,194.39,5.11,5.11,668.93,1.1860195013850414,658.41,27.06629,750.88,3.17552224503765,2.27054970568104,0.715016154973943,0.219528466253919,0.207214753166224,16.85,1.1541095890411,212.45,3.09468317552804,0,-16.0641,4.11759799833194,1.37608385686463,0.451685660266874,1.30108445697626,0.601283991047423,33.3877563865537,51.0347891166449,14.7976986383577,0.969,3.95608738968062,3.43920674799665,0.832442903389189,0.505112958942417
1996-11-07,15.08,169.36,9.43,9.43,912.28,1.1241118900490092,658.41,27.06629,750.88,3.17552224503765,2.27054970568104,0.715016154973943,0.219528466253919,0.207214753166224,16.85,1.1541095890411,212.45,3.09468317552804,0,-16.0641,4.11759799833194,1.37608385686463,0.451685660266874,1.30108445697626,0.601283991047423,33.3877563865537,51.0347891166449,14.7976986383577,0.969,3.95608738968062,3.43920674799665,0.832442903389189,0.505112958942417
1996-11-08,42.07,186.84,11.56,11.56,958.57,12.577019987215,658.41,27.06629,750.88,3.17552224503765,2.27054970568104,0.715016154973943,0.219528466253919,0.207214753166224,16.85,1.1541095890411,212.45,3.09468317552804,0,-16.0641,4.11759799833194,1.37608385686463,0.451685660266874,1.30108445697626,0.601283991047423,33.3877563865537,51.0347891166449,14.7976986383577,0.969,3.95608738968062,3.43920674799665,0.832442903389189,0.505112958942417
1996-11-09,11.03,164.12,5.19,5.19,643.6,18.735198167483485,658.41,27.06629,750.88,3.17552224503765,2.27054970568104,0.715016154973943,0.219528466253919,0.207214753166224,16.85,1.1541095890411,212.45,3.09468317552804,0,-16.0641,4.11759799833194,1.37608385686463,0.451685660266874,1.30108445697626,0.601283991047423,33.3877563865537,51.0347891166449,14.7976986383577,0.969,3.95608738968062,3.43920674799665,0.832442903389189,0.505112958942417
1996-11-10,1.45,128.67,1.66,1.66,526.08,8.536733773705517,658.41,27.06629,750.88,3.17552224503765,2.27054970568104,0.715016154973943,0.219528466253919,0.207214753166224,16.85,1.1541095890411,212.45,3.09468317552804,0,-16.0641,4.11759799833194,1.37608385686463,0.451685660266874,1.30108445697626,0.601283991047423,33.3877563865537,51.0347891166449,14.7976986383577,0.969,3.95608738968062,3.43920674799665,0.832442903389189,0.505112958942417
1996-11-11,3.03,128.21,-0.75,-0.75,439.22,5.636850926912422,658.41,27.06629,750.88,3.17552224503765,2.27054970568104,0.715016154973943,0.219528466253919,0.207214753166224,16.85,1.1541095890411,212.45,3.09468317552804,0,-16.0641,4.11759799833194,1.37608385686463,0.451685660266874,1.30108445697626,0.601283991047423,33.3877563865537,51.0347891166449,14.7976986383577,0.969,3.95608738968062,3.43920674799665,0.832442903389189,0.505112958942417
1996-11-12,2.19,200.25,-2.93,-2.93,353.7,4.300949840187513,658.41,27.06629,750.88,3.17552224503765,2.27054970568104,0.715016154973943,0.219528466253919,0.207214753166224,16.85,1.1541095890411,212.45,3.09468317552804,0,-16.0641,4.11759799833194,1.37608385686463,0.451685660266874,1.30108445697626,0.601283991047423,33.3877563865537,51.0347891166449,14.7976986383577,0.969,3.95608738968062,3.43920674799665,0.832442903389189,0.505112958942417
1996-11-13,1.15,187.63,-4.25,-4.25,308.16,3.4537930534839116,658.41,27.06629,750.88,3.17552224503765,2.27054970568104,0.715016154973943,0.219528466253919,0.207214753166224,16.85,1.1541095890411,212.45,3.09468317552804,0,-16.0641,4.11759799833194,1.37608385686463,0.451685660266874,1.30108445697626,0.601283991047423,33.3877563865537,51.0347891166449,14.7976986383577,0.969,3.95608738968062,3.43920674799665,0.832442903389189,0.505112958942417
1996-11-14,0.21,306.68,-6.96,-6.96,222.94,2.844491826124014,658.41,27.06629,750.88,3.17552224503765,2.27054970568104,0.715016154973943,0.219528466253919,0.207214753166224,16.85,1.1541095890411,212.45,3.09468317552804,0,-16.0641,4.11759799833194,1.37608385686463,0.451685660266874,1.30108445697626,0.601283991047423,33.3877563865537,51.0347891166449,14.7976986383577,0.969,3.95608738968062,3.43920674799665,0.832442903389189,0.505112958942417
1996-11-15,0.0,313.54,-6.89,-6.89,216.78,2.34597264010228,658.41,27.06629,750.88,3.17552224503765,2.27054970568104,0.715016154973943,0.219528466253919,0.207214753166224,16.85,1.1541095890411,212.45,3.09468317552804,0,-16.0641,4.11759799833194,1.37608385686463,0.451685660266874,1.30108445697626,0.601283991047423,33.3877563865537,51.0347891166449,14.7976986383577,0.969,3.95608738968062,3.43920674799665,0.832442903389189,0.505112958942417
1996-11-16,0.0,311.38,-4.94,-4.94,269.43,2.020143106754741,658.41,27.06629,750.88,3.17552224503765,2.27054970568104,0.715016154973943,0.219528466253919,0.207214753166224,16.85,1.1541095890411,212.45,3.09468317552804,0,-16.0641,4.11759799833194,1.37608385686463,0.451685660266874,1.30108445697626,0.601283991047423,33.3877563865537,51.0347891166449,14.7976986383577,0.969,3.95608738968062,3.43920674799665,0.832442903389189,0.505112958942417
1996-11-17,0.24,243.81,0.26,0.26,393.09,1.896327884082676,658.41,27.06629,750.88,3.17552224503765,2.27054970568104,0.715016154973943,0.219528466253919,0.207214753166224,16.85,1.1541095890411,212.45,3.09468317552804,0,-16.0641,4.11759799833194,1.37608385686463,0.451685660266874,1.30108445697626,0.601283991047423,33.3877563865537,51.0347891166449,14.7976986383577,0.969,3.95608738968062,3.43920674799665,0.832442903389189,0.505112958942417
1996-11-18,0.22,251.73,2.84,2.84,473.04,2.01362651608779,658.41,27.06629,750.88,3.17552224503765,2.27054970568104,0.715016154973943,0.219528466253919,0.207214753166224,16.85,1.1541095890411,212.45,3.09468317552804,0,-16.0641,4.11759799833194,1.37608385686463,0.451685660266874,1.30108445697626,0.601283991047423,33.3877563865537,51.0347891166449,14.7976986383577,0.969,3.95608738968062,3.43920674799665,0.832442903389189,0.505112958942417
1996-11-19,0.31,167.84,3.71,3.71,564.49,1.951718904751758,658.41,27.06629,750.88,3.17552224503765,2.27054970568104,0.715016154973943,0.219528466253919,0.207214753166224,16.85,1.1541095890411,212.45,3.09468317552804,0,-16.0641,4.11759799833194,1.37608385686463,0.451685660266874,1.30108445697626,0.601283991047423,33.3877563865537,51.0347891166449,14.7976986383577,0.969,3.95608738968062,3.43920674799665,0.832442903389189,0.505112958942417
1996-11-20,0.32,113.55,-0.54,-0.54,459.08,1.6747638014063497,658.41,27.06629,750.88,3.17552224503765,2.27054970568104,0.715016154973943,0.219528466253919,0.207214753166224,16.85,1.1541095890411,212.45,3.09468317552804,0,-16.0641,4.11759799833194,1.37608385686463,0.451685660266874,1.30108445697626,0.601283991047423,33.3877563865537,51.0347891166449,14.7976986383577,0.969,3.95608738968062,3.43920674799665,0.832442903389189,0.505112958942417
1996-11-21,0.07,118.63,-2.12,-2.12,423.79,1.4825243767313019,658.41,27.06629,750.88,3.17552224503765,2.27054970568104,0.715016154973943,0.219528466253919,0.207214753166224,16.85,1.1541095890411,212.45,3.09468317552804,0,-16.0641,4.11759799833194,1.37608385686463,0.451685660266874,1.30108445697626,0.601283991047423,33.3877563865537,51.0347891166449,14.7976986383577,0.969,3.95608738968062,3.43920674799665,0.832442903389189,0.505112958942417
1996-11-22,0.01,75.58,-2.53,-2.53,410.31,1.3489342680588108,658.41,27.06629,750.88,3.17552224503765,2.27054970568104,0.715016154973943,0.219528466253919,0.207214753166224,16.85,1.1541095890411,212.45,3.09468317552804,0,-16.0641,4.11759799833194,1.37608385686463,0.451685660266874,1.30108445697626,0.601283991047423,33.3877563865537,51.0347891166449,14.7976986383577,0.969,3.95608738968062,3.43920674799665,0.832442903389189,0.505112958942417
1996-11-23,0.0,214.38,-4.67,-4.67,328.19,1.2023109780524184,658.41,27.06629,750.88,3.17552224503765,2.27054970568104,0.715016154973943,0.219528466253919,0.207214753166224,16.85,1.1541095890411,212.45,3.09468317552804,0,-16.0641,4.11759799833194,1.37608385686463,0.451685660266874,1.30108445697626,0.601283991047423,33.3877563865537,51.0347891166449,14.7976986383577,0.969,3.95608738968062,3.43920674799665,0.832442903389189,0.505112958942417
1996-11-24,4.61,141.14,-1.43,-1.43,419.64,1.133886776049435,658.41,27.06629,750.88,3.17552224503765,2.27054970568104,0.715016154973943,0.219528466253919,0.207214753166224,16.85,1.1541095890411,212.45,3.09468317552804,0,-16.0641,4.11759799833194,1.37608385686463,0.451685660266874,1.30108445697626,0.601283991047423,33.3877563865537,51.0347891166449,14.7976986383577,0.969,3.95608738968062,3.43920674799665,0.832442903389189,0.505112958942417
1996-11-25,14.35,90.72,-0.56,-0.56,478.43,1.365225744726188,658.41,27.06629,750.88,3.17552224503765,2.27054970568104,0.715016154973943,0.219528466253919,0.207214753166224,16.85,1.1541095890411,212.45,3.09468317552804,0,-16.0641,4.11759799833194,1.37608385686463,0.451685660266874,1.30108445697626,0.601283991047423,33.3877563865537,51.0347891166449,14.7976986383577,0.969,3.95608738968062,3.43920674799665,0.832442903389189,0.505112958942417
1996-11-26,6.2,112.93,-0.39,-0.39,460.21,4.789694140208821,658.41,27.06629,750.88,3.17552224503765,2.27054970568104,0.715016154973943,0.219528466253919,0.207214753166224,16.85,1.1541095890411,212.45,3.09468317552804,0,-16.0641,4.11759799833194,1.37608385686463,0.451685660266874,1.30108445697626,0.601283991047423,33.3877563865537,51.0347891166449,14.7976986383577,0.969,3.95608738968062,3.43920674799665,0.832442903389189,0.505112958942417
1996-11-27,0.99,211.61,-5.67,-5.67,269.29,2.6164111527807368,658.41,27.06629,750.88,3.17552224503765,2.27054970568104,0.715016154973943,0.219528466253919,0.207214753166224,16.85,1.1541095890411,212.45,3.09468317552804,0,-16.0641,4.11759799833194,1.37608385686463,0.451685660266874,1.30108445697626,0.601283991047423,33.3877563865537,51.0347891166449,14.7976986383577,0.969,3.95608738968062,3.43920674799665,0.832442903389189,0.505112958942417
1996-11-28,0.99,215.36,-9.09,-9.09,201.83,2.095083899424675,658.41,27.06629,750.88,3.17552224503765,2.27054970568104,0.715016154973943,0.219528466253919,0.207214753166224,16.85,1.1541095890411,212.45,3.09468317552804,0,-16.0641,4.11759799833194,1.37608385686463,0.451685660266874,1.30108445697626,0.601283991047423,33.3877563865537,51.0347891166449,14.7976986383577,0.969,3.95608738968062,3.43920674799665,0.832442903389189,0.505112958942417
1996-11-29,0.24,255.25,-6.66,-6.66,266.7,2.033176288088643,658.41,27.06629,750.88,3.17552224503765,2.27054970568104,0.715016154973943,0.219528466253919,0.207214753166224,16.85,1.1541095890411,212.45,3.09468317552804,0,-16.0641,4.11759799833194,1.37608385686463,0.451685660266874,1.30108445697626,0.601283991047423,33.3877563865537,51.0347891166449,14.7976986383577,0.969,3.95608738968062,3.43920674799665,0.832442903389189,0.505112958942417
1996-11-30,4.02,212.37,-2.41,-2.41,382.2,1.8702615214148732,658.41,27.06629,750.88,3.17552224503765,2.27054970568104,0.715016154973943,0.219528466253919,0.207214753166224,16.85,1.1541095890411,212.45,3.09468317552804,0,-16.0641,4.11759799833194,1.37608385686463,0.451685660266874,1.30108445697626,0.601283991047423,33.3877563865537,51.0347891166449,14.7976986383577,0.969,3.95608738968062,3.43920674799665,0.832442903389189,0.505112958942417
1996-12-01,11.86,195.14,1.79,1.79,528.05,3.5189589601534195,658.41,27.06629,750.88,3.17552224503765,2.27054970568104,0.715016154973943,0.219528466253919,0.207214753166224,16.85,1.1541095890411,212.45,3.09468317552804,0,-16.0641,4.11759799833194,1.37608385686463,0.451685660266874,1.30108445697626,0.601283991047423,33.3877563865537,51.0347891166449,14.7976986383577,0.969,3.95608738968062,3.43920674799665,0.832442903389189,0.505112958942417
1996-12-02,3.79,252.02,3.78,3.78,533.4,5.767182740251438,658.41,27.06629,750.88,3.17552224503765,2.27054970568104,0.715016154973943,0.219528466253919,0.207214753166224,16.85,1.1541095890411,212.45,3.09468317552804,0,-16.0641,4.11759799833194,1.37608385686463,0.451685660266874,1.30108445697626,0.601283991047423,33.3877563865537,51.0347891166449,14.7976986383577,0.969,3.95608738968062,3.43920674799665,0.832442903389189,0.505112958942417
1996-12-03,0.73,179.74,-0.13,-0.13,438.32,3.1670630641380777,658.41,27.06629,750.88,3.17552224503765,2.27054970568104,0.715016154973943,0.219528466253919,0.207214753166224,16.85,1.1541095890411,212.45,3.09468317552804,0,-16.0641,4.11759799833194,1.37608385686463,0.451685660266874,1.30108445697626,0.601283991047423,33.3877563865537,51.0347891166449,14.7976986383577,0.969,3.95608738968062,3.43920674799665,0.832442903389189,0.505112958942417
1996-12-04,0.69,189.95,0.65,0.65,472.46,2.8151671681227355,658.41,27.06629,750.88,3.17552224503765,2.27054970568104,0.715016154973943,0.219528466253919,0.207214753166224,16.85,1.1541095890411,212.45,3.09468317552804,0,-16.0641,4.11759799833194,1.37608385686463,0.451685660266874,1.30108445697626,0.601283991047423,33.3877563865537,51.0347891166449,14.7976986383577,0.969,3.95608738968062,3.43920674799665,0.832442903389189,0.505112958942417
1996-12-05,2.59,151.39,-1.04,-1.04,433.56,2.4502380907734924,658.41,27.06629,750.88,3.17552224503765,2.27054970568104,0.715016154973943,0.219528466253919,0.207214753166224,16.85,1.1541095890411,212.45,3.09468317552804,0,-16.0641,4.11759799833194,1.37608385686463,0.451685660266874,1.30108445697626,0.601283991047423,33.3877563865537,51.0347891166449,14.7976986383577,0.969,3.95608738968062,3.43920674799665,0.832442903389189,0.505112958942417
1996-12-06,0.7,118.74,-1.09,-1.09,456.67,2.215640826763264,658.41,27.06629,750.88,3.17552224503765,2.27054970568104,0.715016154973943,0.219528466253919,0.207214753166224,16.85,1.1541095890411,212.45,3.09468317552804,0,-16.0641,4.11759799833194,1.37608385686463,0.451685660266874,1.30108445697626,0.601283991047423,33.3877563865537,51.0347891166449,14.7976986383577,0.969,3.95608738968062,3.43920674799665,0.832442903389189,0.505112958942417
1996-12-07,0.01,137.85,-1.13,-1.13,454.81,1.9614937907521839,658.41,27.06629,750.88,3.17552224503765,2.27054970568104,0.715016154973943,0.219528466253919,0.207214753166224,16.85,1.1541095890411,212.45,3.09468317552804,0,-16.0641,4.11759799833194,1.37608385686463,0.451685660266874,1.30108445697626,0.601283991047423,33.3877563865537,51.0347891166449,14.7976986383577,0.969,3.95608738968062,3.43920674799665,0.832442903389189,0.505112958942417
1996-12-08,0.32,135.07,-1.8,-1.8,405.84,1.7562211847432343,658.41,27.06629,750.88,3.17552224503765,2.27054970568104,0.715016154973943,0.219528466253919,0.207214753166224,16.85,1.1541095890411,212.45,3.09468317552804,0,-16.0641,4.11759799833194,1.37608385686463,0.451685660266874,1.30108445697626,0.601283991047423,33.3877563865537,51.0347891166449,14.7976986383577,0.969,3.95608738968062,3.43920674799665,0.832442903389189,0.505112958942417
1996-12-09,0.1,221.88,-3.55,-3.55,326.0,1.544431988067334,658.41,27.06629,750.88,3.17552224503765,2.27054970568104,0.715016154973943,0.219528466253919,0.207214753166224,16.85,1.1541095890411,212.45,3.09468317552804,0,-16.0641,4.11759799833194,1.37608385686463,0.451685660266874,1.30108445697626,0.601283991047423,33.3877563865537,51.0347891166449,14.7976986383577,0.969,3.95608738968062,3.43920674799665,0.832442903389189,0.505112958942417
1996-12-10,0.06,181.7,-2.9,-2.9,362.12,1.3717423353931386,658.41,27.06629,750.88,3.17552224503765,2.27054970568104,0.715016154973943,0.219528466253919,0.207214753166224,16.85,1.1541095890411,212.45,3.09468317552804,0,-16.0641,4.11759799833194,1.37608385686463,0.451685660266874,1.30108445697626,0.601283991047423,33.3877563865537,51.0347891166449,14.7976986383577,0.969,3.95608738968062,3.43920674799665,0.832442903389189,0.505112958942417
1996-12-11,8.64,129.68,-1.01,-1.01,451.96,1.4141001747283188,658.41,27.06629,750.88,3.17552224503765,2.27054970568104,0.715016154973943,0.219528466253919,0.207214753166224,16.85,1.1541095890411,212.45,3.09468317552804,0,-16.0641,4.11759799833194,1.37608385686463,0.451685660266874,1.30108445697626,0.601283991047423,33.3877563865537,51.0347891166449,14.7976986383577,0.969,3.95608738968062,3.43920674799665,0.832442903389189,0.505112958942417
1996-12-12,9.34,79.96,0.8,0.8,555.48,2.5056291114425737,658.41,27.06629,750.88,3.17552224503765,2.27054970568104,0.715016154973943,0.219528466253919,0.207214753166224,16.85,1.1541095890411,212.45,3.09468317552804,0,-16.0641,4.11759799833194,1.37608385686463,0.451685660266874,1.30108445697626,0.601283991047423,33.3877563865537,51.0347891166449,14.7976986383577,0.969,3.95608738968062,3.43920674799665,0.832442903389189,0.505112958942417
1996-12-13,9.11,120.35,2.7,2.7,612.18,4.854860046878329,658.41,27.06629,750.88,3.17552224503765,2.27054970568104,0.715016154973943,0.219528466253919,0.207214753166224,16.85,1.1541095890411,212.45,3.09468317552804,0,-16.0641,4.11759799833194,1.37608385686463,0.451685660266874,1.30108445697626,0.601283991047423,33.3877563865537,51.0347891166449,14.7976986383577,0.969,3.95608738968062,3.43920674799665,0.832442903389189,0.505112958942417
1996-12-14,1.96,172.93,1.87,1.87,534.32,4.69194528020456,658.41,27.06629,750.88,3.17552224503765,2.27054970568104,0.715016154973943,0.219528466253919,0.207214753166224,16.85,1.1541095890411,212.45,3.09468317552804,0,-16.0641,4.11759799833194,1.37608385686463,0.451685660266874,1.30108445697626,0.601283991047423,33.3877563865537,51.0347891166449,14.7976986383577,0.969,3.95608738968062,3.43920674799665,0.832442903389189,0.505112958942417
1996-12-15,0.01,194.88,-0.63,-0.63,446.96,3.35604419347965,658.41,27.06629,750.88,3.17552224503765,2.27054970568104,0.715016154973943,0.219528466253919,0.207214753166224,16.85,1.1541095890411,212.45,3.09468317552804,0,-16.0641,4.11759799833194,1.37608385686463,0.451685660266874,1.30108445697626,0.601283991047423,33.3877563865537,51.0347891166449,14.7976986383577,0.969,3.95608738968062,3.43920674799665,0.832442903389189,0.505112958942417
1996-12-16,0.05,117.47,0.52,0.52,528.06,2.8738164841252924,658.41,27.06629,750.88,3.17552224503765,2.27054970568104,0.715016154973943,0.219528466253919,0.207214753166224,16.85,1.1541095890411,212.45,3.09468317552804,0,-16.0641,4.11759799833194,1.37608385686463,0.451685660266874,1.30108445697626,0.601283991047423,33.3877563865537,51.0347891166449,14.7976986383577,0.969,3.95608738968062,3.43920674799665,0.832442903389189,0.505112958942417
1996-12-17,0.22,124.45,2.78,2.78,620.85,2.5088874067760494,658.41,27.06629,750.88,3.17552224503765,2.27054970568104,0.715016154973943,0.219528466253919,0.207214753166224,16.85,1.1541095890411,212.45,3.09468317552804,0,-16.0641,4.11759799833194,1.37608385686463,0.451685660266874,1.30108445697626,0.601283991047423,33.3877563865537,51.0347891166449,14.7976986383577,0.969,3.95608738968062,3.43920674799665,0.832442903389189,0.505112958942417
1996-12-18,0.92,152.68,3.61,3.61,593.12,2.205865940762838,658.41,27.06629,750.88,3.17552224503765,2.27054970568104,0.715016154973943,0.219528466253919,0.207214753166224,16.85,1.1541095890411,212.45,3.09468317552804,0,-16.0641,4.11759799833194,1.37608385686463,0.451685660266874,1.30108445697626,0.601283991047423,33.3877563865537,51.0347891166449,14.7976986383577,0.969,3.95608738968062,3.43920674799665,0.832442903389189,0.505112958942417
1996-12-19,1.07,182.79,-1.52,-1.52,373.26,1.9191359514170039,658.41,27.06629,750.88,3.17552224503765,2.27054970568104,0.715016154973943,0.219528466253919,0.207214753166224,16.85,1.1541095890411,212.45,3.09468317552804,0,-16.0641,4.11759799833194,1.37608385686463,0.451685660266874,1.30108445697626,0.601283991047423,33.3877563865537,51.0347891166449,14.7976986383577,0.969,3.95608738968062,3.43920674799665,0.832442903389189,0.505112958942417
1996-12-20,0.22,250.93,-9.05,-9.05,193.85,1.4662329000639247,658.41,27.06629,750.88,3.17552224503765,2.27054970568104,0.715016154973943,0.219528466253919,0.207214753166224,16.85,1.1541095890411,212.45,3.09468317552804,0,-16.0641,4.11759799833194,1.37608385686463,0.451685660266874,1.30108445697626,0.601283991047423,33.3877563865537,51.0347891166449,14.7976986383577,0.969,3.95608738968062,3.43920674799665,0.832442903389189,0.505112958942417
1996-12-21,0.0,253.13,-11.78,-11.78,156.69,1.3033181333901556,658.41,27.06629,750.88,3.17552224503765,2.27054970568104,0.715016154973943,0.219528466253919,0.207214753166224,16.85,1.1541095890411,212.45,3.09468317552804,0,-16.0641,4.11759799833194,1.37608385686463,0.451685660266874,1.30108445697626,0.601283991047423,33.3877563865537,51.0347891166449,14.7976986383577,0.969,3.95608738968062,3.43920674799665,0.832442903389189,0.505112958942417
1996-12-22,0.3,215.09,-8.06,-8.06,237.36,1.3489342680588108,658.41,27.06629,750.88,3.17552224503765,2.27054970568104,0.715016154973943,0.219528466253919,0.207214753166224,16.85,1.1541095890411,212.45,3.09468317552804,0,-16.0641,4.11759799833194,1.37608385686463,0.451685660266874,1.30108445697626,0.601283991047423,33.3877563865537,51.0347891166449,14.7976986383577,0.969,3.95608738968062,3.43920674799665,0.832442903389189,0.505112958942417
1996-12-23,5.09,143.94,-1.18,-1.18,457.92,1.365225744726188,658.41,27.06629,750.88,3.17552224503765,2.27054970568104,0.715016154973943,0.219528466253919,0.207214753166224,16.85,1.1541095890411,212.45,3.09468317552804,0,-16.0641,4.11759799833194,1.37608385686463,0.451685660266874,1.30108445697626,0.601283991047423,33.3877563865537,51.0347891166449,14.7976986383577,0.969,3.95608738968062,3.43920674799665,0.832442903389189,0.505112958942417
1996-12-24,4.68,131.68,2.86,2.86,583.67,2.5088874067760494,658.41,27.06629,750.88,3.17552224503765,2.27054970568104,0.715016154973943,0.219528466253919,0.207214753166224,16.85,1.1541095890411,212.45,3.09468317552804,0,-16.0641,4.11759799833194,1.37608385686463,0.451685660266874,1.30108445697626,0.601283991047423,33.3877563865537,51.0347891166449,14.7976986383577,0.969,3.95608738968062,3.43920674799665,0.832442903389189,0.505112958942417
1996-12-25,1.53,219.49,-0.58,-0.58,374.29,2.104858785425101,658.41,27.06629,750.88,3.17552224503765,2.27054970568104,0.715016154973943,0.219528466253919,0.207214753166224,16.85,1.1541095890411,212.45,3.09468317552804,0,-16.0641,4.11759799833194,1.37608385686463,0.451685660266874,1.30108445697626,0.601283991047423,33.3877563865537,51.0347891166449,14.7976986383577,0.969,3.95608738968062,3.43920674799665,0.832442903389189,0.505112958942417
1996-12-26,0.19,181.83,-3.73,-3.73,328.8,1.534657102066908,658.41,27.06629,750.88,3.17552224503765,2.27054970568104,0.715016154973943,0.219528466253919,0.207214753166224,16.85,1.1541095890411,212.45,3.09468317552804,0,-16.0641,4.11759799833194,1.37608385686463,0.451685660266874,1.30108445697626,0.601283991047423,33.3877563865537,51.0347891166449,14.7976986383577,0.969,3.95608738968062,3.43920674799665,0.832442903389189,0.505112958942417
1996-12-27,0.05,182.75,-3.6,-3.6,378.69,1.485782672064777,658.41,27.06629,750.88,3.17552224503765,2.27054970568104,0.715016154973943,0.219528466253919,0.207214753166224,16.85,1.1541095890411,212.45,3.09468317552804,0,-16.0641,4.11759799833194,1.37608385686463,0.451685660266874,1.30108445697626,0.601283991047423,33.3877563865537,51.0347891166449,14.7976986383577,0.969,3.95608738968062,3.43920674799665,0.832442903389189,0.505112958942417
1996-12-28,0.15,146.53,0.32,0.32,531.3,1.5118490347325804,658.41,27.06629,750.88,3.17552224503765,2.27054970568104,0.715016154973943,0.219528466253919,0.207214753166224,16.85,1.1541095890411,212.45,3.09468317552804,0,-16.0641,4.11759799833194,1.37608385686463,0.451685660266874,1.30108445697626,0.601283991047423,33.3877563865537,51.0347891166449,14.7976986383577,0.969,3.95608738968062,3.43920674799665,0.832442903389189,0.505112958942417
1996-12-29,0.67,141.57,6.68,6.68,756.68,1.567240055401662,658.41,27.06629,750.88,3.17552224503765,2.27054970568104,0.715016154973943,0.219528466253919,0.207214753166224,16.85,1.1541095890411,212.45,3.09468317552804,0,-16.0641,4.11759799833194,1.37608385686463,0.451685660266874,1.30108445697626,0.601283991047423,33.3877563865537,51.0347891166449,14.7976986383577,0.969,3.95608738968062,3.43920674799665,0.832442903389189,0.505112958942417
1996-12-30,0.21,192.48,3.93,3.93,541.13,1.3880338120605156,658.41,27.06629,750.88,3.17552224503765,2.27054970568104,0.715016154973943,0.219528466253919,0.207214753166224,16.85,1.1541095890411,212.45,3.09468317552804,0,-16.0641,4.11759799833194,1.37608385686463,0.451685660266874,1.30108445697626,0.601283991047423,33.3877563865537,51.0347891166449,14.7976986383577,0.969,3.95608738968062,3.43920674799665,0.832442903389189,0.505112958942417
1996-12-31,0.82,186.25,-1.64,-1.64,351.98,1.21534415938632,658.41,27.06629,750.88,3.17552224503765,2.27054970568104,0.715016154973943,0.219528466253919,0.207214753166224,16.85,1.1541095890411,212.45,3.09468317552804,0,-16.0641,4.11759799833194,1.37608385686463,0.451685660266874,1.30108445697626,0.601283991047423,33.3877563865537,51.0347891166449,14.7976986383577,0.969,3.95608738968062,3.43920674799665,0.832442903389189,0.505112958942417
1997-01-01,1.06,214.28,-8.69,-8.69,210.95,0.9123226933731089,658.41,27.06629,750.88,3.17552224503765,2.27054970568104,0.715016154973943,0.219528466253919,0.207214753166224,16.85,1.1541095890411,212.45,3.09468317552804,0,-16.0641,4.11759799833194,1.37608385686463,0.451685660266874,1.30108445697626,0.601283991047423,33.3877563865537,51.0347891166449,14.7976986383577,0.969,3.95608738968062,3.43920674799665,0.832442903389189,0.505112958942417
1997-01-02,0.56,223.98,-5.0,-5.0,313.3,1.114337004048583,658.41,27.06629,750.88,3.17552224503765,2.27054970568104,0.715016154973943,0.219528466253919,0.207214753166224,16.85,1.1541095890411,212.45,3.09468317552804,0,-16.0641,4.11759799833194,1.37608385686463,0.451685660266874,1.30108445697626,0.601283991047423,33.3877563865537,51.0347891166449,14.7976986383577,0.969,3.95608738968062,3.43920674799665,0.832442903389189,0.505112958942417
1997-01-03,0.09,204.08,5.25,5.25,670.71,1.316351314724057,658.41,27.06629,750.88,3.17552224503765,2.27054970568104,0.715016154973943,0.219528466253919,0.207214753166224,16.85,1.1541095890411,212.45,3.09468317552804,0,-16.0641,4.11759799833194,1.37608385686463,0.451685660266874,1.30108445697626,0.601283991047423,33.3877563865537,51.0347891166449,14.7976986383577,0.969,3.95608738968062,3.43920674799665,0.832442903389189,0.505112958942417
1997-01-04,0.37,171.33,5.82,5.82,694.91,1.140403366716386,658.41,27.06629,750.88,3.17552224503765,2.27054970568104,0.715016154973943,0.219528466253919,0.207214753166224,16.85,1.1541095890411,212.45,3.09468317552804,0,-16.0641,4.11759799833194,1.37608385686463,0.451685660266874,1.30108445697626,0.601283991047423,33.3877563865537,51.0347891166449,14.7976986383577,0.969,3.95608738968062,3.43920674799665,0.832442903389189,0.505112958942417
1997-01-05,4.4,149.76,7.65,7.65,759.86,1.2088275687193692,658.41,27.06629,750.88,3.17552224503765,2.27054970568104,0.715016154973943,0.219528466253919,0.207214753166224,16.85,1.1541095890411,212.45,3.09468317552804,0,-16.0641,4.11759799833194,1.37608385686463,0.451685660266874,1.30108445697626,0.601283991047423,33.3877563865537,51.0347891166449,14.7976986383577,0.969,3.95608738968062,3.43920674799665,0.832442903389189,0.505112958942417
1997-01-06,1.25,183.05,3.0,3.0,477.85,1.3521925633922864,658.41,27.06629,750.88,3.17552224503765,2.27054970568104,0.715016154973943,0.219528466253919,0.207214753166224,16.85,1.1541095890411,212.45,3.09468317552804,0,-16.0641,4.11759799833194,1.37608385686463,0.451685660266874,1.30108445697626,0.601283991047423,33.3877563865537,51.0347891166449,14.7976986383577,0.969,3.95608738968062,3.43920674799665,0.832442903389189,0.505112958942417
1997-01-07,1.16,157.54,-4.1,-4.1,305.7,1.0198464393777966,658.41,27.06629,750.88,3.17552224503765,2.27054970568104,0.715016154973943,0.219528466253919,0.207214753166224,16.85,1.1541095890411,212.45,3.09468317552804,0,-16.0641,4.11759799833194,1.37608385686463,0.451685660266874,1.30108445697626,0.601283991047423,33.3877563865537,51.0347891166449,14.7976986383577,0.969,3.95608738968062,3.43920674799665,0.832442903389189,0.505112958942417
1997-01-08,0.3,230.87,-7.84,-7.84,235.18,0.9123226933731089,658.41,27.06629,750.88,3.17552224503765,2.27054970568104,0.715016154973943,0.219528466253919,0.207214753166224,16.85,1.1541095890411,212.45,3.09468317552804,0,-16.0641,4.11759799833194,1.37608385686463,0.451685660266874,1.30108445697626,0.601283991047423,33.3877563865537,51.0347891166449,14.7976986383577,0.969,3.95608738968062,3.43920674799665,0.832442903389189,0.505112958942417
1997-01-09,2.55,222.81,-9.09,-9.09,204.58,0.8471567867036011,658.41,27.06629,750.88,3.17552224503765,2.27054970568104,0.715016154973943,0.219528466253919,0.207214753166224,16.85,1.1541095890411,212.45,3.09468317552804,0,-16.0641,4.11759799833194,1.37608385686463,0.451685660266874,1.30108445697626,0.601283991047423,33.3877563865537,51.0347891166449,14.7976986383577,0.969,3.95608738968062,3.43920674799665,0.832442903389189,0.505112958942417
1997-01-10,1.53,188.8,-5.99,-5.99,260.87,0.7819908800340932,658.41,27.06629,750.88,3.17552224503765,2.27054970568104,0.715016154973943,0.219528466253919,0.207214753166224,16.85,1.1541095890411,212.45,3.09468317552804,0,-16.0641,4.11759799833194,1.37608385686463,0.451685660266874,1.30108445697626,0.601283991047423,33.3877563865537,51.0347891166449,14.7976986383577,0.969,3.95608738968062,3.43920674799665,0.832442903389189,0.505112958942417
1997-01-11,0.23,278.11,-9.02,-9.02,191.22,0.7494079266993394,658.41,27.06629,750.88,3.17552224503765,2.27054970568104,0.715016154973943,0.219528466253919,0.207214753166224,16.85,1.1541095890411,212.45,3.09468317552804,0,-16.0641,4.11759799833194,1.37608385686463,0.451685660266874,1.30108445697626,0.601283991047423,33.3877563865537,51.0347891166449,14.7976986383577,0.969,3.95608738968062,3.43920674799665,0.832442903389189,0.505112958942417
1997-01-12,0.0,188.1,-11.59,-11.59,169.69,0.7168249733645855,658.41,27.06629,750.88,3.17552224503765,2.27054970568104,0.715016154973943,0.219528466253919,0.207214753166224,16.85,1.1541095890411,212.45,3.09468317552804,0,-16.0641,4.11759799833194,1.37608385686463,0.451685660266874,1.30108445697626,0.601283991047423,33.3877563865537,51.0347891166449,14.7976986383577,0.969,3.95608738968062,3.43920674799665,0.832442903389189,0.505112958942417
1997-01-13,0.2,179.08,-11.72,-11.72,177.49,0.6842420200298316,658.41,27.06629,750.88,3.17552224503765,2.27054970568104,0.715016154973943,0.219528466253919,0.207214753166224,16.85,1.1541095890411,212.45,3.09468317552804,0,-16.0641,4.11759799833194,1.37608385686463,0.451685660266874,1.30108445697626,0.601283991047423,33.3877563865537,51.0347891166449,14.7976986383577,0.969,3.95608738968062,3.43920674799665,0.832442903389189,0.505112958942417
1997-01-14,0.07,216.41,-10.23,-10.23,191.4,0.6516590666950778,658.41,27.06629,750.88,3.17552224503765,2.27054970568104,0.715016154973943,0.219528466253919,0.207214753166224,16.85,1.1541095890411,212.45,3.09468317552804,0,-16.0641,4.11759799833194,1.37608385686463,0.451685660266874,1.30108445697626,0.601283991047423,33.3877563865537,51.0347891166449,14.7976986383577,0.969,3.95608738968062,3.43920674799665,0.832442903389189,0.505112958942417
1997-01-15,3.16,239.58,-11.17,-11.17,157.45,0.6190761133603239,658.41,27.06629,750.88,3.17552224503765,2.27054970568104,0.715016154973943,0.219528466253919,0.207214753166224,16.85,1.1541095890411,212.45,3.09468317552804,0,-16.0641,4.11759799833194,1.37608385686463,0.451685660266874,1.30108445697626,0.601283991047423,33.3877563865537,51.0347891166449,14.7976986383577,0.969,3.95608738968062,3.43920674799665,0.832442903389189,0.505112958942417
1997-01-16,3.43,242.82,-7.68,-7.68,181.53,0.58649316002557,658.41,27.06629,750.88,3.17552224503765,2.27054970568104,0.715016154973943,0.219528466253919,0.207214753166224,16.85,1.1541095890411,212.45,3.09468317552804,0,-16.0641,4.11759799833194,1.37608385686463,0.451685660266874,1.30108445697626,0.601283991047423,33.3877563865537,51.0347891166449,14.7976986383577,0.969,3.95608738968062,3.43920674799665,0.832442903389189,0.505112958942417
1997-01-17,1.28,247.72,-10.77,-10.77,129.89,0.4789694140208821,658.41,27.06629,750.88,3.17552224503765,2.27054970568104,0.715016154973943,0.219528466253919,0.207214753166224,16.85,1.1541095890411,212.45,3.09468317552804,0,-16.0641,4.11759799833194,1.37608385686463,0.451685660266874,1.30108445697626,0.601283991047423,33.3877563865537,51.0347891166449,14.7976986383577,0.969,3.95608738968062,3.43920674799665,0.832442903389189,0.505112958942417
1997-01-18,0.17,197.44,-16.15,-16.15,96.96,0.5213272533560622,658.41,27.06629,750.88,3.17552224503765,2.27054970568104,0.715016154973943,0.219528466253919,0.207214753166224,16.85,1.1541095890411,212.45,3.09468317552804,0,-16.0641,4.11759799833194,1.37608385686463,0.451685660266874,1.30108445697626,0.601283991047423,33.3877563865537,51.0347891166449,14.7976986383577,0.969,3.95608738968062,3.43920674799665,0.832442903389189,0.505112958942417
1997-01-19,0.01,293.25,-21.07,-21.07,60.52,0.4887443000213083,658.41,27.06629,750.88,3.17552224503765,2.27054970568104,0.715016154973943,0.219528466253919,0.207214753166224,16.85,1.1541095890411,212.45,3.09468317552804,0,-16.0641,4.11759799833194,1.37608385686463,0.451685660266874,1.30108445697626,0.601283991047423,33.3877563865537,51.0347891166449,14.7976986383577,0.969,3.95608738968062,3.43920674799665,0.832442903389189,0.505112958942417
1997-01-20,0.75,255.01,-16.18,-16.18,86.84,0.45616134668655445,658.41,27.06629,750.88,3.17552224503765,2.27054970568104,0.715016154973943,0.219528466253919,0.207214753166224,16.85,1.1541095890411,212.45,3.09468317552804,0,-16.0641,4.11759799833194,1.37608385686463,0.451685660266874,1.30108445697626,0.601283991047423,33.3877563865537,51.0347891166449,14.7976986383577,0.969,3.95608738968062,3.43920674799665,0.832442903389189,0.505112958942417
1997-01-21,0.67,297.83,-9.8,-9.8,158.37,0.45616134668655445,658.41,27.06629,750.88,3.17552224503765,2.27054970568104,0.715016154973943,0.219528466253919,0.207214753166224,16.85,1.1541095890411,212.45,3.09468317552804,0,-16.0641,4.11759799833194,1.37608385686463,0.451685660266874,1.30108445697626,0.601283991047423,33.3877563865537,51.0347891166449,14.7976986383577,0.969,3.95608738968062,3.43920674799665,0.832442903389189,0.505112958942417
1997-01-22,5.05,253.83,-5.07,-5.07,261.11,0.5213272533560622,658.41,27.06629,750.88,3.17552224503765,2.27054970568104,0.715016154973943,0.219528466253919,0.207214753166224,16.85,1.1541095890411,212.45,3.09468317552804,0,-16.0641,4.11759799833194,1.37608385686463,0.451685660266874,1.30108445697626,0.601283991047423,33.3877563865537,51.0347891166449,14.7976986383577,0.969,3.95608738968062,3.43920674799665,0.832442903389189,0.505112958942417
1997-01-23,1.86,203.59,0.36,0.36,412.45,1.0426545067121245,658.41,27.06629,750.88,3.17552224503765,2.27054970568104,0.715016154973943,0.219528466253919,0.207214753166224,16.85,1.1541095890411,212.45,3.09468317552804,0,-16.0641,4.11759799833194,1.37608385686463,0.451685660266874,1.30108445697626,0.601283991047423,33.3877563865537,51.0347891166449,14.7976986383577,0.969,3.95608738968062,3.43920674799665,0.832442903389189,0.505112958942417
1997-01-24,7.63,262.1,-5.87,-5.87,235.25,0.7428913360323885,658.41,27.06629,750.88,3.17552224503765,2.27054970568104,0.715016154973943,0.219528466253919,0.207214753166224,16.85,1.1541095890411,212.45,3.09468317552804,0,-16.0641,4.11759799833194,1.37608385686463,0.451685660266874,1.30108445697626,0.601283991047423,33.3877563865537,51.0347891166449,14.7976986383577,0.969,3.95608738968062,3.43920674799665,0.832442903389189,0.505112958942417
1997-01-25,2.8,240.45,-4.43,-4.43,262.56,0.8895146260387811,658.41,27.06629,750.88,3.17552224503765,2.27054970568104,0.715016154973943,0.219528466253919,0.207214753166224,16.85,1.1541095890411,212.45,3.09468317552804,0,-16.0641,4.11759799833194,1.37608385686463,0.451685660266874,1.30108445697626,0.601283991047423,33.3877563865537,51.0347891166449,14.7976986383577,0.969,3.95608738968062,3.43920674799665,0.832442903389189,0.505112958942417
1997-01-26,0.29,278.24,-4.97,-4.97,238.9,0.8862563307053057,658.41,27.06629,750.88,3.17552224503765,2.27054970568104,0.715016154973943,0.219528466253919,0.207214753166224,16.85,1.1541095890411,212.45,3.09468317552804,0,-16.0641,4.11759799833194,1.37608385686463,0.451685660266874,1.30108445697626,0.601283991047423,33.3877563865537,51.0347891166449,14.7976986383577,0.969,3.95608738968062,3.43920674799665,0.832442903389189,0.505112958942417
1997-01-27,3.13,240.77,-10.61,-10.61,174.53,0.6809837246963562,658.41,27.06629,750.88,3.17552224503765,2.27054970568104,0.715016154973943,0.219528466253919,0.207214753166224,16.85,1.1541095890411,212.45,3.09468317552804,0,-16.0641,4.11759799833194,1.37608385686463,0.451685660266874,1.30108445697626,0.601283991047423,33.3877563865537,51.0347891166449,14.7976986383577,0.969,3.95608738968062,3.43920674799665,0.832442903389189,0.505112958942417
1997-01-28,0.9,243.62,-6.07,-6.07,239.2,0.7070500873641594,658.41,27.06629,750.88,3.17552224503765,2.27054970568104,0.715016154973943,0.219528466253919,0.207214753166224,16.85,1.1541095890411,212.45,3.09468317552804,0,-16.0641,4.11759799833194,1.37608385686463,0.451685660266874,1.30108445697626,0.601283991047423,33.3877563865537,51.0347891166449,14.7976986383577,0.969,3.95608738968062,3.43920674799665,0.832442903389189,0.505112958942417
1997-01-29,0.05,326.55,-10.79,-10.79,149.24,0.62885099936075,658.41,27.06629,750.88,3.17552224503765,2.27054970568104,0.715016154973943,0.219528466253919,0.207214753166224,16.85,1.1541095890411,212.45,3.09468317552804,0,-16.0641,4.11759799833194,1.37608385686463,0.451685660266874,1.30108445697626,0.601283991047423,33.3877563865537,51.0347891166449,14.7976986383577,0.969,3.95608738968062,3.43920674799665,0.832442903389189,0.505112958942417
1997-01-30,0.01,332.45,-11.27,-11.27,156.61,0.7005334966972085,658.41,27.06629,750.88,3.17552224503765,2.27054970568104,0.715016154973943,0.219528466253919,0.207214753166224,16.85,1.1541095890411,212.45,3.09468317552804,0,-16.0641,4.11759799833194,1.37608385686463,0.451685660266874,1.30108445697626,0.601283991047423,33.3877563865537,51.0347891166449,14.7976986383577,0.969,3.95608738968062,3.43920674799665,0.832442903389189,0.505112958942417
1997-01-31,1.94,237.24,-6.07,-6.07,274.33,0.7233415640315363,658.41,27.06629,750.88,3.17552224503765,2.27054970568104,0.715016154973943,0.219528466253919,0.207214753166224,16.85,1.1541095890411,212.45,3.09468317552804,0,-16.0641,4.11759799833194,1.37608385686463,0.451685660266874,1.30108445697626,0.601283991047423,33.3877563865537,51.0347891166449,14.7976986383577,0.969,3.95608738968062,3.43920674799665,0.832442903389189,0.505112958942417
1997-02-01,0.51,264.05,-1.14,-1.14,409.74,0.6581756573620285,658.41,27.06629,750.88,3.17552224503765,2.27054970568104,0.715016154973943,0.219528466253919,0.207214753166224,16.85,1.1541095890411,212.45,3.09468317552804,0,-16.0641,4.11759799833194,1.37608385686463,0.451685660266874,1.30108445697626,0.601283991047423,33.3877563865537,51.0347891166449,14.7976986383577,0.969,3.95608738968062,3.43920674799665,0.832442903389189,0.505112958942417
1997-02-02,0.18,188.88,-0.92,-0.92,436.25,0.5995263413594715,658.41,27.06629,750.88,3.17552224503765,2.27054970568104,0.715016154973943,0.219528466253919,0.207214753166224,16.85,1.1541095890411,212.45,3.09468317552804,0,-16.0641,4.11759799833194,1.37608385686463,0.451685660266874,1.30108445697626,0.601283991047423,33.3877563865537,51.0347891166449,14.7976986383577,0.969,3.95608738968062,3.43920674799665,0.832442903389189,0.505112958942417
1997-02-03,0.05,283.43,0.68,0.68,454.61,0.5995263413594715,658.41,27.06629,750.88,3.17552224503765,2.27054970568104,0.715016154973943,0.219528466253919,0.207214753166224,16.85,1.1541095890411,212.45,3.09468317552804,0,-16.0641,4.11759799833194,1.37608385686463,0.451685660266874,1.30108445697626,0.601283991047423,33.3877563865537,51.0347891166449,14.7976986383577,0.969,3.95608738968062,3.43920674799665,0.832442903389189,0.505112958942417
1997-02-04,12.16,248.36,-2.64,-2.64,359.37,0.5767182740251438,658.41,27.06629,750.88,3.17552224503765,2.27054970568104,0.715016154973943,0.219528466253919,0.207214753166224,16.85,1.1541095890411,212.45,3.09468317552804,0,-16.0641,4.11759799833194,1.37608385686463,0.451685660266874,1.30108445697626,0.601283991047423,33.3877563865537,51.0347891166449,14.7976986383577,0.969,3.95608738968062,3.43920674799665,0.832442903389189,0.505112958942417
1997-02-05,3.4,177.35,-0.41,-0.41,445.59,1.0165881440443214,658.41,27.06629,750.88,3.17552224503765,2.27054970568104,0.715016154973943,0.219528466253919,0.207214753166224,16.85,1.1541095890411,212.45,3.09468317552804,0,-16.0641,4.11759799833194,1.37608385686463,0.451685660266874,1.30108445697626,0.601283991047423,33.3877563865537,51.0347891166449,14.7976986383577,0.969,3.95608738968062,3.43920674799665,0.832442903389189,0.505112958942417
1997-02-06,0.06,285.85,-2.43,-2.43,369.43,0.8732231493714042,658.41,27.06629,750.88,3.17552224503765,2.27054970568104,0.715016154973943,0.219528466253919,0.207214753166224,16.85,1.1541095890411,212.45,3.09468317552804,0,-16.0641,4.11759799833194,1.37608385686463,0.451685660266874,1.30108445697626,0.601283991047423,33.3877563865537,51.0347891166449,14.7976986383577,0.969,3.95608738968062,3.43920674799665,0.832442903389189,0.505112958942417
1997-02-07,0.0,198.28,-2.89,-2.89,363.52,0.729858154698487,658.41,27.06629,750.88,3.17552224503765,2.27054970568104,0.715016154973943,0.219528466253919,0.207214753166224,16.85,1.1541095890411,212.45,3.09468317552804,0,-16.0641,4.11759799833194,1.37608385686463,0.451685660266874,1.30108445697626,0.601283991047423,33.3877563865537,51.0347891166449,14.7976986383577,0.969,3.95608738968062,3.43920674799665,0.832442903389189,0.505112958942417
1997-02-08,0.0,259.95,-3.89,-3.89,315.59,0.6679505433624546,658.41,27.06629,750.88,3.17552224503765,2.27054970568104,0.715016154973943,0.219528466253919,0.207214753166224,16.85,1.1541095890411,212.45,3.09468317552804,0,-16.0641,4.11759799833194,1.37608385686463,0.451685660266874,1.30108445697626,0.601283991047423,33.3877563865537,51.0347891166449,14.7976986383577,0.969,3.95608738968062,3.43920674799665,0.832442903389189,0.505112958942417
1997-02-09,0.0,360.58,-8.12,-8.12,199.71,0.58649316002557,658.41,27.06629,750.88,3.17552224503765,2.27054970568104,0.715016154973943,0.219528466253919,0.207214753166224,16.85,1.1541095890411,212.45,3.09468317552804,0,-16.0641,4.11759799833194,1.37608385686463,0.451685660266874,1.30108445697626,0.601283991047423,33.3877563865537,51.0347891166449,14.7976986383577,0.969,3.95608738968062,3.43920674799665,0.832442903389189,0.505112958942417
1997-02-10,0.08,302.75,-8.02,-8.02,185.77,0.4887443000213083,658.41,27.06629,750.88,3.17552224503765,2.27054970568104,0.715016154973943,0.219528466253919,0.207214753166224,16.85,1.1541095890411,212.45,3.09468317552804,0,-16.0641,4.11759799833194,1.37608385686463,0.451685660266874,1.30108445697626,0.601283991047423,33.3877563865537,51.0347891166449,14.7976986383577,0.969,3.95608738968062,3.43920674799665,0.832442903389189,0.505112958942417
1997-02-11,0.69,243.68,-6.62,-6.62,234.46,0.4887443000213083,658.41,27.06629,750.88,3.17552224503765,2.27054970568104,0.715016154973943,0.219528466253919,0.207214753166224,16.85,1.1541095890411,212.45,3.09468317552804,0,-16.0641,4.11759799833194,1.37608385686463,0.451685660266874,1.30108445697626,0.601283991047423,33.3877563865537,51.0347891166449,14.7976986383577,0.969,3.95608738968062,3.43920674799665,0.832442903389189,0.505112958942417
1997-02-12,1.61,252.09,-5.9,-5.9,240.98,0.45616134668655445,658.41,27.06629,750.88,3.17552224503765,2.27054970568104,0.715016154973943,0.219528466253919,0.207214753166224,16.85,1.1541095890411,212.45,3.09468317552804,0,-16.0641,4.11759799833194,1.37608385686463,0.451685660266874,1.30108445697626,0.601283991047423,33.3877563865537,51.0347891166449,14.7976986383577,0.969,3.95608738968062,3.43920674799665,0.832442903389189,0.505112958942417
1997-02-13,3.51,319.35,-12.07,-12.07,117.69,0.42357839335180053,658.41,27.06629,750.88,3.17552224503765,2.27054970568104,0.715016154973943,0.219528466253919,0.207214753166224,16.85,1.1541095890411,212.45,3.09468317552804,0,-16.0641,4.11759799833194,1.37608385686463,0.451685660266874,1.30108445697626,0.601283991047423,33.3877563865537,51.0347891166449,14.7976986383577,0.969,3.95608738968062,3.43920674799665,0.832442903389189,0.505112958942417
1997-02-14,1.05,313.02,-9.48,-9.48,172.61,0.45616134668655445,658.41,27.06629,750.88,3.17552224503765,2.27054970568104,0.715016154973943,0.219528466253919,0.207214753166224,16.85,1.1541095890411,212.45,3.09468317552804,0,-16.0641,4.11759799833194,1.37608385686463,0.451685660266874,1.30108445697626,0.601283991047423,33.3877563865537,51.0347891166449,14.7976986383577,0.969,3.95608738968062,3.43920674799665,0.832442903389189,0.505112958942417
1997-02-15,0.24,206.22,-2.76,-2.76,324.52,0.42357839335180053,658.41,27.06629,750.88,3.17552224503765,2.27054970568104,0.715016154973943,0.219528466253919,0.207214753166224,16.85,1.1541095890411,212.45,3.09468317552804,0,-16.0641,4.11759799833194,1.37608385686463,0.451685660266874,1.30108445697626,0.601283991047423,33.3877563865537,51.0347891166449,14.7976986383577,0.969,3.95608738968062,3.43920674799665,0.832442903389189,0.505112958942417
1997-02-16,4.38,325.91,-9.23,-9.23,153.68,0.42357839335180053,658.41,27.06629,750.88,3.17552224503765,2.27054970568104,0.715016154973943,0.219528466253919,0.207214753166224,16.85,1.1541095890411,212.45,3.09468317552804,0,-16.0641,4.11759799833194,1.37608385686463,0.451685660266874,1.30108445697626,0.601283991047423,33.3877563865537,51.0347891166449,14.7976986383577,0.969,3.95608738968062,3.43920674799665,0.832442903389189,0.505112958942417
1997-02-17,1.4,404.01,-11.98,-11.98,123.79,0.45616134668655445,658.41,27.06629,750.88,3.17552224503765,2.27054970568104,0.715016154973943,0.219528466253919,0.207214753166224,16.85,1.1541095890411,212.45,3.09468317552804,0,-16.0641,4.11759799833194,1.37608385686463,0.451685660266874,1.30108445697626,0.601283991047423,33.3877563865537,51.0347891166449,14.7976986383577,0.969,3.95608738968062,3.43920674799665,0.832442903389189,0.505112958942417
1997-02-18,0.07,419.33,-5.29,-5.29,287.11,0.49526089068825907,658.41,27.06629,750.88,3.17552224503765,2.27054970568104,0.715016154973943,0.219528466253919,0.207214753166224,16.85,1.1541095890411,212.45,3.09468317552804,0,-16.0641,4.11759799833194,1.37608385686463,0.451685660266874,1.30108445697626,0.601283991047423,33.3877563865537,51.0347891166449,14.7976986383577,0.969,3.95608738968062,3.43920674799665,0.832442903389189,0.505112958942417
1997-02-19,2.6,272.08,6.63,6.63,640.84,1.7920624334114639,658.41,27.06629,750.88,3.17552224503765,2.27054970568104,0.715016154973943,0.219528466253919,0.207214753166224,16.85,1.1541095890411,212.45,3.09468317552804,0,-16.0641,4.11759799833194,1.37608385686463,0.451685660266874,1.30108445697626,0.601283991047423,33.3877563865537,51.0347891166449,14.7976986383577,0.969,3.95608738968062,3.43920674799665,0.832442903389189,0.505112958942417
1997-02-20,0.69,411.93,2.63,2.63,442.46,3.9099544001704665,658.41,27.06629,750.88,3.17552224503765,2.27054970568104,0.715016154973943,0.219528466253919,0.207214753166224,16.85,1.1541095890411,212.45,3.09468317552804,0,-16.0641,4.11759799833194,1.37608385686463,0.451685660266874,1.30108445697626,0.601283991047423,33.3877563865537,51.0347891166449,14.7976986383577,0.969,3.95608738968062,3.43920674799665,0.832442903389189,0.505112958942417
1997-02-21,0.42,309.42,3.91,3.91,537.06,5.343604346899637,658.41,27.06629,750.88,3.17552224503765,2.27054970568104,0.715016154973943,0.219528466253919,0.207214753166224,16.85,1.1541095890411,212.45,3.09468317552804,0,-16.0641,4.11759799833194,1.37608385686463,0.451685660266874,1.30108445697626,0.601283991047423,33.3877563865537,51.0347891166449,14.7976986383577,0.969,3.95608738968062,3.43920674799665,0.832442903389189,0.505112958942417
1997-02-22,0.19,310.58,8.61,8.61,665.97,8.829980353718303,658.41,27.06629,750.88,3.17552224503765,2.27054970568104,0.715016154973943,0.219528466253919,0.207214753166224,16.85,1.1541095890411,212.45,3.09468317552804,0,-16.0641,4.11759799833194,1.37608385686463,0.451685660266874,1.30108445697626,0.601283991047423,33.3877563865537,51.0347891166449,14.7976986383577,0.969,3.95608738968062,3.43920674799665,0.832442903389189,0.505112958942417
1997-02-23,0.36,334.6,0.7,0.7,333.42,4.52903051353079,658.41,27.06629,750.88,3.17552224503765,2.27054970568104,0.715016154973943,0.219528466253919,0.207214753166224,16.85,1.1541095890411,212.45,3.09468317552804,0,-16.0641,4.11759799833194,1.37608385686463,0.451685660266874,1.30108445697626,0.601283991047423,33.3877563865537,51.0347891166449,14.7976986383577,0.969,3.95608738968062,3.43920674799665,0.832442903389189,0.505112958942417
1997-02-24,0.31,276.74,-3.42,-3.42,259.95,3.2159374941402086,658.41,27.06629,750.88,3.17552224503765,2.27054970568104,0.715016154973943,0.219528466253919,0.207214753166224,16.85,1.1541095890411,212.45,3.09468317552804,0,-16.0641,4.11759799833194,1.37608385686463,0.451685660266874,1.30108445697626,0.601283991047423,33.3877563865537,51.0347891166449,14.7976986383577,0.969,3.95608738968062,3.43920674799665,0.832442903389189,0.505112958942417
1997-02-25,0.06,438.18,-9.6,-9.6,160.97,2.313389686767526,658.41,27.06629,750.88,3.17552224503765,2.27054970568104,0.715016154973943,0.219528466253919,0.207214753166224,16.85,1.1541095890411,212.45,3.09468317552804,0,-16.0641,4.11759799833194,1.37608385686463,0.451685660266874,1.30108445697626,0.601283991047423,33.3877563865537,51.0347891166449,14.7976986383577,0.969,3.95608738968062,3.43920674799665,0.832442903389189,0.505112958942417
1997-02-26,23.07,346.09,-5.63,-5.63,270.98,1.9549772000852332,658.41,27.06629,750.88,3.17552224503765,2.27054970568104,0.715016154973943,0.219528466253919,0.207214753166224,16.85,1.1541095890411,212.45,3.09468317552804,0,-16.0641,4.11759799833194,1.37608385686463,0.451685660266874,1.30108445697626,0.601283991047423,33.3877563865537,51.0347891166449,14.7976986383577,0.969,3.95608738968062,3.43920674799665,0.832442903389189,0.505112958942417
1997-02-27,9.25,314.63,4.53,4.53,551.4,12.283773407202217,658.41,27.06629,750.88,3.17552224503765,2.27054970568104,0.715016154973943,0.219528466253919,0.207214753166224,16.85,1.1541095890411,212.45,3.09468317552804,0,-16.0641,4.11759799833194,1.37608385686463,0.451685660266874,1.30108445697626,0.601283991047423,33.3877563865537,51.0347891166449,14.7976986383577,0.969,3.95608738968062,3.43920674799665,0.832442903389189,0.505112958942417
1997-02-28,0.84,453.95,5.42,5.42,477.52,6.842420200298316,658.41,27.06629,750.88,3.17552224503765,2.27054970568104,0.715016154973943,0.219528466253919,0.207214753166224,16.85,1.1541095890411,212.45,3.09468317552804,0,-16.0641,4.11759799833194,1.37608385686463,0.451685660266874,1.30108445697626,0.601283991047423,33.3877563865537,51.0347891166449,14.7976986383577,0.969,3.95608738968062,3.43920674799665,0.832442903389189,0.505112958942417
1997-03-01,3.81,309.97,3.14,3.14,490.63,4.235783933518006,658.41,27.06629,750.88,3.17552224503765,2.27054970568104,0.715016154973943,0.219528466253919,0.207214753166224,16.85,1.1541095890411,212.45,3.09468317552804,0,-16.0641,4.11759799833194,1.37608385686463,0.451685660266874,1.30108445697626,0.601283991047423,33.3877563865537,51.0347891166449,14.7976986383577,0.969,3.95608738968062,3.43920674799665,0.832442903389189,0.505112958942417
1997-03-02,1.69,327.45,6.28,6.28,600.51,5.604267973577668,658.41,27.06629,750.88,3.17552224503765,2.27054970568104,0.715016154973943,0.219528466253919,0.207214753166224,16.85,1.1541095890411,212.45,3.09468317552804,0,-16.0641,4.11759799833194,1.37608385686463,0.451685660266874,1.30108445697626,0.601283991047423,33.3877563865537,51.0347891166449,14.7976986383577,0.969,3.95608738968062,3.43920674799665,0.832442903389189,0.505112958942417
1997-03-03,3.99,326.68,2.62,2.62,448.99,4.072869166844236,658.41,27.06629,750.88,3.17552224503765,2.27054970568104,0.715016154973943,0.219528466253919,0.207214753166224,16.85,1.1541095890411,212.45,3.09468317552804,0,-16.0641,4.11759799833194,1.37608385686463,0.451685660266874,1.30108445697626,0.601283991047423,33.3877563865537,51.0347891166449,14.7976986383577,0.969,3.95608738968062,3.43920674799665,0.832442903389189,0.505112958942417
1997-03-04,1.01,214.98,-0.7,-0.7,431.41,3.3886271468144042,658.41,27.06629,750.88,3.17552224503765,2.27054970568104,0.715016154973943,0.219528466253919,0.207214753166224,16.85,1.1541095890411,212.45,3.09468317552804,0,-16.0641,4.11759799833194,1.37608385686463,0.451685660266874,1.30108445697626,0.601283991047423,33.3877563865537,51.0347891166449,14.7976986383577,0.969,3.95608738968062,3.43920674799665,0.832442903389189,0.505112958942417
1997-03-05,12.11,226.3,0.72,0.72,492.37,3.3234612401448964,658.41,27.06629,750.88,3.17552224503765,2.27054970568104,0.715016154973943,0.219528466253919,0.207214753166224,16.85,1.1541095890411,212.45,3.09468317552804,0,-16.0641,4.11759799833194,1.37608385686463,0.451685660266874,1.30108445697626,0.601283991047423,33.3877563865537,51.0347891166449,14.7976986383577,0.969,3.95608738968062,3.43920674799665,0.832442903389189,0.505112958942417
1997-03-06,5.1,303.47,1.09,1.09,429.72,6.7772542936288085,658.41,27.06629,750.88,3.17552224503765,2.27054970568104,0.715016154973943,0.219528466253919,0.207214753166224,16.85,1.1541095890411,212.45,3.09468317552804,0,-16.0641,4.11759799833194,1.37608385686463,0.451685660266874,1.30108445697626,0.601283991047423,33.3877563865537,51.0347891166449,14.7976986383577,0.969,3.95608738968062,3.43920674799665,0.832442903389189,0.505112958942417
1997-03-07,1.41,335.74,-4.06,-4.06,279.41,3.9751203068399743,658.41,27.06629,750.88,3.17552224503765,2.27054970568104,0.715016154973943,0.219528466253919,0.207214753166224,16.85,1.1541095890411,212.45,3.09468317552804,0,-16.0641,4.11759799833194,1.37608385686463,0.451685660266874,1.30108445697626,0.601283991047423,33.3877563865537,51.0347891166449,14.7976986383577,0.969,3.95608738968062,3.43920674799665,0.832442903389189,0.505112958942417
1997-03-08,1.07,312.05,-3.73,-3.73,280.45,3.486376006818666,658.41,27.06629,750.88,3.17552224503765,2.27054970568104,0.715016154973943,0.219528466253919,0.207214753166224,16.85,1.1541095890411,212.45,3.09468317552804,0,-16.0641,4.11759799833194,1.37608385686463,0.451685660266874,1.30108445697626,0.601283991047423,33.3877563865537,51.0347891166449,14.7976986383577,0.969,3.95608738968062,3.43920674799665,0.832442903389189,0.505112958942417
1997-03-09,1.87,376.57,-4.99,-4.99,239.1,2.9389823907948007,658.41,27.06629,750.88,3.17552224503765,2.27054970568104,0.715016154973943,0.219528466253919,0.207214753166224,16.85,1.1541095890411,212.45,3.09468317552804,0,-16.0641,4.11759799833194,1.37608385686463,0.451685660266874,1.30108445697626,0.601283991047423,33.3877563865537,51.0347891166449,14.7976986383577,0.969,3.95608738968062,3.43920674799665,0.832442903389189,0.505112958942417
1997-03-10,1.12,336.21,-1.69,-1.69,340.73,2.831458644790113,658.41,27.06629,750.88,3.17552224503765,2.27054970568104,0.715016154973943,0.219528466253919,0.207214753166224,16.85,1.1541095890411,212.45,3.09468317552804,0,-16.0641,4.11759799833194,1.37608385686463,0.451685660266874,1.30108445697626,0.601283991047423,33.3877563865537,51.0347891166449,14.7976986383577,0.969,3.95608738968062,3.43920674799665,0.832442903389189,0.505112958942417
1997-03-11,0.19,373.29,1.11,1.11,411.22,2.6164111527807368,658.41,27.06629,750.88,3.17552224503765,2.27054970568104,0.715016154973943,0.219528466253919,0.207214753166224,16.85,1.1541095890411,212.45,3.09468317552804,0,-16.0641,4.11759799833194,1.37608385686463,0.451685660266874,1.30108445697626,0.601283991047423,33.3877563865537,51.0347891166449,14.7976986383577,0.969,3.95608738968062,3.43920674799665,0.832442903389189,0.505112958942417
1997-03-12,0.0,446.13,-3.34,-3.34,269.88,2.0820507180907732,658.41,27.06629,750.88,3.17552224503765,2.27054970568104,0.715016154973943,0.219528466253919,0.207214753166224,16.85,1.1541095890411,212.45,3.09468317552804,0,-16.0641,4.11759799833194,1.37608385686463,0.451685660266874,1.30108445697626,0.601283991047423,33.3877563865537,51.0347891166449,14.7976986383577,0.969,3.95608738968062,3.43920674799665,0.832442903389189,0.505112958942417
1997-03-13,9.48,379.94,-6.03,-6.03,215.39,1.7301548220754313,658.41,27.06629,750.88,3.17552224503765,2.27054970568104,0.715016154973943,0.219528466253919,0.207214753166224,16.85,1.1541095890411,212.45,3.09468317552804,0,-16.0641,4.11759799833194,1.37608385686463,0.451685660266874,1.30108445697626,0.601283991047423,33.3877563865537,51.0347891166449,14.7976986383577,0.969,3.95608738968062,3.43920674799665,0.832442903389189,0.505112958942417
1997-03-14,5.84,339.02,-4.22,-4.22,272.29,1.9973350394204132,658.41,27.06629,750.88,3.17552224503765,2.27054970568104,0.715016154973943,0.219528466253919,0.207214753166224,16.85,1.1541095890411,212.45,3.09468317552804,0,-16.0641,4.11759799833194,1.37608385686463,0.451685660266874,1.30108445697626,0.601283991047423,33.3877563865537,51.0347891166449,14.7976986383577,0.969,3.95608738968062,3.43920674799665,0.832442903389189,0.505112958942417
1997-03-15,1.57,334.67,-2.69,-2.69,296.36,2.271031847432346,658.41,27.06629,750.88,3.17552224503765,2.27054970568104,0.715016154973943,0.219528466253919,0.207214753166224,16.85,1.1541095890411,212.45,3.09468317552804,0,-16.0641,4.11759799833194,1.37608385686463,0.451685660266874,1.30108445697626,0.601283991047423,33.3877563865537,51.0347891166449,14.7976986383577,0.969,3.95608738968062,3.43920674799665,0.832442903389189,0.505112958942417
1997-03-16,0.18,434.53,-7.67,-7.67,201.15,1.668247210739399,658.41,27.06629,750.88,3.17552224503765,2.27054970568104,0.715016154973943,0.219528466253919,0.207214753166224,16.85,1.1541095890411,212.45,3.09468317552804,0,-16.0641,4.11759799833194,1.37608385686463,0.451685660266874,1.30108445697626,0.601283991047423,33.3877563865537,51.0347891166449,14.7976986383577,0.969,3.95608738968062,3.43920674799665,0.832442903389189,0.505112958942417
1997-03-17,0.0,468.81,-7.52,-7.52,226.45,1.4890409673982525,658.41,27.06629,750.88,3.17552224503765,2.27054970568104,0.715016154973943,0.219528466253919,0.207214753166224,16.85,1.1541095890411,212.45,3.09468317552804,0,-16.0641,4.11759799833194,1.37608385686463,0.451685660266874,1.30108445697626,0.601283991047423,33.3877563865537,51.0347891166449,14.7976986383577,0.969,3.95608738968062,3.43920674799665,0.832442903389189,0.505112958942417
1997-03-18,0.0,417.05,-0.87,-0.87,353.66,1.593306418069465,658.41,27.06629,750.88,3.17552224503765,2.27054970568104,0.715016154973943,0.219528466253919,0.207214753166224,16.85,1.1541095890411,212.45,3.09468317552804,0,-16.0641,4.11759799833194,1.37608385686463,0.451685660266874,1.30108445697626,0.601283991047423,33.3877563865537,51.0347891166449,14.7976986383577,0.969,3.95608738968062,3.43920674799665,0.832442903389189,0.505112958942417
1997-03-19,0.0,490.35,-3.33,-3.33,278.28,1.5313988067334328,658.41,27.06629,750.88,3.17552224503765,2.27054970568104,0.715016154973943,0.219528466253919,0.207214753166224,16.85,1.1541095890411,212.45,3.09468317552804,0,-16.0641,4.11759799833194,1.37608385686463,0.451685660266874,1.30108445697626,0.601283991047423,33.3877563865537,51.0347891166449,14.7976986383577,0.969,3.95608738968062,3.43920674799665,0.832442903389189,0.505112958942417
1997-03-20,0.0,503.49,-0.94,-0.94,322.72,1.5574651694012358,658.41,27.06629,750.88,3.17552224503765,2.27054970568104,0.715016154973943,0.219528466253919,0.207214753166224,16.85,1.1541095890411,212.45,3.09468317552804,0,-16.0641,4.11759799833194,1.37608385686463,0.451685660266874,1.30108445697626,0.601283991047423,33.3877563865537,51.0347891166449,14.7976986383577,0.969,3.95608738968062,3.43920674799665,0.832442903389189,0.505112958942417
1997-03-21,6.84,340.6,-0.12,-0.12,385.3,1.401066993394417,658.41,27.06629,750.88,3.17552224503765,2.27054970568104,0.715016154973943,0.219528466253919,0.207214753166224,16.85,1.1541095890411,212.45,3.09468317552804,0,-16.0641,4.11759799833194,1.37608385686463,0.451685660266874,1.30108445697626,0.601283991047423,33.3877563865537,51.0347891166449,14.7976986383577,0.969,3.95608738968062,3.43920674799665,0.832442903389189,0.505112958942417
1997-03-22,2.42,398.58,2.47,2.47,402.04,3.35604419347965,658.41,27.06629,750.88,3.17552224503765,2.27054970568104,0.715016154973943,0.219528466253919,0.207214753166224,16.85,1.1541095890411,212.45,3.09468317552804,0,-16.0641,4.11759799833194,1.37608385686463,0.451685660266874,1.30108445697626,0.601283991047423,33.3877563865537,51.0347891166449,14.7976986383577,0.969,3.95608738968062,3.43920674799665,0.832442903389189,0.505112958942417
1997-03-23,0.16,500.81,-5.11,-5.11,221.55,2.085309013424249,658.41,27.06629,750.88,3.17552224503765,2.27054970568104,0.715016154973943,0.219528466253919,0.207214753166224,16.85,1.1541095890411,212.45,3.09468317552804,0,-16.0641,4.11759799833194,1.37608385686463,0.451685660266874,1.30108445697626,0.601283991047423,33.3877563865537,51.0347891166449,14.7976986383577,0.969,3.95608738968062,3.43920674799665,0.832442903389189,0.505112958942417
1997-03-24,0.05,430.45,-6.52,-6.52,218.14,1.7822875474110376,658.41,27.06629,750.88,3.17552224503765,2.27054970568104,0.715016154973943,0.219528466253919,0.207214753166224,16.85,1.1541095890411,212.45,3.09468317552804,0,-16.0641,4.11759799833194,1.37608385686463,0.451685660266874,1.30108445697626,0.601283991047423,33.3877563865537,51.0347891166449,14.7976986383577,0.969,3.95608738968062,3.43920674799665,0.832442903389189,0.505112958942417
1997-03-25,16.45,393.59,-0.99,-0.99,351.2,1.9321691327509054,658.41,27.06629,750.88,3.17552224503765,2.27054970568104,0.715016154973943,0.219528466253919,0.207214753166224,16.85,1.1541095890411,212.45,3.09468317552804,0,-16.0641,4.11759799833194,1.37608385686463,0.451685660266874,1.30108445697626,0.601283991047423,33.3877563865537,51.0347891166449,14.7976986383577,0.969,3.95608738968062,3.43920674799665,0.832442903389189,0.505112958942417
1997-03-26,4.52,464.65,2.66,2.66,460.72,6.972752013637332,658.41,27.06629,750.88,3.17552224503765,2.27054970568104,0.715016154973943,0.219528466253919,0.207214753166224,16.85,1.1541095890411,212.45,3.09468317552804,0,-16.0641,4.11759799833194,1.37608385686463,0.451685660266874,1.30108445697626,0.601283991047423,33.3877563865537,51.0347891166449,14.7976986383577,0.969,3.95608738968062,3.43920674799665,0.832442903389189,0.505112958942417
1997-03-27,0.05,435.66,2.72,2.72,487.43,3.5515419134881734,658.41,27.06629,750.88,3.17552224503765,2.27054970568104,0.715016154973943,0.219528466253919,0.207214753166224,16.85,1.1541095890411,212.45,3.09468317552804,0,-16.0641,4.11759799833194,1.37608385686463,0.451685660266874,1.30108445697626,0.601283991047423,33.3877563865537,51.0347891166449,14.7976986383577,0.969,3.95608738968062,3.43920674799665,0.832442903389189,0.505112958942417
1997-03-28,0.04,509.64,6.81,6.81,571.84,3.1833545408054547,658.41,27.06629,750.88,3.17552224503765,2.27054970568104,0.715016154973943,0.219528466253919,0.207214753166224,16.85,1.1541095890411,212.45,3.09468317552804,0,-16.0641,4.11759799833194,1.37608385686463,0.451685660266874,1.30108445697626,0.601283991047423,33.3877563865537,51.0347891166449,14.7976986383577,0.969,3.95608738968062,3.43920674799665,0.832442903389189,0.505112958942417
1997-03-29,3.99,405.06,11.04,11.04,741.11,3.3886271468144042,658.41,27.06629,750.88,3.17552224503765,2.27054970568104,0.715016154973943,0.219528466253919,0.207214753166224,16.85,1.1541095890411,212.45,3.09468317552804,0,-16.0641,4.11759799833194,1.37608385686463,0.451685660266874,1.30108445697626,0.601283991047423,33.3877563865537,51.0347891166449,14.7976986383577,0.969,3.95608738968062,3.43920674799665,0.832442903389189,0.505112958942417
1997-03-30,5.79,361.38,9.22,9.22,683.26,3.4537930534839116,658.41,27.06629,750.88,3.17552224503765,2.27054970568104,0.715016154973943,0.219528466253919,0.207214753166224,16.85,1.1541095890411,212.45,3.09468317552804,0,-16.0641,4.11759799833194,1.37608385686463,0.451685660266874,1.30108445697626,0.601283991047423,33.3877563865537,51.0347891166449,14.7976986383577,0.969,3.95608738968062,3.43920674799665,0.832442903389189,0.505112958942417
1997-03-31,3.82,420.37,1.58,1.58,386.1,3.9751203068399743,658.41,27.06629,750.88,3.17552224503765,2.27054970568104,0.715016154973943,0.219528466253919,0.207214753166224,16.85,1.1541095890411,212.45,3.09468317552804,0,-16.0641,4.11759799833194,1.37608385686463,0.451685660266874,1.30108445697626,0.601283991047423,33.3877563865537,51.0347891166449,14.7976986383577,0.969,3.95608738968062,3.43920674799665,0.832442903389189,0.505112958942417
1997-04-01,0.72,408.55,-1.36,-1.36,348.45,3.0074065927977838,658.41,27.06629,750.88,3.17552224503765,2.27054970568104,0.715016154973943,0.219528466253919,0.207214753166224,16.85,1.1541095890411,212.45,3.09468317552804,0,-16.0641,4.11759799833194,1.37608385686463,0.451685660266874,1.30108445697626,0.601283991047423,33.3877563865537,51.0347891166449,14.7976986383577,0.969,3.95608738968062,3.43920674799665,0.832442903389189,0.505112958942417
1997-04-02,0.01,547.35,0.91,0.91,380.44,2.655510696782442,658.41,27.06629,750.88,3.17552224503765,2.27054970568104,0.715016154973943,0.219528466253919,0.207214753166224,16.85,1.1541095890411,212.45,3.09468317552804,0,-16.0641,4.11759799833194,1.37608385686463,0.451685660266874,1.30108445697626,0.601283991047423,33.3877563865537,51.0347891166449,14.7976986383577,0.969,3.95608738968062,3.43920674799665,0.832442903389189,0.505112958942417
1997-04-03,0.0,562.43,4.96,4.96,474.41,2.2840650287662476,658.41,27.06629,750.88,3.17552224503765,2.27054970568104,0.715016154973943,0.219528466253919,0.207214753166224,16.85,1.1541095890411,212.45,3.09468317552804,0,-16.0641,4.11759799833194,1.37608385686463,0.451685660266874,1.30108445697626,0.601283991047423,33.3877563865537,51.0347891166449,14.7976986383577,0.969,3.95608738968062,3.43920674799665,0.832442903389189,0.505112958942417
1997-04-04,0.0,551.85,9.01,9.01,627.21,2.033176288088643,658.41,27.06629,750.88,3.17552224503765,2.27054970568104,0.715016154973943,0.219528466253919,0.207214753166224,16.85,1.1541095890411,212.45,3.09468317552804,0,-16.0641,4.11759799833194,1.37608385686463,0.451685660266874,1.30108445697626,0.601283991047423,33.3877563865537,51.0347891166449,14.7976986383577,0.969,3.95608738968062,3.43920674799665,0.832442903389189,0.505112958942417
1997-04-05,1.25,494.99,10.66,10.66,746.7,1.8050956147453652,658.41,27.06629,750.88,3.17552224503765,2.27054970568104,0.715016154973943,0.219528466253919,0.207214753166224,16.85,1.1541095890411,212.45,3.09468317552804,0,-16.0641,4.11759799833194,1.37608385686463,0.451685660266874,1.30108445697626,0.601283991047423,33.3877563865537,51.0347891166449,14.7976986383577,0.969,3.95608738968062,3.43920674799665,0.832442903389189,0.505112958942417
1997-04-06,0.41,447.27,12.44,12.44,819.02,1.668247210739399,658.41,27.06629,750.88,3.17552224503765,2.27054970568104,0.715016154973943,0.219528466253919,0.207214753166224,16.85,1.1541095890411,212.45,3.09468317552804,0,-16.0641,4.11759799833194,1.37608385686463,0.451685660266874,1.30108445697626,0.601283991047423,33.3877563865537,51.0347891166449,14.7976986383577,0.969,3.95608738968062,3.43920674799665,0.832442903389189,0.505112958942417
1997-04-07,0.02,562.41,12.4,12.4,675.89,1.5248822160664819,658.41,27.06629,750.88,3.17552224503765,2.27054970568104,0.715016154973943,0.219528466253919,0.207214753166224,16.85,1.1541095890411,212.45,3.09468317552804,0,-16.0641,4.11759799833194,1.37608385686463,0.451685660266874,1.30108445697626,0.601283991047423,33.3877563865537,51.0347891166449,14.7976986383577,0.969,3.95608738968062,3.43920674799665,0.832442903389189,0.505112958942417
1997-04-08,0.2,399.74,4.68,4.68,438.23,1.3098347240571062,658.41,27.06629,750.88,3.17552224503765,2.27054970568104,0.715016154973943,0.219528466253919,0.207214753166224,16.85,1.1541095890411,212.45,3.09468317552804,0,-16.0641,4.11759799833194,1.37608385686463,0.451685660266874,1.30108445697626,0.601283991047423,33.3877563865537,51.0347891166449,14.7976986383577,0.969,3.95608738968062,3.43920674799665,0.832442903389189,0.505112958942417
1997-04-09,0.05,565.41,-3.03,-3.03,245.69,1.1632114340507136,658.41,27.06629,750.88,3.17552224503765,2.27054970568104,0.715016154973943,0.219528466253919,0.207214753166224,16.85,1.1541095890411,212.45,3.09468317552804,0,-16.0641,4.11759799833194,1.37608385686463,0.451685660266874,1.30108445697626,0.601283991047423,33.3877563865537,51.0347891166449,14.7976986383577,0.969,3.95608738968062,3.43920674799665,0.832442903389189,0.505112958942417
1997-04-10,0.0,523.65,-4.38,-4.38,253.67,1.049171097379075,658.41,27.06629,750.88,3.17552224503765,2.27054970568104,0.715016154973943,0.219528466253919,0.207214753166224,16.85,1.1541095890411,212.45,3.09468317552804,0,-16.0641,4.11759799833194,1.37608385686463,0.451685660266874,1.30108445697626,0.601283991047423,33.3877563865537,51.0347891166449,14.7976986383577,0.969,3.95608738968062,3.43920674799665,0.832442903389189,0.505112958942417
1997-04-11,0.0,494.82,-0.78,-0.78,357.74,0.9840051907095674,658.41,27.06629,750.88,3.17552224503765,2.27054970568104,0.715016154973943,0.219528466253919,0.207214753166224,16.85,1.1541095890411,212.45,3.09468317552804,0,-16.0641,4.11759799833194,1.37608385686463,0.451685660266874,1.30108445697626,0.601283991047423,33.3877563865537,51.0347891166449,14.7976986383577,0.969,3.95608738968062,3.43920674799665,0.832442903389189,0.505112958942417
1997-04-12,15.15,371.8,1.12,1.12,445.58,1.2935432473897293,658.41,27.06629,750.88,3.17552224503765,2.27054970568104,0.715016154973943,0.219528466253919,0.207214753166224,16.85,1.1541095890411,212.45,3.09468317552804,0,-16.0641,4.11759799833194,1.37608385686463,0.451685660266874,1.30108445697626,0.601283991047423,33.3877563865537,51.0347891166449,14.7976986383577,0.969,3.95608738968062,3.43920674799665,0.832442903389189,0.505112958942417
1997-04-13,5.95,348.4,3.8,3.8,514.18,2.153733215427232,658.41,27.06629,750.88,3.17552224503765,2.27054970568104,0.715016154973943,0.219528466253919,0.207214753166224,16.85,1.1541095890411,212.45,3.09468317552804,0,-16.0641,4.11759799833194,1.37608385686463,0.451685660266874,1.30108445697626,0.601283991047423,33.3877563865537,51.0347891166449,14.7976986383577,0.969,3.95608738968062,3.43920674799665,0.832442903389189,0.505112958942417
1997-04-14,0.52,526.59,0.05,0.05,351.76,1.4466831280630725,658.41,27.06629,750.88,3.17552224503765,2.27054970568104,0.715016154973943,0.219528466253919,0.207214753166224,16.85,1.1541095890411,212.45,3.09468317552804,0,-16.0641,4.11759799833194,1.37608385686463,0.451685660266874,1.30108445697626,0.601283991047423,33.3877563865537,51.0347891166449,14.7976986383577,0.969,3.95608738968062,3.43920674799665,0.832442903389189,0.505112958942417
1997-04-15,0.07,553.21,0.57,0.57,338.49,1.2283773407202214,658.41,27.06629,750.88,3.17552224503765,2.27054970568104,0.715016154973943,0.219528466253919,0.207214753166224,16.85,1.1541095890411,212.45,3.09468317552804,0,-16.0641,4.11759799833194,1.37608385686463,0.451685660266874,1.30108445697626,0.601283991047423,33.3877563865537,51.0347891166449,14.7976986383577,0.969,3.95608738968062,3.43920674799665,0.832442903389189,0.505112958942417
1997-04-16,9.47,449.63,4.07,4.07,430.81,1.1469199573833369,658.41,27.06629,750.88,3.17552224503765,2.27054970568104,0.715016154973943,0.219528466253919,0.207214753166224,16.85,1.1541095890411,212.45,3.09468317552804,0,-16.0641,4.11759799833194,1.37608385686463,0.451685660266874,1.30108445697626,0.601283991047423,33.3877563865537,51.0347891166449,14.7976986383577,0.969,3.95608738968062,3.43920674799665,0.832442903389189,0.505112958942417
1997-04-17,4.8,447.55,6.07,6.07,478.98,1.316351314724057,658.41,27.06629,750.88,3.17552224503765,2.27054970568104,0.715016154973943,0.219528466253919,0.207214753166224,16.85,1.1541095890411,212.45,3.09468317552804,0,-16.0641,4.11759799833194,1.37608385686463,0.451685660266874,1.30108445697626,0.601283991047423,33.3877563865537,51.0347891166449,14.7976986383577,0.969,3.95608738968062,3.43920674799665,0.832442903389189,0.505112958942417
1997-04-18,0.71,332.4,2.05,2.05,458.47,1.4303916513956956,658.41,27.06629,750.88,3.17552224503765,2.27054970568104,0.715016154973943,0.219528466253919,0.207214753166224,16.85,1.1541095890411,212.45,3.09468317552804,0,-16.0641,4.11759799833194,1.37608385686463,0.451685660266874,1.30108445697626,0.601283991047423,33.3877563865537,51.0347891166449,14.7976986383577,0.969,3.95608738968062,3.43920674799665,0.832442903389189,0.505112958942417
1997-04-19,0.49,327.85,1.18,1.18,451.16,1.2902849520562538,658.41,27.06629,750.88,3.17552224503765,2.27054970568104,0.715016154973943,0.219528466253919,0.207214753166224,16.85,1.1541095890411,212.45,3.09468317552804,0,-16.0641,4.11759799833194,1.37608385686463,0.451685660266874,1.30108445697626,0.601283991047423,33.3877563865537,51.0347891166449,14.7976986383577,0.969,3.95608738968062,3.43920674799665,0.832442903389189,0.505112958942417
1997-04-20,0.12,498.49,0.49,0.49,387.75,1.2772517707223523,658.41,27.06629,750.88,3.17552224503765,2.27054970568104,0.715016154973943,0.219528466253919,0.207214753166224,16.85,1.1541095890411,212.45,3.09468317552804,0,-16.0641,4.11759799833194,1.37608385686463,0.451685660266874,1.30108445697626,0.601283991047423,33.3877563865537,51.0347891166449,14.7976986383577,0.969,3.95608738968062,3.43920674799665,0.832442903389189,0.505112958942417
1997-04-21,0.0,564.11,1.17,1.17,383.27,1.1436616620498614,658.41,27.06629,750.88,3.17552224503765,2.27054970568104,0.715016154973943,0.219528466253919,0.207214753166224,16.85,1.1541095890411,212.45,3.09468317552804,0,-16.0641,4.11759799833194,1.37608385686463,0.451685660266874,1.30108445697626,0.601283991047423,33.3877563865537,51.0347891166449,14.7976986383577,0.969,3.95608738968062,3.43920674799665,0.832442903389189,0.505112958942417
1997-04-22,1.5,454.64,4.45,4.45,479.18,1.0752374600468781,658.41,27.06629,750.88,3.17552224503765,2.27054970568104,0.715016154973943,0.219528466253919,0.207214753166224,16.85,1.1541095890411,212.45,3.09468317552804,0,-16.0641,4.11759799833194,1.37608385686463,0.451685660266874,1.30108445697626,0.601283991047423,33.3877563865537,51.0347891166449,14.7976986383577,0.969,3.95608738968062,3.43920674799665,0.832442903389189,0.505112958942417
1997-04-23,0.64,460.87,6.72,6.72,569.69,1.065462574046452,658.41,27.06629,750.88,3.17552224503765,2.27054970568104,0.715016154973943,0.219528466253919,0.207214753166224,16.85,1.1541095890411,212.45,3.09468317552804,0,-16.0641,4.11759799833194,1.37608385686463,0.451685660266874,1.30108445697626,0.601283991047423,33.3877563865537,51.0347891166449,14.7976986383577,0.969,3.95608738968062,3.43920674799665,0.832442903389189,0.505112958942417
1997-04-24,0.07,565.07,6.35,6.35,535.4,0.9937800767099936,658.41,27.06629,750.88,3.17552224503765,2.27054970568104,0.715016154973943,0.219528466253919,0.207214753166224,16.85,1.1541095890411,212.45,3.09468317552804,0,-16.0641,4.11759799833194,1.37608385686463,0.451685660266874,1.30108445697626,0.601283991047423,33.3877563865537,51.0347891166449,14.7976986383577,0.969,3.95608738968062,3.43920674799665,0.832442903389189,0.505112958942417
1997-04-25,0.32,439.63,6.03,6.03,505.81,0.9025478073726826,658.41,27.06629,750.88,3.17552224503765,2.27054970568104,0.715016154973943,0.219528466253919,0.207214753166224,16.85,1.1541095890411,212.45,3.09468317552804,0,-16.0641,4.11759799833194,1.37608385686463,0.451685660266874,1.30108445697626,0.601283991047423,33.3877563865537,51.0347891166449,14.7976986383577,0.969,3.95608738968062,3.43920674799665,0.832442903389189,0.505112958942417
1997-04-26,0.08,599.4,5.1,5.1,440.82,0.8406401960366502,658.41,27.06629,750.88,3.17552224503765,2.27054970568104,0.715016154973943,0.219528466253919,0.207214753166224,16.85,1.1541095890411,212.45,3.09468317552804,0,-16.0641,4.11759799833194,1.37608385686463,0.451685660266874,1.30108445697626,0.601283991047423,33.3877563865537,51.0347891166449,14.7976986383577,0.969,3.95608738968062,3.43920674799665,0.832442903389189,0.505112958942417
1997-04-27,7.05,457.68,6.17,6.17,497.38,0.7819908800340932,658.41,27.06629,750.88,3.17552224503765,2.27054970568104,0.715016154973943,0.219528466253919,0.207214753166224,16.85,1.1541095890411,212.45,3.09468317552804,0,-16.0641,4.11759799833194,1.37608385686463,0.451685660266874,1.30108445697626,0.601283991047423,33.3877563865537,51.0347891166449,14.7976986383577,0.969,3.95608738968062,3.43920674799665,0.832442903389189,0.505112958942417
1997-04-28,3.29,435.95,7.58,7.58,550.43,1.071979164713403,658.41,27.06629,750.88,3.17552224503765,2.27054970568104,0.715016154973943,0.219528466253919,0.207214753166224,16.85,1.1541095890411,212.45,3.09468317552804,0,-16.0641,4.11759799833194,1.37608385686463,0.451685660266874,1.30108445697626,0.601283991047423,33.3877563865537,51.0347891166449,14.7976986383577,0.969,3.95608738968062,3.43920674799665,0.832442903389189,0.505112958942417
1997-04-29,0.38,557.7,4.76,4.76,486.57,0.9416473513743873,658.41,27.06629,750.88,3.17552224503765,2.27054970568104,0.715016154973943,0.219528466253919,0.207214753166224,16.85,1.1541095890411,212.45,3.09468317552804,0,-16.0641,4.11759799833194,1.37608385686463,0.451685660266874,1.30108445697626,0.601283991047423,33.3877563865537,51.0347891166449,14.7976986383577,0.969,3.95608738968062,3.43920674799665,0.832442903389189,0.505112958942417
1997-04-30,0.0,596.89,8.62,8.62,605.55,0.8015406520349456,658.41,27.06629,750.88,3.17552224503765,2.27054970568104,0.715016154973943,0.219528466253919,0.207214753166224,16.85,1.1541095890411,212.45,3.09468317552804,0,-16.0641,4.11759799833194,1.37608385686463,0.451685660266874,1.30108445697626,0.601283991047423,33.3877563865537,51.0347891166449,14.7976986383577,0.969,3.95608738968062,3.43920674799665,0.832442903389189,0.505112958942417
1997-05-01,0.55,453.32,12.49,12.49,708.3,0.7428913360323885,658.41,27.06629,750.88,3.17552224503765,2.27054970568104,0.715016154973943,0.219528466253919,0.207214753166224,16.85,1.1541095890411,212.45,3.09468317552804,0,-16.0641,4.11759799833194,1.37608385686463,0.451685660266874,1.30108445697626,0.601283991047423,33.3877563865537,51.0347891166449,14.7976986383577,0.969,3.95608738968062,3.43920674799665,0.832442903389189,0.505112958942417
1997-05-02,3.69,461.23,9.26,9.26,590.95,0.7005334966972085,658.41,27.06629,750.88,3.17552224503765,2.27054970568104,0.715016154973943,0.219528466253919,0.207214753166224,16.85,1.1541095890411,212.45,3.09468317552804,0,-16.0641,4.11759799833194,1.37608385686463,0.451685660266874,1.30108445697626,0.601283991047423,33.3877563865537,51.0347891166449,14.7976986383577,0.969,3.95608738968062,3.43920674799665,0.832442903389189,0.505112958942417
1997-05-03,11.3,398.85,9.61,9.61,694.33,0.8764814447048795,658.41,27.06629,750.88,3.17552224503765,2.27054970568104,0.715016154973943,0.219528466253919,0.207214753166224,16.85,1.1541095890411,212.45,3.09468317552804,0,-16.0641,4.11759799833194,1.37608385686463,0.451685660266874,1.30108445697626,0.601283991047423,33.3877563865537,51.0347891166449,14.7976986383577,0.969,3.95608738968062,3.43920674799665,0.832442903389189,0.505112958942417
1997-05-04,2.73,561.85,8.79,8.79,613.51,1.1632114340507136,658.41,27.06629,750.88,3.17552224503765,2.27054970568104,0.715016154973943,0.219528466253919,0.207214753166224,16.85,1.1541095890411,212.45,3.09468317552804,0,-16.0641,4.11759799833194,1.37608385686463,0.451685660266874,1.30108445697626,0.601283991047423,33.3877563865537,51.0347891166449,14.7976986383577,0.969,3.95608738968062,3.43920674799665,0.832442903389189,0.505112958942417
1997-05-05,2.86,458.96,5.32,5.32,506.79,0.8341236053696995,658.41,27.06629,750.88,3.17552224503765,2.27054970568104,0.715016154973943,0.219528466253919,0.207214753166224,16.85,1.1541095890411,212.45,3.09468317552804,0,-16.0641,4.11759799833194,1.37608385686463,0.451685660266874,1.30108445697626,0.601283991047423,33.3877563865537,51.0347891166449,14.7976986383577,0.969,3.95608738968062,3.43920674799665,0.832442903389189,0.505112958942417
1997-05-06,1.11,426.19,9.22,9.22,633.67,0.8504150820370764,658.41,27.06629,750.88,3.17552224503765,2.27054970568104,0.715016154973943,0.219528466253919,0.207214753166224,16.85,1.1541095890411,212.45,3.09468317552804,0,-16.0641,4.11759799833194,1.37608385686463,0.451685660266874,1.30108445697626,0.601283991047423,33.3877563865537,51.0347891166449,14.7976986383577,0.969,3.95608738968062,3.43920674799665,0.832442903389189,0.505112958942417
1997-05-07,0.09,552.78,3.88,3.88,437.98,0.8047989473684211,658.41,27.06629,750.88,3.17552224503765,2.27054970568104,0.715016154973943,0.219528466253919,0.207214753166224,16.85,1.1541095890411,212.45,3.09468317552804,0,-16.0641,4.11759799833194,1.37608385686463,0.451685660266874,1.30108445697626,0.601283991047423,33.3877563865537,51.0347891166449,14.7976986383577,0.969,3.95608738968062,3.43920674799665,0.832442903389189,0.505112958942417
1997-05-08,0.54,440.45,2.64,2.64,431.41,0.7461496313658639,658.41,27.06629,750.88,3.17552224503765,2.27054970568104,0.715016154973943,0.219528466253919,0.207214753166224,16.85,1.1541095890411,212.45,3.09468317552804,0,-16.0641,4.11759799833194,1.37608385686463,0.451685660266874,1.30108445697626,0.601283991047423,33.3877563865537,51.0347891166449,14.7976986383577,0.969,3.95608738968062,3.43920674799665,0.832442903389189,0.505112958942417
1997-05-09,2.6,436.05,5.95,5.95,556.81,0.7559245173662902,658.41,27.06629,750.88,3.17552224503765,2.27054970568104,0.715016154973943,0.219528466253919,0.207214753166224,16.85,1.1541095890411,212.45,3.09468317552804,0,-16.0641,4.11759799833194,1.37608385686463,0.451685660266874,1.30108445697626,0.601283991047423,33.3877563865537,51.0347891166449,14.7976986383577,0.969,3.95608738968062,3.43920674799665,0.832442903389189,0.505112958942417
1997-05-10,1.78,411.41,8.36,8.36,649.04,0.7689576987001917,658.41,27.06629,750.88,3.17552224503765,2.27054970568104,0.715016154973943,0.219528466253919,0.207214753166224,16.85,1.1541095890411,212.45,3.09468317552804,0,-16.0641,4.11759799833194,1.37608385686463,0.451685660266874,1.30108445697626,0.601283991047423,33.3877563865537,51.0347891166449,14.7976986383577,0.969,3.95608738968062,3.43920674799665,0.832442903389189,0.505112958942417
1997-05-11,0.32,449.73,6.08,6.08,636.58,0.7852491753675686,658.41,27.06629,750.88,3.17552224503765,2.27054970568104,0.715016154973943,0.219528466253919,0.207214753166224,16.85,1.1541095890411,212.45,3.09468317552804,0,-16.0641,4.11759799833194,1.37608385686463,0.451685660266874,1.30108445697626,0.601283991047423,33.3877563865537,51.0347891166449,14.7976986383577,0.969,3.95608738968062,3.43920674799665,0.832442903389189,0.505112958942417
1997-05-12,0.94,377.97,9.68,9.68,789.18,0.7005334966972085,658.41,27.06629,750.88,3.17552224503765,2.27054970568104,0.715016154973943,0.219528466253919,0.207214753166224,16.85,1.1541095890411,212.45,3.09468317552804,0,-16.0641,4.11759799833194,1.37608385686463,0.451685660266874,1.30108445697626,0.601283991047423,33.3877563865537,51.0347891166449,14.7976986383577,0.969,3.95608738968062,3.43920674799665,0.832442903389189,0.505112958942417
1997-05-13,0.37,437.12,10.11,10.11,742.69,0.6940169060302578,658.41,27.06629,750.88,3.17552224503765,2.27054970568104,0.715016154973943,0.219528466253919,0.207214753166224,16.85,1.1541095890411,212.45,3.09468317552804,0,-16.0641,4.11759799833194,1.37608385686463,0.451685660266874,1.30108445697626,0.601283991047423,33.3877563865537,51.0347891166449,14.7976986383577,0.969,3.95608738968062,3.43920674799665,0.832442903389189,0.505112958942417
1997-05-14,1.9,431.96,8.33,8.33,668.93,0.6451424760281269,658.41,27.06629,750.88,3.17552224503765,2.27054970568104,0.715016154973943,0.219528466253919,0.207214753166224,16.85,1.1541095890411,212.45,3.09468317552804,0,-16.0641,4.11759799833194,1.37608385686463,0.451685660266874,1.30108445697626,0.601283991047423,33.3877563865537,51.0347891166449,14.7976986383577,0.969,3.95608738968062,3.43920674799665,0.832442903389189,0.505112958942417
1997-05-15,1.99,326.67,9.5,9.5,760.07,0.6549173620285531,658.41,27.06629,750.88,3.17552224503765,2.27054970568104,0.715016154973943,0.219528466253919,0.207214753166224,16.85,1.1541095890411,212.45,3.09468317552804,0,-16.0641,4.11759799833194,1.37608385686463,0.451685660266874,1.30108445697626,0.601283991047423,33.3877563865537,51.0347891166449,14.7976986383577,0.969,3.95608738968062,3.43920674799665,0.832442903389189,0.505112958942417
1997-05-16,2.54,383.43,6.95,6.95,639.99,0.6386258853611761,658.41,27.06629,750.88,3.17552224503765,2.27054970568104,0.715016154973943,0.219528466253919,0.207214753166224,16.85,1.1541095890411,212.45,3.09468317552804,0,-16.0641,4.11759799833194,1.37608385686463,0.451685660266874,1.30108445697626,0.601283991047423,33.3877563865537,51.0347891166449,14.7976986383577,0.969,3.95608738968062,3.43920674799665,0.832442903389189,0.505112958942417
1997-05-17,0.57,418.59,5.48,5.48,578.48,0.6093012273598977,658.41,27.06629,750.88,3.17552224503765,2.27054970568104,0.715016154973943,0.219528466253919,0.207214753166224,16.85,1.1541095890411,212.45,3.09468317552804,0,-16.0641,4.11759799833194,1.37608385686463,0.451685660266874,1.30108445697626,0.601283991047423,33.3877563865537,51.0347891166449,14.7976986383577,0.969,3.95608738968062,3.43920674799665,0.832442903389189,0.505112958942417
1997-05-18,15.91,449.78,5.16,5.16,547.22,0.5506519113573407,658.41,27.06629,750.88,3.17552224503765,2.27054970568104,0.715016154973943,0.219528466253919,0.207214753166224,16.85,1.1541095890411,212.45,3.09468317552804,0,-16.0641,4.11759799833194,1.37608385686463,0.451685660266874,1.30108445697626,0.601283991047423,33.3877563865537,51.0347891166449,14.7976986383577,0.969,3.95608738968062,3.43920674799665,0.832442903389189,0.505112958942417
1997-05-19,11.52,429.23,12.82,12.82,814.66,2.0005933347538885,658.41,27.06629,750.88,3.17552224503765,2.27054970568104,0.715016154973943,0.219528466253919,0.207214753166224,16.85,1.1541095890411,212.45,3.09468317552804,0,-16.0641,4.11759799833194,1.37608385686463,0.451685660266874,1.30108445697626,0.601283991047423,33.3877563865537,51.0347891166449,14.7976986383577,0.969,3.95608738968062,3.43920674799665,0.832442903389189,0.505112958942417
1997-05-20,2.37,431.51,12.9,12.9,775.17,2.0657592414233963,658.41,27.06629,750.88,3.17552224503765,2.27054970568104,0.715016154973943,0.219528466253919,0.207214753166224,16.85,1.1541095890411,212.45,3.09468317552804,0,-16.0641,4.11759799833194,1.37608385686463,0.451685660266874,1.30108445697626,0.601283991047423,33.3877563865537,51.0347891166449,14.7976986383577,0.969,3.95608738968062,3.43920674799665,0.832442903389189,0.505112958942417
1997-05-21,0.89,350.74,7.4,7.4,645.46,1.241410522054123,658.41,27.06629,750.88,3.17552224503765,2.27054970568104,0.715016154973943,0.219528466253919,0.207214753166224,16.85,1.1541095890411,212.45,3.09468317552804,0,-16.0641,4.11759799833194,1.37608385686463,0.451685660266874,1.30108445697626,0.601283991047423,33.3877563865537,51.0347891166449,14.7976986383577,0.969,3.95608738968062,3.43920674799665,0.832442903389189,0.505112958942417
1997-05-22,0.2,440.44,5.55,5.55,589.92,1.1175952993820584,658.41,27.06629,750.88,3.17552224503765,2.27054970568104,0.715016154973943,0.219528466253919,0.207214753166224,16.85,1.1541095890411,212.45,3.09468317552804,0,-16.0641,4.11759799833194,1.37608385686463,0.451685660266874,1.30108445697626,0.601283991047423,33.3877563865537,51.0347891166449,14.7976986383577,0.969,3.95608738968062,3.43920674799665,0.832442903389189,0.505112958942417
1997-05-23,0.03,458.87,5.22,5.22,562.63,0.9872634860430427,658.41,27.06629,750.88,3.17552224503765,2.27054970568104,0.715016154973943,0.219528466253919,0.207214753166224,16.85,1.1541095890411,212.45,3.09468317552804,0,-16.0641,4.11759799833194,1.37608385686463,0.451685660266874,1.30108445697626,0.601283991047423,33.3877563865537,51.0347891166449,14.7976986383577,0.969,3.95608738968062,3.43920674799665,0.832442903389189,0.505112958942417
1997-05-24,0.17,516.75,9.62,9.62,695.79,0.8829980353718304,658.41,27.06629,750.88,3.17552224503765,2.27054970568104,0.715016154973943,0.219528466253919,0.207214753166224,16.85,1.1541095890411,212.45,3.09468317552804,0,-16.0641,4.11759799833194,1.37608385686463,0.451685660266874,1.30108445697626,0.601283991047423,33.3877563865537,51.0347891166449,14.7976986383577,0.969,3.95608738968062,3.43920674799665,0.832442903389189,0.505112958942417
1997-05-25,1.62,427.67,13.8,13.8,804.52,0.8341236053696995,658.41,27.06629,750.88,3.17552224503765,2.27054970568104,0.715016154973943,0.219528466253919,0.207214753166224,16.85,1.1541095890411,212.45,3.09468317552804,0,-16.0641,4.11759799833194,1.37608385686463,0.451685660266874,1.30108445697626,0.601283991047423,33.3877563865537,51.0347891166449,14.7976986383577,0.969,3.95608738968062,3.43920674799665,0.832442903389189,0.505112958942417
1997-05-26,0.41,519.83,8.49,8.49,614.39,0.8080572427018964,658.41,27.06629,750.88,3.17552224503765,2.27054970568104,0.715016154973943,0.219528466253919,0.207214753166224,16.85,1.1541095890411,212.45,3.09468317552804,0,-16.0641,4.11759799833194,1.37608385686463,0.451685660266874,1.30108445697626,0.601283991047423,33.3877563865537,51.0347891166449,14.7976986383577,0.969,3.95608738968062,3.43920674799665,0.832442903389189,0.505112958942417
1997-05-27,0.0,578.11,6.74,6.74,524.36,0.6972752013637332,658.41,27.06629,750.88,3.17552224503765,2.27054970568104,0.715016154973943,0.219528466253919,0.207214753166224,16.85,1.1541095890411,212.45,3.09468317552804,0,-16.0641,4.11759799833194,1.37608385686463,0.451685660266874,1.30108445697626,0.601283991047423,33.3877563865537,51.0347891166449,14.7976986383577,0.969,3.95608738968062,3.43920674799665,0.832442903389189,0.505112958942417
1997-05-28,0.03,509.43,8.52,8.52,595.21,0.6353675900277007,658.41,27.06629,750.88,3.17552224503765,2.27054970568104,0.715016154973943,0.219528466253919,0.207214753166224,16.85,1.1541095890411,212.45,3.09468317552804,0,-16.0641,4.11759799833194,1.37608385686463,0.451685660266874,1.30108445697626,0.601283991047423,33.3877563865537,51.0347891166449,14.7976986383577,0.969,3.95608738968062,3.43920674799665,0.832442903389189,0.505112958942417
1997-05-29,0.32,416.9,11.94,11.94,781.64,0.5669433880247176,658.41,27.06629,750.88,3.17552224503765,2.27054970568104,0.715016154973943,0.219528466253919,0.207214753166224,16.85,1.1541095890411,212.45,3.09468317552804,0,-16.0641,4.11759799833194,1.37608385686463,0.451685660266874,1.30108445697626,0.601283991047423,33.3877563865537,51.0347891166449,14.7976986383577,0.969,3.95608738968062,3.43920674799665,0.832442903389189,0.505112958942417
1997-05-30,0.16,382.21,11.53,11.53,871.91,0.5408770253569145,658.41,27.06629,750.88,3.17552224503765,2.27054970568104,0.715016154973943,0.219528466253919,0.207214753166224,16.85,1.1541095890411,212.45,3.09468317552804,0,-16.0641,4.11759799833194,1.37608385686463,0.451685660266874,1.30108445697626,0.601283991047423,33.3877563865537,51.0347891166449,14.7976986383577,0.969,3.95608738968062,3.43920674799665,0.832442903389189,0.505112958942417
1997-05-31,20.4,347.93,13.97,13.97,1069.91,0.54413532069039,658.41,27.06629,750.88,3.17552224503765,2.27054970568104,0.715016154973943,0.219528466253919,0.207214753166224,16.85,1.1541095890411,212.45,3.09468317552804,0,-16.0641,4.11759799833194,1.37608385686463,0.451685660266874,1.30108445697626,0.601283991047423,33.3877563865537,51.0347891166449,14.7976986383577,0.969,3.95608738968062,3.43920674799665,0.832442903389189,0.505112958942417
1997-06-01,9.01,336.61,15.52,15.52,1198.54,1.71712164074153,658.41,27.06629,750.88,3.17552224503765,2.27054970568104,0.715016154973943,0.219528466253919,0.207214753166224,16.85,1.1541095890411,212.45,3.09468317552804,0,-16.0641,4.11759799833194,1.37608385686463,0.451685660266874,1.30108445697626,0.601283991047423,33.3877563865537,51.0347891166449,14.7976986383577,0.969,3.95608738968062,3.43920674799665,0.832442903389189,0.505112958942417
1997-06-02,19.98,133.14,13.59,13.59,1190.87,2.7434846707862772,658.41,27.06629,750.88,3.17552224503765,2.27054970568104,0.715016154973943,0.219528466253919,0.207214753166224,16.85,1.1541095890411,212.45,3.09468317552804,0,-16.0641,4.11759799833194,1.37608385686463,0.451685660266874,1.30108445697626,0.601283991047423,33.3877563865537,51.0347891166449,14.7976986383577,0.969,3.95608738968062,3.43920674799665,0.832442903389189,0.505112958942417
1997-06-03,5.16,383.08,10.68,10.68,884.92,4.7245282335393135,658.41,27.06629,750.88,3.17552224503765,2.27054970568104,0.715016154973943,0.219528466253919,0.207214753166224,16.85,1.1541095890411,212.45,3.09468317552804,0,-16.0641,4.11759799833194,1.37608385686463,0.451685660266874,1.30108445697626,0.601283991047423,33.3877563865537,51.0347891166449,14.7976986383577,0.969,3.95608738968062,3.43920674799665,0.832442903389189,0.505112958942417
1997-06-04,0.04,578.78,10.31,10.31,694.31,2.3850721841039846,658.41,27.06629,750.88,3.17552224503765,2.27054970568104,0.715016154973943,0.219528466253919,0.207214753166224,16.85,1.1541095890411,212.45,3.09468317552804,0,-16.0641,4.11759799833194,1.37608385686463,0.451685660266874,1.30108445697626,0.601283991047423,33.3877563865537,51.0347891166449,14.7976986383577,0.969,3.95608738968062,3.43920674799665,0.832442903389189,0.505112958942417
1997-06-05,0.0,587.05,12.09,12.09,731.07,1.8507117494140208,658.41,27.06629,750.88,3.17552224503765,2.27054970568104,0.715016154973943,0.219528466253919,0.207214753166224,16.85,1.1541095890411,212.45,3.09468317552804,0,-16.0641,4.11759799833194,1.37608385686463,0.451685660266874,1.30108445697626,0.601283991047423,33.3877563865537,51.0347891166449,14.7976986383577,0.969,3.95608738968062,3.43920674799665,0.832442903389189,0.505112958942417
1997-06-06,0.39,435.93,13.88,13.88,880.9,1.518365625399531,658.41,27.06629,750.88,3.17552224503765,2.27054970568104,0.715016154973943,0.219528466253919,0.207214753166224,16.85,1.1541095890411,212.45,3.09468317552804,0,-16.0641,4.11759799833194,1.37608385686463,0.451685660266874,1.30108445697626,0.601283991047423,33.3877563865537,51.0347891166449,14.7976986383577,0.969,3.95608738968062,3.43920674799665,0.832442903389189,0.505112958942417
1997-06-07,0.23,466.19,15.36,15.36,978.65,1.2870266567227786,658.41,27.06629,750.88,3.17552224503765,2.27054970568104,0.715016154973943,0.219528466253919,0.207214753166224,16.85,1.1541095890411,212.45,3.09468317552804,0,-16.0641,4.11759799833194,1.37608385686463,0.451685660266874,1.30108445697626,0.601283991047423,33.3877563865537,51.0347891166449,14.7976986383577,0.969,3.95608738968062,3.43920674799665,0.832442903389189,0.505112958942417
1997-06-08,0.03,520.91,12.86,12.86,861.52,1.1599531387172384,658.41,27.06629,750.88,3.17552224503765,2.27054970568104,0.715016154973943,0.219528466253919,0.207214753166224,16.85,1.1541095890411,212.45,3.09468317552804,0,-16.0641,4.11759799833194,1.37608385686463,0.451685660266874,1.30108445697626,0.601283991047423,33.3877563865537,51.0347891166449,14.7976986383577,0.969,3.95608738968062,3.43920674799665,0.832442903389189,0.505112958942417
1997-06-09,0.0,577.32,13.78,13.78,836.4,0.9644554187087151,658.41,27.06629,750.88,3.17552224503765,2.27054970568104,0.715016154973943,0.219528466253919,0.207214753166224,16.85,1.1541095890411,212.45,3.09468317552804,0,-16.0641,4.11759799833194,1.37608385686463,0.451685660266874,1.30108445697626,0.601283991047423,33.3877563865537,51.0347891166449,14.7976986383577,0.969,3.95608738968062,3.43920674799665,0.832442903389189,0.505112958942417
1997-06-10,0.0,580.09,15.89,15.89,895.77,0.8178321287023226,658.41,27.06629,750.88,3.17552224503765,2.27054970568104,0.715016154973943,0.219528466253919,0.207214753166224,16.85,1.1541095890411,212.45,3.09468317552804,0,-16.0641,4.11759799833194,1.37608385686463,0.451685660266874,1.30108445697626,0.601283991047423,33.3877563865537,51.0347891166449,14.7976986383577,0.969,3.95608738968062,3.43920674799665,0.832442903389189,0.505112958942417
1997-06-11,0.0,580.29,17.41,17.41,964.03,0.6940169060302578,658.41,27.06629,750.88,3.17552224503765,2.27054970568104,0.715016154973943,0.219528466253919,0.207214753166224,16.85,1.1541095890411,212.45,3.09468317552804,0,-16.0641,4.11759799833194,1.37608385686463,0.451685660266874,1.30108445697626,0.601283991047423,33.3877563865537,51.0347891166449,14.7976986383577,0.969,3.95608738968062,3.43920674799665,0.832442903389189,0.505112958942417
1997-06-12,4.12,421.67,17.72,17.72,1094.02,0.6418841806946515,658.41,27.06629,750.88,3.17552224503765,2.27054970568104,0.715016154973943,0.219528466253919,0.207214753166224,16.85,1.1541095890411,212.45,3.09468317552804,0,-16.0641,4.11759799833194,1.37608385686463,0.451685660266874,1.30108445697626,0.601283991047423,33.3877563865537,51.0347891166449,14.7976986383577,0.969,3.95608738968062,3.43920674799665,0.832442903389189,0.505112958942417
1997-06-13,3.04,399.11,18.24,18.24,1194.99,0.6809837246963562,658.41,27.06629,750.88,3.17552224503765,2.27054970568104,0.715016154973943,0.219528466253919,0.207214753166224,16.85,1.1541095890411,212.45,3.09468317552804,0,-16.0641,4.11759799833194,1.37608385686463,0.451685660266874,1.30108445697626,0.601283991047423,33.3877563865537,51.0347891166449,14.7976986383577,0.969,3.95608738968062,3.43920674799665,0.832442903389189,0.505112958942417
1997-06-14,0.53,463.88,16.97,16.97,1063.28,0.5832348646920946,658.41,27.06629,750.88,3.17552224503765,2.27054970568104,0.715016154973943,0.219528466253919,0.207214753166224,16.85,1.1541095890411,212.45,3.09468317552804,0,-16.0641,4.11759799833194,1.37608385686463,0.451685660266874,1.30108445697626,0.601283991047423,33.3877563865537,51.0347891166449,14.7976986383577,0.969,3.95608738968062,3.43920674799665,0.832442903389189,0.505112958942417
1997-06-15,0.0,587.54,11.69,11.69,752.87,0.4854860046878329,658.41,27.06629,750.88,3.17552224503765,2.27054970568104,0.715016154973943,0.219528466253919,0.207214753166224,16.85,1.1541095890411,212.45,3.09468317552804,0,-16.0641,4.11759799833194,1.37608385686463,0.451685660266874,1.30108445697626,0.601283991047423,33.3877563865537,51.0347891166449,14.7976986383577,0.969,3.95608738968062,3.43920674799665,0.832442903389189,0.505112958942417
1997-06-16,13.09,414.62,15.88,15.88,1085.16,0.43986987001917743,658.41,27.06629,750.88,3.17552224503765,2.27054970568104,0.715016154973943,0.219528466253919,0.207214753166224,16.85,1.1541095890411,212.45,3.09468317552804,0,-16.0641,4.11759799833194,1.37608385686463,0.451685660266874,1.30108445697626,0.601283991047423,33.3877563865537,51.0347891166449,14.7976986383577,0.969,3.95608738968062,3.43920674799665,0.832442903389189,0.505112958942417
1997-06-17,3.98,351.03,19.23,19.23,1447.54,0.7396330406989132,658.41,27.06629,750.88,3.17552224503765,2.27054970568104,0.715016154973943,0.219528466253919,0.207214753166224,16.85,1.1541095890411,212.45,3.09468317552804,0,-16.0641,4.11759799833194,1.37608385686463,0.451685660266874,1.30108445697626,0.601283991047423,33.3877563865537,51.0347891166449,14.7976986383577,0.969,3.95608738968062,3.43920674799665,0.832442903389189,0.505112958942417
1997-06-18,22.41,329.02,19.84,19.84,1511.57,1.7366714127423823,658.41,27.06629,750.88,3.17552224503765,2.27054970568104,0.715016154973943,0.219528466253919,0.207214753166224,16.85,1.1541095890411,212.45,3.09468317552804,0,-16.0641,4.11759799833194,1.37608385686463,0.451685660266874,1.30108445697626,0.601283991047423,33.3877563865537,51.0347891166449,14.7976986383577,0.969,3.95608738968062,3.43920674799665,0.832442903389189,0.505112958942417
1997-06-19,5.86,435.29,18.17,18.17,1386.84,2.375297298103558,658.41,27.06629,750.88,3.17552224503765,2.27054970568104,0.715016154973943,0.219528466253919,0.207214753166224,16.85,1.1541095890411,212.45,3.09468317552804,0,-16.0641,4.11759799833194,1.37608385686463,0.451685660266874,1.30108445697626,0.601283991047423,33.3877563865537,51.0347891166449,14.7976986383577,0.969,3.95608738968062,3.43920674799665,0.832442903389189,0.505112958942417
1997-06-20,1.65,364.06,18.77,18.77,1440.21,0.948163942041338,658.41,27.06629,750.88,3.17552224503765,2.27054970568104,0.715016154973943,0.219528466253919,0.207214753166224,16.85,1.1541095890411,212.45,3.09468317552804,0,-16.0641,4.11759799833194,1.37608385686463,0.451685660266874,1.30108445697626,0.601283991047423,33.3877563865537,51.0347891166449,14.7976986383577,0.969,3.95608738968062,3.43920674799665,0.832442903389189,0.505112958942417
1997-06-21,0.44,488.53,21.12,21.12,1607.98,0.8634482633709779,658.41,27.06629,750.88,3.17552224503765,2.27054970568104,0.715016154973943,0.219528466253919,0.207214753166224,16.85,1.1541095890411,212.45,3.09468317552804,0,-16.0641,4.11759799833194,1.37608385686463,0.451685660266874,1.30108445697626,0.601283991047423,33.3877563865537,51.0347891166449,14.7976986383577,0.969,3.95608738968062,3.43920674799665,0.832442903389189,0.505112958942417
1997-06-22,0.22,343.7,23.2,23.2,1740.94,0.6321092946942254,658.41,27.06629,750.88,3.17552224503765,2.27054970568104,0.715016154973943,0.219528466253919,0.207214753166224,16.85,1.1541095890411,212.45,3.09468317552804,0,-16.0641,4.11759799833194,1.37608385686463,0.451685660266874,1.30108445697626,0.601283991047423,33.3877563865537,51.0347891166449,14.7976986383577,0.969,3.95608738968062,3.43920674799665,0.832442903389189,0.505112958942417
1997-06-23,7.78,410.57,18.7,18.7,1267.27,0.5148106626891115,658.41,27.06629,750.88,3.17552224503765,2.27054970568104,0.715016154973943,0.219528466253919,0.207214753166224,16.85,1.1541095890411,212.45,3.09468317552804,0,-16.0641,4.11759799833194,1.37608385686463,0.451685660266874,1.30108445697626,0.601283991047423,33.3877563865537,51.0347891166449,14.7976986383577,0.969,3.95608738968062,3.43920674799665,0.832442903389189,0.505112958942417
1997-06-24,7.76,406.47,19.07,19.07,1329.22,0.7559245173662902,658.41,27.06629,750.88,3.17552224503765,2.27054970568104,0.715016154973943,0.219528466253919,0.207214753166224,16.85,1.1541095890411,212.45,3.09468317552804,0,-16.0641,4.11759799833194,1.37608385686463,0.451685660266874,1.30108445697626,0.601283991047423,33.3877563865537,51.0347891166449,14.7976986383577,0.969,3.95608738968062,3.43920674799665,0.832442903389189,0.505112958942417
1997-06-25,19.93,385.25,21.6,21.6,1606.27,0.687500315363307,658.41,27.06629,750.88,3.17552224503765,2.27054970568104,0.715016154973943,0.219528466253919,0.207214753166224,16.85,1.1541095890411,212.45,3.09468317552804,0,-16.0641,4.11759799833194,1.37608385686463,0.451685660266874,1.30108445697626,0.601283991047423,33.3877563865537,51.0347891166449,14.7976986383577,0.969,3.95608738968062,3.43920674799665,0.832442903389189,0.505112958942417
1997-06-26,6.42,358.48,22.76,22.76,1638.12,1.5867898274025143,658.41,27.06629,750.88,3.17552224503765,2.27054970568104,0.715016154973943,0.219528466253919,0.207214753166224,16.85,1.1541095890411,212.45,3.09468317552804,0,-16.0641,4.11759799833194,1.37608385686463,0.451685660266874,1.30108445697626,0.601283991047423,33.3877563865537,51.0347891166449,14.7976986383577,0.969,3.95608738968062,3.43920674799665,0.832442903389189,0.505112958942417
1997-06-27,0.41,541.87,16.83,16.83,1096.04,0.905806102706158,658.41,27.06629,750.88,3.17552224503765,2.27054970568104,0.715016154973943,0.219528466253919,0.207214753166224,16.85,1.1541095890411,212.45,3.09468317552804,0,-16.0641,4.11759799833194,1.37608385686463,0.451685660266874,1.30108445697626,0.601283991047423,33.3877563865537,51.0347891166449,14.7976986383577,0.969,3.95608738968062,3.43920674799665,0.832442903389189,0.505112958942417
1997-06-28,0.0,566.32,16.82,16.82,1044.41,0.62885099936075,658.41,27.06629,750.88,3.17552224503765,2.27054970568104,0.715016154973943,0.219528466253919,0.207214753166224,16.85,1.1541095890411,212.45,3.09468317552804,0,-16.0641,4.11759799833194,1.37608385686463,0.451685660266874,1.30108445697626,0.601283991047423,33.3877563865537,51.0347891166449,14.7976986383577,0.969,3.95608738968062,3.43920674799665,0.832442903389189,0.505112958942417
1997-06-29,0.0,559.82,18.73,18.73,1154.79,0.5148106626891115,658.41,27.06629,750.88,3.17552224503765,2.27054970568104,0.715016154973943,0.219528466253919,0.207214753166224,16.85,1.1541095890411,212.45,3.09468317552804,0,-16.0641,4.11759799833194,1.37608385686463,0.451685660266874,1.30108445697626,0.601283991047423,33.3877563865537,51.0347891166449,14.7976986383577,0.969,3.95608738968062,3.43920674799665,0.832442903389189,0.505112958942417
1997-06-30,0.03,499.88,19.13,19.13,1262.88,0.44312816535265287,658.41,27.06629,750.88,3.17552224503765,2.27054970568104,0.715016154973943,0.219528466253919,0.207214753166224,16.85,1.1541095890411,212.45,3.09468317552804,0,-16.0641,4.11759799833194,1.37608385686463,0.451685660266874,1.30108445697626,0.601283991047423,33.3877563865537,51.0347891166449,14.7976986383577,0.969,3.95608738968062,3.43920674799665,0.832442903389189,0.505112958942417
1997-07-01,2.72,380.94,19.61,19.61,1461.62,0.4072869166844236,658.41,27.06629,750.88,3.17552224503765,2.27054970568104,0.715016154973943,0.219528466253919,0.207214753166224,16.85,1.1541095890411,212.45,3.09468317552804,0,-16.0641,4.11759799833194,1.37608385686463,0.451685660266874,1.30108445697626,0.601283991047423,33.3877563865537,51.0347891166449,14.7976986383577,0.969,3.95608738968062,3.43920674799665,0.832442903389189,0.505112958942417
1997-07-02,0.91,301.99,21.12,21.12,1760.9,0.44964475601960363,658.41,27.06629,750.88,3.17552224503765,2.27054970568104,0.715016154973943,0.219528466253919,0.207214753166224,16.85,1.1541095890411,212.45,3.09468317552804,0,-16.0641,4.11759799833194,1.37608385686463,0.451685660266874,1.30108445697626,0.601283991047423,33.3877563865537,51.0347891166449,14.7976986383577,0.969,3.95608738968062,3.43920674799665,0.832442903389189,0.505112958942417
1997-07-03,0.06,370.5,22.27,22.27,1801.09,0.41054521201789895,658.41,27.06629,750.88,3.17552224503765,2.27054970568104,0.715016154973943,0.219528466253919,0.207214753166224,16.85,1.1541095890411,212.45,3.09468317552804,0,-16.0641,4.11759799833194,1.37608385686463,0.451685660266874,1.30108445697626,0.601283991047423,33.3877563865537,51.0347891166449,14.7976986383577,0.969,3.95608738968062,3.43920674799665,0.832442903389189,0.505112958942417
1997-07-04,0.01,408.81,19.37,19.37,1394.25,0.3486376006818666,658.41,27.06629,750.88,3.17552224503765,2.27054970568104,0.715016154973943,0.219528466253919,0.207214753166224,16.85,1.1541095890411,212.45,3.09468317552804,0,-16.0641,4.11759799833194,1.37608385686463,0.451685660266874,1.30108445697626,0.601283991047423,33.3877563865537,51.0347891166449,14.7976986383577,0.969,3.95608738968062,3.43920674799665,0.832442903389189,0.505112958942417
1997-07-05,0.0,498.71,12.89,12.89,905.51,0.32257123801406345,658.41,27.06629,750.88,3.17552224503765,2.27054970568104,0.715016154973943,0.219528466253919,0.207214753166224,16.85,1.1541095890411,212.45,3.09468317552804,0,-16.0641,4.11759799833194,1.37608385686463,0.451685660266874,1.30108445697626,0.601283991047423,33.3877563865537,51.0347891166449,14.7976986383577,0.969,3.95608738968062,3.43920674799665,0.832442903389189,0.505112958942417
1997-07-06,0.0,574.04,13.01,13.01,855.24,0.2867299893458342,658.41,27.06629,750.88,3.17552224503765,2.27054970568104,0.715016154973943,0.219528466253919,0.207214753166224,16.85,1.1541095890411,212.45,3.09468317552804,0,-16.0641,4.11759799833194,1.37608385686463,0.451685660266874,1.30108445697626,0.601283991047423,33.3877563865537,51.0347891166449,14.7976986383577,0.969,3.95608738968062,3.43920674799665,0.832442903389189,0.505112958942417
1997-07-07,1.04,414.46,16.12,16.12,1042.01,0.26392192201150644,658.41,27.06629,750.88,3.17552224503765,2.27054970568104,0.715016154973943,0.219528466253919,0.207214753166224,16.85,1.1541095890411,212.45,3.09468317552804,0,-16.0641,4.11759799833194,1.37608385686463,0.451685660266874,1.30108445697626,0.601283991047423,33.3877563865537,51.0347891166449,14.7976986383577,0.969,3.95608738968062,3.43920674799665,0.832442903389189,0.505112958942417
1997-07-08,18.52,407.39,15.78,15.78,1068.08,0.33560441934796503,658.41,27.06629,750.88,3.17552224503765,2.27054970568104,0.715016154973943,0.219528466253919,0.207214753166224,16.85,1.1541095890411,212.45,3.09468317552804,0,-16.0641,4.11759799833194,1.37608385686463,0.451685660266874,1.30108445697626,0.601283991047423,33.3877563865537,51.0347891166449,14.7976986383577,0.969,3.95608738968062,3.43920674799665,0.832442903389189,0.505112958942417
1997-07-09,24.42,398.58,16.41,16.41,1087.07,2.47304615810782,658.41,27.06629,750.88,3.17552224503765,2.27054970568104,0.715016154973943,0.219528466253919,0.207214753166224,16.85,1.1541095890411,212.45,3.09468317552804,0,-16.0641,4.11759799833194,1.37608385686463,0.451685660266874,1.30108445697626,0.601283991047423,33.3877563865537,51.0347891166449,14.7976986383577,0.969,3.95608738968062,3.43920674799665,0.832442903389189,0.505112958942417
1997-07-10,5.16,534.42,13.26,13.26,900.59,1.8148705007457913,658.41,27.06629,750.88,3.17552224503765,2.27054970568104,0.715016154973943,0.219528466253919,0.207214753166224,16.85,1.1541095890411,212.45,3.09468317552804,0,-16.0641,4.11759799833194,1.37608385686463,0.451685660266874,1.30108445697626,0.601283991047423,33.3877563865537,51.0347891166449,14.7976986383577,0.969,3.95608738968062,3.43920674799665,0.832442903389189,0.505112958942417
1997-07-11,0.0,567.82,13.91,13.91,902.93,0.8080572427018964,658.41,27.06629,750.88,3.17552224503765,2.27054970568104,0.715016154973943,0.219528466253919,0.207214753166224,16.85,1.1541095890411,212.45,3.09468317552804,0,-16.0641,4.11759799833194,1.37608385686463,0.451685660266874,1.30108445697626,0.601283991047423,33.3877563865537,51.0347891166449,14.7976986383577,0.969,3.95608738968062,3.43920674799665,0.832442903389189,0.505112958942417
1997-07-12,0.0,566.47,16.59,16.59,1039.92,0.6060429320264222,658.41,27.06629,750.88,3.17552224503765,2.27054970568104,0.715016154973943,0.219528466253919,0.207214753166224,16.85,1.1541095890411,212.45,3.09468317552804,0,-16.0641,4.11759799833194,1.37608385686463,0.451685660266874,1.30108445697626,0.601283991047423,33.3877563865537,51.0347891166449,14.7976986383577,0.969,3.95608738968062,3.43920674799665,0.832442903389189,0.505112958942417
1997-07-13,0.0,548.98,18.94,18.94,1216.04,0.5017774813552098,658.41,27.06629,750.88,3.17552224503765,2.27054970568104,0.715016154973943,0.219528466253919,0.207214753166224,16.85,1.1541095890411,212.45,3.09468317552804,0,-16.0641,4.11759799833194,1.37608385686463,0.451685660266874,1.30108445697626,0.601283991047423,33.3877563865537,51.0347891166449,14.7976986383577,0.969,3.95608738968062,3.43920674799665,0.832442903389189,0.505112958942417
1997-07-14,0.0,545.62,19.94,19.94,1345.38,0.4300949840187513,658.41,27.06629,750.88,3.17552224503765,2.27054970568104,0.715016154973943,0.219528466253919,0.207214753166224,16.85,1.1541095890411,212.45,3.09468317552804,0,-16.0641,4.11759799833194,1.37608385686463,0.451685660266874,1.30108445697626,0.601283991047423,33.3877563865537,51.0347891166449,14.7976986383577,0.969,3.95608738968062,3.43920674799665,0.832442903389189,0.505112958942417
1997-07-15,2.06,392.84,22.03,22.03,1557.58,0.44312816535265287,658.41,27.06629,750.88,3.17552224503765,2.27054970568104,0.715016154973943,0.219528466253919,0.207214753166224,16.85,1.1541095890411,212.45,3.09468317552804,0,-16.0641,4.11759799833194,1.37608385686463,0.451685660266874,1.30108445697626,0.601283991047423,33.3877563865537,51.0347891166449,14.7976986383577,0.969,3.95608738968062,3.43920674799665,0.832442903389189,0.505112958942417
1997-07-16,0.55,511.32,22.09,22.09,1501.41,0.47571111868740673,658.41,27.06629,750.88,3.17552224503765,2.27054970568104,0.715016154973943,0.219528466253919,0.207214753166224,16.85,1.1541095890411,212.45,3.09468317552804,0,-16.0641,4.11759799833194,1.37608385686463,0.451685660266874,1.30108445697626,0.601283991047423,33.3877563865537,51.0347891166449,14.7976986383577,0.969,3.95608738968062,3.43920674799665,0.832442903389189,0.505112958942417
1997-07-17,0.26,452.03,21.02,21.02,1492.5,0.35515419134881737,658.41,27.06629,750.88,3.17552224503765,2.27054970568104,0.715016154973943,0.219528466253919,0.207214753166224,16.85,1.1541095890411,212.45,3.09468317552804,0,-16.0641,4.11759799833194,1.37608385686463,0.451685660266874,1.30108445697626,0.601283991047423,33.3877563865537,51.0347891166449,14.7976986383577,0.969,3.95608738968062,3.43920674799665,0.832442903389189,0.505112958942417
1997-07-18,6.19,376.16,22.3,22.3,1546.35,0.3453793053483912,658.41,27.06629,750.88,3.17552224503765,2.27054970568104,0.715016154973943,0.219528466253919,0.207214753166224,16.85,1.1541095890411,212.45,3.09468317552804,0,-16.0641,4.11759799833194,1.37608385686463,0.451685660266874,1.30108445697626,0.601283991047423,33.3877563865537,51.0347891166449,14.7976986383577,0.969,3.95608738968062,3.43920674799665,0.832442903389189,0.505112958942417
1997-07-19,1.61,546.95,17.37,17.37,1058.55,0.5180689580225868,658.41,27.06629,750.88,3.17552224503765,2.27054970568104,0.715016154973943,0.219528466253919,0.207214753166224,16.85,1.1541095890411,212.45,3.09468317552804,0,-16.0641,4.11759799833194,1.37608385686463,0.451685660266874,1.30108445697626,0.601283991047423,33.3877563865537,51.0347891166449,14.7976986383577,0.969,3.95608738968062,3.43920674799665,0.832442903389189,0.505112958942417
1997-07-20,0.0,559.25,13.73,13.73,893.39,0.32257123801406345,658.41,27.06629,750.88,3.17552224503765,2.27054970568104,0.715016154973943,0.219528466253919,0.207214753166224,16.85,1.1541095890411,212.45,3.09468317552804,0,-16.0641,4.11759799833194,1.37608385686463,0.451685660266874,1.30108445697626,0.601283991047423,33.3877563865537,51.0347891166449,14.7976986383577,0.969,3.95608738968062,3.43920674799665,0.832442903389189,0.505112958942417
1997-07-21,7.5,407.75,15.83,15.83,1107.15,0.2802133986788834,658.41,27.06629,750.88,3.17552224503765,2.27054970568104,0.715016154973943,0.219528466253919,0.207214753166224,16.85,1.1541095890411,212.45,3.09468317552804,0,-16.0641,4.11759799833194,1.37608385686463,0.451685660266874,1.30108445697626,0.601283991047423,33.3877563865537,51.0347891166449,14.7976986383577,0.969,3.95608738968062,3.43920674799665,0.832442903389189,0.505112958942417
1997-07-22,2.11,455.5,18.33,18.33,1312.38,0.3453793053483912,658.41,27.06629,750.88,3.17552224503765,2.27054970568104,0.715016154973943,0.219528466253919,0.207214753166224,16.85,1.1541095890411,212.45,3.09468317552804,0,-16.0641,4.11759799833194,1.37608385686463,0.451685660266874,1.30108445697626,0.601283991047423,33.3877563865537,51.0347891166449,14.7976986383577,0.969,3.95608738968062,3.43920674799665,0.832442903389189,0.505112958942417
1997-07-23,6.86,358.26,16.57,16.57,1240.43,0.293246580012785,658.41,27.06629,750.88,3.17552224503765,2.27054970568104,0.715016154973943,0.219528466253919,0.207214753166224,16.85,1.1541095890411,212.45,3.09468317552804,0,-16.0641,4.11759799833194,1.37608385686463,0.451685660266874,1.30108445697626,0.601283991047423,33.3877563865537,51.0347891166449,14.7976986383577,0.969,3.95608738968062,3.43920674799665,0.832442903389189,0.505112958942417
1997-07-24,2.1,370.16,16.09,16.09,1282.5,0.3421210100149158,658.41,27.06629,750.88,3.17552224503765,2.27054970568104,0.715016154973943,0.219528466253919,0.207214753166224,16.85,1.1541095890411,212.45,3.09468317552804,0,-16.0641,4.11759799833194,1.37608385686463,0.451685660266874,1.30108445697626,0.601283991047423,33.3877563865537,51.0347891166449,14.7976986383577,0.969,3.95608738968062,3.43920674799665,0.832442903389189,0.505112958942417
1997-07-25,0.23,387.19,16.8,16.8,1332.48,0.3030214660132111,658.41,27.06629,750.88,3.17552224503765,2.27054970568104,0.715016154973943,0.219528466253919,0.207214753166224,16.85,1.1541095890411,212.45,3.09468317552804,0,-16.0641,4.11759799833194,1.37608385686463,0.451685660266874,1.30108445697626,0.601283991047423,33.3877563865537,51.0347891166449,14.7976986383577,0.969,3.95608738968062,3.43920674799665,0.832442903389189,0.505112958942417
1997-07-26,0.05,485.63,17.9,17.9,1334.88,0.2671802173449819,658.41,27.06629,750.88,3.17552224503765,2.27054970568104,0.715016154973943,0.219528466253919,0.207214753166224,16.85,1.1541095890411,212.45,3.09468317552804,0,-16.0641,4.11759799833194,1.37608385686463,0.451685660266874,1.30108445697626,0.601283991047423,33.3877563865537,51.0347891166449,14.7976986383577,0.969,3.95608738968062,3.43920674799665,0.832442903389189,0.505112958942417
1997-07-27,0.0,458.72,20.08,20.08,1521.59,0.24437215001065415,658.41,27.06629,750.88,3.17552224503765,2.27054970568104,0.715016154973943,0.219528466253919,0.207214753166224,16.85,1.1541095890411,212.45,3.09468317552804,0,-16.0641,4.11759799833194,1.37608385686463,0.451685660266874,1.30108445697626,0.601283991047423,33.3877563865537,51.0347891166449,14.7976986383577,0.969,3.95608738968062,3.43920674799665,0.832442903389189,0.505112958942417
1997-07-28,6.75,365.93,20.6,20.6,1498.66,0.2671802173449819,658.41,27.06629,750.88,3.17552224503765,2.27054970568104,0.715016154973943,0.219528466253919,0.207214753166224,16.85,1.1541095890411,212.45,3.09468317552804,0,-16.0641,4.11759799833194,1.37608385686463,0.451685660266874,1.30108445697626,0.601283991047423,33.3877563865537,51.0347891166449,14.7976986383577,0.969,3.95608738968062,3.43920674799665,0.832442903389189,0.505112958942417
1997-07-29,1.78,524.1,17.94,17.94,1156.23,0.30627976134668655,658.41,27.06629,750.88,3.17552224503765,2.27054970568104,0.715016154973943,0.219528466253919,0.207214753166224,16.85,1.1541095890411,212.45,3.09468317552804,0,-16.0641,4.11759799833194,1.37608385686463,0.451685660266874,1.30108445697626,0.601283991047423,33.3877563865537,51.0347891166449,14.7976986383577,0.969,3.95608738968062,3.43920674799665,0.832442903389189,0.505112958942417
1997-07-30,0.0,558.06,13.45,13.45,861.41,0.22482237800980182,658.41,27.06629,750.88,3.17552224503765,2.27054970568104,0.715016154973943,0.219528466253919,0.207214753166224,16.85,1.1541095890411,212.45,3.09468317552804,0,-16.0641,4.11759799833194,1.37608385686463,0.451685660266874,1.30108445697626,0.601283991047423,33.3877563865537,51.0347891166449,14.7976986383577,0.969,3.95608738968062,3.43920674799665,0.832442903389189,0.505112958942417
1997-07-31,0.0,563.07,14.63,14.63,914.39,0.2020143106754741,658.41,27.06629,750.88,3.17552224503765,2.27054970568104,0.715016154973943,0.219528466253919,0.207214753166224,16.85,1.1541095890411,212.45,3.09468317552804,0,-16.0641,4.11759799833194,1.37608385686463,0.451685660266874,1.30108445697626,0.601283991047423,33.3877563865537,51.0347891166449,14.7976986383577,0.969,3.95608738968062,3.43920674799665,0.832442903389189,0.505112958942417
1997-08-01,0.04,453.31,16.96,16.96,1104.75,0.18572283400809714,658.41,27.06629,750.88,3.17552224503765,2.27054970568104,0.715016154973943,0.219528466253919,0.207214753166224,16.85,1.1541095890411,212.45,3.09468317552804,0,-16.0641,4.11759799833194,1.37608385686463,0.451685660266874,1.30108445697626,0.601283991047423,33.3877563865537,51.0347891166449,14.7976986383577,0.969,3.95608738968062,3.43920674799665,0.832442903389189,0.505112958942417
1997-08-02,0.03,468.91,18.99,18.99,1313.0,0.17920624334114638,658.41,27.06629,750.88,3.17552224503765,2.27054970568104,0.715016154973943,0.219528466253919,0.207214753166224,16.85,1.1541095890411,212.45,3.09468317552804,0,-16.0641,4.11759799833194,1.37608385686463,0.451685660266874,1.30108445697626,0.601283991047423,33.3877563865537,51.0347891166449,14.7976986383577,0.969,3.95608738968062,3.43920674799665,0.832442903389189,0.505112958942417
1997-08-03,6.3,355.1,19.93,19.93,1486.88,0.1694313573407202,658.41,27.06629,750.88,3.17552224503765,2.27054970568104,0.715016154973943,0.219528466253919,0.207214753166224,16.85,1.1541095890411,212.45,3.09468317552804,0,-16.0641,4.11759799833194,1.37608385686463,0.451685660266874,1.30108445697626,0.601283991047423,33.3877563865537,51.0347891166449,14.7976986383577,0.969,3.95608738968062,3.43920674799665,0.832442903389189,0.505112958942417
1997-08-04,10.49,315.08,19.14,19.14,1448.73,0.20853090134242488,658.41,27.06629,750.88,3.17552224503765,2.27054970568104,0.715016154973943,0.219528466253919,0.207214753166224,16.85,1.1541095890411,212.45,3.09468317552804,0,-16.0641,4.11759799833194,1.37608385686463,0.451685660266874,1.30108445697626,0.601283991047423,33.3877563865537,51.0347891166449,14.7976986383577,0.969,3.95608738968062,3.43920674799665,0.832442903389189,0.505112958942417
1997-08-05,2.41,377.0,15.78,15.78,1117.66,0.33560441934796503,658.41,27.06629,750.88,3.17552224503765,2.27054970568104,0.715016154973943,0.219528466253919,0.207214753166224,16.85,1.1541095890411,212.45,3.09468317552804,0,-16.0641,4.11759799833194,1.37608385686463,0.451685660266874,1.30108445697626,0.601283991047423,33.3877563865537,51.0347891166449,14.7976986383577,0.969,3.95608738968062,3.43920674799665,0.832442903389189,0.505112958942417
1997-08-06,0.02,540.2,12.86,12.86,846.09,0.21830578734285105,658.41,27.06629,750.88,3.17552224503765,2.27054970568104,0.715016154973943,0.219528466253919,0.207214753166224,16.85,1.1541095890411,212.45,3.09468317552804,0,-16.0641,4.11759799833194,1.37608385686463,0.451685660266874,1.30108445697626,0.601283991047423,33.3877563865537,51.0347891166449,14.7976986383577,0.969,3.95608738968062,3.43920674799665,0.832442903389189,0.505112958942417
1997-08-07,0.0,553.84,12.42,12.42,800.24,0.18246453867462176,658.41,27.06629,750.88,3.17552224503765,2.27054970568104,0.715016154973943,0.219528466253919,0.207214753166224,16.85,1.1541095890411,212.45,3.09468317552804,0,-16.0641,4.11759799833194,1.37608385686463,0.451685660266874,1.30108445697626,0.601283991047423,33.3877563865537,51.0347891166449,14.7976986383577,0.969,3.95608738968062,3.43920674799665,0.832442903389189,0.505112958942417
1997-08-08,0.0,550.7,14.34,14.34,896.28,0.16617306200724483,658.41,27.06629,750.88,3.17552224503765,2.27054970568104,0.715016154973943,0.219528466253919,0.207214753166224,16.85,1.1541095890411,212.45,3.09468317552804,0,-16.0641,4.11759799833194,1.37608385686463,0.451685660266874,1.30108445697626,0.601283991047423,33.3877563865537,51.0347891166449,14.7976986383577,0.969,3.95608738968062,3.43920674799665,0.832442903389189,0.505112958942417
1997-08-09,0.0,545.05,16.67,16.67,1037.57,0.15313988067334328,658.41,27.06629,750.88,3.17552224503765,2.27054970568104,0.715016154973943,0.219528466253919,0.207214753166224,16.85,1.1541095890411,212.45,3.09468317552804,0,-16.0641,4.11759799833194,1.37608385686463,0.451685660266874,1.30108445697626,0.601283991047423,33.3877563865537,51.0347891166449,14.7976986383577,0.969,3.95608738968062,3.43920674799665,0.832442903389189,0.505112958942417
1997-08-10,0.0,525.38,18.53,18.53,1230.26,0.1433649946729171,658.41,27.06629,750.88,3.17552224503765,2.27054970568104,0.715016154973943,0.219528466253919,0.207214753166224,16.85,1.1541095890411,212.45,3.09468317552804,0,-16.0641,4.11759799833194,1.37608385686463,0.451685660266874,1.30108445697626,0.601283991047423,33.3877563865537,51.0347891166449,14.7976986383577,0.969,3.95608738968062,3.43920674799665,0.832442903389189,0.505112958942417
1997-08-11,3.57,354.47,20.63,20.63,1486.16,0.13684840400596632,658.41,27.06629,750.88,3.17552224503765,2.27054970568104,0.715016154973943,0.219528466253919,0.207214753166224,16.85,1.1541095890411,212.45,3.09468317552804,0,-16.0641,4.11759799833194,1.37608385686463,0.451685660266874,1.30108445697626,0.601283991047423,33.3877563865537,51.0347891166449,14.7976986383577,0.969,3.95608738968062,3.43920674799665,0.832442903389189,0.505112958942417
1997-08-12,7.52,366.34,18.81,18.81,1399.53,0.13359010867249094,658.41,27.06629,750.88,3.17552224503765,2.27054970568104,0.715016154973943,0.219528466253919,0.207214753166224,16.85,1.1541095890411,212.45,3.09468317552804,0,-16.0641,4.11759799833194,1.37608385686463,0.451685660266874,1.30108445697626,0.601283991047423,33.3877563865537,51.0347891166449,14.7976986383577,0.969,3.95608738968062,3.43920674799665,0.832442903389189,0.505112958942417
1997-08-13,5.09,292.44,18.95,18.95,1449.77,0.16617306200724483,658.41,27.06629,750.88,3.17552224503765,2.27054970568104,0.715016154973943,0.219528466253919,0.207214753166224,16.85,1.1541095890411,212.45,3.09468317552804,0,-16.0641,4.11759799833194,1.37608385686463,0.451685660266874,1.30108445697626,0.601283991047423,33.3877563865537,51.0347891166449,14.7976986383577,0.969,3.95608738968062,3.43920674799665,0.832442903389189,0.505112958942417
1997-08-14,0.88,507.31,16.03,16.03,1128.98,0.18572283400809714,658.41,27.06629,750.88,3.17552224503765,2.27054970568104,0.715016154973943,0.219528466253919,0.207214753166224,16.85,1.1541095890411,212.45,3.09468317552804,0,-16.0641,4.11759799833194,1.37608385686463,0.451685660266874,1.30108445697626,0.601283991047423,33.3877563865537,51.0347891166449,14.7976986383577,0.969,3.95608738968062,3.43920674799665,0.832442903389189,0.505112958942417
1997-08-15,5.31,362.26,15.46,15.46,1185.55,0.15639817600681866,658.41,27.06629,750.88,3.17552224503765,2.27054970568104,0.715016154973943,0.219528466253919,0.207214753166224,16.85,1.1541095890411,212.45,3.09468317552804,0,-16.0641,4.11759799833194,1.37608385686463,0.451685660266874,1.30108445697626,0.601283991047423,33.3877563865537,51.0347891166449,14.7976986383577,0.969,3.95608738968062,3.43920674799665,0.832442903389189,0.505112958942417
1997-08-16,5.73,321.07,18.59,18.59,1501.94,0.22808067334327722,658.41,27.06629,750.88,3.17552224503765,2.27054970568104,0.715016154973943,0.219528466253919,0.207214753166224,16.85,1.1541095890411,212.45,3.09468317552804,0,-16.0641,4.11759799833194,1.37608385686463,0.451685660266874,1.30108445697626,0.601283991047423,33.3877563865537,51.0347891166449,14.7976986383577,0.969,3.95608738968062,3.43920674799665,0.832442903389189,0.505112958942417
1997-08-17,6.56,347.33,20.58,20.58,1545.2,0.3127963520136373,658.41,27.06629,750.88,3.17552224503765,2.27054970568104,0.715016154973943,0.219528466253919,0.207214753166224,16.85,1.1541095890411,212.45,3.09468317552804,0,-16.0641,4.11759799833194,1.37608385686463,0.451685660266874,1.30108445697626,0.601283991047423,33.3877563865537,51.0347891166449,14.7976986383577,0.969,3.95608738968062,3.43920674799665,0.832442903389189,0.505112958942417
1997-08-18,1.5,400.67,17.18,17.18,1229.34,0.30627976134668655,658.41,27.06629,750.88,3.17552224503765,2.27054970568104,0.715016154973943,0.219528466253919,0.207214753166224,16.85,1.1541095890411,212.45,3.09468317552804,0,-16.0641,4.11759799833194,1.37608385686463,0.451685660266874,1.30108445697626,0.601283991047423,33.3877563865537,51.0347891166449,14.7976986383577,0.969,3.95608738968062,3.43920674799665,0.832442903389189,0.505112958942417
1997-08-19,0.02,537.33,12.51,12.51,868.07,0.22482237800980182,658.41,27.06629,750.88,3.17552224503765,2.27054970568104,0.715016154973943,0.219528466253919,0.207214753166224,16.85,1.1541095890411,212.45,3.09468317552804,0,-16.0641,4.11759799833194,1.37608385686463,0.451685660266874,1.30108445697626,0.601283991047423,33.3877563865537,51.0347891166449,14.7976986383577,0.969,3.95608738968062,3.43920674799665,0.832442903389189,0.505112958942417
1997-08-20,2.13,368.97,14.37,14.37,1028.74,0.18572283400809714,658.41,27.06629,750.88,3.17552224503765,2.27054970568104,0.715016154973943,0.219528466253919,0.207214753166224,16.85,1.1541095890411,212.45,3.09468317552804,0,-16.0641,4.11759799833194,1.37608385686463,0.451685660266874,1.30108445697626,0.601283991047423,33.3877563865537,51.0347891166449,14.7976986383577,0.969,3.95608738968062,3.43920674799665,0.832442903389189,0.505112958942417
1997-08-21,3.72,267.98,14.13,14.13,1158.75,0.19223942467504793,658.41,27.06629,750.88,3.17552224503765,2.27054970568104,0.715016154973943,0.219528466253919,0.207214753166224,16.85,1.1541095890411,212.45,3.09468317552804,0,-16.0641,4.11759799833194,1.37608385686463,0.451685660266874,1.30108445697626,0.601283991047423,33.3877563865537,51.0347891166449,14.7976986383577,0.969,3.95608738968062,3.43920674799665,0.832442903389189,0.505112958942417
1997-08-22,4.87,334.09,15.12,15.12,1197.27,0.20527260600894948,658.41,27.06629,750.88,3.17552224503765,2.27054970568104,0.715016154973943,0.219528466253919,0.207214753166224,16.85,1.1541095890411,212.45,3.09468317552804,0,-16.0641,4.11759799833194,1.37608385686463,0.451685660266874,1.30108445697626,0.601283991047423,33.3877563865537,51.0347891166449,14.7976986383577,0.969,3.95608738968062,3.43920674799665,0.832442903389189,0.505112958942417
1997-08-23,2.01,238.74,14.33,14.33,1172.05,0.23785555934370337,658.41,27.06629,750.88,3.17552224503765,2.27054970568104,0.715016154973943,0.219528466253919,0.207214753166224,16.85,1.1541095890411,212.45,3.09468317552804,0,-16.0641,4.11759799833194,1.37608385686463,0.451685660266874,1.30108445697626,0.601283991047423,33.3877563865537,51.0347891166449,14.7976986383577,0.969,3.95608738968062,3.43920674799665,0.832442903389189,0.505112958942417
1997-08-24,2.19,346.41,12.26,12.26,1014.4,0.22808067334327722,658.41,27.06629,750.88,3.17552224503765,2.27054970568104,0.715016154973943,0.219528466253919,0.207214753166224,16.85,1.1541095890411,212.45,3.09468317552804,0,-16.0641,4.11759799833194,1.37608385686463,0.451685660266874,1.30108445697626,0.601283991047423,33.3877563865537,51.0347891166449,14.7976986383577,0.969,3.95608738968062,3.43920674799665,0.832442903389189,0.505112958942417
1997-08-25,0.6,324.57,14.67,14.67,1160.06,0.1954977200085233,658.41,27.06629,750.88,3.17552224503765,2.27054970568104,0.715016154973943,0.219528466253919,0.207214753166224,16.85,1.1541095890411,212.45,3.09468317552804,0,-16.0641,4.11759799833194,1.37608385686463,0.451685660266874,1.30108445697626,0.601283991047423,33.3877563865537,51.0347891166449,14.7976986383577,0.969,3.95608738968062,3.43920674799665,0.832442903389189,0.505112958942417
1997-08-26,0.04,406.99,15.42,15.42,1214.2,0.18898112934157255,658.41,27.06629,750.88,3.17552224503765,2.27054970568104,0.715016154973943,0.219528466253919,0.207214753166224,16.85,1.1541095890411,212.45,3.09468317552804,0,-16.0641,4.11759799833194,1.37608385686463,0.451685660266874,1.30108445697626,0.601283991047423,33.3877563865537,51.0347891166449,14.7976986383577,0.969,3.95608738968062,3.43920674799665,0.832442903389189,0.505112958942417
1997-08-27,1.0,334.21,17.17,17.17,1344.51,0.17594794800767097,658.41,27.06629,750.88,3.17552224503765,2.27054970568104,0.715016154973943,0.219528466253919,0.207214753166224,16.85,1.1541095890411,212.45,3.09468317552804,0,-16.0641,4.11759799833194,1.37608385686463,0.451685660266874,1.30108445697626,0.601283991047423,33.3877563865537,51.0347891166449,14.7976986383577,0.969,3.95608738968062,3.43920674799665,0.832442903389189,0.505112958942417
1997-08-28,2.57,326.01,18.13,18.13,1389.82,0.1726896526741956,658.41,27.06629,750.88,3.17552224503765,2.27054970568104,0.715016154973943,0.219528466253919,0.207214753166224,16.85,1.1541095890411,212.45,3.09468317552804,0,-16.0641,4.11759799833194,1.37608385686463,0.451685660266874,1.30108445697626,0.601283991047423,33.3877563865537,51.0347891166449,14.7976986383577,0.969,3.95608738968062,3.43920674799665,0.832442903389189,0.505112958942417
1997-08-29,0.64,431.11,17.22,17.22,1274.86,0.1694313573407202,658.41,27.06629,750.88,3.17552224503765,2.27054970568104,0.715016154973943,0.219528466253919,0.207214753166224,16.85,1.1541095890411,212.45,3.09468317552804,0,-16.0641,4.11759799833194,1.37608385686463,0.451685660266874,1.30108445697626,0.601283991047423,33.3877563865537,51.0347891166449,14.7976986383577,0.969,3.95608738968062,3.43920674799665,0.832442903389189,0.505112958942417
1997-08-30,0.07,413.16,15.9,15.9,1193.6,0.15965647134029404,658.41,27.06629,750.88,3.17552224503765,2.27054970568104,0.715016154973943,0.219528466253919,0.207214753166224,16.85,1.1541095890411,212.45,3.09468317552804,0,-16.0641,4.11759799833194,1.37608385686463,0.451685660266874,1.30108445697626,0.601283991047423,33.3877563865537,51.0347891166449,14.7976986383577,0.969,3.95608738968062,3.43920674799665,0.832442903389189,0.505112958942417
1997-08-31,1.85,341.2,16.66,16.66,1250.05,0.15313988067334328,658.41,27.06629,750.88,3.17552224503765,2.27054970568104,0.715016154973943,0.219528466253919,0.207214753166224,16.85,1.1541095890411,212.45,3.09468317552804,0,-16.0641,4.11759799833194,1.37608385686463,0.451685660266874,1.30108445697626,0.601283991047423,33.3877563865537,51.0347891166449,14.7976986383577,0.969,3.95608738968062,3.43920674799665,0.832442903389189,0.505112958942417
1997-09-01,0.48,442.77,17.02,17.02,1280.6,0.1466232900063925,658.41,27.06629,750.88,3.17552224503765,2.27054970568104,0.715016154973943,0.219528466253919,0.207214753166224,16.85,1.1541095890411,212.45,3.09468317552804,0,-16.0641,4.11759799833194,1.37608385686463,0.451685660266874,1.30108445697626,0.601283991047423,33.3877563865537,51.0347891166449,14.7976986383577,0.969,3.95608738968062,3.43920674799665,0.832442903389189,0.505112958942417
1997-09-02,8.74,328.31,18.49,18.49,1360.26,0.1401066993394417,658.41,27.06629,750.88,3.17552224503765,2.27054970568104,0.715016154973943,0.219528466253919,0.207214753166224,16.85,1.1541095890411,212.45,3.09468317552804,0,-16.0641,4.11759799833194,1.37608385686463,0.451685660266874,1.30108445697626,0.601283991047423,33.3877563865537,51.0347891166449,14.7976986383577,0.969,3.95608738968062,3.43920674799665,0.832442903389189,0.505112958942417
1997-09-03,2.56,473.98,16.32,16.32,1014.03,0.1726896526741956,658.41,27.06629,750.88,3.17552224503765,2.27054970568104,0.715016154973943,0.219528466253919,0.207214753166224,16.85,1.1541095890411,212.45,3.09468317552804,0,-16.0641,4.11759799833194,1.37608385686463,0.451685660266874,1.30108445697626,0.601283991047423,33.3877563865537,51.0347891166449,14.7976986383577,0.969,3.95608738968062,3.43920674799665,0.832442903389189,0.505112958942417
1997-09-04,0.07,494.92,9.03,9.03,669.82,0.16291476667376945,658.41,27.06629,750.88,3.17552224503765,2.27054970568104,0.715016154973943,0.219528466253919,0.207214753166224,16.85,1.1541095890411,212.45,3.09468317552804,0,-16.0641,4.11759799833194,1.37608385686463,0.451685660266874,1.30108445697626,0.601283991047423,33.3877563865537,51.0347891166449,14.7976986383577,0.969,3.95608738968062,3.43920674799665,0.832442903389189,0.505112958942417
1997-09-05,0.07,419.16,9.29,9.29,712.37,0.1401066993394417,658.41,27.06629,750.88,3.17552224503765,2.27054970568104,0.715016154973943,0.219528466253919,0.207214753166224,16.85,1.1541095890411,212.45,3.09468317552804,0,-16.0641,4.11759799833194,1.37608385686463,0.451685660266874,1.30108445697626,0.601283991047423,33.3877563865537,51.0347891166449,14.7976986383577,0.969,3.95608738968062,3.43920674799665,0.832442903389189,0.505112958942417
1997-09-06,1.38,370.03,13.01,13.01,949.5,0.13033181333901556,658.41,27.06629,750.88,3.17552224503765,2.27054970568104,0.715016154973943,0.219528466253919,0.207214753166224,16.85,1.1541095890411,212.45,3.09468317552804,0,-16.0641,4.11759799833194,1.37608385686463,0.451685660266874,1.30108445697626,0.601283991047423,33.3877563865537,51.0347891166449,14.7976986383577,0.969,3.95608738968062,3.43920674799665,0.832442903389189,0.505112958942417
1997-09-07,1.29,330.79,16.95,16.95,1252.67,0.12707351800554018,658.41,27.06629,750.88,3.17552224503765,2.27054970568104,0.715016154973943,0.219528466253919,0.207214753166224,16.85,1.1541095890411,212.45,3.09468317552804,0,-16.0641,4.11759799833194,1.37608385686463,0.451685660266874,1.30108445697626,0.601283991047423,33.3877563865537,51.0347891166449,14.7976986383577,0.969,3.95608738968062,3.43920674799665,0.832442903389189,0.505112958942417
1997-09-08,0.25,369.69,16.23,16.23,1225.38,0.12381522267206477,658.41,27.06629,750.88,3.17552224503765,2.27054970568104,0.715016154973943,0.219528466253919,0.207214753166224,16.85,1.1541095890411,212.45,3.09468317552804,0,-16.0641,4.11759799833194,1.37608385686463,0.451685660266874,1.30108445697626,0.601283991047423,33.3877563865537,51.0347891166449,14.7976986383577,0.969,3.95608738968062,3.43920674799665,0.832442903389189,0.505112958942417
1997-09-09,0.76,327.65,12.92,12.92,1036.79,0.12055692733858939,658.41,27.06629,750.88,3.17552224503765,2.27054970568104,0.715016154973943,0.219528466253919,0.207214753166224,16.85,1.1541095890411,212.45,3.09468317552804,0,-16.0641,4.11759799833194,1.37608385686463,0.451685660266874,1.30108445697626,0.601283991047423,33.3877563865537,51.0347891166449,14.7976986383577,0.969,3.95608738968062,3.43920674799665,0.832442903389189,0.505112958942417
1997-09-10,8.37,245.98,13.54,13.54,1197.18,0.12707351800554018,658.41,27.06629,750.88,3.17552224503765,2.27054970568104,0.715016154973943,0.219528466253919,0.207214753166224,16.85,1.1541095890411,212.45,3.09468317552804,0,-16.0641,4.11759799833194,1.37608385686463,0.451685660266874,1.30108445697626,0.601283991047423,33.3877563865537,51.0347891166449,14.7976986383577,0.969,3.95608738968062,3.43920674799665,0.832442903389189,0.505112958942417
1997-09-11,17.94,149.74,15.2,15.2,1388.99,0.35189589601534194,658.41,27.06629,750.88,3.17552224503765,2.27054970568104,0.715016154973943,0.219528466253919,0.207214753166224,16.85,1.1541095890411,212.45,3.09468317552804,0,-16.0641,4.11759799833194,1.37608385686463,0.451685660266874,1.30108445697626,0.601283991047423,33.3877563865537,51.0347891166449,14.7976986383577,0.969,3.95608738968062,3.43920674799665,0.832442903389189,0.505112958942417
1997-09-12,4.75,279.37,14.61,14.61,1268.06,0.6907586106967823,658.41,27.06629,750.88,3.17552224503765,2.27054970568104,0.715016154973943,0.219528466253919,0.207214753166224,16.85,1.1541095890411,212.45,3.09468317552804,0,-16.0641,4.11759799833194,1.37608385686463,0.451685660266874,1.30108445697626,0.601283991047423,33.3877563865537,51.0347891166449,14.7976986383577,0.969,3.95608738968062,3.43920674799665,0.832442903389189,0.505112958942417
1997-09-13,0.28,316.93,15.92,15.92,1312.15,0.3388627146814404,658.41,27.06629,750.88,3.17552224503765,2.27054970568104,0.715016154973943,0.219528466253919,0.207214753166224,16.85,1.1541095890411,212.45,3.09468317552804,0,-16.0641,4.11759799833194,1.37608385686463,0.451685660266874,1.30108445697626,0.601283991047423,33.3877563865537,51.0347891166449,14.7976986383577,0.969,3.95608738968062,3.43920674799665,0.832442903389189,0.505112958942417
1997-09-14,0.03,358.35,14.83,14.83,1200.04,0.2671802173449819,658.41,27.06629,750.88,3.17552224503765,2.27054970568104,0.715016154973943,0.219528466253919,0.207214753166224,16.85,1.1541095890411,212.45,3.09468317552804,0,-16.0641,4.11759799833194,1.37608385686463,0.451685660266874,1.30108445697626,0.601283991047423,33.3877563865537,51.0347891166449,14.7976986383577,0.969,3.95608738968062,3.43920674799665,0.832442903389189,0.505112958942417
1997-09-15,0.46,413.31,14.5,14.5,1098.85,0.22808067334327722,658.41,27.06629,750.88,3.17552224503765,2.27054970568104,0.715016154973943,0.219528466253919,0.207214753166224,16.85,1.1541095890411,212.45,3.09468317552804,0,-16.0641,4.11759799833194,1.37608385686463,0.451685660266874,1.30108445697626,0.601283991047423,33.3877563865537,51.0347891166449,14.7976986383577,0.969,3.95608738968062,3.43920674799665,0.832442903389189,0.505112958942417
1997-09-16,0.12,434.9,16.21,16.21,1171.69,0.20527260600894948,658.41,27.06629,750.88,3.17552224503765,2.27054970568104,0.715016154973943,0.219528466253919,0.207214753166224,16.85,1.1541095890411,212.45,3.09468317552804,0,-16.0641,4.11759799833194,1.37608385686463,0.451685660266874,1.30108445697626,0.601283991047423,33.3877563865537,51.0347891166449,14.7976986383577,0.969,3.95608738968062,3.43920674799665,0.832442903389189,0.505112958942417
1997-09-17,2.73,336.02,16.1,16.1,1146.51,0.18898112934157255,658.41,27.06629,750.88,3.17552224503765,2.27054970568104,0.715016154973943,0.219528466253919,0.207214753166224,16.85,1.1541095890411,212.45,3.09468317552804,0,-16.0641,4.11759799833194,1.37608385686463,0.451685660266874,1.30108445697626,0.601283991047423,33.3877563865537,51.0347891166449,14.7976986383577,0.969,3.95608738968062,3.43920674799665,0.832442903389189,0.505112958942417
1997-09-18,0.78,406.89,16.19,16.19,1132.36,0.21178919667590027,658.41,27.06629,750.88,3.17552224503765,2.27054970568104,0.715016154973943,0.219528466253919,0.207214753166224,16.85,1.1541095890411,212.45,3.09468317552804,0,-16.0641,4.11759799833194,1.37608385686463,0.451685660266874,1.30108445697626,0.601283991047423,33.3877563865537,51.0347891166449,14.7976986383577,0.969,3.95608738968062,3.43920674799665,0.832442903389189,0.505112958942417
1997-09-19,2.16,333.77,14.93,14.93,1054.75,0.19223942467504793,658.41,27.06629,750.88,3.17552224503765,2.27054970568104,0.715016154973943,0.219528466253919,0.207214753166224,16.85,1.1541095890411,212.45,3.09468317552804,0,-16.0641,4.11759799833194,1.37608385686463,0.451685660266874,1.30108445697626,0.601283991047423,33.3877563865537,51.0347891166449,14.7976986383577,0.969,3.95608738968062,3.43920674799665,0.832442903389189,0.505112958942417
1997-09-20,3.27,336.1,14.92,14.92,994.42,0.17920624334114638,658.41,27.06629,750.88,3.17552224503765,2.27054970568104,0.715016154973943,0.219528466253919,0.207214753166224,16.85,1.1541095890411,212.45,3.09468317552804,0,-16.0641,4.11759799833194,1.37608385686463,0.451685660266874,1.30108445697626,0.601283991047423,33.3877563865537,51.0347891166449,14.7976986383577,0.969,3.95608738968062,3.43920674799665,0.832442903389189,0.505112958942417
1997-09-21,0.86,349.79,10.86,10.86,761.14,0.1726896526741956,658.41,27.06629,750.88,3.17552224503765,2.27054970568104,0.715016154973943,0.219528466253919,0.207214753166224,16.85,1.1541095890411,212.45,3.09468317552804,0,-16.0641,4.11759799833194,1.37608385686463,0.451685660266874,1.30108445697626,0.601283991047423,33.3877563865537,51.0347891166449,14.7976986383577,0.969,3.95608738968062,3.43920674799665,0.832442903389189,0.505112958942417
1997-09-22,0.04,446.59,6.98,6.98,633.82,0.15639817600681866,658.41,27.06629,750.88,3.17552224503765,2.27054970568104,0.715016154973943,0.219528466253919,0.207214753166224,16.85,1.1541095890411,212.45,3.09468317552804,0,-16.0641,4.11759799833194,1.37608385686463,0.451685660266874,1.30108445697626,0.601283991047423,33.3877563865537,51.0347891166449,14.7976986383577,0.969,3.95608738968062,3.43920674799665,0.832442903389189,0.505112958942417
1997-09-23,1.69,307.97,10.49,10.49,795.26,0.14988158533986787,658.41,27.06629,750.88,3.17552224503765,2.27054970568104,0.715016154973943,0.219528466253919,0.207214753166224,16.85,1.1541095890411,212.45,3.09468317552804,0,-16.0641,4.11759799833194,1.37608385686463,0.451685660266874,1.30108445697626,0.601283991047423,33.3877563865537,51.0347891166449,14.7976986383577,0.969,3.95608738968062,3.43920674799665,0.832442903389189,0.505112958942417
1997-09-24,0.45,436.88,7.5,7.5,625.36,0.14988158533986787,658.41,27.06629,750.88,3.17552224503765,2.27054970568104,0.715016154973943,0.219528466253919,0.207214753166224,16.85,1.1541095890411,212.45,3.09468317552804,0,-16.0641,4.11759799833194,1.37608385686463,0.451685660266874,1.30108445697626,0.601283991047423,33.3877563865537,51.0347891166449,14.7976986383577,0.969,3.95608738968062,3.43920674799665,0.832442903389189,0.505112958942417
1997-09-25,3.43,320.04,8.21,8.21,701.09,0.14988158533986787,658.41,27.06629,750.88,3.17552224503765,2.27054970568104,0.715016154973943,0.219528466253919,0.207214753166224,16.85,1.1541095890411,212.45,3.09468317552804,0,-16.0641,4.11759799833194,1.37608385686463,0.451685660266874,1.30108445697626,0.601283991047423,33.3877563865537,51.0347891166449,14.7976986383577,0.969,3.95608738968062,3.43920674799665,0.832442903389189,0.505112958942417
1997-09-26,0.98,328.21,10.75,10.75,805.84,0.1466232900063925,658.41,27.06629,750.88,3.17552224503765,2.27054970568104,0.715016154973943,0.219528466253919,0.207214753166224,16.85,1.1541095890411,212.45,3.09468317552804,0,-16.0641,4.11759799833194,1.37608385686463,0.451685660266874,1.30108445697626,0.601283991047423,33.3877563865537,51.0347891166449,14.7976986383577,0.969,3.95608738968062,3.43920674799665,0.832442903389189,0.505112958942417
1997-09-27,0.02,440.32,6.9,6.9,611.72,0.1433649946729171,658.41,27.06629,750.88,3.17552224503765,2.27054970568104,0.715016154973943,0.219528466253919,0.207214753166224,16.85,1.1541095890411,212.45,3.09468317552804,0,-16.0641,4.11759799833194,1.37608385686463,0.451685660266874,1.30108445697626,0.601283991047423,33.3877563865537,51.0347891166449,14.7976986383577,0.969,3.95608738968062,3.43920674799665,0.832442903389189,0.505112958942417
1997-09-28,26.07,313.95,9.83,9.83,787.18,0.1401066993394417,658.41,27.06629,750.88,3.17552224503765,2.27054970568104,0.715016154973943,0.219528466253919,0.207214753166224,16.85,1.1541095890411,212.45,3.09468317552804,0,-16.0641,4.11759799833194,1.37608385686463,0.451685660266874,1.30108445697626,0.601283991047423,33.3877563865537,51.0347891166449,14.7976986383577,0.969,3.95608738968062,3.43920674799665,0.832442903389189,0.505112958942417
1997-09-29,15.75,268.06,12.28,12.28,1003.06,1.2186024547197953,658.41,27.06629,750.88,3.17552224503765,2.27054970568104,0.715016154973943,0.219528466253919,0.207214753166224,16.85,1.1541095890411,212.45,3.09468317552804,0,-16.0641,4.11759799833194,1.37608385686463,0.451685660266874,1.30108445697626,0.601283991047423,33.3877563865537,51.0347891166449,14.7976986383577,0.969,3.95608738968062,3.43920674799665,0.832442903389189,0.505112958942417
1997-09-30,9.48,257.7,13.51,13.51,1057.33,1.5835315320690388,658.41,27.06629,750.88,3.17552224503765,2.27054970568104,0.715016154973943,0.219528466253919,0.207214753166224,16.85,1.1541095890411,212.45,3.09468317552804,0,-16.0641,4.11759799833194,1.37608385686463,0.451685660266874,1.30108445697626,0.601283991047423,33.3877563865537,51.0347891166449,14.7976986383577,0.969,3.95608738968062,3.43920674799665,0.832442903389189,0.505112958942417
1997-10-01,1.99,333.58,9.06,9.06,742.74,1.6552140294054976,658.41,27.06629,750.88,3.17552224503765,2.27054970568104,0.715016154973943,0.219528466253919,0.207214753166224,16.85,1.1541095890411,212.45,3.09468317552804,0,-16.0641,4.11759799833194,1.37608385686463,0.451685660266874,1.30108445697626,0.601283991047423,33.3877563865537,51.0347891166449,14.7976986383577,0.969,3.95608738968062,3.43920674799665,0.832442903389189,0.505112958942417
1997-10-02,0.73,302.44,3.82,3.82,531.19,0.8992895120392073,658.41,27.06629,750.88,3.17552224503765,2.27054970568104,0.715016154973943,0.219528466253919,0.207214753166224,16.85,1.1541095890411,212.45,3.09468317552804,0,-16.0641,4.11759799833194,1.37608385686463,0.451685660266874,1.30108445697626,0.601283991047423,33.3877563865537,51.0347891166449,14.7976986383577,0.969,3.95608738968062,3.43920674799665,0.832442903389189,0.505112958942417
1997-10-03,0.23,376.33,6.3,6.3,678.31,0.7331164500319624,658.41,27.06629,750.88,3.17552224503765,2.27054970568104,0.715016154973943,0.219528466253919,0.207214753166224,16.85,1.1541095890411,212.45,3.09468317552804,0,-16.0641,4.11759799833194,1.37608385686463,0.451685660266874,1.30108445697626,0.601283991047423,33.3877563865537,51.0347891166449,14.7976986383577,0.969,3.95608738968062,3.43920674799665,0.832442903389189,0.505112958942417
1997-10-04,5.94,295.47,12.36,12.36,990.18,0.6158178180268484,658.41,27.06629,750.88,3.17552224503765,2.27054970568104,0.715016154973943,0.219528466253919,0.207214753166224,16.85,1.1541095890411,212.45,3.09468317552804,0,-16.0641,4.11759799833194,1.37608385686463,0.451685660266874,1.30108445697626,0.601283991047423,33.3877563865537,51.0347891166449,14.7976986383577,0.969,3.95608738968062,3.43920674799665,0.832442903389189,0.505112958942417
1997-10-05,1.68,361.07,16.54,16.54,1210.14,1.114337004048583,658.41,27.06629,750.88,3.17552224503765,2.27054970568104,0.715016154973943,0.219528466253919,0.207214753166224,16.85,1.1541095890411,212.45,3.09468317552804,0,-16.0641,4.11759799833194,1.37608385686463,0.451685660266874,1.30108445697626,0.601283991047423,33.3877563865537,51.0347891166449,14.7976986383577,0.969,3.95608738968062,3.43920674799665,0.832442903389189,0.505112958942417
1997-10-06,0.1,338.14,16.15,16.15,1160.85,0.772215994033667,658.41,27.06629,750.88,3.17552224503765,2.27054970568104,0.715016154973943,0.219528466253919,0.207214753166224,16.85,1.1541095890411,212.45,3.09468317552804,0,-16.0641,4.11759799833194,1.37608385686463,0.451685660266874,1.30108445697626,0.601283991047423,33.3877563865537,51.0347891166449,14.7976986383577,0.969,3.95608738968062,3.43920674799665,0.832442903389189,0.505112958942417
1997-10-07,0.02,383.44,16.53,16.53,1145.24,0.5962680460259961,658.41,27.06629,750.88,3.17552224503765,2.27054970568104,0.715016154973943,0.219528466253919,0.207214753166224,16.85,1.1541095890411,212.45,3.09468317552804,0,-16.0641,4.11759799833194,1.37608385686463,0.451685660266874,1.30108445697626,0.601283991047423,33.3877563865537,51.0347891166449,14.7976986383577,0.969,3.95608738968062,3.43920674799665,0.832442903389189,0.505112958942417
1997-10-08,0.0,380.88,15.99,15.99,1113.73,0.5278438440230129,658.41,27.06629,750.88,3.17552224503765,2.27054970568104,0.715016154973943,0.219528466253919,0.207214753166224,16.85,1.1541095890411,212.45,3.09468317552804,0,-16.0641,4.11759799833194,1.37608385686463,0.451685660266874,1.30108445697626,0.601283991047423,33.3877563865537,51.0347891166449,14.7976986383577,0.969,3.95608738968062,3.43920674799665,0.832442903389189,0.505112958942417
1997-10-09,0.07,310.83,16.6,16.6,1173.44,0.47571111868740673,658.41,27.06629,750.88,3.17552224503765,2.27054970568104,0.715016154973943,0.219528466253919,0.207214753166224,16.85,1.1541095890411,212.45,3.09468317552804,0,-16.0641,4.11759799833194,1.37608385686463,0.451685660266874,1.30108445697626,0.601283991047423,33.3877563865537,51.0347891166449,14.7976986383577,0.969,3.95608738968062,3.43920674799665,0.832442903389189,0.505112958942417
1997-10-10,0.02,363.94,17.03,17.03,1130.88,0.4300949840187513,658.41,27.06629,750.88,3.17552224503765,2.27054970568104,0.715016154973943,0.219528466253919,0.207214753166224,16.85,1.1541095890411,212.45,3.09468317552804,0,-16.0641,4.11759799833194,1.37608385686463,0.451685660266874,1.30108445697626,0.601283991047423,33.3877563865537,51.0347891166449,14.7976986383577,0.969,3.95608738968062,3.43920674799665,0.832442903389189,0.505112958942417
1997-10-11,0.0,392.7,10.99,10.99,723.09,0.38447884935009585,658.41,27.06629,750.88,3.17552224503765,2.27054970568104,0.715016154973943,0.219528466253919,0.207214753166224,16.85,1.1541095890411,212.45,3.09468317552804,0,-16.0641,4.11759799833194,1.37608385686463,0.451685660266874,1.30108445697626,0.601283991047423,33.3877563865537,51.0347891166449,14.7976986383577,0.969,3.95608738968062,3.43920674799665,0.832442903389189,0.505112958942417
1997-10-12,0.0,392.86,8.32,8.32,630.8,0.35841248668229275,658.41,27.06629,750.88,3.17552224503765,2.27054970568104,0.715016154973943,0.219528466253919,0.207214753166224,16.85,1.1541095890411,212.45,3.09468317552804,0,-16.0641,4.11759799833194,1.37608385686463,0.451685660266874,1.30108445697626,0.601283991047423,33.3877563865537,51.0347891166449,14.7976986383577,0.969,3.95608738968062,3.43920674799665,0.832442903389189,0.505112958942417
1997-10-13,0.0,379.88,12.14,12.14,818.6,0.33560441934796503,658.41,27.06629,750.88,3.17552224503765,2.27054970568104,0.715016154973943,0.219528466253919,0.207214753166224,16.85,1.1541095890411,212.45,3.09468317552804,0,-16.0641,4.11759799833194,1.37608385686463,0.451685660266874,1.30108445697626,0.601283991047423,33.3877563865537,51.0347891166449,14.7976986383577,0.969,3.95608738968062,3.43920674799665,0.832442903389189,0.505112958942417
1997-10-14,0.25,285.49,13.91,13.91,863.15,0.3160546473471127,658.41,27.06629,750.88,3.17552224503765,2.27054970568104,0.715016154973943,0.219528466253919,0.207214753166224,16.85,1.1541095890411,212.45,3.09468317552804,0,-16.0641,4.11759799833194,1.37608385686463,0.451685660266874,1.30108445697626,0.601283991047423,33.3877563865537,51.0347891166449,14.7976986383577,0.969,3.95608738968062,3.43920674799665,0.832442903389189,0.505112958942417
1997-10-15,0.06,379.5,8.07,8.07,579.73,0.29650487534626035,658.41,27.06629,750.88,3.17552224503765,2.27054970568104,0.715016154973943,0.219528466253919,0.207214753166224,16.85,1.1541095890411,212.45,3.09468317552804,0,-16.0641,4.11759799833194,1.37608385686463,0.451685660266874,1.30108445697626,0.601283991047423,33.3877563865537,51.0347891166449,14.7976986383577,0.969,3.95608738968062,3.43920674799665,0.832442903389189,0.505112958942417
1997-10-16,0.0,361.78,5.31,5.31,498.36,0.2802133986788834,658.41,27.06629,750.88,3.17552224503765,2.27054970568104,0.715016154973943,0.219528466253919,0.207214753166224,16.85,1.1541095890411,212.45,3.09468317552804,0,-16.0641,4.11759799833194,1.37608385686463,0.451685660266874,1.30108445697626,0.601283991047423,33.3877563865537,51.0347891166449,14.7976986383577,0.969,3.95608738968062,3.43920674799665,0.832442903389189,0.505112958942417
1997-10-17,0.0,359.36,2.64,2.64,425.41,0.26392192201150644,658.41,27.06629,750.88,3.17552224503765,2.27054970568104,0.715016154973943,0.219528466253919,0.207214753166224,16.85,1.1541095890411,212.45,3.09468317552804,0,-16.0641,4.11759799833194,1.37608385686463,0.451685660266874,1.30108445697626,0.601283991047423,33.3877563865537,51.0347891166449,14.7976986383577,0.969,3.95608738968062,3.43920674799665,0.832442903389189,0.505112958942417
1997-10-18,0.0,370.55,3.75,3.75,441.51,0.25414703601108035,658.41,27.06629,750.88,3.17552224503765,2.27054970568104,0.715016154973943,0.219528466253919,0.207214753166224,16.85,1.1541095890411,212.45,3.09468317552804,0,-16.0641,4.11759799833194,1.37608385686463,0.451685660266874,1.30108445697626,0.601283991047423,33.3877563865537,51.0347891166449,14.7976986383577,0.969,3.95608738968062,3.43920674799665,0.832442903389189,0.505112958942417
1997-10-19,0.0,371.15,4.47,4.47,453.2,0.24763044534412954,658.41,27.06629,750.88,3.17552224503765,2.27054970568104,0.715016154973943,0.219528466253919,0.207214753166224,16.85,1.1541095890411,212.45,3.09468317552804,0,-16.0641,4.11759799833194,1.37608385686463,0.451685660266874,1.30108445697626,0.601283991047423,33.3877563865537,51.0347891166449,14.7976986383577,0.969,3.95608738968062,3.43920674799665,0.832442903389189,0.505112958942417
1997-10-20,0.15,269.12,5.95,5.95,525.68,0.2313389686767526,658.41,27.06629,750.88,3.17552224503765,2.27054970568104,0.715016154973943,0.219528466253919,0.207214753166224,16.85,1.1541095890411,212.45,3.09468317552804,0,-16.0641,4.11759799833194,1.37608385686463,0.451685660266874,1.30108445697626,0.601283991047423,33.3877563865537,51.0347891166449,14.7976986383577,0.969,3.95608738968062,3.43920674799665,0.832442903389189,0.505112958942417
1997-10-21,0.63,233.39,4.85,4.85,544.9,0.22482237800980182,658.41,27.06629,750.88,3.17552224503765,2.27054970568104,0.715016154973943,0.219528466253919,0.207214753166224,16.85,1.1541095890411,212.45,3.09468317552804,0,-16.0641,4.11759799833194,1.37608385686463,0.451685660266874,1.30108445697626,0.601283991047423,33.3877563865537,51.0347891166449,14.7976986383577,0.969,3.95608738968062,3.43920674799665,0.832442903389189,0.505112958942417
1997-10-22,0.91,215.47,3.48,3.48,525.19,0.21830578734285105,658.41,27.06629,750.88,3.17552224503765,2.27054970568104,0.715016154973943,0.219528466253919,0.207214753166224,16.85,1.1541095890411,212.45,3.09468317552804,0,-16.0641,4.11759799833194,1.37608385686463,0.451685660266874,1.30108445697626,0.601283991047423,33.3877563865537,51.0347891166449,14.7976986383577,0.969,3.95608738968062,3.43920674799665,0.832442903389189,0.505112958942417
1997-10-23,0.55,125.89,0.72,0.72,494.7,0.21830578734285105,658.41,27.06629,750.88,3.17552224503765,2.27054970568104,0.715016154973943,0.219528466253919,0.207214753166224,16.85,1.1541095890411,212.45,3.09468317552804,0,-16.0641,4.11759799833194,1.37608385686463,0.451685660266874,1.30108445697626,0.601283991047423,33.3877563865537,51.0347891166449,14.7976986383577,0.969,3.95608738968062,3.43920674799665,0.832442903389189,0.505112958942417
1997-10-24,4.98,130.76,1.23,1.23,550.03,0.21178919667590027,658.41,27.06629,750.88,3.17552224503765,2.27054970568104,0.715016154973943,0.219528466253919,0.207214753166224,16.85,1.1541095890411,212.45,3.09468317552804,0,-16.0641,4.11759799833194,1.37608385686463,0.451685660266874,1.30108445697626,0.601283991047423,33.3877563865537,51.0347891166449,14.7976986383577,0.969,3.95608738968062,3.43920674799665,0.832442903389189,0.505112958942417
1997-10-25,1.4,132.74,2.79,2.79,584.56,0.23459726401022798,658.41,27.06629,750.88,3.17552224503765,2.27054970568104,0.715016154973943,0.219528466253919,0.207214753166224,16.85,1.1541095890411,212.45,3.09468317552804,0,-16.0641,4.11759799833194,1.37608385686463,0.451685660266874,1.30108445697626,0.601283991047423,33.3877563865537,51.0347891166449,14.7976986383577,0.969,3.95608738968062,3.43920674799665,0.832442903389189,0.505112958942417
1997-10-26,2.93,242.49,-0.45,-0.45,428.3,0.25740533134455573,658.41,27.06629,750.88,3.17552224503765,2.27054970568104,0.715016154973943,0.219528466253919,0.207214753166224,16.85,1.1541095890411,212.45,3.09468317552804,0,-16.0641,4.11759799833194,1.37608385686463,0.451685660266874,1.30108445697626,0.601283991047423,33.3877563865537,51.0347891166449,14.7976986383577,0.969,3.95608738968062,3.43920674799665,0.832442903389189,0.505112958942417
1997-10-27,1.6,213.77,3.21,3.21,537.74,0.24111385467717877,658.41,27.06629,750.88,3.17552224503765,2.27054970568104,0.715016154973943,0.219528466253919,0.207214753166224,16.85,1.1541095890411,212.45,3.09468317552804,0,-16.0641,4.11759799833194,1.37608385686463,0.451685660266874,1.30108445697626,0.601283991047423,33.3877563865537,51.0347891166449,14.7976986383577,0.969,3.95608738968062,3.43920674799665,0.832442903389189,0.505112958942417
1997-10-28,0.22,281.75,2.95,2.95,512.92,0.24763044534412954,658.41,27.06629,750.88,3.17552224503765,2.27054970568104,0.715016154973943,0.219528466253919,0.207214753166224,16.85,1.1541095890411,212.45,3.09468317552804,0,-16.0641,4.11759799833194,1.37608385686463,0.451685660266874,1.30108445697626,0.601283991047423,33.3877563865537,51.0347891166449,14.7976986383577,0.969,3.95608738968062,3.43920674799665,0.832442903389189,0.505112958942417
1997-10-29,0.03,218.21,1.31,1.31,471.55,0.22808067334327722,658.41,27.06629,750.88,3.17552224503765,2.27054970568104,0.715016154973943,0.219528466253919,0.207214753166224,16.85,1.1541095890411,212.45,3.09468317552804,0,-16.0641,4.11759799833194,1.37608385686463,0.451685660266874,1.30108445697626,0.601283991047423,33.3877563865537,51.0347891166449,14.7976986383577,0.969,3.95608738968062,3.43920674799665,0.832442903389189,0.505112958942417
1997-10-30,0.01,306.8,2.75,2.75,496.49,0.21504749200937565,658.41,27.06629,750.88,3.17552224503765,2.27054970568104,0.715016154973943,0.219528466253919,0.207214753166224,16.85,1.1541095890411,212.45,3.09468317552804,0,-16.0641,4.11759799833194,1.37608385686463,0.451685660266874,1.30108445697626,0.601283991047423,33.3877563865537,51.0347891166449,14.7976986383577,0.969,3.95608738968062,3.43920674799665,0.832442903389189,0.505112958942417
1997-10-31,0.0,316.54,6.08,6.08,592.6,0.2020143106754741,658.41,27.06629,750.88,3.17552224503765,2.27054970568104,0.715016154973943,0.219528466253919,0.207214753166224,16.85,1.1541095890411,212.45,3.09468317552804,0,-16.0641,4.11759799833194,1.37608385686463,0.451685660266874,1.30108445697626,0.601283991047423,33.3877563865537,51.0347891166449,14.7976986383577,0.969,3.95608738968062,3.43920674799665,0.832442903389189,0.505112958942417
1997-11-01,22.79,222.09,8.6,8.6,723.28,0.2834716940123588,658.41,27.06629,750.88,3.17552224503765,2.27054970568104,0.715016154973943,0.219528466253919,0.207214753166224,16.85,1.1541095890411,212.45,3.09468317552804,0,-16.0641,4.11759799833194,1.37608385686463,0.451685660266874,1.30108445697626,0.601283991047423,33.3877563865537,51.0347891166449,14.7976986383577,0.969,3.95608738968062,3.43920674799665,0.832442903389189,0.505112958942417
1997-11-02,14.69,187.87,8.57,8.57,757.05,3.026956364798636,658.41,27.06629,750.88,3.17552224503765,2.27054970568104,0.715016154973943,0.219528466253919,0.207214753166224,16.85,1.1541095890411,212.45,3.09468317552804,0,-16.0641,4.11759799833194,1.37608385686463,0.451685660266874,1.30108445697626,0.601283991047423,33.3877563865537,51.0347891166449,14.7976986383577,0.969,3.95608738968062,3.43920674799665,0.832442903389189,0.505112958942417
1997-11-03,4.79,184.04,4.66,4.66,606.04,2.156991510760707,658.41,27.06629,750.88,3.17552224503765,2.27054970568104,0.715016154973943,0.219528466253919,0.207214753166224,16.85,1.1541095890411,212.45,3.09468317552804,0,-16.0641,4.11759799833194,1.37608385686463,0.451685660266874,1.30108445697626,0.601283991047423,33.3877563865537,51.0347891166449,14.7976986383577,0.969,3.95608738968062,3.43920674799665,0.832442903389189,0.505112958942417
1997-11-04,3.73,206.41,3.73,3.73,541.72,1.423875060728745,658.41,27.06629,750.88,3.17552224503765,2.27054970568104,0.715016154973943,0.219528466253919,0.207214753166224,16.85,1.1541095890411,212.45,3.09468317552804,0,-16.0641,4.11759799833194,1.37608385686463,0.451685660266874,1.30108445697626,0.601283991047423,33.3877563865537,51.0347891166449,14.7976986383577,0.969,3.95608738968062,3.43920674799665,0.832442903389189,0.505112958942417
1997-11-05,0.83,213.39,1.92,1.92,486.46,1.3196096100575323,658.41,27.06629,750.88,3.17552224503765,2.27054970568104,0.715016154973943,0.219528466253919,0.207214753166224,16.85,1.1541095890411,212.45,3.09468317552804,0,-16.0641,4.11759799833194,1.37608385686463,0.451685660266874,1.30108445697626,0.601283991047423,33.3877563865537,51.0347891166449,14.7976986383577,0.969,3.95608738968062,3.43920674799665,0.832442903389189,0.505112958942417
1997-11-06,0.21,267.28,0.87,0.87,443.97,1.182761206051566,658.41,27.06629,750.88,3.17552224503765,2.27054970568104,0.715016154973943,0.219528466253919,0.207214753166224,16.85,1.1541095890411,212.45,3.09468317552804,0,-16.0641,4.11759799833194,1.37608385686463,0.451685660266874,1.30108445697626,0.601283991047423,33.3877563865537,51.0347891166449,14.7976986383577,0.969,3.95608738968062,3.43920674799665,0.832442903389189,0.505112958942417
1997-11-07,4.44,201.57,3.68,3.68,538.9,1.098045527381206,658.41,27.06629,750.88,3.17552224503765,2.27054970568104,0.715016154973943,0.219528466253919,0.207214753166224,16.85,1.1541095890411,212.45,3.09468317552804,0,-16.0641,4.11759799833194,1.37608385686463,0.451685660266874,1.30108445697626,0.601283991047423,33.3877563865537,51.0347891166449,14.7976986383577,0.969,3.95608738968062,3.43920674799665,0.832442903389189,0.505112958942417
1997-11-08,8.72,134.14,3.17,3.17,587.79,1.8441951587470702,658.41,27.06629,750.88,3.17552224503765,2.27054970568104,0.715016154973943,0.219528466253919,0.207214753166224,16.85,1.1541095890411,212.45,3.09468317552804,0,-16.0641,4.11759799833194,1.37608385686463,0.451685660266874,1.30108445697626,0.601283991047423,33.3877563865537,51.0347891166449,14.7976986383577,0.969,3.95608738968062,3.43920674799665,0.832442903389189,0.505112958942417
1997-11-09,2.52,93.98,3.59,3.59,647.42,2.349230935435755,658.41,27.06629,750.88,3.17552224503765,2.27054970568104,0.715016154973943,0.219528466253919,0.207214753166224,16.85,1.1541095890411,212.45,3.09468317552804,0,-16.0641,4.11759799833194,1.37608385686463,0.451685660266874,1.30108445697626,0.601283991047423,33.3877563865537,51.0347891166449,14.7976986383577,0.969,3.95608738968062,3.43920674799665,0.832442903389189,0.505112958942417
1997-11-10,0.41,162.17,2.65,2.65,565.14,1.7822875474110376,658.41,27.06629,750.88,3.17552224503765,2.27054970568104,0.715016154973943,0.219528466253919,0.207214753166224,16.85,1.1541095890411,212.45,3.09468317552804,0,-16.0641,4.11759799833194,1.37608385686463,0.451685660266874,1.30108445697626,0.601283991047423,33.3877563865537,51.0347891166449,14.7976986383577,0.969,3.95608738968062,3.43920674799665,0.832442903389189,0.505112958942417
1997-11-11,0.52,164.84,1.12,1.12,475.6,1.5216239207330067,658.41,27.06629,750.88,3.17552224503765,2.27054970568104,0.715016154973943,0.219528466253919,0.207214753166224,16.85,1.1541095890411,212.45,3.09468317552804,0,-16.0641,4.11759799833194,1.37608385686463,0.451685660266874,1.30108445697626,0.601283991047423,33.3877563865537,51.0347891166449,14.7976986383577,0.969,3.95608738968062,3.43920674799665,0.832442903389189,0.505112958942417
1997-11-12,0.76,184.19,-1.1,-1.1,385.03,1.3326427913914338,658.41,27.06629,750.88,3.17552224503765,2.27054970568104,0.715016154973943,0.219528466253919,0.207214753166224,16.85,1.1541095890411,212.45,3.09468317552804,0,-16.0641,4.11759799833194,1.37608385686463,0.451685660266874,1.30108445697626,0.601283991047423,33.3877563865537,51.0347891166449,14.7976986383577,0.969,3.95608738968062,3.43920674799665,0.832442903389189,0.505112958942417
1997-11-13,15.96,237.4,-3.35,-3.35,316.58,1.182761206051566,658.41,27.06629,750.88,3.17552224503765,2.27054970568104,0.715016154973943,0.219528466253919,0.207214753166224,16.85,1.1541095890411,212.45,3.09468317552804,0,-16.0641,4.11759799833194,1.37608385686463,0.451685660266874,1.30108445697626,0.601283991047423,33.3877563865537,51.0347891166449,14.7976986383577,0.969,3.95608738968062,3.43920674799665,0.832442903389189,0.505112958942417
1997-11-14,9.9,209.17,-2.38,-2.38,351.93,1.2381522267206477,658.41,27.06629,750.88,3.17552224503765,2.27054970568104,0.715016154973943,0.219528466253919,0.207214753166224,16.85,1.1541095890411,212.45,3.09468317552804,0,-16.0641,4.11759799833194,1.37608385686463,0.451685660266874,1.30108445697626,0.601283991047423,33.3877563865537,51.0347891166449,14.7976986383577,0.969,3.95608738968062,3.43920674799665,0.832442903389189,0.505112958942417
1997-11-15,4.18,152.77,-4.0,-4.0,340.33,1.156694843383763,658.41,27.06629,750.88,3.17552224503765,2.27054970568104,0.715016154973943,0.219528466253919,0.207214753166224,16.85,1.1541095890411,212.45,3.09468317552804,0,-16.0641,4.11759799833194,1.37608385686463,0.451685660266874,1.30108445697626,0.601283991047423,33.3877563865537,51.0347891166449,14.7976986383577,0.969,3.95608738968062,3.43920674799665,0.832442903389189,0.505112958942417
1997-11-16,0.71,197.53,-4.45,-4.45,335.03,1.0850123460473045,658.41,27.06629,750.88,3.17552224503765,2.27054970568104,0.715016154973943,0.219528466253919,0.207214753166224,16.85,1.1541095890411,212.45,3.09468317552804,0,-16.0641,4.11759799833194,1.37608385686463,0.451685660266874,1.30108445697626,0.601283991047423,33.3877563865537,51.0347891166449,14.7976986383577,0.969,3.95608738968062,3.43920674799665,0.832442903389189,0.505112958942417
1997-11-17,0.0,209.83,-4.47,-4.47,322.94,1.006813258043895,658.41,27.06629,750.88,3.17552224503765,2.27054970568104,0.715016154973943,0.219528466253919,0.207214753166224,16.85,1.1541095890411,212.45,3.09468317552804,0,-16.0641,4.11759799833194,1.37608385686463,0.451685660266874,1.30108445697626,0.601283991047423,33.3877563865537,51.0347891166449,14.7976986383577,0.969,3.95608738968062,3.43920674799665,0.832442903389189,0.505112958942417
1997-11-18,0.0,288.89,-5.76,-5.76,265.58,0.9351307607074366,658.41,27.06629,750.88,3.17552224503765,2.27054970568104,0.715016154973943,0.219528466253919,0.207214753166224,16.85,1.1541095890411,212.45,3.09468317552804,0,-16.0641,4.11759799833194,1.37608385686463,0.451685660266874,1.30108445697626,0.601283991047423,33.3877563865537,51.0347891166449,14.7976986383577,0.969,3.95608738968062,3.43920674799665,0.832442903389189,0.505112958942417
1997-11-19,0.1,302.25,-4.51,-4.51,265.14,0.8862563307053057,658.41,27.06629,750.88,3.17552224503765,2.27054970568104,0.715016154973943,0.219528466253919,0.207214753166224,16.85,1.1541095890411,212.45,3.09468317552804,0,-16.0641,4.11759799833194,1.37608385686463,0.451685660266874,1.30108445697626,0.601283991047423,33.3877563865537,51.0347891166449,14.7976986383577,0.969,3.95608738968062,3.43920674799665,0.832442903389189,0.505112958942417
1997-11-20,0.03,308.91,-0.66,-0.66,369.96,0.9318724653739611,658.41,27.06629,750.88,3.17552224503765,2.27054970568104,0.715016154973943,0.219528466253919,0.207214753166224,16.85,1.1541095890411,212.45,3.09468317552804,0,-16.0641,4.11759799833194,1.37608385686463,0.451685660266874,1.30108445697626,0.601283991047423,33.3877563865537,51.0347891166449,14.7976986383577,0.969,3.95608738968062,3.43920674799665,0.832442903389189,0.505112958942417
1997-11-21,3.0,216.25,0.54,0.54,451.61,0.9872634860430427,658.41,27.06629,750.88,3.17552224503765,2.27054970568104,0.715016154973943,0.219528466253919,0.207214753166224,16.85,1.1541095890411,212.45,3.09468317552804,0,-16.0641,4.11759799833194,1.37608385686463,0.451685660266874,1.30108445697626,0.601283991047423,33.3877563865537,51.0347891166449,14.7976986383577,0.969,3.95608738968062,3.43920674799665,0.832442903389189,0.505112958942417
1997-11-22,1.5,232.35,2.61,2.61,512.83,1.3359010867249093,658.41,27.06629,750.88,3.17552224503765,2.27054970568104,0.715016154973943,0.219528466253919,0.207214753166224,16.85,1.1541095890411,212.45,3.09468317552804,0,-16.0641,4.11759799833194,1.37608385686463,0.451685660266874,1.30108445697626,0.601283991047423,33.3877563865537,51.0347891166449,14.7976986383577,0.969,3.95608738968062,3.43920674799665,0.832442903389189,0.505112958942417
1997-11-23,1.71,149.23,0.82,0.82,483.79,1.3945504027274664,658.41,27.06629,750.88,3.17552224503765,2.27054970568104,0.715016154973943,0.219528466253919,0.207214753166224,16.85,1.1541095890411,212.45,3.09468317552804,0,-16.0641,4.11759799833194,1.37608385686463,0.451685660266874,1.30108445697626,0.601283991047423,33.3877563865537,51.0347891166449,14.7976986383577,0.969,3.95608738968062,3.43920674799665,0.832442903389189,0.505112958942417
1997-11-24,0.69,202.69,-1.95,-1.95,369.57,1.4043252887278925,658.41,27.06629,750.88,3.17552224503765,2.27054970568104,0.715016154973943,0.219528466253919,0.207214753166224,16.85,1.1541095890411,212.45,3.09468317552804,0,-16.0641,4.11759799833194,1.37608385686463,0.451685660266874,1.30108445697626,0.601283991047423,33.3877563865537,51.0347891166449,14.7976986383577,0.969,3.95608738968062,3.43920674799665,0.832442903389189,0.505112958942417
1997-11-25,0.08,308.14,-6.49,-6.49,235.24,1.1175952993820584,658.41,27.06629,750.88,3.17552224503765,2.27054970568104,0.715016154973943,0.219528466253919,0.207214753166224,16.85,1.1541095890411,212.45,3.09468317552804,0,-16.0641,4.11759799833194,1.37608385686463,0.451685660266874,1.30108445697626,0.601283991047423,33.3877563865537,51.0347891166449,14.7976986383577,0.969,3.95608738968062,3.43920674799665,0.832442903389189,0.505112958942417
1997-11-26,4.2,230.08,-2.11,-2.11,355.84,1.476007786064351,658.41,27.06629,750.88,3.17552224503765,2.27054970568104,0.715016154973943,0.219528466253919,0.207214753166224,16.85,1.1541095890411,212.45,3.09468317552804,0,-16.0641,4.11759799833194,1.37608385686463,0.451685660266874,1.30108445697626,0.601283991047423,33.3877563865537,51.0347891166449,14.7976986383577,0.969,3.95608738968062,3.43920674799665,0.832442903389189,0.505112958942417
1997-11-27,1.18,207.3,1.74,1.74,506.89,3.421210100149158,658.41,27.06629,750.88,3.17552224503765,2.27054970568104,0.715016154973943,0.219528466253919,0.207214753166224,16.85,1.1541095890411,212.45,3.09468317552804,0,-16.0641,4.11759799833194,1.37608385686463,0.451685660266874,1.30108445697626,0.601283991047423,33.3877563865537,51.0347891166449,14.7976986383577,0.969,3.95608738968062,3.43920674799665,0.832442903389189,0.505112958942417
1997-11-28,0.25,188.33,1.64,1.64,530.77,2.398105365437886,658.41,27.06629,750.88,3.17552224503765,2.27054970568104,0.715016154973943,0.219528466253919,0.207214753166224,16.85,1.1541095890411,212.45,3.09468317552804,0,-16.0641,4.11759799833194,1.37608385686463,0.451685660266874,1.30108445697626,0.601283991047423,33.3877563865537,51.0347891166449,14.7976986383577,0.969,3.95608738968062,3.43920674799665,0.832442903389189,0.505112958942417
1997-11-29,1.9,187.85,3.02,3.02,583.65,2.9226909141274233,658.41,27.06629,750.88,3.17552224503765,2.27054970568104,0.715016154973943,0.219528466253919,0.207214753166224,16.85,1.1541095890411,212.45,3.09468317552804,0,-16.0641,4.11759799833194,1.37608385686463,0.451685660266874,1.30108445697626,0.601283991047423,33.3877563865537,51.0347891166449,14.7976986383577,0.969,3.95608738968062,3.43920674799665,0.832442903389189,0.505112958942417
1997-11-30,1.91,212.95,2.74,2.74,532.05,3.0823473854677172,658.41,27.06629,750.88,3.17552224503765,2.27054970568104,0.715016154973943,0.219528466253919,0.207214753166224,16.85,1.1541095890411,212.45,3.09468317552804,0,-16.0641,4.11759799833194,1.37608385686463,0.451685660266874,1.30108445697626,0.601283991047423,33.3877563865537,51.0347891166449,14.7976986383577,0.969,3.95608738968062,3.43920674799665,0.832442903389189,0.505112958942417
1997-12-01,0.42,278.63,1.57,1.57,447.49,3.486376006818666,658.41,27.06629,750.88,3.17552224503765,2.27054970568104,0.715016154973943,0.219528466253919,0.207214753166224,16.85,1.1541095890411,212.45,3.09468317552804,0,-16.0641,4.11759799833194,1.37608385686463,0.451685660266874,1.30108445697626,0.601283991047423,33.3877563865537,51.0347891166449,14.7976986383577,0.969,3.95608738968062,3.43920674799665,0.832442903389189,0.505112958942417
1997-12-02,0.01,233.2,-1.24,-1.24,380.21,2.43068831877264,658.41,27.06629,750.88,3.17552224503765,2.27054970568104,0.715016154973943,0.219528466253919,0.207214753166224,16.85,1.1541095890411,212.45,3.09468317552804,0,-16.0641,4.11759799833194,1.37608385686463,0.451685660266874,1.30108445697626,0.601283991047423,33.3877563865537,51.0347891166449,14.7976986383577,0.969,3.95608738968062,3.43920674799665,0.832442903389189,0.505112958942417
1997-12-03,4.44,225.66,-3.27,-3.27,326.12,2.046209469422544,658.41,27.06629,750.88,3.17552224503765,2.27054970568104,0.715016154973943,0.219528466253919,0.207214753166224,16.85,1.1541095890411,212.45,3.09468317552804,0,-16.0641,4.11759799833194,1.37608385686463,0.451685660266874,1.30108445697626,0.601283991047423,33.3877563865537,51.0347891166449,14.7976986383577,0.969,3.95608738968062,3.43920674799665,0.832442903389189,0.505112958942417
1997-12-04,2.36,219.43,-0.32,-0.32,404.81,2.3199062774344767,658.41,27.06629,750.88,3.17552224503765,2.27054970568104,0.715016154973943,0.219528466253919,0.207214753166224,16.85,1.1541095890411,212.45,3.09468317552804,0,-16.0641,4.11759799833194,1.37608385686463,0.451685660266874,1.30108445697626,0.601283991047423,33.3877563865537,51.0347891166449,14.7976986383577,0.969,3.95608738968062,3.43920674799665,0.832442903389189,0.505112958942417
1997-12-05,2.36,178.82,0.52,0.52,454.3,2.042951174089069,658.41,27.06629,750.88,3.17552224503765,2.27054970568104,0.715016154973943,0.219528466253919,0.207214753166224,16.85,1.1541095890411,212.45,3.09468317552804,0,-16.0641,4.11759799833194,1.37608385686463,0.451685660266874,1.30108445697626,0.601283991047423,33.3877563865537,51.0347891166449,14.7976986383577,0.969,3.95608738968062,3.43920674799665,0.832442903389189,0.505112958942417
1997-12-06,2.94,165.36,-2.93,-2.93,371.72,1.71712164074153,658.41,27.06629,750.88,3.17552224503765,2.27054970568104,0.715016154973943,0.219528466253919,0.207214753166224,16.85,1.1541095890411,212.45,3.09468317552804,0,-16.0641,4.11759799833194,1.37608385686463,0.451685660266874,1.30108445697626,0.601283991047423,33.3877563865537,51.0347891166449,14.7976986383577,0.969,3.95608738968062,3.43920674799665,0.832442903389189,0.505112958942417
1997-12-07,0.71,169.91,-3.4,-3.4,374.74,1.5281405113999573,658.41,27.06629,750.88,3.17552224503765,2.27054970568104,0.715016154973943,0.219528466253919,0.207214753166224,16.85,1.1541095890411,212.45,3.09468317552804,0,-16.0641,4.11759799833194,1.37608385686463,0.451685660266874,1.30108445697626,0.601283991047423,33.3877563865537,51.0347891166449,14.7976986383577,0.969,3.95608738968062,3.43920674799665,0.832442903389189,0.505112958942417
1997-12-08,0.02,147.8,-1.7,-1.7,420.76,1.3815172213935647,658.41,27.06629,750.88,3.17552224503765,2.27054970568104,0.715016154973943,0.219528466253919,0.207214753166224,16.85,1.1541095890411,212.45,3.09468317552804,0,-16.0641,4.11759799833194,1.37608385686463,0.451685660266874,1.30108445697626,0.601283991047423,33.3877563865537,51.0347891166449,14.7976986383577,0.969,3.95608738968062,3.43920674799665,0.832442903389189,0.505112958942417
1997-12-09,0.0,277.15,-4.93,-4.93,293.99,1.2511854080545493,658.41,27.06629,750.88,3.17552224503765,2.27054970568104,0.715016154973943,0.219528466253919,0.207214753166224,16.85,1.1541095890411,212.45,3.09468317552804,0,-16.0641,4.11759799833194,1.37608385686463,0.451685660266874,1.30108445697626,0.601283991047423,33.3877563865537,51.0347891166449,14.7976986383577,0.969,3.95608738968062,3.43920674799665,0.832442903389189,0.505112958942417
1997-12-10,11.28,214.32,-2.89,-2.89,337.36,1.1925360920519923,658.41,27.06629,750.88,3.17552224503765,2.27054970568104,0.715016154973943,0.219528466253919,0.207214753166224,16.85,1.1541095890411,212.45,3.09468317552804,0,-16.0641,4.11759799833194,1.37608385686463,0.451685660266874,1.30108445697626,0.601283991047423,33.3877563865537,51.0347891166449,14.7976986383577,0.969,3.95608738968062,3.43920674799665,0.832442903389189,0.505112958942417
1997-12-11,4.09,135.04,-2.18,-2.18,401.12,1.1599531387172384,658.41,27.06629,750.88,3.17552224503765,2.27054970568104,0.715016154973943,0.219528466253919,0.207214753166224,16.85,1.1541095890411,212.45,3.09468317552804,0,-16.0641,4.11759799833194,1.37608385686463,0.451685660266874,1.30108445697626,0.601283991047423,33.3877563865537,51.0347891166449,14.7976986383577,0.969,3.95608738968062,3.43920674799665,0.832442903389189,0.505112958942417
1997-12-12,0.36,165.51,-2.31,-2.31,402.37,1.08827064138078,658.41,27.06629,750.88,3.17552224503765,2.27054970568104,0.715016154973943,0.219528466253919,0.207214753166224,16.85,1.1541095890411,212.45,3.09468317552804,0,-16.0641,4.11759799833194,1.37608385686463,0.451685660266874,1.30108445697626,0.601283991047423,33.3877563865537,51.0347891166449,14.7976986383577,0.969,3.95608738968062,3.43920674799665,0.832442903389189,0.505112958942417
1997-12-13,0.05,159.54,-3.22,-3.22,377.81,1.0165881440443214,658.41,27.06629,750.88,3.17552224503765,2.27054970568104,0.715016154973943,0.219528466253919,0.207214753166224,16.85,1.1541095890411,212.45,3.09468317552804,0,-16.0641,4.11759799833194,1.37608385686463,0.451685660266874,1.30108445697626,0.601283991047423,33.3877563865537,51.0347891166449,14.7976986383577,0.969,3.95608738968062,3.43920674799665,0.832442903389189,0.505112958942417
1997-12-14,0.15,176.62,-3.45,-3.45,350.83,0.9546805327082889,658.41,27.06629,750.88,3.17552224503765,2.27054970568104,0.715016154973943,0.219528466253919,0.207214753166224,16.85,1.1541095890411,212.45,3.09468317552804,0,-16.0641,4.11759799833194,1.37608385686463,0.451685660266874,1.30108445697626,0.601283991047423,33.3877563865537,51.0347891166449,14.7976986383577,0.969,3.95608738968062,3.43920674799665,0.832442903389189,0.505112958942417
1997-12-15,0.04,296.05,-6.51,-6.51,226.36,0.8504150820370764,658.41,27.06629,750.88,3.17552224503765,2.27054970568104,0.715016154973943,0.219528466253919,0.207214753166224,16.85,1.1541095890411,212.45,3.09468317552804,0,-16.0641,4.11759799833194,1.37608385686463,0.451685660266874,1.30108445697626,0.601283991047423,33.3877563865537,51.0347891166449,14.7976986383577,0.969,3.95608738968062,3.43920674799665,0.832442903389189,0.505112958942417
1997-12-16,0.0,291.04,-1.61,-1.61,304.91,0.8699648540379288,658.41,27.06629,750.88,3.17552224503765,2.27054970568104,0.715016154973943,0.219528466253919,0.207214753166224,16.85,1.1541095890411,212.45,3.09468317552804,0,-16.0641,4.11759799833194,1.37608385686463,0.451685660266874,1.30108445697626,0.601283991047423,33.3877563865537,51.0347891166449,14.7976986383577,0.969,3.95608738968062,3.43920674799665,0.832442903389189,0.505112958942417
1997-12-17,0.0,290.86,-0.37,-0.37,318.83,0.8308653100362241,658.41,27.06629,750.88,3.17552224503765,2.27054970568104,0.715016154973943,0.219528466253919,0.207214753166224,16.85,1.1541095890411,212.45,3.09468317552804,0,-16.0641,4.11759799833194,1.37608385686463,0.451685660266874,1.30108445697626,0.601283991047423,33.3877563865537,51.0347891166449,14.7976986383577,0.969,3.95608738968062,3.43920674799665,0.832442903389189,0.505112958942417
1997-12-18,0.0,291.31,-2.56,-2.56,282.58,0.7526662220328147,658.41,27.06629,750.88,3.17552224503765,2.27054970568104,0.715016154973943,0.219528466253919,0.207214753166224,16.85,1.1541095890411,212.45,3.09468317552804,0,-16.0641,4.11759799833194,1.37608385686463,0.451685660266874,1.30108445697626,0.601283991047423,33.3877563865537,51.0347891166449,14.7976986383577,0.969,3.95608738968062,3.43920674799665,0.832442903389189,0.505112958942417
1997-12-19,0.0,271.52,-0.71,-0.71,375.87,0.7526662220328147,658.41,27.06629,750.88,3.17552224503765,2.27054970568104,0.715016154973943,0.219528466253919,0.207214753166224,16.85,1.1541095890411,212.45,3.09468317552804,0,-16.0641,4.11759799833194,1.37608385686463,0.451685660266874,1.30108445697626,0.601283991047423,33.3877563865537,51.0347891166449,14.7976986383577,0.969,3.95608738968062,3.43920674799665,0.832442903389189,0.505112958942417
1997-12-20,0.17,215.85,1.61,1.61,446.66,0.8080572427018964,658.41,27.06629,750.88,3.17552224503765,2.27054970568104,0.715016154973943,0.219528466253919,0.207214753166224,16.85,1.1541095890411,212.45,3.09468317552804,0,-16.0641,4.11759799833194,1.37608385686463,0.451685660266874,1.30108445697626,0.601283991047423,33.3877563865537,51.0347891166449,14.7976986383577,0.969,3.95608738968062,3.43920674799665,0.832442903389189,0.505112958942417
1997-12-21,0.05,282.52,-2.96,-2.96,292.22,0.7559245173662902,658.41,27.06629,750.88,3.17552224503765,2.27054970568104,0.715016154973943,0.219528466253919,0.207214753166224,16.85,1.1541095890411,212.45,3.09468317552804,0,-16.0641,4.11759799833194,1.37608385686463,0.451685660266874,1.30108445697626,0.601283991047423,33.3877563865537,51.0347891166449,14.7976986383577,0.969,3.95608738968062,3.43920674799665,0.832442903389189,0.505112958942417
1997-12-22,3.63,222.74,-6.53,-6.53,228.59,0.58649316002557,658.41,27.06629,750.88,3.17552224503765,2.27054970568104,0.715016154973943,0.219528466253919,0.207214753166224,16.85,1.1541095890411,212.45,3.09468317552804,0,-16.0641,4.11759799833194,1.37608385686463,0.451685660266874,1.30108445697626,0.601283991047423,33.3877563865537,51.0347891166449,14.7976986383577,0.969,3.95608738968062,3.43920674799665,0.832442903389189,0.505112958942417
1997-12-23,1.12,215.29,-4.79,-4.79,286.25,0.7363747453654379,658.41,27.06629,750.88,3.17552224503765,2.27054970568104,0.715016154973943,0.219528466253919,0.207214753166224,16.85,1.1541095890411,212.45,3.09468317552804,0,-16.0641,4.11759799833194,1.37608385686463,0.451685660266874,1.30108445697626,0.601283991047423,33.3877563865537,51.0347891166449,14.7976986383577,0.969,3.95608738968062,3.43920674799665,0.832442903389189,0.505112958942417
1997-12-24,4.73,163.22,-2.25,-2.25,387.56,0.6972752013637332,658.41,27.06629,750.88,3.17552224503765,2.27054970568104,0.715016154973943,0.219528466253919,0.207214753166224,16.85,1.1541095890411,212.45,3.09468317552804,0,-16.0641,4.11759799833194,1.37608385686463,0.451685660266874,1.30108445697626,0.601283991047423,33.3877563865537,51.0347891166449,14.7976986383577,0.969,3.95608738968062,3.43920674799665,0.832442903389189,0.505112958942417
1997-12-25,2.42,161.9,-1.26,-1.26,442.66,1.140403366716386,658.41,27.06629,750.88,3.17552224503765,2.27054970568104,0.715016154973943,0.219528466253919,0.207214753166224,16.85,1.1541095890411,212.45,3.09468317552804,0,-16.0641,4.11759799833194,1.37608385686463,0.451685660266874,1.30108445697626,0.601283991047423,33.3877563865537,51.0347891166449,14.7976986383577,0.969,3.95608738968062,3.43920674799665,0.832442903389189,0.505112958942417
1997-12-26,0.33,213.55,0.5,0.5,482.44,1.5802732367355636,658.41,27.06629,750.88,3.17552224503765,2.27054970568104,0.715016154973943,0.219528466253919,0.207214753166224,16.85,1.1541095890411,212.45,3.09468317552804,0,-16.0641,4.11759799833194,1.37608385686463,0.451685660266874,1.30108445697626,0.601283991047423,33.3877563865537,51.0347891166449,14.7976986383577,0.969,3.95608738968062,3.43920674799665,0.832442903389189,0.505112958942417
1997-12-27,0.03,152.1,-1.07,-1.07,431.61,1.2283773407202214,658.41,27.06629,750.88,3.17552224503765,2.27054970568104,0.715016154973943,0.219528466253919,0.207214753166224,16.85,1.1541095890411,212.45,3.09468317552804,0,-16.0641,4.11759799833194,1.37608385686463,0.451685660266874,1.30108445697626,0.601283991047423,33.3877563865537,51.0347891166449,14.7976986383577,0.969,3.95608738968062,3.43920674799665,0.832442903389189,0.505112958942417
1997-12-28,0.57,229.95,-3.92,-3.92,324.0,1.0524293927125505,658.41,27.06629,750.88,3.17552224503765,2.27054970568104,0.715016154973943,0.219528466253919,0.207214753166224,16.85,1.1541095890411,212.45,3.09468317552804,0,-16.0641,4.11759799833194,1.37608385686463,0.451685660266874,1.30108445697626,0.601283991047423,33.3877563865537,51.0347891166449,14.7976986383577,0.969,3.95608738968062,3.43920674799665,0.832442903389189,0.505112958942417
1997-12-29,9.28,209.41,-5.35,-5.35,285.53,0.905806102706158,658.41,27.06629,750.88,3.17552224503765,2.27054970568104,0.715016154973943,0.219528466253919,0.207214753166224,16.85,1.1541095890411,212.45,3.09468317552804,0,-16.0641,4.11759799833194,1.37608385686463,0.451685660266874,1.30108445697626,0.601283991047423,33.3877563865537,51.0347891166449,14.7976986383577,0.969,3.95608738968062,3.43920674799665,0.832442903389189,0.505112958942417
1997-12-30,4.32,186.42,-3.5,-3.5,322.09,0.8960312167057319,658.41,27.06629,750.88,3.17552224503765,2.27054970568104,0.715016154973943,0.219528466253919,0.207214753166224,16.85,1.1541095890411,212.45,3.09468317552804,0,-16.0641,4.11759799833194,1.37608385686463,0.451685660266874,1.30108445697626,0.601283991047423,33.3877563865537,51.0347891166449,14.7976986383577,0.969,3.95608738968062,3.43920674799665,0.832442903389189,0.505112958942417
1997-12-31,0.5,289.25,-7.94,-7.94,196.47,0.8145738333688473,658.41,27.06629,750.88,3.17552224503765,2.27054970568104,0.715016154973943,0.219528466253919,0.207214753166224,16.85,1.1541095890411,212.45,3.09468317552804,0,-16.0641,4.11759799833194,1.37608385686463,0.451685660266874,1.30108445697626,0.601283991047423,33.3877563865537,51.0347891166449,14.7976986383577,0.969,3.95608738968062,3.43920674799665,0.832442903389189,0.505112958942417
1998-01-01,0.0,298.35,-13.3,-13.3,130.89,0.6842420200298316,658.41,27.06629,750.88,3.17552224503765,2.27054970568104,0.715016154973943,0.219528466253919,0.207214753166224,16.85,1.1541095890411,212.45,3.09468317552804,0,-16.0641,4.11759799833194,1.37608385686463,0.451685660266874,1.30108445697626,0.601283991047423,33.3877563865537,51.0347891166449,14.7976986383577,0.969,3.95608738968062,3.43920674799665,0.832442903389189,0.505112958942417
1998-01-02,0.44,271.99,-4.75,-4.75,284.37,0.9123226933731089,658.41,27.06629,750.88,3.17552224503765,2.27054970568104,0.715016154973943,0.219528466253919,0.207214753166224,16.85,1.1541095890411,212.45,3.09468317552804,0,-16.0641,4.11759799833194,1.37608385686463,0.451685660266874,1.30108445697626,0.601283991047423,33.3877563865537,51.0347891166449,14.7976986383577,0.969,3.95608738968062,3.43920674799665,0.832442903389189,0.505112958942417
1998-01-03,2.29,168.45,4.58,4.58,638.45,1.3554508587257617,658.41,27.06629,750.88,3.17552224503765,2.27054970568104,0.715016154973943,0.219528466253919,0.207214753166224,16.85,1.1541095890411,212.45,3.09468317552804,0,-16.0641,4.11759799833194,1.37608385686463,0.451685660266874,1.30108445697626,0.601283991047423,33.3877563865537,51.0347891166449,14.7976986383577,0.969,3.95608738968062,3.43920674799665,0.832442903389189,0.505112958942417
1998-01-04,2.16,176.43,5.15,5.15,702.69,5.148106626891114,658.41,27.06629,750.88,3.17552224503765,2.27054970568104,0.715016154973943,0.219528466253919,0.207214753166224,16.85,1.1541095890411,212.45,3.09468317552804,0,-16.0641,4.11759799833194,1.37608385686463,0.451685660266874,1.30108445697626,0.601283991047423,33.3877563865537,51.0347891166449,14.7976986383577,0.969,3.95608738968062,3.43920674799665,0.832442903389189,0.505112958942417
1998-01-05,1.51,206.69,6.56,6.56,739.71,4.822277093543575,658.41,27.06629,750.88,3.17552224503765,2.27054970568104,0.715016154973943,0.219528466253919,0.207214753166224,16.85,1.1541095890411,212.45,3.09468317552804,0,-16.0641,4.11759799833194,1.37608385686463,0.451685660266874,1.30108445697626,0.601283991047423,33.3877563865537,51.0347891166449,14.7976986383577,0.969,3.95608738968062,3.43920674799665,0.832442903389189,0.505112958942417
1998-01-06,5.33,205.86,8.56,8.56,836.93,4.52903051353079,658.41,27.06629,750.88,3.17552224503765,2.27054970568104,0.715016154973943,0.219528466253919,0.207214753166224,16.85,1.1541095890411,212.45,3.09468317552804,0,-16.0641,4.11759799833194,1.37608385686463,0.451685660266874,1.30108445697626,0.601283991047423,33.3877563865537,51.0347891166449,14.7976986383577,0.969,3.95608738968062,3.43920674799665,0.832442903389189,0.505112958942417
1998-01-07,30.41,164.14,10.28,10.28,943.84,4.268366886852759,658.41,27.06629,750.88,3.17552224503765,2.27054970568104,0.715016154973943,0.219528466253919,0.207214753166224,16.85,1.1541095890411,212.45,3.09468317552804,0,-16.0641,4.11759799833194,1.37608385686463,0.451685660266874,1.30108445697626,0.601283991047423,33.3877563865537,51.0347891166449,14.7976986383577,0.969,3.95608738968062,3.43920674799665,0.832442903389189,0.505112958942417
1998-01-08,22.1,219.79,7.27,7.27,729.39,18.995861794161517,658.41,27.06629,750.88,3.17552224503765,2.27054970568104,0.715016154973943,0.219528466253919,0.207214753166224,16.85,1.1541095890411,212.45,3.09468317552804,0,-16.0641,4.11759799833194,1.37608385686463,0.451685660266874,1.30108445697626,0.601283991047423,33.3877563865537,51.0347891166449,14.7976986383577,0.969,3.95608738968062,3.43920674799665,0.832442903389189,0.505112958942417
1998-01-09,5.42,193.69,5.0,5.0,624.27,15.118490347325803,658.41,27.06629,750.88,3.17552224503765,2.27054970568104,0.715016154973943,0.219528466253919,0.207214753166224,16.85,1.1541095890411,212.45,3.09468317552804,0,-16.0641,4.11759799833194,1.37608385686463,0.451685660266874,1.30108445697626,0.601283991047423,33.3877563865537,51.0347891166449,14.7976986383577,0.969,3.95608738968062,3.43920674799665,0.832442903389189,0.505112958942417
1998-01-10,0.43,248.87,1.15,1.15,465.57,8.438984913701256,658.41,27.06629,750.88,3.17552224503765,2.27054970568104,0.715016154973943,0.219528466253919,0.207214753166224,16.85,1.1541095890411,212.45,3.09468317552804,0,-16.0641,4.11759799833194,1.37608385686463,0.451685660266874,1.30108445697626,0.601283991047423,33.3877563865537,51.0347891166449,14.7976986383577,0.969,3.95608738968062,3.43920674799665,0.832442903389189,0.505112958942417
1998-01-11,0.02,265.82,-3.52,-3.52,311.69,5.1155236735563605,658.41,27.06629,750.88,3.17552224503765,2.27054970568104,0.715016154973943,0.219528466253919,0.207214753166224,16.85,1.1541095890411,212.45,3.09468317552804,0,-16.0641,4.11759799833194,1.37608385686463,0.451685660266874,1.30108445697626,0.601283991047423,33.3877563865537,51.0347891166449,14.7976986383577,0.969,3.95608738968062,3.43920674799665,0.832442903389189,0.505112958942417
1998-01-12,2.34,231.38,-3.65,-3.65,292.04,3.681873726827189,658.41,27.06629,750.88,3.17552224503765,2.27054970568104,0.715016154973943,0.219528466253919,0.207214753166224,16.85,1.1541095890411,212.45,3.09468317552804,0,-16.0641,4.11759799833194,1.37608385686463,0.451685660266874,1.30108445697626,0.601283991047423,33.3877563865537,51.0347891166449,14.7976986383577,0.969,3.95608738968062,3.43920674799665,0.832442903389189,0.505112958942417
1998-01-13,2.29,228.98,-3.34,-3.34,283.61,3.2191957894736842,658.41,27.06629,750.88,3.17552224503765,2.27054970568104,0.715016154973943,0.219528466253919,0.207214753166224,16.85,1.1541095890411,212.45,3.09468317552804,0,-16.0641,4.11759799833194,1.37608385686463,0.451685660266874,1.30108445697626,0.601283991047423,33.3877563865537,51.0347891166449,14.7976986383577,0.969,3.95608738968062,3.43920674799665,0.832442903389189,0.505112958942417
1998-01-14,0.93,266.39,-8.43,-8.43,194.14,2.4111385467717876,658.41,27.06629,750.88,3.17552224503765,2.27054970568104,0.715016154973943,0.219528466253919,0.207214753166224,16.85,1.1541095890411,212.45,3.09468317552804,0,-16.0641,4.11759799833194,1.37608385686463,0.451685660266874,1.30108445697626,0.601283991047423,33.3877563865537,51.0347891166449,14.7976986383577,0.969,3.95608738968062,3.43920674799665,0.832442903389189,0.505112958942417
1998-01-15,2.53,235.18,-7.25,-7.25,226.49,2.042951174089069,658.41,27.06629,750.88,3.17552224503765,2.27054970568104,0.715016154973943,0.219528466253919,0.207214753166224,16.85,1.1541095890411,212.45,3.09468317552804,0,-16.0641,4.11759799833194,1.37608385686463,0.451685660266874,1.30108445697626,0.601283991047423,33.3877563865537,51.0347891166449,14.7976986383577,0.969,3.95608738968062,3.43920674799665,0.832442903389189,0.505112958942417
1998-01-16,4.49,166.57,-4.45,-4.45,320.03,2.09834219475815,658.41,27.06629,750.88,3.17552224503765,2.27054970568104,0.715016154973943,0.219528466253919,0.207214753166224,16.85,1.1541095890411,212.45,3.09468317552804,0,-16.0641,4.11759799833194,1.37608385686463,0.451685660266874,1.30108445697626,0.601283991047423,33.3877563865537,51.0347891166449,14.7976986383577,0.969,3.95608738968062,3.43920674799665,0.832442903389189,0.505112958942417
1998-01-17,2.19,166.67,-3.99,-3.99,353.25,1.7725126614106115,658.41,27.06629,750.88,3.17552224503765,2.27054970568104,0.715016154973943,0.219528466253919,0.207214753166224,16.85,1.1541095890411,212.45,3.09468317552804,0,-16.0641,4.11759799833194,1.37608385686463,0.451685660266874,1.30108445697626,0.601283991047423,33.3877563865537,51.0347891166449,14.7976986383577,0.969,3.95608738968062,3.43920674799665,0.832442903389189,0.505112958942417
1998-01-18,1.47,179.25,-2.95,-2.95,356.72,1.5737566460686125,658.41,27.06629,750.88,3.17552224503765,2.27054970568104,0.715016154973943,0.219528466253919,0.207214753166224,16.85,1.1541095890411,212.45,3.09468317552804,0,-16.0641,4.11759799833194,1.37608385686463,0.451685660266874,1.30108445697626,0.601283991047423,33.3877563865537,51.0347891166449,14.7976986383577,0.969,3.95608738968062,3.43920674799665,0.832442903389189,0.505112958942417
1998-01-19,1.23,255.28,-7.4,-7.4,212.29,1.3880338120605156,658.41,27.06629,750.88,3.17552224503765,2.27054970568104,0.715016154973943,0.219528466253919,0.207214753166224,16.85,1.1541095890411,212.45,3.09468317552804,0,-16.0641,4.11759799833194,1.37608385686463,0.451685660266874,1.30108445697626,0.601283991047423,33.3877563865537,51.0347891166449,14.7976986383577,0.969,3.95608738968062,3.43920674799665,0.832442903389189,0.505112958942417
1998-01-20,0.4,257.17,-6.6,-6.6,214.99,1.283768361389303,658.41,27.06629,750.88,3.17552224503765,2.27054970568104,0.715016154973943,0.219528466253919,0.207214753166224,16.85,1.1541095890411,212.45,3.09468317552804,0,-16.0641,4.11759799833194,1.37608385686463,0.451685660266874,1.30108445697626,0.601283991047423,33.3877563865537,51.0347891166449,14.7976986383577,0.969,3.95608738968062,3.43920674799665,0.832442903389189,0.505112958942417
1998-01-21,0.53,277.77,-7.55,-7.55,214.49,1.1175952993820584,658.41,27.06629,750.88,3.17552224503765,2.27054970568104,0.715016154973943,0.219528466253919,0.207214753166224,16.85,1.1541095890411,212.45,3.09468317552804,0,-16.0641,4.11759799833194,1.37608385686463,0.451685660266874,1.30108445697626,0.601283991047423,33.3877563865537,51.0347891166449,14.7976986383577,0.969,3.95608738968062,3.43920674799665,0.832442903389189,0.505112958942417
1998-01-22,4.07,225.15,-6.51,-6.51,262.87,1.0426545067121245,658.41,27.06629,750.88,3.17552224503765,2.27054970568104,0.715016154973943,0.219528466253919,0.207214753166224,16.85,1.1541095890411,212.45,3.09468317552804,0,-16.0641,4.11759799833194,1.37608385686463,0.451685660266874,1.30108445697626,0.601283991047423,33.3877563865537,51.0347891166449,14.7976986383577,0.969,3.95608738968062,3.43920674799665,0.832442903389189,0.505112958942417
1998-01-23,2.25,216.0,-3.03,-3.03,358.05,1.029621325378223,658.41,27.06629,750.88,3.17552224503765,2.27054970568104,0.715016154973943,0.219528466253919,0.207214753166224,16.85,1.1541095890411,212.45,3.09468317552804,0,-16.0641,4.11759799833194,1.37608385686463,0.451685660266874,1.30108445697626,0.601283991047423,33.3877563865537,51.0347891166449,14.7976986383577,0.969,3.95608738968062,3.43920674799665,0.832442903389189,0.505112958942417
1998-01-24,0.36,188.1,-2.3,-2.3,388.4,1.08827064138078,658.41,27.06629,750.88,3.17552224503765,2.27054970568104,0.715016154973943,0.219528466253919,0.207214753166224,16.85,1.1541095890411,212.45,3.09468317552804,0,-16.0641,4.11759799833194,1.37608385686463,0.451685660266874,1.30108445697626,0.601283991047423,33.3877563865537,51.0347891166449,14.7976986383577,0.969,3.95608738968062,3.43920674799665,0.832442903389189,0.505112958942417
1998-01-25,0.16,169.99,-4.27,-4.27,338.66,0.9611971233752395,658.41,27.06629,750.88,3.17552224503765,2.27054970568104,0.715016154973943,0.219528466253919,0.207214753166224,16.85,1.1541095890411,212.45,3.09468317552804,0,-16.0641,4.11759799833194,1.37608385686463,0.451685660266874,1.30108445697626,0.601283991047423,33.3877563865537,51.0347891166449,14.7976986383577,0.969,3.95608738968062,3.43920674799665,0.832442903389189,0.505112958942417
1998-01-26,0.04,291.1,-4.8,-4.8,304.58,0.8504150820370764,658.41,27.06629,750.88,3.17552224503765,2.27054970568104,0.715016154973943,0.219528466253919,0.207214753166224,16.85,1.1541095890411,212.45,3.09468317552804,0,-16.0641,4.11759799833194,1.37608385686463,0.451685660266874,1.30108445697626,0.601283991047423,33.3877563865537,51.0347891166449,14.7976986383577,0.969,3.95608738968062,3.43920674799665,0.832442903389189,0.505112958942417
1998-01-27,0.16,246.01,-3.29,-3.29,336.23,0.7885074707010441,658.41,27.06629,750.88,3.17552224503765,2.27054970568104,0.715016154973943,0.219528466253919,0.207214753166224,16.85,1.1541095890411,212.45,3.09468317552804,0,-16.0641,4.11759799833194,1.37608385686463,0.451685660266874,1.30108445697626,0.601283991047423,33.3877563865537,51.0347891166449,14.7976986383577,0.969,3.95608738968062,3.43920674799665,0.832442903389189,0.505112958942417
1998-01-28,0.3,277.19,-0.76,-0.76,395.9,0.7819908800340932,658.41,27.06629,750.88,3.17552224503765,2.27054970568104,0.715016154973943,0.219528466253919,0.207214753166224,16.85,1.1541095890411,212.45,3.09468317552804,0,-16.0641,4.11759799833194,1.37608385686463,0.451685660266874,1.30108445697626,0.601283991047423,33.3877563865537,51.0347891166449,14.7976986383577,0.969,3.95608738968062,3.43920674799665,0.832442903389189,0.505112958942417
1998-01-29,2.07,271.08,0.13,0.13,392.99,0.8178321287023226,658.41,27.06629,750.88,3.17552224503765,2.27054970568104,0.715016154973943,0.219528466253919,0.207214753166224,16.85,1.1541095890411,212.45,3.09468317552804,0,-16.0641,4.11759799833194,1.37608385686463,0.451685660266874,1.30108445697626,0.601283991047423,33.3877563865537,51.0347891166449,14.7976986383577,0.969,3.95608738968062,3.43920674799665,0.832442903389189,0.505112958942417
1998-01-30,0.86,259.77,1.09,1.09,417.13,1.2120858640528445,658.41,27.06629,750.88,3.17552224503765,2.27054970568104,0.715016154973943,0.219528466253919,0.207214753166224,16.85,1.1541095890411,212.45,3.09468317552804,0,-16.0641,4.11759799833194,1.37608385686463,0.451685660266874,1.30108445697626,0.601283991047423,33.3877563865537,51.0347891166449,14.7976986383577,0.969,3.95608738968062,3.43920674799665,0.832442903389189,0.505112958942417
1998-01-31,0.09,265.15,-2.02,-2.02,350.89,1.0002966673769442,658.41,27.06629,750.88,3.17552224503765,2.27054970568104,0.715016154973943,0.219528466253919,0.207214753166224,16.85,1.1541095890411,212.45,3.09468317552804,0,-16.0641,4.11759799833194,1.37608385686463,0.451685660266874,1.30108445697626,0.601283991047423,33.3877563865537,51.0347891166449,14.7976986383577,0.969,3.95608738968062,3.43920674799665,0.832442903389189,0.505112958942417
1998-02-01,0.0,358.45,-4.31,-4.31,275.81,0.8178321287023226,658.41,27.06629,750.88,3.17552224503765,2.27054970568104,0.715016154973943,0.219528466253919,0.207214753166224,16.85,1.1541095890411,212.45,3.09468317552804,0,-16.0641,4.11759799833194,1.37608385686463,0.451685660266874,1.30108445697626,0.601283991047423,33.3877563865537,51.0347891166449,14.7976986383577,0.969,3.95608738968062,3.43920674799665,0.832442903389189,0.505112958942417
1998-02-02,0.0,350.93,-0.89,-0.89,352.61,0.8569316727040273,658.41,27.06629,750.88,3.17552224503765,2.27054970568104,0.715016154973943,0.219528466253919,0.207214753166224,16.85,1.1541095890411,212.45,3.09468317552804,0,-16.0641,4.11759799833194,1.37608385686463,0.451685660266874,1.30108445697626,0.601283991047423,33.3877563865537,51.0347891166449,14.7976986383577,0.969,3.95608738968062,3.43920674799665,0.832442903389189,0.505112958942417
1998-02-03,0.0,340.33,0.66,0.66,405.61,0.8113155380353717,658.41,27.06629,750.88,3.17552224503765,2.27054970568104,0.715016154973943,0.219528466253919,0.207214753166224,16.85,1.1541095890411,212.45,3.09468317552804,0,-16.0641,4.11759799833194,1.37608385686463,0.451685660266874,1.30108445697626,0.601283991047423,33.3877563865537,51.0347891166449,14.7976986383577,0.969,3.95608738968062,3.43920674799665,0.832442903389189,0.505112958942417
1998-02-04,0.03,201.01,-1.65,-1.65,390.63,0.7494079266993394,658.41,27.06629,750.88,3.17552224503765,2.27054970568104,0.715016154973943,0.219528466253919,0.207214753166224,16.85,1.1541095890411,212.45,3.09468317552804,0,-16.0641,4.11759799833194,1.37608385686463,0.451685660266874,1.30108445697626,0.601283991047423,33.3877563865537,51.0347891166449,14.7976986383577,0.969,3.95608738968062,3.43920674799665,0.832442903389189,0.505112958942417
1998-02-05,0.01,306.75,-2.34,-2.34,351.69,0.7233415640315363,658.41,27.06629,750.88,3.17552224503765,2.27054970568104,0.715016154973943,0.219528466253919,0.207214753166224,16.85,1.1541095890411,212.45,3.09468317552804,0,-16.0641,4.11759799833194,1.37608385686463,0.451685660266874,1.30108445697626,0.601283991047423,33.3877563865537,51.0347891166449,14.7976986383577,0.969,3.95608738968062,3.43920674799665,0.832442903389189,0.505112958942417
1998-02-06,0.0,378.84,-4.69,-4.69,236.07,0.6321092946942254,658.41,27.06629,750.88,3.17552224503765,2.27054970568104,0.715016154973943,0.219528466253919,0.207214753166224,16.85,1.1541095890411,212.45,3.09468317552804,0,-16.0641,4.11759799833194,1.37608385686463,0.451685660266874,1.30108445697626,0.601283991047423,33.3877563865537,51.0347891166449,14.7976986383577,0.969,3.95608738968062,3.43920674799665,0.832442903389189,0.505112958942417
1998-02-07,0.0,381.3,-3.61,-3.61,236.87,0.58649316002557,658.41,27.06629,750.88,3.17552224503765,2.27054970568104,0.715016154973943,0.219528466253919,0.207214753166224,16.85,1.1541095890411,212.45,3.09468317552804,0,-16.0641,4.11759799833194,1.37608385686463,0.451685660266874,1.30108445697626,0.601283991047423,33.3877563865537,51.0347891166449,14.7976986383577,0.969,3.95608738968062,3.43920674799665,0.832442903389189,0.505112958942417
1998-02-08,0.0,384.48,-2.52,-2.52,253.96,0.58649316002557,658.41,27.06629,750.88,3.17552224503765,2.27054970568104,0.715016154973943,0.219528466253919,0.207214753166224,16.85,1.1541095890411,212.45,3.09468317552804,0,-16.0641,4.11759799833194,1.37608385686463,0.451685660266874,1.30108445697626,0.601283991047423,33.3877563865537,51.0347891166449,14.7976986383577,0.969,3.95608738968062,3.43920674799665,0.832442903389189,0.505112958942417
1998-02-09,0.0,389.52,-0.58,-0.58,283.94,0.553910206690816,658.41,27.06629,750.88,3.17552224503765,2.27054970568104,0.715016154973943,0.219528466253919,0.207214753166224,16.85,1.1541095890411,212.45,3.09468317552804,0,-16.0641,4.11759799833194,1.37608385686463,0.451685660266874,1.30108445697626,0.601283991047423,33.3877563865537,51.0347891166449,14.7976986383577,0.969,3.95608738968062,3.43920674799665,0.832442903389189,0.505112958942417
1998-02-10,0.15,332.08,1.12,1.12,333.51,0.58649316002557,658.41,27.06629,750.88,3.17552224503765,2.27054970568104,0.715016154973943,0.219528466253919,0.207214753166224,16.85,1.1541095890411,212.45,3.09468317552804,0,-16.0641,4.11759799833194,1.37608385686463,0.451685660266874,1.30108445697626,0.601283991047423,33.3877563865537,51.0347891166449,14.7976986383577,0.969,3.95608738968062,3.43920674799665,0.832442903389189,0.505112958942417
1998-02-11,1.21,291.36,1.98,1.98,416.94,0.6451424760281269,658.41,27.06629,750.88,3.17552224503765,2.27054970568104,0.715016154973943,0.219528466253919,0.207214753166224,16.85,1.1541095890411,212.45,3.09468317552804,0,-16.0641,4.11759799833194,1.37608385686463,0.451685660266874,1.30108445697626,0.601283991047423,33.3877563865537,51.0347891166449,14.7976986383577,0.969,3.95608738968062,3.43920674799665,0.832442903389189,0.505112958942417
1998-02-12,0.84,228.32,1.97,1.97,483.44,0.9905217813765181,658.41,27.06629,750.88,3.17552224503765,2.27054970568104,0.715016154973943,0.219528466253919,0.207214753166224,16.85,1.1541095890411,212.45,3.09468317552804,0,-16.0641,4.11759799833194,1.37608385686463,0.451685660266874,1.30108445697626,0.601283991047423,33.3877563865537,51.0347891166449,14.7976986383577,0.969,3.95608738968062,3.43920674799665,0.832442903389189,0.505112958942417
1998-02-13,0.46,229.02,-0.08,-0.08,413.85,0.9840051907095674,658.41,27.06629,750.88,3.17552224503765,2.27054970568104,0.715016154973943,0.219528466253919,0.207214753166224,16.85,1.1541095890411,212.45,3.09468317552804,0,-16.0641,4.11759799833194,1.37608385686463,0.451685660266874,1.30108445697626,0.601283991047423,33.3877563865537,51.0347891166449,14.7976986383577,0.969,3.95608738968062,3.43920674799665,0.832442903389189,0.505112958942417
1998-02-14,0.09,326.47,-5.97,-5.97,244.41,0.7168249733645855,658.41,27.06629,750.88,3.17552224503765,2.27054970568104,0.715016154973943,0.219528466253919,0.207214753166224,16.85,1.1541095890411,212.45,3.09468317552804,0,-16.0641,4.11759799833194,1.37608385686463,0.451685660266874,1.30108445697626,0.601283991047423,33.3877563865537,51.0347891166449,14.7976986383577,0.969,3.95608738968062,3.43920674799665,0.832442903389189,0.505112958942417
1998-02-15,0.95,347.2,-8.35,-8.35,174.37,0.6190761133603239,658.41,27.06629,750.88,3.17552224503765,2.27054970568104,0.715016154973943,0.219528466253919,0.207214753166224,16.85,1.1541095890411,212.45,3.09468317552804,0,-16.0641,4.11759799833194,1.37608385686463,0.451685660266874,1.30108445697626,0.601283991047423,33.3877563865537,51.0347891166449,14.7976986383577,0.969,3.95608738968062,3.43920674799665,0.832442903389189,0.505112958942417
1998-02-16,6.31,319.73,-5.21,-5.21,222.19,0.6516590666950778,658.41,27.06629,750.88,3.17552224503765,2.27054970568104,0.715016154973943,0.219528466253919,0.207214753166224,16.85,1.1541095890411,212.45,3.09468317552804,0,-16.0641,4.11759799833194,1.37608385686463,0.451685660266874,1.30108445697626,0.601283991047423,33.3877563865537,51.0347891166449,14.7976986383577,0.969,3.95608738968062,3.43920674799665,0.832442903389189,0.505112958942417
1998-02-17,14.73,304.71,-2.47,-2.47,334.05,0.8699648540379288,658.41,27.06629,750.88,3.17552224503765,2.27054970568104,0.715016154973943,0.219528466253919,0.207214753166224,16.85,1.1541095890411,212.45,3.09468317552804,0,-16.0641,4.11759799833194,1.37608385686463,0.451685660266874,1.30108445697626,0.601283991047423,33.3877563865537,51.0347891166449,14.7976986383577,0.969,3.95608738968062,3.43920674799665,0.832442903389189,0.505112958942417
1998-02-18,5.99,213.72,2.2,2.2,548.11,3.196387722139356,658.41,27.06629,750.88,3.17552224503765,2.27054970568104,0.715016154973943,0.219528466253919,0.207214753166224,16.85,1.1541095890411,212.45,3.09468317552804,0,-16.0641,4.11759799833194,1.37608385686463,0.451685660266874,1.30108445697626,0.601283991047423,33.3877563865537,51.0347891166449,14.7976986383577,0.969,3.95608738968062,3.43920674799665,0.832442903389189,0.505112958942417
1998-02-19,1.03,159.17,2.83,2.83,612.68,3.844788493500958,658.41,27.06629,750.88,3.17552224503765,2.27054970568104,0.715016154973943,0.219528466253919,0.207214753166224,16.85,1.1541095890411,212.45,3.09468317552804,0,-16.0641,4.11759799833194,1.37608385686463,0.451685660266874,1.30108445697626,0.601283991047423,33.3877563865537,51.0347891166449,14.7976986383577,0.969,3.95608738968062,3.43920674799665,0.832442903389189,0.505112958942417
1998-02-20,0.72,136.24,1.83,1.83,581.09,2.89010796079267,658.41,27.06629,750.88,3.17552224503765,2.27054970568104,0.715016154973943,0.219528466253919,0.207214753166224,16.85,1.1541095890411,212.45,3.09468317552804,0,-16.0641,4.11759799833194,1.37608385686463,0.451685660266874,1.30108445697626,0.601283991047423,33.3877563865537,51.0347891166449,14.7976986383577,0.969,3.95608738968062,3.43920674799665,0.832442903389189,0.505112958942417
1998-02-21,0.16,209.45,0.56,0.56,513.93,2.4763044534412955,658.41,27.06629,750.88,3.17552224503765,2.27054970568104,0.715016154973943,0.219528466253919,0.207214753166224,16.85,1.1541095890411,212.45,3.09468317552804,0,-16.0641,4.11759799833194,1.37608385686463,0.451685660266874,1.30108445697626,0.601283991047423,33.3877563865537,51.0347891166449,14.7976986383577,0.969,3.95608738968062,3.43920674799665,0.832442903389189,0.505112958942417
1998-02-22,0.49,243.88,0.5,0.5,476.56,2.117891966759003,658.41,27.06629,750.88,3.17552224503765,2.27054970568104,0.715016154973943,0.219528466253919,0.207214753166224,16.85,1.1541095890411,212.45,3.09468317552804,0,-16.0641,4.11759799833194,1.37608385686463,0.451685660266874,1.30108445697626,0.601283991047423,33.3877563865537,51.0347891166449,14.7976986383577,0.969,3.95608738968062,3.43920674799665,0.832442903389189,0.505112958942417
1998-02-23,4.98,273.75,-0.1,-0.1,435.42,1.9680103814191348,658.41,27.06629,750.88,3.17552224503765,2.27054970568104,0.715016154973943,0.219528466253919,0.207214753166224,16.85,1.1541095890411,212.45,3.09468317552804,0,-16.0641,4.11759799833194,1.37608385686463,0.451685660266874,1.30108445697626,0.601283991047423,33.3877563865537,51.0347891166449,14.7976986383577,0.969,3.95608738968062,3.43920674799665,0.832442903389189,0.505112958942417
1998-02-24,5.94,168.28,-0.27,-0.27,463.2,1.902844474749627,658.41,27.06629,750.88,3.17552224503765,2.27054970568104,0.715016154973943,0.219528466253919,0.207214753166224,16.85,1.1541095890411,212.45,3.09468317552804,0,-16.0641,4.11759799833194,1.37608385686463,0.451685660266874,1.30108445697626,0.601283991047423,33.3877563865537,51.0347891166449,14.7976986383577,0.969,3.95608738968062,3.43920674799665,0.832442903389189,0.505112958942417
1998-02-25,1.23,345.9,0.3,0.3,448.48,1.7757709567440867,658.41,27.06629,750.88,3.17552224503765,2.27054970568104,0.715016154973943,0.219528466253919,0.207214753166224,16.85,1.1541095890411,212.45,3.09468317552804,0,-16.0641,4.11759799833194,1.37608385686463,0.451685660266874,1.30108445697626,0.601283991047423,33.3877563865537,51.0347891166449,14.7976986383577,0.969,3.95608738968062,3.43920674799665,0.832442903389189,0.505112958942417
1998-02-26,0.0,416.73,1.67,1.67,429.52,1.853970044747496,658.41,27.06629,750.88,3.17552224503765,2.27054970568104,0.715016154973943,0.219528466253919,0.207214753166224,16.85,1.1541095890411,212.45,3.09468317552804,0,-16.0641,4.11759799833194,1.37608385686463,0.451685660266874,1.30108445697626,0.601283991047423,33.3877563865537,51.0347891166449,14.7976986383577,0.969,3.95608738968062,3.43920674799665,0.832442903389189,0.505112958942417
1998-02-27,1.14,389.86,1.98,1.98,418.45,2.0038516300873637,658.41,27.06629,750.88,3.17552224503765,2.27054970568104,0.715016154973943,0.219528466253919,0.207214753166224,16.85,1.1541095890411,212.45,3.09468317552804,0,-16.0641,4.11759799833194,1.37608385686463,0.451685660266874,1.30108445697626,0.601283991047423,33.3877563865537,51.0347891166449,14.7976986383577,0.969,3.95608738968062,3.43920674799665,0.832442903389189,0.505112958942417
1998-02-28,10.86,338.07,4.55,4.55,506.98,3.714456680161943,658.41,27.06629,750.88,3.17552224503765,2.27054970568104,0.715016154973943,0.219528466253919,0.207214753166224,16.85,1.1541095890411,212.45,3.09468317552804,0,-16.0641,4.11759799833194,1.37608385686463,0.451685660266874,1.30108445697626,0.601283991047423,33.3877563865537,51.0347891166449,14.7976986383577,0.969,3.95608738968062,3.43920674799665,0.832442903389189,0.505112958942417
1998-03-01,2.89,321.82,3.88,3.88,532.24,5.799765693586192,658.41,27.06629,750.88,3.17552224503765,2.27054970568104,0.715016154973943,0.219528466253919,0.207214753166224,16.85,1.1541095890411,212.45,3.09468317552804,0,-16.0641,4.11759799833194,1.37608385686463,0.451685660266874,1.30108445697626,0.601283991047423,33.3877563865537,51.0347891166449,14.7976986383577,0.969,3.95608738968062,3.43920674799665,0.832442903389189,0.505112958942417
1998-03-02,0.09,340.33,2.66,2.66,503.8,3.714456680161943,658.41,27.06629,750.88,3.17552224503765,2.27054970568104,0.715016154973943,0.219528466253919,0.207214753166224,16.85,1.1541095890411,212.45,3.09468317552804,0,-16.0641,4.11759799833194,1.37608385686463,0.451685660266874,1.30108445697626,0.601283991047423,33.3877563865537,51.0347891166449,14.7976986383577,0.969,3.95608738968062,3.43920674799665,0.832442903389189,0.505112958942417
1998-03-03,0.24,268.05,1.33,1.33,479.62,3.1018971574685703,658.41,27.06629,750.88,3.17552224503765,2.27054970568104,0.715016154973943,0.219528466253919,0.207214753166224,16.85,1.1541095890411,212.45,3.09468317552804,0,-16.0641,4.11759799833194,1.37608385686463,0.451685660266874,1.30108445697626,0.601283991047423,33.3877563865537,51.0347891166449,14.7976986383577,0.969,3.95608738968062,3.43920674799665,0.832442903389189,0.505112958942417
1998-03-04,0.52,222.89,0.6,0.6,477.72,2.6229277434476876,658.41,27.06629,750.88,3.17552224503765,2.27054970568104,0.715016154973943,0.219528466253919,0.207214753166224,16.85,1.1541095890411,212.45,3.09468317552804,0,-16.0641,4.11759799833194,1.37608385686463,0.451685660266874,1.30108445697626,0.601283991047423,33.3877563865537,51.0347891166449,14.7976986383577,0.969,3.95608738968062,3.43920674799665,0.832442903389189,0.505112958942417
1998-03-05,0.21,219.4,-0.5,-0.5,445.79,2.313389686767526,658.41,27.06629,750.88,3.17552224503765,2.27054970568104,0.715016154973943,0.219528466253919,0.207214753166224,16.85,1.1541095890411,212.45,3.09468317552804,0,-16.0641,4.11759799833194,1.37608385686463,0.451685660266874,1.30108445697626,0.601283991047423,33.3877563865537,51.0347891166449,14.7976986383577,0.969,3.95608738968062,3.43920674799665,0.832442903389189,0.505112958942417
1998-03-06,0.02,362.68,-0.62,-0.62,404.04,2.01362651608779,658.41,27.06629,750.88,3.17552224503765,2.27054970568104,0.715016154973943,0.219528466253919,0.207214753166224,16.85,1.1541095890411,212.45,3.09468317552804,0,-16.0641,4.11759799833194,1.37608385686463,0.451685660266874,1.30108445697626,0.601283991047423,33.3877563865537,51.0347891166449,14.7976986383577,0.969,3.95608738968062,3.43920674799665,0.832442903389189,0.505112958942417
1998-03-07,0.41,392.52,-0.42,-0.42,363.48,1.7594794800767097,658.41,27.06629,750.88,3.17552224503765,2.27054970568104,0.715016154973943,0.219528466253919,0.207214753166224,16.85,1.1541095890411,212.45,3.09468317552804,0,-16.0641,4.11759799833194,1.37608385686463,0.451685660266874,1.30108445697626,0.601283991047423,33.3877563865537,51.0347891166449,14.7976986383577,0.969,3.95608738968062,3.43920674799665,0.832442903389189,0.505112958942417
1998-03-08,6.61,329.67,0.62,0.62,430.99,1.769254366077136,658.41,27.06629,750.88,3.17552224503765,2.27054970568104,0.715016154973943,0.219528466253919,0.207214753166224,16.85,1.1541095890411,212.45,3.09468317552804,0,-16.0641,4.11759799833194,1.37608385686463,0.451685660266874,1.30108445697626,0.601283991047423,33.3877563865537,51.0347891166449,14.7976986383577,0.969,3.95608738968062,3.43920674799665,0.832442903389189,0.505112958942417
1998-03-09,9.29,306.49,4.03,4.03,542.36,2.547986950777754,658.41,27.06629,750.88,3.17552224503765,2.27054970568104,0.715016154973943,0.219528466253919,0.207214753166224,16.85,1.1541095890411,212.45,3.09468317552804,0,-16.0641,4.11759799833194,1.37608385686463,0.451685660266874,1.30108445697626,0.601283991047423,33.3877563865537,51.0347891166449,14.7976986383577,0.969,3.95608738968062,3.43920674799665,0.832442903389189,0.505112958942417
1998-03-10,2.46,377.81,1.65,1.65,328.1,3.5841248668229277,658.41,27.06629,750.88,3.17552224503765,2.27054970568104,0.715016154973943,0.219528466253919,0.207214753166224,16.85,1.1541095890411,212.45,3.09468317552804,0,-16.0641,4.11759799833194,1.37608385686463,0.451685660266874,1.30108445697626,0.601283991047423,33.3877563865537,51.0347891166449,14.7976986383577,0.969,3.95608738968062,3.43920674799665,0.832442903389189,0.505112958942417
1998-03-11,0.6,306.98,-7.28,-7.28,194.84,2.085309013424249,658.41,27.06629,750.88,3.17552224503765,2.27054970568104,0.715016154973943,0.219528466253919,0.207214753166224,16.85,1.1541095890411,212.45,3.09468317552804,0,-16.0641,4.11759799833194,1.37608385686463,0.451685660266874,1.30108445697626,0.601283991047423,33.3877563865537,51.0347891166449,14.7976986383577,0.969,3.95608738968062,3.43920674799665,0.832442903389189,0.505112958942417
1998-03-12,1.11,342.67,-10.11,-10.11,176.25,1.7594794800767097,658.41,27.06629,750.88,3.17552224503765,2.27054970568104,0.715016154973943,0.219528466253919,0.207214753166224,16.85,1.1541095890411,212.45,3.09468317552804,0,-16.0641,4.11759799833194,1.37608385686463,0.451685660266874,1.30108445697626,0.601283991047423,33.3877563865537,51.0347891166449,14.7976986383577,0.969,3.95608738968062,3.43920674799665,0.832442903389189,0.505112958942417
1998-03-13,2.56,366.26,-7.88,-7.88,213.41,1.7268965267419558,658.41,27.06629,750.88,3.17552224503765,2.27054970568104,0.715016154973943,0.219528466253919,0.207214753166224,16.85,1.1541095890411,212.45,3.09468317552804,0,-16.0641,4.11759799833194,1.37608385686463,0.451685660266874,1.30108445697626,0.601283991047423,33.3877563865537,51.0347891166449,14.7976986383577,0.969,3.95608738968062,3.43920674799665,0.832442903389189,0.505112958942417
1998-03-14,2.34,302.71,-4.37,-4.37,297.01,1.678022096739825,658.41,27.06629,750.88,3.17552224503765,2.27054970568104,0.715016154973943,0.219528466253919,0.207214753166224,16.85,1.1541095890411,212.45,3.09468317552804,0,-16.0641,4.11759799833194,1.37608385686463,0.451685660266874,1.30108445697626,0.601283991047423,33.3877563865537,51.0347891166449,14.7976986383577,0.969,3.95608738968062,3.43920674799665,0.832442903389189,0.505112958942417
1998-03-15,0.46,395.29,-3.54,-3.54,295.11,1.5118490347325804,658.41,27.06629,750.88,3.17552224503765,2.27054970568104,0.715016154973943,0.219528466253919,0.207214753166224,16.85,1.1541095890411,212.45,3.09468317552804,0,-16.0641,4.11759799833194,1.37608385686463,0.451685660266874,1.30108445697626,0.601283991047423,33.3877563865537,51.0347891166449,14.7976986383577,0.969,3.95608738968062,3.43920674799665,0.832442903389189,0.505112958942417
1998-03-16,0.57,436.65,-7.24,-7.24,187.57,1.3489342680588108,658.41,27.06629,750.88,3.17552224503765,2.27054970568104,0.715016154973943,0.219528466253919,0.207214753166224,16.85,1.1541095890411,212.45,3.09468317552804,0,-16.0641,4.11759799833194,1.37608385686463,0.451685660266874,1.30108445697626,0.601283991047423,33.3877563865537,51.0347891166449,14.7976986383577,0.969,3.95608738968062,3.43920674799665,0.832442903389189,0.505112958942417
1998-03-17,3.34,402.4,-4.75,-4.75,216.02,1.2772517707223523,658.41,27.06629,750.88,3.17552224503765,2.27054970568104,0.715016154973943,0.219528466253919,0.207214753166224,16.85,1.1541095890411,212.45,3.09468317552804,0,-16.0641,4.11759799833194,1.37608385686463,0.451685660266874,1.30108445697626,0.601283991047423,33.3877563865537,51.0347891166449,14.7976986383577,0.969,3.95608738968062,3.43920674799665,0.832442903389189,0.505112958942417
1998-03-18,2.59,377.47,-2.03,-2.03,340.1,1.6258893714042189,658.41,27.06629,750.88,3.17552224503765,2.27054970568104,0.715016154973943,0.219528466253919,0.207214753166224,16.85,1.1541095890411,212.45,3.09468317552804,0,-16.0641,4.11759799833194,1.37608385686463,0.451685660266874,1.30108445697626,0.601283991047423,33.3877563865537,51.0347891166449,14.7976986383577,0.969,3.95608738968062,3.43920674799665,0.832442903389189,0.505112958942417
1998-03-19,4.08,312.87,3.3,3.3,559.86,2.1341834434263793,658.41,27.06629,750.88,3.17552224503765,2.27054970568104,0.715016154973943,0.219528466253919,0.207214753166224,16.85,1.1541095890411,212.45,3.09468317552804,0,-16.0641,4.11759799833194,1.37608385686463,0.451685660266874,1.30108445697626,0.601283991047423,33.3877563865537,51.0347891166449,14.7976986383577,0.969,3.95608738968062,3.43920674799665,0.832442903389189,0.505112958942417
1998-03-20,9.65,297.82,3.69,3.69,562.44,2.186316168761986,658.41,27.06629,750.88,3.17552224503765,2.27054970568104,0.715016154973943,0.219528466253919,0.207214753166224,16.85,1.1541095890411,212.45,3.09468317552804,0,-16.0641,4.11759799833194,1.37608385686463,0.451685660266874,1.30108445697626,0.601283991047423,33.3877563865537,51.0347891166449,14.7976986383577,0.969,3.95608738968062,3.43920674799665,0.832442903389189,0.505112958942417
1998-03-21,6.06,254.81,-0.82,-0.82,417.38,2.1928327594289363,658.41,27.06629,750.88,3.17552224503765,2.27054970568104,0.715016154973943,0.219528466253919,0.207214753166224,16.85,1.1541095890411,212.45,3.09468317552804,0,-16.0641,4.11759799833194,1.37608385686463,0.451685660266874,1.30108445697626,0.601283991047423,33.3877563865537,51.0347891166449,14.7976986383577,0.969,3.95608738968062,3.43920674799665,0.832442903389189,0.505112958942417
1998-03-22,1.91,240.14,-3.24,-3.24,351.2,1.9354274280843808,658.41,27.06629,750.88,3.17552224503765,2.27054970568104,0.715016154973943,0.219528466253919,0.207214753166224,16.85,1.1541095890411,212.45,3.09468317552804,0,-16.0641,4.11759799833194,1.37608385686463,0.451685660266874,1.30108445697626,0.601283991047423,33.3877563865537,51.0347891166449,14.7976986383577,0.969,3.95608738968062,3.43920674799665,0.832442903389189,0.505112958942417
1998-03-23,0.31,441.99,-3.72,-3.72,283.09,1.743188003409333,658.41,27.06629,750.88,3.17552224503765,2.27054970568104,0.715016154973943,0.219528466253919,0.207214753166224,16.85,1.1541095890411,212.45,3.09468317552804,0,-16.0641,4.11759799833194,1.37608385686463,0.451685660266874,1.30108445697626,0.601283991047423,33.3877563865537,51.0347891166449,14.7976986383577,0.969,3.95608738968062,3.43920674799665,0.832442903389189,0.505112958942417
1998-03-24,0.02,540.85,-5.89,-5.89,195.72,1.6356642574046452,658.41,27.06629,750.88,3.17552224503765,2.27054970568104,0.715016154973943,0.219528466253919,0.207214753166224,16.85,1.1541095890411,212.45,3.09468317552804,0,-16.0641,4.11759799833194,1.37608385686463,0.451685660266874,1.30108445697626,0.601283991047423,33.3877563865537,51.0347891166449,14.7976986383577,0.969,3.95608738968062,3.43920674799665,0.832442903389189,0.505112958942417
1998-03-25,0.0,543.79,-3.53,-3.53,231.56,1.678022096739825,658.41,27.06629,750.88,3.17552224503765,2.27054970568104,0.715016154973943,0.219528466253919,0.207214753166224,16.85,1.1541095890411,212.45,3.09468317552804,0,-16.0641,4.11759799833194,1.37608385686463,0.451685660266874,1.30108445697626,0.601283991047423,33.3877563865537,51.0347891166449,14.7976986383577,0.969,3.95608738968062,3.43920674799665,0.832442903389189,0.505112958942417
1998-03-26,0.0,542.36,4.41,4.41,485.32,3.1833545408054547,658.41,27.06629,750.88,3.17552224503765,2.27054970568104,0.715016154973943,0.219528466253919,0.207214753166224,16.85,1.1541095890411,212.45,3.09468317552804,0,-16.0641,4.11759799833194,1.37608385686463,0.451685660266874,1.30108445697626,0.601283991047423,33.3877563865537,51.0347891166449,14.7976986383577,0.969,3.95608738968062,3.43920674799665,0.832442903389189,0.505112958942417
1998-03-27,2.94,383.34,15.58,15.58,1054.7,3.134480110803324,658.41,27.06629,750.88,3.17552224503765,2.27054970568104,0.715016154973943,0.219528466253919,0.207214753166224,16.85,1.1541095890411,212.45,3.09468317552804,0,-16.0641,4.11759799833194,1.37608385686463,0.451685660266874,1.30108445697626,0.601283991047423,33.3877563865537,51.0347891166449,14.7976986383577,0.969,3.95608738968062,3.43920674799665,0.832442903389189,0.505112958942417
1998-03-28,4.35,385.51,16.3,16.3,1089.91,2.4013636607713615,658.41,27.06629,750.88,3.17552224503765,2.27054970568104,0.715016154973943,0.219528466253919,0.207214753166224,16.85,1.1541095890411,212.45,3.09468317552804,0,-16.0641,4.11759799833194,1.37608385686463,0.451685660266874,1.30108445697626,0.601283991047423,33.3877563865537,51.0347891166449,14.7976986383577,0.969,3.95608738968062,3.43920674799665,0.832442903389189,0.505112958942417
1998-03-29,0.99,459.91,15.9,15.9,1043.16,2.691351945450671,658.41,27.06629,750.88,3.17552224503765,2.27054970568104,0.715016154973943,0.219528466253919,0.207214753166224,16.85,1.1541095890411,212.45,3.09468317552804,0,-16.0641,4.11759799833194,1.37608385686463,0.451685660266874,1.30108445697626,0.601283991047423,33.3877563865537,51.0347891166449,14.7976986383577,0.969,3.95608738968062,3.43920674799665,0.832442903389189,0.505112958942417
1998-03-30,0.61,495.92,15.57,15.57,974.17,2.173282987428084,658.41,27.06629,750.88,3.17552224503765,2.27054970568104,0.715016154973943,0.219528466253919,0.207214753166224,16.85,1.1541095890411,212.45,3.09468317552804,0,-16.0641,4.11759799833194,1.37608385686463,0.451685660266874,1.30108445697626,0.601283991047423,33.3877563865537,51.0347891166449,14.7976986383577,0.969,3.95608738968062,3.43920674799665,0.832442903389189,0.505112958942417
1998-03-31,1.36,434.96,16.85,16.85,1024.77,1.912619360750053,658.41,27.06629,750.88,3.17552224503765,2.27054970568104,0.715016154973943,0.219528466253919,0.207214753166224,16.85,1.1541095890411,212.45,3.09468317552804,0,-16.0641,4.11759799833194,1.37608385686463,0.451685660266874,1.30108445697626,0.601283991047423,33.3877563865537,51.0347891166449,14.7976986383577,0.969,3.95608738968062,3.43920674799665,0.832442903389189,0.505112958942417
1998-04-01,7.12,386.23,15.95,15.95,975.08,1.9810435627530363,658.41,27.06629,750.88,3.17552224503765,2.27054970568104,0.715016154973943,0.219528466253919,0.207214753166224,16.85,1.1541095890411,212.45,3.09468317552804,0,-16.0641,4.11759799833194,1.37608385686463,0.451685660266874,1.30108445697626,0.601283991047423,33.3877563865537,51.0347891166449,14.7976986383577,0.969,3.95608738968062,3.43920674799665,0.832442903389189,0.505112958942417
1998-04-02,4.94,375.2,10.74,10.74,750.96,2.0494677647560193,658.41,27.06629,750.88,3.17552224503765,2.27054970568104,0.715016154973943,0.219528466253919,0.207214753166224,16.85,1.1541095890411,212.45,3.09468317552804,0,-16.0641,4.11759799833194,1.37608385686463,0.451685660266874,1.30108445697626,0.601283991047423,33.3877563865537,51.0347891166449,14.7976986383577,0.969,3.95608738968062,3.43920674799665,0.832442903389189,0.505112958942417
1998-04-03,1.46,251.18,4.97,4.97,614.24,1.7725126614106115,658.41,27.06629,750.88,3.17552224503765,2.27054970568104,0.715016154973943,0.219528466253919,0.207214753166224,16.85,1.1541095890411,212.45,3.09468317552804,0,-16.0641,4.11759799833194,1.37608385686463,0.451685660266874,1.30108445697626,0.601283991047423,33.3877563865537,51.0347891166449,14.7976986383577,0.969,3.95608738968062,3.43920674799665,0.832442903389189,0.505112958942417
1998-04-04,0.21,273.58,2.74,2.74,531.25,1.5867898274025143,658.41,27.06629,750.88,3.17552224503765,2.27054970568104,0.715016154973943,0.219528466253919,0.207214753166224,16.85,1.1541095890411,212.45,3.09468317552804,0,-16.0641,4.11759799833194,1.37608385686463,0.451685660266874,1.30108445697626,0.601283991047423,33.3877563865537,51.0347891166449,14.7976986383577,0.969,3.95608738968062,3.43920674799665,0.832442903389189,0.505112958942417
1998-04-05,0.01,466.65,1.47,1.47,420.72,1.459716309396974,658.41,27.06629,750.88,3.17552224503765,2.27054970568104,0.715016154973943,0.219528466253919,0.207214753166224,16.85,1.1541095890411,212.45,3.09468317552804,0,-16.0641,4.11759799833194,1.37608385686463,0.451685660266874,1.30108445697626,0.601283991047423,33.3877563865537,51.0347891166449,14.7976986383577,0.969,3.95608738968062,3.43920674799665,0.832442903389189,0.505112958942417
1998-04-06,0.0,536.18,1.41,1.41,360.68,1.2870266567227786,658.41,27.06629,750.88,3.17552224503765,2.27054970568104,0.715016154973943,0.219528466253919,0.207214753166224,16.85,1.1541095890411,212.45,3.09468317552804,0,-16.0641,4.11759799833194,1.37608385686463,0.451685660266874,1.30108445697626,0.601283991047423,33.3877563865537,51.0347891166449,14.7976986383577,0.969,3.95608738968062,3.43920674799665,0.832442903389189,0.505112958942417
1998-04-07,0.38,463.36,3.09,3.09,401.52,1.1697280247176645,658.41,27.06629,750.88,3.17552224503765,2.27054970568104,0.715016154973943,0.219528466253919,0.207214753166224,16.85,1.1541095890411,212.45,3.09468317552804,0,-16.0641,4.11759799833194,1.37608385686463,0.451685660266874,1.30108445697626,0.601283991047423,33.3877563865537,51.0347891166449,14.7976986383577,0.969,3.95608738968062,3.43920674799665,0.832442903389189,0.505112958942417
1998-04-08,4.44,393.89,5.89,5.89,528.82,1.1273701853824845,658.41,27.06629,750.88,3.17552224503765,2.27054970568104,0.715016154973943,0.219528466253919,0.207214753166224,16.85,1.1541095890411,212.45,3.09468317552804,0,-16.0641,4.11759799833194,1.37608385686463,0.451685660266874,1.30108445697626,0.601283991047423,33.3877563865537,51.0347891166449,14.7976986383577,0.969,3.95608738968062,3.43920674799665,0.832442903389189,0.505112958942417
1998-04-09,15.44,356.84,6.37,6.37,567.31,2.857525007457916,658.41,27.06629,750.88,3.17552224503765,2.27054970568104,0.715016154973943,0.219528466253919,0.207214753166224,16.85,1.1541095890411,212.45,3.09468317552804,0,-16.0641,4.11759799833194,1.37608385686463,0.451685660266874,1.30108445697626,0.601283991047423,33.3877563865537,51.0347891166449,14.7976986383577,0.969,3.95608738968062,3.43920674799665,0.832442903389189,0.505112958942417
1998-04-10,4.06,452.45,3.05,3.05,438.37,5.995263413594715,658.41,27.06629,750.88,3.17552224503765,2.27054970568104,0.715016154973943,0.219528466253919,0.207214753166224,16.85,1.1541095890411,212.45,3.09468317552804,0,-16.0641,4.11759799833194,1.37608385686463,0.451685660266874,1.30108445697626,0.601283991047423,33.3877563865537,51.0347891166449,14.7976986383577,0.969,3.95608738968062,3.43920674799665,0.832442903389189,0.505112958942417
1998-04-11,0.08,550.16,2.84,2.84,371.42,2.929207504794374,658.41,27.06629,750.88,3.17552224503765,2.27054970568104,0.715016154973943,0.219528466253919,0.207214753166224,16.85,1.1541095890411,212.45,3.09468317552804,0,-16.0641,4.11759799833194,1.37608385686463,0.451685660266874,1.30108445697626,0.601283991047423,33.3877563865537,51.0347891166449,14.7976986383577,0.969,3.95608738968062,3.43920674799665,0.832442903389189,0.505112958942417
1998-04-12,0.0,562.79,4.53,4.53,389.84,2.4534963861069676,658.41,27.06629,750.88,3.17552224503765,2.27054970568104,0.715016154973943,0.219528466253919,0.207214753166224,16.85,1.1541095890411,212.45,3.09468317552804,0,-16.0641,4.11759799833194,1.37608385686463,0.451685660266874,1.30108445697626,0.601283991047423,33.3877563865537,51.0347891166449,14.7976986383577,0.969,3.95608738968062,3.43920674799665,0.832442903389189,0.505112958942417
1998-04-13,0.41,468.5,8.1,8.1,532.86,2.1113753760920515,658.41,27.06629,750.88,3.17552224503765,2.27054970568104,0.715016154973943,0.219528466253919,0.207214753166224,16.85,1.1541095890411,212.45,3.09468317552804,0,-16.0641,4.11759799833194,1.37608385686463,0.451685660266874,1.30108445697626,0.601283991047423,33.3877563865537,51.0347891166449,14.7976986383577,0.969,3.95608738968062,3.43920674799665,0.832442903389189,0.505112958942417
1998-04-14,4.42,396.64,10.82,10.82,730.24,1.88655299808225,658.41,27.06629,750.88,3.17552224503765,2.27054970568104,0.715016154973943,0.219528466253919,0.207214753166224,16.85,1.1541095890411,212.45,3.09468317552804,0,-16.0641,4.11759799833194,1.37608385686463,0.451685660266874,1.30108445697626,0.601283991047423,33.3877563865537,51.0347891166449,14.7976986383577,0.969,3.95608738968062,3.43920674799665,0.832442903389189,0.505112958942417
1998-04-15,1.27,348.76,11.31,11.31,841.76,2.078792422757298,658.41,27.06629,750.88,3.17552224503765,2.27054970568104,0.715016154973943,0.219528466253919,0.207214753166224,16.85,1.1541095890411,212.45,3.09468317552804,0,-16.0641,4.11759799833194,1.37608385686463,0.451685660266874,1.30108445697626,0.601283991047423,33.3877563865537,51.0347891166449,14.7976986383577,0.969,3.95608738968062,3.43920674799665,0.832442903389189,0.505112958942417
1998-04-16,1.37,363.8,11.73,11.73,885.52,1.7301548220754313,658.41,27.06629,750.88,3.17552224503765,2.27054970568104,0.715016154973943,0.219528466253919,0.207214753166224,16.85,1.1541095890411,212.45,3.09468317552804,0,-16.0641,4.11759799833194,1.37608385686463,0.451685660266874,1.30108445697626,0.601283991047423,33.3877563865537,51.0347891166449,14.7976986383577,0.969,3.95608738968062,3.43920674799665,0.832442903389189,0.505112958942417
1998-04-17,1.08,316.43,12.44,12.44,879.45,1.5867898274025143,658.41,27.06629,750.88,3.17552224503765,2.27054970568104,0.715016154973943,0.219528466253919,0.207214753166224,16.85,1.1541095890411,212.45,3.09468317552804,0,-16.0641,4.11759799833194,1.37608385686463,0.451685660266874,1.30108445697626,0.601283991047423,33.3877563865537,51.0347891166449,14.7976986383577,0.969,3.95608738968062,3.43920674799665,0.832442903389189,0.505112958942417
1998-04-18,9.12,411.33,6.41,6.41,542.68,1.3521925633922864,658.41,27.06629,750.88,3.17552224503765,2.27054970568104,0.715016154973943,0.219528466253919,0.207214753166224,16.85,1.1541095890411,212.45,3.09468317552804,0,-16.0641,4.11759799833194,1.37608385686463,0.451685660266874,1.30108445697626,0.601283991047423,33.3877563865537,51.0347891166449,14.7976986383577,0.969,3.95608738968062,3.43920674799665,0.832442903389189,0.505112958942417
1998-04-19,27.79,400.52,7.25,7.25,559.35,2.971565344129554,658.41,27.06629,750.88,3.17552224503765,2.27054970568104,0.715016154973943,0.219528466253919,0.207214753166224,16.85,1.1541095890411,212.45,3.09468317552804,0,-16.0641,4.11759799833194,1.37608385686463,0.451685660266874,1.30108445697626,0.601283991047423,33.3877563865537,51.0347891166449,14.7976986383577,0.969,3.95608738968062,3.43920674799665,0.832442903389189,0.505112958942417
1998-04-20,7.85,371.93,5.56,5.56,541.06,9.123226933731088,658.41,27.06629,750.88,3.17552224503765,2.27054970568104,0.715016154973943,0.219528466253919,0.207214753166224,16.85,1.1541095890411,212.45,3.09468317552804,0,-16.0641,4.11759799833194,1.37608385686463,0.451685660266874,1.30108445697626,0.601283991047423,33.3877563865537,51.0347891166449,14.7976986383577,0.969,3.95608738968062,3.43920674799665,0.832442903389189,0.505112958942417
1998-04-21,0.72,524.35,6.61,6.61,532.06,4.594196420200298,658.41,27.06629,750.88,3.17552224503765,2.27054970568104,0.715016154973943,0.219528466253919,0.207214753166224,16.85,1.1541095890411,212.45,3.09468317552804,0,-16.0641,4.11759799833194,1.37608385686463,0.451685660266874,1.30108445697626,0.601283991047423,33.3877563865537,51.0347891166449,14.7976986383577,0.969,3.95608738968062,3.43920674799665,0.832442903389189,0.505112958942417
1998-04-22,0.11,541.17,8.75,8.75,596.34,3.421210100149158,658.41,27.06629,750.88,3.17552224503765,2.27054970568104,0.715016154973943,0.219528466253919,0.207214753166224,16.85,1.1541095890411,212.45,3.09468317552804,0,-16.0641,4.11759799833194,1.37608385686463,0.451685660266874,1.30108445697626,0.601283991047423,33.3877563865537,51.0347891166449,14.7976986383577,0.969,3.95608738968062,3.43920674799665,0.832442903389189,0.505112958942417
1998-04-23,0.0,533.81,8.88,8.88,601.33,2.8282003494566377,658.41,27.06629,750.88,3.17552224503765,2.27054970568104,0.715016154973943,0.219528466253919,0.207214753166224,16.85,1.1541095890411,212.45,3.09468317552804,0,-16.0641,4.11759799833194,1.37608385686463,0.451685660266874,1.30108445697626,0.601283991047423,33.3877563865537,51.0347891166449,14.7976986383577,0.969,3.95608738968062,3.43920674799665,0.832442903389189,0.505112958942417
1998-04-24,0.13,420.35,8.29,8.29,568.53,2.3590058214361815,658.41,27.06629,750.88,3.17552224503765,2.27054970568104,0.715016154973943,0.219528466253919,0.207214753166224,16.85,1.1541095890411,212.45,3.09468317552804,0,-16.0641,4.11759799833194,1.37608385686463,0.451685660266874,1.30108445697626,0.601283991047423,33.3877563865537,51.0347891166449,14.7976986383577,0.969,3.95608738968062,3.43920674799665,0.832442903389189,0.505112958942417
1998-04-25,2.21,394.68,8.16,8.16,588.13,1.9647520860856593,658.41,27.06629,750.88,3.17552224503765,2.27054970568104,0.715016154973943,0.219528466253919,0.207214753166224,16.85,1.1541095890411,212.45,3.09468317552804,0,-16.0641,4.11759799833194,1.37608385686463,0.451685660266874,1.30108445697626,0.601283991047423,33.3877563865537,51.0347891166449,14.7976986383577,0.969,3.95608738968062,3.43920674799665,0.832442903389189,0.505112958942417
1998-04-26,11.09,354.9,4.71,4.71,502.85,2.3687807074366076,658.41,27.06629,750.88,3.17552224503765,2.27054970568104,0.715016154973943,0.219528466253919,0.207214753166224,16.85,1.1541095890411,212.45,3.09468317552804,0,-16.0641,4.11759799833194,1.37608385686463,0.451685660266874,1.30108445697626,0.601283991047423,33.3877563865537,51.0347891166449,14.7976986383577,0.969,3.95608738968062,3.43920674799665,0.832442903389189,0.505112958942417
1998-04-27,2.79,475.15,1.61,1.61,400.77,2.5870864947794585,658.41,27.06629,750.88,3.17552224503765,2.27054970568104,0.715016154973943,0.219528466253919,0.207214753166224,16.85,1.1541095890411,212.45,3.09468317552804,0,-16.0641,4.11759799833194,1.37608385686463,0.451685660266874,1.30108445697626,0.601283991047423,33.3877563865537,51.0347891166449,14.7976986383577,0.969,3.95608738968062,3.43920674799665,0.832442903389189,0.505112958942417
1998-04-28,0.01,557.62,3.66,3.66,427.63,1.8050956147453652,658.41,27.06629,750.88,3.17552224503765,2.27054970568104,0.715016154973943,0.219528466253919,0.207214753166224,16.85,1.1541095890411,212.45,3.09468317552804,0,-16.0641,4.11759799833194,1.37608385686463,0.451685660266874,1.30108445697626,0.601283991047423,33.3877563865537,51.0347891166449,14.7976986383577,0.969,3.95608738968062,3.43920674799665,0.832442903389189,0.505112958942417
1998-04-29,0.16,428.93,7.16,7.16,530.59,1.5867898274025143,658.41,27.06629,750.88,3.17552224503765,2.27054970568104,0.715016154973943,0.219528466253919,0.207214753166224,16.85,1.1541095890411,212.45,3.09468317552804,0,-16.0641,4.11759799833194,1.37608385686463,0.451685660266874,1.30108445697626,0.601283991047423,33.3877563865537,51.0347891166449,14.7976986383577,0.969,3.95608738968062,3.43920674799665,0.832442903389189,0.505112958942417
1998-04-30,1.08,411.85,10.87,10.87,763.23,1.485782672064777,658.41,27.06629,750.88,3.17552224503765,2.27054970568104,0.715016154973943,0.219528466253919,0.207214753166224,16.85,1.1541095890411,212.45,3.09468317552804,0,-16.0641,4.11759799833194,1.37608385686463,0.451685660266874,1.30108445697626,0.601283991047423,33.3877563865537,51.0347891166449,14.7976986383577,0.969,3.95608738968062,3.43920674799665,0.832442903389189,0.505112958942417
1998-05-01,3.48,313.91,14.41,14.41,1087.4,1.4303916513956956,658.41,27.06629,750.88,3.17552224503765,2.27054970568104,0.715016154973943,0.219528466253919,0.207214753166224,16.85,1.1541095890411,212.45,3.09468317552804,0,-16.0641,4.11759799833194,1.37608385686463,0.451685660266874,1.30108445697626,0.601283991047423,33.3877563865537,51.0347891166449,14.7976986383577,0.969,3.95608738968062,3.43920674799665,0.832442903389189,0.505112958942417
1998-05-02,8.77,303.57,14.46,14.46,1128.78,1.433649946729171,658.41,27.06629,750.88,3.17552224503765,2.27054970568104,0.715016154973943,0.219528466253919,0.207214753166224,16.85,1.1541095890411,212.45,3.09468317552804,0,-16.0641,4.11759799833194,1.37608385686463,0.451685660266874,1.30108445697626,0.601283991047423,33.3877563865537,51.0347891166449,14.7976986383577,0.969,3.95608738968062,3.43920674799665,0.832442903389189,0.505112958942417
1998-05-03,5.64,220.78,12.47,12.47,1068.66,2.0266596974216915,658.41,27.06629,750.88,3.17552224503765,2.27054970568104,0.715016154973943,0.219528466253919,0.207214753166224,16.85,1.1541095890411,212.45,3.09468317552804,0,-16.0641,4.11759799833194,1.37608385686463,0.451685660266874,1.30108445697626,0.601283991047423,33.3877563865537,51.0347891166449,14.7976986383577,0.969,3.95608738968062,3.43920674799665,0.832442903389189,0.505112958942417
1998-05-04,7.3,330.7,12.32,12.32,1019.28,1.7301548220754313,658.41,27.06629,750.88,3.17552224503765,2.27054970568104,0.715016154973943,0.219528466253919,0.207214753166224,16.85,1.1541095890411,212.45,3.09468317552804,0,-16.0641,4.11759799833194,1.37608385686463,0.451685660266874,1.30108445697626,0.601283991047423,33.3877563865537,51.0347891166449,14.7976986383577,0.969,3.95608738968062,3.43920674799665,0.832442903389189,0.505112958942417
1998-05-05,2.07,348.02,13.75,13.75,1068.22,1.752962889409759,658.41,27.06629,750.88,3.17552224503765,2.27054970568104,0.715016154973943,0.219528466253919,0.207214753166224,16.85,1.1541095890411,212.45,3.09468317552804,0,-16.0641,4.11759799833194,1.37608385686463,0.451685660266874,1.30108445697626,0.601283991047423,33.3877563865537,51.0347891166449,14.7976986383577,0.969,3.95608738968062,3.43920674799665,0.832442903389189,0.505112958942417
1998-05-06,0.3,370.51,13.49,13.49,999.25,1.5476902834008097,658.41,27.06629,750.88,3.17552224503765,2.27054970568104,0.715016154973943,0.219528466253919,0.207214753166224,16.85,1.1541095890411,212.45,3.09468317552804,0,-16.0641,4.11759799833194,1.37608385686463,0.451685660266874,1.30108445697626,0.601283991047423,33.3877563865537,51.0347891166449,14.7976986383577,0.969,3.95608738968062,3.43920674799665,0.832442903389189,0.505112958942417
1998-05-07,0.91,402.08,14.09,14.09,993.51,1.4401665373961219,658.41,27.06629,750.88,3.17552224503765,2.27054970568104,0.715016154973943,0.219528466253919,0.207214753166224,16.85,1.1541095890411,212.45,3.09468317552804,0,-16.0641,4.11759799833194,1.37608385686463,0.451685660266874,1.30108445697626,0.601283991047423,33.3877563865537,51.0347891166449,14.7976986383577,0.969,3.95608738968062,3.43920674799665,0.832442903389189,0.505112958942417
1998-05-08,9.89,381.8,16.34,16.34,1140.66,1.518365625399531,658.41,27.06629,750.88,3.17552224503765,2.27054970568104,0.715016154973943,0.219528466253919,0.207214753166224,16.85,1.1541095890411,212.45,3.09468317552804,0,-16.0641,4.11759799833194,1.37608385686463,0.451685660266874,1.30108445697626,0.601283991047423,33.3877563865537,51.0347891166449,14.7976986383577,0.969,3.95608738968062,3.43920674799665,0.832442903389189,0.505112958942417
1998-05-09,10.01,253.36,14.49,14.49,1172.17,2.127666852759429,658.41,27.06629,750.88,3.17552224503765,2.27054970568104,0.715016154973943,0.219528466253919,0.207214753166224,16.85,1.1541095890411,212.45,3.09468317552804,0,-16.0641,4.11759799833194,1.37608385686463,0.451685660266874,1.30108445697626,0.601283991047423,33.3877563865537,51.0347891166449,14.7976986383577,0.969,3.95608738968062,3.43920674799665,0.832442903389189,0.505112958942417
1998-05-10,13.95,198.55,12.81,12.81,1152.81,2.4534963861069676,658.41,27.06629,750.88,3.17552224503765,2.27054970568104,0.715016154973943,0.219528466253919,0.207214753166224,16.85,1.1541095890411,212.45,3.09468317552804,0,-16.0641,4.11759799833194,1.37608385686463,0.451685660266874,1.30108445697626,0.601283991047423,33.3877563865537,51.0347891166449,14.7976986383577,0.969,3.95608738968062,3.43920674799665,0.832442903389189,0.505112958942417
1998-05-11,16.15,148.67,11.18,11.18,1072.64,6.7772542936288085,658.41,27.06629,750.88,3.17552224503765,2.27054970568104,0.715016154973943,0.219528466253919,0.207214753166224,16.85,1.1541095890411,212.45,3.09468317552804,0,-16.0641,4.11759799833194,1.37608385686463,0.451685660266874,1.30108445697626,0.601283991047423,33.3877563865537,51.0347891166449,14.7976986383577,0.969,3.95608738968062,3.43920674799665,0.832442903389189,0.505112958942417
1998-05-12,3.6,403.0,11.0,11.0,920.46,6.972752013637332,658.41,27.06629,750.88,3.17552224503765,2.27054970568104,0.715016154973943,0.219528466253919,0.207214753166224,16.85,1.1541095890411,212.45,3.09468317552804,0,-16.0641,4.11759799833194,1.37608385686463,0.451685660266874,1.30108445697626,0.601283991047423,33.3877563865537,51.0347891166449,14.7976986383577,0.969,3.95608738968062,3.43920674799665,0.832442903389189,0.505112958942417
1998-05-13,0.05,568.44,11.85,11.85,814.76,4.431281653526528,658.41,27.06629,750.88,3.17552224503765,2.27054970568104,0.715016154973943,0.219528466253919,0.207214753166224,16.85,1.1541095890411,212.45,3.09468317552804,0,-16.0641,4.11759799833194,1.37608385686463,0.451685660266874,1.30108445697626,0.601283991047423,33.3877563865537,51.0347891166449,14.7976986383577,0.969,3.95608738968062,3.43920674799665,0.832442903389189,0.505112958942417
1998-05-14,0.0,568.87,15.09,15.09,935.19,3.3234612401448964,658.41,27.06629,750.88,3.17552224503765,2.27054970568104,0.715016154973943,0.219528466253919,0.207214753166224,16.85,1.1541095890411,212.45,3.09468317552804,0,-16.0641,4.11759799833194,1.37608385686463,0.451685660266874,1.30108445697626,0.601283991047423,33.3877563865537,51.0347891166449,14.7976986383577,0.969,3.95608738968062,3.43920674799665,0.832442903389189,0.505112958942417
1998-05-15,0.07,466.58,17.72,17.72,1101.78,2.6164111527807368,658.41,27.06629,750.88,3.17552224503765,2.27054970568104,0.715016154973943,0.219528466253919,0.207214753166224,16.85,1.1541095890411,212.45,3.09468317552804,0,-16.0641,4.11759799833194,1.37608385686463,0.451685660266874,1.30108445697626,0.601283991047423,33.3877563865537,51.0347891166449,14.7976986383577,0.969,3.95608738968062,3.43920674799665,0.832442903389189,0.505112958942417
1998-05-16,1.35,417.93,19.18,19.18,1174.64,2.1341834434263793,658.41,27.06629,750.88,3.17552224503765,2.27054970568104,0.715016154973943,0.219528466253919,0.207214753166224,16.85,1.1541095890411,212.45,3.09468317552804,0,-16.0641,4.11759799833194,1.37608385686463,0.451685660266874,1.30108445697626,0.601283991047423,33.3877563865537,51.0347891166449,14.7976986383577,0.969,3.95608738968062,3.43920674799665,0.832442903389189,0.505112958942417
1998-05-17,0.35,561.06,19.22,19.22,1099.33,1.8213870914127424,658.41,27.06629,750.88,3.17552224503765,2.27054970568104,0.715016154973943,0.219528466253919,0.207214753166224,16.85,1.1541095890411,212.45,3.09468317552804,0,-16.0641,4.11759799833194,1.37608385686463,0.451685660266874,1.30108445697626,0.601283991047423,33.3877563865537,51.0347891166449,14.7976986383577,0.969,3.95608738968062,3.43920674799665,0.832442903389189,0.505112958942417
1998-05-18,0.0,562.56,16.74,16.74,1019.75,1.459716309396974,658.41,27.06629,750.88,3.17552224503765,2.27054970568104,0.715016154973943,0.219528466253919,0.207214753166224,16.85,1.1541095890411,212.45,3.09468317552804,0,-16.0641,4.11759799833194,1.37608385686463,0.451685660266874,1.30108445697626,0.601283991047423,33.3877563865537,51.0347891166449,14.7976986383577,0.969,3.95608738968062,3.43920674799665,0.832442903389189,0.505112958942417
1998-05-19,0.01,544.06,18.48,18.48,1147.87,1.2348939313871723,658.41,27.06629,750.88,3.17552224503765,2.27054970568104,0.715016154973943,0.219528466253919,0.207214753166224,16.85,1.1541095890411,212.45,3.09468317552804,0,-16.0641,4.11759799833194,1.37608385686463,0.451685660266874,1.30108445697626,0.601283991047423,33.3877563865537,51.0347891166449,14.7976986383577,0.969,3.95608738968062,3.43920674799665,0.832442903389189,0.505112958942417
1998-05-20,0.0,552.55,18.43,18.43,1082.16,1.0524293927125505,658.41,27.06629,750.88,3.17552224503765,2.27054970568104,0.715016154973943,0.219528466253919,0.207214753166224,16.85,1.1541095890411,212.45,3.09468317552804,0,-16.0641,4.11759799833194,1.37608385686463,0.451685660266874,1.30108445697626,0.601283991047423,33.3877563865537,51.0347891166449,14.7976986383577,0.969,3.95608738968062,3.43920674799665,0.832442903389189,0.505112958942417
1998-05-21,0.0,574.28,15.76,15.76,836.6,0.9025478073726826,658.41,27.06629,750.88,3.17552224503765,2.27054970568104,0.715016154973943,0.219528466253919,0.207214753166224,16.85,1.1541095890411,212.45,3.09468317552804,0,-16.0641,4.11759799833194,1.37608385686463,0.451685660266874,1.30108445697626,0.601283991047423,33.3877563865537,51.0347891166449,14.7976986383577,0.969,3.95608738968062,3.43920674799665,0.832442903389189,0.505112958942417
1998-05-22,0.0,535.07,9.24,9.24,634.71,0.8047989473684211,658.41,27.06629,750.88,3.17552224503765,2.27054970568104,0.715016154973943,0.219528466253919,0.207214753166224,16.85,1.1541095890411,212.45,3.09468317552804,0,-16.0641,4.11759799833194,1.37608385686463,0.451685660266874,1.30108445697626,0.601283991047423,33.3877563865537,51.0347891166449,14.7976986383577,0.969,3.95608738968062,3.43920674799665,0.832442903389189,0.505112958942417
1998-05-23,1.61,485.54,7.33,7.33,585.56,0.7233415640315363,658.41,27.06629,750.88,3.17552224503765,2.27054970568104,0.715016154973943,0.219528466253919,0.207214753166224,16.85,1.1541095890411,212.45,3.09468317552804,0,-16.0641,4.11759799833194,1.37608385686463,0.451685660266874,1.30108445697626,0.601283991047423,33.3877563865537,51.0347891166449,14.7976986383577,0.969,3.95608738968062,3.43920674799665,0.832442903389189,0.505112958942417
1998-05-24,5.47,436.84,11.56,11.56,747.77,0.6418841806946515,658.41,27.06629,750.88,3.17552224503765,2.27054970568104,0.715016154973943,0.219528466253919,0.207214753166224,16.85,1.1541095890411,212.45,3.09468317552804,0,-16.0641,4.11759799833194,1.37608385686463,0.451685660266874,1.30108445697626,0.601283991047423,33.3877563865537,51.0347891166449,14.7976986383577,0.969,3.95608738968062,3.43920674799665,0.832442903389189,0.505112958942417
1998-05-25,1.57,493.91,14.54,14.54,939.2,0.7591828126997655,658.41,27.06629,750.88,3.17552224503765,2.27054970568104,0.715016154973943,0.219528466253919,0.207214753166224,16.85,1.1541095890411,212.45,3.09468317552804,0,-16.0641,4.11759799833194,1.37608385686463,0.451685660266874,1.30108445697626,0.601283991047423,33.3877563865537,51.0347891166449,14.7976986383577,0.969,3.95608738968062,3.43920674799665,0.832442903389189,0.505112958942417
1998-05-26,0.37,493.69,14.99,14.99,974.07,0.6614339526955039,658.41,27.06629,750.88,3.17552224503765,2.27054970568104,0.715016154973943,0.219528466253919,0.207214753166224,16.85,1.1541095890411,212.45,3.09468317552804,0,-16.0641,4.11759799833194,1.37608385686463,0.451685660266874,1.30108445697626,0.601283991047423,33.3877563865537,51.0347891166449,14.7976986383577,0.969,3.95608738968062,3.43920674799665,0.832442903389189,0.505112958942417
1998-05-27,0.08,573.73,13.97,13.97,868.52,0.5278438440230129,658.41,27.06629,750.88,3.17552224503765,2.27054970568104,0.715016154973943,0.219528466253919,0.207214753166224,16.85,1.1541095890411,212.45,3.09468317552804,0,-16.0641,4.11759799833194,1.37608385686463,0.451685660266874,1.30108445697626,0.601283991047423,33.3877563865537,51.0347891166449,14.7976986383577,0.969,3.95608738968062,3.43920674799665,0.832442903389189,0.505112958942417
1998-05-28,0.44,471.6,16.29,16.29,1037.47,0.47245282335393135,658.41,27.06629,750.88,3.17552224503765,2.27054970568104,0.715016154973943,0.219528466253919,0.207214753166224,16.85,1.1541095890411,212.45,3.09468317552804,0,-16.0641,4.11759799833194,1.37608385686463,0.451685660266874,1.30108445697626,0.601283991047423,33.3877563865537,51.0347891166449,14.7976986383577,0.969,3.95608738968062,3.43920674799665,0.832442903389189,0.505112958942417
1998-05-29,1.04,412.82,18.98,18.98,1226.99,0.42683668868527586,658.41,27.06629,750.88,3.17552224503765,2.27054970568104,0.715016154973943,0.219528466253919,0.207214753166224,16.85,1.1541095890411,212.45,3.09468317552804,0,-16.0641,4.11759799833194,1.37608385686463,0.451685660266874,1.30108445697626,0.601283991047423,33.3877563865537,51.0347891166449,14.7976986383577,0.969,3.95608738968062,3.43920674799665,0.832442903389189,0.505112958942417
1998-05-30,1.64,454.07,19.28,19.28,1282.42,0.4203200980183251,658.41,27.06629,750.88,3.17552224503765,2.27054970568104,0.715016154973943,0.219528466253919,0.207214753166224,16.85,1.1541095890411,212.45,3.09468317552804,0,-16.0641,4.11759799833194,1.37608385686463,0.451685660266874,1.30108445697626,0.601283991047423,33.3877563865537,51.0347891166449,14.7976986383577,0.969,3.95608738968062,3.43920674799665,0.832442903389189,0.505112958942417
1998-05-31,8.76,373.52,19.46,19.46,1298.6,0.41706180268484977,658.41,27.06629,750.88,3.17552224503765,2.27054970568104,0.715016154973943,0.219528466253919,0.207214753166224,16.85,1.1541095890411,212.45,3.09468317552804,0,-16.0641,4.11759799833194,1.37608385686463,0.451685660266874,1.30108445697626,0.601283991047423,33.3877563865537,51.0347891166449,14.7976986383577,0.969,3.95608738968062,3.43920674799665,0.832442903389189,0.505112958942417
1998-06-01,4.56,458.17,15.17,15.17,897.63,0.6158178180268484,658.41,27.06629,750.88,3.17552224503765,2.27054970568104,0.715016154973943,0.219528466253919,0.207214753166224,16.85,1.1541095890411,212.45,3.09468317552804,0,-16.0641,4.11759799833194,1.37608385686463,0.451685660266874,1.30108445697626,0.601283991047423,33.3877563865537,51.0347891166449,14.7976986383577,0.969,3.95608738968062,3.43920674799665,0.832442903389189,0.505112958942417
1998-06-02,9.58,413.22,11.32,11.32,760.26,0.4594196420200298,658.41,27.06629,750.88,3.17552224503765,2.27054970568104,0.715016154973943,0.219528466253919,0.207214753166224,16.85,1.1541095890411,212.45,3.09468317552804,0,-16.0641,4.11759799833194,1.37608385686463,0.451685660266874,1.30108445697626,0.601283991047423,33.3877563865537,51.0347891166449,14.7976986383577,0.969,3.95608738968062,3.43920674799665,0.832442903389189,0.505112958942417
1998-06-03,2.93,534.28,12.58,12.58,727.17,0.8145738333688473,658.41,27.06629,750.88,3.17552224503765,2.27054970568104,0.715016154973943,0.219528466253919,0.207214753166224,16.85,1.1541095890411,212.45,3.09468317552804,0,-16.0641,4.11759799833194,1.37608385686463,0.451685660266874,1.30108445697626,0.601283991047423,33.3877563865537,51.0347891166449,14.7976986383577,0.969,3.95608738968062,3.43920674799665,0.832442903389189,0.505112958942417
1998-06-04,0.15,536.96,8.25,8.25,620.87,0.452903051353079,658.41,27.06629,750.88,3.17552224503765,2.27054970568104,0.715016154973943,0.219528466253919,0.207214753166224,16.85,1.1541095890411,212.45,3.09468317552804,0,-16.0641,4.11759799833194,1.37608385686463,0.451685660266874,1.30108445697626,0.601283991047423,33.3877563865537,51.0347891166449,14.7976986383577,0.969,3.95608738968062,3.43920674799665,0.832442903389189,0.505112958942417
1998-06-05,2.07,411.27,8.12,8.12,649.16,0.3779622586831451,658.41,27.06629,750.88,3.17552224503765,2.27054970568104,0.715016154973943,0.219528466253919,0.207214753166224,16.85,1.1541095890411,212.45,3.09468317552804,0,-16.0641,4.11759799833194,1.37608385686463,0.451685660266874,1.30108445697626,0.601283991047423,33.3877563865537,51.0347891166449,14.7976986383577,0.969,3.95608738968062,3.43920674799665,0.832442903389189,0.505112958942417
1998-06-06,0.84,445.54,8.42,8.42,675.65,0.35515419134881737,658.41,27.06629,750.88,3.17552224503765,2.27054970568104,0.715016154973943,0.219528466253919,0.207214753166224,16.85,1.1541095890411,212.45,3.09468317552804,0,-16.0641,4.11759799833194,1.37608385686463,0.451685660266874,1.30108445697626,0.601283991047423,33.3877563865537,51.0347891166449,14.7976986383577,0.969,3.95608738968062,3.43920674799665,0.832442903389189,0.505112958942417
1998-06-07,1.67,375.84,8.77,8.77,716.22,0.3258295333475389,658.41,27.06629,750.88,3.17552224503765,2.27054970568104,0.715016154973943,0.219528466253919,0.207214753166224,16.85,1.1541095890411,212.45,3.09468317552804,0,-16.0641,4.11759799833194,1.37608385686463,0.451685660266874,1.30108445697626,0.601283991047423,33.3877563865537,51.0347891166449,14.7976986383577,0.969,3.95608738968062,3.43920674799665,0.832442903389189,0.505112958942417
1998-06-08,0.42,461.6,8.41,8.41,706.22,0.32908782868101427,658.41,27.06629,750.88,3.17552224503765,2.27054970568104,0.715016154973943,0.219528466253919,0.207214753166224,16.85,1.1541095890411,212.45,3.09468317552804,0,-16.0641,4.11759799833194,1.37608385686463,0.451685660266874,1.30108445697626,0.601283991047423,33.3877563865537,51.0347891166449,14.7976986383577,0.969,3.95608738968062,3.43920674799665,0.832442903389189,0.505112958942417
1998-06-09,0.82,421.35,9.15,9.15,732.62,0.29650487534626035,658.41,27.06629,750.88,3.17552224503765,2.27054970568104,0.715016154973943,0.219528466253919,0.207214753166224,16.85,1.1541095890411,212.45,3.09468317552804,0,-16.0641,4.11759799833194,1.37608385686463,0.451685660266874,1.30108445697626,0.601283991047423,33.3877563865537,51.0347891166449,14.7976986383577,0.969,3.95608738968062,3.43920674799665,0.832442903389189,0.505112958942417
1998-06-10,2.9,393.28,12.82,12.82,970.8,0.2802133986788834,658.41,27.06629,750.88,3.17552224503765,2.27054970568104,0.715016154973943,0.219528466253919,0.207214753166224,16.85,1.1541095890411,212.45,3.09468317552804,0,-16.0641,4.11759799833194,1.37608385686463,0.451685660266874,1.30108445697626,0.601283991047423,33.3877563865537,51.0347891166449,14.7976986383577,0.969,3.95608738968062,3.43920674799665,0.832442903389189,0.505112958942417
1998-06-11,8.21,208.94,14.65,14.65,1292.83,0.30953805668016193,658.41,27.06629,750.88,3.17552224503765,2.27054970568104,0.715016154973943,0.219528466253919,0.207214753166224,16.85,1.1541095890411,212.45,3.09468317552804,0,-16.0641,4.11759799833194,1.37608385686463,0.451685660266874,1.30108445697626,0.601283991047423,33.3877563865537,51.0347891166449,14.7976986383577,0.969,3.95608738968062,3.43920674799665,0.832442903389189,0.505112958942417
1998-06-12,13.44,229.54,16.45,16.45,1439.84,0.6516590666950778,658.41,27.06629,750.88,3.17552224503765,2.27054970568104,0.715016154973943,0.219528466253919,0.207214753166224,16.85,1.1541095890411,212.45,3.09468317552804,0,-16.0641,4.11759799833194,1.37608385686463,0.451685660266874,1.30108445697626,0.601283991047423,33.3877563865537,51.0347891166449,14.7976986383577,0.969,3.95608738968062,3.43920674799665,0.832442903389189,0.505112958942417
1998-06-13,3.87,357.57,18.28,18.28,1374.1,0.8797397400383549,658.41,27.06629,750.88,3.17552224503765,2.27054970568104,0.715016154973943,0.219528466253919,0.207214753166224,16.85,1.1541095890411,212.45,3.09468317552804,0,-16.0641,4.11759799833194,1.37608385686463,0.451685660266874,1.30108445697626,0.601283991047423,33.3877563865537,51.0347891166449,14.7976986383577,0.969,3.95608738968062,3.43920674799665,0.832442903389189,0.505112958942417
1998-06-14,1.03,403.92,16.85,16.85,1218.16,0.5050357766886853,658.41,27.06629,750.88,3.17552224503765,2.27054970568104,0.715016154973943,0.219528466253919,0.207214753166224,16.85,1.1541095890411,212.45,3.09468317552804,0,-16.0641,4.11759799833194,1.37608385686463,0.451685660266874,1.30108445697626,0.601283991047423,33.3877563865537,51.0347891166449,14.7976986383577,0.969,3.95608738968062,3.43920674799665,0.832442903389189,0.505112958942417
1998-06-15,1.56,338.63,15.76,15.76,1239.96,0.41054521201789895,658.41,27.06629,750.88,3.17552224503765,2.27054970568104,0.715016154973943,0.219528466253919,0.207214753166224,16.85,1.1541095890411,212.45,3.09468317552804,0,-16.0641,4.11759799833194,1.37608385686463,0.451685660266874,1.30108445697626,0.601283991047423,33.3877563865537,51.0347891166449,14.7976986383577,0.969,3.95608738968062,3.43920674799665,0.832442903389189,0.505112958942417
1998-06-16,2.98,306.3,17.21,17.21,1410.58,0.38122055401662047,658.41,27.06629,750.88,3.17552224503765,2.27054970568104,0.715016154973943,0.219528466253919,0.207214753166224,16.85,1.1541095890411,212.45,3.09468317552804,0,-16.0641,4.11759799833194,1.37608385686463,0.451685660266874,1.30108445697626,0.601283991047423,33.3877563865537,51.0347891166449,14.7976986383577,0.969,3.95608738968062,3.43920674799665,0.832442903389189,0.505112958942417
1998-06-17,6.09,350.33,19.14,19.14,1462.49,0.3649290773492435,658.41,27.06629,750.88,3.17552224503765,2.27054970568104,0.715016154973943,0.219528466253919,0.207214753166224,16.85,1.1541095890411,212.45,3.09468317552804,0,-16.0641,4.11759799833194,1.37608385686463,0.451685660266874,1.30108445697626,0.601283991047423,33.3877563865537,51.0347891166449,14.7976986383577,0.969,3.95608738968062,3.43920674799665,0.832442903389189,0.505112958942417
1998-06-18,1.42,470.18,18.1,18.1,1309.38,0.5082940720221607,658.41,27.06629,750.88,3.17552224503765,2.27054970568104,0.715016154973943,0.219528466253919,0.207214753166224,16.85,1.1541095890411,212.45,3.09468317552804,0,-16.0641,4.11759799833194,1.37608385686463,0.451685660266874,1.30108445697626,0.601283991047423,33.3877563865537,51.0347891166449,14.7976986383577,0.969,3.95608738968062,3.43920674799665,0.832442903389189,0.505112958942417
1998-06-19,0.55,474.35,17.32,17.32,1257.17,0.35841248668229275,658.41,27.06629,750.88,3.17552224503765,2.27054970568104,0.715016154973943,0.219528466253919,0.207214753166224,16.85,1.1541095890411,212.45,3.09468317552804,0,-16.0641,4.11759799833194,1.37608385686463,0.451685660266874,1.30108445697626,0.601283991047423,33.3877563865537,51.0347891166449,14.7976986383577,0.969,3.95608738968062,3.43920674799665,0.832442903389189,0.505112958942417
1998-06-20,1.94,379.03,19.52,19.52,1418.13,0.3127963520136373,658.41,27.06629,750.88,3.17552224503765,2.27054970568104,0.715016154973943,0.219528466253919,0.207214753166224,16.85,1.1541095890411,212.45,3.09468317552804,0,-16.0641,4.11759799833194,1.37608385686463,0.451685660266874,1.30108445697626,0.601283991047423,33.3877563865537,51.0347891166449,14.7976986383577,0.969,3.95608738968062,3.43920674799665,0.832442903389189,0.505112958942417
1998-06-21,0.85,398.31,19.52,19.52,1410.02,0.3193129426805881,658.41,27.06629,750.88,3.17552224503765,2.27054970568104,0.715016154973943,0.219528466253919,0.207214753166224,16.85,1.1541095890411,212.45,3.09468317552804,0,-16.0641,4.11759799833194,1.37608385686463,0.451685660266874,1.30108445697626,0.601283991047423,33.3877563865537,51.0347891166449,14.7976986383577,0.969,3.95608738968062,3.43920674799665,0.832442903389189,0.505112958942417
1998-06-22,4.2,390.95,20.9,20.9,1523.76,0.2671802173449819,658.41,27.06629,750.88,3.17552224503765,2.27054970568104,0.715016154973943,0.219528466253919,0.207214753166224,16.85,1.1541095890411,212.45,3.09468317552804,0,-16.0641,4.11759799833194,1.37608385686463,0.451685660266874,1.30108445697626,0.601283991047423,33.3877563865537,51.0347891166449,14.7976986383577,0.969,3.95608738968062,3.43920674799665,0.832442903389189,0.505112958942417
1998-06-23,8.42,314.87,19.92,19.92,1577.6,0.5734599786916684,658.41,27.06629,750.88,3.17552224503765,2.27054970568104,0.715016154973943,0.219528466253919,0.207214753166224,16.85,1.1541095890411,212.45,3.09468317552804,0,-16.0641,4.11759799833194,1.37608385686463,0.451685660266874,1.30108445697626,0.601283991047423,33.3877563865537,51.0347891166449,14.7976986383577,0.969,3.95608738968062,3.43920674799665,0.832442903389189,0.505112958942417
1998-06-24,7.18,409.91,19.98,19.98,1509.21,2.5610201321116555,658.41,27.06629,750.88,3.17552224503765,2.27054970568104,0.715016154973943,0.219528466253919,0.207214753166224,16.85,1.1541095890411,212.45,3.09468317552804,0,-16.0641,4.11759799833194,1.37608385686463,0.451685660266874,1.30108445697626,0.601283991047423,33.3877563865537,51.0347891166449,14.7976986383577,0.969,3.95608738968062,3.43920674799665,0.832442903389189,0.505112958942417
1998-06-25,12.26,410.6,20.49,20.49,1496.45,0.7819908800340932,658.41,27.06629,750.88,3.17552224503765,2.27054970568104,0.715016154973943,0.219528466253919,0.207214753166224,16.85,1.1541095890411,212.45,3.09468317552804,0,-16.0641,4.11759799833194,1.37608385686463,0.451685660266874,1.30108445697626,0.601283991047423,33.3877563865537,51.0347891166449,14.7976986383577,0.969,3.95608738968062,3.43920674799665,0.832442903389189,0.505112958942417
1998-06-26,19.86,385.81,22.5,22.5,1652.03,4.36611574685702,658.41,27.06629,750.88,3.17552224503765,2.27054970568104,0.715016154973943,0.219528466253919,0.207214753166224,16.85,1.1541095890411,212.45,3.09468317552804,0,-16.0641,4.11759799833194,1.37608385686463,0.451685660266874,1.30108445697626,0.601283991047423,33.3877563865537,51.0347891166449,14.7976986383577,0.969,3.95608738968062,3.43920674799665,0.832442903389189,0.505112958942417
1998-06-27,5.61,462.17,20.81,20.81,1554.26,1.9484606094182824,658.41,27.06629,750.88,3.17552224503765,2.27054970568104,0.715016154973943,0.219528466253919,0.207214753166224,16.85,1.1541095890411,212.45,3.09468317552804,0,-16.0641,4.11759799833194,1.37608385686463,0.451685660266874,1.30108445697626,0.601283991047423,33.3877563865537,51.0347891166449,14.7976986383577,0.969,3.95608738968062,3.43920674799665,0.832442903389189,0.505112958942417
1998-06-28,2.24,410.39,19.86,19.86,1557.49,1.1045621180481566,658.41,27.06629,750.88,3.17552224503765,2.27054970568104,0.715016154973943,0.219528466253919,0.207214753166224,16.85,1.1541095890411,212.45,3.09468317552804,0,-16.0641,4.11759799833194,1.37608385686463,0.451685660266874,1.30108445697626,0.601283991047423,33.3877563865537,51.0347891166449,14.7976986383577,0.969,3.95608738968062,3.43920674799665,0.832442903389189,0.505112958942417
1998-06-29,19.36,366.64,21.42,21.42,1677.75,0.8471567867036011,658.41,27.06629,750.88,3.17552224503765,2.27054970568104,0.715016154973943,0.219528466253919,0.207214753166224,16.85,1.1541095890411,212.45,3.09468317552804,0,-16.0641,4.11759799833194,1.37608385686463,0.451685660266874,1.30108445697626,0.601283991047423,33.3877563865537,51.0347891166449,14.7976986383577,0.969,3.95608738968062,3.43920674799665,0.832442903389189,0.505112958942417
1998-06-30,27.45,379.67,21.0,21.0,1544.62,6.3862588536117615,658.41,27.06629,750.88,3.17552224503765,2.27054970568104,0.715016154973943,0.219528466253919,0.207214753166224,16.85,1.1541095890411,212.45,3.09468317552804,0,-16.0641,4.11759799833194,1.37608385686463,0.451685660266874,1.30108445697626,0.601283991047423,33.3877563865537,51.0347891166449,14.7976986383577,0.969,3.95608738968062,3.43920674799665,0.832442903389189,0.505112958942417
1998-07-01,5.93,468.45,17.49,17.49,1223.16,4.789694140208821,658.41,27.06629,750.88,3.17552224503765,2.27054970568104,0.715016154973943,0.219528466253919,0.207214753166224,16.85,1.1541095890411,212.45,3.09468317552804,0,-16.0641,4.11759799833194,1.37608385686463,0.451685660266874,1.30108445697626,0.601283991047423,33.3877563865537,51.0347891166449,14.7976986383577,0.969,3.95608738968062,3.43920674799665,0.832442903389189,0.505112958942417
1998-07-02,0.02,531.26,14.56,14.56,1001.15,2.059242650756446,658.41,27.06629,750.88,3.17552224503765,2.27054970568104,0.715016154973943,0.219528466253919,0.207214753166224,16.85,1.1541095890411,212.45,3.09468317552804,0,-16.0641,4.11759799833194,1.37608385686463,0.451685660266874,1.30108445697626,0.601283991047423,33.3877563865537,51.0347891166449,14.7976986383577,0.969,3.95608738968062,3.43920674799665,0.832442903389189,0.505112958942417
1998-07-03,2.08,473.19,15.89,15.89,1081.85,1.4662329000639247,658.41,27.06629,750.88,3.17552224503765,2.27054970568104,0.715016154973943,0.219528466253919,0.207214753166224,16.85,1.1541095890411,212.45,3.09468317552804,0,-16.0641,4.11759799833194,1.37608385686463,0.451685660266874,1.30108445697626,0.601283991047423,33.3877563865537,51.0347891166449,14.7976986383577,0.969,3.95608738968062,3.43920674799665,0.832442903389189,0.505112958942417
1998-07-04,5.37,404.15,17.47,17.47,1237.73,1.283768361389303,658.41,27.06629,750.88,3.17552224503765,2.27054970568104,0.715016154973943,0.219528466253919,0.207214753166224,16.85,1.1541095890411,212.45,3.09468317552804,0,-16.0641,4.11759799833194,1.37608385686463,0.451685660266874,1.30108445697626,0.601283991047423,33.3877563865537,51.0347891166449,14.7976986383577,0.969,3.95608738968062,3.43920674799665,0.832442903389189,0.505112958942417
1998-07-05,1.39,426.02,16.64,16.64,1220.95,1.619372780737268,658.41,27.06629,750.88,3.17552224503765,2.27054970568104,0.715016154973943,0.219528466253919,0.207214753166224,16.85,1.1541095890411,212.45,3.09468317552804,0,-16.0641,4.11759799833194,1.37608385686463,0.451685660266874,1.30108445697626,0.601283991047423,33.3877563865537,51.0347891166449,14.7976986383577,0.969,3.95608738968062,3.43920674799665,0.832442903389189,0.505112958942417
1998-07-06,0.16,472.33,14.63,14.63,1046.15,0.9872634860430427,658.41,27.06629,750.88,3.17552224503765,2.27054970568104,0.715016154973943,0.219528466253919,0.207214753166224,16.85,1.1541095890411,212.45,3.09468317552804,0,-16.0641,4.11759799833194,1.37608385686463,0.451685660266874,1.30108445697626,0.601283991047423,33.3877563865537,51.0347891166449,14.7976986383577,0.969,3.95608738968062,3.43920674799665,0.832442903389189,0.505112958942417
1998-07-07,6.98,404.37,17.17,17.17,1295.34,0.8504150820370764,658.41,27.06629,750.88,3.17552224503765,2.27054970568104,0.715016154973943,0.219528466253919,0.207214753166224,16.85,1.1541095890411,212.45,3.09468317552804,0,-16.0641,4.11759799833194,1.37608385686463,0.451685660266874,1.30108445697626,0.601283991047423,33.3877563865537,51.0347891166449,14.7976986383577,0.969,3.95608738968062,3.43920674799665,0.832442903389189,0.505112958942417
1998-07-08,21.26,327.12,19.7,19.7,1610.53,2.254740370764969,658.41,27.06629,750.88,3.17552224503765,2.27054970568104,0.715016154973943,0.219528466253919,0.207214753166224,16.85,1.1541095890411,212.45,3.09468317552804,0,-16.0641,4.11759799833194,1.37608385686463,0.451685660266874,1.30108445697626,0.601283991047423,33.3877563865537,51.0347891166449,14.7976986383577,0.969,3.95608738968062,3.43920674799665,0.832442903389189,0.505112958942417
1998-07-09,5.27,408.45,19.72,19.72,1554.04,2.17654128276156,658.41,27.06629,750.88,3.17552224503765,2.27054970568104,0.715016154973943,0.219528466253919,0.207214753166224,16.85,1.1541095890411,212.45,3.09468317552804,0,-16.0641,4.11759799833194,1.37608385686463,0.451685660266874,1.30108445697626,0.601283991047423,33.3877563865537,51.0347891166449,14.7976986383577,0.969,3.95608738968062,3.43920674799665,0.832442903389189,0.505112958942417
1998-07-10,0.04,513.61,18.18,18.18,1276.64,1.182761206051566,658.41,27.06629,750.88,3.17552224503765,2.27054970568104,0.715016154973943,0.219528466253919,0.207214753166224,16.85,1.1541095890411,212.45,3.09468317552804,0,-16.0641,4.11759799833194,1.37608385686463,0.451685660266874,1.30108445697626,0.601283991047423,33.3877563865537,51.0347891166449,14.7976986383577,0.969,3.95608738968062,3.43920674799665,0.832442903389189,0.505112958942417
1998-07-11,0.0,560.05,14.6,14.6,970.6,0.8960312167057319,658.41,27.06629,750.88,3.17552224503765,2.27054970568104,0.715016154973943,0.219528466253919,0.207214753166224,16.85,1.1541095890411,212.45,3.09468317552804,0,-16.0641,4.11759799833194,1.37608385686463,0.451685660266874,1.30108445697626,0.601283991047423,33.3877563865537,51.0347891166449,14.7976986383577,0.969,3.95608738968062,3.43920674799665,0.832442903389189,0.505112958942417
1998-07-12,0.0,571.68,14.72,14.72,959.12,0.7363747453654379,658.41,27.06629,750.88,3.17552224503765,2.27054970568104,0.715016154973943,0.219528466253919,0.207214753166224,16.85,1.1541095890411,212.45,3.09468317552804,0,-16.0641,4.11759799833194,1.37608385686463,0.451685660266874,1.30108445697626,0.601283991047423,33.3877563865537,51.0347891166449,14.7976986383577,0.969,3.95608738968062,3.43920674799665,0.832442903389189,0.505112958942417
1998-07-13,0.0,560.84,17.11,17.11,1133.28,0.6321092946942254,658.41,27.06629,750.88,3.17552224503765,2.27054970568104,0.715016154973943,0.219528466253919,0.207214753166224,16.85,1.1541095890411,212.45,3.09468317552804,0,-16.0641,4.11759799833194,1.37608385686463,0.451685660266874,1.30108445697626,0.601283991047423,33.3877563865537,51.0347891166449,14.7976986383577,0.969,3.95608738968062,3.43920674799665,0.832442903389189,0.505112958942417
1998-07-14,0.0,547.92,19.27,19.27,1287.6,0.5506519113573407,658.41,27.06629,750.88,3.17552224503765,2.27054970568104,0.715016154973943,0.219528466253919,0.207214753166224,16.85,1.1541095890411,212.45,3.09468317552804,0,-16.0641,4.11759799833194,1.37608385686463,0.451685660266874,1.30108445697626,0.601283991047423,33.3877563865537,51.0347891166449,14.7976986383577,0.969,3.95608738968062,3.43920674799665,0.832442903389189,0.505112958942417
1998-07-15,0.0,544.12,19.72,19.72,1362.05,0.48222770935435755,658.41,27.06629,750.88,3.17552224503765,2.27054970568104,0.715016154973943,0.219528466253919,0.207214753166224,16.85,1.1541095890411,212.45,3.09468317552804,0,-16.0641,4.11759799833194,1.37608385686463,0.451685660266874,1.30108445697626,0.601283991047423,33.3877563865537,51.0347891166449,14.7976986383577,0.969,3.95608738968062,3.43920674799665,0.832442903389189,0.505112958942417
1998-07-16,0.07,471.92,20.9,20.9,1550.57,0.44312816535265287,658.41,27.06629,750.88,3.17552224503765,2.27054970568104,0.715016154973943,0.219528466253919,0.207214753166224,16.85,1.1541095890411,212.45,3.09468317552804,0,-16.0641,4.11759799833194,1.37608385686463,0.451685660266874,1.30108445697626,0.601283991047423,33.3877563865537,51.0347891166449,14.7976986383577,0.969,3.95608738968062,3.43920674799665,0.832442903389189,0.505112958942417
1998-07-17,0.85,428.97,21.46,21.46,1608.43,0.4040286213509482,658.41,27.06629,750.88,3.17552224503765,2.27054970568104,0.715016154973943,0.219528466253919,0.207214753166224,16.85,1.1541095890411,212.45,3.09468317552804,0,-16.0641,4.11759799833194,1.37608385686463,0.451685660266874,1.30108445697626,0.601283991047423,33.3877563865537,51.0347891166449,14.7976986383577,0.969,3.95608738968062,3.43920674799665,0.832442903389189,0.505112958942417
1998-07-18,0.42,446.49,18.44,18.44,1272.52,0.3909954400170466,658.41,27.06629,750.88,3.17552224503765,2.27054970568104,0.715016154973943,0.219528466253919,0.207214753166224,16.85,1.1541095890411,212.45,3.09468317552804,0,-16.0641,4.11759799833194,1.37608385686463,0.451685660266874,1.30108445697626,0.601283991047423,33.3877563865537,51.0347891166449,14.7976986383577,0.969,3.95608738968062,3.43920674799665,0.832442903389189,0.505112958942417
1998-07-19,3.66,415.54,17.11,17.11,1189.95,0.33234612401448965,658.41,27.06629,750.88,3.17552224503765,2.27054970568104,0.715016154973943,0.219528466253919,0.207214753166224,16.85,1.1541095890411,212.45,3.09468317552804,0,-16.0641,4.11759799833194,1.37608385686463,0.451685660266874,1.30108445697626,0.601283991047423,33.3877563865537,51.0347891166449,14.7976986383577,0.969,3.95608738968062,3.43920674799665,0.832442903389189,0.505112958942417
1998-07-20,4.89,382.88,19.65,19.65,1437.94,0.38447884935009585,658.41,27.06629,750.88,3.17552224503765,2.27054970568104,0.715016154973943,0.219528466253919,0.207214753166224,16.85,1.1541095890411,212.45,3.09468317552804,0,-16.0641,4.11759799833194,1.37608385686463,0.451685660266874,1.30108445697626,0.601283991047423,33.3877563865537,51.0347891166449,14.7976986383577,0.969,3.95608738968062,3.43920674799665,0.832442903389189,0.505112958942417
1998-07-21,13.9,378.76,19.96,19.96,1523.51,0.6744671340294054,658.41,27.06629,750.88,3.17552224503765,2.27054970568104,0.715016154973943,0.219528466253919,0.207214753166224,16.85,1.1541095890411,212.45,3.09468317552804,0,-16.0641,4.11759799833194,1.37608385686463,0.451685660266874,1.30108445697626,0.601283991047423,33.3877563865537,51.0347891166449,14.7976986383577,0.969,3.95608738968062,3.43920674799665,0.832442903389189,0.505112958942417
1998-07-22,14.73,342.36,20.68,20.68,1702.65,0.6516590666950778,658.41,27.06629,750.88,3.17552224503765,2.27054970568104,0.715016154973943,0.219528466253919,0.207214753166224,16.85,1.1541095890411,212.45,3.09468317552804,0,-16.0641,4.11759799833194,1.37608385686463,0.451685660266874,1.30108445697626,0.601283991047423,33.3877563865537,51.0347891166449,14.7976986383577,0.969,3.95608738968062,3.43920674799665,0.832442903389189,0.505112958942417
1998-07-23,6.78,295.87,21.53,21.53,1747.51,0.9318724653739611,658.41,27.06629,750.88,3.17552224503765,2.27054970568104,0.715016154973943,0.219528466253919,0.207214753166224,16.85,1.1541095890411,212.45,3.09468317552804,0,-16.0641,4.11759799833194,1.37608385686463,0.451685660266874,1.30108445697626,0.601283991047423,33.3877563865537,51.0347891166449,14.7976986383577,0.969,3.95608738968062,3.43920674799665,0.832442903389189,0.505112958942417
1998-07-24,1.0,521.63,18.07,18.07,1264.03,0.5669433880247176,658.41,27.06629,750.88,3.17552224503765,2.27054970568104,0.715016154973943,0.219528466253919,0.207214753166224,16.85,1.1541095890411,212.45,3.09468317552804,0,-16.0641,4.11759799833194,1.37608385686463,0.451685660266874,1.30108445697626,0.601283991047423,33.3877563865537,51.0347891166449,14.7976986383577,0.969,3.95608738968062,3.43920674799665,0.832442903389189,0.505112958942417
1998-07-25,0.0,529.63,15.82,15.82,1087.68,0.4040286213509482,658.41,27.06629,750.88,3.17552224503765,2.27054970568104,0.715016154973943,0.219528466253919,0.207214753166224,16.85,1.1541095890411,212.45,3.09468317552804,0,-16.0641,4.11759799833194,1.37608385686463,0.451685660266874,1.30108445697626,0.601283991047423,33.3877563865537,51.0347891166449,14.7976986383577,0.969,3.95608738968062,3.43920674799665,0.832442903389189,0.505112958942417
1998-07-26,0.5,514.46,16.13,16.13,1075.96,0.3486376006818666,658.41,27.06629,750.88,3.17552224503765,2.27054970568104,0.715016154973943,0.219528466253919,0.207214753166224,16.85,1.1541095890411,212.45,3.09468317552804,0,-16.0641,4.11759799833194,1.37608385686463,0.451685660266874,1.30108445697626,0.601283991047423,33.3877563865537,51.0347891166449,14.7976986383577,0.969,3.95608738968062,3.43920674799665,0.832442903389189,0.505112958942417
1998-07-27,0.13,551.23,16.06,16.06,1071.17,0.3030214660132111,658.41,27.06629,750.88,3.17552224503765,2.27054970568104,0.715016154973943,0.219528466253919,0.207214753166224,16.85,1.1541095890411,212.45,3.09468317552804,0,-16.0641,4.11759799833194,1.37608385686463,0.451685660266874,1.30108445697626,0.601283991047423,33.3877563865537,51.0347891166449,14.7976986383577,0.969,3.95608738968062,3.43920674799665,0.832442903389189,0.505112958942417
1998-07-28,0.63,448.84,17.76,17.76,1284.66,0.27043851267845725,658.41,27.06629,750.88,3.17552224503765,2.27054970568104,0.715016154973943,0.219528466253919,0.207214753166224,16.85,1.1541095890411,212.45,3.09468317552804,0,-16.0641,4.11759799833194,1.37608385686463,0.451685660266874,1.30108445697626,0.601283991047423,33.3877563865537,51.0347891166449,14.7976986383577,0.969,3.95608738968062,3.43920674799665,0.832442903389189,0.505112958942417
1998-07-29,2.01,338.85,20.63,20.63,1561.96,0.2671802173449819,658.41,27.06629,750.88,3.17552224503765,2.27054970568104,0.715016154973943,0.219528466253919,0.207214753166224,16.85,1.1541095890411,212.45,3.09468317552804,0,-16.0641,4.11759799833194,1.37608385686463,0.451685660266874,1.30108445697626,0.601283991047423,33.3877563865537,51.0347891166449,14.7976986383577,0.969,3.95608738968062,3.43920674799665,0.832442903389189,0.505112958942417
1998-07-30,0.49,522.32,17.74,17.74,1264.56,0.25740533134455573,658.41,27.06629,750.88,3.17552224503765,2.27054970568104,0.715016154973943,0.219528466253919,0.207214753166224,16.85,1.1541095890411,212.45,3.09468317552804,0,-16.0641,4.11759799833194,1.37608385686463,0.451685660266874,1.30108445697626,0.601283991047423,33.3877563865537,51.0347891166449,14.7976986383577,0.969,3.95608738968062,3.43920674799665,0.832442903389189,0.505112958942417
1998-07-31,0.0,464.37,17.32,17.32,1206.86,0.23459726401022798,658.41,27.06629,750.88,3.17552224503765,2.27054970568104,0.715016154973943,0.219528466253919,0.207214753166224,16.85,1.1541095890411,212.45,3.09468317552804,0,-16.0641,4.11759799833194,1.37608385686463,0.451685660266874,1.30108445697626,0.601283991047423,33.3877563865537,51.0347891166449,14.7976986383577,0.969,3.95608738968062,3.43920674799665,0.832442903389189,0.505112958942417
1998-08-01,0.0,553.51,13.62,13.62,922.4,0.21504749200937565,658.41,27.06629,750.88,3.17552224503765,2.27054970568104,0.715016154973943,0.219528466253919,0.207214753166224,16.85,1.1541095890411,212.45,3.09468317552804,0,-16.0641,4.11759799833194,1.37608385686463,0.451685660266874,1.30108445697626,0.601283991047423,33.3877563865537,51.0347891166449,14.7976986383577,0.969,3.95608738968062,3.43920674799665,0.832442903389189,0.505112958942417
1998-08-02,0.0,544.69,15.39,15.39,1003.42,0.19875601534199872,658.41,27.06629,750.88,3.17552224503765,2.27054970568104,0.715016154973943,0.219528466253919,0.207214753166224,16.85,1.1541095890411,212.45,3.09468317552804,0,-16.0641,4.11759799833194,1.37608385686463,0.451685660266874,1.30108445697626,0.601283991047423,33.3877563865537,51.0347891166449,14.7976986383577,0.969,3.95608738968062,3.43920674799665,0.832442903389189,0.505112958942417
1998-08-03,0.02,515.88,16.51,16.51,1077.74,0.18572283400809714,658.41,27.06629,750.88,3.17552224503765,2.27054970568104,0.715016154973943,0.219528466253919,0.207214753166224,16.85,1.1541095890411,212.45,3.09468317552804,0,-16.0641,4.11759799833194,1.37608385686463,0.451685660266874,1.30108445697626,0.601283991047423,33.3877563865537,51.0347891166449,14.7976986383577,0.969,3.95608738968062,3.43920674799665,0.832442903389189,0.505112958942417
1998-08-04,0.02,506.52,18.21,18.21,1249.03,0.17594794800767097,658.41,27.06629,750.88,3.17552224503765,2.27054970568104,0.715016154973943,0.219528466253919,0.207214753166224,16.85,1.1541095890411,212.45,3.09468317552804,0,-16.0641,4.11759799833194,1.37608385686463,0.451685660266874,1.30108445697626,0.601283991047423,33.3877563865537,51.0347891166449,14.7976986383577,0.969,3.95608738968062,3.43920674799665,0.832442903389189,0.505112958942417
1998-08-05,0.0,484.93,20.83,20.83,1549.25,0.16617306200724483,658.41,27.06629,750.88,3.17552224503765,2.27054970568104,0.715016154973943,0.219528466253919,0.207214753166224,16.85,1.1541095890411,212.45,3.09468317552804,0,-16.0641,4.11759799833194,1.37608385686463,0.451685660266874,1.30108445697626,0.601283991047423,33.3877563865537,51.0347891166449,14.7976986383577,0.969,3.95608738968062,3.43920674799665,0.832442903389189,0.505112958942417
1998-08-06,0.0,446.31,21.71,21.71,1675.59,0.16291476667376945,658.41,27.06629,750.88,3.17552224503765,2.27054970568104,0.715016154973943,0.219528466253919,0.207214753166224,16.85,1.1541095890411,212.45,3.09468317552804,0,-16.0641,4.11759799833194,1.37608385686463,0.451685660266874,1.30108445697626,0.601283991047423,33.3877563865537,51.0347891166449,14.7976986383577,0.969,3.95608738968062,3.43920674799665,0.832442903389189,0.505112958942417
1998-08-07,0.0,487.62,21.23,21.23,1555.26,0.15313988067334328,658.41,27.06629,750.88,3.17552224503765,2.27054970568104,0.715016154973943,0.219528466253919,0.207214753166224,16.85,1.1541095890411,212.45,3.09468317552804,0,-16.0641,4.11759799833194,1.37608385686463,0.451685660266874,1.30108445697626,0.601283991047423,33.3877563865537,51.0347891166449,14.7976986383577,0.969,3.95608738968062,3.43920674799665,0.832442903389189,0.505112958942417
1998-08-08,0.25,428.11,20.43,20.43,1462.9,0.1433649946729171,658.41,27.06629,750.88,3.17552224503765,2.27054970568104,0.715016154973943,0.219528466253919,0.207214753166224,16.85,1.1541095890411,212.45,3.09468317552804,0,-16.0641,4.11759799833194,1.37608385686463,0.451685660266874,1.30108445697626,0.601283991047423,33.3877563865537,51.0347891166449,14.7976986383577,0.969,3.95608738968062,3.43920674799665,0.832442903389189,0.505112958942417
1998-08-09,12.46,369.29,21.32,21.32,1610.29,0.1433649946729171,658.41,27.06629,750.88,3.17552224503765,2.27054970568104,0.715016154973943,0.219528466253919,0.207214753166224,16.85,1.1541095890411,212.45,3.09468317552804,0,-16.0641,4.11759799833194,1.37608385686463,0.451685660266874,1.30108445697626,0.601283991047423,33.3877563865537,51.0347891166449,14.7976986383577,0.969,3.95608738968062,3.43920674799665,0.832442903389189,0.505112958942417
1998-08-10,11.5,311.65,22.02,22.02,1773.34,0.20853090134242488,658.41,27.06629,750.88,3.17552224503765,2.27054970568104,0.715016154973943,0.219528466253919,0.207214753166224,16.85,1.1541095890411,212.45,3.09468317552804,0,-16.0641,4.11759799833194,1.37608385686463,0.451685660266874,1.30108445697626,0.601283991047423,33.3877563865537,51.0347891166449,14.7976986383577,0.969,3.95608738968062,3.43920674799665,0.832442903389189,0.505112958942417
1998-08-11,2.47,289.83,20.27,20.27,1658.46,0.24437215001065415,658.41,27.06629,750.88,3.17552224503765,2.27054970568104,0.715016154973943,0.219528466253919,0.207214753166224,16.85,1.1541095890411,212.45,3.09468317552804,0,-16.0641,4.11759799833194,1.37608385686463,0.451685660266874,1.30108445697626,0.601283991047423,33.3877563865537,51.0347891166449,14.7976986383577,0.969,3.95608738968062,3.43920674799665,0.832442903389189,0.505112958942417
1998-08-12,0.08,443.93,19.33,19.33,1409.9,0.17920624334114638,658.41,27.06629,750.88,3.17552224503765,2.27054970568104,0.715016154973943,0.219528466253919,0.207214753166224,16.85,1.1541095890411,212.45,3.09468317552804,0,-16.0641,4.11759799833194,1.37608385686463,0.451685660266874,1.30108445697626,0.601283991047423,33.3877563865537,51.0347891166449,14.7976986383577,0.969,3.95608738968062,3.43920674799665,0.832442903389189,0.505112958942417
1998-08-13,0.57,450.15,15.1,15.1,1022.81,0.16617306200724483,658.41,27.06629,750.88,3.17552224503765,2.27054970568104,0.715016154973943,0.219528466253919,0.207214753166224,16.85,1.1541095890411,212.45,3.09468317552804,0,-16.0641,4.11759799833194,1.37608385686463,0.451685660266874,1.30108445697626,0.601283991047423,33.3877563865537,51.0347891166449,14.7976986383577,0.969,3.95608738968062,3.43920674799665,0.832442903389189,0.505112958942417
1998-08-14,3.45,390.66,16.75,16.75,1192.14,0.15313988067334328,658.41,27.06629,750.88,3.17552224503765,2.27054970568104,0.715016154973943,0.219528466253919,0.207214753166224,16.85,1.1541095890411,212.45,3.09468317552804,0,-16.0641,4.11759799833194,1.37608385686463,0.451685660266874,1.30108445697626,0.601283991047423,33.3877563865537,51.0347891166449,14.7976986383577,0.969,3.95608738968062,3.43920674799665,0.832442903389189,0.505112958942417
1998-08-15,0.94,398.52,19.73,19.73,1524.31,0.14988158533986787,658.41,27.06629,750.88,3.17552224503765,2.27054970568104,0.715016154973943,0.219528466253919,0.207214753166224,16.85,1.1541095890411,212.45,3.09468317552804,0,-16.0641,4.11759799833194,1.37608385686463,0.451685660266874,1.30108445697626,0.601283991047423,33.3877563865537,51.0347891166449,14.7976986383577,0.969,3.95608738968062,3.43920674799665,0.832442903389189,0.505112958942417
1998-08-16,1.43,333.99,21.29,21.29,1717.45,0.1433649946729171,658.41,27.06629,750.88,3.17552224503765,2.27054970568104,0.715016154973943,0.219528466253919,0.207214753166224,16.85,1.1541095890411,212.45,3.09468317552804,0,-16.0641,4.11759799833194,1.37608385686463,0.451685660266874,1.30108445697626,0.601283991047423,33.3877563865537,51.0347891166449,14.7976986383577,0.969,3.95608738968062,3.43920674799665,0.832442903389189,0.505112958942417
1998-08-17,2.07,321.63,21.78,21.78,1734.01,0.13359010867249094,658.41,27.06629,750.88,3.17552224503765,2.27054970568104,0.715016154973943,0.219528466253919,0.207214753166224,16.85,1.1541095890411,212.45,3.09468317552804,0,-16.0641,4.11759799833194,1.37608385686463,0.451685660266874,1.30108445697626,0.601283991047423,33.3877563865537,51.0347891166449,14.7976986383577,0.969,3.95608738968062,3.43920674799665,0.832442903389189,0.505112958942417
1998-08-18,3.08,296.3,19.18,19.18,1454.64,0.1401066993394417,658.41,27.06629,750.88,3.17552224503765,2.27054970568104,0.715016154973943,0.219528466253919,0.207214753166224,16.85,1.1541095890411,212.45,3.09468317552804,0,-16.0641,4.11759799833194,1.37608385686463,0.451685660266874,1.30108445697626,0.601283991047423,33.3877563865537,51.0347891166449,14.7976986383577,0.969,3.95608738968062,3.43920674799665,0.832442903389189,0.505112958942417
1998-08-19,0.69,519.37,12.79,12.79,884.8,0.1433649946729171,658.41,27.06629,750.88,3.17552224503765,2.27054970568104,0.715016154973943,0.219528466253919,0.207214753166224,16.85,1.1541095890411,212.45,3.09468317552804,0,-16.0641,4.11759799833194,1.37608385686463,0.451685660266874,1.30108445697626,0.601283991047423,33.3877563865537,51.0347891166449,14.7976986383577,0.969,3.95608738968062,3.43920674799665,0.832442903389189,0.505112958942417
1998-08-20,0.0,540.91,11.68,11.68,782.94,0.13359010867249094,658.41,27.06629,750.88,3.17552224503765,2.27054970568104,0.715016154973943,0.219528466253919,0.207214753166224,16.85,1.1541095890411,212.45,3.09468317552804,0,-16.0641,4.11759799833194,1.37608385686463,0.451685660266874,1.30108445697626,0.601283991047423,33.3877563865537,51.0347891166449,14.7976986383577,0.969,3.95608738968062,3.43920674799665,0.832442903389189,0.505112958942417
1998-08-21,0.53,406.18,14.61,14.61,1018.27,0.12381522267206477,658.41,27.06629,750.88,3.17552224503765,2.27054970568104,0.715016154973943,0.219528466253919,0.207214753166224,16.85,1.1541095890411,212.45,3.09468317552804,0,-16.0641,4.11759799833194,1.37608385686463,0.451685660266874,1.30108445697626,0.601283991047423,33.3877563865537,51.0347891166449,14.7976986383577,0.969,3.95608738968062,3.43920674799665,0.832442903389189,0.505112958942417
1998-08-22,1.15,351.09,19.94,19.94,1497.26,0.12055692733858939,658.41,27.06629,750.88,3.17552224503765,2.27054970568104,0.715016154973943,0.219528466253919,0.207214753166224,16.85,1.1541095890411,212.45,3.09468317552804,0,-16.0641,4.11759799833194,1.37608385686463,0.451685660266874,1.30108445697626,0.601283991047423,33.3877563865537,51.0347891166449,14.7976986383577,0.969,3.95608738968062,3.43920674799665,0.832442903389189,0.505112958942417
1998-08-23,0.56,345.74,21.01,21.01,1661.27,0.11729863200511399,658.41,27.06629,750.88,3.17552224503765,2.27054970568104,0.715016154973943,0.219528466253919,0.207214753166224,16.85,1.1541095890411,212.45,3.09468317552804,0,-16.0641,4.11759799833194,1.37608385686463,0.451685660266874,1.30108445697626,0.601283991047423,33.3877563865537,51.0347891166449,14.7976986383577,0.969,3.95608738968062,3.43920674799665,0.832442903389189,0.505112958942417
1998-08-24,6.18,298.61,21.95,21.95,1802.63,0.12707351800554018,658.41,27.06629,750.88,3.17552224503765,2.27054970568104,0.715016154973943,0.219528466253919,0.207214753166224,16.85,1.1541095890411,212.45,3.09468317552804,0,-16.0641,4.11759799833194,1.37608385686463,0.451685660266874,1.30108445697626,0.601283991047423,33.3877563865537,51.0347891166449,14.7976986383577,0.969,3.95608738968062,3.43920674799665,0.832442903389189,0.505112958942417
1998-08-25,2.55,305.9,20.57,20.57,1653.01,0.1433649946729171,658.41,27.06629,750.88,3.17552224503765,2.27054970568104,0.715016154973943,0.219528466253919,0.207214753166224,16.85,1.1541095890411,212.45,3.09468317552804,0,-16.0641,4.11759799833194,1.37608385686463,0.451685660266874,1.30108445697626,0.601283991047423,33.3877563865537,51.0347891166449,14.7976986383577,0.969,3.95608738968062,3.43920674799665,0.832442903389189,0.505112958942417
1998-08-26,0.25,450.63,19.26,19.26,1414.68,0.12707351800554018,658.41,27.06629,750.88,3.17552224503765,2.27054970568104,0.715016154973943,0.219528466253919,0.207214753166224,16.85,1.1541095890411,212.45,3.09468317552804,0,-16.0641,4.11759799833194,1.37608385686463,0.451685660266874,1.30108445697626,0.601283991047423,33.3877563865537,51.0347891166449,14.7976986383577,0.969,3.95608738968062,3.43920674799665,0.832442903389189,0.505112958942417
1998-08-27,0.0,496.01,17.85,17.85,1231.91,0.11404033667163861,658.41,27.06629,750.88,3.17552224503765,2.27054970568104,0.715016154973943,0.219528466253919,0.207214753166224,16.85,1.1541095890411,212.45,3.09468317552804,0,-16.0641,4.11759799833194,1.37608385686463,0.451685660266874,1.30108445697626,0.601283991047423,33.3877563865537,51.0347891166449,14.7976986383577,0.969,3.95608738968062,3.43920674799665,0.832442903389189,0.505112958942417
1998-08-28,0.57,371.9,18.19,18.19,1259.73,0.10752374600468782,658.41,27.06629,750.88,3.17552224503765,2.27054970568104,0.715016154973943,0.219528466253919,0.207214753166224,16.85,1.1541095890411,212.45,3.09468317552804,0,-16.0641,4.11759799833194,1.37608385686463,0.451685660266874,1.30108445697626,0.601283991047423,33.3877563865537,51.0347891166449,14.7976986383577,0.969,3.95608738968062,3.43920674799665,0.832442903389189,0.505112958942417
1998-08-29,2.02,362.26,18.99,18.99,1350.34,0.10752374600468782,658.41,27.06629,750.88,3.17552224503765,2.27054970568104,0.715016154973943,0.219528466253919,0.207214753166224,16.85,1.1541095890411,212.45,3.09468317552804,0,-16.0641,4.11759799833194,1.37608385686463,0.451685660266874,1.30108445697626,0.601283991047423,33.3877563865537,51.0347891166449,14.7976986383577,0.969,3.95608738968062,3.43920674799665,0.832442903389189,0.505112958942417
1998-08-30,3.72,319.85,18.52,18.52,1396.11,0.10752374600468782,658.41,27.06629,750.88,3.17552224503765,2.27054970568104,0.715016154973943,0.219528466253919,0.207214753166224,16.85,1.1541095890411,212.45,3.09468317552804,0,-16.0641,4.11759799833194,1.37608385686463,0.451685660266874,1.30108445697626,0.601283991047423,33.3877563865537,51.0347891166449,14.7976986383577,0.969,3.95608738968062,3.43920674799665,0.832442903389189,0.505112958942417
1998-08-31,0.97,417.32,17.72,17.72,1271.95,0.11078204133816322,658.41,27.06629,750.88,3.17552224503765,2.27054970568104,0.715016154973943,0.219528466253919,0.207214753166224,16.85,1.1541095890411,212.45,3.09468317552804,0,-16.0641,4.11759799833194,1.37608385686463,0.451685660266874,1.30108445697626,0.601283991047423,33.3877563865537,51.0347891166449,14.7976986383577,0.969,3.95608738968062,3.43920674799665,0.832442903389189,0.505112958942417
1998-09-01,0.25,367.35,15.37,15.37,1079.68,0.10426545067121244,658.41,27.06629,750.88,3.17552224503765,2.27054970568104,0.715016154973943,0.219528466253919,0.207214753166224,16.85,1.1541095890411,212.45,3.09468317552804,0,-16.0641,4.11759799833194,1.37608385686463,0.451685660266874,1.30108445697626,0.601283991047423,33.3877563865537,51.0347891166449,14.7976986383577,0.969,3.95608738968062,3.43920674799665,0.832442903389189,0.505112958942417
1998-09-02,2.8,338.86,14.77,14.77,1052.67,0.10100715533773705,658.41,27.06629,750.88,3.17552224503765,2.27054970568104,0.715016154973943,0.219528466253919,0.207214753166224,16.85,1.1541095890411,212.45,3.09468317552804,0,-16.0641,4.11759799833194,1.37608385686463,0.451685660266874,1.30108445697626,0.601283991047423,33.3877563865537,51.0347891166449,14.7976986383577,0.969,3.95608738968062,3.43920674799665,0.832442903389189,0.505112958942417
1998-09-03,0.72,492.73,13.11,13.11,902.34,0.11078204133816322,658.41,27.06629,750.88,3.17552224503765,2.27054970568104,0.715016154973943,0.219528466253919,0.207214753166224,16.85,1.1541095890411,212.45,3.09468317552804,0,-16.0641,4.11759799833194,1.37608385686463,0.451685660266874,1.30108445697626,0.601283991047423,33.3877563865537,51.0347891166449,14.7976986383577,0.969,3.95608738968062,3.43920674799665,0.832442903389189,0.505112958942417
1998-09-04,0.0,499.4,13.82,13.82,923.1,0.10426545067121244,658.41,27.06629,750.88,3.17552224503765,2.27054970568104,0.715016154973943,0.219528466253919,0.207214753166224,16.85,1.1541095890411,212.45,3.09468317552804,0,-16.0641,4.11759799833194,1.37608385686463,0.451685660266874,1.30108445697626,0.601283991047423,33.3877563865537,51.0347891166449,14.7976986383577,0.969,3.95608738968062,3.43920674799665,0.832442903389189,0.505112958942417
1998-09-05,0.46,409.91,15.76,15.76,1059.99,0.09774886000426165,658.41,27.06629,750.88,3.17552224503765,2.27054970568104,0.715016154973943,0.219528466253919,0.207214753166224,16.85,1.1541095890411,212.45,3.09468317552804,0,-16.0641,4.11759799833194,1.37608385686463,0.451685660266874,1.30108445697626,0.601283991047423,33.3877563865537,51.0347891166449,14.7976986383577,0.969,3.95608738968062,3.43920674799665,0.832442903389189,0.505112958942417
1998-09-06,2.61,365.49,18.31,18.31,1229.3,0.09123226933731088,658.41,27.06629,750.88,3.17552224503765,2.27054970568104,0.715016154973943,0.219528466253919,0.207214753166224,16.85,1.1541095890411,212.45,3.09468317552804,0,-16.0641,4.11759799833194,1.37608385686463,0.451685660266874,1.30108445697626,0.601283991047423,33.3877563865537,51.0347891166449,14.7976986383577,0.969,3.95608738968062,3.43920674799665,0.832442903389189,0.505112958942417
1998-09-07,6.7,333.08,19.13,19.13,1300.59,0.09449056467078627,658.41,27.06629,750.88,3.17552224503765,2.27054970568104,0.715016154973943,0.219528466253919,0.207214753166224,16.85,1.1541095890411,212.45,3.09468317552804,0,-16.0641,4.11759799833194,1.37608385686463,0.451685660266874,1.30108445697626,0.601283991047423,33.3877563865537,51.0347891166449,14.7976986383577,0.969,3.95608738968062,3.43920674799665,0.832442903389189,0.505112958942417
1998-09-08,4.29,302.54,12.08,12.08,948.11,0.12055692733858939,658.41,27.06629,750.88,3.17552224503765,2.27054970568104,0.715016154973943,0.219528466253919,0.207214753166224,16.85,1.1541095890411,212.45,3.09468317552804,0,-16.0641,4.11759799833194,1.37608385686463,0.451685660266874,1.30108445697626,0.601283991047423,33.3877563865537,51.0347891166449,14.7976986383577,0.969,3.95608738968062,3.43920674799665,0.832442903389189,0.505112958942417
1998-09-09,1.03,297.91,10.45,10.45,871.72,0.12055692733858939,658.41,27.06629,750.88,3.17552224503765,2.27054970568104,0.715016154973943,0.219528466253919,0.207214753166224,16.85,1.1541095890411,212.45,3.09468317552804,0,-16.0641,4.11759799833194,1.37608385686463,0.451685660266874,1.30108445697626,0.601283991047423,33.3877563865537,51.0347891166449,14.7976986383577,0.969,3.95608738968062,3.43920674799665,0.832442903389189,0.505112958942417
1998-09-10,0.09,470.69,10.49,10.49,801.44,0.10752374600468782,658.41,27.06629,750.88,3.17552224503765,2.27054970568104,0.715016154973943,0.219528466253919,0.207214753166224,16.85,1.1541095890411,212.45,3.09468317552804,0,-16.0641,4.11759799833194,1.37608385686463,0.451685660266874,1.30108445697626,0.601283991047423,33.3877563865537,51.0347891166449,14.7976986383577,0.969,3.95608738968062,3.43920674799665,0.832442903389189,0.505112958942417
1998-09-11,0.0,486.36,13.27,13.27,899.78,0.10100715533773705,658.41,27.06629,750.88,3.17552224503765,2.27054970568104,0.715016154973943,0.219528466253919,0.207214753166224,16.85,1.1541095890411,212.45,3.09468317552804,0,-16.0641,4.11759799833194,1.37608385686463,0.451685660266874,1.30108445697626,0.601283991047423,33.3877563865537,51.0347891166449,14.7976986383577,0.969,3.95608738968062,3.43920674799665,0.832442903389189,0.505112958942417
1998-09-12,0.0,461.84,17.26,17.26,1145.47,0.09123226933731088,658.41,27.06629,750.88,3.17552224503765,2.27054970568104,0.715016154973943,0.219528466253919,0.207214753166224,16.85,1.1541095890411,212.45,3.09468317552804,0,-16.0641,4.11759799833194,1.37608385686463,0.451685660266874,1.30108445697626,0.601283991047423,33.3877563865537,51.0347891166449,14.7976986383577,0.969,3.95608738968062,3.43920674799665,0.832442903389189,0.505112958942417
1998-09-13,0.0,451.55,17.74,17.74,1227.34,0.0847156786703601,658.41,27.06629,750.88,3.17552224503765,2.27054970568104,0.715016154973943,0.219528466253919,0.207214753166224,16.85,1.1541095890411,212.45,3.09468317552804,0,-16.0641,4.11759799833194,1.37608385686463,0.451685660266874,1.30108445697626,0.601283991047423,33.3877563865537,51.0347891166449,14.7976986383577,0.969,3.95608738968062,3.43920674799665,0.832442903389189,0.505112958942417
1998-09-14,1.69,375.79,19.68,19.68,1403.17,0.0847156786703601,658.41,27.06629,750.88,3.17552224503765,2.27054970568104,0.715016154973943,0.219528466253919,0.207214753166224,16.85,1.1541095890411,212.45,3.09468317552804,0,-16.0641,4.11759799833194,1.37608385686463,0.451685660266874,1.30108445697626,0.601283991047423,33.3877563865537,51.0347891166449,14.7976986383577,0.969,3.95608738968062,3.43920674799665,0.832442903389189,0.505112958942417
1998-09-15,3.0,296.88,20.73,20.73,1624.26,0.08145738333688472,658.41,27.06629,750.88,3.17552224503765,2.27054970568104,0.715016154973943,0.219528466253919,0.207214753166224,16.85,1.1541095890411,212.45,3.09468317552804,0,-16.0641,4.11759799833194,1.37608385686463,0.451685660266874,1.30108445697626,0.601283991047423,33.3877563865537,51.0347891166449,14.7976986383577,0.969,3.95608738968062,3.43920674799665,0.832442903389189,0.505112958942417
1998-09-16,1.29,147.58,19.74,19.74,1734.57,0.0847156786703601,658.41,27.06629,750.88,3.17552224503765,2.27054970568104,0.715016154973943,0.219528466253919,0.207214753166224,16.85,1.1541095890411,212.45,3.09468317552804,0,-16.0641,4.11759799833194,1.37608385686463,0.451685660266874,1.30108445697626,0.601283991047423,33.3877563865537,51.0347891166449,14.7976986383577,0.969,3.95608738968062,3.43920674799665,0.832442903389189,0.505112958942417
1998-09-17,0.16,362.02,17.39,17.39,1355.69,0.0847156786703601,658.41,27.06629,750.88,3.17552224503765,2.27054970568104,0.715016154973943,0.219528466253919,0.207214753166224,16.85,1.1541095890411,212.45,3.09468317552804,0,-16.0641,4.11759799833194,1.37608385686463,0.451685660266874,1.30108445697626,0.601283991047423,33.3877563865537,51.0347891166449,14.7976986383577,0.969,3.95608738968062,3.43920674799665,0.832442903389189,0.505112958942417
1998-09-18,0.0,471.48,14.5,14.5,927.29,0.08145738333688472,658.41,27.06629,750.88,3.17552224503765,2.27054970568104,0.715016154973943,0.219528466253919,0.207214753166224,16.85,1.1541095890411,212.45,3.09468317552804,0,-16.0641,4.11759799833194,1.37608385686463,0.451685660266874,1.30108445697626,0.601283991047423,33.3877563865537,51.0347891166449,14.7976986383577,0.969,3.95608738968062,3.43920674799665,0.832442903389189,0.505112958942417
1998-09-19,0.52,350.53,15.76,15.76,1009.23,0.07819908800340933,658.41,27.06629,750.88,3.17552224503765,2.27054970568104,0.715016154973943,0.219528466253919,0.207214753166224,16.85,1.1541095890411,212.45,3.09468317552804,0,-16.0641,4.11759799833194,1.37608385686463,0.451685660266874,1.30108445697626,0.601283991047423,33.3877563865537,51.0347891166449,14.7976986383577,0.969,3.95608738968062,3.43920674799665,0.832442903389189,0.505112958942417
1998-09-20,1.63,317.38,18.38,18.38,1322.01,0.07819908800340933,658.41,27.06629,750.88,3.17552224503765,2.27054970568104,0.715016154973943,0.219528466253919,0.207214753166224,16.85,1.1541095890411,212.45,3.09468317552804,0,-16.0641,4.11759799833194,1.37608385686463,0.451685660266874,1.30108445697626,0.601283991047423,33.3877563865537,51.0347891166449,14.7976986383577,0.969,3.95608738968062,3.43920674799665,0.832442903389189,0.505112958942417
1998-09-21,0.83,277.06,19.47,19.47,1497.98,0.07819908800340933,658.41,27.06629,750.88,3.17552224503765,2.27054970568104,0.715016154973943,0.219528466253919,0.207214753166224,16.85,1.1541095890411,212.45,3.09468317552804,0,-16.0641,4.11759799833194,1.37608385686463,0.451685660266874,1.30108445697626,0.601283991047423,33.3877563865537,51.0347891166449,14.7976986383577,0.969,3.95608738968062,3.43920674799665,0.832442903389189,0.505112958942417
1998-09-22,0.46,300.31,17.91,17.91,1255.6,0.0847156786703601,658.41,27.06629,750.88,3.17552224503765,2.27054970568104,0.715016154973943,0.219528466253919,0.207214753166224,16.85,1.1541095890411,212.45,3.09468317552804,0,-16.0641,4.11759799833194,1.37608385686463,0.451685660266874,1.30108445697626,0.601283991047423,33.3877563865537,51.0347891166449,14.7976986383577,0.969,3.95608738968062,3.43920674799665,0.832442903389189,0.505112958942417
1998-09-23,0.09,420.38,9.3,9.3,708.64,0.08145738333688472,658.41,27.06629,750.88,3.17552224503765,2.27054970568104,0.715016154973943,0.219528466253919,0.207214753166224,16.85,1.1541095890411,212.45,3.09468317552804,0,-16.0641,4.11759799833194,1.37608385686463,0.451685660266874,1.30108445697626,0.601283991047423,33.3877563865537,51.0347891166449,14.7976986383577,0.969,3.95608738968062,3.43920674799665,0.832442903389189,0.505112958942417
1998-09-24,0.0,457.72,7.22,7.22,588.45,0.07494079266993393,658.41,27.06629,750.88,3.17552224503765,2.27054970568104,0.715016154973943,0.219528466253919,0.207214753166224,16.85,1.1541095890411,212.45,3.09468317552804,0,-16.0641,4.11759799833194,1.37608385686463,0.451685660266874,1.30108445697626,0.601283991047423,33.3877563865537,51.0347891166449,14.7976986383577,0.969,3.95608738968062,3.43920674799665,0.832442903389189,0.505112958942417
1998-09-25,0.72,320.83,10.53,10.53,817.63,0.07494079266993393,658.41,27.06629,750.88,3.17552224503765,2.27054970568104,0.715016154973943,0.219528466253919,0.207214753166224,16.85,1.1541095890411,212.45,3.09468317552804,0,-16.0641,4.11759799833194,1.37608385686463,0.451685660266874,1.30108445697626,0.601283991047423,33.3877563865537,51.0347891166449,14.7976986383577,0.969,3.95608738968062,3.43920674799665,0.832442903389189,0.505112958942417
1998-09-26,2.22,287.3,15.35,15.35,1250.05,0.07494079266993393,658.41,27.06629,750.88,3.17552224503765,2.27054970568104,0.715016154973943,0.219528466253919,0.207214753166224,16.85,1.1541095890411,212.45,3.09468317552804,0,-16.0641,4.11759799833194,1.37608385686463,0.451685660266874,1.30108445697626,0.601283991047423,33.3877563865537,51.0347891166449,14.7976986383577,0.969,3.95608738968062,3.43920674799665,0.832442903389189,0.505112958942417
1998-09-27,6.27,270.22,19.72,19.72,1511.06,0.08145738333688472,658.41,27.06629,750.88,3.17552224503765,2.27054970568104,0.715016154973943,0.219528466253919,0.207214753166224,16.85,1.1541095890411,212.45,3.09468317552804,0,-16.0641,4.11759799833194,1.37608385686463,0.451685660266874,1.30108445697626,0.601283991047423,33.3877563865537,51.0347891166449,14.7976986383577,0.969,3.95608738968062,3.43920674799665,0.832442903389189,0.505112958942417
1998-09-28,1.8,308.77,16.66,16.66,1098.56,0.09449056467078627,658.41,27.06629,750.88,3.17552224503765,2.27054970568104,0.715016154973943,0.219528466253919,0.207214753166224,16.85,1.1541095890411,212.45,3.09468317552804,0,-16.0641,4.11759799833194,1.37608385686463,0.451685660266874,1.30108445697626,0.601283991047423,33.3877563865537,51.0347891166449,14.7976986383577,0.969,3.95608738968062,3.43920674799665,0.832442903389189,0.505112958942417
1998-09-29,0.51,325.17,11.4,11.4,767.93,0.09449056467078627,658.41,27.06629,750.88,3.17552224503765,2.27054970568104,0.715016154973943,0.219528466253919,0.207214753166224,16.85,1.1541095890411,212.45,3.09468317552804,0,-16.0641,4.11759799833194,1.37608385686463,0.451685660266874,1.30108445697626,0.601283991047423,33.3877563865537,51.0347891166449,14.7976986383577,0.969,3.95608738968062,3.43920674799665,0.832442903389189,0.505112958942417
1998-09-30,1.87,313.93,12.57,12.57,834.86,0.08145738333688472,658.41,27.06629,750.88,3.17552224503765,2.27054970568104,0.715016154973943,0.219528466253919,0.207214753166224,16.85,1.1541095890411,212.45,3.09468317552804,0,-16.0641,4.11759799833194,1.37608385686463,0.451685660266874,1.30108445697626,0.601283991047423,33.3877563865537,51.0347891166449,14.7976986383577,0.969,3.95608738968062,3.43920674799665,0.832442903389189,0.505112958942417
1998-10-01,0.63,297.75,12.05,12.05,806.04,0.08797397400383548,658.41,27.06629,750.88,3.17552224503765,2.27054970568104,0.715016154973943,0.219528466253919,0.207214753166224,16.85,1.1541095890411,212.45,3.09468317552804,0,-16.0641,4.11759799833194,1.37608385686463,0.451685660266874,1.30108445697626,0.601283991047423,33.3877563865537,51.0347891166449,14.7976986383577,0.969,3.95608738968062,3.43920674799665,0.832442903389189,0.505112958942417
1998-10-02,0.04,400.5,6.03,6.03,556.38,0.08797397400383548,658.41,27.06629,750.88,3.17552224503765,2.27054970568104,0.715016154973943,0.219528466253919,0.207214753166224,16.85,1.1541095890411,212.45,3.09468317552804,0,-16.0641,4.11759799833194,1.37608385686463,0.451685660266874,1.30108445697626,0.601283991047423,33.3877563865537,51.0347891166449,14.7976986383577,0.969,3.95608738968062,3.43920674799665,0.832442903389189,0.505112958942417
1998-10-03,0.81,264.11,5.27,5.27,587.49,0.0847156786703601,658.41,27.06629,750.88,3.17552224503765,2.27054970568104,0.715016154973943,0.219528466253919,0.207214753166224,16.85,1.1541095890411,212.45,3.09468317552804,0,-16.0641,4.11759799833194,1.37608385686463,0.451685660266874,1.30108445697626,0.601283991047423,33.3877563865537,51.0347891166449,14.7976986383577,0.969,3.95608738968062,3.43920674799665,0.832442903389189,0.505112958942417
1998-10-04,0.21,361.29,7.01,7.01,644.56,0.0847156786703601,658.41,27.06629,750.88,3.17552224503765,2.27054970568104,0.715016154973943,0.219528466253919,0.207214753166224,16.85,1.1541095890411,212.45,3.09468317552804,0,-16.0641,4.11759799833194,1.37608385686463,0.451685660266874,1.30108445697626,0.601283991047423,33.3877563865537,51.0347891166449,14.7976986383577,0.969,3.95608738968062,3.43920674799665,0.832442903389189,0.505112958942417
1998-10-05,0.0,399.52,8.04,8.04,628.5,0.08145738333688472,658.41,27.06629,750.88,3.17552224503765,2.27054970568104,0.715016154973943,0.219528466253919,0.207214753166224,16.85,1.1541095890411,212.45,3.09468317552804,0,-16.0641,4.11759799833194,1.37608385686463,0.451685660266874,1.30108445697626,0.601283991047423,33.3877563865537,51.0347891166449,14.7976986383577,0.969,3.95608738968062,3.43920674799665,0.832442903389189,0.505112958942417
1998-10-06,1.55,342.83,8.56,8.56,659.41,0.08145738333688472,658.41,27.06629,750.88,3.17552224503765,2.27054970568104,0.715016154973943,0.219528466253919,0.207214753166224,16.85,1.1541095890411,212.45,3.09468317552804,0,-16.0641,4.11759799833194,1.37608385686463,0.451685660266874,1.30108445697626,0.601283991047423,33.3877563865537,51.0347891166449,14.7976986383577,0.969,3.95608738968062,3.43920674799665,0.832442903389189,0.505112958942417
1998-10-07,16.24,251.75,11.99,11.99,924.56,0.07819908800340933,658.41,27.06629,750.88,3.17552224503765,2.27054970568104,0.715016154973943,0.219528466253919,0.207214753166224,16.85,1.1541095890411,212.45,3.09468317552804,0,-16.0641,4.11759799833194,1.37608385686463,0.451685660266874,1.30108445697626,0.601283991047423,33.3877563865537,51.0347891166449,14.7976986383577,0.969,3.95608738968062,3.43920674799665,0.832442903389189,0.505112958942417
1998-10-08,18.15,154.33,12.45,12.45,1073.25,0.35515419134881737,658.41,27.06629,750.88,3.17552224503765,2.27054970568104,0.715016154973943,0.219528466253919,0.207214753166224,16.85,1.1541095890411,212.45,3.09468317552804,0,-16.0641,4.11759799833194,1.37608385686463,0.451685660266874,1.30108445697626,0.601283991047423,33.3877563865537,51.0347891166449,14.7976986383577,0.969,3.95608738968062,3.43920674799665,0.832442903389189,0.505112958942417
1998-10-09,11.42,118.3,9.55,9.55,962.96,0.42683668868527586,658.41,27.06629,750.88,3.17552224503765,2.27054970568104,0.715016154973943,0.219528466253919,0.207214753166224,16.85,1.1541095890411,212.45,3.09468317552804,0,-16.0641,4.11759799833194,1.37608385686463,0.451685660266874,1.30108445697626,0.601283991047423,33.3877563865537,51.0347891166449,14.7976986383577,0.969,3.95608738968062,3.43920674799665,0.832442903389189,0.505112958942417
1998-10-10,2.04,195.09,8.77,8.77,890.09,0.3877371446835713,658.41,27.06629,750.88,3.17552224503765,2.27054970568104,0.715016154973943,0.219528466253919,0.207214753166224,16.85,1.1541095890411,212.45,3.09468317552804,0,-16.0641,4.11759799833194,1.37608385686463,0.451685660266874,1.30108445697626,0.601283991047423,33.3877563865537,51.0347891166449,14.7976986383577,0.969,3.95608738968062,3.43920674799665,0.832442903389189,0.505112958942417
1998-10-11,0.07,277.6,9.37,9.37,787.75,0.2508887406776049,658.41,27.06629,750.88,3.17552224503765,2.27054970568104,0.715016154973943,0.219528466253919,0.207214753166224,16.85,1.1541095890411,212.45,3.09468317552804,0,-16.0641,4.11759799833194,1.37608385686463,0.451685660266874,1.30108445697626,0.601283991047423,33.3877563865537,51.0347891166449,14.7976986383577,0.969,3.95608738968062,3.43920674799665,0.832442903389189,0.505112958942417
1998-10-12,1.5,317.94,9.8,9.8,729.56,0.18572283400809714,658.41,27.06629,750.88,3.17552224503765,2.27054970568104,0.715016154973943,0.219528466253919,0.207214753166224,16.85,1.1541095890411,212.45,3.09468317552804,0,-16.0641,4.11759799833194,1.37608385686463,0.451685660266874,1.30108445697626,0.601283991047423,33.3877563865537,51.0347891166449,14.7976986383577,0.969,3.95608738968062,3.43920674799665,0.832442903389189,0.505112958942417
1998-10-13,4.64,284.96,10.3,10.3,728.18,0.16291476667376945,658.41,27.06629,750.88,3.17552224503765,2.27054970568104,0.715016154973943,0.219528466253919,0.207214753166224,16.85,1.1541095890411,212.45,3.09468317552804,0,-16.0641,4.11759799833194,1.37608385686463,0.451685660266874,1.30108445697626,0.601283991047423,33.3877563865537,51.0347891166449,14.7976986383577,0.969,3.95608738968062,3.43920674799665,0.832442903389189,0.505112958942417
1998-10-14,2.76,275.95,9.6,9.6,713.07,0.15639817600681866,658.41,27.06629,750.88,3.17552224503765,2.27054970568104,0.715016154973943,0.219528466253919,0.207214753166224,16.85,1.1541095890411,212.45,3.09468317552804,0,-16.0641,4.11759799833194,1.37608385686463,0.451685660266874,1.30108445697626,0.601283991047423,33.3877563865537,51.0347891166449,14.7976986383577,0.969,3.95608738968062,3.43920674799665,0.832442903389189,0.505112958942417
1998-10-15,0.48,222.32,6.78,6.78,659.65,0.1466232900063925,658.41,27.06629,750.88,3.17552224503765,2.27054970568104,0.715016154973943,0.219528466253919,0.207214753166224,16.85,1.1541095890411,212.45,3.09468317552804,0,-16.0641,4.11759799833194,1.37608385686463,0.451685660266874,1.30108445697626,0.601283991047423,33.3877563865537,51.0347891166449,14.7976986383577,0.969,3.95608738968062,3.43920674799665,0.832442903389189,0.505112958942417
1998-10-16,0.01,363.38,5.12,5.12,572.02,0.1401066993394417,658.41,27.06629,750.88,3.17552224503765,2.27054970568104,0.715016154973943,0.219528466253919,0.207214753166224,16.85,1.1541095890411,212.45,3.09468317552804,0,-16.0641,4.11759799833194,1.37608385686463,0.451685660266874,1.30108445697626,0.601283991047423,33.3877563865537,51.0347891166449,14.7976986383577,0.969,3.95608738968062,3.43920674799665,0.832442903389189,0.505112958942417
1998-10-17,0.59,310.53,9.68,9.68,706.82,0.13684840400596632,658.41,27.06629,750.88,3.17552224503765,2.27054970568104,0.715016154973943,0.219528466253919,0.207214753166224,16.85,1.1541095890411,212.45,3.09468317552804,0,-16.0641,4.11759799833194,1.37608385686463,0.451685660266874,1.30108445697626,0.601283991047423,33.3877563865537,51.0347891166449,14.7976986383577,0.969,3.95608738968062,3.43920674799665,0.832442903389189,0.505112958942417
1998-10-18,3.15,275.3,13.27,13.27,837.24,0.13359010867249094,658.41,27.06629,750.88,3.17552224503765,2.27054970568104,0.715016154973943,0.219528466253919,0.207214753166224,16.85,1.1541095890411,212.45,3.09468317552804,0,-16.0641,4.11759799833194,1.37608385686463,0.451685660266874,1.30108445697626,0.601283991047423,33.3877563865537,51.0347891166449,14.7976986383577,0.969,3.95608738968062,3.43920674799665,0.832442903389189,0.505112958942417
1998-10-19,1.0,291.87,13.54,13.54,844.55,0.12707351800554018,658.41,27.06629,750.88,3.17552224503765,2.27054970568104,0.715016154973943,0.219528466253919,0.207214753166224,16.85,1.1541095890411,212.45,3.09468317552804,0,-16.0641,4.11759799833194,1.37608385686463,0.451685660266874,1.30108445697626,0.601283991047423,33.3877563865537,51.0347891166449,14.7976986383577,0.969,3.95608738968062,3.43920674799665,0.832442903389189,0.505112958942417
1998-10-20,1.01,250.36,7.91,7.91,650.98,0.12055692733858939,658.41,27.06629,750.88,3.17552224503765,2.27054970568104,0.715016154973943,0.219528466253919,0.207214753166224,16.85,1.1541095890411,212.45,3.09468317552804,0,-16.0641,4.11759799833194,1.37608385686463,0.451685660266874,1.30108445697626,0.601283991047423,33.3877563865537,51.0347891166449,14.7976986383577,0.969,3.95608738968062,3.43920674799665,0.832442903389189,0.505112958942417
1998-10-21,4.47,208.46,4.74,4.74,578.84,0.12381522267206477,658.41,27.06629,750.88,3.17552224503765,2.27054970568104,0.715016154973943,0.219528466253919,0.207214753166224,16.85,1.1541095890411,212.45,3.09468317552804,0,-16.0641,4.11759799833194,1.37608385686463,0.451685660266874,1.30108445697626,0.601283991047423,33.3877563865537,51.0347891166449,14.7976986383577,0.969,3.95608738968062,3.43920674799665,0.832442903389189,0.505112958942417
1998-10-22,1.12,235.78,2.76,2.76,522.23,0.13033181333901556,658.41,27.06629,750.88,3.17552224503765,2.27054970568104,0.715016154973943,0.219528466253919,0.207214753166224,16.85,1.1541095890411,212.45,3.09468317552804,0,-16.0641,4.11759799833194,1.37608385686463,0.451685660266874,1.30108445697626,0.601283991047423,33.3877563865537,51.0347891166449,14.7976986383577,0.969,3.95608738968062,3.43920674799665,0.832442903389189,0.505112958942417
1998-10-23,0.0,318.82,3.05,3.05,509.26,0.13033181333901556,658.41,27.06629,750.88,3.17552224503765,2.27054970568104,0.715016154973943,0.219528466253919,0.207214753166224,16.85,1.1541095890411,212.45,3.09468317552804,0,-16.0641,4.11759799833194,1.37608385686463,0.451685660266874,1.30108445697626,0.601283991047423,33.3877563865537,51.0347891166449,14.7976986383577,0.969,3.95608738968062,3.43920674799665,0.832442903389189,0.505112958942417
1998-10-24,0.0,346.92,7.4,7.4,600.89,0.12707351800554018,658.41,27.06629,750.88,3.17552224503765,2.27054970568104,0.715016154973943,0.219528466253919,0.207214753166224,16.85,1.1541095890411,212.45,3.09468317552804,0,-16.0641,4.11759799833194,1.37608385686463,0.451685660266874,1.30108445697626,0.601283991047423,33.3877563865537,51.0347891166449,14.7976986383577,0.969,3.95608738968062,3.43920674799665,0.832442903389189,0.505112958942417
1998-10-25,0.0,341.77,9.28,9.28,655.73,0.12055692733858939,658.41,27.06629,750.88,3.17552224503765,2.27054970568104,0.715016154973943,0.219528466253919,0.207214753166224,16.85,1.1541095890411,212.45,3.09468317552804,0,-16.0641,4.11759799833194,1.37608385686463,0.451685660266874,1.30108445697626,0.601283991047423,33.3877563865537,51.0347891166449,14.7976986383577,0.969,3.95608738968062,3.43920674799665,0.832442903389189,0.505112958942417
1998-10-26,0.0,332.63,10.1,10.1,717.94,0.11404033667163861,658.41,27.06629,750.88,3.17552224503765,2.27054970568104,0.715016154973943,0.219528466253919,0.207214753166224,16.85,1.1541095890411,212.45,3.09468317552804,0,-16.0641,4.11759799833194,1.37608385686463,0.451685660266874,1.30108445697626,0.601283991047423,33.3877563865537,51.0347891166449,14.7976986383577,0.969,3.95608738968062,3.43920674799665,0.832442903389189,0.505112958942417
1998-10-27,0.96,237.43,11.25,11.25,820.59,0.10752374600468782,658.41,27.06629,750.88,3.17552224503765,2.27054970568104,0.715016154973943,0.219528466253919,0.207214753166224,16.85,1.1541095890411,212.45,3.09468317552804,0,-16.0641,4.11759799833194,1.37608385686463,0.451685660266874,1.30108445697626,0.601283991047423,33.3877563865537,51.0347891166449,14.7976986383577,0.969,3.95608738968062,3.43920674799665,0.832442903389189,0.505112958942417
1998-10-28,2.55,230.03,11.18,11.18,805.26,0.11078204133816322,658.41,27.06629,750.88,3.17552224503765,2.27054970568104,0.715016154973943,0.219528466253919,0.207214753166224,16.85,1.1541095890411,212.45,3.09468317552804,0,-16.0641,4.11759799833194,1.37608385686463,0.451685660266874,1.30108445697626,0.601283991047423,33.3877563865537,51.0347891166449,14.7976986383577,0.969,3.95608738968062,3.43920674799665,0.832442903389189,0.505112958942417
1998-10-29,0.6,307.46,6.25,6.25,572.56,0.11078204133816322,658.41,27.06629,750.88,3.17552224503765,2.27054970568104,0.715016154973943,0.219528466253919,0.207214753166224,16.85,1.1541095890411,212.45,3.09468317552804,0,-16.0641,4.11759799833194,1.37608385686463,0.451685660266874,1.30108445697626,0.601283991047423,33.3877563865537,51.0347891166449,14.7976986383577,0.969,3.95608738968062,3.43920674799665,0.832442903389189,0.505112958942417
1998-10-30,0.0,327.65,3.48,3.48,438.73,0.10752374600468782,658.41,27.06629,750.88,3.17552224503765,2.27054970568104,0.715016154973943,0.219528466253919,0.207214753166224,16.85,1.1541095890411,212.45,3.09468317552804,0,-16.0641,4.11759799833194,1.37608385686463,0.451685660266874,1.30108445697626,0.601283991047423,33.3877563865537,51.0347891166449,14.7976986383577,0.969,3.95608738968062,3.43920674799665,0.832442903389189,0.505112958942417
1998-10-31,0.0,328.18,3.32,3.32,422.61,0.10752374600468782,658.41,27.06629,750.88,3.17552224503765,2.27054970568104,0.715016154973943,0.219528466253919,0.207214753166224,16.85,1.1541095890411,212.45,3.09468317552804,0,-16.0641,4.11759799833194,1.37608385686463,0.451685660266874,1.30108445697626,0.601283991047423,33.3877563865537,51.0347891166449,14.7976986383577,0.969,3.95608738968062,3.43920674799665,0.832442903389189,0.505112958942417
1998-11-01,0.0,302.59,4.68,4.68,499.31,0.10426545067121244,658.41,27.06629,750.88,3.17552224503765,2.27054970568104,0.715016154973943,0.219528466253919,0.207214753166224,16.85,1.1541095890411,212.45,3.09468317552804,0,-16.0641,4.11759799833194,1.37608385686463,0.451685660266874,1.30108445697626,0.601283991047423,33.3877563865537,51.0347891166449,14.7976986383577,0.969,3.95608738968062,3.43920674799665,0.832442903389189,0.505112958942417
1998-11-02,0.0,278.89,3.69,3.69,505.25,0.10100715533773705,658.41,27.06629,750.88,3.17552224503765,2.27054970568104,0.715016154973943,0.219528466253919,0.207214753166224,16.85,1.1541095890411,212.45,3.09468317552804,0,-16.0641,4.11759799833194,1.37608385686463,0.451685660266874,1.30108445697626,0.601283991047423,33.3877563865537,51.0347891166449,14.7976986383577,0.969,3.95608738968062,3.43920674799665,0.832442903389189,0.505112958942417
1998-11-03,0.0,205.18,2.56,2.56,491.11,0.09449056467078627,658.41,27.06629,750.88,3.17552224503765,2.27054970568104,0.715016154973943,0.219528466253919,0.207214753166224,16.85,1.1541095890411,212.45,3.09468317552804,0,-16.0641,4.11759799833194,1.37608385686463,0.451685660266874,1.30108445697626,0.601283991047423,33.3877563865537,51.0347891166449,14.7976986383577,0.969,3.95608738968062,3.43920674799665,0.832442903389189,0.505112958942417
1998-11-04,0.0,301.33,-2.71,-2.71,314.64,0.09449056467078627,658.41,27.06629,750.88,3.17552224503765,2.27054970568104,0.715016154973943,0.219528466253919,0.207214753166224,16.85,1.1541095890411,212.45,3.09468317552804,0,-16.0641,4.11759799833194,1.37608385686463,0.451685660266874,1.30108445697626,0.601283991047423,33.3877563865537,51.0347891166449,14.7976986383577,0.969,3.95608738968062,3.43920674799665,0.832442903389189,0.505112958942417
1998-11-05,0.22,209.8,-0.95,-0.95,385.28,0.09123226933731088,658.41,27.06629,750.88,3.17552224503765,2.27054970568104,0.715016154973943,0.219528466253919,0.207214753166224,16.85,1.1541095890411,212.45,3.09468317552804,0,-16.0641,4.11759799833194,1.37608385686463,0.451685660266874,1.30108445697626,0.601283991047423,33.3877563865537,51.0347891166449,14.7976986383577,0.969,3.95608738968062,3.43920674799665,0.832442903389189,0.505112958942417
1998-11-06,0.4,130.95,0.26,0.26,477.65,0.09449056467078627,658.41,27.06629,750.88,3.17552224503765,2.27054970568104,0.715016154973943,0.219528466253919,0.207214753166224,16.85,1.1541095890411,212.45,3.09468317552804,0,-16.0641,4.11759799833194,1.37608385686463,0.451685660266874,1.30108445697626,0.601283991047423,33.3877563865537,51.0347891166449,14.7976986383577,0.969,3.95608738968062,3.43920674799665,0.832442903389189,0.505112958942417
1998-11-07,0.65,105.03,1.25,1.25,546.49,0.09774886000426165,658.41,27.06629,750.88,3.17552224503765,2.27054970568104,0.715016154973943,0.219528466253919,0.207214753166224,16.85,1.1541095890411,212.45,3.09468317552804,0,-16.0641,4.11759799833194,1.37608385686463,0.451685660266874,1.30108445697626,0.601283991047423,33.3877563865537,51.0347891166449,14.7976986383577,0.969,3.95608738968062,3.43920674799665,0.832442903389189,0.505112958942417
1998-11-08,0.22,96.6,2.02,2.02,588.58,0.09774886000426165,658.41,27.06629,750.88,3.17552224503765,2.27054970568104,0.715016154973943,0.219528466253919,0.207214753166224,16.85,1.1541095890411,212.45,3.09468317552804,0,-16.0641,4.11759799833194,1.37608385686463,0.451685660266874,1.30108445697626,0.601283991047423,33.3877563865537,51.0347891166449,14.7976986383577,0.969,3.95608738968062,3.43920674799665,0.832442903389189,0.505112958942417
1998-11-09,1.27,128.66,2.32,2.32,565.57,0.09449056467078627,658.41,27.06629,750.88,3.17552224503765,2.27054970568104,0.715016154973943,0.219528466253919,0.207214753166224,16.85,1.1541095890411,212.45,3.09468317552804,0,-16.0641,4.11759799833194,1.37608385686463,0.451685660266874,1.30108445697626,0.601283991047423,33.3877563865537,51.0347891166449,14.7976986383577,0.969,3.95608738968062,3.43920674799665,0.832442903389189,0.505112958942417
1998-11-10,6.46,187.82,1.74,1.74,517.48,0.10100715533773705,658.41,27.06629,750.88,3.17552224503765,2.27054970568104,0.715016154973943,0.219528466253919,0.207214753166224,16.85,1.1541095890411,212.45,3.09468317552804,0,-16.0641,4.11759799833194,1.37608385686463,0.451685660266874,1.30108445697626,0.601283991047423,33.3877563865537,51.0347891166449,14.7976986383577,0.969,3.95608738968062,3.43920674799665,0.832442903389189,0.505112958942417
1998-11-11,1.83,186.31,6.58,6.58,672.89,0.11729863200511399,658.41,27.06629,750.88,3.17552224503765,2.27054970568104,0.715016154973943,0.219528466253919,0.207214753166224,16.85,1.1541095890411,212.45,3.09468317552804,0,-16.0641,4.11759799833194,1.37608385686463,0.451685660266874,1.30108445697626,0.601283991047423,33.3877563865537,51.0347891166449,14.7976986383577,0.969,3.95608738968062,3.43920674799665,0.832442903389189,0.505112958942417
1998-11-12,0.07,225.39,4.92,4.92,600.6,0.1401066993394417,658.41,27.06629,750.88,3.17552224503765,2.27054970568104,0.715016154973943,0.219528466253919,0.207214753166224,16.85,1.1541095890411,212.45,3.09468317552804,0,-16.0641,4.11759799833194,1.37608385686463,0.451685660266874,1.30108445697626,0.601283991047423,33.3877563865537,51.0347891166449,14.7976986383577,0.969,3.95608738968062,3.43920674799665,0.832442903389189,0.505112958942417
1998-11-13,0.22,177.46,4.86,4.86,603.26,0.11729863200511399,658.41,27.06629,750.88,3.17552224503765,2.27054970568104,0.715016154973943,0.219528466253919,0.207214753166224,16.85,1.1541095890411,212.45,3.09468317552804,0,-16.0641,4.11759799833194,1.37608385686463,0.451685660266874,1.30108445697626,0.601283991047423,33.3877563865537,51.0347891166449,14.7976986383577,0.969,3.95608738968062,3.43920674799665,0.832442903389189,0.505112958942417
1998-11-14,0.5,193.87,2.31,2.31,495.12,0.11078204133816322,658.41,27.06629,750.88,3.17552224503765,2.27054970568104,0.715016154973943,0.219528466253919,0.207214753166224,16.85,1.1541095890411,212.45,3.09468317552804,0,-16.0641,4.11759799833194,1.37608385686463,0.451685660266874,1.30108445697626,0.601283991047423,33.3877563865537,51.0347891166449,14.7976986383577,0.969,3.95608738968062,3.43920674799665,0.832442903389189,0.505112958942417
1998-11-15,0.44,205.02,5.09,5.09,571.75,0.11078204133816322,658.41,27.06629,750.88,3.17552224503765,2.27054970568104,0.715016154973943,0.219528466253919,0.207214753166224,16.85,1.1541095890411,212.45,3.09468317552804,0,-16.0641,4.11759799833194,1.37608385686463,0.451685660266874,1.30108445697626,0.601283991047423,33.3877563865537,51.0347891166449,14.7976986383577,0.969,3.95608738968062,3.43920674799665,0.832442903389189,0.505112958942417
1998-11-16,1.27,161.87,2.49,2.49,514.59,0.10752374600468782,658.41,27.06629,750.88,3.17552224503765,2.27054970568104,0.715016154973943,0.219528466253919,0.207214753166224,16.85,1.1541095890411,212.45,3.09468317552804,0,-16.0641,4.11759799833194,1.37608385686463,0.451685660266874,1.30108445697626,0.601283991047423,33.3877563865537,51.0347891166449,14.7976986383577,0.969,3.95608738968062,3.43920674799665,0.832442903389189,0.505112958942417
1998-11-17,0.53,108.97,1.98,1.98,534.11,0.10752374600468782,658.41,27.06629,750.88,3.17552224503765,2.27054970568104,0.715016154973943,0.219528466253919,0.207214753166224,16.85,1.1541095890411,212.45,3.09468317552804,0,-16.0641,4.11759799833194,1.37608385686463,0.451685660266874,1.30108445697626,0.601283991047423,33.3877563865537,51.0347891166449,14.7976986383577,0.969,3.95608738968062,3.43920674799665,0.832442903389189,0.505112958942417
1998-11-18,0.06,242.55,-0.58,-0.58,408.78,0.10100715533773705,658.41,27.06629,750.88,3.17552224503765,2.27054970568104,0.715016154973943,0.219528466253919,0.207214753166224,16.85,1.1541095890411,212.45,3.09468317552804,0,-16.0641,4.11759799833194,1.37608385686463,0.451685660266874,1.30108445697626,0.601283991047423,33.3877563865537,51.0347891166449,14.7976986383577,0.969,3.95608738968062,3.43920674799665,0.832442903389189,0.505112958942417
1998-11-19,0.79,207.78,1.18,1.18,459.75,0.10426545067121244,658.41,27.06629,750.88,3.17552224503765,2.27054970568104,0.715016154973943,0.219528466253919,0.207214753166224,16.85,1.1541095890411,212.45,3.09468317552804,0,-16.0641,4.11759799833194,1.37608385686463,0.451685660266874,1.30108445697626,0.601283991047423,33.3877563865537,51.0347891166449,14.7976986383577,0.969,3.95608738968062,3.43920674799665,0.832442903389189,0.505112958942417
1998-11-20,2.18,151.07,4.38,4.38,600.46,0.10426545067121244,658.41,27.06629,750.88,3.17552224503765,2.27054970568104,0.715016154973943,0.219528466253919,0.207214753166224,16.85,1.1541095890411,212.45,3.09468317552804,0,-16.0641,4.11759799833194,1.37608385686463,0.451685660266874,1.30108445697626,0.601283991047423,33.3877563865537,51.0347891166449,14.7976986383577,0.969,3.95608738968062,3.43920674799665,0.832442903389189,0.505112958942417
1998-11-21,0.7,125.56,1.89,1.89,511.83,0.11404033667163861,658.41,27.06629,750.88,3.17552224503765,2.27054970568104,0.715016154973943,0.219528466253919,0.207214753166224,16.85,1.1541095890411,212.45,3.09468317552804,0,-16.0641,4.11759799833194,1.37608385686463,0.451685660266874,1.30108445697626,0.601283991047423,33.3877563865537,51.0347891166449,14.7976986383577,0.969,3.95608738968062,3.43920674799665,0.832442903389189,0.505112958942417
1998-11-22,0.05,228.88,-1.84,-1.84,378.93,0.11404033667163861,658.41,27.06629,750.88,3.17552224503765,2.27054970568104,0.715016154973943,0.219528466253919,0.207214753166224,16.85,1.1541095890411,212.45,3.09468317552804,0,-16.0641,4.11759799833194,1.37608385686463,0.451685660266874,1.30108445697626,0.601283991047423,33.3877563865537,51.0347891166449,14.7976986383577,0.969,3.95608738968062,3.43920674799665,0.832442903389189,0.505112958942417
1998-11-23,0.0,252.66,2.25,2.25,485.36,0.11078204133816322,658.41,27.06629,750.88,3.17552224503765,2.27054970568104,0.715016154973943,0.219528466253919,0.207214753166224,16.85,1.1541095890411,212.45,3.09468317552804,0,-16.0641,4.11759799833194,1.37608385686463,0.451685660266874,1.30108445697626,0.601283991047423,33.3877563865537,51.0347891166449,14.7976986383577,0.969,3.95608738968062,3.43920674799665,0.832442903389189,0.505112958942417
1998-11-24,0.51,211.75,7.08,7.08,599.93,0.10426545067121244,658.41,27.06629,750.88,3.17552224503765,2.27054970568104,0.715016154973943,0.219528466253919,0.207214753166224,16.85,1.1541095890411,212.45,3.09468317552804,0,-16.0641,4.11759799833194,1.37608385686463,0.451685660266874,1.30108445697626,0.601283991047423,33.3877563865537,51.0347891166449,14.7976986383577,0.969,3.95608738968062,3.43920674799665,0.832442903389189,0.505112958942417
1998-11-25,2.76,226.17,2.24,2.24,429.95,0.10100715533773705,658.41,27.06629,750.88,3.17552224503765,2.27054970568104,0.715016154973943,0.219528466253919,0.207214753166224,16.85,1.1541095890411,212.45,3.09468317552804,0,-16.0641,4.11759799833194,1.37608385686463,0.451685660266874,1.30108445697626,0.601283991047423,33.3877563865537,51.0347891166449,14.7976986383577,0.969,3.95608738968062,3.43920674799665,0.832442903389189,0.505112958942417
1998-11-26,1.13,211.45,3.04,3.04,500.3,0.10752374600468782,658.41,27.06629,750.88,3.17552224503765,2.27054970568104,0.715016154973943,0.219528466253919,0.207214753166224,16.85,1.1541095890411,212.45,3.09468317552804,0,-16.0641,4.11759799833194,1.37608385686463,0.451685660266874,1.30108445697626,0.601283991047423,33.3877563865537,51.0347891166449,14.7976986383577,0.969,3.95608738968062,3.43920674799665,0.832442903389189,0.505112958942417
1998-11-27,0.15,192.76,4.28,4.28,568.33,0.11078204133816322,658.41,27.06629,750.88,3.17552224503765,2.27054970568104,0.715016154973943,0.219528466253919,0.207214753166224,16.85,1.1541095890411,212.45,3.09468317552804,0,-16.0641,4.11759799833194,1.37608385686463,0.451685660266874,1.30108445697626,0.601283991047423,33.3877563865537,51.0347891166449,14.7976986383577,0.969,3.95608738968062,3.43920674799665,0.832442903389189,0.505112958942417
1998-11-28,0.01,251.31,3.03,3.03,478.54,0.11404033667163861,658.41,27.06629,750.88,3.17552224503765,2.27054970568104,0.715016154973943,0.219528466253919,0.207214753166224,16.85,1.1541095890411,212.45,3.09468317552804,0,-16.0641,4.11759799833194,1.37608385686463,0.451685660266874,1.30108445697626,0.601283991047423,33.3877563865537,51.0347891166449,14.7976986383577,0.969,3.95608738968062,3.43920674799665,0.832442903389189,0.505112958942417
1998-11-29,0.76,206.73,5.72,5.72,590.88,0.11078204133816322,658.41,27.06629,750.88,3.17552224503765,2.27054970568104,0.715016154973943,0.219528466253919,0.207214753166224,16.85,1.1541095890411,212.45,3.09468317552804,0,-16.0641,4.11759799833194,1.37608385686463,0.451685660266874,1.30108445697626,0.601283991047423,33.3877563865537,51.0347891166449,14.7976986383577,0.969,3.95608738968062,3.43920674799665,0.832442903389189,0.505112958942417
1998-11-30,1.55,155.54,9.94,9.94,846.34,0.10426545067121244,658.41,27.06629,750.88,3.17552224503765,2.27054970568104,0.715016154973943,0.219528466253919,0.207214753166224,16.85,1.1541095890411,212.45,3.09468317552804,0,-16.0641,4.11759799833194,1.37608385686463,0.451685660266874,1.30108445697626,0.601283991047423,33.3877563865537,51.0347891166449,14.7976986383577,0.969,3.95608738968062,3.43920674799665,0.832442903389189,0.505112958942417
1998-12-01,0.4,212.7,9.67,9.67,792.81,0.11078204133816322,658.41,27.06629,750.88,3.17552224503765,2.27054970568104,0.715016154973943,0.219528466253919,0.207214753166224,16.85,1.1541095890411,212.45,3.09468317552804,0,-16.0641,4.11759799833194,1.37608385686463,0.451685660266874,1.30108445697626,0.601283991047423,33.3877563865537,51.0347891166449,14.7976986383577,0.969,3.95608738968062,3.43920674799665,0.832442903389189,0.505112958942417
1998-12-02,0.01,237.79,7.45,7.45,660.56,0.10752374600468782,658.41,27.06629,750.88,3.17552224503765,2.27054970568104,0.715016154973943,0.219528466253919,0.207214753166224,16.85,1.1541095890411,212.45,3.09468317552804,0,-16.0641,4.11759799833194,1.37608385686463,0.451685660266874,1.30108445697626,0.601283991047423,33.3877563865537,51.0347891166449,14.7976986383577,0.969,3.95608738968062,3.43920674799665,0.832442903389189,0.505112958942417
1998-12-03,0.2,195.3,8.17,8.17,718.58,0.10752374600468782,658.41,27.06629,750.88,3.17552224503765,2.27054970568104,0.715016154973943,0.219528466253919,0.207214753166224,16.85,1.1541095890411,212.45,3.09468317552804,0,-16.0641,4.11759799833194,1.37608385686463,0.451685660266874,1.30108445697626,0.601283991047423,33.3877563865537,51.0347891166449,14.7976986383577,0.969,3.95608738968062,3.43920674799665,0.832442903389189,0.505112958942417
1998-12-04,1.21,153.37,10.78,10.78,918.9,0.10100715533773705,658.41,27.06629,750.88,3.17552224503765,2.27054970568104,0.715016154973943,0.219528466253919,0.207214753166224,16.85,1.1541095890411,212.45,3.09468317552804,0,-16.0641,4.11759799833194,1.37608385686463,0.451685660266874,1.30108445697626,0.601283991047423,33.3877563865537,51.0347891166449,14.7976986383577,0.969,3.95608738968062,3.43920674799665,0.832442903389189,0.505112958942417
1998-12-05,0.36,165.0,12.45,12.45,1054.17,0.10426545067121244,658.41,27.06629,750.88,3.17552224503765,2.27054970568104,0.715016154973943,0.219528466253919,0.207214753166224,16.85,1.1541095890411,212.45,3.09468317552804,0,-16.0641,4.11759799833194,1.37608385686463,0.451685660266874,1.30108445697626,0.601283991047423,33.3877563865537,51.0347891166449,14.7976986383577,0.969,3.95608738968062,3.43920674799665,0.832442903389189,0.505112958942417
1998-12-06,0.33,143.15,13.85,13.85,1133.22,0.11078204133816322,658.41,27.06629,750.88,3.17552224503765,2.27054970568104,0.715016154973943,0.219528466253919,0.207214753166224,16.85,1.1541095890411,212.45,3.09468317552804,0,-16.0641,4.11759799833194,1.37608385686463,0.451685660266874,1.30108445697626,0.601283991047423,33.3877563865537,51.0347891166449,14.7976986383577,0.969,3.95608738968062,3.43920674799665,0.832442903389189,0.505112958942417
1998-12-07,0.17,162.22,11.66,11.66,926.85,0.10752374600468782,658.41,27.06629,750.88,3.17552224503765,2.27054970568104,0.715016154973943,0.219528466253919,0.207214753166224,16.85,1.1541095890411,212.45,3.09468317552804,0,-16.0641,4.11759799833194,1.37608385686463,0.451685660266874,1.30108445697626,0.601283991047423,33.3877563865537,51.0347891166449,14.7976986383577,0.969,3.95608738968062,3.43920674799665,0.832442903389189,0.505112958942417
1998-12-08,0.29,171.68,5.21,5.21,544.83,0.10100715533773705,658.41,27.06629,750.88,3.17552224503765,2.27054970568104,0.715016154973943,0.219528466253919,0.207214753166224,16.85,1.1541095890411,212.45,3.09468317552804,0,-16.0641,4.11759799833194,1.37608385686463,0.451685660266874,1.30108445697626,0.601283991047423,33.3877563865537,51.0347891166449,14.7976986383577,0.969,3.95608738968062,3.43920674799665,0.832442903389189,0.505112958942417
1998-12-09,0.07,222.79,0.17,0.17,370.13,0.09774886000426165,658.41,27.06629,750.88,3.17552224503765,2.27054970568104,0.715016154973943,0.219528466253919,0.207214753166224,16.85,1.1541095890411,212.45,3.09468317552804,0,-16.0641,4.11759799833194,1.37608385686463,0.451685660266874,1.30108445697626,0.601283991047423,33.3877563865537,51.0347891166449,14.7976986383577,0.969,3.95608738968062,3.43920674799665,0.832442903389189,0.505112958942417
1998-12-10,0.0,232.25,-0.91,-0.91,331.88,0.09774886000426165,658.41,27.06629,750.88,3.17552224503765,2.27054970568104,0.715016154973943,0.219528466253919,0.207214753166224,16.85,1.1541095890411,212.45,3.09468317552804,0,-16.0641,4.11759799833194,1.37608385686463,0.451685660266874,1.30108445697626,0.601283991047423,33.3877563865537,51.0347891166449,14.7976986383577,0.969,3.95608738968062,3.43920674799665,0.832442903389189,0.505112958942417
1998-12-11,0.0,224.49,-1.5,-1.5,318.86,0.09123226933731088,658.41,27.06629,750.88,3.17552224503765,2.27054970568104,0.715016154973943,0.219528466253919,0.207214753166224,16.85,1.1541095890411,212.45,3.09468317552804,0,-16.0641,4.11759799833194,1.37608385686463,0.451685660266874,1.30108445697626,0.601283991047423,33.3877563865537,51.0347891166449,14.7976986383577,0.969,3.95608738968062,3.43920674799665,0.832442903389189,0.505112958942417
1998-12-12,0.0,231.99,-1.93,-1.93,301.02,0.09449056467078627,658.41,27.06629,750.88,3.17552224503765,2.27054970568104,0.715016154973943,0.219528466253919,0.207214753166224,16.85,1.1541095890411,212.45,3.09468317552804,0,-16.0641,4.11759799833194,1.37608385686463,0.451685660266874,1.30108445697626,0.601283991047423,33.3877563865537,51.0347891166449,14.7976986383577,0.969,3.95608738968062,3.43920674799665,0.832442903389189,0.505112958942417
1998-12-13,0.0,236.79,-1.97,-1.97,283.81,0.08797397400383548,658.41,27.06629,750.88,3.17552224503765,2.27054970568104,0.715016154973943,0.219528466253919,0.207214753166224,16.85,1.1541095890411,212.45,3.09468317552804,0,-16.0641,4.11759799833194,1.37608385686463,0.451685660266874,1.30108445697626,0.601283991047423,33.3877563865537,51.0347891166449,14.7976986383577,0.969,3.95608738968062,3.43920674799665,0.832442903389189,0.505112958942417
1998-12-14,0.0,230.02,-2.44,-2.44,282.7,0.0847156786703601,658.41,27.06629,750.88,3.17552224503765,2.27054970568104,0.715016154973943,0.219528466253919,0.207214753166224,16.85,1.1541095890411,212.45,3.09468317552804,0,-16.0641,4.11759799833194,1.37608385686463,0.451685660266874,1.30108445697626,0.601283991047423,33.3877563865537,51.0347891166449,14.7976986383577,0.969,3.95608738968062,3.43920674799665,0.832442903389189,0.505112958942417
1998-12-15,0.02,225.78,-1.87,-1.87,315.5,0.08145738333688472,658.41,27.06629,750.88,3.17552224503765,2.27054970568104,0.715016154973943,0.219528466253919,0.207214753166224,16.85,1.1541095890411,212.45,3.09468317552804,0,-16.0641,4.11759799833194,1.37608385686463,0.451685660266874,1.30108445697626,0.601283991047423,33.3877563865537,51.0347891166449,14.7976986383577,0.969,3.95608738968062,3.43920674799665,0.832442903389189,0.505112958942417
1998-12-16,1.4,144.72,0.35,0.35,409.72,0.08145738333688472,658.41,27.06629,750.88,3.17552224503765,2.27054970568104,0.715016154973943,0.219528466253919,0.207214753166224,16.85,1.1541095890411,212.45,3.09468317552804,0,-16.0641,4.11759799833194,1.37608385686463,0.451685660266874,1.30108445697626,0.601283991047423,33.3877563865537,51.0347891166449,14.7976986383577,0.969,3.95608738968062,3.43920674799665,0.832442903389189,0.505112958942417
1998-12-17,1.82,125.16,-1.35,-1.35,382.21,0.09123226933731088,658.41,27.06629,750.88,3.17552224503765,2.27054970568104,0.715016154973943,0.219528466253919,0.207214753166224,16.85,1.1541095890411,212.45,3.09468317552804,0,-16.0641,4.11759799833194,1.37608385686463,0.451685660266874,1.30108445697626,0.601283991047423,33.3877563865537,51.0347891166449,14.7976986383577,0.969,3.95608738968062,3.43920674799665,0.832442903389189,0.505112958942417
1998-12-18,0.47,205.25,-4.16,-4.16,294.4,0.09123226933731088,658.41,27.06629,750.88,3.17552224503765,2.27054970568104,0.715016154973943,0.219528466253919,0.207214753166224,16.85,1.1541095890411,212.45,3.09468317552804,0,-16.0641,4.11759799833194,1.37608385686463,0.451685660266874,1.30108445697626,0.601283991047423,33.3877563865537,51.0347891166449,14.7976986383577,0.969,3.95608738968062,3.43920674799665,0.832442903389189,0.505112958942417
1998-12-19,0.1,212.62,-1.52,-1.52,355.6,0.09123226933731088,658.41,27.06629,750.88,3.17552224503765,2.27054970568104,0.715016154973943,0.219528466253919,0.207214753166224,16.85,1.1541095890411,212.45,3.09468317552804,0,-16.0641,4.11759799833194,1.37608385686463,0.451685660266874,1.30108445697626,0.601283991047423,33.3877563865537,51.0347891166449,14.7976986383577,0.969,3.95608738968062,3.43920674799665,0.832442903389189,0.505112958942417
1998-12-20,3.2,111.35,2.07,2.07,521.63,0.09774886000426165,658.41,27.06629,750.88,3.17552224503765,2.27054970568104,0.715016154973943,0.219528466253919,0.207214753166224,16.85,1.1541095890411,212.45,3.09468317552804,0,-16.0641,4.11759799833194,1.37608385686463,0.451685660266874,1.30108445697626,0.601283991047423,33.3877563865537,51.0347891166449,14.7976986383577,0.969,3.95608738968062,3.43920674799665,0.832442903389189,0.505112958942417
1998-12-21,20.95,142.38,3.12,3.12,545.3,0.09774886000426165,658.41,27.06629,750.88,3.17552224503765,2.27054970568104,0.715016154973943,0.219528466253919,0.207214753166224,16.85,1.1541095890411,212.45,3.09468317552804,0,-16.0641,4.11759799833194,1.37608385686463,0.451685660266874,1.30108445697626,0.601283991047423,33.3877563865537,51.0347891166449,14.7976986383577,0.969,3.95608738968062,3.43920674799665,0.832442903389189,0.505112958942417
1998-12-22,6.0,174.82,2.08,2.08,431.66,0.9709720093756657,658.41,27.06629,750.88,3.17552224503765,2.27054970568104,0.715016154973943,0.219528466253919,0.207214753166224,16.85,1.1541095890411,212.45,3.09468317552804,0,-16.0641,4.11759799833194,1.37608385686463,0.451685660266874,1.30108445697626,0.601283991047423,33.3877563865537,51.0347891166449,14.7976986383577,0.969,3.95608738968062,3.43920674799665,0.832442903389189,0.505112958942417
1998-12-23,0.22,218.24,-7.49,-7.49,199.85,0.46919452802045597,658.41,27.06629,750.88,3.17552224503765,2.27054970568104,0.715016154973943,0.219528466253919,0.207214753166224,16.85,1.1541095890411,212.45,3.09468317552804,0,-16.0641,4.11759799833194,1.37608385686463,0.451685660266874,1.30108445697626,0.601283991047423,33.3877563865537,51.0347891166449,14.7976986383577,0.969,3.95608738968062,3.43920674799665,0.832442903389189,0.505112958942417
1998-12-24,0.02,231.06,-9.98,-9.98,169.02,0.276955103345408,658.41,27.06629,750.88,3.17552224503765,2.27054970568104,0.715016154973943,0.219528466253919,0.207214753166224,16.85,1.1541095890411,212.45,3.09468317552804,0,-16.0641,4.11759799833194,1.37608385686463,0.451685660266874,1.30108445697626,0.601283991047423,33.3877563865537,51.0347891166449,14.7976986383577,0.969,3.95608738968062,3.43920674799665,0.832442903389189,0.505112958942417
1998-12-25,0.0,250.99,-9.41,-9.41,177.75,0.2313389686767526,658.41,27.06629,750.88,3.17552224503765,2.27054970568104,0.715016154973943,0.219528466253919,0.207214753166224,16.85,1.1541095890411,212.45,3.09468317552804,0,-16.0641,4.11759799833194,1.37608385686463,0.451685660266874,1.30108445697626,0.601283991047423,33.3877563865537,51.0347891166449,14.7976986383577,0.969,3.95608738968062,3.43920674799665,0.832442903389189,0.505112958942417
1998-12-26,0.0,258.88,-7.69,-7.69,198.35,0.21504749200937565,658.41,27.06629,750.88,3.17552224503765,2.27054970568104,0.715016154973943,0.219528466253919,0.207214753166224,16.85,1.1541095890411,212.45,3.09468317552804,0,-16.0641,4.11759799833194,1.37608385686463,0.451685660266874,1.30108445697626,0.601283991047423,33.3877563865537,51.0347891166449,14.7976986383577,0.969,3.95608738968062,3.43920674799665,0.832442903389189,0.505112958942417
1998-12-27,0.0,261.29,-5.81,-5.81,226.36,0.2020143106754741,658.41,27.06629,750.88,3.17552224503765,2.27054970568104,0.715016154973943,0.219528466253919,0.207214753166224,16.85,1.1541095890411,212.45,3.09468317552804,0,-16.0641,4.11759799833194,1.37608385686463,0.451685660266874,1.30108445697626,0.601283991047423,33.3877563865537,51.0347891166449,14.7976986383577,0.969,3.95608738968062,3.43920674799665,0.832442903389189,0.505112958942417
1998-12-28,0.15,227.84,-4.82,-4.82,240.92,0.18572283400809714,658.41,27.06629,750.88,3.17552224503765,2.27054970568104,0.715016154973943,0.219528466253919,0.207214753166224,16.85,1.1541095890411,212.45,3.09468317552804,0,-16.0641,4.11759799833194,1.37608385686463,0.451685660266874,1.30108445697626,0.601283991047423,33.3877563865537,51.0347891166449,14.7976986383577,0.969,3.95608738968062,3.43920674799665,0.832442903389189,0.505112958942417
1998-12-29,1.23,213.15,-6.21,-6.21,210.16,0.16617306200724483,658.41,27.06629,750.88,3.17552224503765,2.27054970568104,0.715016154973943,0.219528466253919,0.207214753166224,16.85,1.1541095890411,212.45,3.09468317552804,0,-16.0641,4.11759799833194,1.37608385686463,0.451685660266874,1.30108445697626,0.601283991047423,33.3877563865537,51.0347891166449,14.7976986383577,0.969,3.95608738968062,3.43920674799665,0.832442903389189,0.505112958942417
1998-12-30,0.68,219.62,-7.29,-7.29,182.11,0.16291476667376945,658.41,27.06629,750.88,3.17552224503765,2.27054970568104,0.715016154973943,0.219528466253919,0.207214753166224,16.85,1.1541095890411,212.45,3.09468317552804,0,-16.0641,4.11759799833194,1.37608385686463,0.451685660266874,1.30108445697626,0.601283991047423,33.3877563865537,51.0347891166449,14.7976986383577,0.969,3.95608738968062,3.43920674799665,0.832442903389189,0.505112958942417
1998-12-31,6.96,152.98,-10.02,-10.02,177.51,0.18898112934157255,658.41,27.06629,750.88,3.17552224503765,2.27054970568104,0.715016154973943,0.219528466253919,0.207214753166224,16.85,1.1541095890411,212.45,3.09468317552804,0,-16.0641,4.11759799833194,1.37608385686463,0.451685660266874,1.30108445697626,0.601283991047423,33.3877563865537,51.0347891166449,14.7976986383577,0.969,3.95608738968062,3.43920674799665,0.832442903389189,0.505112958942417
1999-01-01,8.93,124.22,-11.39,-11.39,170.7,0.18572283400809714,658.41,27.06629,750.88,3.17552224503765,2.27054970568104,0.715016154973943,0.219528466253919,0.207214753166224,16.85,1.1541095890411,212.45,3.09468317552804,0,-16.0641,4.11759799833194,1.37608385686463,0.451685660266874,1.30108445697626,0.601283991047423,33.3877563865537,51.0347891166449,14.7976986383577,0.969,3.95608738968062,3.43920674799665,0.832442903389189,0.505112958942417
1999-01-02,9.72,231.23,-17.37,-17.37,89.02,0.2508887406776049,658.41,27.06629,750.88,3.17552224503765,2.27054970568104,0.715016154973943,0.219528466253919,0.207214753166224,16.85,1.1541095890411,212.45,3.09468317552804,0,-16.0641,4.11759799833194,1.37608385686463,0.451685660266874,1.30108445697626,0.601283991047423,33.3877563865537,51.0347891166449,14.7976986383577,0.969,3.95608738968062,3.43920674799665,0.832442903389189,0.505112958942417
1999-01-03,3.12,269.76,-10.55,-10.55,129.67,0.1954977200085233,658.41,27.06629,750.88,3.17552224503765,2.27054970568104,0.715016154973943,0.219528466253919,0.207214753166224,16.85,1.1541095890411,212.45,3.09468317552804,0,-16.0641,4.11759799833194,1.37608385686463,0.451685660266874,1.30108445697626,0.601283991047423,33.3877563865537,51.0347891166449,14.7976986383577,0.969,3.95608738968062,3.43920674799665,0.832442903389189,0.505112958942417
1999-01-04,0.28,289.14,-6.15,-6.15,184.1,0.1694313573407202,658.41,27.06629,750.88,3.17552224503765,2.27054970568104,0.715016154973943,0.219528466253919,0.207214753166224,16.85,1.1541095890411,212.45,3.09468317552804,0,-16.0641,4.11759799833194,1.37608385686463,0.451685660266874,1.30108445697626,0.601283991047423,33.3877563865537,51.0347891166449,14.7976986383577,0.969,3.95608738968062,3.43920674799665,0.832442903389189,0.505112958942417
1999-01-05,0.99,202.83,-11.86,-11.86,136.95,0.1401066993394417,658.41,27.06629,750.88,3.17552224503765,2.27054970568104,0.715016154973943,0.219528466253919,0.207214753166224,16.85,1.1541095890411,212.45,3.09468317552804,0,-16.0641,4.11759799833194,1.37608385686463,0.451685660266874,1.30108445697626,0.601283991047423,33.3877563865537,51.0347891166449,14.7976986383577,0.969,3.95608738968062,3.43920674799665,0.832442903389189,0.505112958942417
1999-01-06,0.54,250.33,-13.03,-13.03,127.77,0.11404033667163861,658.41,27.06629,750.88,3.17552224503765,2.27054970568104,0.715016154973943,0.219528466253919,0.207214753166224,16.85,1.1541095890411,212.45,3.09468317552804,0,-16.0641,4.11759799833194,1.37608385686463,0.451685660266874,1.30108445697626,0.601283991047423,33.3877563865537,51.0347891166449,14.7976986383577,0.969,3.95608738968062,3.43920674799665,0.832442903389189,0.505112958942417
1999-01-07,1.98,196.18,-10.41,-10.41,159.55,0.10426545067121244,658.41,27.06629,750.88,3.17552224503765,2.27054970568104,0.715016154973943,0.219528466253919,0.207214753166224,16.85,1.1541095890411,212.45,3.09468317552804,0,-16.0641,4.11759799833194,1.37608385686463,0.451685660266874,1.30108445697626,0.601283991047423,33.3877563865537,51.0347891166449,14.7976986383577,0.969,3.95608738968062,3.43920674799665,0.832442903389189,0.505112958942417
1999-01-08,5.04,233.11,-13.62,-13.62,124.58,0.10100715533773705,658.41,27.06629,750.88,3.17552224503765,2.27054970568104,0.715016154973943,0.219528466253919,0.207214753166224,16.85,1.1541095890411,212.45,3.09468317552804,0,-16.0641,4.11759799833194,1.37608385686463,0.451685660266874,1.30108445697626,0.601283991047423,33.3877563865537,51.0347891166449,14.7976986383577,0.969,3.95608738968062,3.43920674799665,0.832442903389189,0.505112958942417
1999-01-09,2.4,222.45,-8.45,-8.45,179.21,0.10752374600468782,658.41,27.06629,750.88,3.17552224503765,2.27054970568104,0.715016154973943,0.219528466253919,0.207214753166224,16.85,1.1541095890411,212.45,3.09468317552804,0,-16.0641,4.11759799833194,1.37608385686463,0.451685660266874,1.30108445697626,0.601283991047423,33.3877563865537,51.0347891166449,14.7976986383577,0.969,3.95608738968062,3.43920674799665,0.832442903389189,0.505112958942417
1999-01-10,2.54,237.57,-11.66,-11.66,129.21,0.11404033667163861,658.41,27.06629,750.88,3.17552224503765,2.27054970568104,0.715016154973943,0.219528466253919,0.207214753166224,16.85,1.1541095890411,212.45,3.09468317552804,0,-16.0641,4.11759799833194,1.37608385686463,0.451685660266874,1.30108445697626,0.601283991047423,33.3877563865537,51.0347891166449,14.7976986383577,0.969,3.95608738968062,3.43920674799665,0.832442903389189,0.505112958942417
1999-01-11,6.04,240.03,-12.89,-12.89,120.31,0.11404033667163861,658.41,27.06629,750.88,3.17552224503765,2.27054970568104,0.715016154973943,0.219528466253919,0.207214753166224,16.85,1.1541095890411,212.45,3.09468317552804,0,-16.0641,4.11759799833194,1.37608385686463,0.451685660266874,1.30108445697626,0.601283991047423,33.3877563865537,51.0347891166449,14.7976986383577,0.969,3.95608738968062,3.43920674799665,0.832442903389189,0.505112958942417
1999-01-12,8.78,247.25,-8.08,-8.08,183.77,0.11078204133816322,658.41,27.06629,750.88,3.17552224503765,2.27054970568104,0.715016154973943,0.219528466253919,0.207214753166224,16.85,1.1541095890411,212.45,3.09468317552804,0,-16.0641,4.11759799833194,1.37608385686463,0.451685660266874,1.30108445697626,0.601283991047423,33.3877563865537,51.0347891166449,14.7976986383577,0.969,3.95608738968062,3.43920674799665,0.832442903389189,0.505112958942417
1999-01-13,13.88,227.64,-4.9,-4.9,236.07,0.11078204133816322,658.41,27.06629,750.88,3.17552224503765,2.27054970568104,0.715016154973943,0.219528466253919,0.207214753166224,16.85,1.1541095890411,212.45,3.09468317552804,0,-16.0641,4.11759799833194,1.37608385686463,0.451685660266874,1.30108445697626,0.601283991047423,33.3877563865537,51.0347891166449,14.7976986383577,0.969,3.95608738968062,3.43920674799665,0.832442903389189,0.505112958942417
1999-01-14,10.76,253.44,-12.14,-12.14,133.87,0.11404033667163861,658.41,27.06629,750.88,3.17552224503765,2.27054970568104,0.715016154973943,0.219528466253919,0.207214753166224,16.85,1.1541095890411,212.45,3.09468317552804,0,-16.0641,4.11759799833194,1.37608385686463,0.451685660266874,1.30108445697626,0.601283991047423,33.3877563865537,51.0347891166449,14.7976986383577,0.969,3.95608738968062,3.43920674799665,0.832442903389189,0.505112958942417
1999-01-15,2.64,272.93,-10.23,-10.23,156.07,0.13033181333901556,658.41,27.06629,750.88,3.17552224503765,2.27054970568104,0.715016154973943,0.219528466253919,0.207214753166224,16.85,1.1541095890411,212.45,3.09468317552804,0,-16.0641,4.11759799833194,1.37608385686463,0.451685660266874,1.30108445697626,0.601283991047423,33.3877563865537,51.0347891166449,14.7976986383577,0.969,3.95608738968062,3.43920674799665,0.832442903389189,0.505112958942417
1999-01-16,1.66,257.83,-7.48,-7.48,190.85,0.1401066993394417,658.41,27.06629,750.88,3.17552224503765,2.27054970568104,0.715016154973943,0.219528466253919,0.207214753166224,16.85,1.1541095890411,212.45,3.09468317552804,0,-16.0641,4.11759799833194,1.37608385686463,0.451685660266874,1.30108445697626,0.601283991047423,33.3877563865537,51.0347891166449,14.7976986383577,0.969,3.95608738968062,3.43920674799665,0.832442903389189,0.505112958942417
1999-01-17,4.73,269.12,-4.6,-4.6,221.94,0.1433649946729171,658.41,27.06629,750.88,3.17552224503765,2.27054970568104,0.715016154973943,0.219528466253919,0.207214753166224,16.85,1.1541095890411,212.45,3.09468317552804,0,-16.0641,4.11759799833194,1.37608385686463,0.451685660266874,1.30108445697626,0.601283991047423,33.3877563865537,51.0347891166449,14.7976986383577,0.969,3.95608738968062,3.43920674799665,0.832442903389189,0.505112958942417
1999-01-18,3.95,264.5,-1.84,-1.84,305.49,0.16617306200724483,658.41,27.06629,750.88,3.17552224503765,2.27054970568104,0.715016154973943,0.219528466253919,0.207214753166224,16.85,1.1541095890411,212.45,3.09468317552804,0,-16.0641,4.11759799833194,1.37608385686463,0.451685660266874,1.30108445697626,0.601283991047423,33.3877563865537,51.0347891166449,14.7976986383577,0.969,3.95608738968062,3.43920674799665,0.832442903389189,0.505112958942417
1999-01-19,0.74,254.78,1.36,1.36,426.46,0.19875601534199872,658.41,27.06629,750.88,3.17552224503765,2.27054970568104,0.715016154973943,0.219528466253919,0.207214753166224,16.85,1.1541095890411,212.45,3.09468317552804,0,-16.0641,4.11759799833194,1.37608385686463,0.451685660266874,1.30108445697626,0.601283991047423,33.3877563865537,51.0347891166449,14.7976986383577,0.969,3.95608738968062,3.43920674799665,0.832442903389189,0.505112958942417
1999-01-20,0.06,271.03,-4.42,-4.42,252.82,0.2899882846793096,658.41,27.06629,750.88,3.17552224503765,2.27054970568104,0.715016154973943,0.219528466253919,0.207214753166224,16.85,1.1541095890411,212.45,3.09468317552804,0,-16.0641,4.11759799833194,1.37608385686463,0.451685660266874,1.30108445697626,0.601283991047423,33.3877563865537,51.0347891166449,14.7976986383577,0.969,3.95608738968062,3.43920674799665,0.832442903389189,0.505112958942417
1999-01-21,1.08,268.59,-4.41,-4.41,246.18,0.33560441934796503,658.41,27.06629,750.88,3.17552224503765,2.27054970568104,0.715016154973943,0.219528466253919,0.207214753166224,16.85,1.1541095890411,212.45,3.09468317552804,0,-16.0641,4.11759799833194,1.37608385686463,0.451685660266874,1.30108445697626,0.601283991047423,33.3877563865537,51.0347891166449,14.7976986383577,0.969,3.95608738968062,3.43920674799665,0.832442903389189,0.505112958942417
1999-01-22,4.31,257.89,-1.19,-1.19,369.27,0.35841248668229275,658.41,27.06629,750.88,3.17552224503765,2.27054970568104,0.715016154973943,0.219528466253919,0.207214753166224,16.85,1.1541095890411,212.45,3.09468317552804,0,-16.0641,4.11759799833194,1.37608385686463,0.451685660266874,1.30108445697626,0.601283991047423,33.3877563865537,51.0347891166449,14.7976986383577,0.969,3.95608738968062,3.43920674799665,0.832442903389189,0.505112958942417
1999-01-23,3.73,201.46,4.5,4.5,621.4,2.76955103345408,658.41,27.06629,750.88,3.17552224503765,2.27054970568104,0.715016154973943,0.219528466253919,0.207214753166224,16.85,1.1541095890411,212.45,3.09468317552804,0,-16.0641,4.11759799833194,1.37608385686463,0.451685660266874,1.30108445697626,0.601283991047423,33.3877563865537,51.0347891166449,14.7976986383577,0.969,3.95608738968062,3.43920674799665,0.832442903389189,0.505112958942417
1999-01-24,4.82,249.66,6.09,6.09,628.95,15.542068740677605,658.41,27.06629,750.88,3.17552224503765,2.27054970568104,0.715016154973943,0.219528466253919,0.207214753166224,16.85,1.1541095890411,212.45,3.09468317552804,0,-16.0641,4.11759799833194,1.37608385686463,0.451685660266874,1.30108445697626,0.601283991047423,33.3877563865537,51.0347891166449,14.7976986383577,0.969,3.95608738968062,3.43920674799665,0.832442903389189,0.505112958942417
1999-01-25,2.47,181.74,0.73,0.73,458.28,6.581756573620285,658.41,27.06629,750.88,3.17552224503765,2.27054970568104,0.715016154973943,0.219528466253919,0.207214753166224,16.85,1.1541095890411,212.45,3.09468317552804,0,-16.0641,4.11759799833194,1.37608385686463,0.451685660266874,1.30108445697626,0.601283991047423,33.3877563865537,51.0347891166449,14.7976986383577,0.969,3.95608738968062,3.43920674799665,0.832442903389189,0.505112958942417
1999-01-26,0.36,212.11,-2.09,-2.09,374.51,3.421210100149158,658.41,27.06629,750.88,3.17552224503765,2.27054970568104,0.715016154973943,0.219528466253919,0.207214753166224,16.85,1.1541095890411,212.45,3.09468317552804,0,-16.0641,4.11759799833194,1.37608385686463,0.451685660266874,1.30108445697626,0.601283991047423,33.3877563865537,51.0347891166449,14.7976986383577,0.969,3.95608738968062,3.43920674799665,0.832442903389189,0.505112958942417
1999-01-27,0.16,291.7,-5.1,-5.1,248.26,2.3818138887705094,658.41,27.06629,750.88,3.17552224503765,2.27054970568104,0.715016154973943,0.219528466253919,0.207214753166224,16.85,1.1541095890411,212.45,3.09468317552804,0,-16.0641,4.11759799833194,1.37608385686463,0.451685660266874,1.30108445697626,0.601283991047423,33.3877563865537,51.0347891166449,14.7976986383577,0.969,3.95608738968062,3.43920674799665,0.832442903389189,0.505112958942417
1999-01-28,0.06,325.44,-1.25,-1.25,317.15,2.5512452461112294,658.41,27.06629,750.88,3.17552224503765,2.27054970568104,0.715016154973943,0.219528466253919,0.207214753166224,16.85,1.1541095890411,212.45,3.09468317552804,0,-16.0641,4.11759799833194,1.37608385686463,0.451685660266874,1.30108445697626,0.601283991047423,33.3877563865537,51.0347891166449,14.7976986383577,0.969,3.95608738968062,3.43920674799665,0.832442903389189,0.505112958942417
1999-01-29,0.02,263.97,-3.61,-3.61,298.97,2.254740370764969,658.41,27.06629,750.88,3.17552224503765,2.27054970568104,0.715016154973943,0.219528466253919,0.207214753166224,16.85,1.1541095890411,212.45,3.09468317552804,0,-16.0641,4.11759799833194,1.37608385686463,0.451685660266874,1.30108445697626,0.601283991047423,33.3877563865537,51.0347891166449,14.7976986383577,0.969,3.95608738968062,3.43920674799665,0.832442903389189,0.505112958942417
1999-01-30,0.01,246.89,-4.45,-4.45,286.38,1.678022096739825,658.41,27.06629,750.88,3.17552224503765,2.27054970568104,0.715016154973943,0.219528466253919,0.207214753166224,16.85,1.1541095890411,212.45,3.09468317552804,0,-16.0641,4.11759799833194,1.37608385686463,0.451685660266874,1.30108445697626,0.601283991047423,33.3877563865537,51.0347891166449,14.7976986383577,0.969,3.95608738968062,3.43920674799665,0.832442903389189,0.505112958942417
1999-01-31,0.61,319.69,-8.78,-8.78,168.5,1.140403366716386,658.41,27.06629,750.88,3.17552224503765,2.27054970568104,0.715016154973943,0.219528466253919,0.207214753166224,16.85,1.1541095890411,212.45,3.09468317552804,0,-16.0641,4.11759799833194,1.37608385686463,0.451685660266874,1.30108445697626,0.601283991047423,33.3877563865537,51.0347891166449,14.7976986383577,0.969,3.95608738968062,3.43920674799665,0.832442903389189,0.505112958942417
1999-02-01,2.82,290.37,-6.44,-6.44,204.08,1.107820413381632,658.41,27.06629,750.88,3.17552224503765,2.27054970568104,0.715016154973943,0.219528466253919,0.207214753166224,16.85,1.1541095890411,212.45,3.09468317552804,0,-16.0641,4.11759799833194,1.37608385686463,0.451685660266874,1.30108445697626,0.601283991047423,33.3877563865537,51.0347891166449,14.7976986383577,0.969,3.95608738968062,3.43920674799665,0.832442903389189,0.505112958942417
1999-02-02,0.94,309.63,-2.27,-2.27,308.83,1.4890409673982525,658.41,27.06629,750.88,3.17552224503765,2.27054970568104,0.715016154973943,0.219528466253919,0.207214753166224,16.85,1.1541095890411,212.45,3.09468317552804,0,-16.0641,4.11759799833194,1.37608385686463,0.451685660266874,1.30108445697626,0.601283991047423,33.3877563865537,51.0347891166449,14.7976986383577,0.969,3.95608738968062,3.43920674799665,0.832442903389189,0.505112958942417
1999-02-03,0.06,290.86,0.78,0.78,438.1,2.241707189431067,658.41,27.06629,750.88,3.17552224503765,2.27054970568104,0.715016154973943,0.219528466253919,0.207214753166224,16.85,1.1541095890411,212.45,3.09468317552804,0,-16.0641,4.11759799833194,1.37608385686463,0.451685660266874,1.30108445697626,0.601283991047423,33.3877563865537,51.0347891166449,14.7976986383577,0.969,3.95608738968062,3.43920674799665,0.832442903389189,0.505112958942417
1999-02-04,0.54,223.63,1.57,1.57,475.29,1.9843018580865117,658.41,27.06629,750.88,3.17552224503765,2.27054970568104,0.715016154973943,0.219528466253919,0.207214753166224,16.85,1.1541095890411,212.45,3.09468317552804,0,-16.0641,4.11759799833194,1.37608385686463,0.451685660266874,1.30108445697626,0.601283991047423,33.3877563865537,51.0347891166449,14.7976986383577,0.969,3.95608738968062,3.43920674799665,0.832442903389189,0.505112958942417
1999-02-05,0.14,352.58,-2.47,-2.47,323.95,1.7562211847432343,658.41,27.06629,750.88,3.17552224503765,2.27054970568104,0.715016154973943,0.219528466253919,0.207214753166224,16.85,1.1541095890411,212.45,3.09468317552804,0,-16.0641,4.11759799833194,1.37608385686463,0.451685660266874,1.30108445697626,0.601283991047423,33.3877563865537,51.0347891166449,14.7976986383577,0.969,3.95608738968062,3.43920674799665,0.832442903389189,0.505112958942417
1999-02-06,1.28,238.96,-2.1,-2.1,356.33,1.4466831280630725,658.41,27.06629,750.88,3.17552224503765,2.27054970568104,0.715016154973943,0.219528466253919,0.207214753166224,16.85,1.1541095890411,212.45,3.09468317552804,0,-16.0641,4.11759799833194,1.37608385686463,0.451685660266874,1.30108445697626,0.601283991047423,33.3877563865537,51.0347891166449,14.7976986383577,0.969,3.95608738968062,3.43920674799665,0.832442903389189,0.505112958942417
1999-02-07,5.69,211.21,-0.87,-0.87,411.52,1.3228679053910077,658.41,27.06629,750.88,3.17552224503765,2.27054970568104,0.715016154973943,0.219528466253919,0.207214753166224,16.85,1.1541095890411,212.45,3.09468317552804,0,-16.0641,4.11759799833194,1.37608385686463,0.451685660266874,1.30108445697626,0.601283991047423,33.3877563865537,51.0347891166449,14.7976986383577,0.969,3.95608738968062,3.43920674799665,0.832442903389189,0.505112958942417
1999-02-08,1.44,242.63,-2.72,-2.72,355.75,1.1860195013850414,658.41,27.06629,750.88,3.17552224503765,2.27054970568104,0.715016154973943,0.219528466253919,0.207214753166224,16.85,1.1541095890411,212.45,3.09468317552804,0,-16.0641,4.11759799833194,1.37608385686463,0.451685660266874,1.30108445697626,0.601283991047423,33.3877563865537,51.0347891166449,14.7976986383577,0.969,3.95608738968062,3.43920674799665,0.832442903389189,0.505112958942417
1999-02-09,0.01,370.36,-2.71,-2.71,334.19,1.1241118900490092,658.41,27.06629,750.88,3.17552224503765,2.27054970568104,0.715016154973943,0.219528466253919,0.207214753166224,16.85,1.1541095890411,212.45,3.09468317552804,0,-16.0641,4.11759799833194,1.37608385686463,0.451685660266874,1.30108445697626,0.601283991047423,33.3877563865537,51.0347891166449,14.7976986383577,0.969,3.95608738968062,3.43920674799665,0.832442903389189,0.505112958942417
1999-02-10,0.0,361.41,1.91,1.91,429.42,1.3717423353931386,658.41,27.06629,750.88,3.17552224503765,2.27054970568104,0.715016154973943,0.219528466253919,0.207214753166224,16.85,1.1541095890411,212.45,3.09468317552804,0,-16.0641,4.11759799833194,1.37608385686463,0.451685660266874,1.30108445697626,0.601283991047423,33.3877563865537,51.0347891166449,14.7976986383577,0.969,3.95608738968062,3.43920674799665,0.832442903389189,0.505112958942417
1999-02-11,0.0,390.76,-0.03,-0.03,352.48,1.316351314724057,658.41,27.06629,750.88,3.17552224503765,2.27054970568104,0.715016154973943,0.219528466253919,0.207214753166224,16.85,1.1541095890411,212.45,3.09468317552804,0,-16.0641,4.11759799833194,1.37608385686463,0.451685660266874,1.30108445697626,0.601283991047423,33.3877563865537,51.0347891166449,14.7976986383577,0.969,3.95608738968062,3.43920674799665,0.832442903389189,0.505112958942417
1999-02-12,3.57,319.96,1.79,1.79,350.16,2.5512452461112294,658.41,27.06629,750.88,3.17552224503765,2.27054970568104,0.715016154973943,0.219528466253919,0.207214753166224,16.85,1.1541095890411,212.45,3.09468317552804,0,-16.0641,4.11759799833194,1.37608385686463,0.451685660266874,1.30108445697626,0.601283991047423,33.3877563865537,51.0347891166449,14.7976986383577,0.969,3.95608738968062,3.43920674799665,0.832442903389189,0.505112958942417
1999-02-13,1.28,320.12,-0.26,-0.26,277.27,2.3948470701044107,658.41,27.06629,750.88,3.17552224503765,2.27054970568104,0.715016154973943,0.219528466253919,0.207214753166224,16.85,1.1541095890411,212.45,3.09468317552804,0,-16.0641,4.11759799833194,1.37608385686463,0.451685660266874,1.30108445697626,0.601283991047423,33.3877563865537,51.0347891166449,14.7976986383577,0.969,3.95608738968062,3.43920674799665,0.832442903389189,0.505112958942417
1999-02-14,0.09,405.96,-9.31,-9.31,153.02,1.6291476667376945,658.41,27.06629,750.88,3.17552224503765,2.27054970568104,0.715016154973943,0.219528466253919,0.207214753166224,16.85,1.1541095890411,212.45,3.09468317552804,0,-16.0641,4.11759799833194,1.37608385686463,0.451685660266874,1.30108445697626,0.601283991047423,33.3877563865537,51.0347891166449,14.7976986383577,0.969,3.95608738968062,3.43920674799665,0.832442903389189,0.505112958942417
1999-02-15,0.0,403.71,-7.86,-7.86,195.82,1.5313988067334328,658.41,27.06629,750.88,3.17552224503765,2.27054970568104,0.715016154973943,0.219528466253919,0.207214753166224,16.85,1.1541095890411,212.45,3.09468317552804,0,-16.0641,4.11759799833194,1.37608385686463,0.451685660266874,1.30108445697626,0.601283991047423,33.3877563865537,51.0347891166449,14.7976986383577,0.969,3.95608738968062,3.43920674799665,0.832442903389189,0.505112958942417
1999-02-16,0.17,328.14,-0.87,-0.87,338.15,1.5118490347325804,658.41,27.06629,750.88,3.17552224503765,2.27054970568104,0.715016154973943,0.219528466253919,0.207214753166224,16.85,1.1541095890411,212.45,3.09468317552804,0,-16.0641,4.11759799833194,1.37608385686463,0.451685660266874,1.30108445697626,0.601283991047423,33.3877563865537,51.0347891166449,14.7976986383577,0.969,3.95608738968062,3.43920674799665,0.832442903389189,0.505112958942417
1999-02-17,0.06,377.39,3.65,3.65,453.47,1.7073467547411034,658.41,27.06629,750.88,3.17552224503765,2.27054970568104,0.715016154973943,0.219528466253919,0.207214753166224,16.85,1.1541095890411,212.45,3.09468317552804,0,-16.0641,4.11759799833194,1.37608385686463,0.451685660266874,1.30108445697626,0.601283991047423,33.3877563865537,51.0347891166449,14.7976986383577,0.969,3.95608738968062,3.43920674799665,0.832442903389189,0.505112958942417
1999-02-18,0.0,349.03,2.05,2.05,434.08,1.7236382314084806,658.41,27.06629,750.88,3.17552224503765,2.27054970568104,0.715016154973943,0.219528466253919,0.207214753166224,16.85,1.1541095890411,212.45,3.09468317552804,0,-16.0641,4.11759799833194,1.37608385686463,0.451685660266874,1.30108445697626,0.601283991047423,33.3877563865537,51.0347891166449,14.7976986383577,0.969,3.95608738968062,3.43920674799665,0.832442903389189,0.505112958942417
1999-02-19,0.08,229.36,-2.65,-2.65,337.63,1.3782589260600893,658.41,27.06629,750.88,3.17552224503765,2.27054970568104,0.715016154973943,0.219528466253919,0.207214753166224,16.85,1.1541095890411,212.45,3.09468317552804,0,-16.0641,4.11759799833194,1.37608385686463,0.451685660266874,1.30108445697626,0.601283991047423,33.3877563865537,51.0347891166449,14.7976986383577,0.969,3.95608738968062,3.43920674799665,0.832442903389189,0.505112958942417
1999-02-20,0.32,277.09,-6.57,-6.57,241.35,1.199052682718943,658.41,27.06629,750.88,3.17552224503765,2.27054970568104,0.715016154973943,0.219528466253919,0.207214753166224,16.85,1.1541095890411,212.45,3.09468317552804,0,-16.0641,4.11759799833194,1.37608385686463,0.451685660266874,1.30108445697626,0.601283991047423,33.3877563865537,51.0347891166449,14.7976986383577,0.969,3.95608738968062,3.43920674799665,0.832442903389189,0.505112958942417
1999-02-21,0.08,364.39,-7.92,-7.92,195.38,1.0589459833795014,658.41,27.06629,750.88,3.17552224503765,2.27054970568104,0.715016154973943,0.219528466253919,0.207214753166224,16.85,1.1541095890411,212.45,3.09468317552804,0,-16.0641,4.11759799833194,1.37608385686463,0.451685660266874,1.30108445697626,0.601283991047423,33.3877563865537,51.0347891166449,14.7976986383577,0.969,3.95608738968062,3.43920674799665,0.832442903389189,0.505112958942417
1999-02-22,0.0,423.94,-11.5,-11.5,131.56,0.9123226933731089,658.41,27.06629,750.88,3.17552224503765,2.27054970568104,0.715016154973943,0.219528466253919,0.207214753166224,16.85,1.1541095890411,212.45,3.09468317552804,0,-16.0641,4.11759799833194,1.37608385686463,0.451685660266874,1.30108445697626,0.601283991047423,33.3877563865537,51.0347891166449,14.7976986383577,0.969,3.95608738968062,3.43920674799665,0.832442903389189,0.505112958942417
1999-02-23,0.0,435.44,-12.91,-12.91,117.85,0.9123226933731089,658.41,27.06629,750.88,3.17552224503765,2.27054970568104,0.715016154973943,0.219528466253919,0.207214753166224,16.85,1.1541095890411,212.45,3.09468317552804,0,-16.0641,4.11759799833194,1.37608385686463,0.451685660266874,1.30108445697626,0.601283991047423,33.3877563865537,51.0347891166449,14.7976986383577,0.969,3.95608738968062,3.43920674799665,0.832442903389189,0.505112958942417
1999-02-24,0.0,434.9,-9.09,-9.09,171.01,0.8145738333688473,658.41,27.06629,750.88,3.17552224503765,2.27054970568104,0.715016154973943,0.219528466253919,0.207214753166224,16.85,1.1541095890411,212.45,3.09468317552804,0,-16.0641,4.11759799833194,1.37608385686463,0.451685660266874,1.30108445697626,0.601283991047423,33.3877563865537,51.0347891166449,14.7976986383577,0.969,3.95608738968062,3.43920674799665,0.832442903389189,0.505112958942417
1999-02-25,0.03,347.87,-5.49,-5.49,235.91,0.7168249733645855,658.41,27.06629,750.88,3.17552224503765,2.27054970568104,0.715016154973943,0.219528466253919,0.207214753166224,16.85,1.1541095890411,212.45,3.09468317552804,0,-16.0641,4.11759799833194,1.37608385686463,0.451685660266874,1.30108445697626,0.601283991047423,33.3877563865537,51.0347891166449,14.7976986383577,0.969,3.95608738968062,3.43920674799665,0.832442903389189,0.505112958942417
1999-02-26,0.01,414.52,-6.15,-6.15,223.54,0.6190761133603239,658.41,27.06629,750.88,3.17552224503765,2.27054970568104,0.715016154973943,0.219528466253919,0.207214753166224,16.85,1.1541095890411,212.45,3.09468317552804,0,-16.0641,4.11759799833194,1.37608385686463,0.451685660266874,1.30108445697626,0.601283991047423,33.3877563865537,51.0347891166449,14.7976986383577,0.969,3.95608738968062,3.43920674799665,0.832442903389189,0.505112958942417
1999-02-27,1.16,351.73,-4.5,-4.5,247.74,0.553910206690816,658.41,27.06629,750.88,3.17552224503765,2.27054970568104,0.715016154973943,0.219528466253919,0.207214753166224,16.85,1.1541095890411,212.45,3.09468317552804,0,-16.0641,4.11759799833194,1.37608385686463,0.451685660266874,1.30108445697626,0.601283991047423,33.3877563865537,51.0347891166449,14.7976986383577,0.969,3.95608738968062,3.43920674799665,0.832442903389189,0.505112958942417
1999-02-28,2.58,346.01,-0.99,-0.99,338.66,0.6646922480289793,658.41,27.06629,750.88,3.17552224503765,2.27054970568104,0.715016154973943,0.219528466253919,0.207214753166224,16.85,1.1541095890411,212.45,3.09468317552804,0,-16.0641,4.11759799833194,1.37608385686463,0.451685660266874,1.30108445697626,0.601283991047423,33.3877563865537,51.0347891166449,14.7976986383577,0.969,3.95608738968062,3.43920674799665,0.832442903389189,0.505112958942417
1999-03-01,1.63,187.82,0.37,0.37,446.23,0.729858154698487,658.41,27.06629,750.88,3.17552224503765,2.27054970568104,0.715016154973943,0.219528466253919,0.207214753166224,16.85,1.1541095890411,212.45,3.09468317552804,0,-16.0641,4.11759799833194,1.37608385686463,0.451685660266874,1.30108445697626,0.601283991047423,33.3877563865537,51.0347891166449,14.7976986383577,0.969,3.95608738968062,3.43920674799665,0.832442903389189,0.505112958942417
1999-03-02,4.29,286.91,-1.32,-1.32,396.62,0.6255927040272746,658.41,27.06629,750.88,3.17552224503765,2.27054970568104,0.715016154973943,0.219528466253919,0.207214753166224,16.85,1.1541095890411,212.45,3.09468317552804,0,-16.0641,4.11759799833194,1.37608385686463,0.451685660266874,1.30108445697626,0.601283991047423,33.3877563865537,51.0347891166449,14.7976986383577,0.969,3.95608738968062,3.43920674799665,0.832442903389189,0.505112958942417
1999-03-03,20.93,320.02,0.47,0.47,405.44,0.8438984913701257,658.41,27.06629,750.88,3.17552224503765,2.27054970568104,0.715016154973943,0.219528466253919,0.207214753166224,16.85,1.1541095890411,212.45,3.09468317552804,0,-16.0641,4.11759799833194,1.37608385686463,0.451685660266874,1.30108445697626,0.601283991047423,33.3877563865537,51.0347891166449,14.7976986383577,0.969,3.95608738968062,3.43920674799665,0.832442903389189,0.505112958942417
1999-03-04,9.45,364.59,-0.72,-0.72,306.57,3.5841248668229277,658.41,27.06629,750.88,3.17552224503765,2.27054970568104,0.715016154973943,0.219528466253919,0.207214753166224,16.85,1.1541095890411,212.45,3.09468317552804,0,-16.0641,4.11759799833194,1.37608385686463,0.451685660266874,1.30108445697626,0.601283991047423,33.3877563865537,51.0347891166449,14.7976986383577,0.969,3.95608738968062,3.43920674799665,0.832442903389189,0.505112958942417
1999-03-05,2.88,375.82,-7.35,-7.35,185.48,1.9549772000852332,658.41,27.06629,750.88,3.17552224503765,2.27054970568104,0.715016154973943,0.219528466253919,0.207214753166224,16.85,1.1541095890411,212.45,3.09468317552804,0,-16.0641,4.11759799833194,1.37608385686463,0.451685660266874,1.30108445697626,0.601283991047423,33.3877563865537,51.0347891166449,14.7976986383577,0.969,3.95608738968062,3.43920674799665,0.832442903389189,0.505112958942417
1999-03-06,9.87,326.77,-5.69,-5.69,225.84,1.6291476667376945,658.41,27.06629,750.88,3.17552224503765,2.27054970568104,0.715016154973943,0.219528466253919,0.207214753166224,16.85,1.1541095890411,212.45,3.09468317552804,0,-16.0641,4.11759799833194,1.37608385686463,0.451685660266874,1.30108445697626,0.601283991047423,33.3877563865537,51.0347891166449,14.7976986383577,0.969,3.95608738968062,3.43920674799665,0.832442903389189,0.505112958942417
1999-03-07,2.48,426.33,-10.06,-10.06,153.4,1.3684840400596632,658.41,27.06629,750.88,3.17552224503765,2.27054970568104,0.715016154973943,0.219528466253919,0.207214753166224,16.85,1.1541095890411,212.45,3.09468317552804,0,-16.0641,4.11759799833194,1.37608385686463,0.451685660266874,1.30108445697626,0.601283991047423,33.3877563865537,51.0347891166449,14.7976986383577,0.969,3.95608738968062,3.43920674799665,0.832442903389189,0.505112958942417
1999-03-08,0.0,507.65,-15.05,-15.05,81.89,1.3033181333901556,658.41,27.06629,750.88,3.17552224503765,2.27054970568104,0.715016154973943,0.219528466253919,0.207214753166224,16.85,1.1541095890411,212.45,3.09468317552804,0,-16.0641,4.11759799833194,1.37608385686463,0.451685660266874,1.30108445697626,0.601283991047423,33.3877563865537,51.0347891166449,14.7976986383577,0.969,3.95608738968062,3.43920674799665,0.832442903389189,0.505112958942417
1999-03-09,0.08,461.68,-12.68,-12.68,113.19,1.2055692733858938,658.41,27.06629,750.88,3.17552224503765,2.27054970568104,0.715016154973943,0.219528466253919,0.207214753166224,16.85,1.1541095890411,212.45,3.09468317552804,0,-16.0641,4.11759799833194,1.37608385686463,0.451685660266874,1.30108445697626,0.601283991047423,33.3877563865537,51.0347891166449,14.7976986383577,0.969,3.95608738968062,3.43920674799665,0.832442903389189,0.505112958942417
1999-03-10,0.02,459.13,-8.08,-8.08,178.03,1.140403366716386,658.41,27.06629,750.88,3.17552224503765,2.27054970568104,0.715016154973943,0.219528466253919,0.207214753166224,16.85,1.1541095890411,212.45,3.09468317552804,0,-16.0641,4.11759799833194,1.37608385686463,0.451685660266874,1.30108445697626,0.601283991047423,33.3877563865537,51.0347891166449,14.7976986383577,0.969,3.95608738968062,3.43920674799665,0.832442903389189,0.505112958942417
1999-03-11,0.0,481.92,-8.51,-8.51,176.21,1.0426545067121245,658.41,27.06629,750.88,3.17552224503765,2.27054970568104,0.715016154973943,0.219528466253919,0.207214753166224,16.85,1.1541095890411,212.45,3.09468317552804,0,-16.0641,4.11759799833194,1.37608385686463,0.451685660266874,1.30108445697626,0.601283991047423,33.3877563865537,51.0347891166449,14.7976986383577,0.969,3.95608738968062,3.43920674799665,0.832442903389189,0.505112958942417
1999-03-12,0.0,406.44,-6.87,-6.87,215.08,0.9774886000426166,658.41,27.06629,750.88,3.17552224503765,2.27054970568104,0.715016154973943,0.219528466253919,0.207214753166224,16.85,1.1541095890411,212.45,3.09468317552804,0,-16.0641,4.11759799833194,1.37608385686463,0.451685660266874,1.30108445697626,0.601283991047423,33.3877563865537,51.0347891166449,14.7976986383577,0.969,3.95608738968062,3.43920674799665,0.832442903389189,0.505112958942417
1999-03-13,0.0,499.03,-6.58,-6.58,202.79,0.8797397400383549,658.41,27.06629,750.88,3.17552224503765,2.27054970568104,0.715016154973943,0.219528466253919,0.207214753166224,16.85,1.1541095890411,212.45,3.09468317552804,0,-16.0641,4.11759799833194,1.37608385686463,0.451685660266874,1.30108445697626,0.601283991047423,33.3877563865537,51.0347891166449,14.7976986383577,0.969,3.95608738968062,3.43920674799665,0.832442903389189,0.505112958942417
1999-03-14,0.0,485.82,-5.47,-5.47,226.87,0.8276070147027488,658.41,27.06629,750.88,3.17552224503765,2.27054970568104,0.715016154973943,0.219528466253919,0.207214753166224,16.85,1.1541095890411,212.45,3.09468317552804,0,-16.0641,4.11759799833194,1.37608385686463,0.451685660266874,1.30108445697626,0.601283991047423,33.3877563865537,51.0347891166449,14.7976986383577,0.969,3.95608738968062,3.43920674799665,0.832442903389189,0.505112958942417
1999-03-15,0.0,459.33,-3.33,-3.33,277.06,0.8015406520349456,658.41,27.06629,750.88,3.17552224503765,2.27054970568104,0.715016154973943,0.219528466253919,0.207214753166224,16.85,1.1541095890411,212.45,3.09468317552804,0,-16.0641,4.11759799833194,1.37608385686463,0.451685660266874,1.30108445697626,0.601283991047423,33.3877563865537,51.0347891166449,14.7976986383577,0.969,3.95608738968062,3.43920674799665,0.832442903389189,0.505112958942417
1999-03-16,0.0,515.82,-2.75,-2.75,284.07,0.8015406520349456,658.41,27.06629,750.88,3.17552224503765,2.27054970568104,0.715016154973943,0.219528466253919,0.207214753166224,16.85,1.1541095890411,212.45,3.09468317552804,0,-16.0641,4.11759799833194,1.37608385686463,0.451685660266874,1.30108445697626,0.601283991047423,33.3877563865537,51.0347891166449,14.7976986383577,0.969,3.95608738968062,3.43920674799665,0.832442903389189,0.505112958942417
1999-03-17,0.0,522.03,3.03,3.03,419.93,1.4564580140634986,658.41,27.06629,750.88,3.17552224503765,2.27054970568104,0.715016154973943,0.219528466253919,0.207214753166224,16.85,1.1541095890411,212.45,3.09468317552804,0,-16.0641,4.11759799833194,1.37608385686463,0.451685660266874,1.30108445697626,0.601283991047423,33.3877563865537,51.0347891166449,14.7976986383577,0.969,3.95608738968062,3.43920674799665,0.832442903389189,0.505112958942417
1999-03-18,0.1,300.87,4.51,4.51,534.12,4.757111186874067,658.41,27.06629,750.88,3.17552224503765,2.27054970568104,0.715016154973943,0.219528466253919,0.207214753166224,16.85,1.1541095890411,212.45,3.09468317552804,0,-16.0641,4.11759799833194,1.37608385686463,0.451685660266874,1.30108445697626,0.601283991047423,33.3877563865537,51.0347891166449,14.7976986383577,0.969,3.95608738968062,3.43920674799665,0.832442903389189,0.505112958942417
1999-03-19,0.03,408.75,-0.11,-0.11,399.31,2.9552738674621777,658.41,27.06629,750.88,3.17552224503765,2.27054970568104,0.715016154973943,0.219528466253919,0.207214753166224,16.85,1.1541095890411,212.45,3.09468317552804,0,-16.0641,4.11759799833194,1.37608385686463,0.451685660266874,1.30108445697626,0.601283991047423,33.3877563865537,51.0347891166449,14.7976986383577,0.969,3.95608738968062,3.43920674799665,0.832442903389189,0.505112958942417
1999-03-20,0.71,419.06,-0.98,-0.98,357.09,2.3850721841039846,658.41,27.06629,750.88,3.17552224503765,2.27054970568104,0.715016154973943,0.219528466253919,0.207214753166224,16.85,1.1541095890411,212.45,3.09468317552804,0,-16.0641,4.11759799833194,1.37608385686463,0.451685660266874,1.30108445697626,0.601283991047423,33.3877563865537,51.0347891166449,14.7976986383577,0.969,3.95608738968062,3.43920674799665,0.832442903389189,0.505112958942417
1999-03-21,3.06,350.88,0.43,0.43,406.73,2.489337634775197,658.41,27.06629,750.88,3.17552224503765,2.27054970568104,0.715016154973943,0.219528466253919,0.207214753166224,16.85,1.1541095890411,212.45,3.09468317552804,0,-16.0641,4.11759799833194,1.37608385686463,0.451685660266874,1.30108445697626,0.601283991047423,33.3877563865537,51.0347891166449,14.7976986383577,0.969,3.95608738968062,3.43920674799665,0.832442903389189,0.505112958942417
1999-03-22,2.7,326.29,0.56,0.56,411.17,2.43068831877264,658.41,27.06629,750.88,3.17552224503765,2.27054970568104,0.715016154973943,0.219528466253919,0.207214753166224,16.85,1.1541095890411,212.45,3.09468317552804,0,-16.0641,4.11759799833194,1.37608385686463,0.451685660266874,1.30108445697626,0.601283991047423,33.3877563865537,51.0347891166449,14.7976986383577,0.969,3.95608738968062,3.43920674799665,0.832442903389189,0.505112958942417
1999-03-23,0.51,465.91,-1.15,-1.15,342.67,2.0755341274238224,658.41,27.06629,750.88,3.17552224503765,2.27054970568104,0.715016154973943,0.219528466253919,0.207214753166224,16.85,1.1541095890411,212.45,3.09468317552804,0,-16.0641,4.11759799833194,1.37608385686463,0.451685660266874,1.30108445697626,0.601283991047423,33.3877563865537,51.0347891166449,14.7976986383577,0.969,3.95608738968062,3.43920674799665,0.832442903389189,0.505112958942417
1999-03-24,0.0,535.13,0.12,0.12,334.76,2.264515256765395,658.41,27.06629,750.88,3.17552224503765,2.27054970568104,0.715016154973943,0.219528466253919,0.207214753166224,16.85,1.1541095890411,212.45,3.09468317552804,0,-16.0641,4.11759799833194,1.37608385686463,0.451685660266874,1.30108445697626,0.601283991047423,33.3877563865537,51.0347891166449,14.7976986383577,0.969,3.95608738968062,3.43920674799665,0.832442903389189,0.505112958942417
1999-03-25,0.0,464.16,0.45,0.45,355.14,2.4991125207756233,658.41,27.06629,750.88,3.17552224503765,2.27054970568104,0.715016154973943,0.219528466253919,0.207214753166224,16.85,1.1541095890411,212.45,3.09468317552804,0,-16.0641,4.11759799833194,1.37608385686463,0.451685660266874,1.30108445697626,0.601283991047423,33.3877563865537,51.0347891166449,14.7976986383577,0.969,3.95608738968062,3.43920674799665,0.832442903389189,0.505112958942417
1999-03-26,0.0,528.35,-1.89,-1.89,291.53,2.072275832090347,658.41,27.06629,750.88,3.17552224503765,2.27054970568104,0.715016154973943,0.219528466253919,0.207214753166224,16.85,1.1541095890411,212.45,3.09468317552804,0,-16.0641,4.11759799833194,1.37608385686463,0.451685660266874,1.30108445697626,0.601283991047423,33.3877563865537,51.0347891166449,14.7976986383577,0.969,3.95608738968062,3.43920674799665,0.832442903389189,0.505112958942417
1999-03-27,0.0,550.66,-0.3,-0.3,300.58,2.085309013424249,658.41,27.06629,750.88,3.17552224503765,2.27054970568104,0.715016154973943,0.219528466253919,0.207214753166224,16.85,1.1541095890411,212.45,3.09468317552804,0,-16.0641,4.11759799833194,1.37608385686463,0.451685660266874,1.30108445697626,0.601283991047423,33.3877563865537,51.0347891166449,14.7976986383577,0.969,3.95608738968062,3.43920674799665,0.832442903389189,0.505112958942417
1999-03-28,0.0,558.49,2.58,2.58,345.94,2.316647982101001,658.41,27.06629,750.88,3.17552224503765,2.27054970568104,0.715016154973943,0.219528466253919,0.207214753166224,16.85,1.1541095890411,212.45,3.09468317552804,0,-16.0641,4.11759799833194,1.37608385686463,0.451685660266874,1.30108445697626,0.601283991047423,33.3877563865537,51.0347891166449,14.7976986383577,0.969,3.95608738968062,3.43920674799665,0.832442903389189,0.505112958942417
1999-03-29,0.0,551.54,3.45,3.45,386.73,2.6392192201150646,658.41,27.06629,750.88,3.17552224503765,2.27054970568104,0.715016154973943,0.219528466253919,0.207214753166224,16.85,1.1541095890411,212.45,3.09468317552804,0,-16.0641,4.11759799833194,1.37608385686463,0.451685660266874,1.30108445697626,0.601283991047423,33.3877563865537,51.0347891166449,14.7976986383577,0.969,3.95608738968062,3.43920674799665,0.832442903389189,0.505112958942417
1999-03-30,0.09,464.25,4.63,4.63,459.5,2.76955103345408,658.41,27.06629,750.88,3.17552224503765,2.27054970568104,0.715016154973943,0.219528466253919,0.207214753166224,16.85,1.1541095890411,212.45,3.09468317552804,0,-16.0641,4.11759799833194,1.37608385686463,0.451685660266874,1.30108445697626,0.601283991047423,33.3877563865537,51.0347891166449,14.7976986383577,0.969,3.95608738968062,3.43920674799665,0.832442903389189,0.505112958942417
1999-03-31,0.28,432.17,7.37,7.37,532.09,2.8151671681227355,658.41,27.06629,750.88,3.17552224503765,2.27054970568104,0.715016154973943,0.219528466253919,0.207214753166224,16.85,1.1541095890411,212.45,3.09468317552804,0,-16.0641,4.11759799833194,1.37608385686463,0.451685660266874,1.30108445697626,0.601283991047423,33.3877563865537,51.0347891166449,14.7976986383577,0.969,3.95608738968062,3.43920674799665,0.832442903389189,0.505112958942417
1999-04-01,2.78,423.9,9.89,9.89,658.71,3.3234612401448964,658.41,27.06629,750.88,3.17552224503765,2.27054970568104,0.715016154973943,0.219528466253919,0.207214753166224,16.85,1.1541095890411,212.45,3.09468317552804,0,-16.0641,4.11759799833194,1.37608385686463,0.451685660266874,1.30108445697626,0.601283991047423,33.3877563865537,51.0347891166449,14.7976986383577,0.969,3.95608738968062,3.43920674799665,0.832442903389189,0.505112958942417
1999-04-02,2.68,369.05,10.65,10.65,799.9,3.616707820157681,658.41,27.06629,750.88,3.17552224503765,2.27054970568104,0.715016154973943,0.219528466253919,0.207214753166224,16.85,1.1541095890411,212.45,3.09468317552804,0,-16.0641,4.11759799833194,1.37608385686463,0.451685660266874,1.30108445697626,0.601283991047423,33.3877563865537,51.0347891166449,14.7976986383577,0.969,3.95608738968062,3.43920674799665,0.832442903389189,0.505112958942417
1999-04-03,7.48,403.87,13.05,13.05,861.76,3.2908782868101425,658.41,27.06629,750.88,3.17552224503765,2.27054970568104,0.715016154973943,0.219528466253919,0.207214753166224,16.85,1.1541095890411,212.45,3.09468317552804,0,-16.0641,4.11759799833194,1.37608385686463,0.451685660266874,1.30108445697626,0.601283991047423,33.3877563865537,51.0347891166449,14.7976986383577,0.969,3.95608738968062,3.43920674799665,0.832442903389189,0.505112958942417
1999-04-04,2.82,427.07,12.72,12.72,690.23,4.561613466865544,658.41,27.06629,750.88,3.17552224503765,2.27054970568104,0.715016154973943,0.219528466253919,0.207214753166224,16.85,1.1541095890411,212.45,3.09468317552804,0,-16.0641,4.11759799833194,1.37608385686463,0.451685660266874,1.30108445697626,0.601283991047423,33.3877563865537,51.0347891166449,14.7976986383577,0.969,3.95608738968062,3.43920674799665,0.832442903389189,0.505112958942417
1999-04-05,0.4,430.26,2.69,2.69,408.42,3.35604419347965,658.41,27.06629,750.88,3.17552224503765,2.27054970568104,0.715016154973943,0.219528466253919,0.207214753166224,16.85,1.1541095890411,212.45,3.09468317552804,0,-16.0641,4.11759799833194,1.37608385686463,0.451685660266874,1.30108445697626,0.601283991047423,33.3877563865537,51.0347891166449,14.7976986383577,0.969,3.95608738968062,3.43920674799665,0.832442903389189,0.505112958942417
1999-04-06,0.57,429.6,5.7,5.7,531.08,2.4991125207756233,658.41,27.06629,750.88,3.17552224503765,2.27054970568104,0.715016154973943,0.219528466253919,0.207214753166224,16.85,1.1541095890411,212.45,3.09468317552804,0,-16.0641,4.11759799833194,1.37608385686463,0.451685660266874,1.30108445697626,0.601283991047423,33.3877563865537,51.0347891166449,14.7976986383577,0.969,3.95608738968062,3.43920674799665,0.832442903389189,0.505112958942417
1999-04-07,0.62,387.14,9.45,9.45,709.96,2.147216624760281,658.41,27.06629,750.88,3.17552224503765,2.27054970568104,0.715016154973943,0.219528466253919,0.207214753166224,16.85,1.1541095890411,212.45,3.09468317552804,0,-16.0641,4.11759799833194,1.37608385686463,0.451685660266874,1.30108445697626,0.601283991047423,33.3877563865537,51.0347891166449,14.7976986383577,0.969,3.95608738968062,3.43920674799665,0.832442903389189,0.505112958942417
1999-04-08,3.08,420.2,10.34,10.34,701.52,1.8637449307479221,658.41,27.06629,750.88,3.17552224503765,2.27054970568104,0.715016154973943,0.219528466253919,0.207214753166224,16.85,1.1541095890411,212.45,3.09468317552804,0,-16.0641,4.11759799833194,1.37608385686463,0.451685660266874,1.30108445697626,0.601283991047423,33.3877563865537,51.0347891166449,14.7976986383577,0.969,3.95608738968062,3.43920674799665,0.832442903389189,0.505112958942417
1999-04-09,14.29,413.71,9.11,9.11,615.13,3.5189589601534195,658.41,27.06629,750.88,3.17552224503765,2.27054970568104,0.715016154973943,0.219528466253919,0.207214753166224,16.85,1.1541095890411,212.45,3.09468317552804,0,-16.0641,4.11759799833194,1.37608385686463,0.451685660266874,1.30108445697626,0.601283991047423,33.3877563865537,51.0347891166449,14.7976986383577,0.969,3.95608738968062,3.43920674799665,0.832442903389189,0.505112958942417
1999-04-10,4.83,413.81,2.98,2.98,446.62,3.681873726827189,658.41,27.06629,750.88,3.17552224503765,2.27054970568104,0.715016154973943,0.219528466253919,0.207214753166224,16.85,1.1541095890411,212.45,3.09468317552804,0,-16.0641,4.11759799833194,1.37608385686463,0.451685660266874,1.30108445697626,0.601283991047423,33.3877563865537,51.0347891166449,14.7976986383577,0.969,3.95608738968062,3.43920674799665,0.832442903389189,0.505112958942417
1999-04-11,6.74,375.95,1.49,1.49,432.87,2.7434846707862772,658.41,27.06629,750.88,3.17552224503765,2.27054970568104,0.715016154973943,0.219528466253919,0.207214753166224,16.85,1.1541095890411,212.45,3.09468317552804,0,-16.0641,4.11759799833194,1.37608385686463,0.451685660266874,1.30108445697626,0.601283991047423,33.3877563865537,51.0347891166449,14.7976986383577,0.969,3.95608738968062,3.43920674799665,0.832442903389189,0.505112958942417
1999-04-12,1.79,404.18,2.54,2.54,459.86,3.0627976134668655,658.41,27.06629,750.88,3.17552224503765,2.27054970568104,0.715016154973943,0.219528466253919,0.207214753166224,16.85,1.1541095890411,212.45,3.09468317552804,0,-16.0641,4.11759799833194,1.37608385686463,0.451685660266874,1.30108445697626,0.601283991047423,33.3877563865537,51.0347891166449,14.7976986383577,0.969,3.95608738968062,3.43920674799665,0.832442903389189,0.505112958942417
1999-04-13,0.03,552.4,2.04,2.04,392.62,2.306873096100575,658.41,27.06629,750.88,3.17552224503765,2.27054970568104,0.715016154973943,0.219528466253919,0.207214753166224,16.85,1.1541095890411,212.45,3.09468317552804,0,-16.0641,4.11759799833194,1.37608385686463,0.451685660266874,1.30108445697626,0.601283991047423,33.3877563865537,51.0347891166449,14.7976986383577,0.969,3.95608738968062,3.43920674799665,0.832442903389189,0.505112958942417
1999-04-14,0.31,486.96,3.93,3.93,408.43,1.9875601534199872,658.41,27.06629,750.88,3.17552224503765,2.27054970568104,0.715016154973943,0.219528466253919,0.207214753166224,16.85,1.1541095890411,212.45,3.09468317552804,0,-16.0641,4.11759799833194,1.37608385686463,0.451685660266874,1.30108445697626,0.601283991047423,33.3877563865537,51.0347891166449,14.7976986383577,0.969,3.95608738968062,3.43920674799665,0.832442903389189,0.505112958942417
1999-04-15,3.88,453.82,4.61,4.61,418.13,1.7497045940762836,658.41,27.06629,750.88,3.17552224503765,2.27054970568104,0.715016154973943,0.219528466253919,0.207214753166224,16.85,1.1541095890411,212.45,3.09468317552804,0,-16.0641,4.11759799833194,1.37608385686463,0.451685660266874,1.30108445697626,0.601283991047423,33.3877563865537,51.0347891166449,14.7976986383577,0.969,3.95608738968062,3.43920674799665,0.832442903389189,0.505112958942417
1999-04-16,6.18,401.14,6.16,6.16,531.02,1.8148705007457913,658.41,27.06629,750.88,3.17552224503765,2.27054970568104,0.715016154973943,0.219528466253919,0.207214753166224,16.85,1.1541095890411,212.45,3.09468317552804,0,-16.0641,4.11759799833194,1.37608385686463,0.451685660266874,1.30108445697626,0.601283991047423,33.3877563865537,51.0347891166449,14.7976986383577,0.969,3.95608738968062,3.43920674799665,0.832442903389189,0.505112958942417
1999-04-17,2.25,261.16,3.12,3.12,526.48,2.0071099254208393,658.41,27.06629,750.88,3.17552224503765,2.27054970568104,0.715016154973943,0.219528466253919,0.207214753166224,16.85,1.1541095890411,212.45,3.09468317552804,0,-16.0641,4.11759799833194,1.37608385686463,0.451685660266874,1.30108445697626,0.601283991047423,33.3877563865537,51.0347891166449,14.7976986383577,0.969,3.95608738968062,3.43920674799665,0.832442903389189,0.505112958942417
1999-04-18,0.28,370.52,2.64,2.64,480.45,1.7594794800767097,658.41,27.06629,750.88,3.17552224503765,2.27054970568104,0.715016154973943,0.219528466253919,0.207214753166224,16.85,1.1541095890411,212.45,3.09468317552804,0,-16.0641,4.11759799833194,1.37608385686463,0.451685660266874,1.30108445697626,0.601283991047423,33.3877563865537,51.0347891166449,14.7976986383577,0.969,3.95608738968062,3.43920674799665,0.832442903389189,0.505112958942417
1999-04-19,0.74,410.25,2.08,2.08,414.81,1.4792660813978264,658.41,27.06629,750.88,3.17552224503765,2.27054970568104,0.715016154973943,0.219528466253919,0.207214753166224,16.85,1.1541095890411,212.45,3.09468317552804,0,-16.0641,4.11759799833194,1.37608385686463,0.451685660266874,1.30108445697626,0.601283991047423,33.3877563865537,51.0347891166449,14.7976986383577,0.969,3.95608738968062,3.43920674799665,0.832442903389189,0.505112958942417
1999-04-20,0.34,444.23,2.37,2.37,408.79,1.3521925633922864,658.41,27.06629,750.88,3.17552224503765,2.27054970568104,0.715016154973943,0.219528466253919,0.207214753166224,16.85,1.1541095890411,212.45,3.09468317552804,0,-16.0641,4.11759799833194,1.37608385686463,0.451685660266874,1.30108445697626,0.601283991047423,33.3877563865537,51.0347891166449,14.7976986383577,0.969,3.95608738968062,3.43920674799665,0.832442903389189,0.505112958942417
1999-04-21,1.7,450.19,3.7,3.7,436.71,1.2348939313871723,658.41,27.06629,750.88,3.17552224503765,2.27054970568104,0.715016154973943,0.219528466253919,0.207214753166224,16.85,1.1541095890411,212.45,3.09468317552804,0,-16.0641,4.11759799833194,1.37608385686463,0.451685660266874,1.30108445697626,0.601283991047423,33.3877563865537,51.0347891166449,14.7976986383577,0.969,3.95608738968062,3.43920674799665,0.832442903389189,0.505112958942417
1999-04-22,6.96,393.57,6.93,6.93,611.42,1.1599531387172384,658.41,27.06629,750.88,3.17552224503765,2.27054970568104,0.715016154973943,0.219528466253919,0.207214753166224,16.85,1.1541095890411,212.45,3.09468317552804,0,-16.0641,4.11759799833194,1.37608385686463,0.451685660266874,1.30108445697626,0.601283991047423,33.3877563865537,51.0347891166449,14.7976986383577,0.969,3.95608738968062,3.43920674799665,0.832442903389189,0.505112958942417
1999-04-23,11.02,230.5,6.93,6.93,664.31,2.26777355209887,658.41,27.06629,750.88,3.17552224503765,2.27054970568104,0.715016154973943,0.219528466253919,0.207214753166224,16.85,1.1541095890411,212.45,3.09468317552804,0,-16.0641,4.11759799833194,1.37608385686463,0.451685660266874,1.30108445697626,0.601283991047423,33.3877563865537,51.0347891166449,14.7976986383577,0.969,3.95608738968062,3.43920674799665,0.832442903389189,0.505112958942417
1999-04-24,2.45,576.47,1.84,1.84,369.81,2.740226375452802,658.41,27.06629,750.88,3.17552224503765,2.27054970568104,0.715016154973943,0.219528466253919,0.207214753166224,16.85,1.1541095890411,212.45,3.09468317552804,0,-16.0641,4.11759799833194,1.37608385686463,0.451685660266874,1.30108445697626,0.601283991047423,33.3877563865537,51.0347891166449,14.7976986383577,0.969,3.95608738968062,3.43920674799665,0.832442903389189,0.505112958942417
1999-04-25,0.0,610.23,2.94,2.94,346.99,1.8507117494140208,658.41,27.06629,750.88,3.17552224503765,2.27054970568104,0.715016154973943,0.219528466253919,0.207214753166224,16.85,1.1541095890411,212.45,3.09468317552804,0,-16.0641,4.11759799833194,1.37608385686463,0.451685660266874,1.30108445697626,0.601283991047423,33.3877563865537,51.0347891166449,14.7976986383577,0.969,3.95608738968062,3.43920674799665,0.832442903389189,0.505112958942417
1999-04-26,0.0,595.02,7.93,7.93,465.06,1.6877969827402515,658.41,27.06629,750.88,3.17552224503765,2.27054970568104,0.715016154973943,0.219528466253919,0.207214753166224,16.85,1.1541095890411,212.45,3.09468317552804,0,-16.0641,4.11759799833194,1.37608385686463,0.451685660266874,1.30108445697626,0.601283991047423,33.3877563865537,51.0347891166449,14.7976986383577,0.969,3.95608738968062,3.43920674799665,0.832442903389189,0.505112958942417
1999-04-27,0.0,605.99,5.25,5.25,390.34,1.4955575580652034,658.41,27.06629,750.88,3.17552224503765,2.27054970568104,0.715016154973943,0.219528466253919,0.207214753166224,16.85,1.1541095890411,212.45,3.09468317552804,0,-16.0641,4.11759799833194,1.37608385686463,0.451685660266874,1.30108445697626,0.601283991047423,33.3877563865537,51.0347891166449,14.7976986383577,0.969,3.95608738968062,3.43920674799665,0.832442903389189,0.505112958942417
1999-04-28,0.0,601.5,6.33,6.33,422.64,1.3326427913914338,658.41,27.06629,750.88,3.17552224503765,2.27054970568104,0.715016154973943,0.219528466253919,0.207214753166224,16.85,1.1541095890411,212.45,3.09468317552804,0,-16.0641,4.11759799833194,1.37608385686463,0.451685660266874,1.30108445697626,0.601283991047423,33.3877563865537,51.0347891166449,14.7976986383577,0.969,3.95608738968062,3.43920674799665,0.832442903389189,0.505112958942417
1999-04-29,0.0,607.27,6.76,6.76,432.56,1.1892777967185169,658.41,27.06629,750.88,3.17552224503765,2.27054970568104,0.715016154973943,0.219528466253919,0.207214753166224,16.85,1.1541095890411,212.45,3.09468317552804,0,-16.0641,4.11759799833194,1.37608385686463,0.451685660266874,1.30108445697626,0.601283991047423,33.3877563865537,51.0347891166449,14.7976986383577,0.969,3.95608738968062,3.43920674799665,0.832442903389189,0.505112958942417
1999-04-30,0.0,609.52,8.16,8.16,461.98,1.049171097379075,658.41,27.06629,750.88,3.17552224503765,2.27054970568104,0.715016154973943,0.219528466253919,0.207214753166224,16.85,1.1541095890411,212.45,3.09468317552804,0,-16.0641,4.11759799833194,1.37608385686463,0.451685660266874,1.30108445697626,0.601283991047423,33.3877563865537,51.0347891166449,14.7976986383577,0.969,3.95608738968062,3.43920674799665,0.832442903389189,0.505112958942417
1999-05-01,0.0,611.76,9.67,9.67,499.42,0.9416473513743873,658.41,27.06629,750.88,3.17552224503765,2.27054970568104,0.715016154973943,0.219528466253919,0.207214753166224,16.85,1.1541095890411,212.45,3.09468317552804,0,-16.0641,4.11759799833194,1.37608385686463,0.451685660266874,1.30108445697626,0.601283991047423,33.3877563865537,51.0347891166449,14.7976986383577,0.969,3.95608738968062,3.43920674799665,0.832442903389189,0.505112958942417
1999-05-02,0.0,609.93,10.94,10.94,529.57,0.8471567867036011,658.41,27.06629,750.88,3.17552224503765,2.27054970568104,0.715016154973943,0.219528466253919,0.207214753166224,16.85,1.1541095890411,212.45,3.09468317552804,0,-16.0641,4.11759799833194,1.37608385686463,0.451685660266874,1.30108445697626,0.601283991047423,33.3877563865537,51.0347891166449,14.7976986383577,0.969,3.95608738968062,3.43920674799665,0.832442903389189,0.505112958942417
1999-05-03,0.0,608.25,11.35,11.35,580.09,0.772215994033667,658.41,27.06629,750.88,3.17552224503765,2.27054970568104,0.715016154973943,0.219528466253919,0.207214753166224,16.85,1.1541095890411,212.45,3.09468317552804,0,-16.0641,4.11759799833194,1.37608385686463,0.451685660266874,1.30108445697626,0.601283991047423,33.3877563865537,51.0347891166449,14.7976986383577,0.969,3.95608738968062,3.43920674799665,0.832442903389189,0.505112958942417
1999-05-04,0.0,589.97,13.61,13.61,720.35,0.7135666780311101,658.41,27.06629,750.88,3.17552224503765,2.27054970568104,0.715016154973943,0.219528466253919,0.207214753166224,16.85,1.1541095890411,212.45,3.09468317552804,0,-16.0641,4.11759799833194,1.37608385686463,0.451685660266874,1.30108445697626,0.601283991047423,33.3877563865537,51.0347891166449,14.7976986383577,0.969,3.95608738968062,3.43920674799665,0.832442903389189,0.505112958942417
1999-05-05,0.0,591.0,15.54,15.54,844.29,0.6581756573620285,658.41,27.06629,750.88,3.17552224503765,2.27054970568104,0.715016154973943,0.219528466253919,0.207214753166224,16.85,1.1541095890411,212.45,3.09468317552804,0,-16.0641,4.11759799833194,1.37608385686463,0.451685660266874,1.30108445697626,0.601283991047423,33.3877563865537,51.0347891166449,14.7976986383577,0.969,3.95608738968062,3.43920674799665,0.832442903389189,0.505112958942417
1999-05-06,1.98,416.74,17.29,17.29,1071.15,0.6158178180268484,658.41,27.06629,750.88,3.17552224503765,2.27054970568104,0.715016154973943,0.219528466253919,0.207214753166224,16.85,1.1541095890411,212.45,3.09468317552804,0,-16.0641,4.11759799833194,1.37608385686463,0.451685660266874,1.30108445697626,0.601283991047423,33.3877563865537,51.0347891166449,14.7976986383577,0.969,3.95608738968062,3.43920674799665,0.832442903389189,0.505112958942417
1999-05-07,7.16,379.57,17.56,17.56,1164.12,0.5930097506925207,658.41,27.06629,750.88,3.17552224503765,2.27054970568104,0.715016154973943,0.219528466253919,0.207214753166224,16.85,1.1541095890411,212.45,3.09468317552804,0,-16.0641,4.11759799833194,1.37608385686463,0.451685660266874,1.30108445697626,0.601283991047423,33.3877563865537,51.0347891166449,14.7976986383577,0.969,3.95608738968062,3.43920674799665,0.832442903389189,0.505112958942417
1999-05-08,12.51,391.07,16.5,16.5,1053.2,0.7037917920306839,658.41,27.06629,750.88,3.17552224503765,2.27054970568104,0.715016154973943,0.219528466253919,0.207214753166224,16.85,1.1541095890411,212.45,3.09468317552804,0,-16.0641,4.11759799833194,1.37608385686463,0.451685660266874,1.30108445697626,0.601283991047423,33.3877563865537,51.0347891166449,14.7976986383577,0.969,3.95608738968062,3.43920674799665,0.832442903389189,0.505112958942417
1999-05-09,3.18,362.28,11.08,11.08,764.0,1.1469199573833369,658.41,27.06629,750.88,3.17552224503765,2.27054970568104,0.715016154973943,0.219528466253919,0.207214753166224,16.85,1.1541095890411,212.45,3.09468317552804,0,-16.0641,4.11759799833194,1.37608385686463,0.451685660266874,1.30108445697626,0.601283991047423,33.3877563865537,51.0347891166449,14.7976986383577,0.969,3.95608738968062,3.43920674799665,0.832442903389189,0.505112958942417
1999-05-10,0.09,592.31,7.84,7.84,524.37,0.8210904240357979,658.41,27.06629,750.88,3.17552224503765,2.27054970568104,0.715016154973943,0.219528466253919,0.207214753166224,16.85,1.1541095890411,212.45,3.09468317552804,0,-16.0641,4.11759799833194,1.37608385686463,0.451685660266874,1.30108445697626,0.601283991047423,33.3877563865537,51.0347891166449,14.7976986383577,0.969,3.95608738968062,3.43920674799665,0.832442903389189,0.505112958942417
1999-05-11,0.0,599.13,9.76,9.76,540.49,0.6516590666950778,658.41,27.06629,750.88,3.17552224503765,2.27054970568104,0.715016154973943,0.219528466253919,0.207214753166224,16.85,1.1541095890411,212.45,3.09468317552804,0,-16.0641,4.11759799833194,1.37608385686463,0.451685660266874,1.30108445697626,0.601283991047423,33.3877563865537,51.0347891166449,14.7976986383577,0.969,3.95608738968062,3.43920674799665,0.832442903389189,0.505112958942417
1999-05-12,0.08,455.17,9.93,9.93,565.54,0.5734599786916684,658.41,27.06629,750.88,3.17552224503765,2.27054970568104,0.715016154973943,0.219528466253919,0.207214753166224,16.85,1.1541095890411,212.45,3.09468317552804,0,-16.0641,4.11759799833194,1.37608385686463,0.451685660266874,1.30108445697626,0.601283991047423,33.3877563865537,51.0347891166449,14.7976986383577,0.969,3.95608738968062,3.43920674799665,0.832442903389189,0.505112958942417
1999-05-13,0.02,577.57,10.55,10.55,601.09,0.5278438440230129,658.41,27.06629,750.88,3.17552224503765,2.27054970568104,0.715016154973943,0.219528466253919,0.207214753166224,16.85,1.1541095890411,212.45,3.09468317552804,0,-16.0641,4.11759799833194,1.37608385686463,0.451685660266874,1.30108445697626,0.601283991047423,33.3877563865537,51.0347891166449,14.7976986383577,0.969,3.95608738968062,3.43920674799665,0.832442903389189,0.505112958942417
1999-05-14,0.0,576.09,10.94,10.94,630.05,0.4887443000213083,658.41,27.06629,750.88,3.17552224503765,2.27054970568104,0.715016154973943,0.219528466253919,0.207214753166224,16.85,1.1541095890411,212.45,3.09468317552804,0,-16.0641,4.11759799833194,1.37608385686463,0.451685660266874,1.30108445697626,0.601283991047423,33.3877563865537,51.0347891166449,14.7976986383577,0.969,3.95608738968062,3.43920674799665,0.832442903389189,0.505112958942417
1999-05-15,0.0,573.92,12.09,12.09,671.62,0.4594196420200298,658.41,27.06629,750.88,3.17552224503765,2.27054970568104,0.715016154973943,0.219528466253919,0.207214753166224,16.85,1.1541095890411,212.45,3.09468317552804,0,-16.0641,4.11759799833194,1.37608385686463,0.451685660266874,1.30108445697626,0.601283991047423,33.3877563865537,51.0347891166449,14.7976986383577,0.969,3.95608738968062,3.43920674799665,0.832442903389189,0.505112958942417
1999-05-16,0.0,569.25,13.58,13.58,745.79,0.4203200980183251,658.41,27.06629,750.88,3.17552224503765,2.27054970568104,0.715016154973943,0.219528466253919,0.207214753166224,16.85,1.1541095890411,212.45,3.09468317552804,0,-16.0641,4.11759799833194,1.37608385686463,0.451685660266874,1.30108445697626,0.601283991047423,33.3877563865537,51.0347891166449,14.7976986383577,0.969,3.95608738968062,3.43920674799665,0.832442903389189,0.505112958942417
1999-05-17,0.0,566.36,15.36,15.36,872.91,0.38447884935009585,658.41,27.06629,750.88,3.17552224503765,2.27054970568104,0.715016154973943,0.219528466253919,0.207214753166224,16.85,1.1541095890411,212.45,3.09468317552804,0,-16.0641,4.11759799833194,1.37608385686463,0.451685660266874,1.30108445697626,0.601283991047423,33.3877563865537,51.0347891166449,14.7976986383577,0.969,3.95608738968062,3.43920674799665,0.832442903389189,0.505112958942417
1999-05-18,0.84,387.72,17.91,17.91,1078.45,0.35515419134881737,658.41,27.06629,750.88,3.17552224503765,2.27054970568104,0.715016154973943,0.219528466253919,0.207214753166224,16.85,1.1541095890411,212.45,3.09468317552804,0,-16.0641,4.11759799833194,1.37608385686463,0.451685660266874,1.30108445697626,0.601283991047423,33.3877563865537,51.0347891166449,14.7976986383577,0.969,3.95608738968062,3.43920674799665,0.832442903389189,0.505112958942417
1999-05-19,0.46,382.01,14.56,14.56,875.18,0.33560441934796503,658.41,27.06629,750.88,3.17552224503765,2.27054970568104,0.715016154973943,0.219528466253919,0.207214753166224,16.85,1.1541095890411,212.45,3.09468317552804,0,-16.0641,4.11759799833194,1.37608385686463,0.451685660266874,1.30108445697626,0.601283991047423,33.3877563865537,51.0347891166449,14.7976986383577,0.969,3.95608738968062,3.43920674799665,0.832442903389189,0.505112958942417
1999-05-20,0.06,563.85,10.42,10.42,611.63,0.3193129426805881,658.41,27.06629,750.88,3.17552224503765,2.27054970568104,0.715016154973943,0.219528466253919,0.207214753166224,16.85,1.1541095890411,212.45,3.09468317552804,0,-16.0641,4.11759799833194,1.37608385686463,0.451685660266874,1.30108445697626,0.601283991047423,33.3877563865537,51.0347891166449,14.7976986383577,0.969,3.95608738968062,3.43920674799665,0.832442903389189,0.505112958942417
1999-05-21,0.0,583.54,11.46,11.46,636.3,0.2899882846793096,658.41,27.06629,750.88,3.17552224503765,2.27054970568104,0.715016154973943,0.219528466253919,0.207214753166224,16.85,1.1541095890411,212.45,3.09468317552804,0,-16.0641,4.11759799833194,1.37608385686463,0.451685660266874,1.30108445697626,0.601283991047423,33.3877563865537,51.0347891166449,14.7976986383577,0.969,3.95608738968062,3.43920674799665,0.832442903389189,0.505112958942417
1999-05-22,1.49,426.12,14.98,14.98,865.92,0.27043851267845725,658.41,27.06629,750.88,3.17552224503765,2.27054970568104,0.715016154973943,0.219528466253919,0.207214753166224,16.85,1.1541095890411,212.45,3.09468317552804,0,-16.0641,4.11759799833194,1.37608385686463,0.451685660266874,1.30108445697626,0.601283991047423,33.3877563865537,51.0347891166449,14.7976986383577,0.969,3.95608738968062,3.43920674799665,0.832442903389189,0.505112958942417
1999-05-23,4.72,366.03,16.22,16.22,1035.62,0.2671802173449819,658.41,27.06629,750.88,3.17552224503765,2.27054970568104,0.715016154973943,0.219528466253919,0.207214753166224,16.85,1.1541095890411,212.45,3.09468317552804,0,-16.0641,4.11759799833194,1.37608385686463,0.451685660266874,1.30108445697626,0.601283991047423,33.3877563865537,51.0347891166449,14.7976986383577,0.969,3.95608738968062,3.43920674799665,0.832442903389189,0.505112958942417
1999-05-24,12.39,326.5,13.69,13.69,951.45,0.3486376006818666,658.41,27.06629,750.88,3.17552224503765,2.27054970568104,0.715016154973943,0.219528466253919,0.207214753166224,16.85,1.1541095890411,212.45,3.09468317552804,0,-16.0641,4.11759799833194,1.37608385686463,0.451685660266874,1.30108445697626,0.601283991047423,33.3877563865537,51.0347891166449,14.7976986383577,0.969,3.95608738968062,3.43920674799665,0.832442903389189,0.505112958942417
1999-05-25,5.13,260.8,9.35,9.35,816.4,0.5213272533560622,658.41,27.06629,750.88,3.17552224503765,2.27054970568104,0.715016154973943,0.219528466253919,0.207214753166224,16.85,1.1541095890411,212.45,3.09468317552804,0,-16.0641,4.11759799833194,1.37608385686463,0.451685660266874,1.30108445697626,0.601283991047423,33.3877563865537,51.0347891166449,14.7976986383577,0.969,3.95608738968062,3.43920674799665,0.832442903389189,0.505112958942417
1999-05-26,0.99,245.59,8.18,8.18,772.67,0.36167078201576813,658.41,27.06629,750.88,3.17552224503765,2.27054970568104,0.715016154973943,0.219528466253919,0.207214753166224,16.85,1.1541095890411,212.45,3.09468317552804,0,-16.0641,4.11759799833194,1.37608385686463,0.451685660266874,1.30108445697626,0.601283991047423,33.3877563865537,51.0347891166449,14.7976986383577,0.969,3.95608738968062,3.43920674799665,0.832442903389189,0.505112958942417
1999-05-27,0.11,520.74,9.66,9.66,702.5,0.3127963520136373,658.41,27.06629,750.88,3.17552224503765,2.27054970568104,0.715016154973943,0.219528466253919,0.207214753166224,16.85,1.1541095890411,212.45,3.09468317552804,0,-16.0641,4.11759799833194,1.37608385686463,0.451685660266874,1.30108445697626,0.601283991047423,33.3877563865537,51.0347891166449,14.7976986383577,0.969,3.95608738968062,3.43920674799665,0.832442903389189,0.505112958942417
1999-05-28,0.0,571.98,12.75,12.75,730.23,0.2671802173449819,658.41,27.06629,750.88,3.17552224503765,2.27054970568104,0.715016154973943,0.219528466253919,0.207214753166224,16.85,1.1541095890411,212.45,3.09468317552804,0,-16.0641,4.11759799833194,1.37608385686463,0.451685660266874,1.30108445697626,0.601283991047423,33.3877563865537,51.0347891166449,14.7976986383577,0.969,3.95608738968062,3.43920674799665,0.832442903389189,0.505112958942417
1999-05-29,0.0,581.32,15.1,15.1,791.74,0.24437215001065415,658.41,27.06629,750.88,3.17552224503765,2.27054970568104,0.715016154973943,0.219528466253919,0.207214753166224,16.85,1.1541095890411,212.45,3.09468317552804,0,-16.0641,4.11759799833194,1.37608385686463,0.451685660266874,1.30108445697626,0.601283991047423,33.3877563865537,51.0347891166449,14.7976986383577,0.969,3.95608738968062,3.43920674799665,0.832442903389189,0.505112958942417
1999-05-30,0.05,496.02,17.13,17.13,919.67,0.22482237800980182,658.41,27.06629,750.88,3.17552224503765,2.27054970568104,0.715016154973943,0.219528466253919,0.207214753166224,16.85,1.1541095890411,212.45,3.09468317552804,0,-16.0641,4.11759799833194,1.37608385686463,0.451685660266874,1.30108445697626,0.601283991047423,33.3877563865537,51.0347891166449,14.7976986383577,0.969,3.95608738968062,3.43920674799665,0.832442903389189,0.505112958942417
1999-05-31,0.85,422.66,18.66,18.66,1075.34,0.20527260600894948,658.41,27.06629,750.88,3.17552224503765,2.27054970568104,0.715016154973943,0.219528466253919,0.207214753166224,16.85,1.1541095890411,212.45,3.09468317552804,0,-16.0641,4.11759799833194,1.37608385686463,0.451685660266874,1.30108445697626,0.601283991047423,33.3877563865537,51.0347891166449,14.7976986383577,0.969,3.95608738968062,3.43920674799665,0.832442903389189,0.505112958942417
1999-06-01,1.21,397.43,18.9,18.9,1223.7,0.19875601534199872,658.41,27.06629,750.88,3.17552224503765,2.27054970568104,0.715016154973943,0.219528466253919,0.207214753166224,16.85,1.1541095890411,212.45,3.09468317552804,0,-16.0641,4.11759799833194,1.37608385686463,0.451685660266874,1.30108445697626,0.601283991047423,33.3877563865537,51.0347891166449,14.7976986383577,0.969,3.95608738968062,3.43920674799665,0.832442903389189,0.505112958942417
1999-06-02,4.74,274.81,18.66,18.66,1398.8,0.2020143106754741,658.41,27.06629,750.88,3.17552224503765,2.27054970568104,0.715016154973943,0.219528466253919,0.207214753166224,16.85,1.1541095890411,212.45,3.09468317552804,0,-16.0641,4.11759799833194,1.37608385686463,0.451685660266874,1.30108445697626,0.601283991047423,33.3877563865537,51.0347891166449,14.7976986383577,0.969,3.95608738968062,3.43920674799665,0.832442903389189,0.505112958942417
1999-06-03,1.37,345.41,18.89,18.89,1259.24,0.21830578734285105,658.41,27.06629,750.88,3.17552224503765,2.27054970568104,0.715016154973943,0.219528466253919,0.207214753166224,16.85,1.1541095890411,212.45,3.09468317552804,0,-16.0641,4.11759799833194,1.37608385686463,0.451685660266874,1.30108445697626,0.601283991047423,33.3877563865537,51.0347891166449,14.7976986383577,0.969,3.95608738968062,3.43920674799665,0.832442903389189,0.505112958942417
1999-06-04,0.05,464.48,12.86,12.86,826.12,0.20853090134242488,658.41,27.06629,750.88,3.17552224503765,2.27054970568104,0.715016154973943,0.219528466253919,0.207214753166224,16.85,1.1541095890411,212.45,3.09468317552804,0,-16.0641,4.11759799833194,1.37608385686463,0.451685660266874,1.30108445697626,0.601283991047423,33.3877563865537,51.0347891166449,14.7976986383577,0.969,3.95608738968062,3.43920674799665,0.832442903389189,0.505112958942417
1999-06-05,0.0,579.27,12.13,12.13,730.48,0.18898112934157255,658.41,27.06629,750.88,3.17552224503765,2.27054970568104,0.715016154973943,0.219528466253919,0.207214753166224,16.85,1.1541095890411,212.45,3.09468317552804,0,-16.0641,4.11759799833194,1.37608385686463,0.451685660266874,1.30108445697626,0.601283991047423,33.3877563865537,51.0347891166449,14.7976986383577,0.969,3.95608738968062,3.43920674799665,0.832442903389189,0.505112958942417
1999-06-06,1.19,457.59,17.81,17.81,1079.69,0.1726896526741956,658.41,27.06629,750.88,3.17552224503765,2.27054970568104,0.715016154973943,0.219528466253919,0.207214753166224,16.85,1.1541095890411,212.45,3.09468317552804,0,-16.0641,4.11759799833194,1.37608385686463,0.451685660266874,1.30108445697626,0.601283991047423,33.3877563865537,51.0347891166449,14.7976986383577,0.969,3.95608738968062,3.43920674799665,0.832442903389189,0.505112958942417
1999-06-07,3.13,396.01,21.42,21.42,1388.74,0.16617306200724483,658.41,27.06629,750.88,3.17552224503765,2.27054970568104,0.715016154973943,0.219528466253919,0.207214753166224,16.85,1.1541095890411,212.45,3.09468317552804,0,-16.0641,4.11759799833194,1.37608385686463,0.451685660266874,1.30108445697626,0.601283991047423,33.3877563865537,51.0347891166449,14.7976986383577,0.969,3.95608738968062,3.43920674799665,0.832442903389189,0.505112958942417
1999-06-08,0.84,369.92,22.81,22.81,1484.71,0.17920624334114638,658.41,27.06629,750.88,3.17552224503765,2.27054970568104,0.715016154973943,0.219528466253919,0.207214753166224,16.85,1.1541095890411,212.45,3.09468317552804,0,-16.0641,4.11759799833194,1.37608385686463,0.451685660266874,1.30108445697626,0.601283991047423,33.3877563865537,51.0347891166449,14.7976986383577,0.969,3.95608738968062,3.43920674799665,0.832442903389189,0.505112958942417
1999-06-09,0.07,444.94,19.54,19.54,1200.46,0.15639817600681866,658.41,27.06629,750.88,3.17552224503765,2.27054970568104,0.715016154973943,0.219528466253919,0.207214753166224,16.85,1.1541095890411,212.45,3.09468317552804,0,-16.0641,4.11759799833194,1.37608385686463,0.451685660266874,1.30108445697626,0.601283991047423,33.3877563865537,51.0347891166449,14.7976986383577,0.969,3.95608738968062,3.43920674799665,0.832442903389189,0.505112958942417
1999-06-10,0.94,388.09,20.53,20.53,1304.59,0.14988158533986787,658.41,27.06629,750.88,3.17552224503765,2.27054970568104,0.715016154973943,0.219528466253919,0.207214753166224,16.85,1.1541095890411,212.45,3.09468317552804,0,-16.0641,4.11759799833194,1.37608385686463,0.451685660266874,1.30108445697626,0.601283991047423,33.3877563865537,51.0347891166449,14.7976986383577,0.969,3.95608738968062,3.43920674799665,0.832442903389189,0.505112958942417
1999-06-11,0.24,511.52,21.1,21.1,1227.14,0.16291476667376945,658.41,27.06629,750.88,3.17552224503765,2.27054970568104,0.715016154973943,0.219528466253919,0.207214753166224,16.85,1.1541095890411,212.45,3.09468317552804,0,-16.0641,4.11759799833194,1.37608385686463,0.451685660266874,1.30108445697626,0.601283991047423,33.3877563865537,51.0347891166449,14.7976986383577,0.969,3.95608738968062,3.43920674799665,0.832442903389189,0.505112958942417
1999-06-12,0.0,560.46,18.13,18.13,989.48,0.1401066993394417,658.41,27.06629,750.88,3.17552224503765,2.27054970568104,0.715016154973943,0.219528466253919,0.207214753166224,16.85,1.1541095890411,212.45,3.09468317552804,0,-16.0641,4.11759799833194,1.37608385686463,0.451685660266874,1.30108445697626,0.601283991047423,33.3877563865537,51.0347891166449,14.7976986383577,0.969,3.95608738968062,3.43920674799665,0.832442903389189,0.505112958942417
1999-06-13,0.5,471.16,18.86,18.86,1081.82,0.12055692733858939,658.41,27.06629,750.88,3.17552224503765,2.27054970568104,0.715016154973943,0.219528466253919,0.207214753166224,16.85,1.1541095890411,212.45,3.09468317552804,0,-16.0641,4.11759799833194,1.37608385686463,0.451685660266874,1.30108445697626,0.601283991047423,33.3877563865537,51.0347891166449,14.7976986383577,0.969,3.95608738968062,3.43920674799665,0.832442903389189,0.505112958942417
1999-06-14,7.72,381.61,19.97,19.97,1210.06,0.12381522267206477,658.41,27.06629,750.88,3.17552224503765,2.27054970568104,0.715016154973943,0.219528466253919,0.207214753166224,16.85,1.1541095890411,212.45,3.09468317552804,0,-16.0641,4.11759799833194,1.37608385686463,0.451685660266874,1.30108445697626,0.601283991047423,33.3877563865537,51.0347891166449,14.7976986383577,0.969,3.95608738968062,3.43920674799665,0.832442903389189,0.505112958942417
1999-06-15,2.15,458.59,15.54,15.54,900.29,0.17594794800767097,658.41,27.06629,750.88,3.17552224503765,2.27054970568104,0.715016154973943,0.219528466253919,0.207214753166224,16.85,1.1541095890411,212.45,3.09468317552804,0,-16.0641,4.11759799833194,1.37608385686463,0.451685660266874,1.30108445697626,0.601283991047423,33.3877563865537,51.0347891166449,14.7976986383577,0.969,3.95608738968062,3.43920674799665,0.832442903389189,0.505112958942417
1999-06-16,0.35,483.61,9.23,9.23,601.44,0.1401066993394417,658.41,27.06629,750.88,3.17552224503765,2.27054970568104,0.715016154973943,0.219528466253919,0.207214753166224,16.85,1.1541095890411,212.45,3.09468317552804,0,-16.0641,4.11759799833194,1.37608385686463,0.451685660266874,1.30108445697626,0.601283991047423,33.3877563865537,51.0347891166449,14.7976986383577,0.969,3.95608738968062,3.43920674799665,0.832442903389189,0.505112958942417
1999-06-17,2.16,425.14,10.63,10.63,648.97,0.12707351800554018,658.41,27.06629,750.88,3.17552224503765,2.27054970568104,0.715016154973943,0.219528466253919,0.207214753166224,16.85,1.1541095890411,212.45,3.09468317552804,0,-16.0641,4.11759799833194,1.37608385686463,0.451685660266874,1.30108445697626,0.601283991047423,33.3877563865537,51.0347891166449,14.7976986383577,0.969,3.95608738968062,3.43920674799665,0.832442903389189,0.505112958942417
1999-06-18,0.6,470.19,8.26,8.26,601.1,0.13033181333901556,658.41,27.06629,750.88,3.17552224503765,2.27054970568104,0.715016154973943,0.219528466253919,0.207214753166224,16.85,1.1541095890411,212.45,3.09468317552804,0,-16.0641,4.11759799833194,1.37608385686463,0.451685660266874,1.30108445697626,0.601283991047423,33.3877563865537,51.0347891166449,14.7976986383577,0.969,3.95608738968062,3.43920674799665,0.832442903389189,0.505112958942417
1999-06-19,0.01,582.15,10.28,10.28,635.32,0.12381522267206477,658.41,27.06629,750.88,3.17552224503765,2.27054970568104,0.715016154973943,0.219528466253919,0.207214753166224,16.85,1.1541095890411,212.45,3.09468317552804,0,-16.0641,4.11759799833194,1.37608385686463,0.451685660266874,1.30108445697626,0.601283991047423,33.3877563865537,51.0347891166449,14.7976986383577,0.969,3.95608738968062,3.43920674799665,0.832442903389189,0.505112958942417
1999-06-20,0.0,566.54,14.42,14.42,779.71,0.11729863200511399,658.41,27.06629,750.88,3.17552224503765,2.27054970568104,0.715016154973943,0.219528466253919,0.207214753166224,16.85,1.1541095890411,212.45,3.09468317552804,0,-16.0641,4.11759799833194,1.37608385686463,0.451685660266874,1.30108445697626,0.601283991047423,33.3877563865537,51.0347891166449,14.7976986383577,0.969,3.95608738968062,3.43920674799665,0.832442903389189,0.505112958942417
1999-06-21,0.0,564.97,14.48,14.48,781.59,0.10752374600468782,658.41,27.06629,750.88,3.17552224503765,2.27054970568104,0.715016154973943,0.219528466253919,0.207214753166224,16.85,1.1541095890411,212.45,3.09468317552804,0,-16.0641,4.11759799833194,1.37608385686463,0.451685660266874,1.30108445697626,0.601283991047423,33.3877563865537,51.0347891166449,14.7976986383577,0.969,3.95608738968062,3.43920674799665,0.832442903389189,0.505112958942417
1999-06-22,0.0,580.9,15.38,15.38,789.99,0.09774886000426165,658.41,27.06629,750.88,3.17552224503765,2.27054970568104,0.715016154973943,0.219528466253919,0.207214753166224,16.85,1.1541095890411,212.45,3.09468317552804,0,-16.0641,4.11759799833194,1.37608385686463,0.451685660266874,1.30108445697626,0.601283991047423,33.3877563865537,51.0347891166449,14.7976986383577,0.969,3.95608738968062,3.43920674799665,0.832442903389189,0.505112958942417
1999-06-23,0.0,580.1,17.0,17.0,867.52,0.09123226933731088,658.41,27.06629,750.88,3.17552224503765,2.27054970568104,0.715016154973943,0.219528466253919,0.207214753166224,16.85,1.1541095890411,212.45,3.09468317552804,0,-16.0641,4.11759799833194,1.37608385686463,0.451685660266874,1.30108445697626,0.601283991047423,33.3877563865537,51.0347891166449,14.7976986383577,0.969,3.95608738968062,3.43920674799665,0.832442903389189,0.505112958942417
1999-06-24,0.13,472.69,18.28,18.28,1061.67,0.08797397400383548,658.41,27.06629,750.88,3.17552224503765,2.27054970568104,0.715016154973943,0.219528466253919,0.207214753166224,16.85,1.1541095890411,212.45,3.09468317552804,0,-16.0641,4.11759799833194,1.37608385686463,0.451685660266874,1.30108445697626,0.601283991047423,33.3877563865537,51.0347891166449,14.7976986383577,0.969,3.95608738968062,3.43920674799665,0.832442903389189,0.505112958942417
1999-06-25,0.07,468.52,21.31,21.31,1287.95,0.0847156786703601,658.41,27.06629,750.88,3.17552224503765,2.27054970568104,0.715016154973943,0.219528466253919,0.207214753166224,16.85,1.1541095890411,212.45,3.09468317552804,0,-16.0641,4.11759799833194,1.37608385686463,0.451685660266874,1.30108445697626,0.601283991047423,33.3877563865537,51.0347891166449,14.7976986383577,0.969,3.95608738968062,3.43920674799665,0.832442903389189,0.505112958942417
1999-06-26,2.24,451.8,19.06,19.06,1181.63,0.0847156786703601,658.41,27.06629,750.88,3.17552224503765,2.27054970568104,0.715016154973943,0.219528466253919,0.207214753166224,16.85,1.1541095890411,212.45,3.09468317552804,0,-16.0641,4.11759799833194,1.37608385686463,0.451685660266874,1.30108445697626,0.601283991047423,33.3877563865537,51.0347891166449,14.7976986383577,0.969,3.95608738968062,3.43920674799665,0.832442903389189,0.505112958942417
1999-06-27,21.5,404.54,21.67,21.67,1428.75,0.12381522267206477,658.41,27.06629,750.88,3.17552224503765,2.27054970568104,0.715016154973943,0.219528466253919,0.207214753166224,16.85,1.1541095890411,212.45,3.09468317552804,0,-16.0641,4.11759799833194,1.37608385686463,0.451685660266874,1.30108445697626,0.601283991047423,33.3877563865537,51.0347891166449,14.7976986383577,0.969,3.95608738968062,3.43920674799665,0.832442903389189,0.505112958942417
1999-06-28,12.19,359.73,23.91,23.91,1741.63,0.23785555934370337,658.41,27.06629,750.88,3.17552224503765,2.27054970568104,0.715016154973943,0.219528466253919,0.207214753166224,16.85,1.1541095890411,212.45,3.09468317552804,0,-16.0641,4.11759799833194,1.37608385686463,0.451685660266874,1.30108445697626,0.601283991047423,33.3877563865537,51.0347891166449,14.7976986383577,0.969,3.95608738968062,3.43920674799665,0.832442903389189,0.505112958942417
1999-06-29,4.88,314.73,22.5,22.5,1579.24,0.2899882846793096,658.41,27.06629,750.88,3.17552224503765,2.27054970568104,0.715016154973943,0.219528466253919,0.207214753166224,16.85,1.1541095890411,212.45,3.09468317552804,0,-16.0641,4.11759799833194,1.37608385686463,0.451685660266874,1.30108445697626,0.601283991047423,33.3877563865537,51.0347891166449,14.7976986383577,0.969,3.95608738968062,3.43920674799665,0.832442903389189,0.505112958942417
1999-06-30,2.73,478.96,14.77,14.77,921.69,0.24111385467717877,658.41,27.06629,750.88,3.17552224503765,2.27054970568104,0.715016154973943,0.219528466253919,0.207214753166224,16.85,1.1541095890411,212.45,3.09468317552804,0,-16.0641,4.11759799833194,1.37608385686463,0.451685660266874,1.30108445697626,0.601283991047423,33.3877563865537,51.0347891166449,14.7976986383577,0.969,3.95608738968062,3.43920674799665,0.832442903389189,0.505112958942417
1999-07-01,12.3,411.45,16.81,16.81,1148.96,0.16291476667376945,658.41,27.06629,750.88,3.17552224503765,2.27054970568104,0.715016154973943,0.219528466253919,0.207214753166224,16.85,1.1541095890411,212.45,3.09468317552804,0,-16.0641,4.11759799833194,1.37608385686463,0.451685660266874,1.30108445697626,0.601283991047423,33.3877563865537,51.0347891166449,14.7976986383577,0.969,3.95608738968062,3.43920674799665,0.832442903389189,0.505112958942417
1999-07-02,3.28,428.96,21.34,21.34,1473.79,0.2671802173449819,658.41,27.06629,750.88,3.17552224503765,2.27054970568104,0.715016154973943,0.219528466253919,0.207214753166224,16.85,1.1541095890411,212.45,3.09468317552804,0,-16.0641,4.11759799833194,1.37608385686463,0.451685660266874,1.30108445697626,0.601283991047423,33.3877563865537,51.0347891166449,14.7976986383577,0.969,3.95608738968062,3.43920674799665,0.832442903389189,0.505112958942417
1999-07-03,0.05,544.72,19.48,19.48,1270.63,0.22156408267632643,658.41,27.06629,750.88,3.17552224503765,2.27054970568104,0.715016154973943,0.219528466253919,0.207214753166224,16.85,1.1541095890411,212.45,3.09468317552804,0,-16.0641,4.11759799833194,1.37608385686463,0.451685660266874,1.30108445697626,0.601283991047423,33.3877563865537,51.0347891166449,14.7976986383577,0.969,3.95608738968062,3.43920674799665,0.832442903389189,0.505112958942417
1999-07-04,0.15,462.45,23.14,23.14,1649.45,0.15965647134029404,658.41,27.06629,750.88,3.17552224503765,2.27054970568104,0.715016154973943,0.219528466253919,0.207214753166224,16.85,1.1541095890411,212.45,3.09468317552804,0,-16.0641,4.11759799833194,1.37608385686463,0.451685660266874,1.30108445697626,0.601283991047423,33.3877563865537,51.0347891166449,14.7976986383577,0.969,3.95608738968062,3.43920674799665,0.832442903389189,0.505112958942417
1999-07-05,0.7,390.05,25.06,25.06,1917.24,0.12707351800554018,658.41,27.06629,750.88,3.17552224503765,2.27054970568104,0.715016154973943,0.219528466253919,0.207214753166224,16.85,1.1541095890411,212.45,3.09468317552804,0,-16.0641,4.11759799833194,1.37608385686463,0.451685660266874,1.30108445697626,0.601283991047423,33.3877563865537,51.0347891166449,14.7976986383577,0.969,3.95608738968062,3.43920674799665,0.832442903389189,0.505112958942417
1999-07-06,5.98,356.96,25.3,25.3,1819.53,0.11729863200511399,658.41,27.06629,750.88,3.17552224503765,2.27054970568104,0.715016154973943,0.219528466253919,0.207214753166224,16.85,1.1541095890411,212.45,3.09468317552804,0,-16.0641,4.11759799833194,1.37608385686463,0.451685660266874,1.30108445697626,0.601283991047423,33.3877563865537,51.0347891166449,14.7976986383577,0.969,3.95608738968062,3.43920674799665,0.832442903389189,0.505112958942417
1999-07-07,2.05,417.02,20.67,20.67,1293.68,0.15313988067334328,658.41,27.06629,750.88,3.17552224503765,2.27054970568104,0.715016154973943,0.219528466253919,0.207214753166224,16.85,1.1541095890411,212.45,3.09468317552804,0,-16.0641,4.11759799833194,1.37608385686463,0.451685660266874,1.30108445697626,0.601283991047423,33.3877563865537,51.0347891166449,14.7976986383577,0.969,3.95608738968062,3.43920674799665,0.832442903389189,0.505112958942417
1999-07-08,2.66,381.04,18.83,18.83,1243.11,0.13033181333901556,658.41,27.06629,750.88,3.17552224503765,2.27054970568104,0.715016154973943,0.219528466253919,0.207214753166224,16.85,1.1541095890411,212.45,3.09468317552804,0,-16.0641,4.11759799833194,1.37608385686463,0.451685660266874,1.30108445697626,0.601283991047423,33.3877563865537,51.0347891166449,14.7976986383577,0.969,3.95608738968062,3.43920674799665,0.832442903389189,0.505112958942417
1999-07-09,21.94,366.17,17.59,17.59,1242.24,0.15313988067334328,658.41,27.06629,750.88,3.17552224503765,2.27054970568104,0.715016154973943,0.219528466253919,0.207214753166224,16.85,1.1541095890411,212.45,3.09468317552804,0,-16.0641,4.11759799833194,1.37608385686463,0.451685660266874,1.30108445697626,0.601283991047423,33.3877563865537,51.0347891166449,14.7976986383577,0.969,3.95608738968062,3.43920674799665,0.832442903389189,0.505112958942417
1999-07-10,6.39,387.2,19.19,19.19,1225.49,0.6581756573620285,658.41,27.06629,750.88,3.17552224503765,2.27054970568104,0.715016154973943,0.219528466253919,0.207214753166224,16.85,1.1541095890411,212.45,3.09468317552804,0,-16.0641,4.11759799833194,1.37608385686463,0.451685660266874,1.30108445697626,0.601283991047423,33.3877563865537,51.0347891166449,14.7976986383577,0.969,3.95608738968062,3.43920674799665,0.832442903389189,0.505112958942417
1999-07-11,0.21,536.8,12.93,12.93,820.43,0.25414703601108035,658.41,27.06629,750.88,3.17552224503765,2.27054970568104,0.715016154973943,0.219528466253919,0.207214753166224,16.85,1.1541095890411,212.45,3.09468317552804,0,-16.0641,4.11759799833194,1.37608385686463,0.451685660266874,1.30108445697626,0.601283991047423,33.3877563865537,51.0347891166449,14.7976986383577,0.969,3.95608738968062,3.43920674799665,0.832442903389189,0.505112958942417
1999-07-12,0.07,428.91,13.21,13.21,851.25,0.17920624334114638,658.41,27.06629,750.88,3.17552224503765,2.27054970568104,0.715016154973943,0.219528466253919,0.207214753166224,16.85,1.1541095890411,212.45,3.09468317552804,0,-16.0641,4.11759799833194,1.37608385686463,0.451685660266874,1.30108445697626,0.601283991047423,33.3877563865537,51.0347891166449,14.7976986383577,0.969,3.95608738968062,3.43920674799665,0.832442903389189,0.505112958942417
1999-07-13,0.06,507.51,16.28,16.28,986.82,0.15313988067334328,658.41,27.06629,750.88,3.17552224503765,2.27054970568104,0.715016154973943,0.219528466253919,0.207214753166224,16.85,1.1541095890411,212.45,3.09468317552804,0,-16.0641,4.11759799833194,1.37608385686463,0.451685660266874,1.30108445697626,0.601283991047423,33.3877563865537,51.0347891166449,14.7976986383577,0.969,3.95608738968062,3.43920674799665,0.832442903389189,0.505112958942417
1999-07-14,0.01,546.97,17.2,17.2,1047.41,0.13359010867249094,658.41,27.06629,750.88,3.17552224503765,2.27054970568104,0.715016154973943,0.219528466253919,0.207214753166224,16.85,1.1541095890411,212.45,3.09468317552804,0,-16.0641,4.11759799833194,1.37608385686463,0.451685660266874,1.30108445697626,0.601283991047423,33.3877563865537,51.0347891166449,14.7976986383577,0.969,3.95608738968062,3.43920674799665,0.832442903389189,0.505112958942417
1999-07-15,0.0,534.36,18.83,18.83,1182.66,0.12055692733858939,658.41,27.06629,750.88,3.17552224503765,2.27054970568104,0.715016154973943,0.219528466253919,0.207214753166224,16.85,1.1541095890411,212.45,3.09468317552804,0,-16.0641,4.11759799833194,1.37608385686463,0.451685660266874,1.30108445697626,0.601283991047423,33.3877563865537,51.0347891166449,14.7976986383577,0.969,3.95608738968062,3.43920674799665,0.832442903389189,0.505112958942417
1999-07-16,0.15,444.13,20.62,20.62,1343.35,0.11078204133816322,658.41,27.06629,750.88,3.17552224503765,2.27054970568104,0.715016154973943,0.219528466253919,0.207214753166224,16.85,1.1541095890411,212.45,3.09468317552804,0,-16.0641,4.11759799833194,1.37608385686463,0.451685660266874,1.30108445697626,0.601283991047423,33.3877563865537,51.0347891166449,14.7976986383577,0.969,3.95608738968062,3.43920674799665,0.832442903389189,0.505112958942417
1999-07-17,3.23,397.11,21.97,21.97,1464.49,0.11078204133816322,658.41,27.06629,750.88,3.17552224503765,2.27054970568104,0.715016154973943,0.219528466253919,0.207214753166224,16.85,1.1541095890411,212.45,3.09468317552804,0,-16.0641,4.11759799833194,1.37608385686463,0.451685660266874,1.30108445697626,0.601283991047423,33.3877563865537,51.0347891166449,14.7976986383577,0.969,3.95608738968062,3.43920674799665,0.832442903389189,0.505112958942417
1999-07-18,1.29,387.11,22.46,22.46,1565.12,0.10100715533773705,658.41,27.06629,750.88,3.17552224503765,2.27054970568104,0.715016154973943,0.219528466253919,0.207214753166224,16.85,1.1541095890411,212.45,3.09468317552804,0,-16.0641,4.11759799833194,1.37608385686463,0.451685660266874,1.30108445697626,0.601283991047423,33.3877563865537,51.0347891166449,14.7976986383577,0.969,3.95608738968062,3.43920674799665,0.832442903389189,0.505112958942417
1999-07-19,4.22,359.88,23.11,23.11,1660.75,0.10426545067121244,658.41,27.06629,750.88,3.17552224503765,2.27054970568104,0.715016154973943,0.219528466253919,0.207214753166224,16.85,1.1541095890411,212.45,3.09468317552804,0,-16.0641,4.11759799833194,1.37608385686463,0.451685660266874,1.30108445697626,0.601283991047423,33.3877563865537,51.0347891166449,14.7976986383577,0.969,3.95608738968062,3.43920674799665,0.832442903389189,0.505112958942417
1999-07-20,1.26,354.69,20.26,20.26,1464.22,0.10426545067121244,658.41,27.06629,750.88,3.17552224503765,2.27054970568104,0.715016154973943,0.219528466253919,0.207214753166224,16.85,1.1541095890411,212.45,3.09468317552804,0,-16.0641,4.11759799833194,1.37608385686463,0.451685660266874,1.30108445697626,0.601283991047423,33.3877563865537,51.0347891166449,14.7976986383577,0.969,3.95608738968062,3.43920674799665,0.832442903389189,0.505112958942417
1999-07-21,2.04,393.6,17.5,17.5,1233.09,0.09449056467078627,658.41,27.06629,750.88,3.17552224503765,2.27054970568104,0.715016154973943,0.219528466253919,0.207214753166224,16.85,1.1541095890411,212.45,3.09468317552804,0,-16.0641,4.11759799833194,1.37608385686463,0.451685660266874,1.30108445697626,0.601283991047423,33.3877563865537,51.0347891166449,14.7976986383577,0.969,3.95608738968062,3.43920674799665,0.832442903389189,0.505112958942417
1999-07-22,0.94,380.27,19.93,19.93,1424.51,0.10100715533773705,658.41,27.06629,750.88,3.17552224503765,2.27054970568104,0.715016154973943,0.219528466253919,0.207214753166224,16.85,1.1541095890411,212.45,3.09468317552804,0,-16.0641,4.11759799833194,1.37608385686463,0.451685660266874,1.30108445697626,0.601283991047423,33.3877563865537,51.0347891166449,14.7976986383577,0.969,3.95608738968062,3.43920674799665,0.832442903389189,0.505112958942417
1999-07-23,0.11,497.31,21.5,21.5,1484.63,0.11404033667163861,658.41,27.06629,750.88,3.17552224503765,2.27054970568104,0.715016154973943,0.219528466253919,0.207214753166224,16.85,1.1541095890411,212.45,3.09468317552804,0,-16.0641,4.11759799833194,1.37608385686463,0.451685660266874,1.30108445697626,0.601283991047423,33.3877563865537,51.0347891166449,14.7976986383577,0.969,3.95608738968062,3.43920674799665,0.832442903389189,0.505112958942417
1999-07-24,0.77,418.93,23.25,23.25,1583.98,0.09123226933731088,658.41,27.06629,750.88,3.17552224503765,2.27054970568104,0.715016154973943,0.219528466253919,0.207214753166224,16.85,1.1541095890411,212.45,3.09468317552804,0,-16.0641,4.11759799833194,1.37608385686463,0.451685660266874,1.30108445697626,0.601283991047423,33.3877563865537,51.0347891166449,14.7976986383577,0.969,3.95608738968062,3.43920674799665,0.832442903389189,0.505112958942417
1999-07-25,19.07,396.93,21.6,21.6,1389.83,0.13359010867249094,658.41,27.06629,750.88,3.17552224503765,2.27054970568104,0.715016154973943,0.219528466253919,0.207214753166224,16.85,1.1541095890411,212.45,3.09468317552804,0,-16.0641,4.11759799833194,1.37608385686463,0.451685660266874,1.30108445697626,0.601283991047423,33.3877563865537,51.0347891166449,14.7976986383577,0.969,3.95608738968062,3.43920674799665,0.832442903389189,0.505112958942417
1999-07-26,5.35,478.41,19.98,19.98,1342.02,0.22156408267632643,658.41,27.06629,750.88,3.17552224503765,2.27054970568104,0.715016154973943,0.219528466253919,0.207214753166224,16.85,1.1541095890411,212.45,3.09468317552804,0,-16.0641,4.11759799833194,1.37608385686463,0.451685660266874,1.30108445697626,0.601283991047423,33.3877563865537,51.0347891166449,14.7976986383577,0.969,3.95608738968062,3.43920674799665,0.832442903389189,0.505112958942417
1999-07-27,0.23,460.92,21.67,21.67,1471.91,0.15313988067334328,658.41,27.06629,750.88,3.17552224503765,2.27054970568104,0.715016154973943,0.219528466253919,0.207214753166224,16.85,1.1541095890411,212.45,3.09468317552804,0,-16.0641,4.11759799833194,1.37608385686463,0.451685660266874,1.30108445697626,0.601283991047423,33.3877563865537,51.0347891166449,14.7976986383577,0.969,3.95608738968062,3.43920674799665,0.832442903389189,0.505112958942417
1999-07-28,0.05,534.03,20.52,20.52,1295.31,0.10752374600468782,658.41,27.06629,750.88,3.17552224503765,2.27054970568104,0.715016154973943,0.219528466253919,0.207214753166224,16.85,1.1541095890411,212.45,3.09468317552804,0,-16.0641,4.11759799833194,1.37608385686463,0.451685660266874,1.30108445697626,0.601283991047423,33.3877563865537,51.0347891166449,14.7976986383577,0.969,3.95608738968062,3.43920674799665,0.832442903389189,0.505112958942417
1999-07-29,0.2,484.9,21.31,21.31,1382.49,0.09774886000426165,658.41,27.06629,750.88,3.17552224503765,2.27054970568104,0.715016154973943,0.219528466253919,0.207214753166224,16.85,1.1541095890411,212.45,3.09468317552804,0,-16.0641,4.11759799833194,1.37608385686463,0.451685660266874,1.30108445697626,0.601283991047423,33.3877563865537,51.0347891166449,14.7976986383577,0.969,3.95608738968062,3.43920674799665,0.832442903389189,0.505112958942417
1999-07-30,1.7,388.56,21.33,21.33,1444.68,0.0847156786703601,658.41,27.06629,750.88,3.17552224503765,2.27054970568104,0.715016154973943,0.219528466253919,0.207214753166224,16.85,1.1541095890411,212.45,3.09468317552804,0,-16.0641,4.11759799833194,1.37608385686463,0.451685660266874,1.30108445697626,0.601283991047423,33.3877563865537,51.0347891166449,14.7976986383577,0.969,3.95608738968062,3.43920674799665,0.832442903389189,0.505112958942417
1999-07-31,7.36,403.62,21.85,21.85,1447.3,0.0847156786703601,658.41,27.06629,750.88,3.17552224503765,2.27054970568104,0.715016154973943,0.219528466253919,0.207214753166224,16.85,1.1541095890411,212.45,3.09468317552804,0,-16.0641,4.11759799833194,1.37608385686463,0.451685660266874,1.30108445697626,0.601283991047423,33.3877563865537,51.0347891166449,14.7976986383577,0.969,3.95608738968062,3.43920674799665,0.832442903389189,0.505112958942417
1999-08-01,2.02,459.2,23.44,23.44,1510.84,0.09774886000426165,658.41,27.06629,750.88,3.17552224503765,2.27054970568104,0.715016154973943,0.219528466253919,0.207214753166224,16.85,1.1541095890411,212.45,3.09468317552804,0,-16.0641,4.11759799833194,1.37608385686463,0.451685660266874,1.30108445697626,0.601283991047423,33.3877563865537,51.0347891166449,14.7976986383577,0.969,3.95608738968062,3.43920674799665,0.832442903389189,0.505112958942417
1999-08-02,0.05,539.45,18.91,18.91,1135.95,0.09449056467078627,658.41,27.06629,750.88,3.17552224503765,2.27054970568104,0.715016154973943,0.219528466253919,0.207214753166224,16.85,1.1541095890411,212.45,3.09468317552804,0,-16.0641,4.11759799833194,1.37608385686463,0.451685660266874,1.30108445697626,0.601283991047423,33.3877563865537,51.0347891166449,14.7976986383577,0.969,3.95608738968062,3.43920674799665,0.832442903389189,0.505112958942417
1999-08-03,0.08,446.95,17.14,17.14,1051.19,0.07494079266993393,658.41,27.06629,750.88,3.17552224503765,2.27054970568104,0.715016154973943,0.219528466253919,0.207214753166224,16.85,1.1541095890411,212.45,3.09468317552804,0,-16.0641,4.11759799833194,1.37608385686463,0.451685660266874,1.30108445697626,0.601283991047423,33.3877563865537,51.0347891166449,14.7976986383577,0.969,3.95608738968062,3.43920674799665,0.832442903389189,0.505112958942417
1999-08-04,1.03,409.75,16.2,16.2,1046.26,0.07168249733645855,658.41,27.06629,750.88,3.17552224503765,2.27054970568104,0.715016154973943,0.219528466253919,0.207214753166224,16.85,1.1541095890411,212.45,3.09468317552804,0,-16.0641,4.11759799833194,1.37608385686463,0.451685660266874,1.30108445697626,0.601283991047423,33.3877563865537,51.0347891166449,14.7976986383577,0.969,3.95608738968062,3.43920674799665,0.832442903389189,0.505112958942417
1999-08-05,3.65,375.24,18.23,18.23,1182.78,0.07494079266993393,658.41,27.06629,750.88,3.17552224503765,2.27054970568104,0.715016154973943,0.219528466253919,0.207214753166224,16.85,1.1541095890411,212.45,3.09468317552804,0,-16.0641,4.11759799833194,1.37608385686463,0.451685660266874,1.30108445697626,0.601283991047423,33.3877563865537,51.0347891166449,14.7976986383577,0.969,3.95608738968062,3.43920674799665,0.832442903389189,0.505112958942417
1999-08-06,1.49,442.82,15.34,15.34,964.81,0.07819908800340933,658.41,27.06629,750.88,3.17552224503765,2.27054970568104,0.715016154973943,0.219528466253919,0.207214753166224,16.85,1.1541095890411,212.45,3.09468317552804,0,-16.0641,4.11759799833194,1.37608385686463,0.451685660266874,1.30108445697626,0.601283991047423,33.3877563865537,51.0347891166449,14.7976986383577,0.969,3.95608738968062,3.43920674799665,0.832442903389189,0.505112958942417
1999-08-07,2.99,412.6,14.8,14.8,954.99,0.07168249733645855,658.41,27.06629,750.88,3.17552224503765,2.27054970568104,0.715016154973943,0.219528466253919,0.207214753166224,16.85,1.1541095890411,212.45,3.09468317552804,0,-16.0641,4.11759799833194,1.37608385686463,0.451685660266874,1.30108445697626,0.601283991047423,33.3877563865537,51.0347891166449,14.7976986383577,0.969,3.95608738968062,3.43920674799665,0.832442903389189,0.505112958942417
1999-08-08,1.48,376.47,18.01,18.01,1137.87,0.07168249733645855,658.41,27.06629,750.88,3.17552224503765,2.27054970568104,0.715016154973943,0.219528466253919,0.207214753166224,16.85,1.1541095890411,212.45,3.09468317552804,0,-16.0641,4.11759799833194,1.37608385686463,0.451685660266874,1.30108445697626,0.601283991047423,33.3877563865537,51.0347891166449,14.7976986383577,0.969,3.95608738968062,3.43920674799665,0.832442903389189,0.505112958942417
1999-08-09,1.43,395.48,14.13,14.13,918.28,0.06842420200298316,658.41,27.06629,750.88,3.17552224503765,2.27054970568104,0.715016154973943,0.219528466253919,0.207214753166224,16.85,1.1541095890411,212.45,3.09468317552804,0,-16.0641,4.11759799833194,1.37608385686463,0.451685660266874,1.30108445697626,0.601283991047423,33.3877563865537,51.0347891166449,14.7976986383577,0.969,3.95608738968062,3.43920674799665,0.832442903389189,0.505112958942417
1999-08-10,1.07,373.01,13.56,13.56,956.72,0.06516590666950778,658.41,27.06629,750.88,3.17552224503765,2.27054970568104,0.715016154973943,0.219528466253919,0.207214753166224,16.85,1.1541095890411,212.45,3.09468317552804,0,-16.0641,4.11759799833194,1.37608385686463,0.451685660266874,1.30108445697626,0.601283991047423,33.3877563865537,51.0347891166449,14.7976986383577,0.969,3.95608738968062,3.43920674799665,0.832442903389189,0.505112958942417
1999-08-11,0.2,441.15,15.33,15.33,1087.55,0.06516590666950778,658.41,27.06629,750.88,3.17552224503765,2.27054970568104,0.715016154973943,0.219528466253919,0.207214753166224,16.85,1.1541095890411,212.45,3.09468317552804,0,-16.0641,4.11759799833194,1.37608385686463,0.451685660266874,1.30108445697626,0.601283991047423,33.3877563865537,51.0347891166449,14.7976986383577,0.969,3.95608738968062,3.43920674799665,0.832442903389189,0.505112958942417
1999-08-12,0.72,434.81,16.61,16.61,1146.04,0.06516590666950778,658.41,27.06629,750.88,3.17552224503765,2.27054970568104,0.715016154973943,0.219528466253919,0.207214753166224,16.85,1.1541095890411,212.45,3.09468317552804,0,-16.0641,4.11759799833194,1.37608385686463,0.451685660266874,1.30108445697626,0.601283991047423,33.3877563865537,51.0347891166449,14.7976986383577,0.969,3.95608738968062,3.43920674799665,0.832442903389189,0.505112958942417
1999-08-13,3.67,371.04,19.85,19.85,1417.28,0.06516590666950778,658.41,27.06629,750.88,3.17552224503765,2.27054970568104,0.715016154973943,0.219528466253919,0.207214753166224,16.85,1.1541095890411,212.45,3.09468317552804,0,-16.0641,4.11759799833194,1.37608385686463,0.451685660266874,1.30108445697626,0.601283991047423,33.3877563865537,51.0347891166449,14.7976986383577,0.969,3.95608738968062,3.43920674799665,0.832442903389189,0.505112958942417
1999-08-14,1.81,301.56,21.06,21.06,1566.91,0.06516590666950778,658.41,27.06629,750.88,3.17552224503765,2.27054970568104,0.715016154973943,0.219528466253919,0.207214753166224,16.85,1.1541095890411,212.45,3.09468317552804,0,-16.0641,4.11759799833194,1.37608385686463,0.451685660266874,1.30108445697626,0.601283991047423,33.3877563865537,51.0347891166449,14.7976986383577,0.969,3.95608738968062,3.43920674799665,0.832442903389189,0.505112958942417
1999-08-15,0.24,433.29,17.04,17.04,1169.15,0.06516590666950778,658.41,27.06629,750.88,3.17552224503765,2.27054970568104,0.715016154973943,0.219528466253919,0.207214753166224,16.85,1.1541095890411,212.45,3.09468317552804,0,-16.0641,4.11759799833194,1.37608385686463,0.451685660266874,1.30108445697626,0.601283991047423,33.3877563865537,51.0347891166449,14.7976986383577,0.969,3.95608738968062,3.43920674799665,0.832442903389189,0.505112958942417
1999-08-16,0.16,456.12,13.92,13.92,894.19,0.05539102066908161,658.41,27.06629,750.88,3.17552224503765,2.27054970568104,0.715016154973943,0.219528466253919,0.207214753166224,16.85,1.1541095890411,212.45,3.09468317552804,0,-16.0641,4.11759799833194,1.37608385686463,0.451685660266874,1.30108445697626,0.601283991047423,33.3877563865537,51.0347891166449,14.7976986383577,0.969,3.95608738968062,3.43920674799665,0.832442903389189,0.505112958942417
1999-08-17,0.04,533.83,18.14,18.14,1078.97,0.04887443000213083,658.41,27.06629,750.88,3.17552224503765,2.27054970568104,0.715016154973943,0.219528466253919,0.207214753166224,16.85,1.1541095890411,212.45,3.09468317552804,0,-16.0641,4.11759799833194,1.37608385686463,0.451685660266874,1.30108445697626,0.601283991047423,33.3877563865537,51.0347891166449,14.7976986383577,0.969,3.95608738968062,3.43920674799665,0.832442903389189,0.505112958942417
1999-08-18,4.2,427.44,20.26,20.26,1250.69,0.04561613466865544,658.41,27.06629,750.88,3.17552224503765,2.27054970568104,0.715016154973943,0.219528466253919,0.207214753166224,16.85,1.1541095890411,212.45,3.09468317552804,0,-16.0641,4.11759799833194,1.37608385686463,0.451685660266874,1.30108445697626,0.601283991047423,33.3877563865537,51.0347891166449,14.7976986383577,0.969,3.95608738968062,3.43920674799665,0.832442903389189,0.505112958942417
1999-08-19,18.2,359.78,16.34,16.34,1128.45,0.04561613466865544,658.41,27.06629,750.88,3.17552224503765,2.27054970568104,0.715016154973943,0.219528466253919,0.207214753166224,16.85,1.1541095890411,212.45,3.09468317552804,0,-16.0641,4.11759799833194,1.37608385686463,0.451685660266874,1.30108445697626,0.601283991047423,33.3877563865537,51.0347891166449,14.7976986383577,0.969,3.95608738968062,3.43920674799665,0.832442903389189,0.505112958942417
1999-08-20,11.14,355.12,17.03,17.03,1234.24,0.20853090134242488,658.41,27.06629,750.88,3.17552224503765,2.27054970568104,0.715016154973943,0.219528466253919,0.207214753166224,16.85,1.1541095890411,212.45,3.09468317552804,0,-16.0641,4.11759799833194,1.37608385686463,0.451685660266874,1.30108445697626,0.601283991047423,33.3877563865537,51.0347891166449,14.7976986383577,0.969,3.95608738968062,3.43920674799665,0.832442903389189,0.505112958942417
1999-08-21,1.85,271.27,16.37,16.37,1237.95,0.11078204133816322,658.41,27.06629,750.88,3.17552224503765,2.27054970568104,0.715016154973943,0.219528466253919,0.207214753166224,16.85,1.1541095890411,212.45,3.09468317552804,0,-16.0641,4.11759799833194,1.37608385686463,0.451685660266874,1.30108445697626,0.601283991047423,33.3877563865537,51.0347891166449,14.7976986383577,0.969,3.95608738968062,3.43920674799665,0.832442903389189,0.505112958942417
1999-08-22,0.03,435.17,12.49,12.49,949.17,0.0847156786703601,658.41,27.06629,750.88,3.17552224503765,2.27054970568104,0.715016154973943,0.219528466253919,0.207214753166224,16.85,1.1541095890411,212.45,3.09468317552804,0,-16.0641,4.11759799833194,1.37608385686463,0.451685660266874,1.30108445697626,0.601283991047423,33.3877563865537,51.0347891166449,14.7976986383577,0.969,3.95608738968062,3.43920674799665,0.832442903389189,0.505112958942417
1999-08-23,0.0,515.25,14.28,14.28,969.2,0.07494079266993393,658.41,27.06629,750.88,3.17552224503765,2.27054970568104,0.715016154973943,0.219528466253919,0.207214753166224,16.85,1.1541095890411,212.45,3.09468317552804,0,-16.0641,4.11759799833194,1.37608385686463,0.451685660266874,1.30108445697626,0.601283991047423,33.3877563865537,51.0347891166449,14.7976986383577,0.969,3.95608738968062,3.43920674799665,0.832442903389189,0.505112958942417
1999-08-24,0.48,408.66,17.87,17.87,1227.11,0.06842420200298316,658.41,27.06629,750.88,3.17552224503765,2.27054970568104,0.715016154973943,0.219528466253919,0.207214753166224,16.85,1.1541095890411,212.45,3.09468317552804,0,-16.0641,4.11759799833194,1.37608385686463,0.451685660266874,1.30108445697626,0.601283991047423,33.3877563865537,51.0347891166449,14.7976986383577,0.969,3.95608738968062,3.43920674799665,0.832442903389189,0.505112958942417
1999-08-25,7.29,320.8,19.41,19.41,1478.96,0.061907611336032384,658.41,27.06629,750.88,3.17552224503765,2.27054970568104,0.715016154973943,0.219528466253919,0.207214753166224,16.85,1.1541095890411,212.45,3.09468317552804,0,-16.0641,4.11759799833194,1.37608385686463,0.451685660266874,1.30108445697626,0.601283991047423,33.3877563865537,51.0347891166449,14.7976986383577,0.969,3.95608738968062,3.43920674799665,0.832442903389189,0.505112958942417
1999-08-26,6.44,267.77,19.77,19.77,1613.81,0.07494079266993393,658.41,27.06629,750.88,3.17552224503765,2.27054970568104,0.715016154973943,0.219528466253919,0.207214753166224,16.85,1.1541095890411,212.45,3.09468317552804,0,-16.0641,4.11759799833194,1.37608385686463,0.451685660266874,1.30108445697626,0.601283991047423,33.3877563865537,51.0347891166449,14.7976986383577,0.969,3.95608738968062,3.43920674799665,0.832442903389189,0.505112958942417
1999-08-27,1.72,255.69,18.67,18.67,1573.07,0.07168249733645855,658.41,27.06629,750.88,3.17552224503765,2.27054970568104,0.715016154973943,0.219528466253919,0.207214753166224,16.85,1.1541095890411,212.45,3.09468317552804,0,-16.0641,4.11759799833194,1.37608385686463,0.451685660266874,1.30108445697626,0.601283991047423,33.3877563865537,51.0347891166449,14.7976986383577,0.969,3.95608738968062,3.43920674799665,0.832442903389189,0.505112958942417
1999-08-28,0.4,310.25,19.01,19.01,1435.79,0.07819908800340933,658.41,27.06629,750.88,3.17552224503765,2.27054970568104,0.715016154973943,0.219528466253919,0.207214753166224,16.85,1.1541095890411,212.45,3.09468317552804,0,-16.0641,4.11759799833194,1.37608385686463,0.451685660266874,1.30108445697626,0.601283991047423,33.3877563865537,51.0347891166449,14.7976986383577,0.969,3.95608738968062,3.43920674799665,0.832442903389189,0.505112958942417
1999-08-29,0.07,513.7,16.81,16.81,1012.31,0.07494079266993393,658.41,27.06629,750.88,3.17552224503765,2.27054970568104,0.715016154973943,0.219528466253919,0.207214753166224,16.85,1.1541095890411,212.45,3.09468317552804,0,-16.0641,4.11759799833194,1.37608385686463,0.451685660266874,1.30108445697626,0.601283991047423,33.3877563865537,51.0347891166449,14.7976986383577,0.969,3.95608738968062,3.43920674799665,0.832442903389189,0.505112958942417
1999-08-30,0.0,501.39,13.08,13.08,806.42,0.06516590666950778,658.41,27.06629,750.88,3.17552224503765,2.27054970568104,0.715016154973943,0.219528466253919,0.207214753166224,16.85,1.1541095890411,212.45,3.09468317552804,0,-16.0641,4.11759799833194,1.37608385686463,0.451685660266874,1.30108445697626,0.601283991047423,33.3877563865537,51.0347891166449,14.7976986383577,0.969,3.95608738968062,3.43920674799665,0.832442903389189,0.505112958942417
1999-08-31,0.0,515.51,11.68,11.68,748.32,0.058649316002556996,658.41,27.06629,750.88,3.17552224503765,2.27054970568104,0.715016154973943,0.219528466253919,0.207214753166224,16.85,1.1541095890411,212.45,3.09468317552804,0,-16.0641,4.11759799833194,1.37608385686463,0.451685660266874,1.30108445697626,0.601283991047423,33.3877563865537,51.0347891166449,14.7976986383577,0.969,3.95608738968062,3.43920674799665,0.832442903389189,0.505112958942417
1999-09-01,0.0,519.88,14.28,14.28,832.1,0.05213272533560622,658.41,27.06629,750.88,3.17552224503765,2.27054970568104,0.715016154973943,0.219528466253919,0.207214753166224,16.85,1.1541095890411,212.45,3.09468317552804,0,-16.0641,4.11759799833194,1.37608385686463,0.451685660266874,1.30108445697626,0.601283991047423,33.3877563865537,51.0347891166449,14.7976986383577,0.969,3.95608738968062,3.43920674799665,0.832442903389189,0.505112958942417
1999-09-02,0.0,511.29,17.51,17.51,973.09,0.05213272533560622,658.41,27.06629,750.88,3.17552224503765,2.27054970568104,0.715016154973943,0.219528466253919,0.207214753166224,16.85,1.1541095890411,212.45,3.09468317552804,0,-16.0641,4.11759799833194,1.37608385686463,0.451685660266874,1.30108445697626,0.601283991047423,33.3877563865537,51.0347891166449,14.7976986383577,0.969,3.95608738968062,3.43920674799665,0.832442903389189,0.505112958942417
1999-09-03,0.0,508.76,18.05,18.05,1001.73,0.05213272533560622,658.41,27.06629,750.88,3.17552224503765,2.27054970568104,0.715016154973943,0.219528466253919,0.207214753166224,16.85,1.1541095890411,212.45,3.09468317552804,0,-16.0641,4.11759799833194,1.37608385686463,0.451685660266874,1.30108445697626,0.601283991047423,33.3877563865537,51.0347891166449,14.7976986383577,0.969,3.95608738968062,3.43920674799665,0.832442903389189,0.505112958942417
1999-09-04,0.05,425.37,18.61,18.61,1158.35,0.04887443000213083,658.41,27.06629,750.88,3.17552224503765,2.27054970568104,0.715016154973943,0.219528466253919,0.207214753166224,16.85,1.1541095890411,212.45,3.09468317552804,0,-16.0641,4.11759799833194,1.37608385686463,0.451685660266874,1.30108445697626,0.601283991047423,33.3877563865537,51.0347891166449,14.7976986383577,0.969,3.95608738968062,3.43920674799665,0.832442903389189,0.505112958942417
1999-09-05,1.98,338.72,20.52,20.52,1488.73,0.04887443000213083,658.41,27.06629,750.88,3.17552224503765,2.27054970568104,0.715016154973943,0.219528466253919,0.207214753166224,16.85,1.1541095890411,212.45,3.09468317552804,0,-16.0641,4.11759799833194,1.37608385686463,0.451685660266874,1.30108445697626,0.601283991047423,33.3877563865537,51.0347891166449,14.7976986383577,0.969,3.95608738968062,3.43920674799665,0.832442903389189,0.505112958942417
1999-09-06,11.32,299.47,21.99,21.99,1749.85,0.04561613466865544,658.41,27.06629,750.88,3.17552224503765,2.27054970568104,0.715016154973943,0.219528466253919,0.207214753166224,16.85,1.1541095890411,212.45,3.09468317552804,0,-16.0641,4.11759799833194,1.37608385686463,0.451685660266874,1.30108445697626,0.601283991047423,33.3877563865537,51.0347891166449,14.7976986383577,0.969,3.95608738968062,3.43920674799665,0.832442903389189,0.505112958942417
1999-09-07,5.81,283.24,22.08,22.08,1810.2,0.06516590666950778,658.41,27.06629,750.88,3.17552224503765,2.27054970568104,0.715016154973943,0.219528466253919,0.207214753166224,16.85,1.1541095890411,212.45,3.09468317552804,0,-16.0641,4.11759799833194,1.37608385686463,0.451685660266874,1.30108445697626,0.601283991047423,33.3877563865537,51.0347891166449,14.7976986383577,0.969,3.95608738968062,3.43920674799665,0.832442903389189,0.505112958942417
1999-09-08,1.71,187.9,19.88,19.88,1682.25,0.09449056467078627,658.41,27.06629,750.88,3.17552224503765,2.27054970568104,0.715016154973943,0.219528466253919,0.207214753166224,16.85,1.1541095890411,212.45,3.09468317552804,0,-16.0641,4.11759799833194,1.37608385686463,0.451685660266874,1.30108445697626,0.601283991047423,33.3877563865537,51.0347891166449,14.7976986383577,0.969,3.95608738968062,3.43920674799665,0.832442903389189,0.505112958942417
1999-09-09,0.4,369.14,17.23,17.23,1298.77,0.09449056467078627,658.41,27.06629,750.88,3.17552224503765,2.27054970568104,0.715016154973943,0.219528466253919,0.207214753166224,16.85,1.1541095890411,212.45,3.09468317552804,0,-16.0641,4.11759799833194,1.37608385686463,0.451685660266874,1.30108445697626,0.601283991047423,33.3877563865537,51.0347891166449,14.7976986383577,0.969,3.95608738968062,3.43920674799665,0.832442903389189,0.505112958942417
1999-09-10,0.04,417.91,16.83,16.83,1166.62,0.07494079266993393,658.41,27.06629,750.88,3.17552224503765,2.27054970568104,0.715016154973943,0.219528466253919,0.207214753166224,16.85,1.1541095890411,212.45,3.09468317552804,0,-16.0641,4.11759799833194,1.37608385686463,0.451685660266874,1.30108445697626,0.601283991047423,33.3877563865537,51.0347891166449,14.7976986383577,0.969,3.95608738968062,3.43920674799665,0.832442903389189,0.505112958942417
1999-09-11,0.0,471.75,13.99,13.99,902.97,0.06516590666950778,658.41,27.06629,750.88,3.17552224503765,2.27054970568104,0.715016154973943,0.219528466253919,0.207214753166224,16.85,1.1541095890411,212.45,3.09468317552804,0,-16.0641,4.11759799833194,1.37608385686463,0.451685660266874,1.30108445697626,0.601283991047423,33.3877563865537,51.0347891166449,14.7976986383577,0.969,3.95608738968062,3.43920674799665,0.832442903389189,0.505112958942417
1999-09-12,0.43,405.63,13.26,13.26,876.52,0.05539102066908161,658.41,27.06629,750.88,3.17552224503765,2.27054970568104,0.715016154973943,0.219528466253919,0.207214753166224,16.85,1.1541095890411,212.45,3.09468317552804,0,-16.0641,4.11759799833194,1.37608385686463,0.451685660266874,1.30108445697626,0.601283991047423,33.3877563865537,51.0347891166449,14.7976986383577,0.969,3.95608738968062,3.43920674799665,0.832442903389189,0.505112958942417
1999-09-13,4.29,348.61,16.94,16.94,1143.59,0.05213272533560622,658.41,27.06629,750.88,3.17552224503765,2.27054970568104,0.715016154973943,0.219528466253919,0.207214753166224,16.85,1.1541095890411,212.45,3.09468317552804,0,-16.0641,4.11759799833194,1.37608385686463,0.451685660266874,1.30108445697626,0.601283991047423,33.3877563865537,51.0347891166449,14.7976986383577,0.969,3.95608738968062,3.43920674799665,0.832442903389189,0.505112958942417
1999-09-14,3.4,294.81,18.72,18.72,1315.09,0.05213272533560622,658.41,27.06629,750.88,3.17552224503765,2.27054970568104,0.715016154973943,0.219528466253919,0.207214753166224,16.85,1.1541095890411,212.45,3.09468317552804,0,-16.0641,4.11759799833194,1.37608385686463,0.451685660266874,1.30108445697626,0.601283991047423,33.3877563865537,51.0347891166449,14.7976986383577,0.969,3.95608738968062,3.43920674799665,0.832442903389189,0.505112958942417
1999-09-15,6.44,345.22,13.5,13.5,955.02,0.061907611336032384,658.41,27.06629,750.88,3.17552224503765,2.27054970568104,0.715016154973943,0.219528466253919,0.207214753166224,16.85,1.1541095890411,212.45,3.09468317552804,0,-16.0641,4.11759799833194,1.37608385686463,0.451685660266874,1.30108445697626,0.601283991047423,33.3877563865537,51.0347891166449,14.7976986383577,0.969,3.95608738968062,3.43920674799665,0.832442903389189,0.505112958942417
1999-09-16,30.44,302.04,13.78,13.78,1025.98,0.12381522267206477,658.41,27.06629,750.88,3.17552224503765,2.27054970568104,0.715016154973943,0.219528466253919,0.207214753166224,16.85,1.1541095890411,212.45,3.09468317552804,0,-16.0641,4.11759799833194,1.37608385686463,0.451685660266874,1.30108445697626,0.601283991047423,33.3877563865537,51.0347891166449,14.7976986383577,0.969,3.95608738968062,3.43920674799665,0.832442903389189,0.505112958942417
1999-09-17,8.48,141.23,11.43,11.43,1020.7,0.511552367355636,658.41,27.06629,750.88,3.17552224503765,2.27054970568104,0.715016154973943,0.219528466253919,0.207214753166224,16.85,1.1541095890411,212.45,3.09468317552804,0,-16.0641,4.11759799833194,1.37608385686463,0.451685660266874,1.30108445697626,0.601283991047423,33.3877563865537,51.0347891166449,14.7976986383577,0.969,3.95608738968062,3.43920674799665,0.832442903389189,0.505112958942417
1999-09-18,0.23,442.31,10.16,10.16,823.19,0.22156408267632643,658.41,27.06629,750.88,3.17552224503765,2.27054970568104,0.715016154973943,0.219528466253919,0.207214753166224,16.85,1.1541095890411,212.45,3.09468317552804,0,-16.0641,4.11759799833194,1.37608385686463,0.451685660266874,1.30108445697626,0.601283991047423,33.3877563865537,51.0347891166449,14.7976986383577,0.969,3.95608738968062,3.43920674799665,0.832442903389189,0.505112958942417
1999-09-19,1.27,384.13,11.54,11.54,814.34,0.14988158533986787,658.41,27.06629,750.88,3.17552224503765,2.27054970568104,0.715016154973943,0.219528466253919,0.207214753166224,16.85,1.1541095890411,212.45,3.09468317552804,0,-16.0641,4.11759799833194,1.37608385686463,0.451685660266874,1.30108445697626,0.601283991047423,33.3877563865537,51.0347891166449,14.7976986383577,0.969,3.95608738968062,3.43920674799665,0.832442903389189,0.505112958942417
1999-09-20,7.49,335.77,13.59,13.59,916.79,0.12381522267206477,658.41,27.06629,750.88,3.17552224503765,2.27054970568104,0.715016154973943,0.219528466253919,0.207214753166224,16.85,1.1541095890411,212.45,3.09468317552804,0,-16.0641,4.11759799833194,1.37608385686463,0.451685660266874,1.30108445697626,0.601283991047423,33.3877563865537,51.0347891166449,14.7976986383577,0.969,3.95608738968062,3.43920674799665,0.832442903389189,0.505112958942417
1999-09-21,2.41,332.07,12.63,12.63,887.91,0.13359010867249094,658.41,27.06629,750.88,3.17552224503765,2.27054970568104,0.715016154973943,0.219528466253919,0.207214753166224,16.85,1.1541095890411,212.45,3.09468317552804,0,-16.0641,4.11759799833194,1.37608385686463,0.451685660266874,1.30108445697626,0.601283991047423,33.3877563865537,51.0347891166449,14.7976986383577,0.969,3.95608738968062,3.43920674799665,0.832442903389189,0.505112958942417
1999-09-22,0.14,310.71,6.88,6.88,695.32,0.1466232900063925,658.41,27.06629,750.88,3.17552224503765,2.27054970568104,0.715016154973943,0.219528466253919,0.207214753166224,16.85,1.1541095890411,212.45,3.09468317552804,0,-16.0641,4.11759799833194,1.37608385686463,0.451685660266874,1.30108445697626,0.601283991047423,33.3877563865537,51.0347891166449,14.7976986383577,0.969,3.95608738968062,3.43920674799665,0.832442903389189,0.505112958942417
1999-09-23,0.0,427.77,7.09,7.09,671.89,0.12055692733858939,658.41,27.06629,750.88,3.17552224503765,2.27054970568104,0.715016154973943,0.219528466253919,0.207214753166224,16.85,1.1541095890411,212.45,3.09468317552804,0,-16.0641,4.11759799833194,1.37608385686463,0.451685660266874,1.30108445697626,0.601283991047423,33.3877563865537,51.0347891166449,14.7976986383577,0.969,3.95608738968062,3.43920674799665,0.832442903389189,0.505112958942417
1999-09-24,0.0,449.37,11.16,11.16,771.71,0.10752374600468782,658.41,27.06629,750.88,3.17552224503765,2.27054970568104,0.715016154973943,0.219528466253919,0.207214753166224,16.85,1.1541095890411,212.45,3.09468317552804,0,-16.0641,4.11759799833194,1.37608385686463,0.451685660266874,1.30108445697626,0.601283991047423,33.3877563865537,51.0347891166449,14.7976986383577,0.969,3.95608738968062,3.43920674799665,0.832442903389189,0.505112958942417
1999-09-25,0.0,397.02,11.51,11.51,814.42,0.10100715533773705,658.41,27.06629,750.88,3.17552224503765,2.27054970568104,0.715016154973943,0.219528466253919,0.207214753166224,16.85,1.1541095890411,212.45,3.09468317552804,0,-16.0641,4.11759799833194,1.37608385686463,0.451685660266874,1.30108445697626,0.601283991047423,33.3877563865537,51.0347891166449,14.7976986383577,0.969,3.95608738968062,3.43920674799665,0.832442903389189,0.505112958942417
1999-09-26,0.0,443.97,9.75,9.75,717.72,0.08797397400383548,658.41,27.06629,750.88,3.17552224503765,2.27054970568104,0.715016154973943,0.219528466253919,0.207214753166224,16.85,1.1541095890411,212.45,3.09468317552804,0,-16.0641,4.11759799833194,1.37608385686463,0.451685660266874,1.30108445697626,0.601283991047423,33.3877563865537,51.0347891166449,14.7976986383577,0.969,3.95608738968062,3.43920674799665,0.832442903389189,0.505112958942417
1999-09-27,0.01,407.24,13.29,13.29,947.57,0.08145738333688472,658.41,27.06629,750.88,3.17552224503765,2.27054970568104,0.715016154973943,0.219528466253919,0.207214753166224,16.85,1.1541095890411,212.45,3.09468317552804,0,-16.0641,4.11759799833194,1.37608385686463,0.451685660266874,1.30108445697626,0.601283991047423,33.3877563865537,51.0347891166449,14.7976986383577,0.969,3.95608738968062,3.43920674799665,0.832442903389189,0.505112958942417
1999-09-28,3.17,204.21,17.98,17.98,1469.57,0.07494079266993393,658.41,27.06629,750.88,3.17552224503765,2.27054970568104,0.715016154973943,0.219528466253919,0.207214753166224,16.85,1.1541095890411,212.45,3.09468317552804,0,-16.0641,4.11759799833194,1.37608385686463,0.451685660266874,1.30108445697626,0.601283991047423,33.3877563865537,51.0347891166449,14.7976986383577,0.969,3.95608738968062,3.43920674799665,0.832442903389189,0.505112958942417
1999-09-29,22.56,187.91,17.08,17.08,1435.57,0.08145738333688472,658.41,27.06629,750.88,3.17552224503765,2.27054970568104,0.715016154973943,0.219528466253919,0.207214753166224,16.85,1.1541095890411,212.45,3.09468317552804,0,-16.0641,4.11759799833194,1.37608385686463,0.451685660266874,1.30108445697626,0.601283991047423,33.3877563865537,51.0347891166449,14.7976986383577,0.969,3.95608738968062,3.43920674799665,0.832442903389189,0.505112958942417
1999-09-30,6.75,281.57,13.79,13.79,1051.15,0.5669433880247176,658.41,27.06629,750.88,3.17552224503765,2.27054970568104,0.715016154973943,0.219528466253919,0.207214753166224,16.85,1.1541095890411,212.45,3.09468317552804,0,-16.0641,4.11759799833194,1.37608385686463,0.451685660266874,1.30108445697626,0.601283991047423,33.3877563865537,51.0347891166449,14.7976986383577,0.969,3.95608738968062,3.43920674799665,0.832442903389189,0.505112958942417
1999-10-01,0.27,385.39,9.82,9.82,763.67,0.3388627146814404,658.41,27.06629,750.88,3.17552224503765,2.27054970568104,0.715016154973943,0.219528466253919,0.207214753166224,16.85,1.1541095890411,212.45,3.09468317552804,0,-16.0641,4.11759799833194,1.37608385686463,0.451685660266874,1.30108445697626,0.601283991047423,33.3877563865537,51.0347891166449,14.7976986383577,0.969,3.95608738968062,3.43920674799665,0.832442903389189,0.505112958942417
1999-10-02,2.28,357.28,8.71,8.71,678.21,0.20527260600894948,658.41,27.06629,750.88,3.17552224503765,2.27054970568104,0.715016154973943,0.219528466253919,0.207214753166224,16.85,1.1541095890411,212.45,3.09468317552804,0,-16.0641,4.11759799833194,1.37608385686463,0.451685660266874,1.30108445697626,0.601283991047423,33.3877563865537,51.0347891166449,14.7976986383577,0.969,3.95608738968062,3.43920674799665,0.832442903389189,0.505112958942417
1999-10-03,4.65,297.72,11.31,11.31,807.08,0.16617306200724483,658.41,27.06629,750.88,3.17552224503765,2.27054970568104,0.715016154973943,0.219528466253919,0.207214753166224,16.85,1.1541095890411,212.45,3.09468317552804,0,-16.0641,4.11759799833194,1.37608385686463,0.451685660266874,1.30108445697626,0.601283991047423,33.3877563865537,51.0347891166449,14.7976986383577,0.969,3.95608738968062,3.43920674799665,0.832442903389189,0.505112958942417
1999-10-04,1.19,280.57,9.46,9.46,757.76,0.15639817600681866,658.41,27.06629,750.88,3.17552224503765,2.27054970568104,0.715016154973943,0.219528466253919,0.207214753166224,16.85,1.1541095890411,212.45,3.09468317552804,0,-16.0641,4.11759799833194,1.37608385686463,0.451685660266874,1.30108445697626,0.601283991047423,33.3877563865537,51.0347891166449,14.7976986383577,0.969,3.95608738968062,3.43920674799665,0.832442903389189,0.505112958942417
1999-10-05,0.51,192.03,5.87,5.87,667.45,0.1433649946729171,658.41,27.06629,750.88,3.17552224503765,2.27054970568104,0.715016154973943,0.219528466253919,0.207214753166224,16.85,1.1541095890411,212.45,3.09468317552804,0,-16.0641,4.11759799833194,1.37608385686463,0.451685660266874,1.30108445697626,0.601283991047423,33.3877563865537,51.0347891166449,14.7976986383577,0.969,3.95608738968062,3.43920674799665,0.832442903389189,0.505112958942417
1999-10-06,0.13,381.58,4.4,4.4,539.73,0.13359010867249094,658.41,27.06629,750.88,3.17552224503765,2.27054970568104,0.715016154973943,0.219528466253919,0.207214753166224,16.85,1.1541095890411,212.45,3.09468317552804,0,-16.0641,4.11759799833194,1.37608385686463,0.451685660266874,1.30108445697626,0.601283991047423,33.3877563865537,51.0347891166449,14.7976986383577,0.969,3.95608738968062,3.43920674799665,0.832442903389189,0.505112958942417
1999-10-07,0.07,341.14,2.61,2.61,431.51,0.12055692733858939,658.41,27.06629,750.88,3.17552224503765,2.27054970568104,0.715016154973943,0.219528466253919,0.207214753166224,16.85,1.1541095890411,212.45,3.09468317552804,0,-16.0641,4.11759799833194,1.37608385686463,0.451685660266874,1.30108445697626,0.601283991047423,33.3877563865537,51.0347891166449,14.7976986383577,0.969,3.95608738968062,3.43920674799665,0.832442903389189,0.505112958942417
1999-10-08,0.9,287.22,3.52,3.52,516.35,0.11404033667163861,658.41,27.06629,750.88,3.17552224503765,2.27054970568104,0.715016154973943,0.219528466253919,0.207214753166224,16.85,1.1541095890411,212.45,3.09468317552804,0,-16.0641,4.11759799833194,1.37608385686463,0.451685660266874,1.30108445697626,0.601283991047423,33.3877563865537,51.0347891166449,14.7976986383577,0.969,3.95608738968062,3.43920674799665,0.832442903389189,0.505112958942417
1999-10-09,1.58,281.4,8.77,8.77,797.48,0.11078204133816322,658.41,27.06629,750.88,3.17552224503765,2.27054970568104,0.715016154973943,0.219528466253919,0.207214753166224,16.85,1.1541095890411,212.45,3.09468317552804,0,-16.0641,4.11759799833194,1.37608385686463,0.451685660266874,1.30108445697626,0.601283991047423,33.3877563865537,51.0347891166449,14.7976986383577,0.969,3.95608738968062,3.43920674799665,0.832442903389189,0.505112958942417
1999-10-10,1.35,210.53,14.06,14.06,1132.39,0.11078204133816322,658.41,27.06629,750.88,3.17552224503765,2.27054970568104,0.715016154973943,0.219528466253919,0.207214753166224,16.85,1.1541095890411,212.45,3.09468317552804,0,-16.0641,4.11759799833194,1.37608385686463,0.451685660266874,1.30108445697626,0.601283991047423,33.3877563865537,51.0347891166449,14.7976986383577,0.969,3.95608738968062,3.43920674799665,0.832442903389189,0.505112958942417
1999-10-11,0.29,307.31,12.85,12.85,949.23,0.10426545067121244,658.41,27.06629,750.88,3.17552224503765,2.27054970568104,0.715016154973943,0.219528466253919,0.207214753166224,16.85,1.1541095890411,212.45,3.09468317552804,0,-16.0641,4.11759799833194,1.37608385686463,0.451685660266874,1.30108445697626,0.601283991047423,33.3877563865537,51.0347891166449,14.7976986383577,0.969,3.95608738968062,3.43920674799665,0.832442903389189,0.505112958942417
1999-10-12,4.11,332.6,6.86,6.86,590.52,0.09774886000426165,658.41,27.06629,750.88,3.17552224503765,2.27054970568104,0.715016154973943,0.219528466253919,0.207214753166224,16.85,1.1541095890411,212.45,3.09468317552804,0,-16.0641,4.11759799833194,1.37608385686463,0.451685660266874,1.30108445697626,0.601283991047423,33.3877563865537,51.0347891166449,14.7976986383577,0.969,3.95608738968062,3.43920674799665,0.832442903389189,0.505112958942417
1999-10-13,17.08,278.13,9.32,9.32,708.37,0.12055692733858939,658.41,27.06629,750.88,3.17552224503765,2.27054970568104,0.715016154973943,0.219528466253919,0.207214753166224,16.85,1.1541095890411,212.45,3.09468317552804,0,-16.0641,4.11759799833194,1.37608385686463,0.451685660266874,1.30108445697626,0.601283991047423,33.3877563865537,51.0347891166449,14.7976986383577,0.969,3.95608738968062,3.43920674799665,0.832442903389189,0.505112958942417
1999-10-14,5.65,288.28,9.7,9.7,656.54,0.9742303047091412,658.41,27.06629,750.88,3.17552224503765,2.27054970568104,0.715016154973943,0.219528466253919,0.207214753166224,16.85,1.1541095890411,212.45,3.09468317552804,0,-16.0641,4.11759799833194,1.37608385686463,0.451685660266874,1.30108445697626,0.601283991047423,33.3877563865537,51.0347891166449,14.7976986383577,0.969,3.95608738968062,3.43920674799665,0.832442903389189,0.505112958942417
1999-10-15,0.38,367.99,4.56,4.56,505.24,0.4300949840187513,658.41,27.06629,750.88,3.17552224503765,2.27054970568104,0.715016154973943,0.219528466253919,0.207214753166224,16.85,1.1541095890411,212.45,3.09468317552804,0,-16.0641,4.11759799833194,1.37608385686463,0.451685660266874,1.30108445697626,0.601283991047423,33.3877563865537,51.0347891166449,14.7976986383577,0.969,3.95608738968062,3.43920674799665,0.832442903389189,0.505112958942417
1999-10-16,0.13,311.72,7.78,7.78,666.59,0.276955103345408,658.41,27.06629,750.88,3.17552224503765,2.27054970568104,0.715016154973943,0.219528466253919,0.207214753166224,16.85,1.1541095890411,212.45,3.09468317552804,0,-16.0641,4.11759799833194,1.37608385686463,0.451685660266874,1.30108445697626,0.601283991047423,33.3877563865537,51.0347891166449,14.7976986383577,0.969,3.95608738968062,3.43920674799665,0.832442903389189,0.505112958942417
1999-10-17,0.75,263.69,12.74,12.74,880.83,0.22808067334327722,658.41,27.06629,750.88,3.17552224503765,2.27054970568104,0.715016154973943,0.219528466253919,0.207214753166224,16.85,1.1541095890411,212.45,3.09468317552804,0,-16.0641,4.11759799833194,1.37608385686463,0.451685660266874,1.30108445697626,0.601283991047423,33.3877563865537,51.0347891166449,14.7976986383577,0.969,3.95608738968062,3.43920674799665,0.832442903389189,0.505112958942417
1999-10-18,0.59,248.82,9.34,9.34,713.32,0.2020143106754741,658.41,27.06629,750.88,3.17552224503765,2.27054970568104,0.715016154973943,0.219528466253919,0.207214753166224,16.85,1.1541095890411,212.45,3.09468317552804,0,-16.0641,4.11759799833194,1.37608385686463,0.451685660266874,1.30108445697626,0.601283991047423,33.3877563865537,51.0347891166449,14.7976986383577,0.969,3.95608738968062,3.43920674799665,0.832442903389189,0.505112958942417
1999-10-19,0.78,263.89,3.04,3.04,485.58,0.18246453867462176,658.41,27.06629,750.88,3.17552224503765,2.27054970568104,0.715016154973943,0.219528466253919,0.207214753166224,16.85,1.1541095890411,212.45,3.09468317552804,0,-16.0641,4.11759799833194,1.37608385686463,0.451685660266874,1.30108445697626,0.601283991047423,33.3877563865537,51.0347891166449,14.7976986383577,0.969,3.95608738968062,3.43920674799665,0.832442903389189,0.505112958942417
1999-10-20,0.21,296.02,5.28,5.28,575.92,0.1694313573407202,658.41,27.06629,750.88,3.17552224503765,2.27054970568104,0.715016154973943,0.219528466253919,0.207214753166224,16.85,1.1541095890411,212.45,3.09468317552804,0,-16.0641,4.11759799833194,1.37608385686463,0.451685660266874,1.30108445697626,0.601283991047423,33.3877563865537,51.0347891166449,14.7976986383577,0.969,3.95608738968062,3.43920674799665,0.832442903389189,0.505112958942417
1999-10-21,0.52,293.15,4.84,4.84,535.66,0.16291476667376945,658.41,27.06629,750.88,3.17552224503765,2.27054970568104,0.715016154973943,0.219528466253919,0.207214753166224,16.85,1.1541095890411,212.45,3.09468317552804,0,-16.0641,4.11759799833194,1.37608385686463,0.451685660266874,1.30108445697626,0.601283991047423,33.3877563865537,51.0347891166449,14.7976986383577,0.969,3.95608738968062,3.43920674799665,0.832442903389189,0.505112958942417
1999-10-22,2.96,232.72,5.44,5.44,597.27,0.15639817600681866,658.41,27.06629,750.88,3.17552224503765,2.27054970568104,0.715016154973943,0.219528466253919,0.207214753166224,16.85,1.1541095890411,212.45,3.09468317552804,0,-16.0641,4.11759799833194,1.37608385686463,0.451685660266874,1.30108445697626,0.601283991047423,33.3877563865537,51.0347891166449,14.7976986383577,0.969,3.95608738968062,3.43920674799665,0.832442903389189,0.505112958942417
1999-10-23,1.65,187.73,5.09,5.09,639.8,0.15639817600681866,658.41,27.06629,750.88,3.17552224503765,2.27054970568104,0.715016154973943,0.219528466253919,0.207214753166224,16.85,1.1541095890411,212.45,3.09468317552804,0,-16.0641,4.11759799833194,1.37608385686463,0.451685660266874,1.30108445697626,0.601283991047423,33.3877563865537,51.0347891166449,14.7976986383577,0.969,3.95608738968062,3.43920674799665,0.832442903389189,0.505112958942417
1999-10-24,0.61,115.41,3.7,3.7,640.75,0.17594794800767097,658.41,27.06629,750.88,3.17552224503765,2.27054970568104,0.715016154973943,0.219528466253919,0.207214753166224,16.85,1.1541095890411,212.45,3.09468317552804,0,-16.0641,4.11759799833194,1.37608385686463,0.451685660266874,1.30108445697626,0.601283991047423,33.3877563865537,51.0347891166449,14.7976986383577,0.969,3.95608738968062,3.43920674799665,0.832442903389189,0.505112958942417
1999-10-25,0.1,212.18,3.92,3.92,650.81,0.16291476667376945,658.41,27.06629,750.88,3.17552224503765,2.27054970568104,0.715016154973943,0.219528466253919,0.207214753166224,16.85,1.1541095890411,212.45,3.09468317552804,0,-16.0641,4.11759799833194,1.37608385686463,0.451685660266874,1.30108445697626,0.601283991047423,33.3877563865537,51.0347891166449,14.7976986383577,0.969,3.95608738968062,3.43920674799665,0.832442903389189,0.505112958942417
1999-10-26,0.0,296.52,6.85,6.85,699.65,0.1401066993394417,658.41,27.06629,750.88,3.17552224503765,2.27054970568104,0.715016154973943,0.219528466253919,0.207214753166224,16.85,1.1541095890411,212.45,3.09468317552804,0,-16.0641,4.11759799833194,1.37608385686463,0.451685660266874,1.30108445697626,0.601283991047423,33.3877563865537,51.0347891166449,14.7976986383577,0.969,3.95608738968062,3.43920674799665,0.832442903389189,0.505112958942417
1999-10-27,0.09,243.4,6.55,6.55,610.2,0.12707351800554018,658.41,27.06629,750.88,3.17552224503765,2.27054970568104,0.715016154973943,0.219528466253919,0.207214753166224,16.85,1.1541095890411,212.45,3.09468317552804,0,-16.0641,4.11759799833194,1.37608385686463,0.451685660266874,1.30108445697626,0.601283991047423,33.3877563865537,51.0347891166449,14.7976986383577,0.969,3.95608738968062,3.43920674799665,0.832442903389189,0.505112958942417
1999-10-28,0.02,317.38,2.35,2.35,456.3,0.12381522267206477,658.41,27.06629,750.88,3.17552224503765,2.27054970568104,0.715016154973943,0.219528466253919,0.207214753166224,16.85,1.1541095890411,212.45,3.09468317552804,0,-16.0641,4.11759799833194,1.37608385686463,0.451685660266874,1.30108445697626,0.601283991047423,33.3877563865537,51.0347891166449,14.7976986383577,0.969,3.95608738968062,3.43920674799665,0.832442903389189,0.505112958942417
1999-10-29,0.0,335.98,6.23,6.23,575.96,0.12381522267206477,658.41,27.06629,750.88,3.17552224503765,2.27054970568104,0.715016154973943,0.219528466253919,0.207214753166224,16.85,1.1541095890411,212.45,3.09468317552804,0,-16.0641,4.11759799833194,1.37608385686463,0.451685660266874,1.30108445697626,0.601283991047423,33.3877563865537,51.0347891166449,14.7976986383577,0.969,3.95608738968062,3.43920674799665,0.832442903389189,0.505112958942417
1999-10-30,0.07,269.74,11.77,11.77,787.64,0.11729863200511399,658.41,27.06629,750.88,3.17552224503765,2.27054970568104,0.715016154973943,0.219528466253919,0.207214753166224,16.85,1.1541095890411,212.45,3.09468317552804,0,-16.0641,4.11759799833194,1.37608385686463,0.451685660266874,1.30108445697626,0.601283991047423,33.3877563865537,51.0347891166449,14.7976986383577,0.969,3.95608738968062,3.43920674799665,0.832442903389189,0.505112958942417
1999-10-31,0.27,231.51,12.66,12.66,847.99,0.11729863200511399,658.41,27.06629,750.88,3.17552224503765,2.27054970568104,0.715016154973943,0.219528466253919,0.207214753166224,16.85,1.1541095890411,212.45,3.09468317552804,0,-16.0641,4.11759799833194,1.37608385686463,0.451685660266874,1.30108445697626,0.601283991047423,33.3877563865537,51.0347891166449,14.7976986383577,0.969,3.95608738968062,3.43920674799665,0.832442903389189,0.505112958942417
1999-11-01,2.51,259.13,10.61,10.61,793.2,0.11078204133816322,658.41,27.06629,750.88,3.17552224503765,2.27054970568104,0.715016154973943,0.219528466253919,0.207214753166224,16.85,1.1541095890411,212.45,3.09468317552804,0,-16.0641,4.11759799833194,1.37608385686463,0.451685660266874,1.30108445697626,0.601283991047423,33.3877563865537,51.0347891166449,14.7976986383577,0.969,3.95608738968062,3.43920674799665,0.832442903389189,0.505112958942417
1999-11-02,17.29,195.99,11.86,11.86,895.03,0.13359010867249094,658.41,27.06629,750.88,3.17552224503765,2.27054970568104,0.715016154973943,0.219528466253919,0.207214753166224,16.85,1.1541095890411,212.45,3.09468317552804,0,-16.0641,4.11759799833194,1.37608385686463,0.451685660266874,1.30108445697626,0.601283991047423,33.3877563865537,51.0347891166449,14.7976986383577,0.969,3.95608738968062,3.43920674799665,0.832442903389189,0.505112958942417
1999-11-03,5.32,227.73,7.35,7.35,636.24,0.8015406520349456,658.41,27.06629,750.88,3.17552224503765,2.27054970568104,0.715016154973943,0.219528466253919,0.207214753166224,16.85,1.1541095890411,212.45,3.09468317552804,0,-16.0641,4.11759799833194,1.37608385686463,0.451685660266874,1.30108445697626,0.601283991047423,33.3877563865537,51.0347891166449,14.7976986383577,0.969,3.95608738968062,3.43920674799665,0.832442903389189,0.505112958942417
1999-11-04,0.25,203.42,2.19,2.19,496.11,0.5017774813552098,658.41,27.06629,750.88,3.17552224503765,2.27054970568104,0.715016154973943,0.219528466253919,0.207214753166224,16.85,1.1541095890411,212.45,3.09468317552804,0,-16.0641,4.11759799833194,1.37608385686463,0.451685660266874,1.30108445697626,0.601283991047423,33.3877563865537,51.0347891166449,14.7976986383577,0.969,3.95608738968062,3.43920674799665,0.832442903389189,0.505112958942417
1999-11-05,0.0,274.88,2.63,2.63,521.73,0.35189589601534194,658.41,27.06629,750.88,3.17552224503765,2.27054970568104,0.715016154973943,0.219528466253919,0.207214753166224,16.85,1.1541095890411,212.45,3.09468317552804,0,-16.0641,4.11759799833194,1.37608385686463,0.451685660266874,1.30108445697626,0.601283991047423,33.3877563865537,51.0347891166449,14.7976986383577,0.969,3.95608738968062,3.43920674799665,0.832442903389189,0.505112958942417
1999-11-06,0.0,299.92,6.43,6.43,585.61,0.2899882846793096,658.41,27.06629,750.88,3.17552224503765,2.27054970568104,0.715016154973943,0.219528466253919,0.207214753166224,16.85,1.1541095890411,212.45,3.09468317552804,0,-16.0641,4.11759799833194,1.37608385686463,0.451685660266874,1.30108445697626,0.601283991047423,33.3877563865537,51.0347891166449,14.7976986383577,0.969,3.95608738968062,3.43920674799665,0.832442903389189,0.505112958942417
1999-11-07,0.0,281.49,5.26,5.26,517.94,0.2606636266780311,658.41,27.06629,750.88,3.17552224503765,2.27054970568104,0.715016154973943,0.219528466253919,0.207214753166224,16.85,1.1541095890411,212.45,3.09468317552804,0,-16.0641,4.11759799833194,1.37608385686463,0.451685660266874,1.30108445697626,0.601283991047423,33.3877563865537,51.0347891166449,14.7976986383577,0.969,3.95608738968062,3.43920674799665,0.832442903389189,0.505112958942417
1999-11-08,0.0,287.91,1.45,1.45,426.46,0.23459726401022798,658.41,27.06629,750.88,3.17552224503765,2.27054970568104,0.715016154973943,0.219528466253919,0.207214753166224,16.85,1.1541095890411,212.45,3.09468317552804,0,-16.0641,4.11759799833194,1.37608385686463,0.451685660266874,1.30108445697626,0.601283991047423,33.3877563865537,51.0347891166449,14.7976986383577,0.969,3.95608738968062,3.43920674799665,0.832442903389189,0.505112958942417
1999-11-09,1.14,231.87,4.93,4.93,629.95,0.22156408267632643,658.41,27.06629,750.88,3.17552224503765,2.27054970568104,0.715016154973943,0.219528466253919,0.207214753166224,16.85,1.1541095890411,212.45,3.09468317552804,0,-16.0641,4.11759799833194,1.37608385686463,0.451685660266874,1.30108445697626,0.601283991047423,33.3877563865537,51.0347891166449,14.7976986383577,0.969,3.95608738968062,3.43920674799665,0.832442903389189,0.505112958942417
1999-11-10,4.72,176.55,12.75,12.75,996.71,0.21830578734285105,658.41,27.06629,750.88,3.17552224503765,2.27054970568104,0.715016154973943,0.219528466253919,0.207214753166224,16.85,1.1541095890411,212.45,3.09468317552804,0,-16.0641,4.11759799833194,1.37608385686463,0.451685660266874,1.30108445697626,0.601283991047423,33.3877563865537,51.0347891166449,14.7976986383577,0.969,3.95608738968062,3.43920674799665,0.832442903389189,0.505112958942417
1999-11-11,1.51,223.42,7.2,7.2,578.88,0.25414703601108035,658.41,27.06629,750.88,3.17552224503765,2.27054970568104,0.715016154973943,0.219528466253919,0.207214753166224,16.85,1.1541095890411,212.45,3.09468317552804,0,-16.0641,4.11759799833194,1.37608385686463,0.451685660266874,1.30108445697626,0.601283991047423,33.3877563865537,51.0347891166449,14.7976986383577,0.969,3.95608738968062,3.43920674799665,0.832442903389189,0.505112958942417
1999-11-12,0.14,267.22,0.86,0.86,403.46,0.25740533134455573,658.41,27.06629,750.88,3.17552224503765,2.27054970568104,0.715016154973943,0.219528466253919,0.207214753166224,16.85,1.1541095890411,212.45,3.09468317552804,0,-16.0641,4.11759799833194,1.37608385686463,0.451685660266874,1.30108445697626,0.601283991047423,33.3877563865537,51.0347891166449,14.7976986383577,0.969,3.95608738968062,3.43920674799665,0.832442903389189,0.505112958942417
1999-11-13,0.01,209.84,3.91,3.91,601.62,0.23459726401022798,658.41,27.06629,750.88,3.17552224503765,2.27054970568104,0.715016154973943,0.219528466253919,0.207214753166224,16.85,1.1541095890411,212.45,3.09468317552804,0,-16.0641,4.11759799833194,1.37608385686463,0.451685660266874,1.30108445697626,0.601283991047423,33.3877563865537,51.0347891166449,14.7976986383577,0.969,3.95608738968062,3.43920674799665,0.832442903389189,0.505112958942417
1999-11-14,0.82,166.86,6.48,6.48,691.5,0.22156408267632643,658.41,27.06629,750.88,3.17552224503765,2.27054970568104,0.715016154973943,0.219528466253919,0.207214753166224,16.85,1.1541095890411,212.45,3.09468317552804,0,-16.0641,4.11759799833194,1.37608385686463,0.451685660266874,1.30108445697626,0.601283991047423,33.3877563865537,51.0347891166449,14.7976986383577,0.969,3.95608738968062,3.43920674799665,0.832442903389189,0.505112958942417
1999-11-15,0.62,188.54,2.99,2.99,523.91,0.20527260600894948,658.41,27.06629,750.88,3.17552224503765,2.27054970568104,0.715016154973943,0.219528466253919,0.207214753166224,16.85,1.1541095890411,212.45,3.09468317552804,0,-16.0641,4.11759799833194,1.37608385686463,0.451685660266874,1.30108445697626,0.601283991047423,33.3877563865537,51.0347891166449,14.7976986383577,0.969,3.95608738968062,3.43920674799665,0.832442903389189,0.505112958942417
1999-11-16,0.14,208.6,-1.92,-1.92,364.18,0.19223942467504793,658.41,27.06629,750.88,3.17552224503765,2.27054970568104,0.715016154973943,0.219528466253919,0.207214753166224,16.85,1.1541095890411,212.45,3.09468317552804,0,-16.0641,4.11759799833194,1.37608385686463,0.451685660266874,1.30108445697626,0.601283991047423,33.3877563865537,51.0347891166449,14.7976986383577,0.969,3.95608738968062,3.43920674799665,0.832442903389189,0.505112958942417
1999-11-17,0.01,191.06,-3.47,-3.47,334.4,0.18246453867462176,658.41,27.06629,750.88,3.17552224503765,2.27054970568104,0.715016154973943,0.219528466253919,0.207214753166224,16.85,1.1541095890411,212.45,3.09468317552804,0,-16.0641,4.11759799833194,1.37608385686463,0.451685660266874,1.30108445697626,0.601283991047423,33.3877563865537,51.0347891166449,14.7976986383577,0.969,3.95608738968062,3.43920674799665,0.832442903389189,0.505112958942417
1999-11-18,0.0,269.66,-3.31,-3.31,332.84,0.1726896526741956,658.41,27.06629,750.88,3.17552224503765,2.27054970568104,0.715016154973943,0.219528466253919,0.207214753166224,16.85,1.1541095890411,212.45,3.09468317552804,0,-16.0641,4.11759799833194,1.37608385686463,0.451685660266874,1.30108445697626,0.601283991047423,33.3877563865537,51.0347891166449,14.7976986383577,0.969,3.95608738968062,3.43920674799665,0.832442903389189,0.505112958942417
1999-11-19,0.14,206.17,2.31,2.31,488.05,0.1694313573407202,658.41,27.06629,750.88,3.17552224503765,2.27054970568104,0.715016154973943,0.219528466253919,0.207214753166224,16.85,1.1541095890411,212.45,3.09468317552804,0,-16.0641,4.11759799833194,1.37608385686463,0.451685660266874,1.30108445697626,0.601283991047423,33.3877563865537,51.0347891166449,14.7976986383577,0.969,3.95608738968062,3.43920674799665,0.832442903389189,0.505112958942417
1999-11-20,1.78,194.22,5.81,5.81,589.82,0.1694313573407202,658.41,27.06629,750.88,3.17552224503765,2.27054970568104,0.715016154973943,0.219528466253919,0.207214753166224,16.85,1.1541095890411,212.45,3.09468317552804,0,-16.0641,4.11759799833194,1.37608385686463,0.451685660266874,1.30108445697626,0.601283991047423,33.3877563865537,51.0347891166449,14.7976986383577,0.969,3.95608738968062,3.43920674799665,0.832442903389189,0.505112958942417
1999-11-21,0.46,241.79,7.07,7.07,663.66,0.1726896526741956,658.41,27.06629,750.88,3.17552224503765,2.27054970568104,0.715016154973943,0.219528466253919,0.207214753166224,16.85,1.1541095890411,212.45,3.09468317552804,0,-16.0641,4.11759799833194,1.37608385686463,0.451685660266874,1.30108445697626,0.601283991047423,33.3877563865537,51.0347891166449,14.7976986383577,0.969,3.95608738968062,3.43920674799665,0.832442903389189,0.505112958942417
1999-11-22,0.0,229.34,9.65,9.65,835.58,0.17594794800767097,658.41,27.06629,750.88,3.17552224503765,2.27054970568104,0.715016154973943,0.219528466253919,0.207214753166224,16.85,1.1541095890411,212.45,3.09468317552804,0,-16.0641,4.11759799833194,1.37608385686463,0.451685660266874,1.30108445697626,0.601283991047423,33.3877563865537,51.0347891166449,14.7976986383577,0.969,3.95608738968062,3.43920674799665,0.832442903389189,0.505112958942417
1999-11-23,0.26,175.29,11.71,11.71,988.61,0.15639817600681866,658.41,27.06629,750.88,3.17552224503765,2.27054970568104,0.715016154973943,0.219528466253919,0.207214753166224,16.85,1.1541095890411,212.45,3.09468317552804,0,-16.0641,4.11759799833194,1.37608385686463,0.451685660266874,1.30108445697626,0.601283991047423,33.3877563865537,51.0347891166449,14.7976986383577,0.969,3.95608738968062,3.43920674799665,0.832442903389189,0.505112958942417
1999-11-24,4.24,145.61,12.88,12.88,1041.76,0.15639817600681866,658.41,27.06629,750.88,3.17552224503765,2.27054970568104,0.715016154973943,0.219528466253919,0.207214753166224,16.85,1.1541095890411,212.45,3.09468317552804,0,-16.0641,4.11759799833194,1.37608385686463,0.451685660266874,1.30108445697626,0.601283991047423,33.3877563865537,51.0347891166449,14.7976986383577,0.969,3.95608738968062,3.43920674799665,0.832442903389189,0.505112958942417
1999-11-25,25.74,176.9,7.87,7.87,724.47,0.15965647134029404,658.41,27.06629,750.88,3.17552224503765,2.27054970568104,0.715016154973943,0.219528466253919,0.207214753166224,16.85,1.1541095890411,212.45,3.09468317552804,0,-16.0641,4.11759799833194,1.37608385686463,0.451685660266874,1.30108445697626,0.601283991047423,33.3877563865537,51.0347891166449,14.7976986383577,0.969,3.95608738968062,3.43920674799665,0.832442903389189,0.505112958942417
1999-11-26,20.2,121.33,5.97,5.97,689.4,4.170618026848498,658.41,27.06629,750.88,3.17552224503765,2.27054970568104,0.715016154973943,0.219528466253919,0.207214753166224,16.85,1.1541095890411,212.45,3.09468317552804,0,-16.0641,4.11759799833194,1.37608385686463,0.451685660266874,1.30108445697626,0.601283991047423,33.3877563865537,51.0347891166449,14.7976986383577,0.969,3.95608738968062,3.43920674799665,0.832442903389189,0.505112958942417
1999-11-27,3.71,214.64,5.64,5.64,627.55,4.170618026848498,658.41,27.06629,750.88,3.17552224503765,2.27054970568104,0.715016154973943,0.219528466253919,0.207214753166224,16.85,1.1541095890411,212.45,3.09468317552804,0,-16.0641,4.11759799833194,1.37608385686463,0.451685660266874,1.30108445697626,0.601283991047423,33.3877563865537,51.0347891166449,14.7976986383577,0.969,3.95608738968062,3.43920674799665,0.832442903389189,0.505112958942417
1999-11-28,1.62,166.95,3.81,3.81,528.59,1.9289108374174302,658.41,27.06629,750.88,3.17552224503765,2.27054970568104,0.715016154973943,0.219528466253919,0.207214753166224,16.85,1.1541095890411,212.45,3.09468317552804,0,-16.0641,4.11759799833194,1.37608385686463,0.451685660266874,1.30108445697626,0.601283991047423,33.3877563865537,51.0347891166449,14.7976986383577,0.969,3.95608738968062,3.43920674799665,0.832442903389189,0.505112958942417
1999-11-29,1.27,129.31,0.18,0.18,428.99,1.433649946729171,658.41,27.06629,750.88,3.17552224503765,2.27054970568104,0.715016154973943,0.219528466253919,0.207214753166224,16.85,1.1541095890411,212.45,3.09468317552804,0,-16.0641,4.11759799833194,1.37608385686463,0.451685660266874,1.30108445697626,0.601283991047423,33.3877563865537,51.0347891166449,14.7976986383577,0.969,3.95608738968062,3.43920674799665,0.832442903389189,0.505112958942417
1999-11-30,0.37,192.27,-4.07,-4.07,296.81,1.1664697293841892,658.41,27.06629,750.88,3.17552224503765,2.27054970568104,0.715016154973943,0.219528466253919,0.207214753166224,16.85,1.1541095890411,212.45,3.09468317552804,0,-16.0641,4.11759799833194,1.37608385686463,0.451685660266874,1.30108445697626,0.601283991047423,33.3877563865537,51.0347891166449,14.7976986383577,0.969,3.95608738968062,3.43920674799665,0.832442903389189,0.505112958942417
1999-12-01,0.04,281.17,-7.8,-7.8,199.04,0.9123226933731089,658.41,27.06629,750.88,3.17552224503765,2.27054970568104,0.715016154973943,0.219528466253919,0.207214753166224,16.85,1.1541095890411,212.45,3.09468317552804,0,-16.0641,4.11759799833194,1.37608385686463,0.451685660266874,1.30108445697626,0.601283991047423,33.3877563865537,51.0347891166449,14.7976986383577,0.969,3.95608738968062,3.43920674799665,0.832442903389189,0.505112958942417
1999-12-02,1.01,239.95,-7.06,-7.06,218.01,0.8210904240357979,658.41,27.06629,750.88,3.17552224503765,2.27054970568104,0.715016154973943,0.219528466253919,0.207214753166224,16.85,1.1541095890411,212.45,3.09468317552804,0,-16.0641,4.11759799833194,1.37608385686463,0.451685660266874,1.30108445697626,0.601283991047423,33.3877563865537,51.0347891166449,14.7976986383577,0.969,3.95608738968062,3.43920674799665,0.832442903389189,0.505112958942417
1999-12-03,2.2,215.13,-2.42,-2.42,363.99,0.7787325847006179,658.41,27.06629,750.88,3.17552224503765,2.27054970568104,0.715016154973943,0.219528466253919,0.207214753166224,16.85,1.1541095890411,212.45,3.09468317552804,0,-16.0641,4.11759799833194,1.37608385686463,0.451685660266874,1.30108445697626,0.601283991047423,33.3877563865537,51.0347891166449,14.7976986383577,0.969,3.95608738968062,3.43920674799665,0.832442903389189,0.505112958942417
1999-12-04,1.0,128.46,5.37,5.37,706.21,0.9123226933731089,658.41,27.06629,750.88,3.17552224503765,2.27054970568104,0.715016154973943,0.219528466253919,0.207214753166224,16.85,1.1541095890411,212.45,3.09468317552804,0,-16.0641,4.11759799833194,1.37608385686463,0.451685660266874,1.30108445697626,0.601283991047423,33.3877563865537,51.0347891166449,14.7976986383577,0.969,3.95608738968062,3.43920674799665,0.832442903389189,0.505112958942417
1999-12-05,2.6,147.73,7.18,7.18,797.09,0.8406401960366502,658.41,27.06629,750.88,3.17552224503765,2.27054970568104,0.715016154973943,0.219528466253919,0.207214753166224,16.85,1.1541095890411,212.45,3.09468317552804,0,-16.0641,4.11759799833194,1.37608385686463,0.451685660266874,1.30108445697626,0.601283991047423,33.3877563865537,51.0347891166449,14.7976986383577,0.969,3.95608738968062,3.43920674799665,0.832442903389189,0.505112958942417
1999-12-06,0.89,156.34,9.85,9.85,845.72,0.8764814447048795,658.41,27.06629,750.88,3.17552224503765,2.27054970568104,0.715016154973943,0.219528466253919,0.207214753166224,16.85,1.1541095890411,212.45,3.09468317552804,0,-16.0641,4.11759799833194,1.37608385686463,0.451685660266874,1.30108445697626,0.601283991047423,33.3877563865537,51.0347891166449,14.7976986383577,0.969,3.95608738968062,3.43920674799665,0.832442903389189,0.505112958942417
1999-12-07,0.06,211.36,3.62,3.62,524.47,0.7885074707010441,658.41,27.06629,750.88,3.17552224503765,2.27054970568104,0.715016154973943,0.219528466253919,0.207214753166224,16.85,1.1541095890411,212.45,3.09468317552804,0,-16.0641,4.11759799833194,1.37608385686463,0.451685660266874,1.30108445697626,0.601283991047423,33.3877563865537,51.0347891166449,14.7976986383577,0.969,3.95608738968062,3.43920674799665,0.832442903389189,0.505112958942417
1999-12-08,0.0,228.68,-2.11,-2.11,331.06,0.6679505433624546,658.41,27.06629,750.88,3.17552224503765,2.27054970568104,0.715016154973943,0.219528466253919,0.207214753166224,16.85,1.1541095890411,212.45,3.09468317552804,0,-16.0641,4.11759799833194,1.37608385686463,0.451685660266874,1.30108445697626,0.601283991047423,33.3877563865537,51.0347891166449,14.7976986383577,0.969,3.95608738968062,3.43920674799665,0.832442903389189,0.505112958942417
1999-12-09,0.83,229.43,0.59,0.59,368.83,0.6190761133603239,658.41,27.06629,750.88,3.17552224503765,2.27054970568104,0.715016154973943,0.219528466253919,0.207214753166224,16.85,1.1541095890411,212.45,3.09468317552804,0,-16.0641,4.11759799833194,1.37608385686463,0.451685660266874,1.30108445697626,0.601283991047423,33.3877563865537,51.0347891166449,14.7976986383577,0.969,3.95608738968062,3.43920674799665,0.832442903389189,0.505112958942417
1999-12-10,2.89,176.99,3.97,3.97,491.48,0.6386258853611761,658.41,27.06629,750.88,3.17552224503765,2.27054970568104,0.715016154973943,0.219528466253919,0.207214753166224,16.85,1.1541095890411,212.45,3.09468317552804,0,-16.0641,4.11759799833194,1.37608385686463,0.451685660266874,1.30108445697626,0.601283991047423,33.3877563865537,51.0347891166449,14.7976986383577,0.969,3.95608738968062,3.43920674799665,0.832442903389189,0.505112958942417
1999-12-11,0.77,167.57,1.52,1.52,445.46,0.7070500873641594,658.41,27.06629,750.88,3.17552224503765,2.27054970568104,0.715016154973943,0.219528466253919,0.207214753166224,16.85,1.1541095890411,212.45,3.09468317552804,0,-16.0641,4.11759799833194,1.37608385686463,0.451685660266874,1.30108445697626,0.601283991047423,33.3877563865537,51.0347891166449,14.7976986383577,0.969,3.95608738968062,3.43920674799665,0.832442903389189,0.505112958942417
1999-12-12,0.1,206.41,-3.23,-3.23,326.81,0.6060429320264222,658.41,27.06629,750.88,3.17552224503765,2.27054970568104,0.715016154973943,0.219528466253919,0.207214753166224,16.85,1.1541095890411,212.45,3.09468317552804,0,-16.0641,4.11759799833194,1.37608385686463,0.451685660266874,1.30108445697626,0.601283991047423,33.3877563865537,51.0347891166449,14.7976986383577,0.969,3.95608738968062,3.43920674799665,0.832442903389189,0.505112958942417
1999-12-13,2.88,144.85,-0.07,-0.07,443.57,0.58649316002557,658.41,27.06629,750.88,3.17552224503765,2.27054970568104,0.715016154973943,0.219528466253919,0.207214753166224,16.85,1.1541095890411,212.45,3.09468317552804,0,-16.0641,4.11759799833194,1.37608385686463,0.451685660266874,1.30108445697626,0.601283991047423,33.3877563865537,51.0347891166449,14.7976986383577,0.969,3.95608738968062,3.43920674799665,0.832442903389189,0.505112958942417
1999-12-14,17.36,102.04,0.84,0.84,518.16,1.1664697293841892,658.41,27.06629,750.88,3.17552224503765,2.27054970568104,0.715016154973943,0.219528466253919,0.207214753166224,16.85,1.1541095890411,212.45,3.09468317552804,0,-16.0641,4.11759799833194,1.37608385686463,0.451685660266874,1.30108445697626,0.601283991047423,33.3877563865537,51.0347891166449,14.7976986383577,0.969,3.95608738968062,3.43920674799665,0.832442903389189,0.505112958942417
1999-12-15,5.84,59.68,1.0,1.0,557.18,3.1084137481355207,658.41,27.06629,750.88,3.17552224503765,2.27054970568104,0.715016154973943,0.219528466253919,0.207214753166224,16.85,1.1541095890411,212.45,3.09468317552804,0,-16.0641,4.11759799833194,1.37608385686463,0.451685660266874,1.30108445697626,0.601283991047423,33.3877563865537,51.0347891166449,14.7976986383577,0.969,3.95608738968062,3.43920674799665,0.832442903389189,0.505112958942417
1999-12-16,0.4,131.62,1.09,1.09,522.28,2.7565178521201785,658.41,27.06629,750.88,3.17552224503765,2.27054970568104,0.715016154973943,0.219528466253919,0.207214753166224,16.85,1.1541095890411,212.45,3.09468317552804,0,-16.0641,4.11759799833194,1.37608385686463,0.451685660266874,1.30108445697626,0.601283991047423,33.3877563865537,51.0347891166449,14.7976986383577,0.969,3.95608738968062,3.43920674799665,0.832442903389189,0.505112958942417
1999-12-17,0.0,142.07,-1.7,-1.7,397.23,1.9484606094182824,658.41,27.06629,750.88,3.17552224503765,2.27054970568104,0.715016154973943,0.219528466253919,0.207214753166224,16.85,1.1541095890411,212.45,3.09468317552804,0,-16.0641,4.11759799833194,1.37608385686463,0.451685660266874,1.30108445697626,0.601283991047423,33.3877563865537,51.0347891166449,14.7976986383577,0.969,3.95608738968062,3.43920674799665,0.832442903389189,0.505112958942417
1999-12-18,0.0,197.39,-5.28,-5.28,277.53,1.5867898274025143,658.41,27.06629,750.88,3.17552224503765,2.27054970568104,0.715016154973943,0.219528466253919,0.207214753166224,16.85,1.1541095890411,212.45,3.09468317552804,0,-16.0641,4.11759799833194,1.37608385686463,0.451685660266874,1.30108445697626,0.601283991047423,33.3877563865537,51.0347891166449,14.7976986383577,0.969,3.95608738968062,3.43920674799665,0.832442903389189,0.505112958942417
1999-12-19,0.84,209.34,-6.01,-6.01,252.56,1.3130930193905817,658.41,27.06629,750.88,3.17552224503765,2.27054970568104,0.715016154973943,0.219528466253919,0.207214753166224,16.85,1.1541095890411,212.45,3.09468317552804,0,-16.0641,4.11759799833194,1.37608385686463,0.451685660266874,1.30108445697626,0.601283991047423,33.3877563865537,51.0347891166449,14.7976986383577,0.969,3.95608738968062,3.43920674799665,0.832442903389189,0.505112958942417
1999-12-20,2.34,202.97,-2.27,-2.27,330.71,1.2707351800554014,658.41,27.06629,750.88,3.17552224503765,2.27054970568104,0.715016154973943,0.219528466253919,0.207214753166224,16.85,1.1541095890411,212.45,3.09468317552804,0,-16.0641,4.11759799833194,1.37608385686463,0.451685660266874,1.30108445697626,0.601283991047423,33.3877563865537,51.0347891166449,14.7976986383577,0.969,3.95608738968062,3.43920674799665,0.832442903389189,0.505112958942417
1999-12-21,0.56,258.3,-0.69,-0.69,355.87,1.375000630726614,658.41,27.06629,750.88,3.17552224503765,2.27054970568104,0.715016154973943,0.219528466253919,0.207214753166224,16.85,1.1541095890411,212.45,3.09468317552804,0,-16.0641,4.11759799833194,1.37608385686463,0.451685660266874,1.30108445697626,0.601283991047423,33.3877563865537,51.0347891166449,14.7976986383577,0.969,3.95608738968062,3.43920674799665,0.832442903389189,0.505112958942417
1999-12-22,0.05,169.77,-4.14,-4.14,302.5,1.039396211378649,658.41,27.06629,750.88,3.17552224503765,2.27054970568104,0.715016154973943,0.219528466253919,0.207214753166224,16.85,1.1541095890411,212.45,3.09468317552804,0,-16.0641,4.11759799833194,1.37608385686463,0.451685660266874,1.30108445697626,0.601283991047423,33.3877563865537,51.0347891166449,14.7976986383577,0.969,3.95608738968062,3.43920674799665,0.832442903389189,0.505112958942417
1999-12-23,1.41,169.45,-7.14,-7.14,237.61,0.8373819007031749,658.41,27.06629,750.88,3.17552224503765,2.27054970568104,0.715016154973943,0.219528466253919,0.207214753166224,16.85,1.1541095890411,212.45,3.09468317552804,0,-16.0641,4.11759799833194,1.37608385686463,0.451685660266874,1.30108445697626,0.601283991047423,33.3877563865537,51.0347891166449,14.7976986383577,0.969,3.95608738968062,3.43920674799665,0.832442903389189,0.505112958942417
1999-12-24,0.43,219.41,-11.92,-11.92,143.49,0.7168249733645855,658.41,27.06629,750.88,3.17552224503765,2.27054970568104,0.715016154973943,0.219528466253919,0.207214753166224,16.85,1.1541095890411,212.45,3.09468317552804,0,-16.0641,4.11759799833194,1.37608385686463,0.451685660266874,1.30108445697626,0.601283991047423,33.3877563865537,51.0347891166449,14.7976986383577,0.969,3.95608738968062,3.43920674799665,0.832442903389189,0.505112958942417
1999-12-25,0.02,245.45,-10.16,-10.16,173.92,0.6516590666950778,658.41,27.06629,750.88,3.17552224503765,2.27054970568104,0.715016154973943,0.219528466253919,0.207214753166224,16.85,1.1541095890411,212.45,3.09468317552804,0,-16.0641,4.11759799833194,1.37608385686463,0.451685660266874,1.30108445697626,0.601283991047423,33.3877563865537,51.0347891166449,14.7976986383577,0.969,3.95608738968062,3.43920674799665,0.832442903389189,0.505112958942417
1999-12-26,0.77,180.9,-7.72,-7.72,231.23,0.6516590666950778,658.41,27.06629,750.88,3.17552224503765,2.27054970568104,0.715016154973943,0.219528466253919,0.207214753166224,16.85,1.1541095890411,212.45,3.09468317552804,0,-16.0641,4.11759799833194,1.37608385686463,0.451685660266874,1.30108445697626,0.601283991047423,33.3877563865537,51.0347891166449,14.7976986383577,0.969,3.95608738968062,3.43920674799665,0.832442903389189,0.505112958942417
1999-12-27,0.71,147.26,-6.98,-6.98,246.05,0.6190761133603239,658.41,27.06629,750.88,3.17552224503765,2.27054970568104,0.715016154973943,0.219528466253919,0.207214753166224,16.85,1.1541095890411,212.45,3.09468317552804,0,-16.0641,4.11759799833194,1.37608385686463,0.451685660266874,1.30108445697626,0.601283991047423,33.3877563865537,51.0347891166449,14.7976986383577,0.969,3.95608738968062,3.43920674799665,0.832442903389189,0.505112958942417
1999-12-28,0.62,216.25,-12.32,-12.32,149.77,0.58649316002557,658.41,27.06629,750.88,3.17552224503765,2.27054970568104,0.715016154973943,0.219528466253919,0.207214753166224,16.85,1.1541095890411,212.45,3.09468317552804,0,-16.0641,4.11759799833194,1.37608385686463,0.451685660266874,1.30108445697626,0.601283991047423,33.3877563865537,51.0347891166449,14.7976986383577,0.969,3.95608738968062,3.43920674799665,0.832442903389189,0.505112958942417
1999-12-29,0.17,204.77,-9.02,-9.02,210.3,0.58649316002557,658.41,27.06629,750.88,3.17552224503765,2.27054970568104,0.715016154973943,0.219528466253919,0.207214753166224,16.85,1.1541095890411,212.45,3.09468317552804,0,-16.0641,4.11759799833194,1.37608385686463,0.451685660266874,1.30108445697626,0.601283991047423,33.3877563865537,51.0347891166449,14.7976986383577,0.969,3.95608738968062,3.43920674799665,0.832442903389189,0.505112958942417
1999-12-30,0.01,237.0,-3.64,-3.64,324.87,0.5604267973577668,658.41,27.06629,750.88,3.17552224503765,2.27054970568104,0.715016154973943,0.219528466253919,0.207214753166224,16.85,1.1541095890411,212.45,3.09468317552804,0,-16.0641,4.11759799833194,1.37608385686463,0.451685660266874,1.30108445697626,0.601283991047423,33.3877563865537,51.0347891166449,14.7976986383577,0.969,3.95608738968062,3.43920674799665,0.832442903389189,0.505112958942417
1999-12-31,1.52,202.72,-2.32,-2.32,346.48,0.5245855486895376,658.41,27.06629,750.88,3.17552224503765,2.27054970568104,0.715016154973943,0.219528466253919,0.207214753166224,16.85,1.1541095890411,212.45,3.09468317552804,0,-16.0641,4.11759799833194,1.37608385686463,0.451685660266874,1.30108445697626,0.601283991047423,33.3877563865537,51.0347891166449,14.7976986383577,0.969,3.95608738968062,3.43920674799665,0.832442903389189,0.505112958942417
2000-01-01,1.96,214.73,-1.51,-1.51,361.9,0.4920025953547837,658.41,27.06629,750.88,3.17552224503765,2.27054970568104,0.715016154973943,0.219528466253919,0.207214753166224,16.85,1.1541095890411,212.45,3.09468317552804,0,-16.0641,4.11759799833194,1.37608385686463,0.451685660266874,1.30108445697626,0.601283991047423,33.3877563865537,51.0347891166449,14.7976986383577,0.969,3.95608738968062,3.43920674799665,0.832442903389189,0.505112958942417
2000-01-02,3.22,219.56,2.34,2.34,494.82,0.5604267973577668,658.41,27.06629,750.88,3.17552224503765,2.27054970568104,0.715016154973943,0.219528466253919,0.207214753166224,16.85,1.1541095890411,212.45,3.09468317552804,0,-16.0641,4.11759799833194,1.37608385686463,0.451685660266874,1.30108445697626,0.601283991047423,33.3877563865537,51.0347891166449,14.7976986383577,0.969,3.95608738968062,3.43920674799665,0.832442903389189,0.505112958942417
2000-01-03,13.03,194.32,8.45,8.45,773.25,1.114337004048583,658.41,27.06629,750.88,3.17552224503765,2.27054970568104,0.715016154973943,0.219528466253919,0.207214753166224,16.85,1.1541095890411,212.45,3.09468317552804,0,-16.0641,4.11759799833194,1.37608385686463,0.451685660266874,1.30108445697626,0.601283991047423,33.3877563865537,51.0347891166449,14.7976986383577,0.969,3.95608738968062,3.43920674799665,0.832442903389189,0.505112958942417
2000-01-04,6.54,187.43,8.09,8.09,721.39,5.376187300234391,658.41,27.06629,750.88,3.17552224503765,2.27054970568104,0.715016154973943,0.219528466253919,0.207214753166224,16.85,1.1541095890411,212.45,3.09468317552804,0,-16.0641,4.11759799833194,1.37608385686463,0.451685660266874,1.30108445697626,0.601283991047423,33.3877563865537,51.0347891166449,14.7976986383577,0.969,3.95608738968062,3.43920674799665,0.832442903389189,0.505112958942417
2000-01-05,0.87,274.53,1.56,1.56,386.04,3.2420038568080116,658.41,27.06629,750.88,3.17552224503765,2.27054970568104,0.715016154973943,0.219528466253919,0.207214753166224,16.85,1.1541095890411,212.45,3.09468317552804,0,-16.0641,4.11759799833194,1.37608385686463,0.451685660266874,1.30108445697626,0.601283991047423,33.3877563865537,51.0347891166449,14.7976986383577,0.969,3.95608738968062,3.43920674799665,0.832442903389189,0.505112958942417
2000-01-06,0.19,168.15,-3.13,-3.13,325.35,2.130925148092904,658.41,27.06629,750.88,3.17552224503765,2.27054970568104,0.715016154973943,0.219528466253919,0.207214753166224,16.85,1.1541095890411,212.45,3.09468317552804,0,-16.0641,4.11759799833194,1.37608385686463,0.451685660266874,1.30108445697626,0.601283991047423,33.3877563865537,51.0347891166449,14.7976986383577,0.969,3.95608738968062,3.43920674799665,0.832442903389189,0.505112958942417
2000-01-07,0.07,176.56,-2.43,-2.43,376.84,1.827903682079693,658.41,27.06629,750.88,3.17552224503765,2.27054970568104,0.715016154973943,0.219528466253919,0.207214753166224,16.85,1.1541095890411,212.45,3.09468317552804,0,-16.0641,4.11759799833194,1.37608385686463,0.451685660266874,1.30108445697626,0.601283991047423,33.3877563865537,51.0347891166449,14.7976986383577,0.969,3.95608738968062,3.43920674799665,0.832442903389189,0.505112958942417
2000-01-08,0.01,241.88,-3.45,-3.45,335.07,1.567240055401662,658.41,27.06629,750.88,3.17552224503765,2.27054970568104,0.715016154973943,0.219528466253919,0.207214753166224,16.85,1.1541095890411,212.45,3.09468317552804,0,-16.0641,4.11759799833194,1.37608385686463,0.451685660266874,1.30108445697626,0.601283991047423,33.3877563865537,51.0347891166449,14.7976986383577,0.969,3.95608738968062,3.43920674799665,0.832442903389189,0.505112958942417
2000-01-09,0.57,189.07,-1.48,-1.48,392.18,1.4108418793948432,658.41,27.06629,750.88,3.17552224503765,2.27054970568104,0.715016154973943,0.219528466253919,0.207214753166224,16.85,1.1541095890411,212.45,3.09468317552804,0,-16.0641,4.11759799833194,1.37608385686463,0.451685660266874,1.30108445697626,0.601283991047423,33.3877563865537,51.0347891166449,14.7976986383577,0.969,3.95608738968062,3.43920674799665,0.832442903389189,0.505112958942417
2000-01-10,6.18,192.75,0.51,0.51,460.74,1.4662329000639247,658.41,27.06629,750.88,3.17552224503765,2.27054970568104,0.715016154973943,0.219528466253919,0.207214753166224,16.85,1.1541095890411,212.45,3.09468317552804,0,-16.0641,4.11759799833194,1.37608385686463,0.451685660266874,1.30108445697626,0.601283991047423,33.3877563865537,51.0347891166449,14.7976986383577,0.969,3.95608738968062,3.43920674799665,0.832442903389189,0.505112958942417
2000-01-11,6.49,149.71,2.0,2.0,528.51,2.0071099254208393,658.41,27.06629,750.88,3.17552224503765,2.27054970568104,0.715016154973943,0.219528466253919,0.207214753166224,16.85,1.1541095890411,212.45,3.09468317552804,0,-16.0641,4.11759799833194,1.37608385686463,0.451685660266874,1.30108445697626,0.601283991047423,33.3877563865537,51.0347891166449,14.7976986383577,0.969,3.95608738968062,3.43920674799665,0.832442903389189,0.505112958942417
2000-01-12,6.22,140.82,-0.25,-0.25,443.59,1.658472324738973,658.41,27.06629,750.88,3.17552224503765,2.27054970568104,0.715016154973943,0.219528466253919,0.207214753166224,16.85,1.1541095890411,212.45,3.09468317552804,0,-16.0641,4.11759799833194,1.37608385686463,0.451685660266874,1.30108445697626,0.601283991047423,33.3877563865537,51.0347891166449,14.7976986383577,0.969,3.95608738968062,3.43920674799665,0.832442903389189,0.505112958942417
2000-01-13,3.67,204.12,-3.36,-3.36,311.59,1.4043252887278925,658.41,27.06629,750.88,3.17552224503765,2.27054970568104,0.715016154973943,0.219528466253919,0.207214753166224,16.85,1.1541095890411,212.45,3.09468317552804,0,-16.0641,4.11759799833194,1.37608385686463,0.451685660266874,1.30108445697626,0.601283991047423,33.3877563865537,51.0347891166449,14.7976986383577,0.969,3.95608738968062,3.43920674799665,0.832442903389189,0.505112958942417
2000-01-14,0.62,300.12,-11.43,-11.43,145.33,1.107820413381632,658.41,27.06629,750.88,3.17552224503765,2.27054970568104,0.715016154973943,0.219528466253919,0.207214753166224,16.85,1.1541095890411,212.45,3.09468317552804,0,-16.0641,4.11759799833194,1.37608385686463,0.451685660266874,1.30108445697626,0.601283991047423,33.3877563865537,51.0347891166449,14.7976986383577,0.969,3.95608738968062,3.43920674799665,0.832442903389189,0.505112958942417
2000-01-15,0.0,287.05,-12.15,-12.15,144.27,1.0752374600468781,658.41,27.06629,750.88,3.17552224503765,2.27054970568104,0.715016154973943,0.219528466253919,0.207214753166224,16.85,1.1541095890411,212.45,3.09468317552804,0,-16.0641,4.11759799833194,1.37608385686463,0.451685660266874,1.30108445697626,0.601283991047423,33.3877563865537,51.0347891166449,14.7976986383577,0.969,3.95608738968062,3.43920674799665,0.832442903389189,0.505112958942417
2000-01-16,0.38,237.21,-7.28,-7.28,191.05,0.9449056467078627,658.41,27.06629,750.88,3.17552224503765,2.27054970568104,0.715016154973943,0.219528466253919,0.207214753166224,16.85,1.1541095890411,212.45,3.09468317552804,0,-16.0641,4.11759799833194,1.37608385686463,0.451685660266874,1.30108445697626,0.601283991047423,33.3877563865537,51.0347891166449,14.7976986383577,0.969,3.95608738968062,3.43920674799665,0.832442903389189,0.505112958942417
2000-01-17,0.1,316.76,-10.68,-10.68,111.37,0.7168249733645855,658.41,27.06629,750.88,3.17552224503765,2.27054970568104,0.715016154973943,0.219528466253919,0.207214753166224,16.85,1.1541095890411,212.45,3.09468317552804,0,-16.0641,4.11759799833194,1.37608385686463,0.451685660266874,1.30108445697626,0.601283991047423,33.3877563865537,51.0347891166449,14.7976986383577,0.969,3.95608738968062,3.43920674799665,0.832442903389189,0.505112958942417
2000-01-18,0.53,234.53,-16.99,-16.99,77.47,0.6516590666950778,658.41,27.06629,750.88,3.17552224503765,2.27054970568104,0.715016154973943,0.219528466253919,0.207214753166224,16.85,1.1541095890411,212.45,3.09468317552804,0,-16.0641,4.11759799833194,1.37608385686463,0.451685660266874,1.30108445697626,0.601283991047423,33.3877563865537,51.0347891166449,14.7976986383577,0.969,3.95608738968062,3.43920674799665,0.832442903389189,0.505112958942417
2000-01-19,4.01,245.53,-15.29,-15.29,112.61,0.6516590666950778,658.41,27.06629,750.88,3.17552224503765,2.27054970568104,0.715016154973943,0.219528466253919,0.207214753166224,16.85,1.1541095890411,212.45,3.09468317552804,0,-16.0641,4.11759799833194,1.37608385686463,0.451685660266874,1.30108445697626,0.601283991047423,33.3877563865537,51.0347891166449,14.7976986383577,0.969,3.95608738968062,3.43920674799665,0.832442903389189,0.505112958942417
2000-01-20,4.2,187.22,-7.86,-7.86,210.67,0.6516590666950778,658.41,27.06629,750.88,3.17552224503765,2.27054970568104,0.715016154973943,0.219528466253919,0.207214753166224,16.85,1.1541095890411,212.45,3.09468317552804,0,-16.0641,4.11759799833194,1.37608385686463,0.451685660266874,1.30108445697626,0.601283991047423,33.3877563865537,51.0347891166449,14.7976986383577,0.969,3.95608738968062,3.43920674799665,0.832442903389189,0.505112958942417
2000-01-21,0.84,327.64,-13.45,-13.45,102.45,0.6516590666950778,658.41,27.06629,750.88,3.17552224503765,2.27054970568104,0.715016154973943,0.219528466253919,0.207214753166224,16.85,1.1541095890411,212.45,3.09468317552804,0,-16.0641,4.11759799833194,1.37608385686463,0.451685660266874,1.30108445697626,0.601283991047423,33.3877563865537,51.0347891166449,14.7976986383577,0.969,3.95608738968062,3.43920674799665,0.832442903389189,0.505112958942417
2000-01-22,0.0,320.2,-18.09,-18.09,70.0,0.6190761133603239,658.41,27.06629,750.88,3.17552224503765,2.27054970568104,0.715016154973943,0.219528466253919,0.207214753166224,16.85,1.1541095890411,212.45,3.09468317552804,0,-16.0641,4.11759799833194,1.37608385686463,0.451685660266874,1.30108445697626,0.601283991047423,33.3877563865537,51.0347891166449,14.7976986383577,0.969,3.95608738968062,3.43920674799665,0.832442903389189,0.505112958942417
2000-01-23,0.03,267.12,-14.42,-14.42,121.74,0.6190761133603239,658.41,27.06629,750.88,3.17552224503765,2.27054970568104,0.715016154973943,0.219528466253919,0.207214753166224,16.85,1.1541095890411,212.45,3.09468317552804,0,-16.0641,4.11759799833194,1.37608385686463,0.451685660266874,1.30108445697626,0.601283991047423,33.3877563865537,51.0347891166449,14.7976986383577,0.969,3.95608738968062,3.43920674799665,0.832442903389189,0.505112958942417
2000-01-24,0.19,257.84,-8.83,-8.83,182.44,0.6190761133603239,658.41,27.06629,750.88,3.17552224503765,2.27054970568104,0.715016154973943,0.219528466253919,0.207214753166224,16.85,1.1541095890411,212.45,3.09468317552804,0,-16.0641,4.11759799833194,1.37608385686463,0.451685660266874,1.30108445697626,0.601283991047423,33.3877563865537,51.0347891166449,14.7976986383577,0.969,3.95608738968062,3.43920674799665,0.832442903389189,0.505112958942417
2000-01-25,2.08,260.05,-11.85,-11.85,130.03,0.58649316002557,658.41,27.06629,750.88,3.17552224503765,2.27054970568104,0.715016154973943,0.219528466253919,0.207214753166224,16.85,1.1541095890411,212.45,3.09468317552804,0,-16.0641,4.11759799833194,1.37608385686463,0.451685660266874,1.30108445697626,0.601283991047423,33.3877563865537,51.0347891166449,14.7976986383577,0.969,3.95608738968062,3.43920674799665,0.832442903389189,0.505112958942417
2000-01-26,1.17,209.29,-10.66,-10.66,156.02,0.58649316002557,658.41,27.06629,750.88,3.17552224503765,2.27054970568104,0.715016154973943,0.219528466253919,0.207214753166224,16.85,1.1541095890411,212.45,3.09468317552804,0,-16.0641,4.11759799833194,1.37608385686463,0.451685660266874,1.30108445697626,0.601283991047423,33.3877563865537,51.0347891166449,14.7976986383577,0.969,3.95608738968062,3.43920674799665,0.832442903389189,0.505112958942417
2000-01-27,0.4,237.32,-13.93,-13.93,120.89,0.6027846366929469,658.41,27.06629,750.88,3.17552224503765,2.27054970568104,0.715016154973943,0.219528466253919,0.207214753166224,16.85,1.1541095890411,212.45,3.09468317552804,0,-16.0641,4.11759799833194,1.37608385686463,0.451685660266874,1.30108445697626,0.601283991047423,33.3877563865537,51.0347891166449,14.7976986383577,0.969,3.95608738968062,3.43920674799665,0.832442903389189,0.505112958942417
2000-01-28,0.06,283.31,-14.78,-14.78,111.3,0.58649316002557,658.41,27.06629,750.88,3.17552224503765,2.27054970568104,0.715016154973943,0.219528466253919,0.207214753166224,16.85,1.1541095890411,212.45,3.09468317552804,0,-16.0641,4.11759799833194,1.37608385686463,0.451685660266874,1.30108445697626,0.601283991047423,33.3877563865537,51.0347891166449,14.7976986383577,0.969,3.95608738968062,3.43920674799665,0.832442903389189,0.505112958942417
2000-01-29,0.58,297.04,-15.1,-15.1,91.75,0.553910206690816,658.41,27.06629,750.88,3.17552224503765,2.27054970568104,0.715016154973943,0.219528466253919,0.207214753166224,16.85,1.1541095890411,212.45,3.09468317552804,0,-16.0641,4.11759799833194,1.37608385686463,0.451685660266874,1.30108445697626,0.601283991047423,33.3877563865537,51.0347891166449,14.7976986383577,0.969,3.95608738968062,3.43920674799665,0.832442903389189,0.505112958942417
2000-01-30,4.05,278.07,-11.71,-11.71,115.68,0.5213272533560622,658.41,27.06629,750.88,3.17552224503765,2.27054970568104,0.715016154973943,0.219528466253919,0.207214753166224,16.85,1.1541095890411,212.45,3.09468317552804,0,-16.0641,4.11759799833194,1.37608385686463,0.451685660266874,1.30108445697626,0.601283991047423,33.3877563865537,51.0347891166449,14.7976986383577,0.969,3.95608738968062,3.43920674799665,0.832442903389189,0.505112958942417
2000-01-31,1.25,277.91,-6.33,-6.33,214.14,0.5213272533560622,658.41,27.06629,750.88,3.17552224503765,2.27054970568104,0.715016154973943,0.219528466253919,0.207214753166224,16.85,1.1541095890411,212.45,3.09468317552804,0,-16.0641,4.11759799833194,1.37608385686463,0.451685660266874,1.30108445697626,0.601283991047423,33.3877563865537,51.0347891166449,14.7976986383577,0.969,3.95608738968062,3.43920674799665,0.832442903389189,0.505112958942417
2000-02-01,0.66,180.06,-5.57,-5.57,262.39,0.4887443000213083,658.41,27.06629,750.88,3.17552224503765,2.27054970568104,0.715016154973943,0.219528466253919,0.207214753166224,16.85,1.1541095890411,212.45,3.09468317552804,0,-16.0641,4.11759799833194,1.37608385686463,0.451685660266874,1.30108445697626,0.601283991047423,33.3877563865537,51.0347891166449,14.7976986383577,0.969,3.95608738968062,3.43920674799665,0.832442903389189,0.505112958942417
2000-02-02,0.26,282.48,-8.73,-8.73,190.78,0.42357839335180053,658.41,27.06629,750.88,3.17552224503765,2.27054970568104,0.715016154973943,0.219528466253919,0.207214753166224,16.85,1.1541095890411,212.45,3.09468317552804,0,-16.0641,4.11759799833194,1.37608385686463,0.451685660266874,1.30108445697626,0.601283991047423,33.3877563865537,51.0347891166449,14.7976986383577,0.969,3.95608738968062,3.43920674799665,0.832442903389189,0.505112958942417
2000-02-03,1.24,249.33,-9.81,-9.81,180.49,0.42357839335180053,658.41,27.06629,750.88,3.17552224503765,2.27054970568104,0.715016154973943,0.219528466253919,0.207214753166224,16.85,1.1541095890411,212.45,3.09468317552804,0,-16.0641,4.11759799833194,1.37608385686463,0.451685660266874,1.30108445697626,0.601283991047423,33.3877563865537,51.0347891166449,14.7976986383577,0.969,3.95608738968062,3.43920674799665,0.832442903389189,0.505112958942417
2000-02-04,1.24,222.11,-6.62,-6.62,237.23,0.4072869166844236,658.41,27.06629,750.88,3.17552224503765,2.27054970568104,0.715016154973943,0.219528466253919,0.207214753166224,16.85,1.1541095890411,212.45,3.09468317552804,0,-16.0641,4.11759799833194,1.37608385686463,0.451685660266874,1.30108445697626,0.601283991047423,33.3877563865537,51.0347891166449,14.7976986383577,0.969,3.95608738968062,3.43920674799665,0.832442903389189,0.505112958942417
2000-02-05,0.49,281.55,-9.03,-9.03,173.31,0.3909954400170466,658.41,27.06629,750.88,3.17552224503765,2.27054970568104,0.715016154973943,0.219528466253919,0.207214753166224,16.85,1.1541095890411,212.45,3.09468317552804,0,-16.0641,4.11759799833194,1.37608385686463,0.451685660266874,1.30108445697626,0.601283991047423,33.3877563865537,51.0347891166449,14.7976986383577,0.969,3.95608738968062,3.43920674799665,0.832442903389189,0.505112958942417
2000-02-06,0.08,329.91,-7.37,-7.37,204.36,0.3747039633496697,658.41,27.06629,750.88,3.17552224503765,2.27054970568104,0.715016154973943,0.219528466253919,0.207214753166224,16.85,1.1541095890411,212.45,3.09468317552804,0,-16.0641,4.11759799833194,1.37608385686463,0.451685660266874,1.30108445697626,0.601283991047423,33.3877563865537,51.0347891166449,14.7976986383577,0.969,3.95608738968062,3.43920674799665,0.832442903389189,0.505112958942417
2000-02-07,0.04,266.71,-4.77,-4.77,251.94,0.35841248668229275,658.41,27.06629,750.88,3.17552224503765,2.27054970568104,0.715016154973943,0.219528466253919,0.207214753166224,16.85,1.1541095890411,212.45,3.09468317552804,0,-16.0641,4.11759799833194,1.37608385686463,0.451685660266874,1.30108445697626,0.601283991047423,33.3877563865537,51.0347891166449,14.7976986383577,0.969,3.95608738968062,3.43920674799665,0.832442903389189,0.505112958942417
2000-02-08,0.01,382.11,-10.48,-10.48,129.24,0.30953805668016193,658.41,27.06629,750.88,3.17552224503765,2.27054970568104,0.715016154973943,0.219528466253919,0.207214753166224,16.85,1.1541095890411,212.45,3.09468317552804,0,-16.0641,4.11759799833194,1.37608385686463,0.451685660266874,1.30108445697626,0.601283991047423,33.3877563865537,51.0347891166449,14.7976986383577,0.969,3.95608738968062,3.43920674799665,0.832442903389189,0.505112958942417
2000-02-09,0.41,332.34,-9.63,-9.63,134.34,0.35841248668229275,658.41,27.06629,750.88,3.17552224503765,2.27054970568104,0.715016154973943,0.219528466253919,0.207214753166224,16.85,1.1541095890411,212.45,3.09468317552804,0,-16.0641,4.11759799833194,1.37608385686463,0.451685660266874,1.30108445697626,0.601283991047423,33.3877563865537,51.0347891166449,14.7976986383577,0.969,3.95608738968062,3.43920674799665,0.832442903389189,0.505112958942417
2000-02-10,2.57,295.88,-1.73,-1.73,282.83,0.3909954400170466,658.41,27.06629,750.88,3.17552224503765,2.27054970568104,0.715016154973943,0.219528466253919,0.207214753166224,16.85,1.1541095890411,212.45,3.09468317552804,0,-16.0641,4.11759799833194,1.37608385686463,0.451685660266874,1.30108445697626,0.601283991047423,33.3877563865537,51.0347891166449,14.7976986383577,0.969,3.95608738968062,3.43920674799665,0.832442903389189,0.505112958942417
2000-02-11,0.76,277.32,0.5,0.5,358.99,0.5473936160238653,658.41,27.06629,750.88,3.17552224503765,2.27054970568104,0.715016154973943,0.219528466253919,0.207214753166224,16.85,1.1541095890411,212.45,3.09468317552804,0,-16.0641,4.11759799833194,1.37608385686463,0.451685660266874,1.30108445697626,0.601283991047423,33.3877563865537,51.0347891166449,14.7976986383577,0.969,3.95608738968062,3.43920674799665,0.832442903389189,0.505112958942417
2000-02-12,0.7,321.61,-6.51,-6.51,197.63,0.6418841806946515,658.41,27.06629,750.88,3.17552224503765,2.27054970568104,0.715016154973943,0.219528466253919,0.207214753166224,16.85,1.1541095890411,212.45,3.09468317552804,0,-16.0641,4.11759799833194,1.37608385686463,0.451685660266874,1.30108445697626,0.601283991047423,33.3877563865537,51.0347891166449,14.7976986383577,0.969,3.95608738968062,3.43920674799665,0.832442903389189,0.505112958942417
2000-02-13,6.52,288.85,-8.43,-8.43,187.35,0.5408770253569145,658.41,27.06629,750.88,3.17552224503765,2.27054970568104,0.715016154973943,0.219528466253919,0.207214753166224,16.85,1.1541095890411,212.45,3.09468317552804,0,-16.0641,4.11759799833194,1.37608385686463,0.451685660266874,1.30108445697626,0.601283991047423,33.3877563865537,51.0347891166449,14.7976986383577,0.969,3.95608738968062,3.43920674799665,0.832442903389189,0.505112958942417
2000-02-14,5.08,218.52,-4.33,-4.33,296.28,0.6060429320264222,658.41,27.06629,750.88,3.17552224503765,2.27054970568104,0.715016154973943,0.219528466253919,0.207214753166224,16.85,1.1541095890411,212.45,3.09468317552804,0,-16.0641,4.11759799833194,1.37608385686463,0.451685660266874,1.30108445697626,0.601283991047423,33.3877563865537,51.0347891166449,14.7976986383577,0.969,3.95608738968062,3.43920674799665,0.832442903389189,0.505112958942417
2000-02-15,0.92,307.53,-4.21,-4.21,291.6,0.7526662220328147,658.41,27.06629,750.88,3.17552224503765,2.27054970568104,0.715016154973943,0.219528466253919,0.207214753166224,16.85,1.1541095890411,212.45,3.09468317552804,0,-16.0641,4.11759799833194,1.37608385686463,0.451685660266874,1.30108445697626,0.601283991047423,33.3877563865537,51.0347891166449,14.7976986383577,0.969,3.95608738968062,3.43920674799665,0.832442903389189,0.505112958942417
2000-02-16,0.01,332.16,-3.59,-3.59,290.32,0.6614339526955039,658.41,27.06629,750.88,3.17552224503765,2.27054970568104,0.715016154973943,0.219528466253919,0.207214753166224,16.85,1.1541095890411,212.45,3.09468317552804,0,-16.0641,4.11759799833194,1.37608385686463,0.451685660266874,1.30108445697626,0.601283991047423,33.3877563865537,51.0347891166449,14.7976986383577,0.969,3.95608738968062,3.43920674799665,0.832442903389189,0.505112958942417
2000-02-17,1.43,300.94,-4.61,-4.61,248.22,0.6060429320264222,658.41,27.06629,750.88,3.17552224503765,2.27054970568104,0.715016154973943,0.219528466253919,0.207214753166224,16.85,1.1541095890411,212.45,3.09468317552804,0,-16.0641,4.11759799833194,1.37608385686463,0.451685660266874,1.30108445697626,0.601283991047423,33.3877563865537,51.0347891166449,14.7976986383577,0.969,3.95608738968062,3.43920674799665,0.832442903389189,0.505112958942417
2000-02-18,11.23,261.92,-6.21,-6.21,249.42,0.5734599786916684,658.41,27.06629,750.88,3.17552224503765,2.27054970568104,0.715016154973943,0.219528466253919,0.207214753166224,16.85,1.1541095890411,212.45,3.09468317552804,0,-16.0641,4.11759799833194,1.37608385686463,0.451685660266874,1.30108445697626,0.601283991047423,33.3877563865537,51.0347891166449,14.7976986383577,0.969,3.95608738968062,3.43920674799665,0.832442903389189,0.505112958942417
2000-02-19,3.05,185.17,-4.7,-4.7,319.32,0.5767182740251438,658.41,27.06629,750.88,3.17552224503765,2.27054970568104,0.715016154973943,0.219528466253919,0.207214753166224,16.85,1.1541095890411,212.45,3.09468317552804,0,-16.0641,4.11759799833194,1.37608385686463,0.451685660266874,1.30108445697626,0.601283991047423,33.3877563865537,51.0347891166449,14.7976986383577,0.969,3.95608738968062,3.43920674799665,0.832442903389189,0.505112958942417
2000-02-20,0.22,185.09,-5.26,-5.26,307.83,0.5506519113573407,658.41,27.06629,750.88,3.17552224503765,2.27054970568104,0.715016154973943,0.219528466253919,0.207214753166224,16.85,1.1541095890411,212.45,3.09468317552804,0,-16.0641,4.11759799833194,1.37608385686463,0.451685660266874,1.30108445697626,0.601283991047423,33.3877563865537,51.0347891166449,14.7976986383577,0.969,3.95608738968062,3.43920674799665,0.832442903389189,0.505112958942417
2000-02-21,0.85,326.13,-4.98,-4.98,291.93,0.5245855486895376,658.41,27.06629,750.88,3.17552224503765,2.27054970568104,0.715016154973943,0.219528466253919,0.207214753166224,16.85,1.1541095890411,212.45,3.09468317552804,0,-16.0641,4.11759799833194,1.37608385686463,0.451685660266874,1.30108445697626,0.601283991047423,33.3877563865537,51.0347891166449,14.7976986383577,0.969,3.95608738968062,3.43920674799665,0.832442903389189,0.505112958942417
2000-02-22,0.21,418.62,-1.27,-1.27,354.48,0.553910206690816,658.41,27.06629,750.88,3.17552224503765,2.27054970568104,0.715016154973943,0.219528466253919,0.207214753166224,16.85,1.1541095890411,212.45,3.09468317552804,0,-16.0641,4.11759799833194,1.37608385686463,0.451685660266874,1.30108445697626,0.601283991047423,33.3877563865537,51.0347891166449,14.7976986383577,0.969,3.95608738968062,3.43920674799665,0.832442903389189,0.505112958942417
2000-02-23,6.07,320.8,4.6,4.6,526.62,1.13062848071596,658.41,27.06629,750.88,3.17552224503765,2.27054970568104,0.715016154973943,0.219528466253919,0.207214753166224,16.85,1.1541095890411,212.45,3.09468317552804,0,-16.0641,4.11759799833194,1.37608385686463,0.451685660266874,1.30108445697626,0.601283991047423,33.3877563865537,51.0347891166449,14.7976986383577,0.969,3.95608738968062,3.43920674799665,0.832442903389189,0.505112958942417
2000-02-24,5.64,328.18,6.81,6.81,587.89,3.3234612401448964,658.41,27.06629,750.88,3.17552224503765,2.27054970568104,0.715016154973943,0.219528466253919,0.207214753166224,16.85,1.1541095890411,212.45,3.09468317552804,0,-16.0641,4.11759799833194,1.37608385686463,0.451685660266874,1.30108445697626,0.601283991047423,33.3877563865537,51.0347891166449,14.7976986383577,0.969,3.95608738968062,3.43920674799665,0.832442903389189,0.505112958942417
2000-02-25,2.73,326.99,7.39,7.39,602.55,11.013038227146813,658.41,27.06629,750.88,3.17552224503765,2.27054970568104,0.715016154973943,0.219528466253919,0.207214753166224,16.85,1.1541095890411,212.45,3.09468317552804,0,-16.0641,4.11759799833194,1.37608385686463,0.451685660266874,1.30108445697626,0.601283991047423,33.3877563865537,51.0347891166449,14.7976986383577,0.969,3.95608738968062,3.43920674799665,0.832442903389189,0.505112958942417
2000-02-26,0.44,403.03,6.45,6.45,604.99,10.459128020455998,658.41,27.06629,750.88,3.17552224503765,2.27054970568104,0.715016154973943,0.219528466253919,0.207214753166224,16.85,1.1541095890411,212.45,3.09468317552804,0,-16.0641,4.11759799833194,1.37608385686463,0.451685660266874,1.30108445697626,0.601283991047423,33.3877563865537,51.0347891166449,14.7976986383577,0.969,3.95608738968062,3.43920674799665,0.832442903389189,0.505112958942417
2000-02-27,10.06,300.24,8.61,8.61,700.84,9.025478073726827,658.41,27.06629,750.88,3.17552224503765,2.27054970568104,0.715016154973943,0.219528466253919,0.207214753166224,16.85,1.1541095890411,212.45,3.09468317552804,0,-16.0641,4.11759799833194,1.37608385686463,0.451685660266874,1.30108445697626,0.601283991047423,33.3877563865537,51.0347891166449,14.7976986383577,0.969,3.95608738968062,3.43920674799665,0.832442903389189,0.505112958942417
2000-02-28,2.94,387.23,5.57,5.57,526.08,11.175952993820582,658.41,27.06629,750.88,3.17552224503765,2.27054970568104,0.715016154973943,0.219528466253919,0.207214753166224,16.85,1.1541095890411,212.45,3.09468317552804,0,-16.0641,4.11759799833194,1.37608385686463,0.451685660266874,1.30108445697626,0.601283991047423,33.3877563865537,51.0347891166449,14.7976986383577,0.969,3.95608738968062,3.43920674799665,0.832442903389189,0.505112958942417
2000-02-29,2.37,362.13,3.83,3.83,477.79,5.636850926912422,658.41,27.06629,750.88,3.17552224503765,2.27054970568104,0.715016154973943,0.219528466253919,0.207214753166224,16.85,1.1541095890411,212.45,3.09468317552804,0,-16.0641,4.11759799833194,1.37608385686463,0.451685660266874,1.30108445697626,0.601283991047423,33.3877563865537,51.0347891166449,14.7976986383577,0.969,3.95608738968062,3.43920674799665,0.832442903389189,0.505112958942417
2000-03-01,1.8,337.49,2.1,2.1,429.47,4.300949840187513,658.41,27.06629,750.88,3.17552224503765,2.27054970568104,0.715016154973943,0.219528466253919,0.207214753166224,16.85,1.1541095890411,212.45,3.09468317552804,0,-16.0641,4.11759799833194,1.37608385686463,0.451685660266874,1.30108445697626,0.601283991047423,33.3877563865537,51.0347891166449,14.7976986383577,0.969,3.95608738968062,3.43920674799665,0.832442903389189,0.505112958942417
2000-03-02,2.01,332.5,3.73,3.73,456.25,3.9099544001704665,658.41,27.06629,750.88,3.17552224503765,2.27054970568104,0.715016154973943,0.219528466253919,0.207214753166224,16.85,1.1541095890411,212.45,3.09468317552804,0,-16.0641,4.11759799833194,1.37608385686463,0.451685660266874,1.30108445697626,0.601283991047423,33.3877563865537,51.0347891166449,14.7976986383577,0.969,3.95608738968062,3.43920674799665,0.832442903389189,0.505112958942417
2000-03-03,0.41,285.87,-2.29,-2.29,334.67,2.916174323460473,658.41,27.06629,750.88,3.17552224503765,2.27054970568104,0.715016154973943,0.219528466253919,0.207214753166224,16.85,1.1541095890411,212.45,3.09468317552804,0,-16.0641,4.11759799833194,1.37608385686463,0.451685660266874,1.30108445697626,0.601283991047423,33.3877563865537,51.0347891166449,14.7976986383577,0.969,3.95608738968062,3.43920674799665,0.832442903389189,0.505112958942417
2000-03-04,0.0,427.09,-3.06,-3.06,310.57,2.460012976773918,658.41,27.06629,750.88,3.17552224503765,2.27054970568104,0.715016154973943,0.219528466253919,0.207214753166224,16.85,1.1541095890411,212.45,3.09468317552804,0,-16.0641,4.11759799833194,1.37608385686463,0.451685660266874,1.30108445697626,0.601283991047423,33.3877563865537,51.0347891166449,14.7976986383577,0.969,3.95608738968062,3.43920674799665,0.832442903389189,0.505112958942417
2000-03-05,0.0,439.34,0.98,0.98,381.67,2.1602498060941824,658.41,27.06629,750.88,3.17552224503765,2.27054970568104,0.715016154973943,0.219528466253919,0.207214753166224,16.85,1.1541095890411,212.45,3.09468317552804,0,-16.0641,4.11759799833194,1.37608385686463,0.451685660266874,1.30108445697626,0.601283991047423,33.3877563865537,51.0347891166449,14.7976986383577,0.969,3.95608738968062,3.43920674799665,0.832442903389189,0.505112958942417
2000-03-06,0.0,440.17,1.41,1.41,384.22,1.8050956147453652,658.41,27.06629,750.88,3.17552224503765,2.27054970568104,0.715016154973943,0.219528466253919,0.207214753166224,16.85,1.1541095890411,212.45,3.09468317552804,0,-16.0641,4.11759799833194,1.37608385686463,0.451685660266874,1.30108445697626,0.601283991047423,33.3877563865537,51.0347891166449,14.7976986383577,0.969,3.95608738968062,3.43920674799665,0.832442903389189,0.505112958942417
2000-03-07,0.0,462.75,1.57,1.57,411.72,1.5802732367355636,658.41,27.06629,750.88,3.17552224503765,2.27054970568104,0.715016154973943,0.219528466253919,0.207214753166224,16.85,1.1541095890411,212.45,3.09468317552804,0,-16.0641,4.11759799833194,1.37608385686463,0.451685660266874,1.30108445697626,0.601283991047423,33.3877563865537,51.0347891166449,14.7976986383577,0.969,3.95608738968062,3.43920674799665,0.832442903389189,0.505112958942417
2000-03-08,0.4,361.76,8.27,8.27,661.24,1.4694911953974004,658.41,27.06629,750.88,3.17552224503765,2.27054970568104,0.715016154973943,0.219528466253919,0.207214753166224,16.85,1.1541095890411,212.45,3.09468317552804,0,-16.0641,4.11759799833194,1.37608385686463,0.451685660266874,1.30108445697626,0.601283991047423,33.3877563865537,51.0347891166449,14.7976986383577,0.969,3.95608738968062,3.43920674799665,0.832442903389189,0.505112958942417
2000-03-09,2.16,351.94,13.62,13.62,825.78,1.391292107393991,658.41,27.06629,750.88,3.17552224503765,2.27054970568104,0.715016154973943,0.219528466253919,0.207214753166224,16.85,1.1541095890411,212.45,3.09468317552804,0,-16.0641,4.11759799833194,1.37608385686463,0.451685660266874,1.30108445697626,0.601283991047423,33.3877563865537,51.0347891166449,14.7976986383577,0.969,3.95608738968062,3.43920674799665,0.832442903389189,0.505112958942417
2000-03-10,1.83,375.54,8.83,8.83,504.21,1.401066993394417,658.41,27.06629,750.88,3.17552224503765,2.27054970568104,0.715016154973943,0.219528466253919,0.207214753166224,16.85,1.1541095890411,212.45,3.09468317552804,0,-16.0641,4.11759799833194,1.37608385686463,0.451685660266874,1.30108445697626,0.601283991047423,33.3877563865537,51.0347891166449,14.7976986383577,0.969,3.95608738968062,3.43920674799665,0.832442903389189,0.505112958942417
2000-03-11,10.66,158.42,0.07,0.07,396.51,1.3261262007244832,658.41,27.06629,750.88,3.17552224503765,2.27054970568104,0.715016154973943,0.219528466253919,0.207214753166224,16.85,1.1541095890411,212.45,3.09468317552804,0,-16.0641,4.11759799833194,1.37608385686463,0.451685660266874,1.30108445697626,0.601283991047423,33.3877563865537,51.0347891166449,14.7976986383577,0.969,3.95608738968062,3.43920674799665,0.832442903389189,0.505112958942417
2000-03-12,3.48,185.86,-2.64,-2.64,367.82,1.853970044747496,658.41,27.06629,750.88,3.17552224503765,2.27054970568104,0.715016154973943,0.219528466253919,0.207214753166224,16.85,1.1541095890411,212.45,3.09468317552804,0,-16.0641,4.11759799833194,1.37608385686463,0.451685660266874,1.30108445697626,0.601283991047423,33.3877563865537,51.0347891166449,14.7976986383577,0.969,3.95608738968062,3.43920674799665,0.832442903389189,0.505112958942417
2000-03-13,0.63,418.24,-6.42,-6.42,244.23,1.4108418793948432,658.41,27.06629,750.88,3.17552224503765,2.27054970568104,0.715016154973943,0.219528466253919,0.207214753166224,16.85,1.1541095890411,212.45,3.09468317552804,0,-16.0641,4.11759799833194,1.37608385686463,0.451685660266874,1.30108445697626,0.601283991047423,33.3877563865537,51.0347891166449,14.7976986383577,0.969,3.95608738968062,3.43920674799665,0.832442903389189,0.505112958942417
2000-03-14,0.11,443.27,-3.23,-3.23,299.39,1.3945504027274664,658.41,27.06629,750.88,3.17552224503765,2.27054970568104,0.715016154973943,0.219528466253919,0.207214753166224,16.85,1.1541095890411,212.45,3.09468317552804,0,-16.0641,4.11759799833194,1.37608385686463,0.451685660266874,1.30108445697626,0.601283991047423,33.3877563865537,51.0347891166449,14.7976986383577,0.969,3.95608738968062,3.43920674799665,0.832442903389189,0.505112958942417
2000-03-15,1.86,389.5,0.75,0.75,412.48,1.358709154059237,658.41,27.06629,750.88,3.17552224503765,2.27054970568104,0.715016154973943,0.219528466253919,0.207214753166224,16.85,1.1541095890411,212.45,3.09468317552804,0,-16.0641,4.11759799833194,1.37608385686463,0.451685660266874,1.30108445697626,0.601283991047423,33.3877563865537,51.0347891166449,14.7976986383577,0.969,3.95608738968062,3.43920674799665,0.832442903389189,0.505112958942417
2000-03-16,10.13,381.18,6.15,6.15,497.82,1.3228679053910077,658.41,27.06629,750.88,3.17552224503765,2.27054970568104,0.715016154973943,0.219528466253919,0.207214753166224,16.85,1.1541095890411,212.45,3.09468317552804,0,-16.0641,4.11759799833194,1.37608385686463,0.451685660266874,1.30108445697626,0.601283991047423,33.3877563865537,51.0347891166449,14.7976986383577,0.969,3.95608738968062,3.43920674799665,0.832442903389189,0.505112958942417
2000-03-17,2.81,470.56,0.85,0.85,279.63,2.05598435542297,658.41,27.06629,750.88,3.17552224503765,2.27054970568104,0.715016154973943,0.219528466253919,0.207214753166224,16.85,1.1541095890411,212.45,3.09468317552804,0,-16.0641,4.11759799833194,1.37608385686463,0.451685660266874,1.30108445697626,0.601283991047423,33.3877563865537,51.0347891166449,14.7976986383577,0.969,3.95608738968062,3.43920674799665,0.832442903389189,0.505112958942417
2000-03-18,0.07,516.57,-9.64,-9.64,135.04,1.5476902834008097,658.41,27.06629,750.88,3.17552224503765,2.27054970568104,0.715016154973943,0.219528466253919,0.207214753166224,16.85,1.1541095890411,212.45,3.09468317552804,0,-16.0641,4.11759799833194,1.37608385686463,0.451685660266874,1.30108445697626,0.601283991047423,33.3877563865537,51.0347891166449,14.7976986383577,0.969,3.95608738968062,3.43920674799665,0.832442903389189,0.505112958942417
2000-03-19,0.0,516.34,-6.54,-6.54,200.27,1.6389225527381206,658.41,27.06629,750.88,3.17552224503765,2.27054970568104,0.715016154973943,0.219528466253919,0.207214753166224,16.85,1.1541095890411,212.45,3.09468317552804,0,-16.0641,4.11759799833194,1.37608385686463,0.451685660266874,1.30108445697626,0.601283991047423,33.3877563865537,51.0347891166449,14.7976986383577,0.969,3.95608738968062,3.43920674799665,0.832442903389189,0.505112958942417
2000-03-20,0.89,352.28,-0.09,-0.09,395.48,1.5867898274025143,658.41,27.06629,750.88,3.17552224503765,2.27054970568104,0.715016154973943,0.219528466253919,0.207214753166224,16.85,1.1541095890411,212.45,3.09468317552804,0,-16.0641,4.11759799833194,1.37608385686463,0.451685660266874,1.30108445697626,0.601283991047423,33.3877563865537,51.0347891166449,14.7976986383577,0.969,3.95608738968062,3.43920674799665,0.832442903389189,0.505112958942417
2000-03-21,5.67,354.44,5.82,5.82,594.72,1.71712164074153,658.41,27.06629,750.88,3.17552224503765,2.27054970568104,0.715016154973943,0.219528466253919,0.207214753166224,16.85,1.1541095890411,212.45,3.09468317552804,0,-16.0641,4.11759799833194,1.37608385686463,0.451685660266874,1.30108445697626,0.601283991047423,33.3877563865537,51.0347891166449,14.7976986383577,0.969,3.95608738968062,3.43920674799665,0.832442903389189,0.505112958942417
2000-03-22,1.47,261.38,4.85,4.85,622.23,2.2482237800980185,658.41,27.06629,750.88,3.17552224503765,2.27054970568104,0.715016154973943,0.219528466253919,0.207214753166224,16.85,1.1541095890411,212.45,3.09468317552804,0,-16.0641,4.11759799833194,1.37608385686463,0.451685660266874,1.30108445697626,0.601283991047423,33.3877563865537,51.0347891166449,14.7976986383577,0.969,3.95608738968062,3.43920674799665,0.832442903389189,0.505112958942417
2000-03-23,0.01,390.5,5.07,5.07,591.38,1.769254366077136,658.41,27.06629,750.88,3.17552224503765,2.27054970568104,0.715016154973943,0.219528466253919,0.207214753166224,16.85,1.1541095890411,212.45,3.09468317552804,0,-16.0641,4.11759799833194,1.37608385686463,0.451685660266874,1.30108445697626,0.601283991047423,33.3877563865537,51.0347891166449,14.7976986383577,0.969,3.95608738968062,3.43920674799665,0.832442903389189,0.505112958942417
2000-03-24,0.01,481.96,4.34,4.34,506.53,1.6389225527381206,658.41,27.06629,750.88,3.17552224503765,2.27054970568104,0.715016154973943,0.219528466253919,0.207214753166224,16.85,1.1541095890411,212.45,3.09468317552804,0,-16.0641,4.11759799833194,1.37608385686463,0.451685660266874,1.30108445697626,0.601283991047423,33.3877563865537,51.0347891166449,14.7976986383577,0.969,3.95608738968062,3.43920674799665,0.832442903389189,0.505112958942417
2000-03-25,0.06,434.02,9.32,9.32,665.57,1.5476902834008097,658.41,27.06629,750.88,3.17552224503765,2.27054970568104,0.715016154973943,0.219528466253919,0.207214753166224,16.85,1.1541095890411,212.45,3.09468317552804,0,-16.0641,4.11759799833194,1.37608385686463,0.451685660266874,1.30108445697626,0.601283991047423,33.3877563865537,51.0347891166449,14.7976986383577,0.969,3.95608738968062,3.43920674799665,0.832442903389189,0.505112958942417
2000-03-26,0.06,474.3,10.08,10.08,597.88,1.4401665373961219,658.41,27.06629,750.88,3.17552224503765,2.27054970568104,0.715016154973943,0.219528466253919,0.207214753166224,16.85,1.1541095890411,212.45,3.09468317552804,0,-16.0641,4.11759799833194,1.37608385686463,0.451685660266874,1.30108445697626,0.601283991047423,33.3877563865537,51.0347891166449,14.7976986383577,0.969,3.95608738968062,3.43920674799665,0.832442903389189,0.505112958942417
2000-03-27,0.91,396.06,3.76,3.76,434.22,1.2902849520562538,658.41,27.06629,750.88,3.17552224503765,2.27054970568104,0.715016154973943,0.219528466253919,0.207214753166224,16.85,1.1541095890411,212.45,3.09468317552804,0,-16.0641,4.11759799833194,1.37608385686463,0.451685660266874,1.30108445697626,0.601283991047423,33.3877563865537,51.0347891166449,14.7976986383577,0.969,3.95608738968062,3.43920674799665,0.832442903389189,0.505112958942417
2000-03-28,1.28,387.93,6.0,6.0,532.4,1.2348939313871723,658.41,27.06629,750.88,3.17552224503765,2.27054970568104,0.715016154973943,0.219528466253919,0.207214753166224,16.85,1.1541095890411,212.45,3.09468317552804,0,-16.0641,4.11759799833194,1.37608385686463,0.451685660266874,1.30108445697626,0.601283991047423,33.3877563865537,51.0347891166449,14.7976986383577,0.969,3.95608738968062,3.43920674799665,0.832442903389189,0.505112958942417
2000-03-29,0.94,358.45,4.75,4.75,517.42,1.1534365480502875,658.41,27.06629,750.88,3.17552224503765,2.27054970568104,0.715016154973943,0.219528466253919,0.207214753166224,16.85,1.1541095890411,212.45,3.09468317552804,0,-16.0641,4.11759799833194,1.37608385686463,0.451685660266874,1.30108445697626,0.601283991047423,33.3877563865537,51.0347891166449,14.7976986383577,0.969,3.95608738968062,3.43920674799665,0.832442903389189,0.505112958942417
2000-03-30,0.17,215.18,1.21,1.21,466.15,1.0784957553803536,658.41,27.06629,750.88,3.17552224503765,2.27054970568104,0.715016154973943,0.219528466253919,0.207214753166224,16.85,1.1541095890411,212.45,3.09468317552804,0,-16.0641,4.11759799833194,1.37608385686463,0.451685660266874,1.30108445697626,0.601283991047423,33.3877563865537,51.0347891166449,14.7976986383577,0.969,3.95608738968062,3.43920674799665,0.832442903389189,0.505112958942417
2000-03-31,0.0,501.39,-1.48,-1.48,330.52,0.9449056467078627,658.41,27.06629,750.88,3.17552224503765,2.27054970568104,0.715016154973943,0.219528466253919,0.207214753166224,16.85,1.1541095890411,212.45,3.09468317552804,0,-16.0641,4.11759799833194,1.37608385686463,0.451685660266874,1.30108445697626,0.601283991047423,33.3877563865537,51.0347891166449,14.7976986383577,0.969,3.95608738968062,3.43920674799665,0.832442903389189,0.505112958942417
2000-04-01,0.72,463.11,2.54,2.54,395.1,0.8438984913701257,658.41,27.06629,750.88,3.17552224503765,2.27054970568104,0.715016154973943,0.219528466253919,0.207214753166224,16.85,1.1541095890411,212.45,3.09468317552804,0,-16.0641,4.11759799833194,1.37608385686463,0.451685660266874,1.30108445697626,0.601283991047423,33.3877563865537,51.0347891166449,14.7976986383577,0.969,3.95608738968062,3.43920674799665,0.832442903389189,0.505112958942417
2000-04-02,7.08,401.87,8.22,8.22,633.33,0.8308653100362241,658.41,27.06629,750.88,3.17552224503765,2.27054970568104,0.715016154973943,0.219528466253919,0.207214753166224,16.85,1.1541095890411,212.45,3.09468317552804,0,-16.0641,4.11759799833194,1.37608385686463,0.451685660266874,1.30108445697626,0.601283991047423,33.3877563865537,51.0347891166449,14.7976986383577,0.969,3.95608738968062,3.43920674799665,0.832442903389189,0.505112958942417
2000-04-03,23.88,261.21,9.8,9.8,823.59,1.3782589260600893,658.41,27.06629,750.88,3.17552224503765,2.27054970568104,0.715016154973943,0.219528466253919,0.207214753166224,16.85,1.1541095890411,212.45,3.09468317552804,0,-16.0641,4.11759799833194,1.37608385686463,0.451685660266874,1.30108445697626,0.601283991047423,33.3877563865537,51.0347891166449,14.7976986383577,0.969,3.95608738968062,3.43920674799665,0.832442903389189,0.505112958942417
2000-04-04,7.85,347.37,9.72,9.72,727.65,9.514222373748135,658.41,27.06629,750.88,3.17552224503765,2.27054970568104,0.715016154973943,0.219528466253919,0.207214753166224,16.85,1.1541095890411,212.45,3.09468317552804,0,-16.0641,4.11759799833194,1.37608385686463,0.451685660266874,1.30108445697626,0.601283991047423,33.3877563865537,51.0347891166449,14.7976986383577,0.969,3.95608738968062,3.43920674799665,0.832442903389189,0.505112958942417
2000-04-05,1.23,372.97,2.96,2.96,444.72,4.920025953547836,658.41,27.06629,750.88,3.17552224503765,2.27054970568104,0.715016154973943,0.219528466253919,0.207214753166224,16.85,1.1541095890411,212.45,3.09468317552804,0,-16.0641,4.11759799833194,1.37608385686463,0.451685660266874,1.30108445697626,0.601283991047423,33.3877563865537,51.0347891166449,14.7976986383577,0.969,3.95608738968062,3.43920674799665,0.832442903389189,0.505112958942417
2000-04-06,1.49,371.23,2.17,2.17,445.59,3.5189589601534195,658.41,27.06629,750.88,3.17552224503765,2.27054970568104,0.715016154973943,0.219528466253919,0.207214753166224,16.85,1.1541095890411,212.45,3.09468317552804,0,-16.0641,4.11759799833194,1.37608385686463,0.451685660266874,1.30108445697626,0.601283991047423,33.3877563865537,51.0347891166449,14.7976986383577,0.969,3.95608738968062,3.43920674799665,0.832442903389189,0.505112958942417
2000-04-07,10.95,401.03,4.74,4.74,486.12,2.9226909141274233,658.41,27.06629,750.88,3.17552224503765,2.27054970568104,0.715016154973943,0.219528466253919,0.207214753166224,16.85,1.1541095890411,212.45,3.09468317552804,0,-16.0641,4.11759799833194,1.37608385686463,0.451685660266874,1.30108445697626,0.601283991047423,33.3877563865537,51.0347891166449,14.7976986383577,0.969,3.95608738968062,3.43920674799665,0.832442903389189,0.505112958942417
2000-04-08,14.21,355.25,6.09,6.09,541.41,6.451424760281269,658.41,27.06629,750.88,3.17552224503765,2.27054970568104,0.715016154973943,0.219528466253919,0.207214753166224,16.85,1.1541095890411,212.45,3.09468317552804,0,-16.0641,4.11759799833194,1.37608385686463,0.451685660266874,1.30108445697626,0.601283991047423,33.3877563865537,51.0347891166449,14.7976986383577,0.969,3.95608738968062,3.43920674799665,0.832442903389189,0.505112958942417
2000-04-09,3.63,372.72,2.0,2.0,417.74,6.2885099936075,658.41,27.06629,750.88,3.17552224503765,2.27054970568104,0.715016154973943,0.219528466253919,0.207214753166224,16.85,1.1541095890411,212.45,3.09468317552804,0,-16.0641,4.11759799833194,1.37608385686463,0.451685660266874,1.30108445697626,0.601283991047423,33.3877563865537,51.0347891166449,14.7976986383577,0.969,3.95608738968062,3.43920674799665,0.832442903389189,0.505112958942417
2000-04-10,0.27,311.4,0.5,0.5,409.18,4.138035073513744,658.41,27.06629,750.88,3.17552224503765,2.27054970568104,0.715016154973943,0.219528466253919,0.207214753166224,16.85,1.1541095890411,212.45,3.09468317552804,0,-16.0641,4.11759799833194,1.37608385686463,0.451685660266874,1.30108445697626,0.601283991047423,33.3877563865537,51.0347891166449,14.7976986383577,0.969,3.95608738968062,3.43920674799665,0.832442903389189,0.505112958942417
2000-04-11,1.37,332.28,0.32,0.32,406.38,3.35604419347965,658.41,27.06629,750.88,3.17552224503765,2.27054970568104,0.715016154973943,0.219528466253919,0.207214753166224,16.85,1.1541095890411,212.45,3.09468317552804,0,-16.0641,4.11759799833194,1.37608385686463,0.451685660266874,1.30108445697626,0.601283991047423,33.3877563865537,51.0347891166449,14.7976986383577,0.969,3.95608738968062,3.43920674799665,0.832442903389189,0.505112958942417
2000-04-12,0.35,416.6,0.51,0.51,389.48,2.948757276795227,658.41,27.06629,750.88,3.17552224503765,2.27054970568104,0.715016154973943,0.219528466253919,0.207214753166224,16.85,1.1541095890411,212.45,3.09468317552804,0,-16.0641,4.11759799833194,1.37608385686463,0.451685660266874,1.30108445697626,0.601283991047423,33.3877563865537,51.0347891166449,14.7976986383577,0.969,3.95608738968062,3.43920674799665,0.832442903389189,0.505112958942417
2000-04-13,0.0,514.79,-1.04,-1.04,332.93,2.3687807074366076,658.41,27.06629,750.88,3.17552224503765,2.27054970568104,0.715016154973943,0.219528466253919,0.207214753166224,16.85,1.1541095890411,212.45,3.09468317552804,0,-16.0641,4.11759799833194,1.37608385686463,0.451685660266874,1.30108445697626,0.601283991047423,33.3877563865537,51.0347891166449,14.7976986383577,0.969,3.95608738968062,3.43920674799665,0.832442903389189,0.505112958942417
2000-04-14,0.0,537.29,3.76,3.76,464.28,2.029917992755167,658.41,27.06629,750.88,3.17552224503765,2.27054970568104,0.715016154973943,0.219528466253919,0.207214753166224,16.85,1.1541095890411,212.45,3.09468317552804,0,-16.0641,4.11759799833194,1.37608385686463,0.451685660266874,1.30108445697626,0.601283991047423,33.3877563865537,51.0347891166449,14.7976986383577,0.969,3.95608738968062,3.43920674799665,0.832442903389189,0.505112958942417
2000-04-15,0.0,534.45,11.14,11.14,723.71,1.7790292520775621,658.41,27.06629,750.88,3.17552224503765,2.27054970568104,0.715016154973943,0.219528466253919,0.207214753166224,16.85,1.1541095890411,212.45,3.09468317552804,0,-16.0641,4.11759799833194,1.37608385686463,0.451685660266874,1.30108445697626,0.601283991047423,33.3877563865537,51.0347891166449,14.7976986383577,0.969,3.95608738968062,3.43920674799665,0.832442903389189,0.505112958942417
2000-04-16,0.3,392.63,14.08,14.08,840.4,1.593306418069465,658.41,27.06629,750.88,3.17552224503765,2.27054970568104,0.715016154973943,0.219528466253919,0.207214753166224,16.85,1.1541095890411,212.45,3.09468317552804,0,-16.0641,4.11759799833194,1.37608385686463,0.451685660266874,1.30108445697626,0.601283991047423,33.3877563865537,51.0347891166449,14.7976986383577,0.969,3.95608738968062,3.43920674799665,0.832442903389189,0.505112958942417
2000-04-17,2.9,321.72,8.3,8.3,698.74,1.423875060728745,658.41,27.06629,750.88,3.17552224503765,2.27054970568104,0.715016154973943,0.219528466253919,0.207214753166224,16.85,1.1541095890411,212.45,3.09468317552804,0,-16.0641,4.11759799833194,1.37608385686463,0.451685660266874,1.30108445697626,0.601283991047423,33.3877563865537,51.0347891166449,14.7976986383577,0.969,3.95608738968062,3.43920674799665,0.832442903389189,0.505112958942417
2000-04-18,1.53,123.57,5.4,5.4,730.11,1.4401665373961219,658.41,27.06629,750.88,3.17552224503765,2.27054970568104,0.715016154973943,0.219528466253919,0.207214753166224,16.85,1.1541095890411,212.45,3.09468317552804,0,-16.0641,4.11759799833194,1.37608385686463,0.451685660266874,1.30108445697626,0.601283991047423,33.3877563865537,51.0347891166449,14.7976986383577,0.969,3.95608738968062,3.43920674799665,0.832442903389189,0.505112958942417
2000-04-19,1.49,228.9,6.16,6.16,760.7,1.2805100660558277,658.41,27.06629,750.88,3.17552224503765,2.27054970568104,0.715016154973943,0.219528466253919,0.207214753166224,16.85,1.1541095890411,212.45,3.09468317552804,0,-16.0641,4.11759799833194,1.37608385686463,0.451685660266874,1.30108445697626,0.601283991047423,33.3877563865537,51.0347891166449,14.7976986383577,0.969,3.95608738968062,3.43920674799665,0.832442903389189,0.505112958942417
2000-04-20,11.1,296.66,8.04,8.04,806.69,1.2544437033880247,658.41,27.06629,750.88,3.17552224503765,2.27054970568104,0.715016154973943,0.219528466253919,0.207214753166224,16.85,1.1541095890411,212.45,3.09468317552804,0,-16.0641,4.11759799833194,1.37608385686463,0.451685660266874,1.30108445697626,0.601283991047423,33.3877563865537,51.0347891166449,14.7976986383577,0.969,3.95608738968062,3.43920674799665,0.832442903389189,0.505112958942417
2000-04-21,9.51,229.85,9.52,9.52,881.61,1.9680103814191348,658.41,27.06629,750.88,3.17552224503765,2.27054970568104,0.715016154973943,0.219528466253919,0.207214753166224,16.85,1.1541095890411,212.45,3.09468317552804,0,-16.0641,4.11759799833194,1.37608385686463,0.451685660266874,1.30108445697626,0.601283991047423,33.3877563865537,51.0347891166449,14.7976986383577,0.969,3.95608738968062,3.43920674799665,0.832442903389189,0.505112958942417
2000-04-22,6.15,291.53,7.92,7.92,757.23,2.9943734114638825,658.41,27.06629,750.88,3.17552224503765,2.27054970568104,0.715016154973943,0.219528466253919,0.207214753166224,16.85,1.1541095890411,212.45,3.09468317552804,0,-16.0641,4.11759799833194,1.37608385686463,0.451685660266874,1.30108445697626,0.601283991047423,33.3877563865537,51.0347891166449,14.7976986383577,0.969,3.95608738968062,3.43920674799665,0.832442903389189,0.505112958942417
2000-04-23,1.56,215.99,4.5,4.5,626.8,2.9943734114638825,658.41,27.06629,750.88,3.17552224503765,2.27054970568104,0.715016154973943,0.219528466253919,0.207214753166224,16.85,1.1541095890411,212.45,3.09468317552804,0,-16.0641,4.11759799833194,1.37608385686463,0.451685660266874,1.30108445697626,0.601283991047423,33.3877563865537,51.0347891166449,14.7976986383577,0.969,3.95608738968062,3.43920674799665,0.832442903389189,0.505112958942417
2000-04-24,0.3,493.23,4.8,4.8,512.98,2.3818138887705094,658.41,27.06629,750.88,3.17552224503765,2.27054970568104,0.715016154973943,0.219528466253919,0.207214753166224,16.85,1.1541095890411,212.45,3.09468317552804,0,-16.0641,4.11759799833194,1.37608385686463,0.451685660266874,1.30108445697626,0.601283991047423,33.3877563865537,51.0347891166449,14.7976986383577,0.969,3.95608738968062,3.43920674799665,0.832442903389189,0.505112958942417
2000-04-25,0.07,517.92,5.54,5.54,455.12,2.072275832090347,658.41,27.06629,750.88,3.17552224503765,2.27054970568104,0.715016154973943,0.219528466253919,0.207214753166224,16.85,1.1541095890411,212.45,3.09468317552804,0,-16.0641,4.11759799833194,1.37608385686463,0.451685660266874,1.30108445697626,0.601283991047423,33.3877563865537,51.0347891166449,14.7976986383577,0.969,3.95608738968062,3.43920674799665,0.832442903389189,0.505112958942417
2000-04-26,0.06,474.89,4.09,4.09,425.65,1.8409368634135945,658.41,27.06629,750.88,3.17552224503765,2.27054970568104,0.715016154973943,0.219528466253919,0.207214753166224,16.85,1.1541095890411,212.45,3.09468317552804,0,-16.0641,4.11759799833194,1.37608385686463,0.451685660266874,1.30108445697626,0.601283991047423,33.3877563865537,51.0347891166449,14.7976986383577,0.969,3.95608738968062,3.43920674799665,0.832442903389189,0.505112958942417
2000-04-27,0.98,409.58,5.21,5.21,499.17,1.6877969827402515,658.41,27.06629,750.88,3.17552224503765,2.27054970568104,0.715016154973943,0.219528466253919,0.207214753166224,16.85,1.1541095890411,212.45,3.09468317552804,0,-16.0641,4.11759799833194,1.37608385686463,0.451685660266874,1.30108445697626,0.601283991047423,33.3877563865537,51.0347891166449,14.7976986383577,0.969,3.95608738968062,3.43920674799665,0.832442903389189,0.505112958942417
2000-04-28,0.26,528.36,5.26,5.26,510.53,1.567240055401662,658.41,27.06629,750.88,3.17552224503765,2.27054970568104,0.715016154973943,0.219528466253919,0.207214753166224,16.85,1.1541095890411,212.45,3.09468317552804,0,-16.0641,4.11759799833194,1.37608385686463,0.451685660266874,1.30108445697626,0.601283991047423,33.3877563865537,51.0347891166449,14.7976986383577,0.969,3.95608738968062,3.43920674799665,0.832442903389189,0.505112958942417
2000-04-29,0.0,571.5,7.29,7.29,528.66,1.3424176773918601,658.41,27.06629,750.88,3.17552224503765,2.27054970568104,0.715016154973943,0.219528466253919,0.207214753166224,16.85,1.1541095890411,212.45,3.09468317552804,0,-16.0641,4.11759799833194,1.37608385686463,0.451685660266874,1.30108445697626,0.601283991047423,33.3877563865537,51.0347891166449,14.7976986383577,0.969,3.95608738968062,3.43920674799665,0.832442903389189,0.505112958942417
2000-04-30,0.49,473.43,9.18,9.18,578.86,1.17298632005114,658.41,27.06629,750.88,3.17552224503765,2.27054970568104,0.715016154973943,0.219528466253919,0.207214753166224,16.85,1.1541095890411,212.45,3.09468317552804,0,-16.0641,4.11759799833194,1.37608385686463,0.451685660266874,1.30108445697626,0.601283991047423,33.3877563865537,51.0347891166449,14.7976986383577,0.969,3.95608738968062,3.43920674799665,0.832442903389189,0.505112958942417
2000-05-01,5.05,429.27,7.9,7.9,556.27,1.0622042787129766,658.41,27.06629,750.88,3.17552224503765,2.27054970568104,0.715016154973943,0.219528466253919,0.207214753166224,16.85,1.1541095890411,212.45,3.09468317552804,0,-16.0641,4.11759799833194,1.37608385686463,0.451685660266874,1.30108445697626,0.601283991047423,33.3877563865537,51.0347891166449,14.7976986383577,0.969,3.95608738968062,3.43920674799665,0.832442903389189,0.505112958942417
2000-05-02,1.31,515.99,10.3,10.3,638.55,1.3130930193905817,658.41,27.06629,750.88,3.17552224503765,2.27054970568104,0.715016154973943,0.219528466253919,0.207214753166224,16.85,1.1541095890411,212.45,3.09468317552804,0,-16.0641,4.11759799833194,1.37608385686463,0.451685660266874,1.30108445697626,0.601283991047423,33.3877563865537,51.0347891166449,14.7976986383577,0.969,3.95608738968062,3.43920674799665,0.832442903389189,0.505112958942417
2000-05-03,0.39,478.88,9.05,9.05,586.29,1.0198464393777966,658.41,27.06629,750.88,3.17552224503765,2.27054970568104,0.715016154973943,0.219528466253919,0.207214753166224,16.85,1.1541095890411,212.45,3.09468317552804,0,-16.0641,4.11759799833194,1.37608385686463,0.451685660266874,1.30108445697626,0.601283991047423,33.3877563865537,51.0347891166449,14.7976986383577,0.969,3.95608738968062,3.43920674799665,0.832442903389189,0.505112958942417
2000-05-04,2.59,425.67,12.29,12.29,753.82,0.9220975793735351,658.41,27.06629,750.88,3.17552224503765,2.27054970568104,0.715016154973943,0.219528466253919,0.207214753166224,16.85,1.1541095890411,212.45,3.09468317552804,0,-16.0641,4.11759799833194,1.37608385686463,0.451685660266874,1.30108445697626,0.601283991047423,33.3877563865537,51.0347891166449,14.7976986383577,0.969,3.95608738968062,3.43920674799665,0.832442903389189,0.505112958942417
2000-05-05,0.66,553.54,15.35,15.35,938.94,0.948163942041338,658.41,27.06629,750.88,3.17552224503765,2.27054970568104,0.715016154973943,0.219528466253919,0.207214753166224,16.85,1.1541095890411,212.45,3.09468317552804,0,-16.0641,4.11759799833194,1.37608385686463,0.451685660266874,1.30108445697626,0.601283991047423,33.3877563865537,51.0347891166449,14.7976986383577,0.969,3.95608738968062,3.43920674799665,0.832442903389189,0.505112958942417
2000-05-06,0.05,459.07,17.58,17.58,1107.88,0.8210904240357979,658.41,27.06629,750.88,3.17552224503765,2.27054970568104,0.715016154973943,0.219528466253919,0.207214753166224,16.85,1.1541095890411,212.45,3.09468317552804,0,-16.0641,4.11759799833194,1.37608385686463,0.451685660266874,1.30108445697626,0.601283991047423,33.3877563865537,51.0347891166449,14.7976986383577,0.969,3.95608738968062,3.43920674799665,0.832442903389189,0.505112958942417
2000-05-07,0.93,475.45,18.27,18.27,1133.69,0.7526662220328147,658.41,27.06629,750.88,3.17552224503765,2.27054970568104,0.715016154973943,0.219528466253919,0.207214753166224,16.85,1.1541095890411,212.45,3.09468317552804,0,-16.0641,4.11759799833194,1.37608385686463,0.451685660266874,1.30108445697626,0.601283991047423,33.3877563865537,51.0347891166449,14.7976986383577,0.969,3.95608738968062,3.43920674799665,0.832442903389189,0.505112958942417
2000-05-08,3.32,445.36,19.3,19.3,1232.63,0.6972752013637332,658.41,27.06629,750.88,3.17552224503765,2.27054970568104,0.715016154973943,0.219528466253919,0.207214753166224,16.85,1.1541095890411,212.45,3.09468317552804,0,-16.0641,4.11759799833194,1.37608385686463,0.451685660266874,1.30108445697626,0.601283991047423,33.3877563865537,51.0347891166449,14.7976986383577,0.969,3.95608738968062,3.43920674799665,0.832442903389189,0.505112958942417
2000-05-09,3.94,405.19,19.49,19.49,1296.47,0.6614339526955039,658.41,27.06629,750.88,3.17552224503765,2.27054970568104,0.715016154973943,0.219528466253919,0.207214753166224,16.85,1.1541095890411,212.45,3.09468317552804,0,-16.0641,4.11759799833194,1.37608385686463,0.451685660266874,1.30108445697626,0.601283991047423,33.3877563865537,51.0347891166449,14.7976986383577,0.969,3.95608738968062,3.43920674799665,0.832442903389189,0.505112958942417
2000-05-10,5.65,397.66,20.43,20.43,1273.68,0.9970383720434689,658.41,27.06629,750.88,3.17552224503765,2.27054970568104,0.715016154973943,0.219528466253919,0.207214753166224,16.85,1.1541095890411,212.45,3.09468317552804,0,-16.0641,4.11759799833194,1.37608385686463,0.451685660266874,1.30108445697626,0.601283991047423,33.3877563865537,51.0347891166449,14.7976986383577,0.969,3.95608738968062,3.43920674799665,0.832442903389189,0.505112958942417
2000-05-11,7.19,414.3,13.96,13.96,905.63,0.8373819007031749,658.41,27.06629,750.88,3.17552224503765,2.27054970568104,0.715016154973943,0.219528466253919,0.207214753166224,16.85,1.1541095890411,212.45,3.09468317552804,0,-16.0641,4.11759799833194,1.37608385686463,0.451685660266874,1.30108445697626,0.601283991047423,33.3877563865537,51.0347891166449,14.7976986383577,0.969,3.95608738968062,3.43920674799665,0.832442903389189,0.505112958942417
2000-05-12,7.07,393.29,14.82,14.82,1023.44,0.9774886000426166,658.41,27.06629,750.88,3.17552224503765,2.27054970568104,0.715016154973943,0.219528466253919,0.207214753166224,16.85,1.1541095890411,212.45,3.09468317552804,0,-16.0641,4.11759799833194,1.37608385686463,0.451685660266874,1.30108445697626,0.601283991047423,33.3877563865537,51.0347891166449,14.7976986383577,0.969,3.95608738968062,3.43920674799665,0.832442903389189,0.505112958942417
2000-05-13,9.15,401.83,16.7,16.7,1042.08,1.4303916513956956,658.41,27.06629,750.88,3.17552224503765,2.27054970568104,0.715016154973943,0.219528466253919,0.207214753166224,16.85,1.1541095890411,212.45,3.09468317552804,0,-16.0641,4.11759799833194,1.37608385686463,0.451685660266874,1.30108445697626,0.601283991047423,33.3877563865537,51.0347891166449,14.7976986383577,0.969,3.95608738968062,3.43920674799665,0.832442903389189,0.505112958942417
2000-05-14,2.15,529.95,13.15,13.15,702.9,1.4922992627317277,658.41,27.06629,750.88,3.17552224503765,2.27054970568104,0.715016154973943,0.219528466253919,0.207214753166224,16.85,1.1541095890411,212.45,3.09468317552804,0,-16.0641,4.11759799833194,1.37608385686463,0.451685660266874,1.30108445697626,0.601283991047423,33.3877563865537,51.0347891166449,14.7976986383577,0.969,3.95608738968062,3.43920674799665,0.832442903389189,0.505112958942417
2000-05-15,0.03,555.08,9.07,9.07,573.17,0.9416473513743873,658.41,27.06629,750.88,3.17552224503765,2.27054970568104,0.715016154973943,0.219528466253919,0.207214753166224,16.85,1.1541095890411,212.45,3.09468317552804,0,-16.0641,4.11759799833194,1.37608385686463,0.451685660266874,1.30108445697626,0.601283991047423,33.3877563865537,51.0347891166449,14.7976986383577,0.969,3.95608738968062,3.43920674799665,0.832442903389189,0.505112958942417
2000-05-16,0.0,580.78,6.39,6.39,510.93,0.7917657660345194,658.41,27.06629,750.88,3.17552224503765,2.27054970568104,0.715016154973943,0.219528466253919,0.207214753166224,16.85,1.1541095890411,212.45,3.09468317552804,0,-16.0641,4.11759799833194,1.37608385686463,0.451685660266874,1.30108445697626,0.601283991047423,33.3877563865537,51.0347891166449,14.7976986383577,0.969,3.95608738968062,3.43920674799665,0.832442903389189,0.505112958942417
2000-05-17,4.54,429.53,9.54,9.54,698.71,0.7103083826976347,658.41,27.06629,750.88,3.17552224503765,2.27054970568104,0.715016154973943,0.219528466253919,0.207214753166224,16.85,1.1541095890411,212.45,3.09468317552804,0,-16.0641,4.11759799833194,1.37608385686463,0.451685660266874,1.30108445697626,0.601283991047423,33.3877563865537,51.0347891166449,14.7976986383577,0.969,3.95608738968062,3.43920674799665,0.832442903389189,0.505112958942417
2000-05-18,30.83,406.02,14.45,14.45,936.45,1.2609602940549753,658.41,27.06629,750.88,3.17552224503765,2.27054970568104,0.715016154973943,0.219528466253919,0.207214753166224,16.85,1.1541095890411,212.45,3.09468317552804,0,-16.0641,4.11759799833194,1.37608385686463,0.451685660266874,1.30108445697626,0.601283991047423,33.3877563865537,51.0347891166449,14.7976986383577,0.969,3.95608738968062,3.43920674799665,0.832442903389189,0.505112958942417
2000-05-19,10.12,412.07,14.06,14.06,895.93,6.8098372469635615,658.41,27.06629,750.88,3.17552224503765,2.27054970568104,0.715016154973943,0.219528466253919,0.207214753166224,16.85,1.1541095890411,212.45,3.09468317552804,0,-16.0641,4.11759799833194,1.37608385686463,0.451685660266874,1.30108445697626,0.601283991047423,33.3877563865537,51.0347891166449,14.7976986383577,0.969,3.95608738968062,3.43920674799665,0.832442903389189,0.505112958942417
2000-05-20,2.22,201.6,9.14,9.14,875.27,3.35604419347965,658.41,27.06629,750.88,3.17552224503765,2.27054970568104,0.715016154973943,0.219528466253919,0.207214753166224,16.85,1.1541095890411,212.45,3.09468317552804,0,-16.0641,4.11759799833194,1.37608385686463,0.451685660266874,1.30108445697626,0.601283991047423,33.3877563865537,51.0347891166449,14.7976986383577,0.969,3.95608738968062,3.43920674799665,0.832442903389189,0.505112958942417
2000-05-21,2.39,264.44,10.34,10.34,928.84,2.7467429661197524,658.41,27.06629,750.88,3.17552224503765,2.27054970568104,0.715016154973943,0.219528466253919,0.207214753166224,16.85,1.1541095890411,212.45,3.09468317552804,0,-16.0641,4.11759799833194,1.37608385686463,0.451685660266874,1.30108445697626,0.601283991047423,33.3877563865537,51.0347891166449,14.7976986383577,0.969,3.95608738968062,3.43920674799665,0.832442903389189,0.505112958942417
2000-05-22,2.95,310.92,9.57,9.57,864.37,2.326422868101427,658.41,27.06629,750.88,3.17552224503765,2.27054970568104,0.715016154973943,0.219528466253919,0.207214753166224,16.85,1.1541095890411,212.45,3.09468317552804,0,-16.0641,4.11759799833194,1.37608385686463,0.451685660266874,1.30108445697626,0.601283991047423,33.3877563865537,51.0347891166449,14.7976986383577,0.969,3.95608738968062,3.43920674799665,0.832442903389189,0.505112958942417
2000-05-23,5.81,355.4,11.76,11.76,962.25,2.0071099254208393,658.41,27.06629,750.88,3.17552224503765,2.27054970568104,0.715016154973943,0.219528466253919,0.207214753166224,16.85,1.1541095890411,212.45,3.09468317552804,0,-16.0641,4.11759799833194,1.37608385686463,0.451685660266874,1.30108445697626,0.601283991047423,33.3877563865537,51.0347891166449,14.7976986383577,0.969,3.95608738968062,3.43920674799665,0.832442903389189,0.505112958942417
2000-05-24,6.37,341.22,14.43,14.43,1078.56,2.482821044108246,658.41,27.06629,750.88,3.17552224503765,2.27054970568104,0.715016154973943,0.219528466253919,0.207214753166224,16.85,1.1541095890411,212.45,3.09468317552804,0,-16.0641,4.11759799833194,1.37608385686463,0.451685660266874,1.30108445697626,0.601283991047423,33.3877563865537,51.0347891166449,14.7976986383577,0.969,3.95608738968062,3.43920674799665,0.832442903389189,0.505112958942417
2000-05-25,1.43,473.92,13.98,13.98,941.38,2.433946614106115,658.41,27.06629,750.88,3.17552224503765,2.27054970568104,0.715016154973943,0.219528466253919,0.207214753166224,16.85,1.1541095890411,212.45,3.09468317552804,0,-16.0641,4.11759799833194,1.37608385686463,0.451685660266874,1.30108445697626,0.601283991047423,33.3877563865537,51.0347891166449,14.7976986383577,0.969,3.95608738968062,3.43920674799665,0.832442903389189,0.505112958942417
2000-05-26,0.19,500.72,11.3,11.3,781.46,1.71712164074153,658.41,27.06629,750.88,3.17552224503765,2.27054970568104,0.715016154973943,0.219528466253919,0.207214753166224,16.85,1.1541095890411,212.45,3.09468317552804,0,-16.0641,4.11759799833194,1.37608385686463,0.451685660266874,1.30108445697626,0.601283991047423,33.3877563865537,51.0347891166449,14.7976986383577,0.969,3.95608738968062,3.43920674799665,0.832442903389189,0.505112958942417
2000-05-27,0.04,547.19,10.63,10.63,728.99,1.423875060728745,658.41,27.06629,750.88,3.17552224503765,2.27054970568104,0.715016154973943,0.219528466253919,0.207214753166224,16.85,1.1541095890411,212.45,3.09468317552804,0,-16.0641,4.11759799833194,1.37608385686463,0.451685660266874,1.30108445697626,0.601283991047423,33.3877563865537,51.0347891166449,14.7976986383577,0.969,3.95608738968062,3.43920674799665,0.832442903389189,0.505112958942417
2000-05-28,0.0,542.76,10.73,10.73,743.25,1.2577019987215,658.41,27.06629,750.88,3.17552224503765,2.27054970568104,0.715016154973943,0.219528466253919,0.207214753166224,16.85,1.1541095890411,212.45,3.09468317552804,0,-16.0641,4.11759799833194,1.37608385686463,0.451685660266874,1.30108445697626,0.601283991047423,33.3877563865537,51.0347891166449,14.7976986383577,0.969,3.95608738968062,3.43920674799665,0.832442903389189,0.505112958942417
2000-05-29,0.0,490.55,10.9,10.9,802.18,1.114337004048583,658.41,27.06629,750.88,3.17552224503765,2.27054970568104,0.715016154973943,0.219528466253919,0.207214753166224,16.85,1.1541095890411,212.45,3.09468317552804,0,-16.0641,4.11759799833194,1.37608385686463,0.451685660266874,1.30108445697626,0.601283991047423,33.3877563865537,51.0347891166449,14.7976986383577,0.969,3.95608738968062,3.43920674799665,0.832442903389189,0.505112958942417
2000-05-30,0.18,462.78,12.02,12.02,836.75,0.9579388280417642,658.41,27.06629,750.88,3.17552224503765,2.27054970568104,0.715016154973943,0.219528466253919,0.207214753166224,16.85,1.1541095890411,212.45,3.09468317552804,0,-16.0641,4.11759799833194,1.37608385686463,0.451685660266874,1.30108445697626,0.601283991047423,33.3877563865537,51.0347891166449,14.7976986383577,0.969,3.95608738968062,3.43920674799665,0.832442903389189,0.505112958942417
2000-05-31,0.28,468.96,14.83,14.83,1003.96,0.8210904240357979,658.41,27.06629,750.88,3.17552224503765,2.27054970568104,0.715016154973943,0.219528466253919,0.207214753166224,16.85,1.1541095890411,212.45,3.09468317552804,0,-16.0641,4.11759799833194,1.37608385686463,0.451685660266874,1.30108445697626,0.601283991047423,33.3877563865537,51.0347891166449,14.7976986383577,0.969,3.95608738968062,3.43920674799665,0.832442903389189,0.505112958942417
2000-06-01,2.62,392.5,18.86,18.86,1294.67,0.7591828126997655,658.41,27.06629,750.88,3.17552224503765,2.27054970568104,0.715016154973943,0.219528466253919,0.207214753166224,16.85,1.1541095890411,212.45,3.09468317552804,0,-16.0641,4.11759799833194,1.37608385686463,0.451685660266874,1.30108445697626,0.601283991047423,33.3877563865537,51.0347891166449,14.7976986383577,0.969,3.95608738968062,3.43920674799665,0.832442903389189,0.505112958942417
2000-06-02,6.56,387.94,18.7,18.7,1243.28,0.8080572427018964,658.41,27.06629,750.88,3.17552224503765,2.27054970568104,0.715016154973943,0.219528466253919,0.207214753166224,16.85,1.1541095890411,212.45,3.09468317552804,0,-16.0641,4.11759799833194,1.37608385686463,0.451685660266874,1.30108445697626,0.601283991047423,33.3877563865537,51.0347891166449,14.7976986383577,0.969,3.95608738968062,3.43920674799665,0.832442903389189,0.505112958942417
2000-06-03,1.58,515.24,15.81,15.81,936.47,0.8667065587044533,658.41,27.06629,750.88,3.17552224503765,2.27054970568104,0.715016154973943,0.219528466253919,0.207214753166224,16.85,1.1541095890411,212.45,3.09468317552804,0,-16.0641,4.11759799833194,1.37608385686463,0.451685660266874,1.30108445697626,0.601283991047423,33.3877563865537,51.0347891166449,14.7976986383577,0.969,3.95608738968062,3.43920674799665,0.832442903389189,0.505112958942417
2000-06-04,1.86,430.66,10.53,10.53,722.27,0.6255927040272746,658.41,27.06629,750.88,3.17552224503765,2.27054970568104,0.715016154973943,0.219528466253919,0.207214753166224,16.85,1.1541095890411,212.45,3.09468317552804,0,-16.0641,4.11759799833194,1.37608385686463,0.451685660266874,1.30108445697626,0.601283991047423,33.3877563865537,51.0347891166449,14.7976986383577,0.969,3.95608738968062,3.43920674799665,0.832442903389189,0.505112958942417
2000-06-05,10.24,398.54,11.43,11.43,849.97,0.5799765693586192,658.41,27.06629,750.88,3.17552224503765,2.27054970568104,0.715016154973943,0.219528466253919,0.207214753166224,16.85,1.1541095890411,212.45,3.09468317552804,0,-16.0641,4.11759799833194,1.37608385686463,0.451685660266874,1.30108445697626,0.601283991047423,33.3877563865537,51.0347891166449,14.7976986383577,0.969,3.95608738968062,3.43920674799665,0.832442903389189,0.505112958942417
2000-06-06,3.21,128.13,10.24,10.24,955.79,1.006813258043895,658.41,27.06629,750.88,3.17552224503765,2.27054970568104,0.715016154973943,0.219528466253919,0.207214753166224,16.85,1.1541095890411,212.45,3.09468317552804,0,-16.0641,4.11759799833194,1.37608385686463,0.451685660266874,1.30108445697626,0.601283991047423,33.3877563865537,51.0347891166449,14.7976986383577,0.969,3.95608738968062,3.43920674799665,0.832442903389189,0.505112958942417
2000-06-07,0.17,456.61,8.97,8.97,827.26,0.7591828126997655,658.41,27.06629,750.88,3.17552224503765,2.27054970568104,0.715016154973943,0.219528466253919,0.207214753166224,16.85,1.1541095890411,212.45,3.09468317552804,0,-16.0641,4.11759799833194,1.37608385686463,0.451685660266874,1.30108445697626,0.601283991047423,33.3877563865537,51.0347891166449,14.7976986383577,0.969,3.95608738968062,3.43920674799665,0.832442903389189,0.505112958942417
2000-06-08,0.05,457.5,13.91,13.91,1015.24,0.5734599786916684,658.41,27.06629,750.88,3.17552224503765,2.27054970568104,0.715016154973943,0.219528466253919,0.207214753166224,16.85,1.1541095890411,212.45,3.09468317552804,0,-16.0641,4.11759799833194,1.37608385686463,0.451685660266874,1.30108445697626,0.601283991047423,33.3877563865537,51.0347891166449,14.7976986383577,0.969,3.95608738968062,3.43920674799665,0.832442903389189,0.505112958942417
2000-06-09,0.07,519.3,17.92,17.92,1212.68,0.4920025953547837,658.41,27.06629,750.88,3.17552224503765,2.27054970568104,0.715016154973943,0.219528466253919,0.207214753166224,16.85,1.1541095890411,212.45,3.09468317552804,0,-16.0641,4.11759799833194,1.37608385686463,0.451685660266874,1.30108445697626,0.601283991047423,33.3877563865537,51.0347891166449,14.7976986383577,0.969,3.95608738968062,3.43920674799665,0.832442903389189,0.505112958942417
2000-06-10,2.15,452.77,18.46,18.46,1296.71,0.43986987001917743,658.41,27.06629,750.88,3.17552224503765,2.27054970568104,0.715016154973943,0.219528466253919,0.207214753166224,16.85,1.1541095890411,212.45,3.09468317552804,0,-16.0641,4.11759799833194,1.37608385686463,0.451685660266874,1.30108445697626,0.601283991047423,33.3877563865537,51.0347891166449,14.7976986383577,0.969,3.95608738968062,3.43920674799665,0.832442903389189,0.505112958942417
2000-06-11,14.5,397.36,21.63,21.63,1569.38,0.4072869166844236,658.41,27.06629,750.88,3.17552224503765,2.27054970568104,0.715016154973943,0.219528466253919,0.207214753166224,16.85,1.1541095890411,212.45,3.09468317552804,0,-16.0641,4.11759799833194,1.37608385686463,0.451685660266874,1.30108445697626,0.601283991047423,33.3877563865537,51.0347891166449,14.7976986383577,0.969,3.95608738968062,3.43920674799665,0.832442903389189,0.505112958942417
2000-06-12,25.65,331.63,21.64,21.64,1686.03,1.0133298487108457,658.41,27.06629,750.88,3.17552224503765,2.27054970568104,0.715016154973943,0.219528466253919,0.207214753166224,16.85,1.1541095890411,212.45,3.09468317552804,0,-16.0641,4.11759799833194,1.37608385686463,0.451685660266874,1.30108445697626,0.601283991047423,33.3877563865537,51.0347891166449,14.7976986383577,0.969,3.95608738968062,3.43920674799665,0.832442903389189,0.505112958942417
2000-06-13,19.32,279.87,18.87,18.87,1588.09,2.84775012145749,658.41,27.06629,750.88,3.17552224503765,2.27054970568104,0.715016154973943,0.219528466253919,0.207214753166224,16.85,1.1541095890411,212.45,3.09468317552804,0,-16.0641,4.11759799833194,1.37608385686463,0.451685660266874,1.30108445697626,0.601283991047423,33.3877563865537,51.0347891166449,14.7976986383577,0.969,3.95608738968062,3.43920674799665,0.832442903389189,0.505112958942417
2000-06-14,12.4,360.72,19.76,19.76,1625.89,8.406401960366502,658.41,27.06629,750.88,3.17552224503765,2.27054970568104,0.715016154973943,0.219528466253919,0.207214753166224,16.85,1.1541095890411,212.45,3.09468317552804,0,-16.0641,4.11759799833194,1.37608385686463,0.451685660266874,1.30108445697626,0.601283991047423,33.3877563865537,51.0347891166449,14.7976986383577,0.969,3.95608738968062,3.43920674799665,0.832442903389189,0.505112958942417
2000-06-15,5.92,340.61,21.86,21.86,1772.56,5.376187300234391,658.41,27.06629,750.88,3.17552224503765,2.27054970568104,0.715016154973943,0.219528466253919,0.207214753166224,16.85,1.1541095890411,212.45,3.09468317552804,0,-16.0641,4.11759799833194,1.37608385686463,0.451685660266874,1.30108445697626,0.601283991047423,33.3877563865537,51.0347891166449,14.7976986383577,0.969,3.95608738968062,3.43920674799665,0.832442903389189,0.505112958942417
2000-06-16,1.92,351.51,20.81,20.81,1668.17,6.7120883869593,658.41,27.06629,750.88,3.17552224503765,2.27054970568104,0.715016154973943,0.219528466253919,0.207214753166224,16.85,1.1541095890411,212.45,3.09468317552804,0,-16.0641,4.11759799833194,1.37608385686463,0.451685660266874,1.30108445697626,0.601283991047423,33.3877563865537,51.0347891166449,14.7976986383577,0.969,3.95608738968062,3.43920674799665,0.832442903389189,0.505112958942417
2000-06-17,5.24,355.3,20.35,20.35,1527.81,4.072869166844236,658.41,27.06629,750.88,3.17552224503765,2.27054970568104,0.715016154973943,0.219528466253919,0.207214753166224,16.85,1.1541095890411,212.45,3.09468317552804,0,-16.0641,4.11759799833194,1.37608385686463,0.451685660266874,1.30108445697626,0.601283991047423,33.3877563865537,51.0347891166449,14.7976986383577,0.969,3.95608738968062,3.43920674799665,0.832442903389189,0.505112958942417
2000-06-18,9.78,363.04,15.19,15.19,1138.7,3.4537930534839116,658.41,27.06629,750.88,3.17552224503765,2.27054970568104,0.715016154973943,0.219528466253919,0.207214753166224,16.85,1.1541095890411,212.45,3.09468317552804,0,-16.0641,4.11759799833194,1.37608385686463,0.451685660266874,1.30108445697626,0.601283991047423,33.3877563865537,51.0347891166449,14.7976986383577,0.969,3.95608738968062,3.43920674799665,0.832442903389189,0.505112958942417
2000-06-19,2.43,402.75,13.32,13.32,1043.55,3.209420903473258,658.41,27.06629,750.88,3.17552224503765,2.27054970568104,0.715016154973943,0.219528466253919,0.207214753166224,16.85,1.1541095890411,212.45,3.09468317552804,0,-16.0641,4.11759799833194,1.37608385686463,0.451685660266874,1.30108445697626,0.601283991047423,33.3877563865537,51.0347891166449,14.7976986383577,0.969,3.95608738968062,3.43920674799665,0.832442903389189,0.505112958942417
2000-06-20,2.69,420.73,15.34,15.34,1106.92,2.1341834434263793,658.41,27.06629,750.88,3.17552224503765,2.27054970568104,0.715016154973943,0.219528466253919,0.207214753166224,16.85,1.1541095890411,212.45,3.09468317552804,0,-16.0641,4.11759799833194,1.37608385686463,0.451685660266874,1.30108445697626,0.601283991047423,33.3877563865537,51.0347891166449,14.7976986383577,0.969,3.95608738968062,3.43920674799665,0.832442903389189,0.505112958942417
2000-06-21,9.97,409.16,18.48,18.48,1316.23,2.4469797954400168,658.41,27.06629,750.88,3.17552224503765,2.27054970568104,0.715016154973943,0.219528466253919,0.207214753166224,16.85,1.1541095890411,212.45,3.09468317552804,0,-16.0641,4.11759799833194,1.37608385686463,0.451685660266874,1.30108445697626,0.601283991047423,33.3877563865537,51.0347891166449,14.7976986383577,0.969,3.95608738968062,3.43920674799665,0.832442903389189,0.505112958942417
2000-06-22,2.52,414.9,19.11,19.11,1410.68,2.903141142126571,658.41,27.06629,750.88,3.17552224503765,2.27054970568104,0.715016154973943,0.219528466253919,0.207214753166224,16.85,1.1541095890411,212.45,3.09468317552804,0,-16.0641,4.11759799833194,1.37608385686463,0.451685660266874,1.30108445697626,0.601283991047423,33.3877563865537,51.0347891166449,14.7976986383577,0.969,3.95608738968062,3.43920674799665,0.832442903389189,0.505112958942417
2000-06-23,0.02,537.32,18.0,18.0,1256.78,1.7334131174089067,658.41,27.06629,750.88,3.17552224503765,2.27054970568104,0.715016154973943,0.219528466253919,0.207214753166224,16.85,1.1541095890411,212.45,3.09468317552804,0,-16.0641,4.11759799833194,1.37608385686463,0.451685660266874,1.30108445697626,0.601283991047423,33.3877563865537,51.0347891166449,14.7976986383577,0.969,3.95608738968062,3.43920674799665,0.832442903389189,0.505112958942417
2000-06-24,1.98,411.63,17.81,17.81,1281.13,1.38477551672704,658.41,27.06629,750.88,3.17552224503765,2.27054970568104,0.715016154973943,0.219528466253919,0.207214753166224,16.85,1.1541095890411,212.45,3.09468317552804,0,-16.0641,4.11759799833194,1.37608385686463,0.451685660266874,1.30108445697626,0.601283991047423,33.3877563865537,51.0347891166449,14.7976986383577,0.969,3.95608738968062,3.43920674799665,0.832442903389189,0.505112958942417
2000-06-25,0.63,397.5,19.85,19.85,1510.17,1.1795029107180908,658.41,27.06629,750.88,3.17552224503765,2.27054970568104,0.715016154973943,0.219528466253919,0.207214753166224,16.85,1.1541095890411,212.45,3.09468317552804,0,-16.0641,4.11759799833194,1.37608385686463,0.451685660266874,1.30108445697626,0.601283991047423,33.3877563865537,51.0347891166449,14.7976986383577,0.969,3.95608738968062,3.43920674799665,0.832442903389189,0.505112958942417
2000-06-26,3.9,329.85,21.54,21.54,1745.0,1.065462574046452,658.41,27.06629,750.88,3.17552224503765,2.27054970568104,0.715016154973943,0.219528466253919,0.207214753166224,16.85,1.1541095890411,212.45,3.09468317552804,0,-16.0641,4.11759799833194,1.37608385686463,0.451685660266874,1.30108445697626,0.601283991047423,33.3877563865537,51.0347891166449,14.7976986383577,0.969,3.95608738968062,3.43920674799665,0.832442903389189,0.505112958942417
2000-06-27,1.09,437.12,20.98,20.98,1535.3,1.0328796207116981,658.41,27.06629,750.88,3.17552224503765,2.27054970568104,0.715016154973943,0.219528466253919,0.207214753166224,16.85,1.1541095890411,212.45,3.09468317552804,0,-16.0641,4.11759799833194,1.37608385686463,0.451685660266874,1.30108445697626,0.601283991047423,33.3877563865537,51.0347891166449,14.7976986383577,0.969,3.95608738968062,3.43920674799665,0.832442903389189,0.505112958942417
2000-06-28,0.16,441.79,16.99,16.99,1186.7,0.8276070147027488,658.41,27.06629,750.88,3.17552224503765,2.27054970568104,0.715016154973943,0.219528466253919,0.207214753166224,16.85,1.1541095890411,212.45,3.09468317552804,0,-16.0641,4.11759799833194,1.37608385686463,0.451685660266874,1.30108445697626,0.601283991047423,33.3877563865537,51.0347891166449,14.7976986383577,0.969,3.95608738968062,3.43920674799665,0.832442903389189,0.505112958942417
2000-06-29,1.86,389.65,16.38,16.38,1165.12,0.7233415640315363,658.41,27.06629,750.88,3.17552224503765,2.27054970568104,0.715016154973943,0.219528466253919,0.207214753166224,16.85,1.1541095890411,212.45,3.09468317552804,0,-16.0641,4.11759799833194,1.37608385686463,0.451685660266874,1.30108445697626,0.601283991047423,33.3877563865537,51.0347891166449,14.7976986383577,0.969,3.95608738968062,3.43920674799665,0.832442903389189,0.505112958942417
2000-06-30,0.48,541.8,15.41,15.41,1057.58,0.6907586106967823,658.41,27.06629,750.88,3.17552224503765,2.27054970568104,0.715016154973943,0.219528466253919,0.207214753166224,16.85,1.1541095890411,212.45,3.09468317552804,0,-16.0641,4.11759799833194,1.37608385686463,0.451685660266874,1.30108445697626,0.601283991047423,33.3877563865537,51.0347891166449,14.7976986383577,0.969,3.95608738968062,3.43920674799665,0.832442903389189,0.505112958942417
2000-07-01,0.0,558.78,15.28,15.28,1038.95,0.58649316002557,658.41,27.06629,750.88,3.17552224503765,2.27054970568104,0.715016154973943,0.219528466253919,0.207214753166224,16.85,1.1541095890411,212.45,3.09468317552804,0,-16.0641,4.11759799833194,1.37608385686463,0.451685660266874,1.30108445697626,0.601283991047423,33.3877563865537,51.0347891166449,14.7976986383577,0.969,3.95608738968062,3.43920674799665,0.832442903389189,0.505112958942417
2000-07-02,1.05,420.26,16.78,16.78,1150.23,0.5148106626891115,658.41,27.06629,750.88,3.17552224503765,2.27054970568104,0.715016154973943,0.219528466253919,0.207214753166224,16.85,1.1541095890411,212.45,3.09468317552804,0,-16.0641,4.11759799833194,1.37608385686463,0.451685660266874,1.30108445697626,0.601283991047423,33.3877563865537,51.0347891166449,14.7976986383577,0.969,3.95608738968062,3.43920674799665,0.832442903389189,0.505112958942417
2000-07-03,1.21,410.42,18.37,18.37,1301.46,0.47571111868740673,658.41,27.06629,750.88,3.17552224503765,2.27054970568104,0.715016154973943,0.219528466253919,0.207214753166224,16.85,1.1541095890411,212.45,3.09468317552804,0,-16.0641,4.11759799833194,1.37608385686463,0.451685660266874,1.30108445697626,0.601283991047423,33.3877563865537,51.0347891166449,14.7976986383577,0.969,3.95608738968062,3.43920674799665,0.832442903389189,0.505112958942417
2000-07-04,0.28,406.43,19.09,19.09,1424.78,0.5245855486895376,658.41,27.06629,750.88,3.17552224503765,2.27054970568104,0.715016154973943,0.219528466253919,0.207214753166224,16.85,1.1541095890411,212.45,3.09468317552804,0,-16.0641,4.11759799833194,1.37608385686463,0.451685660266874,1.30108445697626,0.601283991047423,33.3877563865537,51.0347891166449,14.7976986383577,0.969,3.95608738968062,3.43920674799665,0.832442903389189,0.505112958942417
2000-07-05,0.01,541.92,18.25,18.25,1209.17,0.44964475601960363,658.41,27.06629,750.88,3.17552224503765,2.27054970568104,0.715016154973943,0.219528466253919,0.207214753166224,16.85,1.1541095890411,212.45,3.09468317552804,0,-16.0641,4.11759799833194,1.37608385686463,0.451685660266874,1.30108445697626,0.601283991047423,33.3877563865537,51.0347891166449,14.7976986383577,0.969,3.95608738968062,3.43920674799665,0.832442903389189,0.505112958942417
2000-07-06,0.0,570.73,16.51,16.51,974.43,0.39425373535052205,658.41,27.06629,750.88,3.17552224503765,2.27054970568104,0.715016154973943,0.219528466253919,0.207214753166224,16.85,1.1541095890411,212.45,3.09468317552804,0,-16.0641,4.11759799833194,1.37608385686463,0.451685660266874,1.30108445697626,0.601283991047423,33.3877563865537,51.0347891166449,14.7976986383577,0.969,3.95608738968062,3.43920674799665,0.832442903389189,0.505112958942417
2000-07-07,0.0,575.7,13.93,13.93,845.65,0.35515419134881737,658.41,27.06629,750.88,3.17552224503765,2.27054970568104,0.715016154973943,0.219528466253919,0.207214753166224,16.85,1.1541095890411,212.45,3.09468317552804,0,-16.0641,4.11759799833194,1.37608385686463,0.451685660266874,1.30108445697626,0.601283991047423,33.3877563865537,51.0347891166449,14.7976986383577,0.969,3.95608738968062,3.43920674799665,0.832442903389189,0.505112958942417
2000-07-08,0.91,476.6,13.67,13.67,867.57,0.32257123801406345,658.41,27.06629,750.88,3.17552224503765,2.27054970568104,0.715016154973943,0.219528466253919,0.207214753166224,16.85,1.1541095890411,212.45,3.09468317552804,0,-16.0641,4.11759799833194,1.37608385686463,0.451685660266874,1.30108445697626,0.601283991047423,33.3877563865537,51.0347891166449,14.7976986383577,0.969,3.95608738968062,3.43920674799665,0.832442903389189,0.505112958942417
2000-07-09,6.89,430.94,14.34,14.34,985.16,0.3193129426805881,658.41,27.06629,750.88,3.17552224503765,2.27054970568104,0.715016154973943,0.219528466253919,0.207214753166224,16.85,1.1541095890411,212.45,3.09468317552804,0,-16.0641,4.11759799833194,1.37608385686463,0.451685660266874,1.30108445697626,0.601283991047423,33.3877563865537,51.0347891166449,14.7976986383577,0.969,3.95608738968062,3.43920674799665,0.832442903389189,0.505112958942417
2000-07-10,2.01,386.1,17.6,17.6,1289.95,0.4040286213509482,658.41,27.06629,750.88,3.17552224503765,2.27054970568104,0.715016154973943,0.219528466253919,0.207214753166224,16.85,1.1541095890411,212.45,3.09468317552804,0,-16.0641,4.11759799833194,1.37608385686463,0.451685660266874,1.30108445697626,0.601283991047423,33.3877563865537,51.0347891166449,14.7976986383577,0.969,3.95608738968062,3.43920674799665,0.832442903389189,0.505112958942417
2000-07-11,0.07,545.92,16.75,16.75,1081.01,0.3258295333475389,658.41,27.06629,750.88,3.17552224503765,2.27054970568104,0.715016154973943,0.219528466253919,0.207214753166224,16.85,1.1541095890411,212.45,3.09468317552804,0,-16.0641,4.11759799833194,1.37608385686463,0.451685660266874,1.30108445697626,0.601283991047423,33.3877563865537,51.0347891166449,14.7976986383577,0.969,3.95608738968062,3.43920674799665,0.832442903389189,0.505112958942417
2000-07-12,0.0,570.32,14.93,14.93,922.73,0.2802133986788834,658.41,27.06629,750.88,3.17552224503765,2.27054970568104,0.715016154973943,0.219528466253919,0.207214753166224,16.85,1.1541095890411,212.45,3.09468317552804,0,-16.0641,4.11759799833194,1.37608385686463,0.451685660266874,1.30108445697626,0.601283991047423,33.3877563865537,51.0347891166449,14.7976986383577,0.969,3.95608738968062,3.43920674799665,0.832442903389189,0.505112958942417
2000-07-13,1.68,475.21,15.64,15.64,1022.57,0.26392192201150644,658.41,27.06629,750.88,3.17552224503765,2.27054970568104,0.715016154973943,0.219528466253919,0.207214753166224,16.85,1.1541095890411,212.45,3.09468317552804,0,-16.0641,4.11759799833194,1.37608385686463,0.451685660266874,1.30108445697626,0.601283991047423,33.3877563865537,51.0347891166449,14.7976986383577,0.969,3.95608738968062,3.43920674799665,0.832442903389189,0.505112958942417
2000-07-14,2.15,400.62,18.52,18.52,1274.96,0.25414703601108035,658.41,27.06629,750.88,3.17552224503765,2.27054970568104,0.715016154973943,0.219528466253919,0.207214753166224,16.85,1.1541095890411,212.45,3.09468317552804,0,-16.0641,4.11759799833194,1.37608385686463,0.451685660266874,1.30108445697626,0.601283991047423,33.3877563865537,51.0347891166449,14.7976986383577,0.969,3.95608738968062,3.43920674799665,0.832442903389189,0.505112958942417
2000-07-15,8.35,388.62,18.76,18.76,1339.94,0.2802133986788834,658.41,27.06629,750.88,3.17552224503765,2.27054970568104,0.715016154973943,0.219528466253919,0.207214753166224,16.85,1.1541095890411,212.45,3.09468317552804,0,-16.0641,4.11759799833194,1.37608385686463,0.451685660266874,1.30108445697626,0.601283991047423,33.3877563865537,51.0347891166449,14.7976986383577,0.969,3.95608738968062,3.43920674799665,0.832442903389189,0.505112958942417
2000-07-16,4.53,332.9,17.84,17.84,1368.93,0.511552367355636,658.41,27.06629,750.88,3.17552224503765,2.27054970568104,0.715016154973943,0.219528466253919,0.207214753166224,16.85,1.1541095890411,212.45,3.09468317552804,0,-16.0641,4.11759799833194,1.37608385686463,0.451685660266874,1.30108445697626,0.601283991047423,33.3877563865537,51.0347891166449,14.7976986383577,0.969,3.95608738968062,3.43920674799665,0.832442903389189,0.505112958942417
2000-07-17,1.35,359.77,17.34,17.34,1325.8,0.39751203068399743,658.41,27.06629,750.88,3.17552224503765,2.27054970568104,0.715016154973943,0.219528466253919,0.207214753166224,16.85,1.1541095890411,212.45,3.09468317552804,0,-16.0641,4.11759799833194,1.37608385686463,0.451685660266874,1.30108445697626,0.601283991047423,33.3877563865537,51.0347891166449,14.7976986383577,0.969,3.95608738968062,3.43920674799665,0.832442903389189,0.505112958942417
2000-07-18,0.19,497.06,18.36,18.36,1287.29,0.29976317067973574,658.41,27.06629,750.88,3.17552224503765,2.27054970568104,0.715016154973943,0.219528466253919,0.207214753166224,16.85,1.1541095890411,212.45,3.09468317552804,0,-16.0641,4.11759799833194,1.37608385686463,0.451685660266874,1.30108445697626,0.601283991047423,33.3877563865537,51.0347891166449,14.7976986383577,0.969,3.95608738968062,3.43920674799665,0.832442903389189,0.505112958942417
2000-07-19,0.0,464.93,15.49,15.49,1096.74,0.2606636266780311,658.41,27.06629,750.88,3.17552224503765,2.27054970568104,0.715016154973943,0.219528466253919,0.207214753166224,16.85,1.1541095890411,212.45,3.09468317552804,0,-16.0641,4.11759799833194,1.37608385686463,0.451685660266874,1.30108445697626,0.601283991047423,33.3877563865537,51.0347891166449,14.7976986383577,0.969,3.95608738968062,3.43920674799665,0.832442903389189,0.505112958942417
2000-07-20,0.39,434.02,13.08,13.08,955.66,0.2508887406776049,658.41,27.06629,750.88,3.17552224503765,2.27054970568104,0.715016154973943,0.219528466253919,0.207214753166224,16.85,1.1541095890411,212.45,3.09468317552804,0,-16.0641,4.11759799833194,1.37608385686463,0.451685660266874,1.30108445697626,0.601283991047423,33.3877563865537,51.0347891166449,14.7976986383577,0.969,3.95608738968062,3.43920674799665,0.832442903389189,0.505112958942417
2000-07-21,2.31,410.0,14.74,14.74,1011.33,0.2313389686767526,658.41,27.06629,750.88,3.17552224503765,2.27054970568104,0.715016154973943,0.219528466253919,0.207214753166224,16.85,1.1541095890411,212.45,3.09468317552804,0,-16.0641,4.11759799833194,1.37608385686463,0.451685660266874,1.30108445697626,0.601283991047423,33.3877563865537,51.0347891166449,14.7976986383577,0.969,3.95608738968062,3.43920674799665,0.832442903389189,0.505112958942417
2000-07-22,0.62,454.32,15.12,15.12,1029.63,0.25740533134455573,658.41,27.06629,750.88,3.17552224503765,2.27054970568104,0.715016154973943,0.219528466253919,0.207214753166224,16.85,1.1541095890411,212.45,3.09468317552804,0,-16.0641,4.11759799833194,1.37608385686463,0.451685660266874,1.30108445697626,0.601283991047423,33.3877563865537,51.0347891166449,14.7976986383577,0.969,3.95608738968062,3.43920674799665,0.832442903389189,0.505112958942417
2000-07-23,0.01,545.05,13.36,13.36,911.82,0.22482237800980182,658.41,27.06629,750.88,3.17552224503765,2.27054970568104,0.715016154973943,0.219528466253919,0.207214753166224,16.85,1.1541095890411,212.45,3.09468317552804,0,-16.0641,4.11759799833194,1.37608385686463,0.451685660266874,1.30108445697626,0.601283991047423,33.3877563865537,51.0347891166449,14.7976986383577,0.969,3.95608738968062,3.43920674799665,0.832442903389189,0.505112958942417
2000-07-24,0.0,533.56,15.0,15.0,989.7,0.20527260600894948,658.41,27.06629,750.88,3.17552224503765,2.27054970568104,0.715016154973943,0.219528466253919,0.207214753166224,16.85,1.1541095890411,212.45,3.09468317552804,0,-16.0641,4.11759799833194,1.37608385686463,0.451685660266874,1.30108445697626,0.601283991047423,33.3877563865537,51.0347891166449,14.7976986383577,0.969,3.95608738968062,3.43920674799665,0.832442903389189,0.505112958942417
2000-07-25,0.0,546.34,15.63,15.63,1021.53,0.19223942467504793,658.41,27.06629,750.88,3.17552224503765,2.27054970568104,0.715016154973943,0.219528466253919,0.207214753166224,16.85,1.1541095890411,212.45,3.09468317552804,0,-16.0641,4.11759799833194,1.37608385686463,0.451685660266874,1.30108445697626,0.601283991047423,33.3877563865537,51.0347891166449,14.7976986383577,0.969,3.95608738968062,3.43920674799665,0.832442903389189,0.505112958942417
2000-07-26,0.28,513.84,17.36,17.36,1129.15,0.18246453867462176,658.41,27.06629,750.88,3.17552224503765,2.27054970568104,0.715016154973943,0.219528466253919,0.207214753166224,16.85,1.1541095890411,212.45,3.09468317552804,0,-16.0641,4.11759799833194,1.37608385686463,0.451685660266874,1.30108445697626,0.601283991047423,33.3877563865537,51.0347891166449,14.7976986383577,0.969,3.95608738968062,3.43920674799665,0.832442903389189,0.505112958942417
2000-07-27,0.07,530.0,17.68,17.68,1194.66,0.1726896526741956,658.41,27.06629,750.88,3.17552224503765,2.27054970568104,0.715016154973943,0.219528466253919,0.207214753166224,16.85,1.1541095890411,212.45,3.09468317552804,0,-16.0641,4.11759799833194,1.37608385686463,0.451685660266874,1.30108445697626,0.601283991047423,33.3877563865537,51.0347891166449,14.7976986383577,0.969,3.95608738968062,3.43920674799665,0.832442903389189,0.505112958942417
2000-07-28,0.78,389.63,19.26,19.26,1360.41,0.16291476667376945,658.41,27.06629,750.88,3.17552224503765,2.27054970568104,0.715016154973943,0.219528466253919,0.207214753166224,16.85,1.1541095890411,212.45,3.09468317552804,0,-16.0641,4.11759799833194,1.37608385686463,0.451685660266874,1.30108445697626,0.601283991047423,33.3877563865537,51.0347891166449,14.7976986383577,0.969,3.95608738968062,3.43920674799665,0.832442903389189,0.505112958942417
2000-07-29,3.19,384.92,19.79,19.79,1432.06,0.15965647134029404,658.41,27.06629,750.88,3.17552224503765,2.27054970568104,0.715016154973943,0.219528466253919,0.207214753166224,16.85,1.1541095890411,212.45,3.09468317552804,0,-16.0641,4.11759799833194,1.37608385686463,0.451685660266874,1.30108445697626,0.601283991047423,33.3877563865537,51.0347891166449,14.7976986383577,0.969,3.95608738968062,3.43920674799665,0.832442903389189,0.505112958942417
2000-07-30,8.27,337.65,20.14,20.14,1578.52,0.1694313573407202,658.41,27.06629,750.88,3.17552224503765,2.27054970568104,0.715016154973943,0.219528466253919,0.207214753166224,16.85,1.1541095890411,212.45,3.09468317552804,0,-16.0641,4.11759799833194,1.37608385686463,0.451685660266874,1.30108445697626,0.601283991047423,33.3877563865537,51.0347891166449,14.7976986383577,0.969,3.95608738968062,3.43920674799665,0.832442903389189,0.505112958942417
2000-07-31,11.95,302.48,20.66,20.66,1747.7,0.18572283400809714,658.41,27.06629,750.88,3.17552224503765,2.27054970568104,0.715016154973943,0.219528466253919,0.207214753166224,16.85,1.1541095890411,212.45,3.09468317552804,0,-16.0641,4.11759799833194,1.37608385686463,0.451685660266874,1.30108445697626,0.601283991047423,33.3877563865537,51.0347891166449,14.7976986383577,0.969,3.95608738968062,3.43920674799665,0.832442903389189,0.505112958942417
2000-08-01,6.2,297.68,22.09,22.09,1898.25,0.3747039633496697,658.41,27.06629,750.88,3.17552224503765,2.27054970568104,0.715016154973943,0.219528466253919,0.207214753166224,16.85,1.1541095890411,212.45,3.09468317552804,0,-16.0641,4.11759799833194,1.37608385686463,0.451685660266874,1.30108445697626,0.601283991047423,33.3877563865537,51.0347891166449,14.7976986383577,0.969,3.95608738968062,3.43920674799665,0.832442903389189,0.505112958942417
2000-08-02,3.42,321.17,22.13,22.13,1810.72,0.3127963520136373,658.41,27.06629,750.88,3.17552224503765,2.27054970568104,0.715016154973943,0.219528466253919,0.207214753166224,16.85,1.1541095890411,212.45,3.09468317552804,0,-16.0641,4.11759799833194,1.37608385686463,0.451685660266874,1.30108445697626,0.601283991047423,33.3877563865537,51.0347891166449,14.7976986383577,0.969,3.95608738968062,3.43920674799665,0.832442903389189,0.505112958942417
2000-08-03,3.01,362.01,20.7,20.7,1518.28,0.23459726401022798,658.41,27.06629,750.88,3.17552224503765,2.27054970568104,0.715016154973943,0.219528466253919,0.207214753166224,16.85,1.1541095890411,212.45,3.09468317552804,0,-16.0641,4.11759799833194,1.37608385686463,0.451685660266874,1.30108445697626,0.601283991047423,33.3877563865537,51.0347891166449,14.7976986383577,0.969,3.95608738968062,3.43920674799665,0.832442903389189,0.505112958942417
2000-08-04,0.76,430.61,16.64,16.64,1131.98,0.22156408267632643,658.41,27.06629,750.88,3.17552224503765,2.27054970568104,0.715016154973943,0.219528466253919,0.207214753166224,16.85,1.1541095890411,212.45,3.09468317552804,0,-16.0641,4.11759799833194,1.37608385686463,0.451685660266874,1.30108445697626,0.601283991047423,33.3877563865537,51.0347891166449,14.7976986383577,0.969,3.95608738968062,3.43920674799665,0.832442903389189,0.505112958942417
2000-08-05,1.59,404.32,14.85,14.85,1000.53,0.1954977200085233,658.41,27.06629,750.88,3.17552224503765,2.27054970568104,0.715016154973943,0.219528466253919,0.207214753166224,16.85,1.1541095890411,212.45,3.09468317552804,0,-16.0641,4.11759799833194,1.37608385686463,0.451685660266874,1.30108445697626,0.601283991047423,33.3877563865537,51.0347891166449,14.7976986383577,0.969,3.95608738968062,3.43920674799665,0.832442903389189,0.505112958942417
2000-08-06,23.25,395.49,15.07,15.07,1118.68,0.21178919667590027,658.41,27.06629,750.88,3.17552224503765,2.27054970568104,0.715016154973943,0.219528466253919,0.207214753166224,16.85,1.1541095890411,212.45,3.09468317552804,0,-16.0641,4.11759799833194,1.37608385686463,0.451685660266874,1.30108445697626,0.601283991047423,33.3877563865537,51.0347891166449,14.7976986383577,0.969,3.95608738968062,3.43920674799665,0.832442903389189,0.505112958942417
2000-08-07,6.55,313.24,18.46,18.46,1520.54,1.9973350394204132,658.41,27.06629,750.88,3.17552224503765,2.27054970568104,0.715016154973943,0.219528466253919,0.207214753166224,16.85,1.1541095890411,212.45,3.09468317552804,0,-16.0641,4.11759799833194,1.37608385686463,0.451685660266874,1.30108445697626,0.601283991047423,33.3877563865537,51.0347891166449,14.7976986383577,0.969,3.95608738968062,3.43920674799665,0.832442903389189,0.505112958942417
2000-08-08,2.61,374.86,19.45,19.45,1551.36,0.6158178180268484,658.41,27.06629,750.88,3.17552224503765,2.27054970568104,0.715016154973943,0.219528466253919,0.207214753166224,16.85,1.1541095890411,212.45,3.09468317552804,0,-16.0641,4.11759799833194,1.37608385686463,0.451685660266874,1.30108445697626,0.601283991047423,33.3877563865537,51.0347891166449,14.7976986383577,0.969,3.95608738968062,3.43920674799665,0.832442903389189,0.505112958942417
2000-08-09,19.96,358.66,21.09,21.09,1621.7,0.4366115746857021,658.41,27.06629,750.88,3.17552224503765,2.27054970568104,0.715016154973943,0.219528466253919,0.207214753166224,16.85,1.1541095890411,212.45,3.09468317552804,0,-16.0641,4.11759799833194,1.37608385686463,0.451685660266874,1.30108445697626,0.601283991047423,33.3877563865537,51.0347891166449,14.7976986383577,0.969,3.95608738968062,3.43920674799665,0.832442903389189,0.505112958942417
2000-08-10,5.65,405.45,20.67,20.67,1532.09,1.140403366716386,658.41,27.06629,750.88,3.17552224503765,2.27054970568104,0.715016154973943,0.219528466253919,0.207214753166224,16.85,1.1541095890411,212.45,3.09468317552804,0,-16.0641,4.11759799833194,1.37608385686463,0.451685660266874,1.30108445697626,0.601283991047423,33.3877563865537,51.0347891166449,14.7976986383577,0.969,3.95608738968062,3.43920674799665,0.832442903389189,0.505112958942417
2000-08-11,1.67,350.96,18.94,18.94,1399.52,0.5180689580225868,658.41,27.06629,750.88,3.17552224503765,2.27054970568104,0.715016154973943,0.219528466253919,0.207214753166224,16.85,1.1541095890411,212.45,3.09468317552804,0,-16.0641,4.11759799833194,1.37608385686463,0.451685660266874,1.30108445697626,0.601283991047423,33.3877563865537,51.0347891166449,14.7976986383577,0.969,3.95608738968062,3.43920674799665,0.832442903389189,0.505112958942417
2000-08-12,4.91,339.71,15.8,15.8,1228.98,0.4203200980183251,658.41,27.06629,750.88,3.17552224503765,2.27054970568104,0.715016154973943,0.219528466253919,0.207214753166224,16.85,1.1541095890411,212.45,3.09468317552804,0,-16.0641,4.11759799833194,1.37608385686463,0.451685660266874,1.30108445697626,0.601283991047423,33.3877563865537,51.0347891166449,14.7976986383577,0.969,3.95608738968062,3.43920674799665,0.832442903389189,0.505112958942417
2000-08-13,1.19,410.24,16.16,16.16,1266.74,0.45616134668655445,658.41,27.06629,750.88,3.17552224503765,2.27054970568104,0.715016154973943,0.219528466253919,0.207214753166224,16.85,1.1541095890411,212.45,3.09468317552804,0,-16.0641,4.11759799833194,1.37608385686463,0.451685660266874,1.30108445697626,0.601283991047423,33.3877563865537,51.0347891166449,14.7976986383577,0.969,3.95608738968062,3.43920674799665,0.832442903389189,0.505112958942417
2000-08-14,0.14,405.09,16.47,16.47,1274.36,0.3714456680161943,658.41,27.06629,750.88,3.17552224503765,2.27054970568104,0.715016154973943,0.219528466253919,0.207214753166224,16.85,1.1541095890411,212.45,3.09468317552804,0,-16.0641,4.11759799833194,1.37608385686463,0.451685660266874,1.30108445697626,0.601283991047423,33.3877563865537,51.0347891166449,14.7976986383577,0.969,3.95608738968062,3.43920674799665,0.832442903389189,0.505112958942417
2000-08-15,4.91,369.76,18.8,18.8,1412.28,0.30953805668016193,658.41,27.06629,750.88,3.17552224503765,2.27054970568104,0.715016154973943,0.219528466253919,0.207214753166224,16.85,1.1541095890411,212.45,3.09468317552804,0,-16.0641,4.11759799833194,1.37608385686463,0.451685660266874,1.30108445697626,0.601283991047423,33.3877563865537,51.0347891166449,14.7976986383577,0.969,3.95608738968062,3.43920674799665,0.832442903389189,0.505112958942417
2000-08-16,1.41,434.09,19.39,19.39,1384.13,0.293246580012785,658.41,27.06629,750.88,3.17552224503765,2.27054970568104,0.715016154973943,0.219528466253919,0.207214753166224,16.85,1.1541095890411,212.45,3.09468317552804,0,-16.0641,4.11759799833194,1.37608385686463,0.451685660266874,1.30108445697626,0.601283991047423,33.3877563865537,51.0347891166449,14.7976986383577,0.969,3.95608738968062,3.43920674799665,0.832442903389189,0.505112958942417
2000-08-17,0.08,366.0,15.64,15.64,1171.11,0.27369680801193264,658.41,27.06629,750.88,3.17552224503765,2.27054970568104,0.715016154973943,0.219528466253919,0.207214753166224,16.85,1.1541095890411,212.45,3.09468317552804,0,-16.0641,4.11759799833194,1.37608385686463,0.451685660266874,1.30108445697626,0.601283991047423,33.3877563865537,51.0347891166449,14.7976986383577,0.969,3.95608738968062,3.43920674799665,0.832442903389189,0.505112958942417
2000-08-18,0.02,451.43,13.82,13.82,1032.43,0.2508887406776049,658.41,27.06629,750.88,3.17552224503765,2.27054970568104,0.715016154973943,0.219528466253919,0.207214753166224,16.85,1.1541095890411,212.45,3.09468317552804,0,-16.0641,4.11759799833194,1.37608385686463,0.451685660266874,1.30108445697626,0.601283991047423,33.3877563865537,51.0347891166449,14.7976986383577,0.969,3.95608738968062,3.43920674799665,0.832442903389189,0.505112958942417
2000-08-19,0.0,482.98,14.2,14.2,990.94,0.23459726401022798,658.41,27.06629,750.88,3.17552224503765,2.27054970568104,0.715016154973943,0.219528466253919,0.207214753166224,16.85,1.1541095890411,212.45,3.09468317552804,0,-16.0641,4.11759799833194,1.37608385686463,0.451685660266874,1.30108445697626,0.601283991047423,33.3877563865537,51.0347891166449,14.7976986383577,0.969,3.95608738968062,3.43920674799665,0.832442903389189,0.505112958942417
2000-08-20,0.0,525.14,11.92,11.92,803.58,0.21504749200937565,658.41,27.06629,750.88,3.17552224503765,2.27054970568104,0.715016154973943,0.219528466253919,0.207214753166224,16.85,1.1541095890411,212.45,3.09468317552804,0,-16.0641,4.11759799833194,1.37608385686463,0.451685660266874,1.30108445697626,0.601283991047423,33.3877563865537,51.0347891166449,14.7976986383577,0.969,3.95608738968062,3.43920674799665,0.832442903389189,0.505112958942417
2000-08-21,0.0,536.43,10.95,10.95,744.1,0.1954977200085233,658.41,27.06629,750.88,3.17552224503765,2.27054970568104,0.715016154973943,0.219528466253919,0.207214753166224,16.85,1.1541095890411,212.45,3.09468317552804,0,-16.0641,4.11759799833194,1.37608385686463,0.451685660266874,1.30108445697626,0.601283991047423,33.3877563865537,51.0347891166449,14.7976986383577,0.969,3.95608738968062,3.43920674799665,0.832442903389189,0.505112958942417
2000-08-22,5.54,399.85,13.08,13.08,902.13,0.18246453867462176,658.41,27.06629,750.88,3.17552224503765,2.27054970568104,0.715016154973943,0.219528466253919,0.207214753166224,16.85,1.1541095890411,212.45,3.09468317552804,0,-16.0641,4.11759799833194,1.37608385686463,0.451685660266874,1.30108445697626,0.601283991047423,33.3877563865537,51.0347891166449,14.7976986383577,0.969,3.95608738968062,3.43920674799665,0.832442903389189,0.505112958942417
2000-08-23,5.99,373.92,17.27,17.27,1197.88,0.21504749200937565,658.41,27.06629,750.88,3.17552224503765,2.27054970568104,0.715016154973943,0.219528466253919,0.207214753166224,16.85,1.1541095890411,212.45,3.09468317552804,0,-16.0641,4.11759799833194,1.37608385686463,0.451685660266874,1.30108445697626,0.601283991047423,33.3877563865537,51.0347891166449,14.7976986383577,0.969,3.95608738968062,3.43920674799665,0.832442903389189,0.505112958942417
2000-08-24,1.19,443.72,17.24,17.24,1230.96,0.2606636266780311,658.41,27.06629,750.88,3.17552224503765,2.27054970568104,0.715016154973943,0.219528466253919,0.207214753166224,16.85,1.1541095890411,212.45,3.09468317552804,0,-16.0641,4.11759799833194,1.37608385686463,0.451685660266874,1.30108445697626,0.601283991047423,33.3877563865537,51.0347891166449,14.7976986383577,0.969,3.95608738968062,3.43920674799665,0.832442903389189,0.505112958942417
2000-08-25,0.0,504.19,16.08,16.08,1085.29,0.2020143106754741,658.41,27.06629,750.88,3.17552224503765,2.27054970568104,0.715016154973943,0.219528466253919,0.207214753166224,16.85,1.1541095890411,212.45,3.09468317552804,0,-16.0641,4.11759799833194,1.37608385686463,0.451685660266874,1.30108445697626,0.601283991047423,33.3877563865537,51.0347891166449,14.7976986383577,0.969,3.95608738968062,3.43920674799665,0.832442903389189,0.505112958942417
2000-08-26,0.0,514.28,16.42,16.42,1078.59,0.18246453867462176,658.41,27.06629,750.88,3.17552224503765,2.27054970568104,0.715016154973943,0.219528466253919,0.207214753166224,16.85,1.1541095890411,212.45,3.09468317552804,0,-16.0641,4.11759799833194,1.37608385686463,0.451685660266874,1.30108445697626,0.601283991047423,33.3877563865537,51.0347891166449,14.7976986383577,0.969,3.95608738968062,3.43920674799665,0.832442903389189,0.505112958942417
2000-08-27,0.03,442.88,17.59,17.59,1241.41,0.1726896526741956,658.41,27.06629,750.88,3.17552224503765,2.27054970568104,0.715016154973943,0.219528466253919,0.207214753166224,16.85,1.1541095890411,212.45,3.09468317552804,0,-16.0641,4.11759799833194,1.37608385686463,0.451685660266874,1.30108445697626,0.601283991047423,33.3877563865537,51.0347891166449,14.7976986383577,0.969,3.95608738968062,3.43920674799665,0.832442903389189,0.505112958942417
2000-08-28,0.09,407.84,18.35,18.35,1407.35,0.16291476667376945,658.41,27.06629,750.88,3.17552224503765,2.27054970568104,0.715016154973943,0.219528466253919,0.207214753166224,16.85,1.1541095890411,212.45,3.09468317552804,0,-16.0641,4.11759799833194,1.37608385686463,0.451685660266874,1.30108445697626,0.601283991047423,33.3877563865537,51.0347891166449,14.7976986383577,0.969,3.95608738968062,3.43920674799665,0.832442903389189,0.505112958942417
2000-08-29,0.09,385.88,19.26,19.26,1496.67,0.14988158533986787,658.41,27.06629,750.88,3.17552224503765,2.27054970568104,0.715016154973943,0.219528466253919,0.207214753166224,16.85,1.1541095890411,212.45,3.09468317552804,0,-16.0641,4.11759799833194,1.37608385686463,0.451685660266874,1.30108445697626,0.601283991047423,33.3877563865537,51.0347891166449,14.7976986383577,0.969,3.95608738968062,3.43920674799665,0.832442903389189,0.505112958942417
2000-08-30,0.02,437.71,18.99,18.99,1450.88,0.1466232900063925,658.41,27.06629,750.88,3.17552224503765,2.27054970568104,0.715016154973943,0.219528466253919,0.207214753166224,16.85,1.1541095890411,212.45,3.09468317552804,0,-16.0641,4.11759799833194,1.37608385686463,0.451685660266874,1.30108445697626,0.601283991047423,33.3877563865537,51.0347891166449,14.7976986383577,0.969,3.95608738968062,3.43920674799665,0.832442903389189,0.505112958942417
2000-08-31,0.0,455.25,19.87,19.87,1494.96,0.1433649946729171,658.41,27.06629,750.88,3.17552224503765,2.27054970568104,0.715016154973943,0.219528466253919,0.207214753166224,16.85,1.1541095890411,212.45,3.09468317552804,0,-16.0641,4.11759799833194,1.37608385686463,0.451685660266874,1.30108445697626,0.601283991047423,33.3877563865537,51.0347891166449,14.7976986383577,0.969,3.95608738968062,3.43920674799665,0.832442903389189,0.505112958942417
2000-09-01,0.01,436.18,21.23,21.23,1638.92,0.13684840400596632,658.41,27.06629,750.88,3.17552224503765,2.27054970568104,0.715016154973943,0.219528466253919,0.207214753166224,16.85,1.1541095890411,212.45,3.09468317552804,0,-16.0641,4.11759799833194,1.37608385686463,0.451685660266874,1.30108445697626,0.601283991047423,33.3877563865537,51.0347891166449,14.7976986383577,0.969,3.95608738968062,3.43920674799665,0.832442903389189,0.505112958942417
2000-09-02,0.56,323.51,22.64,22.64,1806.9,0.13359010867249094,658.41,27.06629,750.88,3.17552224503765,2.27054970568104,0.715016154973943,0.219528466253919,0.207214753166224,16.85,1.1541095890411,212.45,3.09468317552804,0,-16.0641,4.11759799833194,1.37608385686463,0.451685660266874,1.30108445697626,0.601283991047423,33.3877563865537,51.0347891166449,14.7976986383577,0.969,3.95608738968062,3.43920674799665,0.832442903389189,0.505112958942417
2000-09-03,0.4,323.37,22.5,22.5,1758.88,0.2671802173449819,658.41,27.06629,750.88,3.17552224503765,2.27054970568104,0.715016154973943,0.219528466253919,0.207214753166224,16.85,1.1541095890411,212.45,3.09468317552804,0,-16.0641,4.11759799833194,1.37608385686463,0.451685660266874,1.30108445697626,0.601283991047423,33.3877563865537,51.0347891166449,14.7976986383577,0.969,3.95608738968062,3.43920674799665,0.832442903389189,0.505112958942417
2000-09-04,0.07,425.9,20.62,20.62,1414.3,0.1726896526741956,658.41,27.06629,750.88,3.17552224503765,2.27054970568104,0.715016154973943,0.219528466253919,0.207214753166224,16.85,1.1541095890411,212.45,3.09468317552804,0,-16.0641,4.11759799833194,1.37608385686463,0.451685660266874,1.30108445697626,0.601283991047423,33.3877563865537,51.0347891166449,14.7976986383577,0.969,3.95608738968062,3.43920674799665,0.832442903389189,0.505112958942417
2000-09-05,0.0,514.86,10.46,10.46,686.41,0.1401066993394417,658.41,27.06629,750.88,3.17552224503765,2.27054970568104,0.715016154973943,0.219528466253919,0.207214753166224,16.85,1.1541095890411,212.45,3.09468317552804,0,-16.0641,4.11759799833194,1.37608385686463,0.451685660266874,1.30108445697626,0.601283991047423,33.3877563865537,51.0347891166449,14.7976986383577,0.969,3.95608738968062,3.43920674799665,0.832442903389189,0.505112958942417
2000-09-06,0.0,495.63,8.36,8.36,622.71,0.12707351800554018,658.41,27.06629,750.88,3.17552224503765,2.27054970568104,0.715016154973943,0.219528466253919,0.207214753166224,16.85,1.1541095890411,212.45,3.09468317552804,0,-16.0641,4.11759799833194,1.37608385686463,0.451685660266874,1.30108445697626,0.601283991047423,33.3877563865537,51.0347891166449,14.7976986383577,0.969,3.95608738968062,3.43920674799665,0.832442903389189,0.505112958942417
2000-09-07,0.0,503.09,10.39,10.39,700.15,0.12055692733858939,658.41,27.06629,750.88,3.17552224503765,2.27054970568104,0.715016154973943,0.219528466253919,0.207214753166224,16.85,1.1541095890411,212.45,3.09468317552804,0,-16.0641,4.11759799833194,1.37608385686463,0.451685660266874,1.30108445697626,0.601283991047423,33.3877563865537,51.0347891166449,14.7976986383577,0.969,3.95608738968062,3.43920674799665,0.832442903389189,0.505112958942417
2000-09-08,0.97,418.65,12.73,12.73,826.0,0.11729863200511399,658.41,27.06629,750.88,3.17552224503765,2.27054970568104,0.715016154973943,0.219528466253919,0.207214753166224,16.85,1.1541095890411,212.45,3.09468317552804,0,-16.0641,4.11759799833194,1.37608385686463,0.451685660266874,1.30108445697626,0.601283991047423,33.3877563865537,51.0347891166449,14.7976986383577,0.969,3.95608738968062,3.43920674799665,0.832442903389189,0.505112958942417
2000-09-09,6.88,352.65,17.05,17.05,1181.41,0.1401066993394417,658.41,27.06629,750.88,3.17552224503765,2.27054970568104,0.715016154973943,0.219528466253919,0.207214753166224,16.85,1.1541095890411,212.45,3.09468317552804,0,-16.0641,4.11759799833194,1.37608385686463,0.451685660266874,1.30108445697626,0.601283991047423,33.3877563865537,51.0347891166449,14.7976986383577,0.969,3.95608738968062,3.43920674799665,0.832442903389189,0.505112958942417
2000-09-10,4.08,309.51,19.16,19.16,1465.77,0.12707351800554018,658.41,27.06629,750.88,3.17552224503765,2.27054970568104,0.715016154973943,0.219528466253919,0.207214753166224,16.85,1.1541095890411,212.45,3.09468317552804,0,-16.0641,4.11759799833194,1.37608385686463,0.451685660266874,1.30108445697626,0.601283991047423,33.3877563865537,51.0347891166449,14.7976986383577,0.969,3.95608738968062,3.43920674799665,0.832442903389189,0.505112958942417
2000-09-11,3.97,302.84,20.27,20.27,1609.45,0.13359010867249094,658.41,27.06629,750.88,3.17552224503765,2.27054970568104,0.715016154973943,0.219528466253919,0.207214753166224,16.85,1.1541095890411,212.45,3.09468317552804,0,-16.0641,4.11759799833194,1.37608385686463,0.451685660266874,1.30108445697626,0.601283991047423,33.3877563865537,51.0347891166449,14.7976986383577,0.969,3.95608738968062,3.43920674799665,0.832442903389189,0.505112958942417
2000-09-12,13.78,244.66,20.61,20.61,1623.01,0.1726896526741956,658.41,27.06629,750.88,3.17552224503765,2.27054970568104,0.715016154973943,0.219528466253919,0.207214753166224,16.85,1.1541095890411,212.45,3.09468317552804,0,-16.0641,4.11759799833194,1.37608385686463,0.451685660266874,1.30108445697626,0.601283991047423,33.3877563865537,51.0347891166449,14.7976986383577,0.969,3.95608738968062,3.43920674799665,0.832442903389189,0.505112958942417
2000-09-13,5.12,357.18,16.3,16.3,1060.36,0.4463864606861282,658.41,27.06629,750.88,3.17552224503765,2.27054970568104,0.715016154973943,0.219528466253919,0.207214753166224,16.85,1.1541095890411,212.45,3.09468317552804,0,-16.0641,4.11759799833194,1.37608385686463,0.451685660266874,1.30108445697626,0.601283991047423,33.3877563865537,51.0347891166449,14.7976986383577,0.969,3.95608738968062,3.43920674799665,0.832442903389189,0.505112958942417
2000-09-14,9.69,326.16,14.04,14.04,943.57,0.25740533134455573,658.41,27.06629,750.88,3.17552224503765,2.27054970568104,0.715016154973943,0.219528466253919,0.207214753166224,16.85,1.1541095890411,212.45,3.09468317552804,0,-16.0641,4.11759799833194,1.37608385686463,0.451685660266874,1.30108445697626,0.601283991047423,33.3877563865537,51.0347891166449,14.7976986383577,0.969,3.95608738968062,3.43920674799665,0.832442903389189,0.505112958942417
2000-09-15,6.3,350.23,13.13,13.13,868.32,0.3193129426805881,658.41,27.06629,750.88,3.17552224503765,2.27054970568104,0.715016154973943,0.219528466253919,0.207214753166224,16.85,1.1541095890411,212.45,3.09468317552804,0,-16.0641,4.11759799833194,1.37608385686463,0.451685660266874,1.30108445697626,0.601283991047423,33.3877563865537,51.0347891166449,14.7976986383577,0.969,3.95608738968062,3.43920674799665,0.832442903389189,0.505112958942417
2000-09-16,1.35,345.64,10.59,10.59,790.75,0.35515419134881737,658.41,27.06629,750.88,3.17552224503765,2.27054970568104,0.715016154973943,0.219528466253919,0.207214753166224,16.85,1.1541095890411,212.45,3.09468317552804,0,-16.0641,4.11759799833194,1.37608385686463,0.451685660266874,1.30108445697626,0.601283991047423,33.3877563865537,51.0347891166449,14.7976986383577,0.969,3.95608738968062,3.43920674799665,0.832442903389189,0.505112958942417
2000-09-17,0.09,385.47,9.04,9.04,780.26,0.25740533134455573,658.41,27.06629,750.88,3.17552224503765,2.27054970568104,0.715016154973943,0.219528466253919,0.207214753166224,16.85,1.1541095890411,212.45,3.09468317552804,0,-16.0641,4.11759799833194,1.37608385686463,0.451685660266874,1.30108445697626,0.601283991047423,33.3877563865537,51.0347891166449,14.7976986383577,0.969,3.95608738968062,3.43920674799665,0.832442903389189,0.505112958942417
2000-09-18,0.0,427.25,12.05,12.05,907.42,0.20853090134242488,658.41,27.06629,750.88,3.17552224503765,2.27054970568104,0.715016154973943,0.219528466253919,0.207214753166224,16.85,1.1541095890411,212.45,3.09468317552804,0,-16.0641,4.11759799833194,1.37608385686463,0.451685660266874,1.30108445697626,0.601283991047423,33.3877563865537,51.0347891166449,14.7976986383577,0.969,3.95608738968062,3.43920674799665,0.832442903389189,0.505112958942417
2000-09-19,1.61,353.43,14.47,14.47,1029.9,0.18572283400809714,658.41,27.06629,750.88,3.17552224503765,2.27054970568104,0.715016154973943,0.219528466253919,0.207214753166224,16.85,1.1541095890411,212.45,3.09468317552804,0,-16.0641,4.11759799833194,1.37608385686463,0.451685660266874,1.30108445697626,0.601283991047423,33.3877563865537,51.0347891166449,14.7976986383577,0.969,3.95608738968062,3.43920674799665,0.832442903389189,0.505112958942417
2000-09-20,7.23,316.3,14.9,14.9,1038.12,0.17920624334114638,658.41,27.06629,750.88,3.17552224503765,2.27054970568104,0.715016154973943,0.219528466253919,0.207214753166224,16.85,1.1541095890411,212.45,3.09468317552804,0,-16.0641,4.11759799833194,1.37608385686463,0.451685660266874,1.30108445697626,0.601283991047423,33.3877563865537,51.0347891166449,14.7976986383577,0.969,3.95608738968062,3.43920674799665,0.832442903389189,0.505112958942417
2000-09-21,2.13,375.52,15.39,15.39,937.9,0.21830578734285105,658.41,27.06629,750.88,3.17552224503765,2.27054970568104,0.715016154973943,0.219528466253919,0.207214753166224,16.85,1.1541095890411,212.45,3.09468317552804,0,-16.0641,4.11759799833194,1.37608385686463,0.451685660266874,1.30108445697626,0.601283991047423,33.3877563865537,51.0347891166449,14.7976986383577,0.969,3.95608738968062,3.43920674799665,0.832442903389189,0.505112958942417
2000-09-22,0.3,285.65,11.0,11.0,827.24,0.23459726401022798,658.41,27.06629,750.88,3.17552224503765,2.27054970568104,0.715016154973943,0.219528466253919,0.207214753166224,16.85,1.1541095890411,212.45,3.09468317552804,0,-16.0641,4.11759799833194,1.37608385686463,0.451685660266874,1.30108445697626,0.601283991047423,33.3877563865537,51.0347891166449,14.7976986383577,0.969,3.95608738968062,3.43920674799665,0.832442903389189,0.505112958942417
2000-09-23,2.38,288.17,10.94,10.94,919.43,0.18898112934157255,658.41,27.06629,750.88,3.17552224503765,2.27054970568104,0.715016154973943,0.219528466253919,0.207214753166224,16.85,1.1541095890411,212.45,3.09468317552804,0,-16.0641,4.11759799833194,1.37608385686463,0.451685660266874,1.30108445697626,0.601283991047423,33.3877563865537,51.0347891166449,14.7976986383577,0.969,3.95608738968062,3.43920674799665,0.832442903389189,0.505112958942417
2000-09-24,0.86,274.77,14.02,14.02,1036.25,0.18572283400809714,658.41,27.06629,750.88,3.17552224503765,2.27054970568104,0.715016154973943,0.219528466253919,0.207214753166224,16.85,1.1541095890411,212.45,3.09468317552804,0,-16.0641,4.11759799833194,1.37608385686463,0.451685660266874,1.30108445697626,0.601283991047423,33.3877563865537,51.0347891166449,14.7976986383577,0.969,3.95608738968062,3.43920674799665,0.832442903389189,0.505112958942417
2000-09-25,2.39,263.37,7.55,7.55,711.83,0.18246453867462176,658.41,27.06629,750.88,3.17552224503765,2.27054970568104,0.715016154973943,0.219528466253919,0.207214753166224,16.85,1.1541095890411,212.45,3.09468317552804,0,-16.0641,4.11759799833194,1.37608385686463,0.451685660266874,1.30108445697626,0.601283991047423,33.3877563865537,51.0347891166449,14.7976986383577,0.969,3.95608738968062,3.43920674799665,0.832442903389189,0.505112958942417
2000-09-26,1.77,283.59,6.13,6.13,644.17,0.16617306200724483,658.41,27.06629,750.88,3.17552224503765,2.27054970568104,0.715016154973943,0.219528466253919,0.207214753166224,16.85,1.1541095890411,212.45,3.09468317552804,0,-16.0641,4.11759799833194,1.37608385686463,0.451685660266874,1.30108445697626,0.601283991047423,33.3877563865537,51.0347891166449,14.7976986383577,0.969,3.95608738968062,3.43920674799665,0.832442903389189,0.505112958942417
2000-09-27,0.99,314.1,6.94,6.94,616.67,0.18898112934157255,658.41,27.06629,750.88,3.17552224503765,2.27054970568104,0.715016154973943,0.219528466253919,0.207214753166224,16.85,1.1541095890411,212.45,3.09468317552804,0,-16.0641,4.11759799833194,1.37608385686463,0.451685660266874,1.30108445697626,0.601283991047423,33.3877563865537,51.0347891166449,14.7976986383577,0.969,3.95608738968062,3.43920674799665,0.832442903389189,0.505112958942417
2000-09-28,0.3,420.47,7.34,7.34,513.69,0.17594794800767097,658.41,27.06629,750.88,3.17552224503765,2.27054970568104,0.715016154973943,0.219528466253919,0.207214753166224,16.85,1.1541095890411,212.45,3.09468317552804,0,-16.0641,4.11759799833194,1.37608385686463,0.451685660266874,1.30108445697626,0.601283991047423,33.3877563865537,51.0347891166449,14.7976986383577,0.969,3.95608738968062,3.43920674799665,0.832442903389189,0.505112958942417
2000-09-29,0.03,411.58,4.17,4.17,445.84,0.15313988067334328,658.41,27.06629,750.88,3.17552224503765,2.27054970568104,0.715016154973943,0.219528466253919,0.207214753166224,16.85,1.1541095890411,212.45,3.09468317552804,0,-16.0641,4.11759799833194,1.37608385686463,0.451685660266874,1.30108445697626,0.601283991047423,33.3877563865537,51.0347891166449,14.7976986383577,0.969,3.95608738968062,3.43920674799665,0.832442903389189,0.505112958942417
2000-09-30,0.0,441.61,4.64,4.64,455.85,0.1433649946729171,658.41,27.06629,750.88,3.17552224503765,2.27054970568104,0.715016154973943,0.219528466253919,0.207214753166224,16.85,1.1541095890411,212.45,3.09468317552804,0,-16.0641,4.11759799833194,1.37608385686463,0.451685660266874,1.30108445697626,0.601283991047423,33.3877563865537,51.0347891166449,14.7976986383577,0.969,3.95608738968062,3.43920674799665,0.832442903389189,0.505112958942417
2000-10-01,0.0,430.38,9.06,9.06,623.64,0.1401066993394417,658.41,27.06629,750.88,3.17552224503765,2.27054970568104,0.715016154973943,0.219528466253919,0.207214753166224,16.85,1.1541095890411,212.45,3.09468317552804,0,-16.0641,4.11759799833194,1.37608385686463,0.451685660266874,1.30108445697626,0.601283991047423,33.3877563865537,51.0347891166449,14.7976986383577,0.969,3.95608738968062,3.43920674799665,0.832442903389189,0.505112958942417
2000-10-02,0.08,308.61,11.57,11.57,777.14,0.13359010867249094,658.41,27.06629,750.88,3.17552224503765,2.27054970568104,0.715016154973943,0.219528466253919,0.207214753166224,16.85,1.1541095890411,212.45,3.09468317552804,0,-16.0641,4.11759799833194,1.37608385686463,0.451685660266874,1.30108445697626,0.601283991047423,33.3877563865537,51.0347891166449,14.7976986383577,0.969,3.95608738968062,3.43920674799665,0.832442903389189,0.505112958942417
2000-10-03,4.55,309.83,12.76,12.76,820.87,0.12707351800554018,658.41,27.06629,750.88,3.17552224503765,2.27054970568104,0.715016154973943,0.219528466253919,0.207214753166224,16.85,1.1541095890411,212.45,3.09468317552804,0,-16.0641,4.11759799833194,1.37608385686463,0.451685660266874,1.30108445697626,0.601283991047423,33.3877563865537,51.0347891166449,14.7976986383577,0.969,3.95608738968062,3.43920674799665,0.832442903389189,0.505112958942417
2000-10-04,11.36,298.89,12.12,12.12,827.08,0.15313988067334328,658.41,27.06629,750.88,3.17552224503765,2.27054970568104,0.715016154973943,0.219528466253919,0.207214753166224,16.85,1.1541095890411,212.45,3.09468317552804,0,-16.0641,4.11759799833194,1.37608385686463,0.451685660266874,1.30108445697626,0.601283991047423,33.3877563865537,51.0347891166449,14.7976986383577,0.969,3.95608738968062,3.43920674799665,0.832442903389189,0.505112958942417
2000-10-05,29.69,249.85,11.51,11.51,902.34,0.3127963520136373,658.41,27.06629,750.88,3.17552224503765,2.27054970568104,0.715016154973943,0.219528466253919,0.207214753166224,16.85,1.1541095890411,212.45,3.09468317552804,0,-16.0641,4.11759799833194,1.37608385686463,0.451685660266874,1.30108445697626,0.601283991047423,33.3877563865537,51.0347891166449,14.7976986383577,0.969,3.95608738968062,3.43920674799665,0.832442903389189,0.505112958942417
2000-10-06,8.83,99.4,8.9,8.9,882.75,2.3036148007671,658.41,27.06629,750.88,3.17552224503765,2.27054970568104,0.715016154973943,0.219528466253919,0.207214753166224,16.85,1.1541095890411,212.45,3.09468317552804,0,-16.0641,4.11759799833194,1.37608385686463,0.451685660266874,1.30108445697626,0.601283991047423,33.3877563865537,51.0347891166449,14.7976986383577,0.969,3.95608738968062,3.43920674799665,0.832442903389189,0.505112958942417
2000-10-07,2.71,234.77,5.69,5.69,671.61,0.9774886000426166,658.41,27.06629,750.88,3.17552224503765,2.27054970568104,0.715016154973943,0.219528466253919,0.207214753166224,16.85,1.1541095890411,212.45,3.09468317552804,0,-16.0641,4.11759799833194,1.37608385686463,0.451685660266874,1.30108445697626,0.601283991047423,33.3877563865537,51.0347891166449,14.7976986383577,0.969,3.95608738968062,3.43920674799665,0.832442903389189,0.505112958942417
2000-10-08,0.61,267.74,3.29,3.29,539.76,0.7559245173662902,658.41,27.06629,750.88,3.17552224503765,2.27054970568104,0.715016154973943,0.219528466253919,0.207214753166224,16.85,1.1541095890411,212.45,3.09468317552804,0,-16.0641,4.11759799833194,1.37608385686463,0.451685660266874,1.30108445697626,0.601283991047423,33.3877563865537,51.0347891166449,14.7976986383577,0.969,3.95608738968062,3.43920674799665,0.832442903389189,0.505112958942417
2000-10-09,0.03,313.0,1.59,1.59,461.49,0.6190761133603239,658.41,27.06629,750.88,3.17552224503765,2.27054970568104,0.715016154973943,0.219528466253919,0.207214753166224,16.85,1.1541095890411,212.45,3.09468317552804,0,-16.0641,4.11759799833194,1.37608385686463,0.451685660266874,1.30108445697626,0.601283991047423,33.3877563865537,51.0347891166449,14.7976986383577,0.969,3.95608738968062,3.43920674799665,0.832442903389189,0.505112958942417
2000-10-10,0.01,273.49,0.97,0.97,471.78,0.5278438440230129,658.41,27.06629,750.88,3.17552224503765,2.27054970568104,0.715016154973943,0.219528466253919,0.207214753166224,16.85,1.1541095890411,212.45,3.09468317552804,0,-16.0641,4.11759799833194,1.37608385686463,0.451685660266874,1.30108445697626,0.601283991047423,33.3877563865537,51.0347891166449,14.7976986383577,0.969,3.95608738968062,3.43920674799665,0.832442903389189,0.505112958942417
2000-10-11,0.0,334.92,2.99,2.99,528.13,0.452903051353079,658.41,27.06629,750.88,3.17552224503765,2.27054970568104,0.715016154973943,0.219528466253919,0.207214753166224,16.85,1.1541095890411,212.45,3.09468317552804,0,-16.0641,4.11759799833194,1.37608385686463,0.451685660266874,1.30108445697626,0.601283991047423,33.3877563865537,51.0347891166449,14.7976986383577,0.969,3.95608738968062,3.43920674799665,0.832442903389189,0.505112958942417
2000-10-12,0.0,386.51,5.59,5.59,549.34,0.4072869166844236,658.41,27.06629,750.88,3.17552224503765,2.27054970568104,0.715016154973943,0.219528466253919,0.207214753166224,16.85,1.1541095890411,212.45,3.09468317552804,0,-16.0641,4.11759799833194,1.37608385686463,0.451685660266874,1.30108445697626,0.601283991047423,33.3877563865537,51.0347891166449,14.7976986383577,0.969,3.95608738968062,3.43920674799665,0.832442903389189,0.505112958942417
2000-10-13,0.0,388.28,8.46,8.46,630.16,0.35515419134881737,658.41,27.06629,750.88,3.17552224503765,2.27054970568104,0.715016154973943,0.219528466253919,0.207214753166224,16.85,1.1541095890411,212.45,3.09468317552804,0,-16.0641,4.11759799833194,1.37608385686463,0.451685660266874,1.30108445697626,0.601283991047423,33.3877563865537,51.0347891166449,14.7976986383577,0.969,3.95608738968062,3.43920674799665,0.832442903389189,0.505112958942417
2000-10-14,0.17,312.92,11.45,11.45,768.3,0.32257123801406345,658.41,27.06629,750.88,3.17552224503765,2.27054970568104,0.715016154973943,0.219528466253919,0.207214753166224,16.85,1.1541095890411,212.45,3.09468317552804,0,-16.0641,4.11759799833194,1.37608385686463,0.451685660266874,1.30108445697626,0.601283991047423,33.3877563865537,51.0347891166449,14.7976986383577,0.969,3.95608738968062,3.43920674799665,0.832442903389189,0.505112958942417
2000-10-15,0.41,281.07,12.65,12.65,824.29,0.29976317067973574,658.41,27.06629,750.88,3.17552224503765,2.27054970568104,0.715016154973943,0.219528466253919,0.207214753166224,16.85,1.1541095890411,212.45,3.09468317552804,0,-16.0641,4.11759799833194,1.37608385686463,0.451685660266874,1.30108445697626,0.601283991047423,33.3877563865537,51.0347891166449,14.7976986383577,0.969,3.95608738968062,3.43920674799665,0.832442903389189,0.505112958942417
2000-10-16,1.59,250.29,12.55,12.55,912.78,0.2834716940123588,658.41,27.06629,750.88,3.17552224503765,2.27054970568104,0.715016154973943,0.219528466253919,0.207214753166224,16.85,1.1541095890411,212.45,3.09468317552804,0,-16.0641,4.11759799833194,1.37608385686463,0.451685660266874,1.30108445697626,0.601283991047423,33.3877563865537,51.0347891166449,14.7976986383577,0.969,3.95608738968062,3.43920674799665,0.832442903389189,0.505112958942417
2000-10-17,10.24,207.93,11.11,11.11,948.3,0.2867299893458342,658.41,27.06629,750.88,3.17552224503765,2.27054970568104,0.715016154973943,0.219528466253919,0.207214753166224,16.85,1.1541095890411,212.45,3.09468317552804,0,-16.0641,4.11759799833194,1.37608385686463,0.451685660266874,1.30108445697626,0.601283991047423,33.3877563865537,51.0347891166449,14.7976986383577,0.969,3.95608738968062,3.43920674799665,0.832442903389189,0.505112958942417
2000-10-18,3.02,139.86,10.37,10.37,947.01,0.5017774813552098,658.41,27.06629,750.88,3.17552224503765,2.27054970568104,0.715016154973943,0.219528466253919,0.207214753166224,16.85,1.1541095890411,212.45,3.09468317552804,0,-16.0641,4.11759799833194,1.37608385686463,0.451685660266874,1.30108445697626,0.601283991047423,33.3877563865537,51.0347891166449,14.7976986383577,0.969,3.95608738968062,3.43920674799665,0.832442903389189,0.505112958942417
2000-10-19,0.11,325.56,7.0,7.0,670.67,0.4626779373535052,658.41,27.06629,750.88,3.17552224503765,2.27054970568104,0.715016154973943,0.219528466253919,0.207214753166224,16.85,1.1541095890411,212.45,3.09468317552804,0,-16.0641,4.11759799833194,1.37608385686463,0.451685660266874,1.30108445697626,0.601283991047423,33.3877563865537,51.0347891166449,14.7976986383577,0.969,3.95608738968062,3.43920674799665,0.832442903389189,0.505112958942417
2000-10-20,0.0,359.79,4.97,4.97,509.49,0.35515419134881737,658.41,27.06629,750.88,3.17552224503765,2.27054970568104,0.715016154973943,0.219528466253919,0.207214753166224,16.85,1.1541095890411,212.45,3.09468317552804,0,-16.0641,4.11759799833194,1.37608385686463,0.451685660266874,1.30108445697626,0.601283991047423,33.3877563865537,51.0347891166449,14.7976986383577,0.969,3.95608738968062,3.43920674799665,0.832442903389189,0.505112958942417
2000-10-21,0.0,363.75,7.66,7.66,530.42,0.3160546473471127,658.41,27.06629,750.88,3.17552224503765,2.27054970568104,0.715016154973943,0.219528466253919,0.207214753166224,16.85,1.1541095890411,212.45,3.09468317552804,0,-16.0641,4.11759799833194,1.37608385686463,0.451685660266874,1.30108445697626,0.601283991047423,33.3877563865537,51.0347891166449,14.7976986383577,0.969,3.95608738968062,3.43920674799665,0.832442903389189,0.505112958942417
2000-10-22,0.0,360.59,8.93,8.93,521.31,0.2899882846793096,658.41,27.06629,750.88,3.17552224503765,2.27054970568104,0.715016154973943,0.219528466253919,0.207214753166224,16.85,1.1541095890411,212.45,3.09468317552804,0,-16.0641,4.11759799833194,1.37608385686463,0.451685660266874,1.30108445697626,0.601283991047423,33.3877563865537,51.0347891166449,14.7976986383577,0.969,3.95608738968062,3.43920674799665,0.832442903389189,0.505112958942417
2000-10-23,0.72,261.31,4.92,4.92,458.95,0.2671802173449819,658.41,27.06629,750.88,3.17552224503765,2.27054970568104,0.715016154973943,0.219528466253919,0.207214753166224,16.85,1.1541095890411,212.45,3.09468317552804,0,-16.0641,4.11759799833194,1.37608385686463,0.451685660266874,1.30108445697626,0.601283991047423,33.3877563865537,51.0347891166449,14.7976986383577,0.969,3.95608738968062,3.43920674799665,0.832442903389189,0.505112958942417
2000-10-24,1.16,263.86,6.39,6.39,565.09,0.2606636266780311,658.41,27.06629,750.88,3.17552224503765,2.27054970568104,0.715016154973943,0.219528466253919,0.207214753166224,16.85,1.1541095890411,212.45,3.09468317552804,0,-16.0641,4.11759799833194,1.37608385686463,0.451685660266874,1.30108445697626,0.601283991047423,33.3877563865537,51.0347891166449,14.7976986383577,0.969,3.95608738968062,3.43920674799665,0.832442903389189,0.505112958942417
2000-10-25,0.3,202.41,11.13,11.13,894.96,0.26392192201150644,658.41,27.06629,750.88,3.17552224503765,2.27054970568104,0.715016154973943,0.219528466253919,0.207214753166224,16.85,1.1541095890411,212.45,3.09468317552804,0,-16.0641,4.11759799833194,1.37608385686463,0.451685660266874,1.30108445697626,0.601283991047423,33.3877563865537,51.0347891166449,14.7976986383577,0.969,3.95608738968062,3.43920674799665,0.832442903389189,0.505112958942417
2000-10-26,0.49,256.96,11.72,11.72,924.97,0.2606636266780311,658.41,27.06629,750.88,3.17552224503765,2.27054970568104,0.715016154973943,0.219528466253919,0.207214753166224,16.85,1.1541095890411,212.45,3.09468317552804,0,-16.0641,4.11759799833194,1.37608385686463,0.451685660266874,1.30108445697626,0.601283991047423,33.3877563865537,51.0347891166449,14.7976986383577,0.969,3.95608738968062,3.43920674799665,0.832442903389189,0.505112958942417
2000-10-27,2.23,236.49,12.7,12.7,890.87,0.25414703601108035,658.41,27.06629,750.88,3.17552224503765,2.27054970568104,0.715016154973943,0.219528466253919,0.207214753166224,16.85,1.1541095890411,212.45,3.09468317552804,0,-16.0641,4.11759799833194,1.37608385686463,0.451685660266874,1.30108445697626,0.601283991047423,33.3877563865537,51.0347891166449,14.7976986383577,0.969,3.95608738968062,3.43920674799665,0.832442903389189,0.505112958942417
2000-10-28,0.55,324.92,10.37,10.37,692.71,0.25740533134455573,658.41,27.06629,750.88,3.17552224503765,2.27054970568104,0.715016154973943,0.219528466253919,0.207214753166224,16.85,1.1541095890411,212.45,3.09468317552804,0,-16.0641,4.11759799833194,1.37608385686463,0.451685660266874,1.30108445697626,0.601283991047423,33.3877563865537,51.0347891166449,14.7976986383577,0.969,3.95608738968062,3.43920674799665,0.832442903389189,0.505112958942417
2000-10-29,0.0,288.57,2.35,2.35,433.71,0.23785555934370337,658.41,27.06629,750.88,3.17552224503765,2.27054970568104,0.715016154973943,0.219528466253919,0.207214753166224,16.85,1.1541095890411,212.45,3.09468317552804,0,-16.0641,4.11759799833194,1.37608385686463,0.451685660266874,1.30108445697626,0.601283991047423,33.3877563865537,51.0347891166449,14.7976986383577,0.969,3.95608738968062,3.43920674799665,0.832442903389189,0.505112958942417
2000-10-30,0.0,299.29,0.82,0.82,397.85,0.21504749200937565,658.41,27.06629,750.88,3.17552224503765,2.27054970568104,0.715016154973943,0.219528466253919,0.207214753166224,16.85,1.1541095890411,212.45,3.09468317552804,0,-16.0641,4.11759799833194,1.37608385686463,0.451685660266874,1.30108445697626,0.601283991047423,33.3877563865537,51.0347891166449,14.7976986383577,0.969,3.95608738968062,3.43920674799665,0.832442903389189,0.505112958942417
2000-10-31,0.0,319.09,0.82,0.82,372.87,0.21178919667590027,658.41,27.06629,750.88,3.17552224503765,2.27054970568104,0.715016154973943,0.219528466253919,0.207214753166224,16.85,1.1541095890411,212.45,3.09468317552804,0,-16.0641,4.11759799833194,1.37608385686463,0.451685660266874,1.30108445697626,0.601283991047423,33.3877563865537,51.0347891166449,14.7976986383577,0.969,3.95608738968062,3.43920674799665,0.832442903389189,0.505112958942417
2000-11-01,0.0,320.51,2.61,2.61,405.93,0.2020143106754741,658.41,27.06629,750.88,3.17552224503765,2.27054970568104,0.715016154973943,0.219528466253919,0.207214753166224,16.85,1.1541095890411,212.45,3.09468317552804,0,-16.0641,4.11759799833194,1.37608385686463,0.451685660266874,1.30108445697626,0.601283991047423,33.3877563865537,51.0347891166449,14.7976986383577,0.969,3.95608738968062,3.43920674799665,0.832442903389189,0.505112958942417
2000-11-02,0.08,268.55,5.05,5.05,467.17,0.2020143106754741,658.41,27.06629,750.88,3.17552224503765,2.27054970568104,0.715016154973943,0.219528466253919,0.207214753166224,16.85,1.1541095890411,212.45,3.09468317552804,0,-16.0641,4.11759799833194,1.37608385686463,0.451685660266874,1.30108445697626,0.601283991047423,33.3877563865537,51.0347891166449,14.7976986383577,0.969,3.95608738968062,3.43920674799665,0.832442903389189,0.505112958942417
2000-11-03,0.66,230.8,6.25,6.25,538.66,0.1954977200085233,658.41,27.06629,750.88,3.17552224503765,2.27054970568104,0.715016154973943,0.219528466253919,0.207214753166224,16.85,1.1541095890411,212.45,3.09468317552804,0,-16.0641,4.11759799833194,1.37608385686463,0.451685660266874,1.30108445697626,0.601283991047423,33.3877563865537,51.0347891166449,14.7976986383577,0.969,3.95608738968062,3.43920674799665,0.832442903389189,0.505112958942417
2000-11-04,1.32,172.26,5.06,5.06,572.44,0.1954977200085233,658.41,27.06629,750.88,3.17552224503765,2.27054970568104,0.715016154973943,0.219528466253919,0.207214753166224,16.85,1.1541095890411,212.45,3.09468317552804,0,-16.0641,4.11759799833194,1.37608385686463,0.451685660266874,1.30108445697626,0.601283991047423,33.3877563865537,51.0347891166449,14.7976986383577,0.969,3.95608738968062,3.43920674799665,0.832442903389189,0.505112958942417
2000-11-05,0.38,207.76,1.06,1.06,426.28,0.1954977200085233,658.41,27.06629,750.88,3.17552224503765,2.27054970568104,0.715016154973943,0.219528466253919,0.207214753166224,16.85,1.1541095890411,212.45,3.09468317552804,0,-16.0641,4.11759799833194,1.37608385686463,0.451685660266874,1.30108445697626,0.601283991047423,33.3877563865537,51.0347891166449,14.7976986383577,0.969,3.95608738968062,3.43920674799665,0.832442903389189,0.505112958942417
2000-11-06,0.02,306.72,0.01,0.01,357.48,0.18898112934157255,658.41,27.06629,750.88,3.17552224503765,2.27054970568104,0.715016154973943,0.219528466253919,0.207214753166224,16.85,1.1541095890411,212.45,3.09468317552804,0,-16.0641,4.11759799833194,1.37608385686463,0.451685660266874,1.30108445697626,0.601283991047423,33.3877563865537,51.0347891166449,14.7976986383577,0.969,3.95608738968062,3.43920674799665,0.832442903389189,0.505112958942417
2000-11-07,0.16,254.08,3.9,3.9,467.11,0.17920624334114638,658.41,27.06629,750.88,3.17552224503765,2.27054970568104,0.715016154973943,0.219528466253919,0.207214753166224,16.85,1.1541095890411,212.45,3.09468317552804,0,-16.0641,4.11759799833194,1.37608385686463,0.451685660266874,1.30108445697626,0.601283991047423,33.3877563865537,51.0347891166449,14.7976986383577,0.969,3.95608738968062,3.43920674799665,0.832442903389189,0.505112958942417
2000-11-08,2.58,209.67,9.18,9.18,727.44,0.17594794800767097,658.41,27.06629,750.88,3.17552224503765,2.27054970568104,0.715016154973943,0.219528466253919,0.207214753166224,16.85,1.1541095890411,212.45,3.09468317552804,0,-16.0641,4.11759799833194,1.37608385686463,0.451685660266874,1.30108445697626,0.601283991047423,33.3877563865537,51.0347891166449,14.7976986383577,0.969,3.95608738968062,3.43920674799665,0.832442903389189,0.505112958942417
2000-11-09,7.54,162.41,11.45,11.45,921.78,0.18572283400809714,658.41,27.06629,750.88,3.17552224503765,2.27054970568104,0.715016154973943,0.219528466253919,0.207214753166224,16.85,1.1541095890411,212.45,3.09468317552804,0,-16.0641,4.11759799833194,1.37608385686463,0.451685660266874,1.30108445697626,0.601283991047423,33.3877563865537,51.0347891166449,14.7976986383577,0.969,3.95608738968062,3.43920674799665,0.832442903389189,0.505112958942417
2000-11-10,5.04,117.72,8.45,8.45,825.92,0.30953805668016193,658.41,27.06629,750.88,3.17552224503765,2.27054970568104,0.715016154973943,0.219528466253919,0.207214753166224,16.85,1.1541095890411,212.45,3.09468317552804,0,-16.0641,4.11759799833194,1.37608385686463,0.451685660266874,1.30108445697626,0.601283991047423,33.3877563865537,51.0347891166449,14.7976986383577,0.969,3.95608738968062,3.43920674799665,0.832442903389189,0.505112958942417
2000-11-11,1.25,187.36,6.43,6.43,665.62,0.45616134668655445,658.41,27.06629,750.88,3.17552224503765,2.27054970568104,0.715016154973943,0.219528466253919,0.207214753166224,16.85,1.1541095890411,212.45,3.09468317552804,0,-16.0641,4.11759799833194,1.37608385686463,0.451685660266874,1.30108445697626,0.601283991047423,33.3877563865537,51.0347891166449,14.7976986383577,0.969,3.95608738968062,3.43920674799665,0.832442903389189,0.505112958942417
2000-11-12,0.16,79.9,3.13,3.13,592.42,0.36167078201576813,658.41,27.06629,750.88,3.17552224503765,2.27054970568104,0.715016154973943,0.219528466253919,0.207214753166224,16.85,1.1541095890411,212.45,3.09468317552804,0,-16.0641,4.11759799833194,1.37608385686463,0.451685660266874,1.30108445697626,0.601283991047423,33.3877563865537,51.0347891166449,14.7976986383577,0.969,3.95608738968062,3.43920674799665,0.832442903389189,0.505112958942417
2000-11-13,0.65,108.33,2.67,2.67,595.47,0.30953805668016193,658.41,27.06629,750.88,3.17552224503765,2.27054970568104,0.715016154973943,0.219528466253919,0.207214753166224,16.85,1.1541095890411,212.45,3.09468317552804,0,-16.0641,4.11759799833194,1.37608385686463,0.451685660266874,1.30108445697626,0.601283991047423,33.3877563865537,51.0347891166449,14.7976986383577,0.969,3.95608738968062,3.43920674799665,0.832442903389189,0.505112958942417
2000-11-14,0.19,185.66,1.77,1.77,505.27,0.29976317067973574,658.41,27.06629,750.88,3.17552224503765,2.27054970568104,0.715016154973943,0.219528466253919,0.207214753166224,16.85,1.1541095890411,212.45,3.09468317552804,0,-16.0641,4.11759799833194,1.37608385686463,0.451685660266874,1.30108445697626,0.601283991047423,33.3877563865537,51.0347891166449,14.7976986383577,0.969,3.95608738968062,3.43920674799665,0.832442903389189,0.505112958942417
2000-11-15,0.15,133.73,-0.71,-0.71,428.77,0.2834716940123588,658.41,27.06629,750.88,3.17552224503765,2.27054970568104,0.715016154973943,0.219528466253919,0.207214753166224,16.85,1.1541095890411,212.45,3.09468317552804,0,-16.0641,4.11759799833194,1.37608385686463,0.451685660266874,1.30108445697626,0.601283991047423,33.3877563865537,51.0347891166449,14.7976986383577,0.969,3.95608738968062,3.43920674799665,0.832442903389189,0.505112958942417
2000-11-16,0.07,168.1,0.17,0.17,449.08,0.276955103345408,658.41,27.06629,750.88,3.17552224503765,2.27054970568104,0.715016154973943,0.219528466253919,0.207214753166224,16.85,1.1541095890411,212.45,3.09468317552804,0,-16.0641,4.11759799833194,1.37608385686463,0.451685660266874,1.30108445697626,0.601283991047423,33.3877563865537,51.0347891166449,14.7976986383577,0.969,3.95608738968062,3.43920674799665,0.832442903389189,0.505112958942417
2000-11-17,0.26,124.94,-0.99,-0.99,414.44,0.27043851267845725,658.41,27.06629,750.88,3.17552224503765,2.27054970568104,0.715016154973943,0.219528466253919,0.207214753166224,16.85,1.1541095890411,212.45,3.09468317552804,0,-16.0641,4.11759799833194,1.37608385686463,0.451685660266874,1.30108445697626,0.601283991047423,33.3877563865537,51.0347891166449,14.7976986383577,0.969,3.95608738968062,3.43920674799665,0.832442903389189,0.505112958942417
2000-11-18,0.07,152.77,-2.31,-2.31,375.27,0.27043851267845725,658.41,27.06629,750.88,3.17552224503765,2.27054970568104,0.715016154973943,0.219528466253919,0.207214753166224,16.85,1.1541095890411,212.45,3.09468317552804,0,-16.0641,4.11759799833194,1.37608385686463,0.451685660266874,1.30108445697626,0.601283991047423,33.3877563865537,51.0347891166449,14.7976986383577,0.969,3.95608738968062,3.43920674799665,0.832442903389189,0.505112958942417
2000-11-19,0.0,202.55,-3.03,-3.03,339.33,0.2671802173449819,658.41,27.06629,750.88,3.17552224503765,2.27054970568104,0.715016154973943,0.219528466253919,0.207214753166224,16.85,1.1541095890411,212.45,3.09468317552804,0,-16.0641,4.11759799833194,1.37608385686463,0.451685660266874,1.30108445697626,0.601283991047423,33.3877563865537,51.0347891166449,14.7976986383577,0.969,3.95608738968062,3.43920674799665,0.832442903389189,0.505112958942417
2000-11-20,1.64,184.27,-2.9,-2.9,336.04,0.25740533134455573,658.41,27.06629,750.88,3.17552224503765,2.27054970568104,0.715016154973943,0.219528466253919,0.207214753166224,16.85,1.1541095890411,212.45,3.09468317552804,0,-16.0641,4.11759799833194,1.37608385686463,0.451685660266874,1.30108445697626,0.601283991047423,33.3877563865537,51.0347891166449,14.7976986383577,0.969,3.95608738968062,3.43920674799665,0.832442903389189,0.505112958942417
2000-11-21,4.31,170.55,-4.42,-4.42,298.97,0.2508887406776049,658.41,27.06629,750.88,3.17552224503765,2.27054970568104,0.715016154973943,0.219528466253919,0.207214753166224,16.85,1.1541095890411,212.45,3.09468317552804,0,-16.0641,4.11759799833194,1.37608385686463,0.451685660266874,1.30108445697626,0.601283991047423,33.3877563865537,51.0347891166449,14.7976986383577,0.969,3.95608738968062,3.43920674799665,0.832442903389189,0.505112958942417
2000-11-22,2.49,199.04,-7.73,-7.73,218.21,0.23459726401022798,658.41,27.06629,750.88,3.17552224503765,2.27054970568104,0.715016154973943,0.219528466253919,0.207214753166224,16.85,1.1541095890411,212.45,3.09468317552804,0,-16.0641,4.11759799833194,1.37608385686463,0.451685660266874,1.30108445697626,0.601283991047423,33.3877563865537,51.0347891166449,14.7976986383577,0.969,3.95608738968062,3.43920674799665,0.832442903389189,0.505112958942417
2000-11-23,0.39,287.57,-10.03,-10.03,166.92,0.22482237800980182,658.41,27.06629,750.88,3.17552224503765,2.27054970568104,0.715016154973943,0.219528466253919,0.207214753166224,16.85,1.1541095890411,212.45,3.09468317552804,0,-16.0641,4.11759799833194,1.37608385686463,0.451685660266874,1.30108445697626,0.601283991047423,33.3877563865537,51.0347891166449,14.7976986383577,0.969,3.95608738968062,3.43920674799665,0.832442903389189,0.505112958942417
2000-11-24,1.0,254.61,-8.47,-8.47,184.61,0.22482237800980182,658.41,27.06629,750.88,3.17552224503765,2.27054970568104,0.715016154973943,0.219528466253919,0.207214753166224,16.85,1.1541095890411,212.45,3.09468317552804,0,-16.0641,4.11759799833194,1.37608385686463,0.451685660266874,1.30108445697626,0.601283991047423,33.3877563865537,51.0347891166449,14.7976986383577,0.969,3.95608738968062,3.43920674799665,0.832442903389189,0.505112958942417
2000-11-25,8.41,239.63,-4.76,-4.76,251.86,0.22482237800980182,658.41,27.06629,750.88,3.17552224503765,2.27054970568104,0.715016154973943,0.219528466253919,0.207214753166224,16.85,1.1541095890411,212.45,3.09468317552804,0,-16.0641,4.11759799833194,1.37608385686463,0.451685660266874,1.30108445697626,0.601283991047423,33.3877563865537,51.0347891166449,14.7976986383577,0.969,3.95608738968062,3.43920674799665,0.832442903389189,0.505112958942417
2000-11-26,4.87,223.56,-0.34,-0.34,395.71,1.2120858640528445,658.41,27.06629,750.88,3.17552224503765,2.27054970568104,0.715016154973943,0.219528466253919,0.207214753166224,16.85,1.1541095890411,212.45,3.09468317552804,0,-16.0641,4.11759799833194,1.37608385686463,0.451685660266874,1.30108445697626,0.601283991047423,33.3877563865537,51.0347891166449,14.7976986383577,0.969,3.95608738968062,3.43920674799665,0.832442903389189,0.505112958942417
2000-11-27,0.82,126.0,2.31,2.31,564.48,1.9191359514170039,658.41,27.06629,750.88,3.17552224503765,2.27054970568104,0.715016154973943,0.219528466253919,0.207214753166224,16.85,1.1541095890411,212.45,3.09468317552804,0,-16.0641,4.11759799833194,1.37608385686463,0.451685660266874,1.30108445697626,0.601283991047423,33.3877563865537,51.0347891166449,14.7976986383577,0.969,3.95608738968062,3.43920674799665,0.832442903389189,0.505112958942417
2000-11-28,0.78,133.64,1.4,1.4,548.47,1.2870266567227786,658.41,27.06629,750.88,3.17552224503765,2.27054970568104,0.715016154973943,0.219528466253919,0.207214753166224,16.85,1.1541095890411,212.45,3.09468317552804,0,-16.0641,4.11759799833194,1.37608385686463,0.451685660266874,1.30108445697626,0.601283991047423,33.3877563865537,51.0347891166449,14.7976986383577,0.969,3.95608738968062,3.43920674799665,0.832442903389189,0.505112958942417
2000-11-29,3.01,153.07,0.03,0.03,472.99,1.065462574046452,658.41,27.06629,750.88,3.17552224503765,2.27054970568104,0.715016154973943,0.219528466253919,0.207214753166224,16.85,1.1541095890411,212.45,3.09468317552804,0,-16.0641,4.11759799833194,1.37608385686463,0.451685660266874,1.30108445697626,0.601283991047423,33.3877563865537,51.0347891166449,14.7976986383577,0.969,3.95608738968062,3.43920674799665,0.832442903389189,0.505112958942417
2000-11-30,0.85,194.5,-2.02,-2.02,384.5,1.006813258043895,658.41,27.06629,750.88,3.17552224503765,2.27054970568104,0.715016154973943,0.219528466253919,0.207214753166224,16.85,1.1541095890411,212.45,3.09468317552804,0,-16.0641,4.11759799833194,1.37608385686463,0.451685660266874,1.30108445697626,0.601283991047423,33.3877563865537,51.0347891166449,14.7976986383577,0.969,3.95608738968062,3.43920674799665,0.832442903389189,0.505112958942417
2000-12-01,0.05,189.36,-3.93,-3.93,318.91,0.8764814447048795,658.41,27.06629,750.88,3.17552224503765,2.27054970568104,0.715016154973943,0.219528466253919,0.207214753166224,16.85,1.1541095890411,212.45,3.09468317552804,0,-16.0641,4.11759799833194,1.37608385686463,0.451685660266874,1.30108445697626,0.601283991047423,33.3877563865537,51.0347891166449,14.7976986383577,0.969,3.95608738968062,3.43920674799665,0.832442903389189,0.505112958942417
2000-12-02,0.11,227.77,-8.66,-8.66,193.9,0.7168249733645855,658.41,27.06629,750.88,3.17552224503765,2.27054970568104,0.715016154973943,0.219528466253919,0.207214753166224,16.85,1.1541095890411,212.45,3.09468317552804,0,-16.0641,4.11759799833194,1.37608385686463,0.451685660266874,1.30108445697626,0.601283991047423,33.3877563865537,51.0347891166449,14.7976986383577,0.969,3.95608738968062,3.43920674799665,0.832442903389189,0.505112958942417
2000-12-03,0.03,294.52,-11.31,-11.31,136.07,0.5376187300234391,658.41,27.06629,750.88,3.17552224503765,2.27054970568104,0.715016154973943,0.219528466253919,0.207214753166224,16.85,1.1541095890411,212.45,3.09468317552804,0,-16.0641,4.11759799833194,1.37608385686463,0.451685660266874,1.30108445697626,0.601283991047423,33.3877563865537,51.0347891166449,14.7976986383577,0.969,3.95608738968062,3.43920674799665,0.832442903389189,0.505112958942417
2000-12-04,0.45,256.11,-10.25,-10.25,142.47,0.5213272533560622,658.41,27.06629,750.88,3.17552224503765,2.27054970568104,0.715016154973943,0.219528466253919,0.207214753166224,16.85,1.1541095890411,212.45,3.09468317552804,0,-16.0641,4.11759799833194,1.37608385686463,0.451685660266874,1.30108445697626,0.601283991047423,33.3877563865537,51.0347891166449,14.7976986383577,0.969,3.95608738968062,3.43920674799665,0.832442903389189,0.505112958942417
2000-12-05,1.07,233.34,-7.49,-7.49,180.62,0.553910206690816,658.41,27.06629,750.88,3.17552224503765,2.27054970568104,0.715016154973943,0.219528466253919,0.207214753166224,16.85,1.1541095890411,212.45,3.09468317552804,0,-16.0641,4.11759799833194,1.37608385686463,0.451685660266874,1.30108445697626,0.601283991047423,33.3877563865537,51.0347891166449,14.7976986383577,0.969,3.95608738968062,3.43920674799665,0.832442903389189,0.505112958942417
2000-12-06,1.07,220.9,-5.72,-5.72,223.19,0.5343604346899637,658.41,27.06629,750.88,3.17552224503765,2.27054970568104,0.715016154973943,0.219528466253919,0.207214753166224,16.85,1.1541095890411,212.45,3.09468317552804,0,-16.0641,4.11759799833194,1.37608385686463,0.451685660266874,1.30108445697626,0.601283991047423,33.3877563865537,51.0347891166449,14.7976986383577,0.969,3.95608738968062,3.43920674799665,0.832442903389189,0.505112958942417
2000-12-07,2.48,183.41,-9.0,-9.0,201.74,0.5213272533560622,658.41,27.06629,750.88,3.17552224503765,2.27054970568104,0.715016154973943,0.219528466253919,0.207214753166224,16.85,1.1541095890411,212.45,3.09468317552804,0,-16.0641,4.11759799833194,1.37608385686463,0.451685660266874,1.30108445697626,0.601283991047423,33.3877563865537,51.0347891166449,14.7976986383577,0.969,3.95608738968062,3.43920674799665,0.832442903389189,0.505112958942417
2000-12-08,3.41,172.45,-8.92,-8.92,210.54,0.5213272533560622,658.41,27.06629,750.88,3.17552224503765,2.27054970568104,0.715016154973943,0.219528466253919,0.207214753166224,16.85,1.1541095890411,212.45,3.09468317552804,0,-16.0641,4.11759799833194,1.37608385686463,0.451685660266874,1.30108445697626,0.601283991047423,33.3877563865537,51.0347891166449,14.7976986383577,0.969,3.95608738968062,3.43920674799665,0.832442903389189,0.505112958942417
2000-12-09,0.74,278.72,-10.65,-10.65,161.68,0.4626779373535052,658.41,27.06629,750.88,3.17552224503765,2.27054970568104,0.715016154973943,0.219528466253919,0.207214753166224,16.85,1.1541095890411,212.45,3.09468317552804,0,-16.0641,4.11759799833194,1.37608385686463,0.451685660266874,1.30108445697626,0.601283991047423,33.3877563865537,51.0347891166449,14.7976986383577,0.969,3.95608738968062,3.43920674799665,0.832442903389189,0.505112958942417
2000-12-10,0.18,250.36,-10.71,-10.71,165.35,0.4040286213509482,658.41,27.06629,750.88,3.17552224503765,2.27054970568104,0.715016154973943,0.219528466253919,0.207214753166224,16.85,1.1541095890411,212.45,3.09468317552804,0,-16.0641,4.11759799833194,1.37608385686463,0.451685660266874,1.30108445697626,0.601283991047423,33.3877563865537,51.0347891166449,14.7976986383577,0.969,3.95608738968062,3.43920674799665,0.832442903389189,0.505112958942417
2000-12-11,1.23,189.18,-4.1,-4.1,317.97,0.47245282335393135,658.41,27.06629,750.88,3.17552224503765,2.27054970568104,0.715016154973943,0.219528466253919,0.207214753166224,16.85,1.1541095890411,212.45,3.09468317552804,0,-16.0641,4.11759799833194,1.37608385686463,0.451685660266874,1.30108445697626,0.601283991047423,33.3877563865537,51.0347891166449,14.7976986383577,0.969,3.95608738968062,3.43920674799665,0.832442903389189,0.505112958942417
2000-12-12,2.64,209.08,-1.72,-1.72,344.68,0.7168249733645855,658.41,27.06629,750.88,3.17552224503765,2.27054970568104,0.715016154973943,0.219528466253919,0.207214753166224,16.85,1.1541095890411,212.45,3.09468317552804,0,-16.0641,4.11759799833194,1.37608385686463,0.451685660266874,1.30108445697626,0.601283991047423,33.3877563865537,51.0347891166449,14.7976986383577,0.969,3.95608738968062,3.43920674799665,0.832442903389189,0.505112958942417
2000-12-13,7.79,234.81,-9.67,-9.67,159.62,0.58649316002557,658.41,27.06629,750.88,3.17552224503765,2.27054970568104,0.715016154973943,0.219528466253919,0.207214753166224,16.85,1.1541095890411,212.45,3.09468317552804,0,-16.0641,4.11759799833194,1.37608385686463,0.451685660266874,1.30108445697626,0.601283991047423,33.3877563865537,51.0347891166449,14.7976986383577,0.969,3.95608738968062,3.43920674799665,0.832442903389189,0.505112958942417
2000-12-14,2.08,242.6,-9.17,-9.17,163.36,0.58649316002557,658.41,27.06629,750.88,3.17552224503765,2.27054970568104,0.715016154973943,0.219528466253919,0.207214753166224,16.85,1.1541095890411,212.45,3.09468317552804,0,-16.0641,4.11759799833194,1.37608385686463,0.451685660266874,1.30108445697626,0.601283991047423,33.3877563865537,51.0347891166449,14.7976986383577,0.969,3.95608738968062,3.43920674799665,0.832442903389189,0.505112958942417
2000-12-15,0.53,248.84,-7.03,-7.03,196.88,0.553910206690816,658.41,27.06629,750.88,3.17552224503765,2.27054970568104,0.715016154973943,0.219528466253919,0.207214753166224,16.85,1.1541095890411,212.45,3.09468317552804,0,-16.0641,4.11759799833194,1.37608385686463,0.451685660266874,1.30108445697626,0.601283991047423,33.3877563865537,51.0347891166449,14.7976986383577,0.969,3.95608738968062,3.43920674799665,0.832442903389189,0.505112958942417
2000-12-16,7.27,228.71,-6.38,-6.38,247.49,0.5473936160238653,658.41,27.06629,750.88,3.17552224503765,2.27054970568104,0.715016154973943,0.219528466253919,0.207214753166224,16.85,1.1541095890411,212.45,3.09468317552804,0,-16.0641,4.11759799833194,1.37608385686463,0.451685660266874,1.30108445697626,0.601283991047423,33.3877563865537,51.0347891166449,14.7976986383577,0.969,3.95608738968062,3.43920674799665,0.832442903389189,0.505112958942417
2000-12-17,3.66,221.12,2.06,2.06,445.47,5.050357766886853,658.41,27.06629,750.88,3.17552224503765,2.27054970568104,0.715016154973943,0.219528466253919,0.207214753166224,16.85,1.1541095890411,212.45,3.09468317552804,0,-16.0641,4.11759799833194,1.37608385686463,0.451685660266874,1.30108445697626,0.601283991047423,33.3877563865537,51.0347891166449,14.7976986383577,0.969,3.95608738968062,3.43920674799665,0.832442903389189,0.505112958942417
2000-12-18,0.98,234.4,-1.13,-1.13,287.24,2.606636266780311,658.41,27.06629,750.88,3.17552224503765,2.27054970568104,0.715016154973943,0.219528466253919,0.207214753166224,16.85,1.1541095890411,212.45,3.09468317552804,0,-16.0641,4.11759799833194,1.37608385686463,0.451685660266874,1.30108445697626,0.601283991047423,33.3877563865537,51.0347891166449,14.7976986383577,0.969,3.95608738968062,3.43920674799665,0.832442903389189,0.505112958942417
2000-12-19,0.22,206.91,-6.68,-6.68,220.41,1.8246453867462178,658.41,27.06629,750.88,3.17552224503765,2.27054970568104,0.715016154973943,0.219528466253919,0.207214753166224,16.85,1.1541095890411,212.45,3.09468317552804,0,-16.0641,4.11759799833194,1.37608385686463,0.451685660266874,1.30108445697626,0.601283991047423,33.3877563865537,51.0347891166449,14.7976986383577,0.969,3.95608738968062,3.43920674799665,0.832442903389189,0.505112958942417
2000-12-20,1.32,228.32,-7.77,-7.77,213.46,1.4988158533986788,658.41,27.06629,750.88,3.17552224503765,2.27054970568104,0.715016154973943,0.219528466253919,0.207214753166224,16.85,1.1541095890411,212.45,3.09468317552804,0,-16.0641,4.11759799833194,1.37608385686463,0.451685660266874,1.30108445697626,0.601283991047423,33.3877563865537,51.0347891166449,14.7976986383577,0.969,3.95608738968062,3.43920674799665,0.832442903389189,0.505112958942417
2000-12-21,0.83,202.69,-9.17,-9.17,194.11,1.2381522267206477,658.41,27.06629,750.88,3.17552224503765,2.27054970568104,0.715016154973943,0.219528466253919,0.207214753166224,16.85,1.1541095890411,212.45,3.09468317552804,0,-16.0641,4.11759799833194,1.37608385686463,0.451685660266874,1.30108445697626,0.601283991047423,33.3877563865537,51.0347891166449,14.7976986383577,0.969,3.95608738968062,3.43920674799665,0.832442903389189,0.505112958942417
2000-12-22,0.2,210.19,-8.0,-8.0,205.93,0.9774886000426166,658.41,27.06629,750.88,3.17552224503765,2.27054970568104,0.715016154973943,0.219528466253919,0.207214753166224,16.85,1.1541095890411,212.45,3.09468317552804,0,-16.0641,4.11759799833194,1.37608385686463,0.451685660266874,1.30108445697626,0.601283991047423,33.3877563865537,51.0347891166449,14.7976986383577,0.969,3.95608738968062,3.43920674799665,0.832442903389189,0.505112958942417
2000-12-23,0.12,210.64,-12.4,-12.4,145.04,0.8471567867036011,658.41,27.06629,750.88,3.17552224503765,2.27054970568104,0.715016154973943,0.219528466253919,0.207214753166224,16.85,1.1541095890411,212.45,3.09468317552804,0,-16.0641,4.11759799833194,1.37608385686463,0.451685660266874,1.30108445697626,0.601283991047423,33.3877563865537,51.0347891166449,14.7976986383577,0.969,3.95608738968062,3.43920674799665,0.832442903389189,0.505112958942417
2000-12-24,0.61,212.22,-11.04,-11.04,157.7,0.7819908800340932,658.41,27.06629,750.88,3.17552224503765,2.27054970568104,0.715016154973943,0.219528466253919,0.207214753166224,16.85,1.1541095890411,212.45,3.09468317552804,0,-16.0641,4.11759799833194,1.37608385686463,0.451685660266874,1.30108445697626,0.601283991047423,33.3877563865537,51.0347891166449,14.7976986383577,0.969,3.95608738968062,3.43920674799665,0.832442903389189,0.505112958942417
2000-12-25,0.22,233.11,-11.27,-11.27,148.31,0.7168249733645855,658.41,27.06629,750.88,3.17552224503765,2.27054970568104,0.715016154973943,0.219528466253919,0.207214753166224,16.85,1.1541095890411,212.45,3.09468317552804,0,-16.0641,4.11759799833194,1.37608385686463,0.451685660266874,1.30108445697626,0.601283991047423,33.3877563865537,51.0347891166449,14.7976986383577,0.969,3.95608738968062,3.43920674799665,0.832442903389189,0.505112958942417
2000-12-26,0.07,229.99,-13.28,-13.28,136.34,0.6516590666950778,658.41,27.06629,750.88,3.17552224503765,2.27054970568104,0.715016154973943,0.219528466253919,0.207214753166224,16.85,1.1541095890411,212.45,3.09468317552804,0,-16.0641,4.11759799833194,1.37608385686463,0.451685660266874,1.30108445697626,0.601283991047423,33.3877563865537,51.0347891166449,14.7976986383577,0.969,3.95608738968062,3.43920674799665,0.832442903389189,0.505112958942417
2000-12-27,0.44,179.51,-9.74,-9.74,188.07,0.6516590666950778,658.41,27.06629,750.88,3.17552224503765,2.27054970568104,0.715016154973943,0.219528466253919,0.207214753166224,16.85,1.1541095890411,212.45,3.09468317552804,0,-16.0641,4.11759799833194,1.37608385686463,0.451685660266874,1.30108445697626,0.601283991047423,33.3877563865537,51.0347891166449,14.7976986383577,0.969,3.95608738968062,3.43920674799665,0.832442903389189,0.505112958942417
2000-12-28,0.13,265.03,-11.84,-11.84,140.93,0.6190761133603239,658.41,27.06629,750.88,3.17552224503765,2.27054970568104,0.715016154973943,0.219528466253919,0.207214753166224,16.85,1.1541095890411,212.45,3.09468317552804,0,-16.0641,4.11759799833194,1.37608385686463,0.451685660266874,1.30108445697626,0.601283991047423,33.3877563865537,51.0347891166449,14.7976986383577,0.969,3.95608738968062,3.43920674799665,0.832442903389189,0.505112958942417
2000-12-29,0.32,238.35,-14.64,-14.64,111.52,0.58649316002557,658.41,27.06629,750.88,3.17552224503765,2.27054970568104,0.715016154973943,0.219528466253919,0.207214753166224,16.85,1.1541095890411,212.45,3.09468317552804,0,-16.0641,4.11759799833194,1.37608385686463,0.451685660266874,1.30108445697626,0.601283991047423,33.3877563865537,51.0347891166449,14.7976986383577,0.969,3.95608738968062,3.43920674799665,0.832442903389189,0.505112958942417
2000-12-30,2.28,213.06,-12.76,-12.76,139.38,0.553910206690816,658.41,27.06629,750.88,3.17552224503765,2.27054970568104,0.715016154973943,0.219528466253919,0.207214753166224,16.85,1.1541095890411,212.45,3.09468317552804,0,-16.0641,4.11759799833194,1.37608385686463,0.451685660266874,1.30108445697626,0.601283991047423,33.3877563865537,51.0347891166449,14.7976986383577,0.969,3.95608738968062,3.43920674799665,0.832442903389189,0.505112958942417
2000-12-31,0.64,210.62,-10.36,-10.36,177.39,0.5213272533560622,658.41,27.06629,750.88,3.17552224503765,2.27054970568104,0.715016154973943,0.219528466253919,0.207214753166224,16.85,1.1541095890411,212.45,3.09468317552804,0,-16.0641,4.11759799833194,1.37608385686463,0.451685660266874,1.30108445697626,0.601283991047423,33.3877563865537,51.0347891166449,14.7976986383577,0.969,3.95608738968062,3.43920674799665,0.832442903389189,0.505112958942417
2001-01-01,0.03,204.37,-9.44,-9.44,191.95,0.5213272533560622,658.41,27.06629,750.88,3.17552224503765,2.27054970568104,0.715016154973943,0.219528466253919,0.207214753166224,16.85,1.1541095890411,212.45,3.09468317552804,0,-16.0641,4.11759799833194,1.37608385686463,0.451685660266874,1.30108445697626,0.601283991047423,33.3877563865537,51.0347891166449,14.7976986383577,0.969,3.95608738968062,3.43920674799665,0.832442903389189,0.505112958942417
2001-01-02,0.0,287.8,-11.14,-11.14,151.96,0.5376187300234391,658.41,27.06629,750.88,3.17552224503765,2.27054970568104,0.715016154973943,0.219528466253919,0.207214753166224,16.85,1.1541095890411,212.45,3.09468317552804,0,-16.0641,4.11759799833194,1.37608385686463,0.451685660266874,1.30108445697626,0.601283991047423,33.3877563865537,51.0347891166449,14.7976986383577,0.969,3.95608738968062,3.43920674799665,0.832442903389189,0.505112958942417
2001-01-03,0.16,200.97,-10.56,-10.56,176.01,0.553910206690816,658.41,27.06629,750.88,3.17552224503765,2.27054970568104,0.715016154973943,0.219528466253919,0.207214753166224,16.85,1.1541095890411,212.45,3.09468317552804,0,-16.0641,4.11759799833194,1.37608385686463,0.451685660266874,1.30108445697626,0.601283991047423,33.3877563865537,51.0347891166449,14.7976986383577,0.969,3.95608738968062,3.43920674799665,0.832442903389189,0.505112958942417
2001-01-04,0.25,190.79,-7.12,-7.12,242.77,0.5213272533560622,658.41,27.06629,750.88,3.17552224503765,2.27054970568104,0.715016154973943,0.219528466253919,0.207214753166224,16.85,1.1541095890411,212.45,3.09468317552804,0,-16.0641,4.11759799833194,1.37608385686463,0.451685660266874,1.30108445697626,0.601283991047423,33.3877563865537,51.0347891166449,14.7976986383577,0.969,3.95608738968062,3.43920674799665,0.832442903389189,0.505112958942417
2001-01-05,2.03,180.9,-6.54,-6.54,263.09,0.48222770935435755,658.41,27.06629,750.88,3.17552224503765,2.27054970568104,0.715016154973943,0.219528466253919,0.207214753166224,16.85,1.1541095890411,212.45,3.09468317552804,0,-16.0641,4.11759799833194,1.37608385686463,0.451685660266874,1.30108445697626,0.601283991047423,33.3877563865537,51.0347891166449,14.7976986383577,0.969,3.95608738968062,3.43920674799665,0.832442903389189,0.505112958942417
2001-01-06,0.52,220.23,-4.72,-4.72,303.14,0.44964475601960363,658.41,27.06629,750.88,3.17552224503765,2.27054970568104,0.715016154973943,0.219528466253919,0.207214753166224,16.85,1.1541095890411,212.45,3.09468317552804,0,-16.0641,4.11759799833194,1.37608385686463,0.451685660266874,1.30108445697626,0.601283991047423,33.3877563865537,51.0347891166449,14.7976986383577,0.969,3.95608738968062,3.43920674799665,0.832442903389189,0.505112958942417
2001-01-07,0.0,183.41,-4.42,-4.42,326.28,0.41706180268484977,658.41,27.06629,750.88,3.17552224503765,2.27054970568104,0.715016154973943,0.219528466253919,0.207214753166224,16.85,1.1541095890411,212.45,3.09468317552804,0,-16.0641,4.11759799833194,1.37608385686463,0.451685660266874,1.30108445697626,0.601283991047423,33.3877563865537,51.0347891166449,14.7976986383577,0.969,3.95608738968062,3.43920674799665,0.832442903389189,0.505112958942417
2001-01-08,0.03,175.02,-3.44,-3.44,337.92,0.4007703260174728,658.41,27.06629,750.88,3.17552224503765,2.27054970568104,0.715016154973943,0.219528466253919,0.207214753166224,16.85,1.1541095890411,212.45,3.09468317552804,0,-16.0641,4.11759799833194,1.37608385686463,0.451685660266874,1.30108445697626,0.601283991047423,33.3877563865537,51.0347891166449,14.7976986383577,0.969,3.95608738968062,3.43920674799665,0.832442903389189,0.505112958942417
2001-01-09,0.18,239.8,-6.91,-6.91,220.07,0.35841248668229275,658.41,27.06629,750.88,3.17552224503765,2.27054970568104,0.715016154973943,0.219528466253919,0.207214753166224,16.85,1.1541095890411,212.45,3.09468317552804,0,-16.0641,4.11759799833194,1.37608385686463,0.451685660266874,1.30108445697626,0.601283991047423,33.3877563865537,51.0347891166449,14.7976986383577,0.969,3.95608738968062,3.43920674799665,0.832442903389189,0.505112958942417
2001-01-10,0.05,249.65,-7.77,-7.77,226.44,0.3453793053483912,658.41,27.06629,750.88,3.17552224503765,2.27054970568104,0.715016154973943,0.219528466253919,0.207214753166224,16.85,1.1541095890411,212.45,3.09468317552804,0,-16.0641,4.11759799833194,1.37608385686463,0.451685660266874,1.30108445697626,0.601283991047423,33.3877563865537,51.0347891166449,14.7976986383577,0.969,3.95608738968062,3.43920674799665,0.832442903389189,0.505112958942417
2001-01-11,0.0,236.75,-3.54,-3.54,315.89,0.3486376006818666,658.41,27.06629,750.88,3.17552224503765,2.27054970568104,0.715016154973943,0.219528466253919,0.207214753166224,16.85,1.1541095890411,212.45,3.09468317552804,0,-16.0641,4.11759799833194,1.37608385686463,0.451685660266874,1.30108445697626,0.601283991047423,33.3877563865537,51.0347891166449,14.7976986383577,0.969,3.95608738968062,3.43920674799665,0.832442903389189,0.505112958942417
2001-01-12,0.0,306.87,-5.47,-5.47,232.38,0.3258295333475389,658.41,27.06629,750.88,3.17552224503765,2.27054970568104,0.715016154973943,0.219528466253919,0.207214753166224,16.85,1.1541095890411,212.45,3.09468317552804,0,-16.0641,4.11759799833194,1.37608385686463,0.451685660266874,1.30108445697626,0.601283991047423,33.3877563865537,51.0347891166449,14.7976986383577,0.969,3.95608738968062,3.43920674799665,0.832442903389189,0.505112958942417
2001-01-13,0.0,317.23,-5.97,-5.97,199.35,0.293246580012785,658.41,27.06629,750.88,3.17552224503765,2.27054970568104,0.715016154973943,0.219528466253919,0.207214753166224,16.85,1.1541095890411,212.45,3.09468317552804,0,-16.0641,4.11759799833194,1.37608385686463,0.451685660266874,1.30108445697626,0.601283991047423,33.3877563865537,51.0347891166449,14.7976986383577,0.969,3.95608738968062,3.43920674799665,0.832442903389189,0.505112958942417
2001-01-14,0.19,254.64,-5.03,-5.03,227.72,0.30627976134668655,658.41,27.06629,750.88,3.17552224503765,2.27054970568104,0.715016154973943,0.219528466253919,0.207214753166224,16.85,1.1541095890411,212.45,3.09468317552804,0,-16.0641,4.11759799833194,1.37608385686463,0.451685660266874,1.30108445697626,0.601283991047423,33.3877563865537,51.0347891166449,14.7976986383577,0.969,3.95608738968062,3.43920674799665,0.832442903389189,0.505112958942417
2001-01-15,1.1,224.0,-1.27,-1.27,360.94,0.32257123801406345,658.41,27.06629,750.88,3.17552224503765,2.27054970568104,0.715016154973943,0.219528466253919,0.207214753166224,16.85,1.1541095890411,212.45,3.09468317552804,0,-16.0641,4.11759799833194,1.37608385686463,0.451685660266874,1.30108445697626,0.601283991047423,33.3877563865537,51.0347891166449,14.7976986383577,0.969,3.95608738968062,3.43920674799665,0.832442903389189,0.505112958942417
2001-01-16,0.32,225.86,0.7,0.7,449.35,0.3909954400170466,658.41,27.06629,750.88,3.17552224503765,2.27054970568104,0.715016154973943,0.219528466253919,0.207214753166224,16.85,1.1541095890411,212.45,3.09468317552804,0,-16.0641,4.11759799833194,1.37608385686463,0.451685660266874,1.30108445697626,0.601283991047423,33.3877563865537,51.0347891166449,14.7976986383577,0.969,3.95608738968062,3.43920674799665,0.832442903389189,0.505112958942417
2001-01-17,0.09,161.74,-0.68,-0.68,431.85,0.3779622586831451,658.41,27.06629,750.88,3.17552224503765,2.27054970568104,0.715016154973943,0.219528466253919,0.207214753166224,16.85,1.1541095890411,212.45,3.09468317552804,0,-16.0641,4.11759799833194,1.37608385686463,0.451685660266874,1.30108445697626,0.601283991047423,33.3877563865537,51.0347891166449,14.7976986383577,0.969,3.95608738968062,3.43920674799665,0.832442903389189,0.505112958942417
2001-01-18,0.71,168.33,-2.89,-2.89,371.84,0.3649290773492435,658.41,27.06629,750.88,3.17552224503765,2.27054970568104,0.715016154973943,0.219528466253919,0.207214753166224,16.85,1.1541095890411,212.45,3.09468317552804,0,-16.0641,4.11759799833194,1.37608385686463,0.451685660266874,1.30108445697626,0.601283991047423,33.3877563865537,51.0347891166449,14.7976986383577,0.969,3.95608738968062,3.43920674799665,0.832442903389189,0.505112958942417
2001-01-19,2.01,206.71,-2.25,-2.25,354.87,0.35515419134881737,658.41,27.06629,750.88,3.17552224503765,2.27054970568104,0.715016154973943,0.219528466253919,0.207214753166224,16.85,1.1541095890411,212.45,3.09468317552804,0,-16.0641,4.11759799833194,1.37608385686463,0.451685660266874,1.30108445697626,0.601283991047423,33.3877563865537,51.0347891166449,14.7976986383577,0.969,3.95608738968062,3.43920674799665,0.832442903389189,0.505112958942417
2001-01-20,0.49,286.1,-4.62,-4.62,263.53,0.3258295333475389,658.41,27.06629,750.88,3.17552224503765,2.27054970568104,0.715016154973943,0.219528466253919,0.207214753166224,16.85,1.1541095890411,212.45,3.09468317552804,0,-16.0641,4.11759799833194,1.37608385686463,0.451685660266874,1.30108445697626,0.601283991047423,33.3877563865537,51.0347891166449,14.7976986383577,0.969,3.95608738968062,3.43920674799665,0.832442903389189,0.505112958942417
2001-01-21,0.0,265.81,-8.35,-8.35,202.02,0.30953805668016193,658.41,27.06629,750.88,3.17552224503765,2.27054970568104,0.715016154973943,0.219528466253919,0.207214753166224,16.85,1.1541095890411,212.45,3.09468317552804,0,-16.0641,4.11759799833194,1.37608385686463,0.451685660266874,1.30108445697626,0.601283991047423,33.3877563865537,51.0347891166449,14.7976986383577,0.969,3.95608738968062,3.43920674799665,0.832442903389189,0.505112958942417
2001-01-22,0.0,319.83,-8.57,-8.57,182.5,0.2899882846793096,658.41,27.06629,750.88,3.17552224503765,2.27054970568104,0.715016154973943,0.219528466253919,0.207214753166224,16.85,1.1541095890411,212.45,3.09468317552804,0,-16.0641,4.11759799833194,1.37608385686463,0.451685660266874,1.30108445697626,0.601283991047423,33.3877563865537,51.0347891166449,14.7976986383577,0.969,3.95608738968062,3.43920674799665,0.832442903389189,0.505112958942417
2001-01-23,0.02,319.94,-8.81,-8.81,174.91,0.2671802173449819,658.41,27.06629,750.88,3.17552224503765,2.27054970568104,0.715016154973943,0.219528466253919,0.207214753166224,16.85,1.1541095890411,212.45,3.09468317552804,0,-16.0641,4.11759799833194,1.37608385686463,0.451685660266874,1.30108445697626,0.601283991047423,33.3877563865537,51.0347891166449,14.7976986383577,0.969,3.95608738968062,3.43920674799665,0.832442903389189,0.505112958942417
2001-01-24,0.4,261.97,-4.4,-4.4,251.87,0.29650487534626035,658.41,27.06629,750.88,3.17552224503765,2.27054970568104,0.715016154973943,0.219528466253919,0.207214753166224,16.85,1.1541095890411,212.45,3.09468317552804,0,-16.0641,4.11759799833194,1.37608385686463,0.451685660266874,1.30108445697626,0.601283991047423,33.3877563865537,51.0347891166449,14.7976986383577,0.969,3.95608738968062,3.43920674799665,0.832442903389189,0.505112958942417
2001-01-25,0.12,286.36,-3.56,-3.56,270.96,0.276955103345408,658.41,27.06629,750.88,3.17552224503765,2.27054970568104,0.715016154973943,0.219528466253919,0.207214753166224,16.85,1.1541095890411,212.45,3.09468317552804,0,-16.0641,4.11759799833194,1.37608385686463,0.451685660266874,1.30108445697626,0.601283991047423,33.3877563865537,51.0347891166449,14.7976986383577,0.969,3.95608738968062,3.43920674799665,0.832442903389189,0.505112958942417
2001-01-26,0.81,248.38,-8.47,-8.47,195.75,0.24763044534412954,658.41,27.06629,750.88,3.17552224503765,2.27054970568104,0.715016154973943,0.219528466253919,0.207214753166224,16.85,1.1541095890411,212.45,3.09468317552804,0,-16.0641,4.11759799833194,1.37608385686463,0.451685660266874,1.30108445697626,0.601283991047423,33.3877563865537,51.0347891166449,14.7976986383577,0.969,3.95608738968062,3.43920674799665,0.832442903389189,0.505112958942417
2001-01-27,1.23,270.87,-6.86,-6.86,206.6,0.276955103345408,658.41,27.06629,750.88,3.17552224503765,2.27054970568104,0.715016154973943,0.219528466253919,0.207214753166224,16.85,1.1541095890411,212.45,3.09468317552804,0,-16.0641,4.11759799833194,1.37608385686463,0.451685660266874,1.30108445697626,0.601283991047423,33.3877563865537,51.0347891166449,14.7976986383577,0.969,3.95608738968062,3.43920674799665,0.832442903389189,0.505112958942417
2001-01-28,0.28,285.55,-6.38,-6.38,221.38,0.25414703601108035,658.41,27.06629,750.88,3.17552224503765,2.27054970568104,0.715016154973943,0.219528466253919,0.207214753166224,16.85,1.1541095890411,212.45,3.09468317552804,0,-16.0641,4.11759799833194,1.37608385686463,0.451685660266874,1.30108445697626,0.601283991047423,33.3877563865537,51.0347891166449,14.7976986383577,0.969,3.95608738968062,3.43920674799665,0.832442903389189,0.505112958942417
2001-01-29,1.73,257.11,-8.3,-8.3,199.22,0.2508887406776049,658.41,27.06629,750.88,3.17552224503765,2.27054970568104,0.715016154973943,0.219528466253919,0.207214753166224,16.85,1.1541095890411,212.45,3.09468317552804,0,-16.0641,4.11759799833194,1.37608385686463,0.451685660266874,1.30108445697626,0.601283991047423,33.3877563865537,51.0347891166449,14.7976986383577,0.969,3.95608738968062,3.43920674799665,0.832442903389189,0.505112958942417
2001-01-30,5.71,284.0,-5.42,-5.42,255.07,0.32908782868101427,658.41,27.06629,750.88,3.17552224503765,2.27054970568104,0.715016154973943,0.219528466253919,0.207214753166224,16.85,1.1541095890411,212.45,3.09468317552804,0,-16.0641,4.11759799833194,1.37608385686463,0.451685660266874,1.30108445697626,0.601283991047423,33.3877563865537,51.0347891166449,14.7976986383577,0.969,3.95608738968062,3.43920674799665,0.832442903389189,0.505112958942417
2001-01-31,1.65,223.16,1.44,1.44,465.16,0.7168249733645855,658.41,27.06629,750.88,3.17552224503765,2.27054970568104,0.715016154973943,0.219528466253919,0.207214753166224,16.85,1.1541095890411,212.45,3.09468317552804,0,-16.0641,4.11759799833194,1.37608385686463,0.451685660266874,1.30108445697626,0.601283991047423,33.3877563865537,51.0347891166449,14.7976986383577,0.969,3.95608738968062,3.43920674799665,0.832442903389189,0.505112958942417
2001-02-01,0.22,129.35,0.37,0.37,472.68,0.6907586106967823,658.41,27.06629,750.88,3.17552224503765,2.27054970568104,0.715016154973943,0.219528466253919,0.207214753166224,16.85,1.1541095890411,212.45,3.09468317552804,0,-16.0641,4.11759799833194,1.37608385686463,0.451685660266874,1.30108445697626,0.601283991047423,33.3877563865537,51.0347891166449,14.7976986383577,0.969,3.95608738968062,3.43920674799665,0.832442903389189,0.505112958942417
2001-02-02,0.51,253.6,-3.25,-3.25,316.15,0.58649316002557,658.41,27.06629,750.88,3.17552224503765,2.27054970568104,0.715016154973943,0.219528466253919,0.207214753166224,16.85,1.1541095890411,212.45,3.09468317552804,0,-16.0641,4.11759799833194,1.37608385686463,0.451685660266874,1.30108445697626,0.601283991047423,33.3877563865537,51.0347891166449,14.7976986383577,0.969,3.95608738968062,3.43920674799665,0.832442903389189,0.505112958942417
2001-02-03,0.12,365.08,-5.95,-5.95,206.62,0.4887443000213083,658.41,27.06629,750.88,3.17552224503765,2.27054970568104,0.715016154973943,0.219528466253919,0.207214753166224,16.85,1.1541095890411,212.45,3.09468317552804,0,-16.0641,4.11759799833194,1.37608385686463,0.451685660266874,1.30108445697626,0.601283991047423,33.3877563865537,51.0347891166449,14.7976986383577,0.969,3.95608738968062,3.43920674799665,0.832442903389189,0.505112958942417
2001-02-04,0.0,351.34,-9.15,-9.15,187.04,0.47245282335393135,658.41,27.06629,750.88,3.17552224503765,2.27054970568104,0.715016154973943,0.219528466253919,0.207214753166224,16.85,1.1541095890411,212.45,3.09468317552804,0,-16.0641,4.11759799833194,1.37608385686463,0.451685660266874,1.30108445697626,0.601283991047423,33.3877563865537,51.0347891166449,14.7976986383577,0.969,3.95608738968062,3.43920674799665,0.832442903389189,0.505112958942417
2001-02-05,0.02,287.41,-2.76,-2.76,337.12,0.45616134668655445,658.41,27.06629,750.88,3.17552224503765,2.27054970568104,0.715016154973943,0.219528466253919,0.207214753166224,16.85,1.1541095890411,212.45,3.09468317552804,0,-16.0641,4.11759799833194,1.37608385686463,0.451685660266874,1.30108445697626,0.601283991047423,33.3877563865537,51.0347891166449,14.7976986383577,0.969,3.95608738968062,3.43920674799665,0.832442903389189,0.505112958942417
2001-02-06,1.34,226.29,-0.89,-0.89,394.89,0.4626779373535052,658.41,27.06629,750.88,3.17552224503765,2.27054970568104,0.715016154973943,0.219528466253919,0.207214753166224,16.85,1.1541095890411,212.45,3.09468317552804,0,-16.0641,4.11759799833194,1.37608385686463,0.451685660266874,1.30108445697626,0.601283991047423,33.3877563865537,51.0347891166449,14.7976986383577,0.969,3.95608738968062,3.43920674799665,0.832442903389189,0.505112958942417
2001-02-07,0.54,198.28,-1.69,-1.69,368.22,0.44312816535265287,658.41,27.06629,750.88,3.17552224503765,2.27054970568104,0.715016154973943,0.219528466253919,0.207214753166224,16.85,1.1541095890411,212.45,3.09468317552804,0,-16.0641,4.11759799833194,1.37608385686463,0.451685660266874,1.30108445697626,0.601283991047423,33.3877563865537,51.0347891166449,14.7976986383577,0.969,3.95608738968062,3.43920674799665,0.832442903389189,0.505112958942417
2001-02-08,1.29,282.74,-5.6,-5.6,259.8,0.4203200980183251,658.41,27.06629,750.88,3.17552224503765,2.27054970568104,0.715016154973943,0.219528466253919,0.207214753166224,16.85,1.1541095890411,212.45,3.09468317552804,0,-16.0641,4.11759799833194,1.37608385686463,0.451685660266874,1.30108445697626,0.601283991047423,33.3877563865537,51.0347891166449,14.7976986383577,0.969,3.95608738968062,3.43920674799665,0.832442903389189,0.505112958942417
2001-02-09,1.76,297.21,-1.15,-1.15,327.72,1.5965647134029404,658.41,27.06629,750.88,3.17552224503765,2.27054970568104,0.715016154973943,0.219528466253919,0.207214753166224,16.85,1.1541095890411,212.45,3.09468317552804,0,-16.0641,4.11759799833194,1.37608385686463,0.451685660266874,1.30108445697626,0.601283991047423,33.3877563865537,51.0347891166449,14.7976986383577,0.969,3.95608738968062,3.43920674799665,0.832442903389189,0.505112958942417
2001-02-10,0.46,310.52,2.23,2.23,332.99,5.278438440230129,658.41,27.06629,750.88,3.17552224503765,2.27054970568104,0.715016154973943,0.219528466253919,0.207214753166224,16.85,1.1541095890411,212.45,3.09468317552804,0,-16.0641,4.11759799833194,1.37608385686463,0.451685660266874,1.30108445697626,0.601283991047423,33.3877563865537,51.0347891166449,14.7976986383577,0.969,3.95608738968062,3.43920674799665,0.832442903389189,0.505112958942417
2001-02-11,0.02,338.73,-5.22,-5.22,208.66,2.1602498060941824,658.41,27.06629,750.88,3.17552224503765,2.27054970568104,0.715016154973943,0.219528466253919,0.207214753166224,16.85,1.1541095890411,212.45,3.09468317552804,0,-16.0641,4.11759799833194,1.37608385686463,0.451685660266874,1.30108445697626,0.601283991047423,33.3877563865537,51.0347891166449,14.7976986383577,0.969,3.95608738968062,3.43920674799665,0.832442903389189,0.505112958942417
2001-02-12,0.0,372.84,-10.6,-10.6,153.31,1.7268965267419558,658.41,27.06629,750.88,3.17552224503765,2.27054970568104,0.715016154973943,0.219528466253919,0.207214753166224,16.85,1.1541095890411,212.45,3.09468317552804,0,-16.0641,4.11759799833194,1.37608385686463,0.451685660266874,1.30108445697626,0.601283991047423,33.3877563865537,51.0347891166449,14.7976986383577,0.969,3.95608738968062,3.43920674799665,0.832442903389189,0.505112958942417
2001-02-13,0.53,314.62,-7.22,-7.22,199.27,1.5509485787342852,658.41,27.06629,750.88,3.17552224503765,2.27054970568104,0.715016154973943,0.219528466253919,0.207214753166224,16.85,1.1541095890411,212.45,3.09468317552804,0,-16.0641,4.11759799833194,1.37608385686463,0.451685660266874,1.30108445697626,0.601283991047423,33.3877563865537,51.0347891166449,14.7976986383577,0.969,3.95608738968062,3.43920674799665,0.832442903389189,0.505112958942417
2001-02-14,7.93,315.55,-1.19,-1.19,309.77,1.9745269720860854,658.41,27.06629,750.88,3.17552224503765,2.27054970568104,0.715016154973943,0.219528466253919,0.207214753166224,16.85,1.1541095890411,212.45,3.09468317552804,0,-16.0641,4.11759799833194,1.37608385686463,0.451685660266874,1.30108445697626,0.601283991047423,33.3877563865537,51.0347891166449,14.7976986383577,0.969,3.95608738968062,3.43920674799665,0.832442903389189,0.505112958942417
2001-02-15,2.33,306.96,0.98,0.98,368.56,4.007703260174727,658.41,27.06629,750.88,3.17552224503765,2.27054970568104,0.715016154973943,0.219528466253919,0.207214753166224,16.85,1.1541095890411,212.45,3.09468317552804,0,-16.0641,4.11759799833194,1.37608385686463,0.451685660266874,1.30108445697626,0.601283991047423,33.3877563865537,51.0347891166449,14.7976986383577,0.969,3.95608738968062,3.43920674799665,0.832442903389189,0.505112958942417
2001-02-16,0.75,258.47,-3.28,-3.28,293.14,2.170024692094609,658.41,27.06629,750.88,3.17552224503765,2.27054970568104,0.715016154973943,0.219528466253919,0.207214753166224,16.85,1.1541095890411,212.45,3.09468317552804,0,-16.0641,4.11759799833194,1.37608385686463,0.451685660266874,1.30108445697626,0.601283991047423,33.3877563865537,51.0347891166449,14.7976986383577,0.969,3.95608738968062,3.43920674799665,0.832442903389189,0.505112958942417
2001-02-17,0.3,306.2,-5.08,-5.08,235.88,1.7920624334114639,658.41,27.06629,750.88,3.17552224503765,2.27054970568104,0.715016154973943,0.219528466253919,0.207214753166224,16.85,1.1541095890411,212.45,3.09468317552804,0,-16.0641,4.11759799833194,1.37608385686463,0.451685660266874,1.30108445697626,0.601283991047423,33.3877563865537,51.0347891166449,14.7976986383577,0.969,3.95608738968062,3.43920674799665,0.832442903389189,0.505112958942417
2001-02-18,0.03,328.05,-9.08,-9.08,183.07,1.433649946729171,658.41,27.06629,750.88,3.17552224503765,2.27054970568104,0.715016154973943,0.219528466253919,0.207214753166224,16.85,1.1541095890411,212.45,3.09468317552804,0,-16.0641,4.11759799833194,1.37608385686463,0.451685660266874,1.30108445697626,0.601283991047423,33.3877563865537,51.0347891166449,14.7976986383577,0.969,3.95608738968062,3.43920674799665,0.832442903389189,0.505112958942417
2001-02-19,0.0,370.08,-8.39,-8.39,200.2,1.3684840400596632,658.41,27.06629,750.88,3.17552224503765,2.27054970568104,0.715016154973943,0.219528466253919,0.207214753166224,16.85,1.1541095890411,212.45,3.09468317552804,0,-16.0641,4.11759799833194,1.37608385686463,0.451685660266874,1.30108445697626,0.601283991047423,33.3877563865537,51.0347891166449,14.7976986383577,0.969,3.95608738968062,3.43920674799665,0.832442903389189,0.505112958942417
2001-02-20,0.01,381.48,-4.07,-4.07,258.29,1.3130930193905817,658.41,27.06629,750.88,3.17552224503765,2.27054970568104,0.715016154973943,0.219528466253919,0.207214753166224,16.85,1.1541095890411,212.45,3.09468317552804,0,-16.0641,4.11759799833194,1.37608385686463,0.451685660266874,1.30108445697626,0.601283991047423,33.3877563865537,51.0347891166449,14.7976986383577,0.969,3.95608738968062,3.43920674799665,0.832442903389189,0.505112958942417
2001-02-21,0.61,335.03,-1.69,-1.69,254.43,1.2707351800554014,658.41,27.06629,750.88,3.17552224503765,2.27054970568104,0.715016154973943,0.219528466253919,0.207214753166224,16.85,1.1541095890411,212.45,3.09468317552804,0,-16.0641,4.11759799833194,1.37608385686463,0.451685660266874,1.30108445697626,0.601283991047423,33.3877563865537,51.0347891166449,14.7976986383577,0.969,3.95608738968062,3.43920674799665,0.832442903389189,0.505112958942417
2001-02-22,1.48,319.02,-10.22,-10.22,141.36,0.7494079266993394,658.41,27.06629,750.88,3.17552224503765,2.27054970568104,0.715016154973943,0.219528466253919,0.207214753166224,16.85,1.1541095890411,212.45,3.09468317552804,0,-16.0641,4.11759799833194,1.37608385686463,0.451685660266874,1.30108445697626,0.601283991047423,33.3877563865537,51.0347891166449,14.7976986383577,0.969,3.95608738968062,3.43920674799665,0.832442903389189,0.505112958942417
2001-02-23,0.36,397.7,-11.53,-11.53,124.4,0.8145738333688473,658.41,27.06629,750.88,3.17552224503765,2.27054970568104,0.715016154973943,0.219528466253919,0.207214753166224,16.85,1.1541095890411,212.45,3.09468317552804,0,-16.0641,4.11759799833194,1.37608385686463,0.451685660266874,1.30108445697626,0.601283991047423,33.3877563865537,51.0347891166449,14.7976986383577,0.969,3.95608738968062,3.43920674799665,0.832442903389189,0.505112958942417
2001-02-24,1.8,348.66,-9.96,-9.96,143.39,0.7494079266993394,658.41,27.06629,750.88,3.17552224503765,2.27054970568104,0.715016154973943,0.219528466253919,0.207214753166224,16.85,1.1541095890411,212.45,3.09468317552804,0,-16.0641,4.11759799833194,1.37608385686463,0.451685660266874,1.30108445697626,0.601283991047423,33.3877563865537,51.0347891166449,14.7976986383577,0.969,3.95608738968062,3.43920674799665,0.832442903389189,0.505112958942417
2001-02-25,0.59,341.09,-5.21,-5.21,241.43,0.9155809887065842,658.41,27.06629,750.88,3.17552224503765,2.27054970568104,0.715016154973943,0.219528466253919,0.207214753166224,16.85,1.1541095890411,212.45,3.09468317552804,0,-16.0641,4.11759799833194,1.37608385686463,0.451685660266874,1.30108445697626,0.601283991047423,33.3877563865537,51.0347891166449,14.7976986383577,0.969,3.95608738968062,3.43920674799665,0.832442903389189,0.505112958942417
2001-02-26,0.03,412.17,1.54,1.54,362.84,1.0459128020455999,658.41,27.06629,750.88,3.17552224503765,2.27054970568104,0.715016154973943,0.219528466253919,0.207214753166224,16.85,1.1541095890411,212.45,3.09468317552804,0,-16.0641,4.11759799833194,1.37608385686463,0.451685660266874,1.30108445697626,0.601283991047423,33.3877563865537,51.0347891166449,14.7976986383577,0.969,3.95608738968062,3.43920674799665,0.832442903389189,0.505112958942417
2001-02-27,0.0,357.08,-2.46,-2.46,275.83,0.7494079266993394,658.41,27.06629,750.88,3.17552224503765,2.27054970568104,0.715016154973943,0.219528466253919,0.207214753166224,16.85,1.1541095890411,212.45,3.09468317552804,0,-16.0641,4.11759799833194,1.37608385686463,0.451685660266874,1.30108445697626,0.601283991047423,33.3877563865537,51.0347891166449,14.7976986383577,0.969,3.95608738968062,3.43920674799665,0.832442903389189,0.505112958942417
2001-02-28,0.4,376.53,-5.79,-5.79,202.23,0.6842420200298316,658.41,27.06629,750.88,3.17552224503765,2.27054970568104,0.715016154973943,0.219528466253919,0.207214753166224,16.85,1.1541095890411,212.45,3.09468317552804,0,-16.0641,4.11759799833194,1.37608385686463,0.451685660266874,1.30108445697626,0.601283991047423,33.3877563865537,51.0347891166449,14.7976986383577,0.969,3.95608738968062,3.43920674799665,0.832442903389189,0.505112958942417
2001-03-01,1.55,274.09,-6.59,-6.59,218.57,0.6093012273598977,658.41,27.06629,750.88,3.17552224503765,2.27054970568104,0.715016154973943,0.219528466253919,0.207214753166224,16.85,1.1541095890411,212.45,3.09468317552804,0,-16.0641,4.11759799833194,1.37608385686463,0.451685660266874,1.30108445697626,0.601283991047423,33.3877563865537,51.0347891166449,14.7976986383577,0.969,3.95608738968062,3.43920674799665,0.832442903389189,0.505112958942417
2001-03-02,0.48,264.68,-6.57,-6.57,236.79,0.6255927040272746,658.41,27.06629,750.88,3.17552224503765,2.27054970568104,0.715016154973943,0.219528466253919,0.207214753166224,16.85,1.1541095890411,212.45,3.09468317552804,0,-16.0641,4.11759799833194,1.37608385686463,0.451685660266874,1.30108445697626,0.601283991047423,33.3877563865537,51.0347891166449,14.7976986383577,0.969,3.95608738968062,3.43920674799665,0.832442903389189,0.505112958942417
2001-03-03,1.98,363.31,-4.98,-4.98,228.25,0.6027846366929469,658.41,27.06629,750.88,3.17552224503765,2.27054970568104,0.715016154973943,0.219528466253919,0.207214753166224,16.85,1.1541095890411,212.45,3.09468317552804,0,-16.0641,4.11759799833194,1.37608385686463,0.451685660266874,1.30108445697626,0.601283991047423,33.3877563865537,51.0347891166449,14.7976986383577,0.969,3.95608738968062,3.43920674799665,0.832442903389189,0.505112958942417
2001-03-04,13.56,359.04,-5.76,-5.76,211.63,0.5213272533560622,658.41,27.06629,750.88,3.17552224503765,2.27054970568104,0.715016154973943,0.219528466253919,0.207214753166224,16.85,1.1541095890411,212.45,3.09468317552804,0,-16.0641,4.11759799833194,1.37608385686463,0.451685660266874,1.30108445697626,0.601283991047423,33.3877563865537,51.0347891166449,14.7976986383577,0.969,3.95608738968062,3.43920674799665,0.832442903389189,0.505112958942417
2001-03-05,5.98,280.66,-4.27,-4.27,261.11,0.5213272533560622,658.41,27.06629,750.88,3.17552224503765,2.27054970568104,0.715016154973943,0.219528466253919,0.207214753166224,16.85,1.1541095890411,212.45,3.09468317552804,0,-16.0641,4.11759799833194,1.37608385686463,0.451685660266874,1.30108445697626,0.601283991047423,33.3877563865537,51.0347891166449,14.7976986383577,0.969,3.95608738968062,3.43920674799665,0.832442903389189,0.505112958942417
2001-03-06,2.26,354.01,-6.72,-6.72,216.61,0.5376187300234391,658.41,27.06629,750.88,3.17552224503765,2.27054970568104,0.715016154973943,0.219528466253919,0.207214753166224,16.85,1.1541095890411,212.45,3.09468317552804,0,-16.0641,4.11759799833194,1.37608385686463,0.451685660266874,1.30108445697626,0.601283991047423,33.3877563865537,51.0347891166449,14.7976986383577,0.969,3.95608738968062,3.43920674799665,0.832442903389189,0.505112958942417
2001-03-07,0.44,294.96,-5.14,-5.14,269.63,0.553910206690816,658.41,27.06629,750.88,3.17552224503765,2.27054970568104,0.715016154973943,0.219528466253919,0.207214753166224,16.85,1.1541095890411,212.45,3.09468317552804,0,-16.0641,4.11759799833194,1.37608385686463,0.451685660266874,1.30108445697626,0.601283991047423,33.3877563865537,51.0347891166449,14.7976986383577,0.969,3.95608738968062,3.43920674799665,0.832442903389189,0.505112958942417
2001-03-08,1.8,349.12,-3.1,-3.1,290.39,0.5311021393564883,658.41,27.06629,750.88,3.17552224503765,2.27054970568104,0.715016154973943,0.219528466253919,0.207214753166224,16.85,1.1541095890411,212.45,3.09468317552804,0,-16.0641,4.11759799833194,1.37608385686463,0.451685660266874,1.30108445697626,0.601283991047423,33.3877563865537,51.0347891166449,14.7976986383577,0.969,3.95608738968062,3.43920674799665,0.832442903389189,0.505112958942417
2001-03-09,1.26,353.06,-1.87,-1.87,295.58,0.5082940720221607,658.41,27.06629,750.88,3.17552224503765,2.27054970568104,0.715016154973943,0.219528466253919,0.207214753166224,16.85,1.1541095890411,212.45,3.09468317552804,0,-16.0641,4.11759799833194,1.37608385686463,0.451685660266874,1.30108445697626,0.601283991047423,33.3877563865537,51.0347891166449,14.7976986383577,0.969,3.95608738968062,3.43920674799665,0.832442903389189,0.505112958942417
2001-03-10,0.21,398.21,-3.43,-3.43,264.55,0.45616134668655445,658.41,27.06629,750.88,3.17552224503765,2.27054970568104,0.715016154973943,0.219528466253919,0.207214753166224,16.85,1.1541095890411,212.45,3.09468317552804,0,-16.0641,4.11759799833194,1.37608385686463,0.451685660266874,1.30108445697626,0.601283991047423,33.3877563865537,51.0347891166449,14.7976986383577,0.969,3.95608738968062,3.43920674799665,0.832442903389189,0.505112958942417
2001-03-11,1.12,372.25,-5.13,-5.13,213.47,0.43986987001917743,658.41,27.06629,750.88,3.17552224503765,2.27054970568104,0.715016154973943,0.219528466253919,0.207214753166224,16.85,1.1541095890411,212.45,3.09468317552804,0,-16.0641,4.11759799833194,1.37608385686463,0.451685660266874,1.30108445697626,0.601283991047423,33.3877563865537,51.0347891166449,14.7976986383577,0.969,3.95608738968062,3.43920674799665,0.832442903389189,0.505112958942417
2001-03-12,5.84,400.16,-7.58,-7.58,156.75,0.43986987001917743,658.41,27.06629,750.88,3.17552224503765,2.27054970568104,0.715016154973943,0.219528466253919,0.207214753166224,16.85,1.1541095890411,212.45,3.09468317552804,0,-16.0641,4.11759799833194,1.37608385686463,0.451685660266874,1.30108445697626,0.601283991047423,33.3877563865537,51.0347891166449,14.7976986383577,0.969,3.95608738968062,3.43920674799665,0.832442903389189,0.505112958942417
2001-03-13,3.93,407.87,-5.26,-5.26,202.56,0.9807468953760919,658.41,27.06629,750.88,3.17552224503765,2.27054970568104,0.715016154973943,0.219528466253919,0.207214753166224,16.85,1.1541095890411,212.45,3.09468317552804,0,-16.0641,4.11759799833194,1.37608385686463,0.451685660266874,1.30108445697626,0.601283991047423,33.3877563865537,51.0347891166449,14.7976986383577,0.969,3.95608738968062,3.43920674799665,0.832442903389189,0.505112958942417
2001-03-14,0.73,393.41,1.43,1.43,373.06,1.5411736927338586,658.41,27.06629,750.88,3.17552224503765,2.27054970568104,0.715016154973943,0.219528466253919,0.207214753166224,16.85,1.1541095890411,212.45,3.09468317552804,0,-16.0641,4.11759799833194,1.37608385686463,0.451685660266874,1.30108445697626,0.601283991047423,33.3877563865537,51.0347891166449,14.7976986383577,0.969,3.95608738968062,3.43920674799665,0.832442903389189,0.505112958942417
2001-03-15,0.89,359.44,-0.63,-0.63,342.58,1.1175952993820584,658.41,27.06629,750.88,3.17552224503765,2.27054970568104,0.715016154973943,0.219528466253919,0.207214753166224,16.85,1.1541095890411,212.45,3.09468317552804,0,-16.0641,4.11759799833194,1.37608385686463,0.451685660266874,1.30108445697626,0.601283991047423,33.3877563865537,51.0347891166449,14.7976986383577,0.969,3.95608738968062,3.43920674799665,0.832442903389189,0.505112958942417
2001-03-16,4.02,399.46,-0.81,-0.81,296.17,1.039396211378649,658.41,27.06629,750.88,3.17552224503765,2.27054970568104,0.715016154973943,0.219528466253919,0.207214753166224,16.85,1.1541095890411,212.45,3.09468317552804,0,-16.0641,4.11759799833194,1.37608385686463,0.451685660266874,1.30108445697626,0.601283991047423,33.3877563865537,51.0347891166449,14.7976986383577,0.969,3.95608738968062,3.43920674799665,0.832442903389189,0.505112958942417
2001-03-17,4.16,339.51,-2.46,-2.46,276.83,0.948163942041338,658.41,27.06629,750.88,3.17552224503765,2.27054970568104,0.715016154973943,0.219528466253919,0.207214753166224,16.85,1.1541095890411,212.45,3.09468317552804,0,-16.0641,4.11759799833194,1.37608385686463,0.451685660266874,1.30108445697626,0.601283991047423,33.3877563865537,51.0347891166449,14.7976986383577,0.969,3.95608738968062,3.43920674799665,0.832442903389189,0.505112958942417
2001-03-18,0.9,433.9,-4.33,-4.33,233.37,0.8895146260387811,658.41,27.06629,750.88,3.17552224503765,2.27054970568104,0.715016154973943,0.219528466253919,0.207214753166224,16.85,1.1541095890411,212.45,3.09468317552804,0,-16.0641,4.11759799833194,1.37608385686463,0.451685660266874,1.30108445697626,0.601283991047423,33.3877563865537,51.0347891166449,14.7976986383577,0.969,3.95608738968062,3.43920674799665,0.832442903389189,0.505112958942417
2001-03-19,0.02,537.5,-5.35,-5.35,181.06,0.8829980353718304,658.41,27.06629,750.88,3.17552224503765,2.27054970568104,0.715016154973943,0.219528466253919,0.207214753166224,16.85,1.1541095890411,212.45,3.09468317552804,0,-16.0641,4.11759799833194,1.37608385686463,0.451685660266874,1.30108445697626,0.601283991047423,33.3877563865537,51.0347891166449,14.7976986383577,0.969,3.95608738968062,3.43920674799665,0.832442903389189,0.505112958942417
2001-03-20,1.99,465.56,-3.4,-3.4,203.47,1.0361379160451736,658.41,27.06629,750.88,3.17552224503765,2.27054970568104,0.715016154973943,0.219528466253919,0.207214753166224,16.85,1.1541095890411,212.45,3.09468317552804,0,-16.0641,4.11759799833194,1.37608385686463,0.451685660266874,1.30108445697626,0.601283991047423,33.3877563865537,51.0347891166449,14.7976986383577,0.969,3.95608738968062,3.43920674799665,0.832442903389189,0.505112958942417
2001-03-21,20.34,424.62,0.59,0.59,303.18,1.2968015427232047,658.41,27.06629,750.88,3.17552224503765,2.27054970568104,0.715016154973943,0.219528466253919,0.207214753166224,16.85,1.1541095890411,212.45,3.09468317552804,0,-16.0641,4.11759799833194,1.37608385686463,0.451685660266874,1.30108445697626,0.601283991047423,33.3877563865537,51.0347891166449,14.7976986383577,0.969,3.95608738968062,3.43920674799665,0.832442903389189,0.505112958942417
2001-03-22,6.03,318.21,1.44,1.44,397.2,1.5998230087364156,658.41,27.06629,750.88,3.17552224503765,2.27054970568104,0.715016154973943,0.219528466253919,0.207214753166224,16.85,1.1541095890411,212.45,3.09468317552804,0,-16.0641,4.11759799833194,1.37608385686463,0.451685660266874,1.30108445697626,0.601283991047423,33.3877563865537,51.0347891166449,14.7976986383577,0.969,3.95608738968062,3.43920674799665,0.832442903389189,0.505112958942417
2001-03-23,0.22,414.12,-1.87,-1.87,328.04,1.6258893714042189,658.41,27.06629,750.88,3.17552224503765,2.27054970568104,0.715016154973943,0.219528466253919,0.207214753166224,16.85,1.1541095890411,212.45,3.09468317552804,0,-16.0641,4.11759799833194,1.37608385686463,0.451685660266874,1.30108445697626,0.601283991047423,33.3877563865537,51.0347891166449,14.7976986383577,0.969,3.95608738968062,3.43920674799665,0.832442903389189,0.505112958942417
2001-03-24,0.5,418.64,-0.06,-0.06,317.76,1.88655299808225,658.41,27.06629,750.88,3.17552224503765,2.27054970568104,0.715016154973943,0.219528466253919,0.207214753166224,16.85,1.1541095890411,212.45,3.09468317552804,0,-16.0641,4.11759799833194,1.37608385686463,0.451685660266874,1.30108445697626,0.601283991047423,33.3877563865537,51.0347891166449,14.7976986383577,0.969,3.95608738968062,3.43920674799665,0.832442903389189,0.505112958942417
2001-03-25,1.15,406.98,-2.96,-2.96,239.63,1.3782589260600893,658.41,27.06629,750.88,3.17552224503765,2.27054970568104,0.715016154973943,0.219528466253919,0.207214753166224,16.85,1.1541095890411,212.45,3.09468317552804,0,-16.0641,4.11759799833194,1.37608385686463,0.451685660266874,1.30108445697626,0.601283991047423,33.3877563865537,51.0347891166449,14.7976986383577,0.969,3.95608738968062,3.43920674799665,0.832442903389189,0.505112958942417
2001-03-26,0.28,493.69,-7.38,-7.38,165.09,1.156694843383763,658.41,27.06629,750.88,3.17552224503765,2.27054970568104,0.715016154973943,0.219528466253919,0.207214753166224,16.85,1.1541095890411,212.45,3.09468317552804,0,-16.0641,4.11759799833194,1.37608385686463,0.451685660266874,1.30108445697626,0.601283991047423,33.3877563865537,51.0347891166449,14.7976986383577,0.969,3.95608738968062,3.43920674799665,0.832442903389189,0.505112958942417
2001-03-27,0.0,554.91,-9.79,-9.79,146.4,1.023104734711272,658.41,27.06629,750.88,3.17552224503765,2.27054970568104,0.715016154973943,0.219528466253919,0.207214753166224,16.85,1.1541095890411,212.45,3.09468317552804,0,-16.0641,4.11759799833194,1.37608385686463,0.451685660266874,1.30108445697626,0.601283991047423,33.3877563865537,51.0347891166449,14.7976986383577,0.969,3.95608738968062,3.43920674799665,0.832442903389189,0.505112958942417
2001-03-28,0.09,425.86,-5.18,-5.18,234.52,1.0002966673769442,658.41,27.06629,750.88,3.17552224503765,2.27054970568104,0.715016154973943,0.219528466253919,0.207214753166224,16.85,1.1541095890411,212.45,3.09468317552804,0,-16.0641,4.11759799833194,1.37608385686463,0.451685660266874,1.30108445697626,0.601283991047423,33.3877563865537,51.0347891166449,14.7976986383577,0.969,3.95608738968062,3.43920674799665,0.832442903389189,0.505112958942417
2001-03-29,8.71,418.97,-2.13,-2.13,308.22,1.0459128020455999,658.41,27.06629,750.88,3.17552224503765,2.27054970568104,0.715016154973943,0.219528466253919,0.207214753166224,16.85,1.1541095890411,212.45,3.09468317552804,0,-16.0641,4.11759799833194,1.37608385686463,0.451685660266874,1.30108445697626,0.601283991047423,33.3877563865537,51.0347891166449,14.7976986383577,0.969,3.95608738968062,3.43920674799665,0.832442903389189,0.505112958942417
2001-03-30,4.72,397.61,2.46,2.46,429.18,3.030214660132111,658.41,27.06629,750.88,3.17552224503765,2.27054970568104,0.715016154973943,0.219528466253919,0.207214753166224,16.85,1.1541095890411,212.45,3.09468317552804,0,-16.0641,4.11759799833194,1.37608385686463,0.451685660266874,1.30108445697626,0.601283991047423,33.3877563865537,51.0347891166449,14.7976986383577,0.969,3.95608738968062,3.43920674799665,0.832442903389189,0.505112958942417
2001-03-31,0.64,308.73,0.48,0.48,431.31,2.4697878627743446,658.41,27.06629,750.88,3.17552224503765,2.27054970568104,0.715016154973943,0.219528466253919,0.207214753166224,16.85,1.1541095890411,212.45,3.09468317552804,0,-16.0641,4.11759799833194,1.37608385686463,0.451685660266874,1.30108445697626,0.601283991047423,33.3877563865537,51.0347891166449,14.7976986383577,0.969,3.95608738968062,3.43920674799665,0.832442903389189,0.505112958942417
2001-04-01,0.0,340.65,-0.11,-0.11,420.61,1.9354274280843808,658.41,27.06629,750.88,3.17552224503765,2.27054970568104,0.715016154973943,0.219528466253919,0.207214753166224,16.85,1.1541095890411,212.45,3.09468317552804,0,-16.0641,4.11759799833194,1.37608385686463,0.451685660266874,1.30108445697626,0.601283991047423,33.3877563865537,51.0347891166449,14.7976986383577,0.969,3.95608738968062,3.43920674799665,0.832442903389189,0.505112958942417
2001-04-02,0.0,451.2,0.47,0.47,382.56,2.072275832090347,658.41,27.06629,750.88,3.17552224503765,2.27054970568104,0.715016154973943,0.219528466253919,0.207214753166224,16.85,1.1541095890411,212.45,3.09468317552804,0,-16.0641,4.11759799833194,1.37608385686463,0.451685660266874,1.30108445697626,0.601283991047423,33.3877563865537,51.0347891166449,14.7976986383577,0.969,3.95608738968062,3.43920674799665,0.832442903389189,0.505112958942417
2001-04-03,0.66,401.05,-1.76,-1.76,308.92,1.752962889409759,658.41,27.06629,750.88,3.17552224503765,2.27054970568104,0.715016154973943,0.219528466253919,0.207214753166224,16.85,1.1541095890411,212.45,3.09468317552804,0,-16.0641,4.11759799833194,1.37608385686463,0.451685660266874,1.30108445697626,0.601283991047423,33.3877563865537,51.0347891166449,14.7976986383577,0.969,3.95608738968062,3.43920674799665,0.832442903389189,0.505112958942417
2001-04-04,0.3,487.19,-1.14,-1.14,289.05,2.104858785425101,658.41,27.06629,750.88,3.17552224503765,2.27054970568104,0.715016154973943,0.219528466253919,0.207214753166224,16.85,1.1541095890411,212.45,3.09468317552804,0,-16.0641,4.11759799833194,1.37608385686463,0.451685660266874,1.30108445697626,0.601283991047423,33.3877563865537,51.0347891166449,14.7976986383577,0.969,3.95608738968062,3.43920674799665,0.832442903389189,0.505112958942417
2001-04-05,1.0,458.38,1.21,1.21,323.04,3.4537930534839116,658.41,27.06629,750.88,3.17552224503765,2.27054970568104,0.715016154973943,0.219528466253919,0.207214753166224,16.85,1.1541095890411,212.45,3.09468317552804,0,-16.0641,4.11759799833194,1.37608385686463,0.451685660266874,1.30108445697626,0.601283991047423,33.3877563865537,51.0347891166449,14.7976986383577,0.969,3.95608738968062,3.43920674799665,0.832442903389189,0.505112958942417
2001-04-06,1.18,453.33,4.25,4.25,421.76,6.353675900277008,658.41,27.06629,750.88,3.17552224503765,2.27054970568104,0.715016154973943,0.219528466253919,0.207214753166224,16.85,1.1541095890411,212.45,3.09468317552804,0,-16.0641,4.11759799833194,1.37608385686463,0.451685660266874,1.30108445697626,0.601283991047423,33.3877563865537,51.0347891166449,14.7976986383577,0.969,3.95608738968062,3.43920674799665,0.832442903389189,0.505112958942417
2001-04-07,1.28,417.85,7.18,7.18,572.0,13.652257447261878,658.41,27.06629,750.88,3.17552224503765,2.27054970568104,0.715016154973943,0.219528466253919,0.207214753166224,16.85,1.1541095890411,212.45,3.09468317552804,0,-16.0641,4.11759799833194,1.37608385686463,0.451685660266874,1.30108445697626,0.601283991047423,33.3877563865537,51.0347891166449,14.7976986383577,0.969,3.95608738968062,3.43920674799665,0.832442903389189,0.505112958942417
2001-04-08,1.56,384.67,6.83,6.83,596.9,13.326427913914339,658.41,27.06629,750.88,3.17552224503765,2.27054970568104,0.715016154973943,0.219528466253919,0.207214753166224,16.85,1.1541095890411,212.45,3.09468317552804,0,-16.0641,4.11759799833194,1.37608385686463,0.451685660266874,1.30108445697626,0.601283991047423,33.3877563865537,51.0347891166449,14.7976986383577,0.969,3.95608738968062,3.43920674799665,0.832442903389189,0.505112958942417
2001-04-09,12.14,459.42,9.69,9.69,569.56,11.469199573833368,658.41,27.06629,750.88,3.17552224503765,2.27054970568104,0.715016154973943,0.219528466253919,0.207214753166224,16.85,1.1541095890411,212.45,3.09468317552804,0,-16.0641,4.11759799833194,1.37608385686463,0.451685660266874,1.30108445697626,0.601283991047423,33.3877563865537,51.0347891166449,14.7976986383577,0.969,3.95608738968062,3.43920674799665,0.832442903389189,0.505112958942417
2001-04-10,3.5,462.39,11.57,11.57,596.7,11.143370040485829,658.41,27.06629,750.88,3.17552224503765,2.27054970568104,0.715016154973943,0.219528466253919,0.207214753166224,16.85,1.1541095890411,212.45,3.09468317552804,0,-16.0641,4.11759799833194,1.37608385686463,0.451685660266874,1.30108445697626,0.601283991047423,33.3877563865537,51.0347891166449,14.7976986383577,0.969,3.95608738968062,3.43920674799665,0.832442903389189,0.505112958942417
2001-04-11,0.17,449.84,8.55,8.55,588.07,6.190761133603239,658.41,27.06629,750.88,3.17552224503765,2.27054970568104,0.715016154973943,0.219528466253919,0.207214753166224,16.85,1.1541095890411,212.45,3.09468317552804,0,-16.0641,4.11759799833194,1.37608385686463,0.451685660266874,1.30108445697626,0.601283991047423,33.3877563865537,51.0347891166449,14.7976986383577,0.969,3.95608738968062,3.43920674799665,0.832442903389189,0.505112958942417
2001-04-12,0.02,539.45,9.88,9.88,690.67,4.626779373535052,658.41,27.06629,750.88,3.17552224503765,2.27054970568104,0.715016154973943,0.219528466253919,0.207214753166224,16.85,1.1541095890411,212.45,3.09468317552804,0,-16.0641,4.11759799833194,1.37608385686463,0.451685660266874,1.30108445697626,0.601283991047423,33.3877563865537,51.0347891166449,14.7976986383577,0.969,3.95608738968062,3.43920674799665,0.832442903389189,0.505112958942417
2001-04-13,0.0,579.24,14.17,14.17,721.36,3.5515419134881734,658.41,27.06629,750.88,3.17552224503765,2.27054970568104,0.715016154973943,0.219528466253919,0.207214753166224,16.85,1.1541095890411,212.45,3.09468317552804,0,-16.0641,4.11759799833194,1.37608385686463,0.451685660266874,1.30108445697626,0.601283991047423,33.3877563865537,51.0347891166449,14.7976986383577,0.969,3.95608738968062,3.43920674799665,0.832442903389189,0.505112958942417
2001-04-14,0.69,509.94,5.89,5.89,435.8,2.808650577455785,658.41,27.06629,750.88,3.17552224503765,2.27054970568104,0.715016154973943,0.219528466253919,0.207214753166224,16.85,1.1541095890411,212.45,3.09468317552804,0,-16.0641,4.11759799833194,1.37608385686463,0.451685660266874,1.30108445697626,0.601283991047423,33.3877563865537,51.0347891166449,14.7976986383577,0.969,3.95608738968062,3.43920674799665,0.832442903389189,0.505112958942417
2001-04-15,6.7,454.37,6.08,6.08,479.5,2.375297298103558,658.41,27.06629,750.88,3.17552224503765,2.27054970568104,0.715016154973943,0.219528466253919,0.207214753166224,16.85,1.1541095890411,212.45,3.09468317552804,0,-16.0641,4.11759799833194,1.37608385686463,0.451685660266874,1.30108445697626,0.601283991047423,33.3877563865537,51.0347891166449,14.7976986383577,0.969,3.95608738968062,3.43920674799665,0.832442903389189,0.505112958942417
2001-04-16,5.59,429.2,6.6,6.6,526.44,2.909657732793522,658.41,27.06629,750.88,3.17552224503765,2.27054970568104,0.715016154973943,0.219528466253919,0.207214753166224,16.85,1.1541095890411,212.45,3.09468317552804,0,-16.0641,4.11759799833194,1.37608385686463,0.451685660266874,1.30108445697626,0.601283991047423,33.3877563865537,51.0347891166449,14.7976986383577,0.969,3.95608738968062,3.43920674799665,0.832442903389189,0.505112958942417
2001-04-17,3.29,437.86,4.44,4.44,443.14,2.6229277434476876,658.41,27.06629,750.88,3.17552224503765,2.27054970568104,0.715016154973943,0.219528466253919,0.207214753166224,16.85,1.1541095890411,212.45,3.09468317552804,0,-16.0641,4.11759799833194,1.37608385686463,0.451685660266874,1.30108445697626,0.601283991047423,33.3877563865537,51.0347891166449,14.7976986383577,0.969,3.95608738968062,3.43920674799665,0.832442903389189,0.505112958942417
2001-04-18,0.6,469.7,0.24,0.24,346.46,2.456754681440443,658.41,27.06629,750.88,3.17552224503765,2.27054970568104,0.715016154973943,0.219528466253919,0.207214753166224,16.85,1.1541095890411,212.45,3.09468317552804,0,-16.0641,4.11759799833194,1.37608385686463,0.451685660266874,1.30108445697626,0.601283991047423,33.3877563865537,51.0347891166449,14.7976986383577,0.969,3.95608738968062,3.43920674799665,0.832442903389189,0.505112958942417
2001-04-19,0.49,469.94,-3.08,-3.08,280.71,2.069017536756872,658.41,27.06629,750.88,3.17552224503765,2.27054970568104,0.715016154973943,0.219528466253919,0.207214753166224,16.85,1.1541095890411,212.45,3.09468317552804,0,-16.0641,4.11759799833194,1.37608385686463,0.451685660266874,1.30108445697626,0.601283991047423,33.3877563865537,51.0347891166449,14.7976986383577,0.969,3.95608738968062,3.43920674799665,0.832442903389189,0.505112958942417
2001-04-20,9.77,466.5,0.86,0.86,362.5,1.8832947027487745,658.41,27.06629,750.88,3.17552224503765,2.27054970568104,0.715016154973943,0.219528466253919,0.207214753166224,16.85,1.1541095890411,212.45,3.09468317552804,0,-16.0641,4.11759799833194,1.37608385686463,0.451685660266874,1.30108445697626,0.601283991047423,33.3877563865537,51.0347891166449,14.7976986383577,0.969,3.95608738968062,3.43920674799665,0.832442903389189,0.505112958942417
2001-04-21,9.68,458.04,5.86,5.86,576.12,4.203200980183251,658.41,27.06629,750.88,3.17552224503765,2.27054970568104,0.715016154973943,0.219528466253919,0.207214753166224,16.85,1.1541095890411,212.45,3.09468317552804,0,-16.0641,4.11759799833194,1.37608385686463,0.451685660266874,1.30108445697626,0.601283991047423,33.3877563865537,51.0347891166449,14.7976986383577,0.969,3.95608738968062,3.43920674799665,0.832442903389189,0.505112958942417
2001-04-22,1.88,445.26,12.73,12.73,943.83,4.496447560196037,658.41,27.06629,750.88,3.17552224503765,2.27054970568104,0.715016154973943,0.219528466253919,0.207214753166224,16.85,1.1541095890411,212.45,3.09468317552804,0,-16.0641,4.11759799833194,1.37608385686463,0.451685660266874,1.30108445697626,0.601283991047423,33.3877563865537,51.0347891166449,14.7976986383577,0.969,3.95608738968062,3.43920674799665,0.832442903389189,0.505112958942417
2001-04-23,0.0,573.65,15.64,15.64,995.23,3.1149303388024716,658.41,27.06629,750.88,3.17552224503765,2.27054970568104,0.715016154973943,0.219528466253919,0.207214753166224,16.85,1.1541095890411,212.45,3.09468317552804,0,-16.0641,4.11759799833194,1.37608385686463,0.451685660266874,1.30108445697626,0.601283991047423,33.3877563865537,51.0347891166449,14.7976986383577,0.969,3.95608738968062,3.43920674799665,0.832442903389189,0.505112958942417
2001-04-24,0.0,577.43,18.77,18.77,986.31,2.6783187641167694,658.41,27.06629,750.88,3.17552224503765,2.27054970568104,0.715016154973943,0.219528466253919,0.207214753166224,16.85,1.1541095890411,212.45,3.09468317552804,0,-16.0641,4.11759799833194,1.37608385686463,0.451685660266874,1.30108445697626,0.601283991047423,33.3877563865537,51.0347891166449,14.7976986383577,0.969,3.95608738968062,3.43920674799665,0.832442903389189,0.505112958942417
2001-04-25,0.0,612.67,8.61,8.61,492.91,2.264515256765395,658.41,27.06629,750.88,3.17552224503765,2.27054970568104,0.715016154973943,0.219528466253919,0.207214753166224,16.85,1.1541095890411,212.45,3.09468317552804,0,-16.0641,4.11759799833194,1.37608385686463,0.451685660266874,1.30108445697626,0.601283991047423,33.3877563865537,51.0347891166449,14.7976986383577,0.969,3.95608738968062,3.43920674799665,0.832442903389189,0.505112958942417
2001-04-26,0.96,469.64,3.91,3.91,394.91,1.9289108374174302,658.41,27.06629,750.88,3.17552224503765,2.27054970568104,0.715016154973943,0.219528466253919,0.207214753166224,16.85,1.1541095890411,212.45,3.09468317552804,0,-16.0641,4.11759799833194,1.37608385686463,0.451685660266874,1.30108445697626,0.601283991047423,33.3877563865537,51.0347891166449,14.7976986383577,0.969,3.95608738968062,3.43920674799665,0.832442903389189,0.505112958942417
2001-04-27,0.27,573.47,6.14,6.14,422.31,1.7497045940762836,658.41,27.06629,750.88,3.17552224503765,2.27054970568104,0.715016154973943,0.219528466253919,0.207214753166224,16.85,1.1541095890411,212.45,3.09468317552804,0,-16.0641,4.11759799833194,1.37608385686463,0.451685660266874,1.30108445697626,0.601283991047423,33.3877563865537,51.0347891166449,14.7976986383577,0.969,3.95608738968062,3.43920674799665,0.832442903389189,0.505112958942417
2001-04-28,0.0,621.62,7.43,7.43,413.02,1.518365625399531,658.41,27.06629,750.88,3.17552224503765,2.27054970568104,0.715016154973943,0.219528466253919,0.207214753166224,16.85,1.1541095890411,212.45,3.09468317552804,0,-16.0641,4.11759799833194,1.37608385686463,0.451685660266874,1.30108445697626,0.601283991047423,33.3877563865537,51.0347891166449,14.7976986383577,0.969,3.95608738968062,3.43920674799665,0.832442903389189,0.505112958942417
2001-04-29,0.0,617.08,3.56,3.56,353.06,1.316351314724057,658.41,27.06629,750.88,3.17552224503765,2.27054970568104,0.715016154973943,0.219528466253919,0.207214753166224,16.85,1.1541095890411,212.45,3.09468317552804,0,-16.0641,4.11759799833194,1.37608385686463,0.451685660266874,1.30108445697626,0.601283991047423,33.3877563865537,51.0347891166449,14.7976986383577,0.969,3.95608738968062,3.43920674799665,0.832442903389189,0.505112958942417
2001-04-30,0.0,622.56,6.19,6.19,441.82,1.1860195013850414,658.41,27.06629,750.88,3.17552224503765,2.27054970568104,0.715016154973943,0.219528466253919,0.207214753166224,16.85,1.1541095890411,212.45,3.09468317552804,0,-16.0641,4.11759799833194,1.37608385686463,0.451685660266874,1.30108445697626,0.601283991047423,33.3877563865537,51.0347891166449,14.7976986383577,0.969,3.95608738968062,3.43920674799665,0.832442903389189,0.505112958942417
2001-05-01,0.0,622.96,12.79,12.79,628.66,1.0784957553803536,658.41,27.06629,750.88,3.17552224503765,2.27054970568104,0.715016154973943,0.219528466253919,0.207214753166224,16.85,1.1541095890411,212.45,3.09468317552804,0,-16.0641,4.11759799833194,1.37608385686463,0.451685660266874,1.30108445697626,0.601283991047423,33.3877563865537,51.0347891166449,14.7976986383577,0.969,3.95608738968062,3.43920674799665,0.832442903389189,0.505112958942417
2001-05-02,0.12,508.05,16.45,16.45,835.96,0.9774886000426166,658.41,27.06629,750.88,3.17552224503765,2.27054970568104,0.715016154973943,0.219528466253919,0.207214753166224,16.85,1.1541095890411,212.45,3.09468317552804,0,-16.0641,4.11759799833194,1.37608385686463,0.451685660266874,1.30108445697626,0.601283991047423,33.3877563865537,51.0347891166449,14.7976986383577,0.969,3.95608738968062,3.43920674799665,0.832442903389189,0.505112958942417
2001-05-03,0.08,519.3,17.67,17.67,918.62,0.9318724653739611,658.41,27.06629,750.88,3.17552224503765,2.27054970568104,0.715016154973943,0.219528466253919,0.207214753166224,16.85,1.1541095890411,212.45,3.09468317552804,0,-16.0641,4.11759799833194,1.37608385686463,0.451685660266874,1.30108445697626,0.601283991047423,33.3877563865537,51.0347891166449,14.7976986383577,0.969,3.95608738968062,3.43920674799665,0.832442903389189,0.505112958942417
2001-05-04,0.59,455.38,16.26,16.26,878.64,0.8308653100362241,658.41,27.06629,750.88,3.17552224503765,2.27054970568104,0.715016154973943,0.219528466253919,0.207214753166224,16.85,1.1541095890411,212.45,3.09468317552804,0,-16.0641,4.11759799833194,1.37608385686463,0.451685660266874,1.30108445697626,0.601283991047423,33.3877563865537,51.0347891166449,14.7976986383577,0.969,3.95608738968062,3.43920674799665,0.832442903389189,0.505112958942417
2001-05-05,0.18,553.44,15.99,15.99,764.75,0.7624411080332409,658.41,27.06629,750.88,3.17552224503765,2.27054970568104,0.715016154973943,0.219528466253919,0.207214753166224,16.85,1.1541095890411,212.45,3.09468317552804,0,-16.0641,4.11759799833194,1.37608385686463,0.451685660266874,1.30108445697626,0.601283991047423,33.3877563865537,51.0347891166449,14.7976986383577,0.969,3.95608738968062,3.43920674799665,0.832442903389189,0.505112958942417
2001-05-06,0.01,616.32,10.18,10.18,548.98,0.6907586106967823,658.41,27.06629,750.88,3.17552224503765,2.27054970568104,0.715016154973943,0.219528466253919,0.207214753166224,16.85,1.1541095890411,212.45,3.09468317552804,0,-16.0641,4.11759799833194,1.37608385686463,0.451685660266874,1.30108445697626,0.601283991047423,33.3877563865537,51.0347891166449,14.7976986383577,0.969,3.95608738968062,3.43920674799665,0.832442903389189,0.505112958942417
2001-05-07,0.48,513.38,11.39,11.39,658.23,0.6353675900277007,658.41,27.06629,750.88,3.17552224503765,2.27054970568104,0.715016154973943,0.219528466253919,0.207214753166224,16.85,1.1541095890411,212.45,3.09468317552804,0,-16.0641,4.11759799833194,1.37608385686463,0.451685660266874,1.30108445697626,0.601283991047423,33.3877563865537,51.0347891166449,14.7976986383577,0.969,3.95608738968062,3.43920674799665,0.832442903389189,0.505112958942417
2001-05-08,2.14,441.82,13.34,13.34,783.36,0.5832348646920946,658.41,27.06629,750.88,3.17552224503765,2.27054970568104,0.715016154973943,0.219528466253919,0.207214753166224,16.85,1.1541095890411,212.45,3.09468317552804,0,-16.0641,4.11759799833194,1.37608385686463,0.451685660266874,1.30108445697626,0.601283991047423,33.3877563865537,51.0347891166449,14.7976986383577,0.969,3.95608738968062,3.43920674799665,0.832442903389189,0.505112958942417
2001-05-09,1.06,455.46,12.87,12.87,743.45,0.6027846366929469,658.41,27.06629,750.88,3.17552224503765,2.27054970568104,0.715016154973943,0.219528466253919,0.207214753166224,16.85,1.1541095890411,212.45,3.09468317552804,0,-16.0641,4.11759799833194,1.37608385686463,0.451685660266874,1.30108445697626,0.601283991047423,33.3877563865537,51.0347891166449,14.7976986383577,0.969,3.95608738968062,3.43920674799665,0.832442903389189,0.505112958942417
2001-05-10,0.66,511.36,13.2,13.2,736.82,0.5506519113573407,658.41,27.06629,750.88,3.17552224503765,2.27054970568104,0.715016154973943,0.219528466253919,0.207214753166224,16.85,1.1541095890411,212.45,3.09468317552804,0,-16.0641,4.11759799833194,1.37608385686463,0.451685660266874,1.30108445697626,0.601283991047423,33.3877563865537,51.0347891166449,14.7976986383577,0.969,3.95608738968062,3.43920674799665,0.832442903389189,0.505112958942417
2001-05-11,6.17,462.37,15.51,15.51,807.58,0.5050357766886853,658.41,27.06629,750.88,3.17552224503765,2.27054970568104,0.715016154973943,0.219528466253919,0.207214753166224,16.85,1.1541095890411,212.45,3.09468317552804,0,-16.0641,4.11759799833194,1.37608385686463,0.451685660266874,1.30108445697626,0.601283991047423,33.3877563865537,51.0347891166449,14.7976986383577,0.969,3.95608738968062,3.43920674799665,0.832442903389189,0.505112958942417
2001-05-12,2.6,471.23,14.5,14.5,675.57,0.6223344086937993,658.41,27.06629,750.88,3.17552224503765,2.27054970568104,0.715016154973943,0.219528466253919,0.207214753166224,16.85,1.1541095890411,212.45,3.09468317552804,0,-16.0641,4.11759799833194,1.37608385686463,0.451685660266874,1.30108445697626,0.601283991047423,33.3877563865537,51.0347891166449,14.7976986383577,0.969,3.95608738968062,3.43920674799665,0.832442903389189,0.505112958942417
2001-05-13,0.68,486.52,8.14,8.14,507.29,0.5962680460259961,658.41,27.06629,750.88,3.17552224503765,2.27054970568104,0.715016154973943,0.219528466253919,0.207214753166224,16.85,1.1541095890411,212.45,3.09468317552804,0,-16.0641,4.11759799833194,1.37608385686463,0.451685660266874,1.30108445697626,0.601283991047423,33.3877563865537,51.0347891166449,14.7976986383577,0.969,3.95608738968062,3.43920674799665,0.832442903389189,0.505112958942417
2001-05-14,1.89,452.83,5.59,5.59,470.25,0.4789694140208821,658.41,27.06629,750.88,3.17552224503765,2.27054970568104,0.715016154973943,0.219528466253919,0.207214753166224,16.85,1.1541095890411,212.45,3.09468317552804,0,-16.0641,4.11759799833194,1.37608385686463,0.451685660266874,1.30108445697626,0.601283991047423,33.3877563865537,51.0347891166449,14.7976986383577,0.969,3.95608738968062,3.43920674799665,0.832442903389189,0.505112958942417
2001-05-15,0.55,534.66,7.55,7.55,489.79,0.46593623268698053,658.41,27.06629,750.88,3.17552224503765,2.27054970568104,0.715016154973943,0.219528466253919,0.207214753166224,16.85,1.1541095890411,212.45,3.09468317552804,0,-16.0641,4.11759799833194,1.37608385686463,0.451685660266874,1.30108445697626,0.601283991047423,33.3877563865537,51.0347891166449,14.7976986383577,0.969,3.95608738968062,3.43920674799665,0.832442903389189,0.505112958942417
2001-05-16,0.19,528.24,9.64,9.64,541.61,0.4072869166844236,658.41,27.06629,750.88,3.17552224503765,2.27054970568104,0.715016154973943,0.219528466253919,0.207214753166224,16.85,1.1541095890411,212.45,3.09468317552804,0,-16.0641,4.11759799833194,1.37608385686463,0.451685660266874,1.30108445697626,0.601283991047423,33.3877563865537,51.0347891166449,14.7976986383577,0.969,3.95608738968062,3.43920674799665,0.832442903389189,0.505112958942417
2001-05-17,1.98,459.16,12.77,12.77,731.64,0.3779622586831451,658.41,27.06629,750.88,3.17552224503765,2.27054970568104,0.715016154973943,0.219528466253919,0.207214753166224,16.85,1.1541095890411,212.45,3.09468317552804,0,-16.0641,4.11759799833194,1.37608385686463,0.451685660266874,1.30108445697626,0.601283991047423,33.3877563865537,51.0347891166449,14.7976986383577,0.969,3.95608738968062,3.43920674799665,0.832442903389189,0.505112958942417
2001-05-18,0.85,367.97,12.46,12.46,831.69,0.3909954400170466,658.41,27.06629,750.88,3.17552224503765,2.27054970568104,0.715016154973943,0.219528466253919,0.207214753166224,16.85,1.1541095890411,212.45,3.09468317552804,0,-16.0641,4.11759799833194,1.37608385686463,0.451685660266874,1.30108445697626,0.601283991047423,33.3877563865537,51.0347891166449,14.7976986383577,0.969,3.95608738968062,3.43920674799665,0.832442903389189,0.505112958942417
2001-05-19,0.09,570.27,12.87,12.87,752.25,0.3714456680161943,658.41,27.06629,750.88,3.17552224503765,2.27054970568104,0.715016154973943,0.219528466253919,0.207214753166224,16.85,1.1541095890411,212.45,3.09468317552804,0,-16.0641,4.11759799833194,1.37608385686463,0.451685660266874,1.30108445697626,0.601283991047423,33.3877563865537,51.0347891166449,14.7976986383577,0.969,3.95608738968062,3.43920674799665,0.832442903389189,0.505112958942417
2001-05-20,0.63,494.65,12.49,12.49,751.82,0.3258295333475389,658.41,27.06629,750.88,3.17552224503765,2.27054970568104,0.715016154973943,0.219528466253919,0.207214753166224,16.85,1.1541095890411,212.45,3.09468317552804,0,-16.0641,4.11759799833194,1.37608385686463,0.451685660266874,1.30108445697626,0.601283991047423,33.3877563865537,51.0347891166449,14.7976986383577,0.969,3.95608738968062,3.43920674799665,0.832442903389189,0.505112958942417
2001-05-21,7.16,408.48,13.91,13.91,909.87,0.3127963520136373,658.41,27.06629,750.88,3.17552224503765,2.27054970568104,0.715016154973943,0.219528466253919,0.207214753166224,16.85,1.1541095890411,212.45,3.09468317552804,0,-16.0641,4.11759799833194,1.37608385686463,0.451685660266874,1.30108445697626,0.601283991047423,33.3877563865537,51.0347891166449,14.7976986383577,0.969,3.95608738968062,3.43920674799665,0.832442903389189,0.505112958942417
2001-05-22,12.56,369.06,14.64,14.64,966.01,0.39751203068399743,658.41,27.06629,750.88,3.17552224503765,2.27054970568104,0.715016154973943,0.219528466253919,0.207214753166224,16.85,1.1541095890411,212.45,3.09468317552804,0,-16.0641,4.11759799833194,1.37608385686463,0.451685660266874,1.30108445697626,0.601283991047423,33.3877563865537,51.0347891166449,14.7976986383577,0.969,3.95608738968062,3.43920674799665,0.832442903389189,0.505112958942417
2001-05-23,2.82,562.72,12.99,12.99,801.37,0.9286141700404857,658.41,27.06629,750.88,3.17552224503765,2.27054970568104,0.715016154973943,0.219528466253919,0.207214753166224,16.85,1.1541095890411,212.45,3.09468317552804,0,-16.0641,4.11759799833194,1.37608385686463,0.451685660266874,1.30108445697626,0.601283991047423,33.3877563865537,51.0347891166449,14.7976986383577,0.969,3.95608738968062,3.43920674799665,0.832442903389189,0.505112958942417
2001-05-24,0.33,479.15,13.48,13.48,808.73,0.5473936160238653,658.41,27.06629,750.88,3.17552224503765,2.27054970568104,0.715016154973943,0.219528466253919,0.207214753166224,16.85,1.1541095890411,212.45,3.09468317552804,0,-16.0641,4.11759799833194,1.37608385686463,0.451685660266874,1.30108445697626,0.601283991047423,33.3877563865537,51.0347891166449,14.7976986383577,0.969,3.95608738968062,3.43920674799665,0.832442903389189,0.505112958942417
2001-05-25,4.71,418.81,12.28,12.28,810.32,0.41054521201789895,658.41,27.06629,750.88,3.17552224503765,2.27054970568104,0.715016154973943,0.219528466253919,0.207214753166224,16.85,1.1541095890411,212.45,3.09468317552804,0,-16.0641,4.11759799833194,1.37608385686463,0.451685660266874,1.30108445697626,0.601283991047423,33.3877563865537,51.0347891166449,14.7976986383577,0.969,3.95608738968062,3.43920674799665,0.832442903389189,0.505112958942417
2001-05-26,3.17,397.01,12.93,12.93,861.1,0.46919452802045597,658.41,27.06629,750.88,3.17552224503765,2.27054970568104,0.715016154973943,0.219528466253919,0.207214753166224,16.85,1.1541095890411,212.45,3.09468317552804,0,-16.0641,4.11759799833194,1.37608385686463,0.451685660266874,1.30108445697626,0.601283991047423,33.3877563865537,51.0347891166449,14.7976986383577,0.969,3.95608738968062,3.43920674799665,0.832442903389189,0.505112958942417
2001-05-27,4.99,414.4,12.1,12.1,806.08,0.4138035073513744,658.41,27.06629,750.88,3.17552224503765,2.27054970568104,0.715016154973943,0.219528466253919,0.207214753166224,16.85,1.1541095890411,212.45,3.09468317552804,0,-16.0641,4.11759799833194,1.37608385686463,0.451685660266874,1.30108445697626,0.601283991047423,33.3877563865537,51.0347891166449,14.7976986383577,0.969,3.95608738968062,3.43920674799665,0.832442903389189,0.505112958942417
2001-05-28,2.13,395.34,11.41,11.41,784.75,0.46593623268698053,658.41,27.06629,750.88,3.17552224503765,2.27054970568104,0.715016154973943,0.219528466253919,0.207214753166224,16.85,1.1541095890411,212.45,3.09468317552804,0,-16.0641,4.11759799833194,1.37608385686463,0.451685660266874,1.30108445697626,0.601283991047423,33.3877563865537,51.0347891166449,14.7976986383577,0.969,3.95608738968062,3.43920674799665,0.832442903389189,0.505112958942417
2001-05-29,0.28,449.29,9.99,9.99,706.16,0.4138035073513744,658.41,27.06629,750.88,3.17552224503765,2.27054970568104,0.715016154973943,0.219528466253919,0.207214753166224,16.85,1.1541095890411,212.45,3.09468317552804,0,-16.0641,4.11759799833194,1.37608385686463,0.451685660266874,1.30108445697626,0.601283991047423,33.3877563865537,51.0347891166449,14.7976986383577,0.969,3.95608738968062,3.43920674799665,0.832442903389189,0.505112958942417
2001-05-30,0.03,508.05,7.31,7.31,565.62,0.3486376006818666,658.41,27.06629,750.88,3.17552224503765,2.27054970568104,0.715016154973943,0.219528466253919,0.207214753166224,16.85,1.1541095890411,212.45,3.09468317552804,0,-16.0641,4.11759799833194,1.37608385686463,0.451685660266874,1.30108445697626,0.601283991047423,33.3877563865537,51.0347891166449,14.7976986383577,0.969,3.95608738968062,3.43920674799665,0.832442903389189,0.505112958942417
2001-05-31,0.56,493.42,7.79,7.79,567.32,0.3030214660132111,658.41,27.06629,750.88,3.17552224503765,2.27054970568104,0.715016154973943,0.219528466253919,0.207214753166224,16.85,1.1541095890411,212.45,3.09468317552804,0,-16.0641,4.11759799833194,1.37608385686463,0.451685660266874,1.30108445697626,0.601283991047423,33.3877563865537,51.0347891166449,14.7976986383577,0.969,3.95608738968062,3.43920674799665,0.832442903389189,0.505112958942417
2001-06-01,3.26,411.18,8.85,8.85,681.98,0.2834716940123588,658.41,27.06629,750.88,3.17552224503765,2.27054970568104,0.715016154973943,0.219528466253919,0.207214753166224,16.85,1.1541095890411,212.45,3.09468317552804,0,-16.0641,4.11759799833194,1.37608385686463,0.451685660266874,1.30108445697626,0.601283991047423,33.3877563865537,51.0347891166449,14.7976986383577,0.969,3.95608738968062,3.43920674799665,0.832442903389189,0.505112958942417
2001-06-02,5.28,374.94,11.31,11.31,843.73,0.30953805668016193,658.41,27.06629,750.88,3.17552224503765,2.27054970568104,0.715016154973943,0.219528466253919,0.207214753166224,16.85,1.1541095890411,212.45,3.09468317552804,0,-16.0641,4.11759799833194,1.37608385686463,0.451685660266874,1.30108445697626,0.601283991047423,33.3877563865537,51.0347891166449,14.7976986383577,0.969,3.95608738968062,3.43920674799665,0.832442903389189,0.505112958942417
2001-06-03,2.69,261.21,11.01,11.01,904.09,0.3453793053483912,658.41,27.06629,750.88,3.17552224503765,2.27054970568104,0.715016154973943,0.219528466253919,0.207214753166224,16.85,1.1541095890411,212.45,3.09468317552804,0,-16.0641,4.11759799833194,1.37608385686463,0.451685660266874,1.30108445697626,0.601283991047423,33.3877563865537,51.0347891166449,14.7976986383577,0.969,3.95608738968062,3.43920674799665,0.832442903389189,0.505112958942417
2001-06-04,0.74,401.56,10.64,10.64,803.83,0.35841248668229275,658.41,27.06629,750.88,3.17552224503765,2.27054970568104,0.715016154973943,0.219528466253919,0.207214753166224,16.85,1.1541095890411,212.45,3.09468317552804,0,-16.0641,4.11759799833194,1.37608385686463,0.451685660266874,1.30108445697626,0.601283991047423,33.3877563865537,51.0347891166449,14.7976986383577,0.969,3.95608738968062,3.43920674799665,0.832442903389189,0.505112958942417
2001-06-05,0.09,553.35,11.2,11.2,725.94,0.3030214660132111,658.41,27.06629,750.88,3.17552224503765,2.27054970568104,0.715016154973943,0.219528466253919,0.207214753166224,16.85,1.1541095890411,212.45,3.09468317552804,0,-16.0641,4.11759799833194,1.37608385686463,0.451685660266874,1.30108445697626,0.601283991047423,33.3877563865537,51.0347891166449,14.7976986383577,0.969,3.95608738968062,3.43920674799665,0.832442903389189,0.505112958942417
2001-06-06,0.0,542.96,12.42,12.42,754.06,0.27043851267845725,658.41,27.06629,750.88,3.17552224503765,2.27054970568104,0.715016154973943,0.219528466253919,0.207214753166224,16.85,1.1541095890411,212.45,3.09468317552804,0,-16.0641,4.11759799833194,1.37608385686463,0.451685660266874,1.30108445697626,0.601283991047423,33.3877563865537,51.0347891166449,14.7976986383577,0.969,3.95608738968062,3.43920674799665,0.832442903389189,0.505112958942417
2001-06-07,0.0,572.27,12.53,12.53,721.6,0.24437215001065415,658.41,27.06629,750.88,3.17552224503765,2.27054970568104,0.715016154973943,0.219528466253919,0.207214753166224,16.85,1.1541095890411,212.45,3.09468317552804,0,-16.0641,4.11759799833194,1.37608385686463,0.451685660266874,1.30108445697626,0.601283991047423,33.3877563865537,51.0347891166449,14.7976986383577,0.969,3.95608738968062,3.43920674799665,0.832442903389189,0.505112958942417
2001-06-08,0.31,482.57,13.08,13.08,746.77,0.22482237800980182,658.41,27.06629,750.88,3.17552224503765,2.27054970568104,0.715016154973943,0.219528466253919,0.207214753166224,16.85,1.1541095890411,212.45,3.09468317552804,0,-16.0641,4.11759799833194,1.37608385686463,0.451685660266874,1.30108445697626,0.601283991047423,33.3877563865537,51.0347891166449,14.7976986383577,0.969,3.95608738968062,3.43920674799665,0.832442903389189,0.505112958942417
2001-06-09,1.83,433.9,13.41,13.41,795.97,0.20527260600894948,658.41,27.06629,750.88,3.17552224503765,2.27054970568104,0.715016154973943,0.219528466253919,0.207214753166224,16.85,1.1541095890411,212.45,3.09468317552804,0,-16.0641,4.11759799833194,1.37608385686463,0.451685660266874,1.30108445697626,0.601283991047423,33.3877563865537,51.0347891166449,14.7976986383577,0.969,3.95608738968062,3.43920674799665,0.832442903389189,0.505112958942417
2001-06-10,2.99,422.64,15.29,15.29,944.61,0.19875601534199872,658.41,27.06629,750.88,3.17552224503765,2.27054970568104,0.715016154973943,0.219528466253919,0.207214753166224,16.85,1.1541095890411,212.45,3.09468317552804,0,-16.0641,4.11759799833194,1.37608385686463,0.451685660266874,1.30108445697626,0.601283991047423,33.3877563865537,51.0347891166449,14.7976986383577,0.969,3.95608738968062,3.43920674799665,0.832442903389189,0.505112958942417
2001-06-11,2.09,402.73,16.5,16.5,1102.33,0.2020143106754741,658.41,27.06629,750.88,3.17552224503765,2.27054970568104,0.715016154973943,0.219528466253919,0.207214753166224,16.85,1.1541095890411,212.45,3.09468317552804,0,-16.0641,4.11759799833194,1.37608385686463,0.451685660266874,1.30108445697626,0.601283991047423,33.3877563865537,51.0347891166449,14.7976986383577,0.969,3.95608738968062,3.43920674799665,0.832442903389189,0.505112958942417
2001-06-12,4.89,408.61,18.03,18.03,1150.59,0.2020143106754741,658.41,27.06629,750.88,3.17552224503765,2.27054970568104,0.715016154973943,0.219528466253919,0.207214753166224,16.85,1.1541095890411,212.45,3.09468317552804,0,-16.0641,4.11759799833194,1.37608385686463,0.451685660266874,1.30108445697626,0.601283991047423,33.3877563865537,51.0347891166449,14.7976986383577,0.969,3.95608738968062,3.43920674799665,0.832442903389189,0.505112958942417
2001-06-13,1.19,546.82,19.64,19.64,1173.06,0.21178919667590027,658.41,27.06629,750.88,3.17552224503765,2.27054970568104,0.715016154973943,0.219528466253919,0.207214753166224,16.85,1.1541095890411,212.45,3.09468317552804,0,-16.0641,4.11759799833194,1.37608385686463,0.451685660266874,1.30108445697626,0.601283991047423,33.3877563865537,51.0347891166449,14.7976986383577,0.969,3.95608738968062,3.43920674799665,0.832442903389189,0.505112958942417
2001-06-14,0.0,554.93,20.81,20.81,1217.39,0.1954977200085233,658.41,27.06629,750.88,3.17552224503765,2.27054970568104,0.715016154973943,0.219528466253919,0.207214753166224,16.85,1.1541095890411,212.45,3.09468317552804,0,-16.0641,4.11759799833194,1.37608385686463,0.451685660266874,1.30108445697626,0.601283991047423,33.3877563865537,51.0347891166449,14.7976986383577,0.969,3.95608738968062,3.43920674799665,0.832442903389189,0.505112958942417
2001-06-15,0.0,539.39,21.21,21.21,1258.25,0.16617306200724483,658.41,27.06629,750.88,3.17552224503765,2.27054970568104,0.715016154973943,0.219528466253919,0.207214753166224,16.85,1.1541095890411,212.45,3.09468317552804,0,-16.0641,4.11759799833194,1.37608385686463,0.451685660266874,1.30108445697626,0.601283991047423,33.3877563865537,51.0347891166449,14.7976986383577,0.969,3.95608738968062,3.43920674799665,0.832442903389189,0.505112958942417
2001-06-16,7.44,386.7,18.42,18.42,1169.24,0.19875601534199872,658.41,27.06629,750.88,3.17552224503765,2.27054970568104,0.715016154973943,0.219528466253919,0.207214753166224,16.85,1.1541095890411,212.45,3.09468317552804,0,-16.0641,4.11759799833194,1.37608385686463,0.451685660266874,1.30108445697626,0.601283991047423,33.3877563865537,51.0347891166449,14.7976986383577,0.969,3.95608738968062,3.43920674799665,0.832442903389189,0.505112958942417
2001-06-17,1.96,539.1,17.38,17.38,1015.28,0.44312816535265287,658.41,27.06629,750.88,3.17552224503765,2.27054970568104,0.715016154973943,0.219528466253919,0.207214753166224,16.85,1.1541095890411,212.45,3.09468317552804,0,-16.0641,4.11759799833194,1.37608385686463,0.451685660266874,1.30108445697626,0.601283991047423,33.3877563865537,51.0347891166449,14.7976986383577,0.969,3.95608738968062,3.43920674799665,0.832442903389189,0.505112958942417
2001-06-18,0.0,561.32,16.96,16.96,1025.01,0.21504749200937565,658.41,27.06629,750.88,3.17552224503765,2.27054970568104,0.715016154973943,0.219528466253919,0.207214753166224,16.85,1.1541095890411,212.45,3.09468317552804,0,-16.0641,4.11759799833194,1.37608385686463,0.451685660266874,1.30108445697626,0.601283991047423,33.3877563865537,51.0347891166449,14.7976986383577,0.969,3.95608738968062,3.43920674799665,0.832442903389189,0.505112958942417
2001-06-19,0.0,545.71,21.04,21.04,1261.45,0.1694313573407202,658.41,27.06629,750.88,3.17552224503765,2.27054970568104,0.715016154973943,0.219528466253919,0.207214753166224,16.85,1.1541095890411,212.45,3.09468317552804,0,-16.0641,4.11759799833194,1.37608385686463,0.451685660266874,1.30108445697626,0.601283991047423,33.3877563865537,51.0347891166449,14.7976986383577,0.969,3.95608738968062,3.43920674799665,0.832442903389189,0.505112958942417
2001-06-20,4.7,393.04,19.98,19.98,1291.54,0.1466232900063925,658.41,27.06629,750.88,3.17552224503765,2.27054970568104,0.715016154973943,0.219528466253919,0.207214753166224,16.85,1.1541095890411,212.45,3.09468317552804,0,-16.0641,4.11759799833194,1.37608385686463,0.451685660266874,1.30108445697626,0.601283991047423,33.3877563865537,51.0347891166449,14.7976986383577,0.969,3.95608738968062,3.43920674799665,0.832442903389189,0.505112958942417
2001-06-21,10.26,328.72,18.79,18.79,1341.02,0.15965647134029404,658.41,27.06629,750.88,3.17552224503765,2.27054970568104,0.715016154973943,0.219528466253919,0.207214753166224,16.85,1.1541095890411,212.45,3.09468317552804,0,-16.0641,4.11759799833194,1.37608385686463,0.451685660266874,1.30108445697626,0.601283991047423,33.3877563865537,51.0347891166449,14.7976986383577,0.969,3.95608738968062,3.43920674799665,0.832442903389189,0.505112958942417
2001-06-22,16.05,342.31,17.79,17.79,1294.99,0.4854860046878329,658.41,27.06629,750.88,3.17552224503765,2.27054970568104,0.715016154973943,0.219528466253919,0.207214753166224,16.85,1.1541095890411,212.45,3.09468317552804,0,-16.0641,4.11759799833194,1.37608385686463,0.451685660266874,1.30108445697626,0.601283991047423,33.3877563865537,51.0347891166449,14.7976986383577,0.969,3.95608738968062,3.43920674799665,0.832442903389189,0.505112958942417
2001-06-23,9.58,337.1,17.37,17.37,1215.38,1.6128561900703173,658.41,27.06629,750.88,3.17552224503765,2.27054970568104,0.715016154973943,0.219528466253919,0.207214753166224,16.85,1.1541095890411,212.45,3.09468317552804,0,-16.0641,4.11759799833194,1.37608385686463,0.451685660266874,1.30108445697626,0.601283991047423,33.3877563865537,51.0347891166449,14.7976986383577,0.969,3.95608738968062,3.43920674799665,0.832442903389189,0.505112958942417
2001-06-24,1.57,539.02,15.0,15.0,954.77,1.3033181333901556,658.41,27.06629,750.88,3.17552224503765,2.27054970568104,0.715016154973943,0.219528466253919,0.207214753166224,16.85,1.1541095890411,212.45,3.09468317552804,0,-16.0641,4.11759799833194,1.37608385686463,0.451685660266874,1.30108445697626,0.601283991047423,33.3877563865537,51.0347891166449,14.7976986383577,0.969,3.95608738968062,3.43920674799665,0.832442903389189,0.505112958942417
2001-06-25,0.0,556.85,16.38,16.38,985.24,0.7428913360323885,658.41,27.06629,750.88,3.17552224503765,2.27054970568104,0.715016154973943,0.219528466253919,0.207214753166224,16.85,1.1541095890411,212.45,3.09468317552804,0,-16.0641,4.11759799833194,1.37608385686463,0.451685660266874,1.30108445697626,0.601283991047423,33.3877563865537,51.0347891166449,14.7976986383577,0.969,3.95608738968062,3.43920674799665,0.832442903389189,0.505112958942417
2001-06-26,0.0,561.75,18.28,18.28,1064.24,0.5995263413594715,658.41,27.06629,750.88,3.17552224503765,2.27054970568104,0.715016154973943,0.219528466253919,0.207214753166224,16.85,1.1541095890411,212.45,3.09468317552804,0,-16.0641,4.11759799833194,1.37608385686463,0.451685660266874,1.30108445697626,0.601283991047423,33.3877563865537,51.0347891166449,14.7976986383577,0.969,3.95608738968062,3.43920674799665,0.832442903389189,0.505112958942417
2001-06-27,0.0,556.01,19.35,19.35,1145.3,0.47571111868740673,658.41,27.06629,750.88,3.17552224503765,2.27054970568104,0.715016154973943,0.219528466253919,0.207214753166224,16.85,1.1541095890411,212.45,3.09468317552804,0,-16.0641,4.11759799833194,1.37608385686463,0.451685660266874,1.30108445697626,0.601283991047423,33.3877563865537,51.0347891166449,14.7976986383577,0.969,3.95608738968062,3.43920674799665,0.832442903389189,0.505112958942417
2001-06-28,0.0,544.26,20.68,20.68,1248.78,0.39751203068399743,658.41,27.06629,750.88,3.17552224503765,2.27054970568104,0.715016154973943,0.219528466253919,0.207214753166224,16.85,1.1541095890411,212.45,3.09468317552804,0,-16.0641,4.11759799833194,1.37608385686463,0.451685660266874,1.30108445697626,0.601283991047423,33.3877563865537,51.0347891166449,14.7976986383577,0.969,3.95608738968062,3.43920674799665,0.832442903389189,0.505112958942417
2001-06-29,0.0,536.37,21.36,21.36,1354.53,0.32908782868101427,658.41,27.06629,750.88,3.17552224503765,2.27054970568104,0.715016154973943,0.219528466253919,0.207214753166224,16.85,1.1541095890411,212.45,3.09468317552804,0,-16.0641,4.11759799833194,1.37608385686463,0.451685660266874,1.30108445697626,0.601283991047423,33.3877563865537,51.0347891166449,14.7976986383577,0.969,3.95608738968062,3.43920674799665,0.832442903389189,0.505112958942417
2001-06-30,0.58,371.28,21.85,21.85,1548.83,0.2899882846793096,658.41,27.06629,750.88,3.17552224503765,2.27054970568104,0.715016154973943,0.219528466253919,0.207214753166224,16.85,1.1541095890411,212.45,3.09468317552804,0,-16.0641,4.11759799833194,1.37608385686463,0.451685660266874,1.30108445697626,0.601283991047423,33.3877563865537,51.0347891166449,14.7976986383577,0.969,3.95608738968062,3.43920674799665,0.832442903389189,0.505112958942417
2001-07-01,3.54,336.71,21.17,21.17,1423.08,0.3779622586831451,658.41,27.06629,750.88,3.17552224503765,2.27054970568104,0.715016154973943,0.219528466253919,0.207214753166224,16.85,1.1541095890411,212.45,3.09468317552804,0,-16.0641,4.11759799833194,1.37608385686463,0.451685660266874,1.30108445697626,0.601283991047423,33.3877563865537,51.0347891166449,14.7976986383577,0.969,3.95608738968062,3.43920674799665,0.832442903389189,0.505112958942417
2001-07-02,0.89,577.08,13.48,13.48,793.79,0.5473936160238653,658.41,27.06629,750.88,3.17552224503765,2.27054970568104,0.715016154973943,0.219528466253919,0.207214753166224,16.85,1.1541095890411,212.45,3.09468317552804,0,-16.0641,4.11759799833194,1.37608385686463,0.451685660266874,1.30108445697626,0.601283991047423,33.3877563865537,51.0347891166449,14.7976986383577,0.969,3.95608738968062,3.43920674799665,0.832442903389189,0.505112958942417
2001-07-03,0.45,394.66,12.1,12.1,852.75,0.30627976134668655,658.41,27.06629,750.88,3.17552224503765,2.27054970568104,0.715016154973943,0.219528466253919,0.207214753166224,16.85,1.1541095890411,212.45,3.09468317552804,0,-16.0641,4.11759799833194,1.37608385686463,0.451685660266874,1.30108445697626,0.601283991047423,33.3877563865537,51.0347891166449,14.7976986383577,0.969,3.95608738968062,3.43920674799665,0.832442903389189,0.505112958942417
2001-07-04,4.38,359.47,14.6,14.6,1044.06,0.2834716940123588,658.41,27.06629,750.88,3.17552224503765,2.27054970568104,0.715016154973943,0.219528466253919,0.207214753166224,16.85,1.1541095890411,212.45,3.09468317552804,0,-16.0641,4.11759799833194,1.37608385686463,0.451685660266874,1.30108445697626,0.601283991047423,33.3877563865537,51.0347891166449,14.7976986383577,0.969,3.95608738968062,3.43920674799665,0.832442903389189,0.505112958942417
2001-07-05,2.17,393.21,15.88,15.88,1024.89,0.29650487534626035,658.41,27.06629,750.88,3.17552224503765,2.27054970568104,0.715016154973943,0.219528466253919,0.207214753166224,16.85,1.1541095890411,212.45,3.09468317552804,0,-16.0641,4.11759799833194,1.37608385686463,0.451685660266874,1.30108445697626,0.601283991047423,33.3877563865537,51.0347891166449,14.7976986383577,0.969,3.95608738968062,3.43920674799665,0.832442903389189,0.505112958942417
2001-07-06,0.75,463.27,14.14,14.14,884.24,0.276955103345408,658.41,27.06629,750.88,3.17552224503765,2.27054970568104,0.715016154973943,0.219528466253919,0.207214753166224,16.85,1.1541095890411,212.45,3.09468317552804,0,-16.0641,4.11759799833194,1.37608385686463,0.451685660266874,1.30108445697626,0.601283991047423,33.3877563865537,51.0347891166449,14.7976986383577,0.969,3.95608738968062,3.43920674799665,0.832442903389189,0.505112958942417
2001-07-07,0.96,388.36,13.83,13.83,929.92,0.22808067334327722,658.41,27.06629,750.88,3.17552224503765,2.27054970568104,0.715016154973943,0.219528466253919,0.207214753166224,16.85,1.1541095890411,212.45,3.09468317552804,0,-16.0641,4.11759799833194,1.37608385686463,0.451685660266874,1.30108445697626,0.601283991047423,33.3877563865537,51.0347891166449,14.7976986383577,0.969,3.95608738968062,3.43920674799665,0.832442903389189,0.505112958942417
2001-07-08,0.27,516.13,16.16,16.16,1013.62,0.21504749200937565,658.41,27.06629,750.88,3.17552224503765,2.27054970568104,0.715016154973943,0.219528466253919,0.207214753166224,16.85,1.1541095890411,212.45,3.09468317552804,0,-16.0641,4.11759799833194,1.37608385686463,0.451685660266874,1.30108445697626,0.601283991047423,33.3877563865537,51.0347891166449,14.7976986383577,0.969,3.95608738968062,3.43920674799665,0.832442903389189,0.505112958942417
2001-07-09,1.14,396.25,18.49,18.49,1193.57,0.2020143106754741,658.41,27.06629,750.88,3.17552224503765,2.27054970568104,0.715016154973943,0.219528466253919,0.207214753166224,16.85,1.1541095890411,212.45,3.09468317552804,0,-16.0641,4.11759799833194,1.37608385686463,0.451685660266874,1.30108445697626,0.601283991047423,33.3877563865537,51.0347891166449,14.7976986383577,0.969,3.95608738968062,3.43920674799665,0.832442903389189,0.505112958942417
2001-07-10,2.42,410.33,19.27,19.27,1176.88,0.18572283400809714,658.41,27.06629,750.88,3.17552224503765,2.27054970568104,0.715016154973943,0.219528466253919,0.207214753166224,16.85,1.1541095890411,212.45,3.09468317552804,0,-16.0641,4.11759799833194,1.37608385686463,0.451685660266874,1.30108445697626,0.601283991047423,33.3877563865537,51.0347891166449,14.7976986383577,0.969,3.95608738968062,3.43920674799665,0.832442903389189,0.505112958942417
2001-07-11,0.56,546.53,18.52,18.52,1040.33,0.17920624334114638,658.41,27.06629,750.88,3.17552224503765,2.27054970568104,0.715016154973943,0.219528466253919,0.207214753166224,16.85,1.1541095890411,212.45,3.09468317552804,0,-16.0641,4.11759799833194,1.37608385686463,0.451685660266874,1.30108445697626,0.601283991047423,33.3877563865537,51.0347891166449,14.7976986383577,0.969,3.95608738968062,3.43920674799665,0.832442903389189,0.505112958942417
2001-07-12,0.02,458.59,14.96,14.96,937.05,0.16291476667376945,658.41,27.06629,750.88,3.17552224503765,2.27054970568104,0.715016154973943,0.219528466253919,0.207214753166224,16.85,1.1541095890411,212.45,3.09468317552804,0,-16.0641,4.11759799833194,1.37608385686463,0.451685660266874,1.30108445697626,0.601283991047423,33.3877563865537,51.0347891166449,14.7976986383577,0.969,3.95608738968062,3.43920674799665,0.832442903389189,0.505112958942417
2001-07-13,0.01,499.21,14.32,14.32,922.23,0.1466232900063925,658.41,27.06629,750.88,3.17552224503765,2.27054970568104,0.715016154973943,0.219528466253919,0.207214753166224,16.85,1.1541095890411,212.45,3.09468317552804,0,-16.0641,4.11759799833194,1.37608385686463,0.451685660266874,1.30108445697626,0.601283991047423,33.3877563865537,51.0347891166449,14.7976986383577,0.969,3.95608738968062,3.43920674799665,0.832442903389189,0.505112958942417
2001-07-14,0.0,520.05,14.06,14.06,897.66,0.13684840400596632,658.41,27.06629,750.88,3.17552224503765,2.27054970568104,0.715016154973943,0.219528466253919,0.207214753166224,16.85,1.1541095890411,212.45,3.09468317552804,0,-16.0641,4.11759799833194,1.37608385686463,0.451685660266874,1.30108445697626,0.601283991047423,33.3877563865537,51.0347891166449,14.7976986383577,0.969,3.95608738968062,3.43920674799665,0.832442903389189,0.505112958942417
2001-07-15,0.02,487.61,14.22,14.22,921.79,0.13359010867249094,658.41,27.06629,750.88,3.17552224503765,2.27054970568104,0.715016154973943,0.219528466253919,0.207214753166224,16.85,1.1541095890411,212.45,3.09468317552804,0,-16.0641,4.11759799833194,1.37608385686463,0.451685660266874,1.30108445697626,0.601283991047423,33.3877563865537,51.0347891166449,14.7976986383577,0.969,3.95608738968062,3.43920674799665,0.832442903389189,0.505112958942417
2001-07-16,0.01,538.73,16.84,16.84,1022.06,0.12381522267206477,658.41,27.06629,750.88,3.17552224503765,2.27054970568104,0.715016154973943,0.219528466253919,0.207214753166224,16.85,1.1541095890411,212.45,3.09468317552804,0,-16.0641,4.11759799833194,1.37608385686463,0.451685660266874,1.30108445697626,0.601283991047423,33.3877563865537,51.0347891166449,14.7976986383577,0.969,3.95608738968062,3.43920674799665,0.832442903389189,0.505112958942417
2001-07-17,1.11,446.62,18.78,18.78,1187.37,0.12055692733858939,658.41,27.06629,750.88,3.17552224503765,2.27054970568104,0.715016154973943,0.219528466253919,0.207214753166224,16.85,1.1541095890411,212.45,3.09468317552804,0,-16.0641,4.11759799833194,1.37608385686463,0.451685660266874,1.30108445697626,0.601283991047423,33.3877563865537,51.0347891166449,14.7976986383577,0.969,3.95608738968062,3.43920674799665,0.832442903389189,0.505112958942417
2001-07-18,0.29,498.07,18.59,18.59,1179.33,0.12707351800554018,658.41,27.06629,750.88,3.17552224503765,2.27054970568104,0.715016154973943,0.219528466253919,0.207214753166224,16.85,1.1541095890411,212.45,3.09468317552804,0,-16.0641,4.11759799833194,1.37608385686463,0.451685660266874,1.30108445697626,0.601283991047423,33.3877563865537,51.0347891166449,14.7976986383577,0.969,3.95608738968062,3.43920674799665,0.832442903389189,0.505112958942417
2001-07-19,0.06,453.55,18.7,18.7,1123.09,0.12055692733858939,658.41,27.06629,750.88,3.17552224503765,2.27054970568104,0.715016154973943,0.219528466253919,0.207214753166224,16.85,1.1541095890411,212.45,3.09468317552804,0,-16.0641,4.11759799833194,1.37608385686463,0.451685660266874,1.30108445697626,0.601283991047423,33.3877563865537,51.0347891166449,14.7976986383577,0.969,3.95608738968062,3.43920674799665,0.832442903389189,0.505112958942417
2001-07-20,0.02,542.07,18.76,18.76,1064.12,0.11078204133816322,658.41,27.06629,750.88,3.17552224503765,2.27054970568104,0.715016154973943,0.219528466253919,0.207214753166224,16.85,1.1541095890411,212.45,3.09468317552804,0,-16.0641,4.11759799833194,1.37608385686463,0.451685660266874,1.30108445697626,0.601283991047423,33.3877563865537,51.0347891166449,14.7976986383577,0.969,3.95608738968062,3.43920674799665,0.832442903389189,0.505112958942417
2001-07-21,0.0,557.69,19.31,19.31,1066.09,0.10426545067121244,658.41,27.06629,750.88,3.17552224503765,2.27054970568104,0.715016154973943,0.219528466253919,0.207214753166224,16.85,1.1541095890411,212.45,3.09468317552804,0,-16.0641,4.11759799833194,1.37608385686463,0.451685660266874,1.30108445697626,0.601283991047423,33.3877563865537,51.0347891166449,14.7976986383577,0.969,3.95608738968062,3.43920674799665,0.832442903389189,0.505112958942417
2001-07-22,0.69,454.17,20.03,20.03,1193.51,0.09449056467078627,658.41,27.06629,750.88,3.17552224503765,2.27054970568104,0.715016154973943,0.219528466253919,0.207214753166224,16.85,1.1541095890411,212.45,3.09468317552804,0,-16.0641,4.11759799833194,1.37608385686463,0.451685660266874,1.30108445697626,0.601283991047423,33.3877563865537,51.0347891166449,14.7976986383577,0.969,3.95608738968062,3.43920674799665,0.832442903389189,0.505112958942417
2001-07-23,0.49,436.24,21.2,21.2,1346.21,0.09123226933731088,658.41,27.06629,750.88,3.17552224503765,2.27054970568104,0.715016154973943,0.219528466253919,0.207214753166224,16.85,1.1541095890411,212.45,3.09468317552804,0,-16.0641,4.11759799833194,1.37608385686463,0.451685660266874,1.30108445697626,0.601283991047423,33.3877563865537,51.0347891166449,14.7976986383577,0.969,3.95608738968062,3.43920674799665,0.832442903389189,0.505112958942417
2001-07-24,3.26,395.34,22.81,22.81,1459.79,0.09123226933731088,658.41,27.06629,750.88,3.17552224503765,2.27054970568104,0.715016154973943,0.219528466253919,0.207214753166224,16.85,1.1541095890411,212.45,3.09468317552804,0,-16.0641,4.11759799833194,1.37608385686463,0.451685660266874,1.30108445697626,0.601283991047423,33.3877563865537,51.0347891166449,14.7976986383577,0.969,3.95608738968062,3.43920674799665,0.832442903389189,0.505112958942417
2001-07-25,10.5,394.25,22.65,22.65,1435.92,0.08797397400383548,658.41,27.06629,750.88,3.17552224503765,2.27054970568104,0.715016154973943,0.219528466253919,0.207214753166224,16.85,1.1541095890411,212.45,3.09468317552804,0,-16.0641,4.11759799833194,1.37608385686463,0.451685660266874,1.30108445697626,0.601283991047423,33.3877563865537,51.0347891166449,14.7976986383577,0.969,3.95608738968062,3.43920674799665,0.832442903389189,0.505112958942417
2001-07-26,3.01,449.78,22.06,22.06,1240.44,0.21504749200937565,658.41,27.06629,750.88,3.17552224503765,2.27054970568104,0.715016154973943,0.219528466253919,0.207214753166224,16.85,1.1541095890411,212.45,3.09468317552804,0,-16.0641,4.11759799833194,1.37608385686463,0.451685660266874,1.30108445697626,0.601283991047423,33.3877563865537,51.0347891166449,14.7976986383577,0.969,3.95608738968062,3.43920674799665,0.832442903389189,0.505112958942417
2001-07-27,0.12,568.86,13.08,13.08,728.33,0.17594794800767097,658.41,27.06629,750.88,3.17552224503765,2.27054970568104,0.715016154973943,0.219528466253919,0.207214753166224,16.85,1.1541095890411,212.45,3.09468317552804,0,-16.0641,4.11759799833194,1.37608385686463,0.451685660266874,1.30108445697626,0.601283991047423,33.3877563865537,51.0347891166449,14.7976986383577,0.969,3.95608738968062,3.43920674799665,0.832442903389189,0.505112958942417
2001-07-28,0.0,554.85,13.49,13.49,787.82,0.11404033667163861,658.41,27.06629,750.88,3.17552224503765,2.27054970568104,0.715016154973943,0.219528466253919,0.207214753166224,16.85,1.1541095890411,212.45,3.09468317552804,0,-16.0641,4.11759799833194,1.37608385686463,0.451685660266874,1.30108445697626,0.601283991047423,33.3877563865537,51.0347891166449,14.7976986383577,0.969,3.95608738968062,3.43920674799665,0.832442903389189,0.505112958942417
2001-07-29,0.0,544.06,16.17,16.17,989.75,0.10100715533773705,658.41,27.06629,750.88,3.17552224503765,2.27054970568104,0.715016154973943,0.219528466253919,0.207214753166224,16.85,1.1541095890411,212.45,3.09468317552804,0,-16.0641,4.11759799833194,1.37608385686463,0.451685660266874,1.30108445697626,0.601283991047423,33.3877563865537,51.0347891166449,14.7976986383577,0.969,3.95608738968062,3.43920674799665,0.832442903389189,0.505112958942417
2001-07-30,0.89,308.12,17.6,17.6,1244.26,0.09449056467078627,658.41,27.06629,750.88,3.17552224503765,2.27054970568104,0.715016154973943,0.219528466253919,0.207214753166224,16.85,1.1541095890411,212.45,3.09468317552804,0,-16.0641,4.11759799833194,1.37608385686463,0.451685660266874,1.30108445697626,0.601283991047423,33.3877563865537,51.0347891166449,14.7976986383577,0.969,3.95608738968062,3.43920674799665,0.832442903389189,0.505112958942417
2001-07-31,0.31,386.66,16.17,16.17,1170.31,0.09774886000426165,658.41,27.06629,750.88,3.17552224503765,2.27054970568104,0.715016154973943,0.219528466253919,0.207214753166224,16.85,1.1541095890411,212.45,3.09468317552804,0,-16.0641,4.11759799833194,1.37608385686463,0.451685660266874,1.30108445697626,0.601283991047423,33.3877563865537,51.0347891166449,14.7976986383577,0.969,3.95608738968062,3.43920674799665,0.832442903389189,0.505112958942417
2001-08-01,0.02,525.35,19.09,19.09,1215.18,0.09449056467078627,658.41,27.06629,750.88,3.17552224503765,2.27054970568104,0.715016154973943,0.219528466253919,0.207214753166224,16.85,1.1541095890411,212.45,3.09468317552804,0,-16.0641,4.11759799833194,1.37608385686463,0.451685660266874,1.30108445697626,0.601283991047423,33.3877563865537,51.0347891166449,14.7976986383577,0.969,3.95608738968062,3.43920674799665,0.832442903389189,0.505112958942417
2001-08-02,0.0,529.71,21.73,21.73,1310.21,0.08797397400383548,658.41,27.06629,750.88,3.17552224503765,2.27054970568104,0.715016154973943,0.219528466253919,0.207214753166224,16.85,1.1541095890411,212.45,3.09468317552804,0,-16.0641,4.11759799833194,1.37608385686463,0.451685660266874,1.30108445697626,0.601283991047423,33.3877563865537,51.0347891166449,14.7976986383577,0.969,3.95608738968062,3.43920674799665,0.832442903389189,0.505112958942417
2001-08-03,0.01,511.4,22.09,22.09,1321.48,0.0847156786703601,658.41,27.06629,750.88,3.17552224503765,2.27054970568104,0.715016154973943,0.219528466253919,0.207214753166224,16.85,1.1541095890411,212.45,3.09468317552804,0,-16.0641,4.11759799833194,1.37608385686463,0.451685660266874,1.30108445697626,0.601283991047423,33.3877563865537,51.0347891166449,14.7976986383577,0.969,3.95608738968062,3.43920674799665,0.832442903389189,0.505112958942417
2001-08-04,0.12,458.49,20.38,20.38,1240.34,0.08145738333688472,658.41,27.06629,750.88,3.17552224503765,2.27054970568104,0.715016154973943,0.219528466253919,0.207214753166224,16.85,1.1541095890411,212.45,3.09468317552804,0,-16.0641,4.11759799833194,1.37608385686463,0.451685660266874,1.30108445697626,0.601283991047423,33.3877563865537,51.0347891166449,14.7976986383577,0.969,3.95608738968062,3.43920674799665,0.832442903389189,0.505112958942417
2001-08-05,0.03,547.92,19.32,19.32,1109.76,0.07819908800340933,658.41,27.06629,750.88,3.17552224503765,2.27054970568104,0.715016154973943,0.219528466253919,0.207214753166224,16.85,1.1541095890411,212.45,3.09468317552804,0,-16.0641,4.11759799833194,1.37608385686463,0.451685660266874,1.30108445697626,0.601283991047423,33.3877563865537,51.0347891166449,14.7976986383577,0.969,3.95608738968062,3.43920674799665,0.832442903389189,0.505112958942417
2001-08-06,0.0,533.67,21.73,21.73,1294.79,0.07168249733645855,658.41,27.06629,750.88,3.17552224503765,2.27054970568104,0.715016154973943,0.219528466253919,0.207214753166224,16.85,1.1541095890411,212.45,3.09468317552804,0,-16.0641,4.11759799833194,1.37608385686463,0.451685660266874,1.30108445697626,0.601283991047423,33.3877563865537,51.0347891166449,14.7976986383577,0.969,3.95608738968062,3.43920674799665,0.832442903389189,0.505112958942417
2001-08-07,0.84,385.59,23.52,23.52,1526.24,0.06516590666950778,658.41,27.06629,750.88,3.17552224503765,2.27054970568104,0.715016154973943,0.219528466253919,0.207214753166224,16.85,1.1541095890411,212.45,3.09468317552804,0,-16.0641,4.11759799833194,1.37608385686463,0.451685660266874,1.30108445697626,0.601283991047423,33.3877563865537,51.0347891166449,14.7976986383577,0.969,3.95608738968062,3.43920674799665,0.832442903389189,0.505112958942417
2001-08-08,1.11,427.54,23.69,23.69,1542.27,0.06516590666950778,658.41,27.06629,750.88,3.17552224503765,2.27054970568104,0.715016154973943,0.219528466253919,0.207214753166224,16.85,1.1541095890411,212.45,3.09468317552804,0,-16.0641,4.11759799833194,1.37608385686463,0.451685660266874,1.30108445697626,0.601283991047423,33.3877563865537,51.0347891166449,14.7976986383577,0.969,3.95608738968062,3.43920674799665,0.832442903389189,0.505112958942417
2001-08-09,4.54,388.74,24.42,24.42,1549.56,0.06516590666950778,658.41,27.06629,750.88,3.17552224503765,2.27054970568104,0.715016154973943,0.219528466253919,0.207214753166224,16.85,1.1541095890411,212.45,3.09468317552804,0,-16.0641,4.11759799833194,1.37608385686463,0.451685660266874,1.30108445697626,0.601283991047423,33.3877563865537,51.0347891166449,14.7976986383577,0.969,3.95608738968062,3.43920674799665,0.832442903389189,0.505112958942417
2001-08-10,2.12,424.37,23.54,23.54,1325.65,0.07168249733645855,658.41,27.06629,750.88,3.17552224503765,2.27054970568104,0.715016154973943,0.219528466253919,0.207214753166224,16.85,1.1541095890411,212.45,3.09468317552804,0,-16.0641,4.11759799833194,1.37608385686463,0.451685660266874,1.30108445697626,0.601283991047423,33.3877563865537,51.0347891166449,14.7976986383577,0.969,3.95608738968062,3.43920674799665,0.832442903389189,0.505112958942417
2001-08-11,0.26,534.98,19.89,19.89,1114.77,0.06842420200298316,658.41,27.06629,750.88,3.17552224503765,2.27054970568104,0.715016154973943,0.219528466253919,0.207214753166224,16.85,1.1541095890411,212.45,3.09468317552804,0,-16.0641,4.11759799833194,1.37608385686463,0.451685660266874,1.30108445697626,0.601283991047423,33.3877563865537,51.0347891166449,14.7976986383577,0.969,3.95608738968062,3.43920674799665,0.832442903389189,0.505112958942417
2001-08-12,0.02,476.28,20.74,20.74,1252.94,0.061907611336032384,658.41,27.06629,750.88,3.17552224503765,2.27054970568104,0.715016154973943,0.219528466253919,0.207214753166224,16.85,1.1541095890411,212.45,3.09468317552804,0,-16.0641,4.11759799833194,1.37608385686463,0.451685660266874,1.30108445697626,0.601283991047423,33.3877563865537,51.0347891166449,14.7976986383577,0.969,3.95608738968062,3.43920674799665,0.832442903389189,0.505112958942417
2001-08-13,0.54,377.79,19.49,19.49,1191.59,0.058649316002556996,658.41,27.06629,750.88,3.17552224503765,2.27054970568104,0.715016154973943,0.219528466253919,0.207214753166224,16.85,1.1541095890411,212.45,3.09468317552804,0,-16.0641,4.11759799833194,1.37608385686463,0.451685660266874,1.30108445697626,0.601283991047423,33.3877563865537,51.0347891166449,14.7976986383577,0.969,3.95608738968062,3.43920674799665,0.832442903389189,0.505112958942417
2001-08-14,0.22,488.85,18.04,18.04,1015.15,0.05539102066908161,658.41,27.06629,750.88,3.17552224503765,2.27054970568104,0.715016154973943,0.219528466253919,0.207214753166224,16.85,1.1541095890411,212.45,3.09468317552804,0,-16.0641,4.11759799833194,1.37608385686463,0.451685660266874,1.30108445697626,0.601283991047423,33.3877563865537,51.0347891166449,14.7976986383577,0.969,3.95608738968062,3.43920674799665,0.832442903389189,0.505112958942417
2001-08-15,0.91,437.51,16.98,16.98,1007.79,0.05213272533560622,658.41,27.06629,750.88,3.17552224503765,2.27054970568104,0.715016154973943,0.219528466253919,0.207214753166224,16.85,1.1541095890411,212.45,3.09468317552804,0,-16.0641,4.11759799833194,1.37608385686463,0.451685660266874,1.30108445697626,0.601283991047423,33.3877563865537,51.0347891166449,14.7976986383577,0.969,3.95608738968062,3.43920674799665,0.832442903389189,0.505112958942417
2001-08-16,7.07,392.18,18.73,18.73,1128.6,0.058649316002556996,658.41,27.06629,750.88,3.17552224503765,2.27054970568104,0.715016154973943,0.219528466253919,0.207214753166224,16.85,1.1541095890411,212.45,3.09468317552804,0,-16.0641,4.11759799833194,1.37608385686463,0.451685660266874,1.30108445697626,0.601283991047423,33.3877563865537,51.0347891166449,14.7976986383577,0.969,3.95608738968062,3.43920674799665,0.832442903389189,0.505112958942417
2001-08-17,2.03,458.44,19.18,19.18,1164.02,0.058649316002556996,658.41,27.06629,750.88,3.17552224503765,2.27054970568104,0.715016154973943,0.219528466253919,0.207214753166224,16.85,1.1541095890411,212.45,3.09468317552804,0,-16.0641,4.11759799833194,1.37608385686463,0.451685660266874,1.30108445697626,0.601283991047423,33.3877563865537,51.0347891166449,14.7976986383577,0.969,3.95608738968062,3.43920674799665,0.832442903389189,0.505112958942417
2001-08-18,2.94,393.98,18.6,18.6,1228.35,0.06516590666950778,658.41,27.06629,750.88,3.17552224503765,2.27054970568104,0.715016154973943,0.219528466253919,0.207214753166224,16.85,1.1541095890411,212.45,3.09468317552804,0,-16.0641,4.11759799833194,1.37608385686463,0.451685660266874,1.30108445697626,0.601283991047423,33.3877563865537,51.0347891166449,14.7976986383577,0.969,3.95608738968062,3.43920674799665,0.832442903389189,0.505112958942417
2001-08-19,24.3,343.44,18.12,18.12,1259.73,0.10100715533773705,658.41,27.06629,750.88,3.17552224503765,2.27054970568104,0.715016154973943,0.219528466253919,0.207214753166224,16.85,1.1541095890411,212.45,3.09468317552804,0,-16.0641,4.11759799833194,1.37608385686463,0.451685660266874,1.30108445697626,0.601283991047423,33.3877563865537,51.0347891166449,14.7976986383577,0.969,3.95608738968062,3.43920674799665,0.832442903389189,0.505112958942417
2001-08-20,6.2,445.84,18.75,18.75,1246.51,0.23459726401022798,658.41,27.06629,750.88,3.17552224503765,2.27054970568104,0.715016154973943,0.219528466253919,0.207214753166224,16.85,1.1541095890411,212.45,3.09468317552804,0,-16.0641,4.11759799833194,1.37608385686463,0.451685660266874,1.30108445697626,0.601283991047423,33.3877563865537,51.0347891166449,14.7976986383577,0.969,3.95608738968062,3.43920674799665,0.832442903389189,0.505112958942417
2001-08-21,0.0,477.54,16.29,16.29,1035.59,0.11729863200511399,658.41,27.06629,750.88,3.17552224503765,2.27054970568104,0.715016154973943,0.219528466253919,0.207214753166224,16.85,1.1541095890411,212.45,3.09468317552804,0,-16.0641,4.11759799833194,1.37608385686463,0.451685660266874,1.30108445697626,0.601283991047423,33.3877563865537,51.0347891166449,14.7976986383577,0.969,3.95608738968062,3.43920674799665,0.832442903389189,0.505112958942417
2001-08-22,0.89,385.81,15.44,15.44,987.56,0.09123226933731088,658.41,27.06629,750.88,3.17552224503765,2.27054970568104,0.715016154973943,0.219528466253919,0.207214753166224,16.85,1.1541095890411,212.45,3.09468317552804,0,-16.0641,4.11759799833194,1.37608385686463,0.451685660266874,1.30108445697626,0.601283991047423,33.3877563865537,51.0347891166449,14.7976986383577,0.969,3.95608738968062,3.43920674799665,0.832442903389189,0.505112958942417
2001-08-23,6.92,373.88,17.39,17.39,1112.83,0.10100715533773705,658.41,27.06629,750.88,3.17552224503765,2.27054970568104,0.715016154973943,0.219528466253919,0.207214753166224,16.85,1.1541095890411,212.45,3.09468317552804,0,-16.0641,4.11759799833194,1.37608385686463,0.451685660266874,1.30108445697626,0.601283991047423,33.3877563865537,51.0347891166449,14.7976986383577,0.969,3.95608738968062,3.43920674799665,0.832442903389189,0.505112958942417
2001-08-24,1.76,369.14,16.04,16.04,1105.46,0.10752374600468782,658.41,27.06629,750.88,3.17552224503765,2.27054970568104,0.715016154973943,0.219528466253919,0.207214753166224,16.85,1.1541095890411,212.45,3.09468317552804,0,-16.0641,4.11759799833194,1.37608385686463,0.451685660266874,1.30108445697626,0.601283991047423,33.3877563865537,51.0347891166449,14.7976986383577,0.969,3.95608738968062,3.43920674799665,0.832442903389189,0.505112958942417
2001-08-25,0.97,435.23,14.45,14.45,920.8,0.10100715533773705,658.41,27.06629,750.88,3.17552224503765,2.27054970568104,0.715016154973943,0.219528466253919,0.207214753166224,16.85,1.1541095890411,212.45,3.09468317552804,0,-16.0641,4.11759799833194,1.37608385686463,0.451685660266874,1.30108445697626,0.601283991047423,33.3877563865537,51.0347891166449,14.7976986383577,0.969,3.95608738968062,3.43920674799665,0.832442903389189,0.505112958942417
2001-08-26,13.42,386.14,17.11,17.11,1039.06,0.10100715533773705,658.41,27.06629,750.88,3.17552224503765,2.27054970568104,0.715016154973943,0.219528466253919,0.207214753166224,16.85,1.1541095890411,212.45,3.09468317552804,0,-16.0641,4.11759799833194,1.37608385686463,0.451685660266874,1.30108445697626,0.601283991047423,33.3877563865537,51.0347891166449,14.7976986383577,0.969,3.95608738968062,3.43920674799665,0.832442903389189,0.505112958942417
2001-08-27,4.4,399.74,18.45,18.45,1157.39,0.21178919667590027,658.41,27.06629,750.88,3.17552224503765,2.27054970568104,0.715016154973943,0.219528466253919,0.207214753166224,16.85,1.1541095890411,212.45,3.09468317552804,0,-16.0641,4.11759799833194,1.37608385686463,0.451685660266874,1.30108445697626,0.601283991047423,33.3877563865537,51.0347891166449,14.7976986383577,0.969,3.95608738968062,3.43920674799665,0.832442903389189,0.505112958942417
2001-08-28,7.53,374.1,16.84,16.84,1043.35,0.1694313573407202,658.41,27.06629,750.88,3.17552224503765,2.27054970568104,0.715016154973943,0.219528466253919,0.207214753166224,16.85,1.1541095890411,212.45,3.09468317552804,0,-16.0641,4.11759799833194,1.37608385686463,0.451685660266874,1.30108445697626,0.601283991047423,33.3877563865537,51.0347891166449,14.7976986383577,0.969,3.95608738968062,3.43920674799665,0.832442903389189,0.505112958942417
2001-08-29,1.92,494.6,15.66,15.66,966.33,0.27043851267845725,658.41,27.06629,750.88,3.17552224503765,2.27054970568104,0.715016154973943,0.219528466253919,0.207214753166224,16.85,1.1541095890411,212.45,3.09468317552804,0,-16.0641,4.11759799833194,1.37608385686463,0.451685660266874,1.30108445697626,0.601283991047423,33.3877563865537,51.0347891166449,14.7976986383577,0.969,3.95608738968062,3.43920674799665,0.832442903389189,0.505112958942417
2001-08-30,1.61,399.47,15.43,15.43,1011.83,0.1466232900063925,658.41,27.06629,750.88,3.17552224503765,2.27054970568104,0.715016154973943,0.219528466253919,0.207214753166224,16.85,1.1541095890411,212.45,3.09468317552804,0,-16.0641,4.11759799833194,1.37608385686463,0.451685660266874,1.30108445697626,0.601283991047423,33.3877563865537,51.0347891166449,14.7976986383577,0.969,3.95608738968062,3.43920674799665,0.832442903389189,0.505112958942417
2001-08-31,11.63,375.42,16.94,16.94,1089.62,0.13033181333901556,658.41,27.06629,750.88,3.17552224503765,2.27054970568104,0.715016154973943,0.219528466253919,0.207214753166224,16.85,1.1541095890411,212.45,3.09468317552804,0,-16.0641,4.11759799833194,1.37608385686463,0.451685660266874,1.30108445697626,0.601283991047423,33.3877563865537,51.0347891166449,14.7976986383577,0.969,3.95608738968062,3.43920674799665,0.832442903389189,0.505112958942417
2001-09-01,4.68,324.72,17.46,17.46,1136.59,0.23459726401022798,658.41,27.06629,750.88,3.17552224503765,2.27054970568104,0.715016154973943,0.219528466253919,0.207214753166224,16.85,1.1541095890411,212.45,3.09468317552804,0,-16.0641,4.11759799833194,1.37608385686463,0.451685660266874,1.30108445697626,0.601283991047423,33.3877563865537,51.0347891166449,14.7976986383577,0.969,3.95608738968062,3.43920674799665,0.832442903389189,0.505112958942417
2001-09-02,0.45,468.69,11.25,11.25,783.31,0.17594794800767097,658.41,27.06629,750.88,3.17552224503765,2.27054970568104,0.715016154973943,0.219528466253919,0.207214753166224,16.85,1.1541095890411,212.45,3.09468317552804,0,-16.0641,4.11759799833194,1.37608385686463,0.451685660266874,1.30108445697626,0.601283991047423,33.3877563865537,51.0347891166449,14.7976986383577,0.969,3.95608738968062,3.43920674799665,0.832442903389189,0.505112958942417
2001-09-03,0.9,380.43,11.53,11.53,814.25,0.12707351800554018,658.41,27.06629,750.88,3.17552224503765,2.27054970568104,0.715016154973943,0.219528466253919,0.207214753166224,16.85,1.1541095890411,212.45,3.09468317552804,0,-16.0641,4.11759799833194,1.37608385686463,0.451685660266874,1.30108445697626,0.601283991047423,33.3877563865537,51.0347891166449,14.7976986383577,0.969,3.95608738968062,3.43920674799665,0.832442903389189,0.505112958942417
2001-09-04,2.06,356.73,16.05,16.05,1020.32,0.12055692733858939,658.41,27.06629,750.88,3.17552224503765,2.27054970568104,0.715016154973943,0.219528466253919,0.207214753166224,16.85,1.1541095890411,212.45,3.09468317552804,0,-16.0641,4.11759799833194,1.37608385686463,0.451685660266874,1.30108445697626,0.601283991047423,33.3877563865537,51.0347891166449,14.7976986383577,0.969,3.95608738968062,3.43920674799665,0.832442903389189,0.505112958942417
2001-09-05,0.48,490.33,14.34,14.34,856.74,0.13684840400596632,658.41,27.06629,750.88,3.17552224503765,2.27054970568104,0.715016154973943,0.219528466253919,0.207214753166224,16.85,1.1541095890411,212.45,3.09468317552804,0,-16.0641,4.11759799833194,1.37608385686463,0.451685660266874,1.30108445697626,0.601283991047423,33.3877563865537,51.0347891166449,14.7976986383577,0.969,3.95608738968062,3.43920674799665,0.832442903389189,0.505112958942417
2001-09-06,0.0,481.87,12.11,12.11,768.36,0.11404033667163861,658.41,27.06629,750.88,3.17552224503765,2.27054970568104,0.715016154973943,0.219528466253919,0.207214753166224,16.85,1.1541095890411,212.45,3.09468317552804,0,-16.0641,4.11759799833194,1.37608385686463,0.451685660266874,1.30108445697626,0.601283991047423,33.3877563865537,51.0347891166449,14.7976986383577,0.969,3.95608738968062,3.43920674799665,0.832442903389189,0.505112958942417
2001-09-07,0.0,505.72,13.69,13.69,830.69,0.10100715533773705,658.41,27.06629,750.88,3.17552224503765,2.27054970568104,0.715016154973943,0.219528466253919,0.207214753166224,16.85,1.1541095890411,212.45,3.09468317552804,0,-16.0641,4.11759799833194,1.37608385686463,0.451685660266874,1.30108445697626,0.601283991047423,33.3877563865537,51.0347891166449,14.7976986383577,0.969,3.95608738968062,3.43920674799665,0.832442903389189,0.505112958942417
2001-09-08,0.0,471.06,18.46,18.46,1185.59,0.09449056467078627,658.41,27.06629,750.88,3.17552224503765,2.27054970568104,0.715016154973943,0.219528466253919,0.207214753166224,16.85,1.1541095890411,212.45,3.09468317552804,0,-16.0641,4.11759799833194,1.37608385686463,0.451685660266874,1.30108445697626,0.601283991047423,33.3877563865537,51.0347891166449,14.7976986383577,0.969,3.95608738968062,3.43920674799665,0.832442903389189,0.505112958942417
2001-09-09,0.37,331.54,20.68,20.68,1425.36,0.08797397400383548,658.41,27.06629,750.88,3.17552224503765,2.27054970568104,0.715016154973943,0.219528466253919,0.207214753166224,16.85,1.1541095890411,212.45,3.09468317552804,0,-16.0641,4.11759799833194,1.37608385686463,0.451685660266874,1.30108445697626,0.601283991047423,33.3877563865537,51.0347891166449,14.7976986383577,0.969,3.95608738968062,3.43920674799665,0.832442903389189,0.505112958942417
2001-09-10,1.55,348.37,19.58,19.58,1215.46,0.0847156786703601,658.41,27.06629,750.88,3.17552224503765,2.27054970568104,0.715016154973943,0.219528466253919,0.207214753166224,16.85,1.1541095890411,212.45,3.09468317552804,0,-16.0641,4.11759799833194,1.37608385686463,0.451685660266874,1.30108445697626,0.601283991047423,33.3877563865537,51.0347891166449,14.7976986383577,0.969,3.95608738968062,3.43920674799665,0.832442903389189,0.505112958942417
2001-09-11,0.38,476.26,14.28,14.28,849.92,0.08797397400383548,658.41,27.06629,750.88,3.17552224503765,2.27054970568104,0.715016154973943,0.219528466253919,0.207214753166224,16.85,1.1541095890411,212.45,3.09468317552804,0,-16.0641,4.11759799833194,1.37608385686463,0.451685660266874,1.30108445697626,0.601283991047423,33.3877563865537,51.0347891166449,14.7976986383577,0.969,3.95608738968062,3.43920674799665,0.832442903389189,0.505112958942417
2001-09-12,0.0,475.72,12.94,12.94,811.94,0.08145738333688472,658.41,27.06629,750.88,3.17552224503765,2.27054970568104,0.715016154973943,0.219528466253919,0.207214753166224,16.85,1.1541095890411,212.45,3.09468317552804,0,-16.0641,4.11759799833194,1.37608385686463,0.451685660266874,1.30108445697626,0.601283991047423,33.3877563865537,51.0347891166449,14.7976986383577,0.969,3.95608738968062,3.43920674799665,0.832442903389189,0.505112958942417
2001-09-13,8.68,354.46,14.53,14.53,884.43,0.0847156786703601,658.41,27.06629,750.88,3.17552224503765,2.27054970568104,0.715016154973943,0.219528466253919,0.207214753166224,16.85,1.1541095890411,212.45,3.09468317552804,0,-16.0641,4.11759799833194,1.37608385686463,0.451685660266874,1.30108445697626,0.601283991047423,33.3877563865537,51.0347891166449,14.7976986383577,0.969,3.95608738968062,3.43920674799665,0.832442903389189,0.505112958942417
2001-09-14,2.66,357.02,12.42,12.42,768.27,0.10426545067121244,658.41,27.06629,750.88,3.17552224503765,2.27054970568104,0.715016154973943,0.219528466253919,0.207214753166224,16.85,1.1541095890411,212.45,3.09468317552804,0,-16.0641,4.11759799833194,1.37608385686463,0.451685660266874,1.30108445697626,0.601283991047423,33.3877563865537,51.0347891166449,14.7976986383577,0.969,3.95608738968062,3.43920674799665,0.832442903389189,0.505112958942417
2001-09-15,0.1,438.68,8.61,8.61,638.43,0.12055692733858939,658.41,27.06629,750.88,3.17552224503765,2.27054970568104,0.715016154973943,0.219528466253919,0.207214753166224,16.85,1.1541095890411,212.45,3.09468317552804,0,-16.0641,4.11759799833194,1.37608385686463,0.451685660266874,1.30108445697626,0.601283991047423,33.3877563865537,51.0347891166449,14.7976986383577,0.969,3.95608738968062,3.43920674799665,0.832442903389189,0.505112958942417
2001-09-16,0.0,474.97,8.96,8.96,630.76,0.09449056467078627,658.41,27.06629,750.88,3.17552224503765,2.27054970568104,0.715016154973943,0.219528466253919,0.207214753166224,16.85,1.1541095890411,212.45,3.09468317552804,0,-16.0641,4.11759799833194,1.37608385686463,0.451685660266874,1.30108445697626,0.601283991047423,33.3877563865537,51.0347891166449,14.7976986383577,0.969,3.95608738968062,3.43920674799665,0.832442903389189,0.505112958942417
2001-09-17,0.0,464.2,10.78,10.78,696.07,0.08145738333688472,658.41,27.06629,750.88,3.17552224503765,2.27054970568104,0.715016154973943,0.219528466253919,0.207214753166224,16.85,1.1541095890411,212.45,3.09468317552804,0,-16.0641,4.11759799833194,1.37608385686463,0.451685660266874,1.30108445697626,0.601283991047423,33.3877563865537,51.0347891166449,14.7976986383577,0.969,3.95608738968062,3.43920674799665,0.832442903389189,0.505112958942417
2001-09-18,0.0,463.8,12.45,12.45,783.46,0.07819908800340933,658.41,27.06629,750.88,3.17552224503765,2.27054970568104,0.715016154973943,0.219528466253919,0.207214753166224,16.85,1.1541095890411,212.45,3.09468317552804,0,-16.0641,4.11759799833194,1.37608385686463,0.451685660266874,1.30108445697626,0.601283991047423,33.3877563865537,51.0347891166449,14.7976986383577,0.969,3.95608738968062,3.43920674799665,0.832442903389189,0.505112958942417
2001-09-19,0.64,326.01,14.75,14.75,951.81,0.07819908800340933,658.41,27.06629,750.88,3.17552224503765,2.27054970568104,0.715016154973943,0.219528466253919,0.207214753166224,16.85,1.1541095890411,212.45,3.09468317552804,0,-16.0641,4.11759799833194,1.37608385686463,0.451685660266874,1.30108445697626,0.601283991047423,33.3877563865537,51.0347891166449,14.7976986383577,0.969,3.95608738968062,3.43920674799665,0.832442903389189,0.505112958942417
2001-09-20,1.53,331.58,14.16,14.16,918.03,0.07819908800340933,658.41,27.06629,750.88,3.17552224503765,2.27054970568104,0.715016154973943,0.219528466253919,0.207214753166224,16.85,1.1541095890411,212.45,3.09468317552804,0,-16.0641,4.11759799833194,1.37608385686463,0.451685660266874,1.30108445697626,0.601283991047423,33.3877563865537,51.0347891166449,14.7976986383577,0.969,3.95608738968062,3.43920674799665,0.832442903389189,0.505112958942417
2001-09-21,2.83,307.26,13.12,13.12,886.77,0.07819908800340933,658.41,27.06629,750.88,3.17552224503765,2.27054970568104,0.715016154973943,0.219528466253919,0.207214753166224,16.85,1.1541095890411,212.45,3.09468317552804,0,-16.0641,4.11759799833194,1.37608385686463,0.451685660266874,1.30108445697626,0.601283991047423,33.3877563865537,51.0347891166449,14.7976986383577,0.969,3.95608738968062,3.43920674799665,0.832442903389189,0.505112958942417
2001-09-22,0.71,409.75,13.15,13.15,829.08,0.0847156786703601,658.41,27.06629,750.88,3.17552224503765,2.27054970568104,0.715016154973943,0.219528466253919,0.207214753166224,16.85,1.1541095890411,212.45,3.09468317552804,0,-16.0641,4.11759799833194,1.37608385686463,0.451685660266874,1.30108445697626,0.601283991047423,33.3877563865537,51.0347891166449,14.7976986383577,0.969,3.95608738968062,3.43920674799665,0.832442903389189,0.505112958942417
2001-09-23,0.26,388.07,12.68,12.68,844.7,0.08797397400383548,658.41,27.06629,750.88,3.17552224503765,2.27054970568104,0.715016154973943,0.219528466253919,0.207214753166224,16.85,1.1541095890411,212.45,3.09468317552804,0,-16.0641,4.11759799833194,1.37608385686463,0.451685660266874,1.30108445697626,0.601283991047423,33.3877563865537,51.0347891166449,14.7976986383577,0.969,3.95608738968062,3.43920674799665,0.832442903389189,0.505112958942417
2001-09-24,33.91,304.25,14.29,14.29,967.73,0.10752374600468782,658.41,27.06629,750.88,3.17552224503765,2.27054970568104,0.715016154973943,0.219528466253919,0.207214753166224,16.85,1.1541095890411,212.45,3.09468317552804,0,-16.0641,4.11759799833194,1.37608385686463,0.451685660266874,1.30108445697626,0.601283991047423,33.3877563865537,51.0347891166449,14.7976986383577,0.969,3.95608738968062,3.43920674799665,0.832442903389189,0.505112958942417
2001-09-25,11.23,291.92,12.51,12.51,892.85,0.7265998593650117,658.41,27.06629,750.88,3.17552224503765,2.27054970568104,0.715016154973943,0.219528466253919,0.207214753166224,16.85,1.1541095890411,212.45,3.09468317552804,0,-16.0641,4.11759799833194,1.37608385686463,0.451685660266874,1.30108445697626,0.601283991047423,33.3877563865537,51.0347891166449,14.7976986383577,0.969,3.95608738968062,3.43920674799665,0.832442903389189,0.505112958942417
2001-09-26,1.4,239.47,9.08,9.08,792.44,0.43986987001917743,658.41,27.06629,750.88,3.17552224503765,2.27054970568104,0.715016154973943,0.219528466253919,0.207214753166224,16.85,1.1541095890411,212.45,3.09468317552804,0,-16.0641,4.11759799833194,1.37608385686463,0.451685660266874,1.30108445697626,0.601283991047423,33.3877563865537,51.0347891166449,14.7976986383577,0.969,3.95608738968062,3.43920674799665,0.832442903389189,0.505112958942417
2001-09-27,3.85,211.04,7.84,7.84,780.97,0.25414703601108035,658.41,27.06629,750.88,3.17552224503765,2.27054970568104,0.715016154973943,0.219528466253919,0.207214753166224,16.85,1.1541095890411,212.45,3.09468317552804,0,-16.0641,4.11759799833194,1.37608385686463,0.451685660266874,1.30108445697626,0.601283991047423,33.3877563865537,51.0347891166449,14.7976986383577,0.969,3.95608738968062,3.43920674799665,0.832442903389189,0.505112958942417
2001-09-28,3.41,224.54,7.79,7.79,758.89,0.23459726401022798,658.41,27.06629,750.88,3.17552224503765,2.27054970568104,0.715016154973943,0.219528466253919,0.207214753166224,16.85,1.1541095890411,212.45,3.09468317552804,0,-16.0641,4.11759799833194,1.37608385686463,0.451685660266874,1.30108445697626,0.601283991047423,33.3877563865537,51.0347891166449,14.7976986383577,0.969,3.95608738968062,3.43920674799665,0.832442903389189,0.505112958942417
2001-09-29,0.67,338.27,6.51,6.51,638.43,0.22482237800980182,658.41,27.06629,750.88,3.17552224503765,2.27054970568104,0.715016154973943,0.219528466253919,0.207214753166224,16.85,1.1541095890411,212.45,3.09468317552804,0,-16.0641,4.11759799833194,1.37608385686463,0.451685660266874,1.30108445697626,0.601283991047423,33.3877563865537,51.0347891166449,14.7976986383577,0.969,3.95608738968062,3.43920674799665,0.832442903389189,0.505112958942417
2001-09-30,0.01,422.81,6.3,6.3,560.18,0.1954977200085233,658.41,27.06629,750.88,3.17552224503765,2.27054970568104,0.715016154973943,0.219528466253919,0.207214753166224,16.85,1.1541095890411,212.45,3.09468317552804,0,-16.0641,4.11759799833194,1.37608385686463,0.451685660266874,1.30108445697626,0.601283991047423,33.3877563865537,51.0347891166449,14.7976986383577,0.969,3.95608738968062,3.43920674799665,0.832442903389189,0.505112958942417
2001-10-01,0.0,424.23,7.69,7.69,595.5,0.15313988067334328,658.41,27.06629,750.88,3.17552224503765,2.27054970568104,0.715016154973943,0.219528466253919,0.207214753166224,16.85,1.1541095890411,212.45,3.09468317552804,0,-16.0641,4.11759799833194,1.37608385686463,0.451685660266874,1.30108445697626,0.601283991047423,33.3877563865537,51.0347891166449,14.7976986383577,0.969,3.95608738968062,3.43920674799665,0.832442903389189,0.505112958942417
2001-10-02,0.0,404.79,10.22,10.22,716.42,0.1401066993394417,658.41,27.06629,750.88,3.17552224503765,2.27054970568104,0.715016154973943,0.219528466253919,0.207214753166224,16.85,1.1541095890411,212.45,3.09468317552804,0,-16.0641,4.11759799833194,1.37608385686463,0.451685660266874,1.30108445697626,0.601283991047423,33.3877563865537,51.0347891166449,14.7976986383577,0.969,3.95608738968062,3.43920674799665,0.832442903389189,0.505112958942417
2001-10-03,0.0,408.95,12.92,12.92,854.55,0.13033181333901556,658.41,27.06629,750.88,3.17552224503765,2.27054970568104,0.715016154973943,0.219528466253919,0.207214753166224,16.85,1.1541095890411,212.45,3.09468317552804,0,-16.0641,4.11759799833194,1.37608385686463,0.451685660266874,1.30108445697626,0.601283991047423,33.3877563865537,51.0347891166449,14.7976986383577,0.969,3.95608738968062,3.43920674799665,0.832442903389189,0.505112958942417
2001-10-04,0.82,331.4,15.22,15.22,1003.93,0.12055692733858939,658.41,27.06629,750.88,3.17552224503765,2.27054970568104,0.715016154973943,0.219528466253919,0.207214753166224,16.85,1.1541095890411,212.45,3.09468317552804,0,-16.0641,4.11759799833194,1.37608385686463,0.451685660266874,1.30108445697626,0.601283991047423,33.3877563865537,51.0347891166449,14.7976986383577,0.969,3.95608738968062,3.43920674799665,0.832442903389189,0.505112958942417
2001-10-05,4.8,284.27,15.14,15.14,1000.7,0.11404033667163861,658.41,27.06629,750.88,3.17552224503765,2.27054970568104,0.715016154973943,0.219528466253919,0.207214753166224,16.85,1.1541095890411,212.45,3.09468317552804,0,-16.0641,4.11759799833194,1.37608385686463,0.451685660266874,1.30108445697626,0.601283991047423,33.3877563865537,51.0347891166449,14.7976986383577,0.969,3.95608738968062,3.43920674799665,0.832442903389189,0.505112958942417
2001-10-06,3.37,304.23,11.82,11.82,751.18,0.12055692733858939,658.41,27.06629,750.88,3.17552224503765,2.27054970568104,0.715016154973943,0.219528466253919,0.207214753166224,16.85,1.1541095890411,212.45,3.09468317552804,0,-16.0641,4.11759799833194,1.37608385686463,0.451685660266874,1.30108445697626,0.601283991047423,33.3877563865537,51.0347891166449,14.7976986383577,0.969,3.95608738968062,3.43920674799665,0.832442903389189,0.505112958942417
2001-10-07,1.93,265.33,5.65,5.65,533.61,0.12707351800554018,658.41,27.06629,750.88,3.17552224503765,2.27054970568104,0.715016154973943,0.219528466253919,0.207214753166224,16.85,1.1541095890411,212.45,3.09468317552804,0,-16.0641,4.11759799833194,1.37608385686463,0.451685660266874,1.30108445697626,0.601283991047423,33.3877563865537,51.0347891166449,14.7976986383577,0.969,3.95608738968062,3.43920674799665,0.832442903389189,0.505112958942417
2001-10-08,0.38,357.92,1.19,1.19,389.2,0.12707351800554018,658.41,27.06629,750.88,3.17552224503765,2.27054970568104,0.715016154973943,0.219528466253919,0.207214753166224,16.85,1.1541095890411,212.45,3.09468317552804,0,-16.0641,4.11759799833194,1.37608385686463,0.451685660266874,1.30108445697626,0.601283991047423,33.3877563865537,51.0347891166449,14.7976986383577,0.969,3.95608738968062,3.43920674799665,0.832442903389189,0.505112958942417
2001-10-09,0.01,399.17,0.66,0.66,390.8,0.12381522267206477,658.41,27.06629,750.88,3.17552224503765,2.27054970568104,0.715016154973943,0.219528466253919,0.207214753166224,16.85,1.1541095890411,212.45,3.09468317552804,0,-16.0641,4.11759799833194,1.37608385686463,0.451685660266874,1.30108445697626,0.601283991047423,33.3877563865537,51.0347891166449,14.7976986383577,0.969,3.95608738968062,3.43920674799665,0.832442903389189,0.505112958942417
2001-10-10,0.0,388.54,6.53,6.53,600.01,0.11729863200511399,658.41,27.06629,750.88,3.17552224503765,2.27054970568104,0.715016154973943,0.219528466253919,0.207214753166224,16.85,1.1541095890411,212.45,3.09468317552804,0,-16.0641,4.11759799833194,1.37608385686463,0.451685660266874,1.30108445697626,0.601283991047423,33.3877563865537,51.0347891166449,14.7976986383577,0.969,3.95608738968062,3.43920674799665,0.832442903389189,0.505112958942417
2001-10-11,0.21,316.17,11.25,11.25,823.87,0.11729863200511399,658.41,27.06629,750.88,3.17552224503765,2.27054970568104,0.715016154973943,0.219528466253919,0.207214753166224,16.85,1.1541095890411,212.45,3.09468317552804,0,-16.0641,4.11759799833194,1.37608385686463,0.451685660266874,1.30108445697626,0.601283991047423,33.3877563865537,51.0347891166449,14.7976986383577,0.969,3.95608738968062,3.43920674799665,0.832442903389189,0.505112958942417
2001-10-12,0.31,268.88,14.52,14.52,1025.29,0.10100715533773705,658.41,27.06629,750.88,3.17552224503765,2.27054970568104,0.715016154973943,0.219528466253919,0.207214753166224,16.85,1.1541095890411,212.45,3.09468317552804,0,-16.0641,4.11759799833194,1.37608385686463,0.451685660266874,1.30108445697626,0.601283991047423,33.3877563865537,51.0347891166449,14.7976986383577,0.969,3.95608738968062,3.43920674799665,0.832442903389189,0.505112958942417
2001-10-13,1.46,241.49,13.59,13.59,1092.57,0.10426545067121244,658.41,27.06629,750.88,3.17552224503765,2.27054970568104,0.715016154973943,0.219528466253919,0.207214753166224,16.85,1.1541095890411,212.45,3.09468317552804,0,-16.0641,4.11759799833194,1.37608385686463,0.451685660266874,1.30108445697626,0.601283991047423,33.3877563865537,51.0347891166449,14.7976986383577,0.969,3.95608738968062,3.43920674799665,0.832442903389189,0.505112958942417
2001-10-14,8.95,249.98,16.14,16.14,1174.03,0.11404033667163861,658.41,27.06629,750.88,3.17552224503765,2.27054970568104,0.715016154973943,0.219528466253919,0.207214753166224,16.85,1.1541095890411,212.45,3.09468317552804,0,-16.0641,4.11759799833194,1.37608385686463,0.451685660266874,1.30108445697626,0.601283991047423,33.3877563865537,51.0347891166449,14.7976986383577,0.969,3.95608738968062,3.43920674799665,0.832442903389189,0.505112958942417
2001-10-15,3.53,301.72,11.13,11.13,778.88,0.17920624334114638,658.41,27.06629,750.88,3.17552224503765,2.27054970568104,0.715016154973943,0.219528466253919,0.207214753166224,16.85,1.1541095890411,212.45,3.09468317552804,0,-16.0641,4.11759799833194,1.37608385686463,0.451685660266874,1.30108445697626,0.601283991047423,33.3877563865537,51.0347891166449,14.7976986383577,0.969,3.95608738968062,3.43920674799665,0.832442903389189,0.505112958942417
2001-10-16,8.96,275.81,6.9,6.9,597.89,0.18572283400809714,658.41,27.06629,750.88,3.17552224503765,2.27054970568104,0.715016154973943,0.219528466253919,0.207214753166224,16.85,1.1541095890411,212.45,3.09468317552804,0,-16.0641,4.11759799833194,1.37608385686463,0.451685660266874,1.30108445697626,0.601283991047423,33.3877563865537,51.0347891166449,14.7976986383577,0.969,3.95608738968062,3.43920674799665,0.832442903389189,0.505112958942417
2001-10-17,3.76,254.43,7.25,7.25,614.36,0.2671802173449819,658.41,27.06629,750.88,3.17552224503765,2.27054970568104,0.715016154973943,0.219528466253919,0.207214753166224,16.85,1.1541095890411,212.45,3.09468317552804,0,-16.0641,4.11759799833194,1.37608385686463,0.451685660266874,1.30108445697626,0.601283991047423,33.3877563865537,51.0347891166449,14.7976986383577,0.969,3.95608738968062,3.43920674799665,0.832442903389189,0.505112958942417
2001-10-18,0.39,297.81,1.56,1.56,454.83,0.29976317067973574,658.41,27.06629,750.88,3.17552224503765,2.27054970568104,0.715016154973943,0.219528466253919,0.207214753166224,16.85,1.1541095890411,212.45,3.09468317552804,0,-16.0641,4.11759799833194,1.37608385686463,0.451685660266874,1.30108445697626,0.601283991047423,33.3877563865537,51.0347891166449,14.7976986383577,0.969,3.95608738968062,3.43920674799665,0.832442903389189,0.505112958942417
2001-10-19,0.13,292.34,3.32,3.32,520.78,0.2313389686767526,658.41,27.06629,750.88,3.17552224503765,2.27054970568104,0.715016154973943,0.219528466253919,0.207214753166224,16.85,1.1541095890411,212.45,3.09468317552804,0,-16.0641,4.11759799833194,1.37608385686463,0.451685660266874,1.30108445697626,0.601283991047423,33.3877563865537,51.0347891166449,14.7976986383577,0.969,3.95608738968062,3.43920674799665,0.832442903389189,0.505112958942417
2001-10-20,2.08,260.38,8.15,8.15,687.75,0.20853090134242488,658.41,27.06629,750.88,3.17552224503765,2.27054970568104,0.715016154973943,0.219528466253919,0.207214753166224,16.85,1.1541095890411,212.45,3.09468317552804,0,-16.0641,4.11759799833194,1.37608385686463,0.451685660266874,1.30108445697626,0.601283991047423,33.3877563865537,51.0347891166449,14.7976986383577,0.969,3.95608738968062,3.43920674799665,0.832442903389189,0.505112958942417
2001-10-21,6.48,251.82,9.12,9.12,753.59,0.19875601534199872,658.41,27.06629,750.88,3.17552224503765,2.27054970568104,0.715016154973943,0.219528466253919,0.207214753166224,16.85,1.1541095890411,212.45,3.09468317552804,0,-16.0641,4.11759799833194,1.37608385686463,0.451685660266874,1.30108445697626,0.601283991047423,33.3877563865537,51.0347891166449,14.7976986383577,0.969,3.95608738968062,3.43920674799665,0.832442903389189,0.505112958942417
2001-10-22,2.66,254.63,12.05,12.05,860.55,0.22482237800980182,658.41,27.06629,750.88,3.17552224503765,2.27054970568104,0.715016154973943,0.219528466253919,0.207214753166224,16.85,1.1541095890411,212.45,3.09468317552804,0,-16.0641,4.11759799833194,1.37608385686463,0.451685660266874,1.30108445697626,0.601283991047423,33.3877563865537,51.0347891166449,14.7976986383577,0.969,3.95608738968062,3.43920674799665,0.832442903389189,0.505112958942417
2001-10-23,6.75,222.52,10.05,10.05,865.6,0.22808067334327722,658.41,27.06629,750.88,3.17552224503765,2.27054970568104,0.715016154973943,0.219528466253919,0.207214753166224,16.85,1.1541095890411,212.45,3.09468317552804,0,-16.0641,4.11759799833194,1.37608385686463,0.451685660266874,1.30108445697626,0.601283991047423,33.3877563865537,51.0347891166449,14.7976986383577,0.969,3.95608738968062,3.43920674799665,0.832442903389189,0.505112958942417
2001-10-24,4.23,209.07,13.65,13.65,1104.13,0.39751203068399743,658.41,27.06629,750.88,3.17552224503765,2.27054970568104,0.715016154973943,0.219528466253919,0.207214753166224,16.85,1.1541095890411,212.45,3.09468317552804,0,-16.0641,4.11759799833194,1.37608385686463,0.451685660266874,1.30108445697626,0.601283991047423,33.3877563865537,51.0347891166449,14.7976986383577,0.969,3.95608738968062,3.43920674799665,0.832442903389189,0.505112958942417
2001-10-25,2.15,199.86,12.39,12.39,987.07,0.39751203068399743,658.41,27.06629,750.88,3.17552224503765,2.27054970568104,0.715016154973943,0.219528466253919,0.207214753166224,16.85,1.1541095890411,212.45,3.09468317552804,0,-16.0641,4.11759799833194,1.37608385686463,0.451685660266874,1.30108445697626,0.601283991047423,33.3877563865537,51.0347891166449,14.7976986383577,0.969,3.95608738968062,3.43920674799665,0.832442903389189,0.505112958942417
2001-10-26,3.3,231.91,8.3,8.3,711.27,0.32257123801406345,658.41,27.06629,750.88,3.17552224503765,2.27054970568104,0.715016154973943,0.219528466253919,0.207214753166224,16.85,1.1541095890411,212.45,3.09468317552804,0,-16.0641,4.11759799833194,1.37608385686463,0.451685660266874,1.30108445697626,0.601283991047423,33.3877563865537,51.0347891166449,14.7976986383577,0.969,3.95608738968062,3.43920674799665,0.832442903389189,0.505112958942417
2001-10-27,0.77,170.15,2.66,2.66,533.55,0.3030214660132111,658.41,27.06629,750.88,3.17552224503765,2.27054970568104,0.715016154973943,0.219528466253919,0.207214753166224,16.85,1.1541095890411,212.45,3.09468317552804,0,-16.0641,4.11759799833194,1.37608385686463,0.451685660266874,1.30108445697626,0.601283991047423,33.3877563865537,51.0347891166449,14.7976986383577,0.969,3.95608738968062,3.43920674799665,0.832442903389189,0.505112958942417
2001-10-28,0.0,181.92,0.59,0.59,479.57,0.29650487534626035,658.41,27.06629,750.88,3.17552224503765,2.27054970568104,0.715016154973943,0.219528466253919,0.207214753166224,16.85,1.1541095890411,212.45,3.09468317552804,0,-16.0641,4.11759799833194,1.37608385686463,0.451685660266874,1.30108445697626,0.601283991047423,33.3877563865537,51.0347891166449,14.7976986383577,0.969,3.95608738968062,3.43920674799665,0.832442903389189,0.505112958942417
2001-10-29,0.0,293.99,-1.12,-1.12,405.3,0.26392192201150644,658.41,27.06629,750.88,3.17552224503765,2.27054970568104,0.715016154973943,0.219528466253919,0.207214753166224,16.85,1.1541095890411,212.45,3.09468317552804,0,-16.0641,4.11759799833194,1.37608385686463,0.451685660266874,1.30108445697626,0.601283991047423,33.3877563865537,51.0347891166449,14.7976986383577,0.969,3.95608738968062,3.43920674799665,0.832442903389189,0.505112958942417
2001-10-30,0.0,317.37,5.09,5.09,565.63,0.24437215001065415,658.41,27.06629,750.88,3.17552224503765,2.27054970568104,0.715016154973943,0.219528466253919,0.207214753166224,16.85,1.1541095890411,212.45,3.09468317552804,0,-16.0641,4.11759799833194,1.37608385686463,0.451685660266874,1.30108445697626,0.601283991047423,33.3877563865537,51.0347891166449,14.7976986383577,0.969,3.95608738968062,3.43920674799665,0.832442903389189,0.505112958942417
2001-10-31,0.0,246.01,5.58,5.58,631.82,0.22808067334327722,658.41,27.06629,750.88,3.17552224503765,2.27054970568104,0.715016154973943,0.219528466253919,0.207214753166224,16.85,1.1541095890411,212.45,3.09468317552804,0,-16.0641,4.11759799833194,1.37608385686463,0.451685660266874,1.30108445697626,0.601283991047423,33.3877563865537,51.0347891166449,14.7976986383577,0.969,3.95608738968062,3.43920674799665,0.832442903389189,0.505112958942417
2001-11-01,0.95,216.85,6.45,6.45,739.81,0.21830578734285105,658.41,27.06629,750.88,3.17552224503765,2.27054970568104,0.715016154973943,0.219528466253919,0.207214753166224,16.85,1.1541095890411,212.45,3.09468317552804,0,-16.0641,4.11759799833194,1.37608385686463,0.451685660266874,1.30108445697626,0.601283991047423,33.3877563865537,51.0347891166449,14.7976986383577,0.969,3.95608738968062,3.43920674799665,0.832442903389189,0.505112958942417
2001-11-02,4.67,208.85,11.55,11.55,942.05,0.20853090134242488,658.41,27.06629,750.88,3.17552224503765,2.27054970568104,0.715016154973943,0.219528466253919,0.207214753166224,16.85,1.1541095890411,212.45,3.09468317552804,0,-16.0641,4.11759799833194,1.37608385686463,0.451685660266874,1.30108445697626,0.601283991047423,33.3877563865537,51.0347891166449,14.7976986383577,0.969,3.95608738968062,3.43920674799665,0.832442903389189,0.505112958942417
2001-11-03,1.43,232.2,10.93,10.93,772.35,0.24111385467717877,658.41,27.06629,750.88,3.17552224503765,2.27054970568104,0.715016154973943,0.219528466253919,0.207214753166224,16.85,1.1541095890411,212.45,3.09468317552804,0,-16.0641,4.11759799833194,1.37608385686463,0.451685660266874,1.30108445697626,0.601283991047423,33.3877563865537,51.0347891166449,14.7976986383577,0.969,3.95608738968062,3.43920674799665,0.832442903389189,0.505112958942417
2001-11-04,0.09,275.89,6.66,6.66,583.73,0.22808067334327722,658.41,27.06629,750.88,3.17552224503765,2.27054970568104,0.715016154973943,0.219528466253919,0.207214753166224,16.85,1.1541095890411,212.45,3.09468317552804,0,-16.0641,4.11759799833194,1.37608385686463,0.451685660266874,1.30108445697626,0.601283991047423,33.3877563865537,51.0347891166449,14.7976986383577,0.969,3.95608738968062,3.43920674799665,0.832442903389189,0.505112958942417
2001-11-05,0.01,303.07,6.34,6.34,565.77,0.2020143106754741,658.41,27.06629,750.88,3.17552224503765,2.27054970568104,0.715016154973943,0.219528466253919,0.207214753166224,16.85,1.1541095890411,212.45,3.09468317552804,0,-16.0641,4.11759799833194,1.37608385686463,0.451685660266874,1.30108445697626,0.601283991047423,33.3877563865537,51.0347891166449,14.7976986383577,0.969,3.95608738968062,3.43920674799665,0.832442903389189,0.505112958942417
2001-11-06,0.0,142.07,2.86,2.86,541.35,0.19223942467504793,658.41,27.06629,750.88,3.17552224503765,2.27054970568104,0.715016154973943,0.219528466253919,0.207214753166224,16.85,1.1541095890411,212.45,3.09468317552804,0,-16.0641,4.11759799833194,1.37608385686463,0.451685660266874,1.30108445697626,0.601283991047423,33.3877563865537,51.0347891166449,14.7976986383577,0.969,3.95608738968062,3.43920674799665,0.832442903389189,0.505112958942417
2001-11-07,0.45,243.86,3.54,3.54,560.38,0.18246453867462176,658.41,27.06629,750.88,3.17552224503765,2.27054970568104,0.715016154973943,0.219528466253919,0.207214753166224,16.85,1.1541095890411,212.45,3.09468317552804,0,-16.0641,4.11759799833194,1.37608385686463,0.451685660266874,1.30108445697626,0.601283991047423,33.3877563865537,51.0347891166449,14.7976986383577,0.969,3.95608738968062,3.43920674799665,0.832442903389189,0.505112958942417
2001-11-08,2.74,192.56,7.54,7.54,703.64,0.17594794800767097,658.41,27.06629,750.88,3.17552224503765,2.27054970568104,0.715016154973943,0.219528466253919,0.207214753166224,16.85,1.1541095890411,212.45,3.09468317552804,0,-16.0641,4.11759799833194,1.37608385686463,0.451685660266874,1.30108445697626,0.601283991047423,33.3877563865537,51.0347891166449,14.7976986383577,0.969,3.95608738968062,3.43920674799665,0.832442903389189,0.505112958942417
2001-11-09,0.82,246.82,7.41,7.41,605.62,0.17920624334114638,658.41,27.06629,750.88,3.17552224503765,2.27054970568104,0.715016154973943,0.219528466253919,0.207214753166224,16.85,1.1541095890411,212.45,3.09468317552804,0,-16.0641,4.11759799833194,1.37608385686463,0.451685660266874,1.30108445697626,0.601283991047423,33.3877563865537,51.0347891166449,14.7976986383577,0.969,3.95608738968062,3.43920674799665,0.832442903389189,0.505112958942417
2001-11-10,0.15,190.25,2.67,2.67,473.38,0.17594794800767097,658.41,27.06629,750.88,3.17552224503765,2.27054970568104,0.715016154973943,0.219528466253919,0.207214753166224,16.85,1.1541095890411,212.45,3.09468317552804,0,-16.0641,4.11759799833194,1.37608385686463,0.451685660266874,1.30108445697626,0.601283991047423,33.3877563865537,51.0347891166449,14.7976986383577,0.969,3.95608738968062,3.43920674799665,0.832442903389189,0.505112958942417
2001-11-11,0.03,284.05,3.63,3.63,485.2,0.1694313573407202,658.41,27.06629,750.88,3.17552224503765,2.27054970568104,0.715016154973943,0.219528466253919,0.207214753166224,16.85,1.1541095890411,212.45,3.09468317552804,0,-16.0641,4.11759799833194,1.37608385686463,0.451685660266874,1.30108445697626,0.601283991047423,33.3877563865537,51.0347891166449,14.7976986383577,0.969,3.95608738968062,3.43920674799665,0.832442903389189,0.505112958942417
2001-11-12,0.0,243.92,-0.48,-0.48,368.3,0.15639817600681866,658.41,27.06629,750.88,3.17552224503765,2.27054970568104,0.715016154973943,0.219528466253919,0.207214753166224,16.85,1.1541095890411,212.45,3.09468317552804,0,-16.0641,4.11759799833194,1.37608385686463,0.451685660266874,1.30108445697626,0.601283991047423,33.3877563865537,51.0347891166449,14.7976986383577,0.969,3.95608738968062,3.43920674799665,0.832442903389189,0.505112958942417
2001-11-13,0.02,266.2,-1.57,-1.57,353.06,0.15965647134029404,658.41,27.06629,750.88,3.17552224503765,2.27054970568104,0.715016154973943,0.219528466253919,0.207214753166224,16.85,1.1541095890411,212.45,3.09468317552804,0,-16.0641,4.11759799833194,1.37608385686463,0.451685660266874,1.30108445697626,0.601283991047423,33.3877563865537,51.0347891166449,14.7976986383577,0.969,3.95608738968062,3.43920674799665,0.832442903389189,0.505112958942417
2001-11-14,0.37,212.53,2.94,2.94,475.79,0.1466232900063925,658.41,27.06629,750.88,3.17552224503765,2.27054970568104,0.715016154973943,0.219528466253919,0.207214753166224,16.85,1.1541095890411,212.45,3.09468317552804,0,-16.0641,4.11759799833194,1.37608385686463,0.451685660266874,1.30108445697626,0.601283991047423,33.3877563865537,51.0347891166449,14.7976986383577,0.969,3.95608738968062,3.43920674799665,0.832442903389189,0.505112958942417
2001-11-15,0.1,265.74,7.89,7.89,710.58,0.1466232900063925,658.41,27.06629,750.88,3.17552224503765,2.27054970568104,0.715016154973943,0.219528466253919,0.207214753166224,16.85,1.1541095890411,212.45,3.09468317552804,0,-16.0641,4.11759799833194,1.37608385686463,0.451685660266874,1.30108445697626,0.601283991047423,33.3877563865537,51.0347891166449,14.7976986383577,0.969,3.95608738968062,3.43920674799665,0.832442903389189,0.505112958942417
2001-11-16,0.0,190.21,11.23,11.23,919.07,0.1466232900063925,658.41,27.06629,750.88,3.17552224503765,2.27054970568104,0.715016154973943,0.219528466253919,0.207214753166224,16.85,1.1541095890411,212.45,3.09468317552804,0,-16.0641,4.11759799833194,1.37608385686463,0.451685660266874,1.30108445697626,0.601283991047423,33.3877563865537,51.0347891166449,14.7976986383577,0.969,3.95608738968062,3.43920674799665,0.832442903389189,0.505112958942417
2001-11-17,0.0,280.27,4.94,4.94,504.5,0.1433649946729171,658.41,27.06629,750.88,3.17552224503765,2.27054970568104,0.715016154973943,0.219528466253919,0.207214753166224,16.85,1.1541095890411,212.45,3.09468317552804,0,-16.0641,4.11759799833194,1.37608385686463,0.451685660266874,1.30108445697626,0.601283991047423,33.3877563865537,51.0347891166449,14.7976986383577,0.969,3.95608738968062,3.43920674799665,0.832442903389189,0.505112958942417
2001-11-18,1.0,242.96,4.08,4.08,445.76,0.1401066993394417,658.41,27.06629,750.88,3.17552224503765,2.27054970568104,0.715016154973943,0.219528466253919,0.207214753166224,16.85,1.1541095890411,212.45,3.09468317552804,0,-16.0641,4.11759799833194,1.37608385686463,0.451685660266874,1.30108445697626,0.601283991047423,33.3877563865537,51.0347891166449,14.7976986383577,0.969,3.95608738968062,3.43920674799665,0.832442903389189,0.505112958942417
2001-11-19,2.81,205.34,6.67,6.67,546.36,0.13359010867249094,658.41,27.06629,750.88,3.17552224503765,2.27054970568104,0.715016154973943,0.219528466253919,0.207214753166224,16.85,1.1541095890411,212.45,3.09468317552804,0,-16.0641,4.11759799833194,1.37608385686463,0.451685660266874,1.30108445697626,0.601283991047423,33.3877563865537,51.0347891166449,14.7976986383577,0.969,3.95608738968062,3.43920674799665,0.832442903389189,0.505112958942417
2001-11-20,3.49,204.0,6.91,6.91,517.2,0.16291476667376945,658.41,27.06629,750.88,3.17552224503765,2.27054970568104,0.715016154973943,0.219528466253919,0.207214753166224,16.85,1.1541095890411,212.45,3.09468317552804,0,-16.0641,4.11759799833194,1.37608385686463,0.451685660266874,1.30108445697626,0.601283991047423,33.3877563865537,51.0347891166449,14.7976986383577,0.969,3.95608738968062,3.43920674799665,0.832442903389189,0.505112958942417
2001-11-21,0.74,213.35,-0.14,-0.14,375.7,0.17594794800767097,658.41,27.06629,750.88,3.17552224503765,2.27054970568104,0.715016154973943,0.219528466253919,0.207214753166224,16.85,1.1541095890411,212.45,3.09468317552804,0,-16.0641,4.11759799833194,1.37608385686463,0.451685660266874,1.30108445697626,0.601283991047423,33.3877563865537,51.0347891166449,14.7976986383577,0.969,3.95608738968062,3.43920674799665,0.832442903389189,0.505112958942417
2001-11-22,0.1,218.25,-0.75,-0.75,379.01,0.16617306200724483,658.41,27.06629,750.88,3.17552224503765,2.27054970568104,0.715016154973943,0.219528466253919,0.207214753166224,16.85,1.1541095890411,212.45,3.09468317552804,0,-16.0641,4.11759799833194,1.37608385686463,0.451685660266874,1.30108445697626,0.601283991047423,33.3877563865537,51.0347891166449,14.7976986383577,0.969,3.95608738968062,3.43920674799665,0.832442903389189,0.505112958942417
2001-11-23,0.04,269.58,1.7,1.7,413.58,0.15639817600681866,658.41,27.06629,750.88,3.17552224503765,2.27054970568104,0.715016154973943,0.219528466253919,0.207214753166224,16.85,1.1541095890411,212.45,3.09468317552804,0,-16.0641,4.11759799833194,1.37608385686463,0.451685660266874,1.30108445697626,0.601283991047423,33.3877563865537,51.0347891166449,14.7976986383577,0.969,3.95608738968062,3.43920674799665,0.832442903389189,0.505112958942417
2001-11-24,5.14,188.48,5.79,5.79,555.9,0.14988158533986787,658.41,27.06629,750.88,3.17552224503765,2.27054970568104,0.715016154973943,0.219528466253919,0.207214753166224,16.85,1.1541095890411,212.45,3.09468317552804,0,-16.0641,4.11759799833194,1.37608385686463,0.451685660266874,1.30108445697626,0.601283991047423,33.3877563865537,51.0347891166449,14.7976986383577,0.969,3.95608738968062,3.43920674799665,0.832442903389189,0.505112958942417
2001-11-25,12.62,189.06,6.56,6.56,605.23,0.45616134668655445,658.41,27.06629,750.88,3.17552224503765,2.27054970568104,0.715016154973943,0.219528466253919,0.207214753166224,16.85,1.1541095890411,212.45,3.09468317552804,0,-16.0641,4.11759799833194,1.37608385686463,0.451685660266874,1.30108445697626,0.601283991047423,33.3877563865537,51.0347891166449,14.7976986383577,0.969,3.95608738968062,3.43920674799665,0.832442903389189,0.505112958942417
2001-11-26,3.02,179.14,8.94,8.94,745.8,0.8601899680375026,658.41,27.06629,750.88,3.17552224503765,2.27054970568104,0.715016154973943,0.219528466253919,0.207214753166224,16.85,1.1541095890411,212.45,3.09468317552804,0,-16.0641,4.11759799833194,1.37608385686463,0.451685660266874,1.30108445697626,0.601283991047423,33.3877563865537,51.0347891166449,14.7976986383577,0.969,3.95608738968062,3.43920674799665,0.832442903389189,0.505112958942417
2001-11-27,1.71,163.3,4.94,4.94,602.79,0.5017774813552098,658.41,27.06629,750.88,3.17552224503765,2.27054970568104,0.715016154973943,0.219528466253919,0.207214753166224,16.85,1.1541095890411,212.45,3.09468317552804,0,-16.0641,4.11759799833194,1.37608385686463,0.451685660266874,1.30108445697626,0.601283991047423,33.3877563865537,51.0347891166449,14.7976986383577,0.969,3.95608738968062,3.43920674799665,0.832442903389189,0.505112958942417
2001-11-28,6.02,153.21,5.15,5.15,639.22,0.44312816535265287,658.41,27.06629,750.88,3.17552224503765,2.27054970568104,0.715016154973943,0.219528466253919,0.207214753166224,16.85,1.1541095890411,212.45,3.09468317552804,0,-16.0641,4.11759799833194,1.37608385686463,0.451685660266874,1.30108445697626,0.601283991047423,33.3877563865537,51.0347891166449,14.7976986383577,0.969,3.95608738968062,3.43920674799665,0.832442903389189,0.505112958942417
2001-11-29,4.2,115.92,6.42,6.42,770.25,0.6093012273598977,658.41,27.06629,750.88,3.17552224503765,2.27054970568104,0.715016154973943,0.219528466253919,0.207214753166224,16.85,1.1541095890411,212.45,3.09468317552804,0,-16.0641,4.11759799833194,1.37608385686463,0.451685660266874,1.30108445697626,0.601283991047423,33.3877563865537,51.0347891166449,14.7976986383577,0.969,3.95608738968062,3.43920674799665,0.832442903389189,0.505112958942417
2001-11-30,9.88,87.74,9.39,9.39,953.2,0.9318724653739611,658.41,27.06629,750.88,3.17552224503765,2.27054970568104,0.715016154973943,0.219528466253919,0.207214753166224,16.85,1.1541095890411,212.45,3.09468317552804,0,-16.0641,4.11759799833194,1.37608385686463,0.451685660266874,1.30108445697626,0.601283991047423,33.3877563865537,51.0347891166449,14.7976986383577,0.969,3.95608738968062,3.43920674799665,0.832442903389189,0.505112958942417
2001-12-01,2.41,202.68,8.92,8.92,817.5,1.5313988067334328,658.41,27.06629,750.88,3.17552224503765,2.27054970568104,0.715016154973943,0.219528466253919,0.207214753166224,16.85,1.1541095890411,212.45,3.09468317552804,0,-16.0641,4.11759799833194,1.37608385686463,0.451685660266874,1.30108445697626,0.601283991047423,33.3877563865537,51.0347891166449,14.7976986383577,0.969,3.95608738968062,3.43920674799665,0.832442903389189,0.505112958942417
2001-12-02,0.0,176.95,4.9,4.9,610.96,0.9416473513743873,658.41,27.06629,750.88,3.17552224503765,2.27054970568104,0.715016154973943,0.219528466253919,0.207214753166224,16.85,1.1541095890411,212.45,3.09468317552804,0,-16.0641,4.11759799833194,1.37608385686463,0.451685660266874,1.30108445697626,0.601283991047423,33.3877563865537,51.0347891166449,14.7976986383577,0.969,3.95608738968062,3.43920674799665,0.832442903389189,0.505112958942417
2001-12-03,0.05,202.01,2.27,2.27,466.2,0.7819908800340932,658.41,27.06629,750.88,3.17552224503765,2.27054970568104,0.715016154973943,0.219528466253919,0.207214753166224,16.85,1.1541095890411,212.45,3.09468317552804,0,-16.0641,4.11759799833194,1.37608385686463,0.451685660266874,1.30108445697626,0.601283991047423,33.3877563865537,51.0347891166449,14.7976986383577,0.969,3.95608738968062,3.43920674799665,0.832442903389189,0.505112958942417
2001-12-04,0.48,179.84,4.89,4.89,505.08,0.6809837246963562,658.41,27.06629,750.88,3.17552224503765,2.27054970568104,0.715016154973943,0.219528466253919,0.207214753166224,16.85,1.1541095890411,212.45,3.09468317552804,0,-16.0641,4.11759799833194,1.37608385686463,0.451685660266874,1.30108445697626,0.601283991047423,33.3877563865537,51.0347891166449,14.7976986383577,0.969,3.95608738968062,3.43920674799665,0.832442903389189,0.505112958942417
2001-12-05,0.12,243.73,5.46,5.46,530.26,0.6093012273598977,658.41,27.06629,750.88,3.17552224503765,2.27054970568104,0.715016154973943,0.219528466253919,0.207214753166224,16.85,1.1541095890411,212.45,3.09468317552804,0,-16.0641,4.11759799833194,1.37608385686463,0.451685660266874,1.30108445697626,0.601283991047423,33.3877563865537,51.0347891166449,14.7976986383577,0.969,3.95608738968062,3.43920674799665,0.832442903389189,0.505112958942417
2001-12-06,0.0,222.12,10.91,10.91,773.23,0.553910206690816,658.41,27.06629,750.88,3.17552224503765,2.27054970568104,0.715016154973943,0.219528466253919,0.207214753166224,16.85,1.1541095890411,212.45,3.09468317552804,0,-16.0641,4.11759799833194,1.37608385686463,0.451685660266874,1.30108445697626,0.601283991047423,33.3877563865537,51.0347891166449,14.7976986383577,0.969,3.95608738968062,3.43920674799665,0.832442903389189,0.505112958942417
2001-12-07,0.56,198.36,6.14,6.14,530.4,0.49526089068825907,658.41,27.06629,750.88,3.17552224503765,2.27054970568104,0.715016154973943,0.219528466253919,0.207214753166224,16.85,1.1541095890411,212.45,3.09468317552804,0,-16.0641,4.11759799833194,1.37608385686463,0.451685660266874,1.30108445697626,0.601283991047423,33.3877563865537,51.0347891166449,14.7976986383577,0.969,3.95608738968062,3.43920674799665,0.832442903389189,0.505112958942417
2001-12-08,3.76,165.53,2.39,2.39,420.09,0.452903051353079,658.41,27.06629,750.88,3.17552224503765,2.27054970568104,0.715016154973943,0.219528466253919,0.207214753166224,16.85,1.1541095890411,212.45,3.09468317552804,0,-16.0641,4.11759799833194,1.37608385686463,0.451685660266874,1.30108445697626,0.601283991047423,33.3877563865537,51.0347891166449,14.7976986383577,0.969,3.95608738968062,3.43920674799665,0.832442903389189,0.505112958942417
2001-12-09,1.07,165.4,-2.52,-2.52,338.81,0.4594196420200298,658.41,27.06629,750.88,3.17552224503765,2.27054970568104,0.715016154973943,0.219528466253919,0.207214753166224,16.85,1.1541095890411,212.45,3.09468317552804,0,-16.0641,4.11759799833194,1.37608385686463,0.451685660266874,1.30108445697626,0.601283991047423,33.3877563865537,51.0347891166449,14.7976986383577,0.969,3.95608738968062,3.43920674799665,0.832442903389189,0.505112958942417
2001-12-10,0.03,225.97,-2.38,-2.38,329.49,0.4333532793522267,658.41,27.06629,750.88,3.17552224503765,2.27054970568104,0.715016154973943,0.219528466253919,0.207214753166224,16.85,1.1541095890411,212.45,3.09468317552804,0,-16.0641,4.11759799833194,1.37608385686463,0.451685660266874,1.30108445697626,0.601283991047423,33.3877563865537,51.0347891166449,14.7976986383577,0.969,3.95608738968062,3.43920674799665,0.832442903389189,0.505112958942417
2001-12-11,0.13,210.13,-2.07,-2.07,317.26,0.39425373535052205,658.41,27.06629,750.88,3.17552224503765,2.27054970568104,0.715016154973943,0.219528466253919,0.207214753166224,16.85,1.1541095890411,212.45,3.09468317552804,0,-16.0641,4.11759799833194,1.37608385686463,0.451685660266874,1.30108445697626,0.601283991047423,33.3877563865537,51.0347891166449,14.7976986383577,0.969,3.95608738968062,3.43920674799665,0.832442903389189,0.505112958942417
2001-12-12,0.9,218.26,-1.45,-1.45,303.91,0.3649290773492435,658.41,27.06629,750.88,3.17552224503765,2.27054970568104,0.715016154973943,0.219528466253919,0.207214753166224,16.85,1.1541095890411,212.45,3.09468317552804,0,-16.0641,4.11759799833194,1.37608385686463,0.451685660266874,1.30108445697626,0.601283991047423,33.3877563865537,51.0347891166449,14.7976986383577,0.969,3.95608738968062,3.43920674799665,0.832442903389189,0.505112958942417
2001-12-13,2.52,217.36,-0.17,-0.17,374.55,0.3909954400170466,658.41,27.06629,750.88,3.17552224503765,2.27054970568104,0.715016154973943,0.219528466253919,0.207214753166224,16.85,1.1541095890411,212.45,3.09468317552804,0,-16.0641,4.11759799833194,1.37608385686463,0.451685660266874,1.30108445697626,0.601283991047423,33.3877563865537,51.0347891166449,14.7976986383577,0.969,3.95608738968062,3.43920674799665,0.832442903389189,0.505112958942417
2001-12-14,10.36,122.25,5.7,5.7,644.48,0.553910206690816,658.41,27.06629,750.88,3.17552224503765,2.27054970568104,0.715016154973943,0.219528466253919,0.207214753166224,16.85,1.1541095890411,212.45,3.09468317552804,0,-16.0641,4.11759799833194,1.37608385686463,0.451685660266874,1.30108445697626,0.601283991047423,33.3877563865537,51.0347891166449,14.7976986383577,0.969,3.95608738968062,3.43920674799665,0.832442903389189,0.505112958942417
2001-12-15,2.76,169.11,0.5,0.5,428.34,1.5053324440656295,658.41,27.06629,750.88,3.17552224503765,2.27054970568104,0.715016154973943,0.219528466253919,0.207214753166224,16.85,1.1541095890411,212.45,3.09468317552804,0,-16.0641,4.11759799833194,1.37608385686463,0.451685660266874,1.30108445697626,0.601283991047423,33.3877563865537,51.0347891166449,14.7976986383577,0.969,3.95608738968062,3.43920674799665,0.832442903389189,0.505112958942417
2001-12-16,4.32,183.06,-2.56,-2.56,331.21,0.8927729213722564,658.41,27.06629,750.88,3.17552224503765,2.27054970568104,0.715016154973943,0.219528466253919,0.207214753166224,16.85,1.1541095890411,212.45,3.09468317552804,0,-16.0641,4.11759799833194,1.37608385686463,0.451685660266874,1.30108445697626,0.601283991047423,33.3877563865537,51.0347891166449,14.7976986383577,0.969,3.95608738968062,3.43920674799665,0.832442903389189,0.505112958942417
2001-12-17,13.11,186.86,-3.42,-3.42,343.95,1.1469199573833369,658.41,27.06629,750.88,3.17552224503765,2.27054970568104,0.715016154973943,0.219528466253919,0.207214753166224,16.85,1.1541095890411,212.45,3.09468317552804,0,-16.0641,4.11759799833194,1.37608385686463,0.451685660266874,1.30108445697626,0.601283991047423,33.3877563865537,51.0347891166449,14.7976986383577,0.969,3.95608738968062,3.43920674799665,0.832442903389189,0.505112958942417
2001-12-18,4.8,128.51,0.78,0.78,504.15,4.040286213509482,658.41,27.06629,750.88,3.17552224503765,2.27054970568104,0.715016154973943,0.219528466253919,0.207214753166224,16.85,1.1541095890411,212.45,3.09468317552804,0,-16.0641,4.11759799833194,1.37608385686463,0.451685660266874,1.30108445697626,0.601283991047423,33.3877563865537,51.0347891166449,14.7976986383577,0.969,3.95608738968062,3.43920674799665,0.832442903389189,0.505112958942417
2001-12-19,1.65,148.69,-0.68,-0.68,449.87,2.5838281994459833,658.41,27.06629,750.88,3.17552224503765,2.27054970568104,0.715016154973943,0.219528466253919,0.207214753166224,16.85,1.1541095890411,212.45,3.09468317552804,0,-16.0641,4.11759799833194,1.37608385686463,0.451685660266874,1.30108445697626,0.601283991047423,33.3877563865537,51.0347891166449,14.7976986383577,0.969,3.95608738968062,3.43920674799665,0.832442903389189,0.505112958942417
2001-12-20,2.05,204.74,-0.15,-0.15,399.12,2.0038516300873637,658.41,27.06629,750.88,3.17552224503765,2.27054970568104,0.715016154973943,0.219528466253919,0.207214753166224,16.85,1.1541095890411,212.45,3.09468317552804,0,-16.0641,4.11759799833194,1.37608385686463,0.451685660266874,1.30108445697626,0.601283991047423,33.3877563865537,51.0347891166449,14.7976986383577,0.969,3.95608738968062,3.43920674799665,0.832442903389189,0.505112958942417
2001-12-21,0.54,195.67,-3.99,-3.99,296.68,1.7008301640741528,658.41,27.06629,750.88,3.17552224503765,2.27054970568104,0.715016154973943,0.219528466253919,0.207214753166224,16.85,1.1541095890411,212.45,3.09468317552804,0,-16.0641,4.11759799833194,1.37608385686463,0.451685660266874,1.30108445697626,0.601283991047423,33.3877563865537,51.0347891166449,14.7976986383577,0.969,3.95608738968062,3.43920674799665,0.832442903389189,0.505112958942417
2001-12-22,0.14,210.91,-5.59,-5.59,261.93,1.4043252887278925,658.41,27.06629,750.88,3.17552224503765,2.27054970568104,0.715016154973943,0.219528466253919,0.207214753166224,16.85,1.1541095890411,212.45,3.09468317552804,0,-16.0641,4.11759799833194,1.37608385686463,0.451685660266874,1.30108445697626,0.601283991047423,33.3877563865537,51.0347891166449,14.7976986383577,0.969,3.95608738968062,3.43920674799665,0.832442903389189,0.505112958942417
2001-12-23,0.72,198.24,-3.36,-3.36,313.57,1.2609602940549753,658.41,27.06629,750.88,3.17552224503765,2.27054970568104,0.715016154973943,0.219528466253919,0.207214753166224,16.85,1.1541095890411,212.45,3.09468317552804,0,-16.0641,4.11759799833194,1.37608385686463,0.451685660266874,1.30108445697626,0.601283991047423,33.3877563865537,51.0347891166449,14.7976986383577,0.969,3.95608738968062,3.43920674799665,0.832442903389189,0.505112958942417
2001-12-24,0.19,253.55,-1.84,-1.84,326.34,1.3326427913914338,658.41,27.06629,750.88,3.17552224503765,2.27054970568104,0.715016154973943,0.219528466253919,0.207214753166224,16.85,1.1541095890411,212.45,3.09468317552804,0,-16.0641,4.11759799833194,1.37608385686463,0.451685660266874,1.30108445697626,0.601283991047423,33.3877563865537,51.0347891166449,14.7976986383577,0.969,3.95608738968062,3.43920674799665,0.832442903389189,0.505112958942417
2001-12-25,0.0,266.32,-5.05,-5.05,242.37,1.065462574046452,658.41,27.06629,750.88,3.17552224503765,2.27054970568104,0.715016154973943,0.219528466253919,0.207214753166224,16.85,1.1541095890411,212.45,3.09468317552804,0,-16.0641,4.11759799833194,1.37608385686463,0.451685660266874,1.30108445697626,0.601283991047423,33.3877563865537,51.0347891166449,14.7976986383577,0.969,3.95608738968062,3.43920674799665,0.832442903389189,0.505112958942417
2001-12-26,0.0,268.29,-7.8,-7.8,190.28,0.8438984913701257,658.41,27.06629,750.88,3.17552224503765,2.27054970568104,0.715016154973943,0.219528466253919,0.207214753166224,16.85,1.1541095890411,212.45,3.09468317552804,0,-16.0641,4.11759799833194,1.37608385686463,0.451685660266874,1.30108445697626,0.601283991047423,33.3877563865537,51.0347891166449,14.7976986383577,0.969,3.95608738968062,3.43920674799665,0.832442903389189,0.505112958942417
2001-12-27,0.07,213.28,-9.92,-9.92,171.92,0.7168249733645855,658.41,27.06629,750.88,3.17552224503765,2.27054970568104,0.715016154973943,0.219528466253919,0.207214753166224,16.85,1.1541095890411,212.45,3.09468317552804,0,-16.0641,4.11759799833194,1.37608385686463,0.451685660266874,1.30108445697626,0.601283991047423,33.3877563865537,51.0347891166449,14.7976986383577,0.969,3.95608738968062,3.43920674799665,0.832442903389189,0.505112958942417
2001-12-28,0.16,174.84,-8.48,-8.48,214.42,0.6842420200298316,658.41,27.06629,750.88,3.17552224503765,2.27054970568104,0.715016154973943,0.219528466253919,0.207214753166224,16.85,1.1541095890411,212.45,3.09468317552804,0,-16.0641,4.11759799833194,1.37608385686463,0.451685660266874,1.30108445697626,0.601283991047423,33.3877563865537,51.0347891166449,14.7976986383577,0.969,3.95608738968062,3.43920674799665,0.832442903389189,0.505112958942417
2001-12-29,0.6,201.89,-7.22,-7.22,229.79,0.6516590666950778,658.41,27.06629,750.88,3.17552224503765,2.27054970568104,0.715016154973943,0.219528466253919,0.207214753166224,16.85,1.1541095890411,212.45,3.09468317552804,0,-16.0641,4.11759799833194,1.37608385686463,0.451685660266874,1.30108445697626,0.601283991047423,33.3877563865537,51.0347891166449,14.7976986383577,0.969,3.95608738968062,3.43920674799665,0.832442903389189,0.505112958942417
2001-12-30,0.17,208.19,-7.32,-7.32,227.03,0.58649316002557,658.41,27.06629,750.88,3.17552224503765,2.27054970568104,0.715016154973943,0.219528466253919,0.207214753166224,16.85,1.1541095890411,212.45,3.09468317552804,0,-16.0641,4.11759799833194,1.37608385686463,0.451685660266874,1.30108445697626,0.601283991047423,33.3877563865537,51.0347891166449,14.7976986383577,0.969,3.95608738968062,3.43920674799665,0.832442903389189,0.505112958942417
2001-12-31,0.01,196.39,-9.03,-9.03,206.41,0.5213272533560622,658.41,27.06629,750.88,3.17552224503765,2.27054970568104,0.715016154973943,0.219528466253919,0.207214753166224,16.85,1.1541095890411,212.45,3.09468317552804,0,-16.0641,4.11759799833194,1.37608385686463,0.451685660266874,1.30108445697626,0.601283991047423,33.3877563865537,51.0347891166449,14.7976986383577,0.969,3.95608738968062,3.43920674799665,0.832442903389189,0.505112958942417
2002-01-01,0.0,246.9,-9.87,-9.87,181.36,0.4887443000213083,658.41,27.06629,750.88,3.17552224503765,2.27054970568104,0.715016154973943,0.219528466253919,0.207214753166224,16.85,1.1541095890411,212.45,3.09468317552804,0,-16.0641,4.11759799833194,1.37608385686463,0.451685660266874,1.30108445697626,0.601283991047423,33.3877563865537,51.0347891166449,14.7976986383577,0.969,3.95608738968062,3.43920674799665,0.832442903389189,0.505112958942417
2002-01-02,0.0,278.49,-9.64,-9.64,172.06,0.45616134668655445,658.41,27.06629,750.88,3.17552224503765,2.27054970568104,0.715016154973943,0.219528466253919,0.207214753166224,16.85,1.1541095890411,212.45,3.09468317552804,0,-16.0641,4.11759799833194,1.37608385686463,0.451685660266874,1.30108445697626,0.601283991047423,33.3877563865537,51.0347891166449,14.7976986383577,0.969,3.95608738968062,3.43920674799665,0.832442903389189,0.505112958942417
2002-01-03,0.0,257.71,-7.36,-7.36,221.57,0.42357839335180053,658.41,27.06629,750.88,3.17552224503765,2.27054970568104,0.715016154973943,0.219528466253919,0.207214753166224,16.85,1.1541095890411,212.45,3.09468317552804,0,-16.0641,4.11759799833194,1.37608385686463,0.451685660266874,1.30108445697626,0.601283991047423,33.3877563865537,51.0347891166449,14.7976986383577,0.969,3.95608738968062,3.43920674799665,0.832442903389189,0.505112958942417
2002-01-04,0.0,241.84,-4.72,-4.72,290.25,0.4203200980183251,658.41,27.06629,750.88,3.17552224503765,2.27054970568104,0.715016154973943,0.219528466253919,0.207214753166224,16.85,1.1541095890411,212.45,3.09468317552804,0,-16.0641,4.11759799833194,1.37608385686463,0.451685660266874,1.30108445697626,0.601283991047423,33.3877563865537,51.0347891166449,14.7976986383577,0.969,3.95608738968062,3.43920674799665,0.832442903389189,0.505112958942417
2002-01-05,1.98,220.54,-3.01,-3.01,329.68,0.4007703260174728,658.41,27.06629,750.88,3.17552224503765,2.27054970568104,0.715016154973943,0.219528466253919,0.207214753166224,16.85,1.1541095890411,212.45,3.09468317552804,0,-16.0641,4.11759799833194,1.37608385686463,0.451685660266874,1.30108445697626,0.601283991047423,33.3877563865537,51.0347891166449,14.7976986383577,0.969,3.95608738968062,3.43920674799665,0.832442903389189,0.505112958942417
2002-01-06,9.76,173.83,-3.01,-3.01,350.92,0.39425373535052205,658.41,27.06629,750.88,3.17552224503765,2.27054970568104,0.715016154973943,0.219528466253919,0.207214753166224,16.85,1.1541095890411,212.45,3.09468317552804,0,-16.0641,4.11759799833194,1.37608385686463,0.451685660266874,1.30108445697626,0.601283991047423,33.3877563865537,51.0347891166449,14.7976986383577,0.969,3.95608738968062,3.43920674799665,0.832442903389189,0.505112958942417
2002-01-07,3.0,123.22,-3.41,-3.41,360.89,0.39751203068399743,658.41,27.06629,750.88,3.17552224503765,2.27054970568104,0.715016154973943,0.219528466253919,0.207214753166224,16.85,1.1541095890411,212.45,3.09468317552804,0,-16.0641,4.11759799833194,1.37608385686463,0.451685660266874,1.30108445697626,0.601283991047423,33.3877563865537,51.0347891166449,14.7976986383577,0.969,3.95608738968062,3.43920674799665,0.832442903389189,0.505112958942417
2002-01-08,0.55,195.91,-5.74,-5.74,286.41,0.3779622586831451,658.41,27.06629,750.88,3.17552224503765,2.27054970568104,0.715016154973943,0.219528466253919,0.207214753166224,16.85,1.1541095890411,212.45,3.09468317552804,0,-16.0641,4.11759799833194,1.37608385686463,0.451685660266874,1.30108445697626,0.601283991047423,33.3877563865537,51.0347891166449,14.7976986383577,0.969,3.95608738968062,3.43920674799665,0.832442903389189,0.505112958942417
2002-01-09,0.15,242.81,-4.46,-4.46,309.1,0.3714456680161943,658.41,27.06629,750.88,3.17552224503765,2.27054970568104,0.715016154973943,0.219528466253919,0.207214753166224,16.85,1.1541095890411,212.45,3.09468317552804,0,-16.0641,4.11759799833194,1.37608385686463,0.451685660266874,1.30108445697626,0.601283991047423,33.3877563865537,51.0347891166449,14.7976986383577,0.969,3.95608738968062,3.43920674799665,0.832442903389189,0.505112958942417
2002-01-10,0.03,240.5,0.03,0.03,433.48,0.39425373535052205,658.41,27.06629,750.88,3.17552224503765,2.27054970568104,0.715016154973943,0.219528466253919,0.207214753166224,16.85,1.1541095890411,212.45,3.09468317552804,0,-16.0641,4.11759799833194,1.37608385686463,0.451685660266874,1.30108445697626,0.601283991047423,33.3877563865537,51.0347891166449,14.7976986383577,0.969,3.95608738968062,3.43920674799665,0.832442903389189,0.505112958942417
2002-01-11,0.01,227.62,-0.36,-0.36,435.62,0.452903051353079,658.41,27.06629,750.88,3.17552224503765,2.27054970568104,0.715016154973943,0.219528466253919,0.207214753166224,16.85,1.1541095890411,212.45,3.09468317552804,0,-16.0641,4.11759799833194,1.37608385686463,0.451685660266874,1.30108445697626,0.601283991047423,33.3877563865537,51.0347891166449,14.7976986383577,0.969,3.95608738968062,3.43920674799665,0.832442903389189,0.505112958942417
2002-01-12,0.04,247.63,0.04,0.04,441.1,0.4203200980183251,658.41,27.06629,750.88,3.17552224503765,2.27054970568104,0.715016154973943,0.219528466253919,0.207214753166224,16.85,1.1541095890411,212.45,3.09468317552804,0,-16.0641,4.11759799833194,1.37608385686463,0.451685660266874,1.30108445697626,0.601283991047423,33.3877563865537,51.0347891166449,14.7976986383577,0.969,3.95608738968062,3.43920674799665,0.832442903389189,0.505112958942417
2002-01-13,0.08,240.36,-0.09,-0.09,412.16,0.41054521201789895,658.41,27.06629,750.88,3.17552224503765,2.27054970568104,0.715016154973943,0.219528466253919,0.207214753166224,16.85,1.1541095890411,212.45,3.09468317552804,0,-16.0641,4.11759799833194,1.37608385686463,0.451685660266874,1.30108445697626,0.601283991047423,33.3877563865537,51.0347891166449,14.7976986383577,0.969,3.95608738968062,3.43920674799665,0.832442903389189,0.505112958942417
2002-01-14,0.42,228.93,-2.66,-2.66,330.8,0.36818737268271895,658.41,27.06629,750.88,3.17552224503765,2.27054970568104,0.715016154973943,0.219528466253919,0.207214753166224,16.85,1.1541095890411,212.45,3.09468317552804,0,-16.0641,4.11759799833194,1.37608385686463,0.451685660266874,1.30108445697626,0.601283991047423,33.3877563865537,51.0347891166449,14.7976986383577,0.969,3.95608738968062,3.43920674799665,0.832442903389189,0.505112958942417
2002-01-15,0.42,208.72,-2.62,-2.62,339.43,0.36818737268271895,658.41,27.06629,750.88,3.17552224503765,2.27054970568104,0.715016154973943,0.219528466253919,0.207214753166224,16.85,1.1541095890411,212.45,3.09468317552804,0,-16.0641,4.11759799833194,1.37608385686463,0.451685660266874,1.30108445697626,0.601283991047423,33.3877563865537,51.0347891166449,14.7976986383577,0.969,3.95608738968062,3.43920674799665,0.832442903389189,0.505112958942417
2002-01-16,1.26,206.2,-3.64,-3.64,320.07,0.35189589601534194,658.41,27.06629,750.88,3.17552224503765,2.27054970568104,0.715016154973943,0.219528466253919,0.207214753166224,16.85,1.1541095890411,212.45,3.09468317552804,0,-16.0641,4.11759799833194,1.37608385686463,0.451685660266874,1.30108445697626,0.601283991047423,33.3877563865537,51.0347891166449,14.7976986383577,0.969,3.95608738968062,3.43920674799665,0.832442903389189,0.505112958942417
2002-01-17,0.57,224.12,-4.16,-4.16,300.18,0.3453793053483912,658.41,27.06629,750.88,3.17552224503765,2.27054970568104,0.715016154973943,0.219528466253919,0.207214753166224,16.85,1.1541095890411,212.45,3.09468317552804,0,-16.0641,4.11759799833194,1.37608385686463,0.451685660266874,1.30108445697626,0.601283991047423,33.3877563865537,51.0347891166449,14.7976986383577,0.969,3.95608738968062,3.43920674799665,0.832442903389189,0.505112958942417
2002-01-18,0.57,217.46,-4.2,-4.2,283.37,0.32257123801406345,658.41,27.06629,750.88,3.17552224503765,2.27054970568104,0.715016154973943,0.219528466253919,0.207214753166224,16.85,1.1541095890411,212.45,3.09468317552804,0,-16.0641,4.11759799833194,1.37608385686463,0.451685660266874,1.30108445697626,0.601283991047423,33.3877563865537,51.0347891166449,14.7976986383577,0.969,3.95608738968062,3.43920674799665,0.832442903389189,0.505112958942417
2002-01-19,3.04,253.6,-9.31,-9.31,176.91,0.2606636266780311,658.41,27.06629,750.88,3.17552224503765,2.27054970568104,0.715016154973943,0.219528466253919,0.207214753166224,16.85,1.1541095890411,212.45,3.09468317552804,0,-16.0641,4.11759799833194,1.37608385686463,0.451685660266874,1.30108445697626,0.601283991047423,33.3877563865537,51.0347891166449,14.7976986383577,0.969,3.95608738968062,3.43920674799665,0.832442903389189,0.505112958942417
2002-01-20,1.07,240.91,-7.48,-7.48,214.43,0.293246580012785,658.41,27.06629,750.88,3.17552224503765,2.27054970568104,0.715016154973943,0.219528466253919,0.207214753166224,16.85,1.1541095890411,212.45,3.09468317552804,0,-16.0641,4.11759799833194,1.37608385686463,0.451685660266874,1.30108445697626,0.601283991047423,33.3877563865537,51.0347891166449,14.7976986383577,0.969,3.95608738968062,3.43920674799665,0.832442903389189,0.505112958942417
2002-01-21,0.97,230.86,-5.21,-5.21,282.06,0.33234612401448965,658.41,27.06629,750.88,3.17552224503765,2.27054970568104,0.715016154973943,0.219528466253919,0.207214753166224,16.85,1.1541095890411,212.45,3.09468317552804,0,-16.0641,4.11759799833194,1.37608385686463,0.451685660266874,1.30108445697626,0.601283991047423,33.3877563865537,51.0347891166449,14.7976986383577,0.969,3.95608738968062,3.43920674799665,0.832442903389189,0.505112958942417
2002-01-22,0.23,252.8,-1.87,-1.87,375.54,0.3193129426805881,658.41,27.06629,750.88,3.17552224503765,2.27054970568104,0.715016154973943,0.219528466253919,0.207214753166224,16.85,1.1541095890411,212.45,3.09468317552804,0,-16.0641,4.11759799833194,1.37608385686463,0.451685660266874,1.30108445697626,0.601283991047423,33.3877563865537,51.0347891166449,14.7976986383577,0.969,3.95608738968062,3.43920674799665,0.832442903389189,0.505112958942417
2002-01-23,0.79,256.57,0.12,0.12,419.45,0.32257123801406345,658.41,27.06629,750.88,3.17552224503765,2.27054970568104,0.715016154973943,0.219528466253919,0.207214753166224,16.85,1.1541095890411,212.45,3.09468317552804,0,-16.0641,4.11759799833194,1.37608385686463,0.451685660266874,1.30108445697626,0.601283991047423,33.3877563865537,51.0347891166449,14.7976986383577,0.969,3.95608738968062,3.43920674799665,0.832442903389189,0.505112958942417
2002-01-24,1.14,182.95,3.99,3.99,579.57,1.3098347240571062,658.41,27.06629,750.88,3.17552224503765,2.27054970568104,0.715016154973943,0.219528466253919,0.207214753166224,16.85,1.1541095890411,212.45,3.09468317552804,0,-16.0641,4.11759799833194,1.37608385686463,0.451685660266874,1.30108445697626,0.601283991047423,33.3877563865537,51.0347891166449,14.7976986383577,0.969,3.95608738968062,3.43920674799665,0.832442903389189,0.505112958942417
2002-01-25,0.25,284.98,0.35,0.35,437.88,2.257998666098444,658.41,27.06629,750.88,3.17552224503765,2.27054970568104,0.715016154973943,0.219528466253919,0.207214753166224,16.85,1.1541095890411,212.45,3.09468317552804,0,-16.0641,4.11759799833194,1.37608385686463,0.451685660266874,1.30108445697626,0.601283991047423,33.3877563865537,51.0347891166449,14.7976986383577,0.969,3.95608738968062,3.43920674799665,0.832442903389189,0.505112958942417
2002-01-26,0.0,305.09,-0.45,-0.45,395.33,1.4564580140634986,658.41,27.06629,750.88,3.17552224503765,2.27054970568104,0.715016154973943,0.219528466253919,0.207214753166224,16.85,1.1541095890411,212.45,3.09468317552804,0,-16.0641,4.11759799833194,1.37608385686463,0.451685660266874,1.30108445697626,0.601283991047423,33.3877563865537,51.0347891166449,14.7976986383577,0.969,3.95608738968062,3.43920674799665,0.832442903389189,0.505112958942417
2002-01-27,0.0,335.46,1.91,1.91,431.05,1.375000630726614,658.41,27.06629,750.88,3.17552224503765,2.27054970568104,0.715016154973943,0.219528466253919,0.207214753166224,16.85,1.1541095890411,212.45,3.09468317552804,0,-16.0641,4.11759799833194,1.37608385686463,0.451685660266874,1.30108445697626,0.601283991047423,33.3877563865537,51.0347891166449,14.7976986383577,0.969,3.95608738968062,3.43920674799665,0.832442903389189,0.505112958942417
2002-01-28,2.21,292.38,4.26,4.26,479.0,1.449941423396548,658.41,27.06629,750.88,3.17552224503765,2.27054970568104,0.715016154973943,0.219528466253919,0.207214753166224,16.85,1.1541095890411,212.45,3.09468317552804,0,-16.0641,4.11759799833194,1.37608385686463,0.451685660266874,1.30108445697626,0.601283991047423,33.3877563865537,51.0347891166449,14.7976986383577,0.969,3.95608738968062,3.43920674799665,0.832442903389189,0.505112958942417
2002-01-29,8.21,261.4,5.59,5.59,543.18,1.567240055401662,658.41,27.06629,750.88,3.17552224503765,2.27054970568104,0.715016154973943,0.219528466253919,0.207214753166224,16.85,1.1541095890411,212.45,3.09468317552804,0,-16.0641,4.11759799833194,1.37608385686463,0.451685660266874,1.30108445697626,0.601283991047423,33.3877563865537,51.0347891166449,14.7976986383577,0.969,3.95608738968062,3.43920674799665,0.832442903389189,0.505112958942417
2002-01-30,9.79,250.93,3.87,3.87,513.64,3.9099544001704665,658.41,27.06629,750.88,3.17552224503765,2.27054970568104,0.715016154973943,0.219528466253919,0.207214753166224,16.85,1.1541095890411,212.45,3.09468317552804,0,-16.0641,4.11759799833194,1.37608385686463,0.451685660266874,1.30108445697626,0.601283991047423,33.3877563865537,51.0347891166449,14.7976986383577,0.969,3.95608738968062,3.43920674799665,0.832442903389189,0.505112958942417
2002-01-31,8.78,249.58,1.61,1.61,444.49,3.714456680161943,658.41,27.06629,750.88,3.17552224503765,2.27054970568104,0.715016154973943,0.219528466253919,0.207214753166224,16.85,1.1541095890411,212.45,3.09468317552804,0,-16.0641,4.11759799833194,1.37608385686463,0.451685660266874,1.30108445697626,0.601283991047423,33.3877563865537,51.0347891166449,14.7976986383577,0.969,3.95608738968062,3.43920674799665,0.832442903389189,0.505112958942417
2002-02-01,4.37,275.57,0.96,0.96,367.19,6.907586106967823,658.41,27.06629,750.88,3.17552224503765,2.27054970568104,0.715016154973943,0.219528466253919,0.207214753166224,16.85,1.1541095890411,212.45,3.09468317552804,0,-16.0641,4.11759799833194,1.37608385686463,0.451685660266874,1.30108445697626,0.601283991047423,33.3877563865537,51.0347891166449,14.7976986383577,0.969,3.95608738968062,3.43920674799665,0.832442903389189,0.505112958942417
2002-02-02,0.7,335.8,0.28,0.28,280.36,4.170618026848498,658.41,27.06629,750.88,3.17552224503765,2.27054970568104,0.715016154973943,0.219528466253919,0.207214753166224,16.85,1.1541095890411,212.45,3.09468317552804,0,-16.0641,4.11759799833194,1.37608385686463,0.451685660266874,1.30108445697626,0.601283991047423,33.3877563865537,51.0347891166449,14.7976986383577,0.969,3.95608738968062,3.43920674799665,0.832442903389189,0.505112958942417
2002-02-03,0.01,316.43,-3.03,-3.03,264.47,2.9813402301299803,658.41,27.06629,750.88,3.17552224503765,2.27054970568104,0.715016154973943,0.219528466253919,0.207214753166224,16.85,1.1541095890411,212.45,3.09468317552804,0,-16.0641,4.11759799833194,1.37608385686463,0.451685660266874,1.30108445697626,0.601283991047423,33.3877563865537,51.0347891166449,14.7976986383577,0.969,3.95608738968062,3.43920674799665,0.832442903389189,0.505112958942417
2002-02-04,0.37,237.82,-4.45,-4.45,269.57,2.456754681440443,658.41,27.06629,750.88,3.17552224503765,2.27054970568104,0.715016154973943,0.219528466253919,0.207214753166224,16.85,1.1541095890411,212.45,3.09468317552804,0,-16.0641,4.11759799833194,1.37608385686463,0.451685660266874,1.30108445697626,0.601283991047423,33.3877563865537,51.0347891166449,14.7976986383577,0.969,3.95608738968062,3.43920674799665,0.832442903389189,0.505112958942417
2002-02-05,0.1,366.42,-9.0,-9.0,169.91,1.9191359514170039,658.41,27.06629,750.88,3.17552224503765,2.27054970568104,0.715016154973943,0.219528466253919,0.207214753166224,16.85,1.1541095890411,212.45,3.09468317552804,0,-16.0641,4.11759799833194,1.37608385686463,0.451685660266874,1.30108445697626,0.601283991047423,33.3877563865537,51.0347891166449,14.7976986383577,0.969,3.95608738968062,3.43920674799665,0.832442903389189,0.505112958942417
2002-02-06,0.0,357.68,-7.03,-7.03,206.51,1.668247210739399,658.41,27.06629,750.88,3.17552224503765,2.27054970568104,0.715016154973943,0.219528466253919,0.207214753166224,16.85,1.1541095890411,212.45,3.09468317552804,0,-16.0641,4.11759799833194,1.37608385686463,0.451685660266874,1.30108445697626,0.601283991047423,33.3877563865537,51.0347891166449,14.7976986383577,0.969,3.95608738968062,3.43920674799665,0.832442903389189,0.505112958942417
2002-02-07,0.0,340.35,-3.11,-3.11,309.96,1.476007786064351,658.41,27.06629,750.88,3.17552224503765,2.27054970568104,0.715016154973943,0.219528466253919,0.207214753166224,16.85,1.1541095890411,212.45,3.09468317552804,0,-16.0641,4.11759799833194,1.37608385686463,0.451685660266874,1.30108445697626,0.601283991047423,33.3877563865537,51.0347891166449,14.7976986383577,0.969,3.95608738968062,3.43920674799665,0.832442903389189,0.505112958942417
2002-02-08,0.0,351.82,1.37,1.37,421.06,1.3261262007244832,658.41,27.06629,750.88,3.17552224503765,2.27054970568104,0.715016154973943,0.219528466253919,0.207214753166224,16.85,1.1541095890411,212.45,3.09468317552804,0,-16.0641,4.11759799833194,1.37608385686463,0.451685660266874,1.30108445697626,0.601283991047423,33.3877563865537,51.0347891166449,14.7976986383577,0.969,3.95608738968062,3.43920674799665,0.832442903389189,0.505112958942417
2002-02-09,0.0,352.26,2.17,2.17,437.76,1.1795029107180908,658.41,27.06629,750.88,3.17552224503765,2.27054970568104,0.715016154973943,0.219528466253919,0.207214753166224,16.85,1.1541095890411,212.45,3.09468317552804,0,-16.0641,4.11759799833194,1.37608385686463,0.451685660266874,1.30108445697626,0.601283991047423,33.3877563865537,51.0347891166449,14.7976986383577,0.969,3.95608738968062,3.43920674799665,0.832442903389189,0.505112958942417
2002-02-10,13.37,267.54,1.84,1.84,419.55,1.2511854080545493,658.41,27.06629,750.88,3.17552224503765,2.27054970568104,0.715016154973943,0.219528466253919,0.207214753166224,16.85,1.1541095890411,212.45,3.09468317552804,0,-16.0641,4.11759799833194,1.37608385686463,0.451685660266874,1.30108445697626,0.601283991047423,33.3877563865537,51.0347891166449,14.7976986383577,0.969,3.95608738968062,3.43920674799665,0.832442903389189,0.505112958942417
2002-02-11,3.96,330.93,-2.72,-2.72,248.64,3.7470396334966973,658.41,27.06629,750.88,3.17552224503765,2.27054970568104,0.715016154973943,0.219528466253919,0.207214753166224,16.85,1.1541095890411,212.45,3.09468317552804,0,-16.0641,4.11759799833194,1.37608385686463,0.451685660266874,1.30108445697626,0.601283991047423,33.3877563865537,51.0347891166449,14.7976986383577,0.969,3.95608738968062,3.43920674799665,0.832442903389189,0.505112958942417
2002-02-12,1.45,289.54,-5.47,-5.47,212.26,2.033176288088643,658.41,27.06629,750.88,3.17552224503765,2.27054970568104,0.715016154973943,0.219528466253919,0.207214753166224,16.85,1.1541095890411,212.45,3.09468317552804,0,-16.0641,4.11759799833194,1.37608385686463,0.451685660266874,1.30108445697626,0.601283991047423,33.3877563865537,51.0347891166449,14.7976986383577,0.969,3.95608738968062,3.43920674799665,0.832442903389189,0.505112958942417
2002-02-13,0.49,319.89,-5.08,-5.08,220.98,1.6877969827402515,658.41,27.06629,750.88,3.17552224503765,2.27054970568104,0.715016154973943,0.219528466253919,0.207214753166224,16.85,1.1541095890411,212.45,3.09468317552804,0,-16.0641,4.11759799833194,1.37608385686463,0.451685660266874,1.30108445697626,0.601283991047423,33.3877563865537,51.0347891166449,14.7976986383577,0.969,3.95608738968062,3.43920674799665,0.832442903389189,0.505112958942417
2002-02-14,0.04,359.69,-10.36,-10.36,164.0,1.3815172213935647,658.41,27.06629,750.88,3.17552224503765,2.27054970568104,0.715016154973943,0.219528466253919,0.207214753166224,16.85,1.1541095890411,212.45,3.09468317552804,0,-16.0641,4.11759799833194,1.37608385686463,0.451685660266874,1.30108445697626,0.601283991047423,33.3877563865537,51.0347891166449,14.7976986383577,0.969,3.95608738968062,3.43920674799665,0.832442903389189,0.505112958942417
2002-02-15,0.0,381.54,-5.31,-5.31,256.24,1.4531997187300234,658.41,27.06629,750.88,3.17552224503765,2.27054970568104,0.715016154973943,0.219528466253919,0.207214753166224,16.85,1.1541095890411,212.45,3.09468317552804,0,-16.0641,4.11759799833194,1.37608385686463,0.451685660266874,1.30108445697626,0.601283991047423,33.3877563865537,51.0347891166449,14.7976986383577,0.969,3.95608738968062,3.43920674799665,0.832442903389189,0.505112958942417
2002-02-16,0.83,283.87,-0.05,-0.05,377.95,1.4955575580652034,658.41,27.06629,750.88,3.17552224503765,2.27054970568104,0.715016154973943,0.219528466253919,0.207214753166224,16.85,1.1541095890411,212.45,3.09468317552804,0,-16.0641,4.11759799833194,1.37608385686463,0.451685660266874,1.30108445697626,0.601283991047423,33.3877563865537,51.0347891166449,14.7976986383577,0.969,3.95608738968062,3.43920674799665,0.832442903389189,0.505112958942417
2002-02-17,0.53,272.08,-0.47,-0.47,347.59,1.4075835840613677,658.41,27.06629,750.88,3.17552224503765,2.27054970568104,0.715016154973943,0.219528466253919,0.207214753166224,16.85,1.1541095890411,212.45,3.09468317552804,0,-16.0641,4.11759799833194,1.37608385686463,0.451685660266874,1.30108445697626,0.601283991047423,33.3877563865537,51.0347891166449,14.7976986383577,0.969,3.95608738968062,3.43920674799665,0.832442903389189,0.505112958942417
2002-02-18,0.08,398.21,-7.39,-7.39,196.65,1.150178252716812,658.41,27.06629,750.88,3.17552224503765,2.27054970568104,0.715016154973943,0.219528466253919,0.207214753166224,16.85,1.1541095890411,212.45,3.09468317552804,0,-16.0641,4.11759799833194,1.37608385686463,0.451685660266874,1.30108445697626,0.601283991047423,33.3877563865537,51.0347891166449,14.7976986383577,0.969,3.95608738968062,3.43920674799665,0.832442903389189,0.505112958942417
2002-02-19,0.05,335.73,-5.36,-5.36,243.43,1.081754050713829,658.41,27.06629,750.88,3.17552224503765,2.27054970568104,0.715016154973943,0.219528466253919,0.207214753166224,16.85,1.1541095890411,212.45,3.09468317552804,0,-16.0641,4.11759799833194,1.37608385686463,0.451685660266874,1.30108445697626,0.601283991047423,33.3877563865537,51.0347891166449,14.7976986383577,0.969,3.95608738968062,3.43920674799665,0.832442903389189,0.505112958942417
2002-02-20,2.88,324.12,0.85,0.85,369.27,1.1534365480502875,658.41,27.06629,750.88,3.17552224503765,2.27054970568104,0.715016154973943,0.219528466253919,0.207214753166224,16.85,1.1541095890411,212.45,3.09468317552804,0,-16.0641,4.11759799833194,1.37608385686463,0.451685660266874,1.30108445697626,0.601283991047423,33.3877563865537,51.0347891166449,14.7976986383577,0.969,3.95608738968062,3.43920674799665,0.832442903389189,0.505112958942417
2002-02-21,2.07,305.48,5.11,5.11,492.33,1.4629746047304493,658.41,27.06629,750.88,3.17552224503765,2.27054970568104,0.715016154973943,0.219528466253919,0.207214753166224,16.85,1.1541095890411,212.45,3.09468317552804,0,-16.0641,4.11759799833194,1.37608385686463,0.451685660266874,1.30108445697626,0.601283991047423,33.3877563865537,51.0347891166449,14.7976986383577,0.969,3.95608738968062,3.43920674799665,0.832442903389189,0.505112958942417
2002-02-22,0.35,378.9,1.09,1.09,376.59,1.476007786064351,658.41,27.06629,750.88,3.17552224503765,2.27054970568104,0.715016154973943,0.219528466253919,0.207214753166224,16.85,1.1541095890411,212.45,3.09468317552804,0,-16.0641,4.11759799833194,1.37608385686463,0.451685660266874,1.30108445697626,0.601283991047423,33.3877563865537,51.0347891166449,14.7976986383577,0.969,3.95608738968062,3.43920674799665,0.832442903389189,0.505112958942417
2002-02-23,0.0,356.56,-3.17,-3.17,287.95,1.182761206051566,658.41,27.06629,750.88,3.17552224503765,2.27054970568104,0.715016154973943,0.219528466253919,0.207214753166224,16.85,1.1541095890411,212.45,3.09468317552804,0,-16.0641,4.11759799833194,1.37608385686463,0.451685660266874,1.30108445697626,0.601283991047423,33.3877563865537,51.0347891166449,14.7976986383577,0.969,3.95608738968062,3.43920674799665,0.832442903389189,0.505112958942417
2002-02-24,0.0,370.77,-3.85,-3.85,301.55,1.0622042787129766,658.41,27.06629,750.88,3.17552224503765,2.27054970568104,0.715016154973943,0.219528466253919,0.207214753166224,16.85,1.1541095890411,212.45,3.09468317552804,0,-16.0641,4.11759799833194,1.37608385686463,0.451685660266874,1.30108445697626,0.601283991047423,33.3877563865537,51.0347891166449,14.7976986383577,0.969,3.95608738968062,3.43920674799665,0.832442903389189,0.505112958942417
2002-02-25,0.1,399.2,3.34,3.34,452.16,1.0459128020455999,658.41,27.06629,750.88,3.17552224503765,2.27054970568104,0.715016154973943,0.219528466253919,0.207214753166224,16.85,1.1541095890411,212.45,3.09468317552804,0,-16.0641,4.11759799833194,1.37608385686463,0.451685660266874,1.30108445697626,0.601283991047423,33.3877563865537,51.0347891166449,14.7976986383577,0.969,3.95608738968062,3.43920674799665,0.832442903389189,0.505112958942417
2002-02-26,3.12,317.28,5.34,5.34,480.64,1.0784957553803536,658.41,27.06629,750.88,3.17552224503765,2.27054970568104,0.715016154973943,0.219528466253919,0.207214753166224,16.85,1.1541095890411,212.45,3.09468317552804,0,-16.0641,4.11759799833194,1.37608385686463,0.451685660266874,1.30108445697626,0.601283991047423,33.3877563865537,51.0347891166449,14.7976986383577,0.969,3.95608738968062,3.43920674799665,0.832442903389189,0.505112958942417
2002-02-27,1.29,342.21,0.65,0.65,299.02,1.182761206051566,658.41,27.06629,750.88,3.17552224503765,2.27054970568104,0.715016154973943,0.219528466253919,0.207214753166224,16.85,1.1541095890411,212.45,3.09468317552804,0,-16.0641,4.11759799833194,1.37608385686463,0.451685660266874,1.30108445697626,0.601283991047423,33.3877563865537,51.0347891166449,14.7976986383577,0.969,3.95608738968062,3.43920674799665,0.832442903389189,0.505112958942417
2002-02-28,0.31,302.48,-4.28,-4.28,247.4,0.9677137140421904,658.41,27.06629,750.88,3.17552224503765,2.27054970568104,0.715016154973943,0.219528466253919,0.207214753166224,16.85,1.1541095890411,212.45,3.09468317552804,0,-16.0641,4.11759799833194,1.37608385686463,0.451685660266874,1.30108445697626,0.601283991047423,33.3877563865537,51.0347891166449,14.7976986383577,0.969,3.95608738968062,3.43920674799665,0.832442903389189,0.505112958942417
2002-03-01,0.25,349.58,-4.83,-4.83,251.29,0.8667065587044533,658.41,27.06629,750.88,3.17552224503765,2.27054970568104,0.715016154973943,0.219528466253919,0.207214753166224,16.85,1.1541095890411,212.45,3.09468317552804,0,-16.0641,4.11759799833194,1.37608385686463,0.451685660266874,1.30108445697626,0.601283991047423,33.3877563865537,51.0347891166449,14.7976986383577,0.969,3.95608738968062,3.43920674799665,0.832442903389189,0.505112958942417
2002-03-02,3.86,330.12,-1.86,-1.86,314.48,0.8243487193692732,658.41,27.06629,750.88,3.17552224503765,2.27054970568104,0.715016154973943,0.219528466253919,0.207214753166224,16.85,1.1541095890411,212.45,3.09468317552804,0,-16.0641,4.11759799833194,1.37608385686463,0.451685660266874,1.30108445697626,0.601283991047423,33.3877563865537,51.0347891166449,14.7976986383577,0.969,3.95608738968062,3.43920674799665,0.832442903389189,0.505112958942417
2002-03-03,4.04,324.21,1.53,1.53,376.81,1.3489342680588108,658.41,27.06629,750.88,3.17552224503765,2.27054970568104,0.715016154973943,0.219528466253919,0.207214753166224,16.85,1.1541095890411,212.45,3.09468317552804,0,-16.0641,4.11759799833194,1.37608385686463,0.451685660266874,1.30108445697626,0.601283991047423,33.3877563865537,51.0347891166449,14.7976986383577,0.969,3.95608738968062,3.43920674799665,0.832442903389189,0.505112958942417
2002-03-04,0.92,360.18,-1.21,-1.21,239.67,1.3391593820583847,658.41,27.06629,750.88,3.17552224503765,2.27054970568104,0.715016154973943,0.219528466253919,0.207214753166224,16.85,1.1541095890411,212.45,3.09468317552804,0,-16.0641,4.11759799833194,1.37608385686463,0.451685660266874,1.30108445697626,0.601283991047423,33.3877563865537,51.0347891166449,14.7976986383577,0.969,3.95608738968062,3.43920674799665,0.832442903389189,0.505112958942417
2002-03-05,0.09,338.07,-9.2,-9.2,155.23,0.9872634860430427,658.41,27.06629,750.88,3.17552224503765,2.27054970568104,0.715016154973943,0.219528466253919,0.207214753166224,16.85,1.1541095890411,212.45,3.09468317552804,0,-16.0641,4.11759799833194,1.37608385686463,0.451685660266874,1.30108445697626,0.601283991047423,33.3877563865537,51.0347891166449,14.7976986383577,0.969,3.95608738968062,3.43920674799665,0.832442903389189,0.505112958942417
2002-03-06,0.01,450.56,-7.85,-7.85,202.99,1.0947872320477305,658.41,27.06629,750.88,3.17552224503765,2.27054970568104,0.715016154973943,0.219528466253919,0.207214753166224,16.85,1.1541095890411,212.45,3.09468317552804,0,-16.0641,4.11759799833194,1.37608385686463,0.451685660266874,1.30108445697626,0.601283991047423,33.3877563865537,51.0347891166449,14.7976986383577,0.969,3.95608738968062,3.43920674799665,0.832442903389189,0.505112958942417
2002-03-07,0.0,464.08,1.65,1.65,368.61,1.1241118900490092,658.41,27.06629,750.88,3.17552224503765,2.27054970568104,0.715016154973943,0.219528466253919,0.207214753166224,16.85,1.1541095890411,212.45,3.09468317552804,0,-16.0641,4.11759799833194,1.37608385686463,0.451685660266874,1.30108445697626,0.601283991047423,33.3877563865537,51.0347891166449,14.7976986383577,0.969,3.95608738968062,3.43920674799665,0.832442903389189,0.505112958942417
2002-03-08,0.55,320.33,2.63,2.63,482.27,1.029621325378223,658.41,27.06629,750.88,3.17552224503765,2.27054970568104,0.715016154973943,0.219528466253919,0.207214753166224,16.85,1.1541095890411,212.45,3.09468317552804,0,-16.0641,4.11759799833194,1.37608385686463,0.451685660266874,1.30108445697626,0.601283991047423,33.3877563865537,51.0347891166449,14.7976986383577,0.969,3.95608738968062,3.43920674799665,0.832442903389189,0.505112958942417
2002-03-09,2.93,345.16,8.21,8.21,613.65,0.9840051907095674,658.41,27.06629,750.88,3.17552224503765,2.27054970568104,0.715016154973943,0.219528466253919,0.207214753166224,16.85,1.1541095890411,212.45,3.09468317552804,0,-16.0641,4.11759799833194,1.37608385686463,0.451685660266874,1.30108445697626,0.601283991047423,33.3877563865537,51.0347891166449,14.7976986383577,0.969,3.95608738968062,3.43920674799665,0.832442903389189,0.505112958942417
2002-03-10,1.79,374.92,4.56,4.56,340.27,1.4564580140634986,658.41,27.06629,750.88,3.17552224503765,2.27054970568104,0.715016154973943,0.219528466253919,0.207214753166224,16.85,1.1541095890411,212.45,3.09468317552804,0,-16.0641,4.11759799833194,1.37608385686463,0.451685660266874,1.30108445697626,0.601283991047423,33.3877563865537,51.0347891166449,14.7976986383577,0.969,3.95608738968062,3.43920674799665,0.832442903389189,0.505112958942417
2002-03-11,0.28,397.92,-1.95,-1.95,270.41,1.133886776049435,658.41,27.06629,750.88,3.17552224503765,2.27054970568104,0.715016154973943,0.219528466253919,0.207214753166224,16.85,1.1541095890411,212.45,3.09468317552804,0,-16.0641,4.11759799833194,1.37608385686463,0.451685660266874,1.30108445697626,0.601283991047423,33.3877563865537,51.0347891166449,14.7976986383577,0.969,3.95608738968062,3.43920674799665,0.832442903389189,0.505112958942417
2002-03-12,0.04,392.67,-1.74,-1.74,326.97,1.150178252716812,658.41,27.06629,750.88,3.17552224503765,2.27054970568104,0.715016154973943,0.219528466253919,0.207214753166224,16.85,1.1541095890411,212.45,3.09468317552804,0,-16.0641,4.11759799833194,1.37608385686463,0.451685660266874,1.30108445697626,0.601283991047423,33.3877563865537,51.0347891166449,14.7976986383577,0.969,3.95608738968062,3.43920674799665,0.832442903389189,0.505112958942417
2002-03-13,0.01,448.35,2.14,2.14,423.34,1.13062848071596,658.41,27.06629,750.88,3.17552224503765,2.27054970568104,0.715016154973943,0.219528466253919,0.207214753166224,16.85,1.1541095890411,212.45,3.09468317552804,0,-16.0641,4.11759799833194,1.37608385686463,0.451685660266874,1.30108445697626,0.601283991047423,33.3877563865537,51.0347891166449,14.7976986383577,0.969,3.95608738968062,3.43920674799665,0.832442903389189,0.505112958942417
2002-03-14,0.73,384.03,5.66,5.66,524.25,1.065462574046452,658.41,27.06629,750.88,3.17552224503765,2.27054970568104,0.715016154973943,0.219528466253919,0.207214753166224,16.85,1.1541095890411,212.45,3.09468317552804,0,-16.0641,4.11759799833194,1.37608385686463,0.451685660266874,1.30108445697626,0.601283991047423,33.3877563865537,51.0347891166449,14.7976986383577,0.969,3.95608738968062,3.43920674799665,0.832442903389189,0.505112958942417
2002-03-15,4.09,364.19,6.0,6.0,514.05,1.0002966673769442,658.41,27.06629,750.88,3.17552224503765,2.27054970568104,0.715016154973943,0.219528466253919,0.207214753166224,16.85,1.1541095890411,212.45,3.09468317552804,0,-16.0641,4.11759799833194,1.37608385686463,0.451685660266874,1.30108445697626,0.601283991047423,33.3877563865537,51.0347891166449,14.7976986383577,0.969,3.95608738968062,3.43920674799665,0.832442903389189,0.505112958942417
2002-03-16,1.39,416.52,8.45,8.45,480.82,1.2511854080545493,658.41,27.06629,750.88,3.17552224503765,2.27054970568104,0.715016154973943,0.219528466253919,0.207214753166224,16.85,1.1541095890411,212.45,3.09468317552804,0,-16.0641,4.11759799833194,1.37608385686463,0.451685660266874,1.30108445697626,0.601283991047423,33.3877563865537,51.0347891166449,14.7976986383577,0.969,3.95608738968062,3.43920674799665,0.832442903389189,0.505112958942417
2002-03-17,1.02,344.69,-0.56,-0.56,307.55,1.0947872320477305,658.41,27.06629,750.88,3.17552224503765,2.27054970568104,0.715016154973943,0.219528466253919,0.207214753166224,16.85,1.1541095890411,212.45,3.09468317552804,0,-16.0641,4.11759799833194,1.37608385686463,0.451685660266874,1.30108445697626,0.601283991047423,33.3877563865537,51.0347891166449,14.7976986383577,0.969,3.95608738968062,3.43920674799665,0.832442903389189,0.505112958942417
2002-03-18,1.03,306.95,-0.71,-0.71,363.17,1.0622042787129766,658.41,27.06629,750.88,3.17552224503765,2.27054970568104,0.715016154973943,0.219528466253919,0.207214753166224,16.85,1.1541095890411,212.45,3.09468317552804,0,-16.0641,4.11759799833194,1.37608385686463,0.451685660266874,1.30108445697626,0.601283991047423,33.3877563865537,51.0347891166449,14.7976986383577,0.969,3.95608738968062,3.43920674799665,0.832442903389189,0.505112958942417
2002-03-19,3.17,263.45,0.57,0.57,426.92,1.081754050713829,658.41,27.06629,750.88,3.17552224503765,2.27054970568104,0.715016154973943,0.219528466253919,0.207214753166224,16.85,1.1541095890411,212.45,3.09468317552804,0,-16.0641,4.11759799833194,1.37608385686463,0.451685660266874,1.30108445697626,0.601283991047423,33.3877563865537,51.0347891166449,14.7976986383577,0.969,3.95608738968062,3.43920674799665,0.832442903389189,0.505112958942417
2002-03-20,4.13,227.62,0.56,0.56,446.27,1.2935432473897293,658.41,27.06629,750.88,3.17552224503765,2.27054970568104,0.715016154973943,0.219528466253919,0.207214753166224,16.85,1.1541095890411,212.45,3.09468317552804,0,-16.0641,4.11759799833194,1.37608385686463,0.451685660266874,1.30108445697626,0.601283991047423,33.3877563865537,51.0347891166449,14.7976986383577,0.969,3.95608738968062,3.43920674799665,0.832442903389189,0.505112958942417
2002-03-21,1.71,293.98,0.56,0.56,390.92,1.7138633454080545,658.41,27.06629,750.88,3.17552224503765,2.27054970568104,0.715016154973943,0.219528466253919,0.207214753166224,16.85,1.1541095890411,212.45,3.09468317552804,0,-16.0641,4.11759799833194,1.37608385686463,0.451685660266874,1.30108445697626,0.601283991047423,33.3877563865537,51.0347891166449,14.7976986383577,0.969,3.95608738968062,3.43920674799665,0.832442903389189,0.505112958942417
2002-03-22,0.75,402.56,-3.51,-3.51,219.79,1.3326427913914338,658.41,27.06629,750.88,3.17552224503765,2.27054970568104,0.715016154973943,0.219528466253919,0.207214753166224,16.85,1.1541095890411,212.45,3.09468317552804,0,-16.0641,4.11759799833194,1.37608385686463,0.451685660266874,1.30108445697626,0.601283991047423,33.3877563865537,51.0347891166449,14.7976986383577,0.969,3.95608738968062,3.43920674799665,0.832442903389189,0.505112958942417
2002-03-23,0.68,291.71,-6.13,-6.13,223.98,1.3261262007244832,658.41,27.06629,750.88,3.17552224503765,2.27054970568104,0.715016154973943,0.219528466253919,0.207214753166224,16.85,1.1541095890411,212.45,3.09468317552804,0,-16.0641,4.11759799833194,1.37608385686463,0.451685660266874,1.30108445697626,0.601283991047423,33.3877563865537,51.0347891166449,14.7976986383577,0.969,3.95608738968062,3.43920674799665,0.832442903389189,0.505112958942417
2002-03-24,7.15,374.37,-3.5,-3.5,271.08,1.391292107393991,658.41,27.06629,750.88,3.17552224503765,2.27054970568104,0.715016154973943,0.219528466253919,0.207214753166224,16.85,1.1541095890411,212.45,3.09468317552804,0,-16.0641,4.11759799833194,1.37608385686463,0.451685660266874,1.30108445697626,0.601283991047423,33.3877563865537,51.0347891166449,14.7976986383577,0.969,3.95608738968062,3.43920674799665,0.832442903389189,0.505112958942417
2002-03-25,12.75,372.64,-1.56,-1.56,294.35,1.358709154059237,658.41,27.06629,750.88,3.17552224503765,2.27054970568104,0.715016154973943,0.219528466253919,0.207214753166224,16.85,1.1541095890411,212.45,3.09468317552804,0,-16.0641,4.11759799833194,1.37608385686463,0.451685660266874,1.30108445697626,0.601283991047423,33.3877563865537,51.0347891166449,14.7976986383577,0.969,3.95608738968062,3.43920674799665,0.832442903389189,0.505112958942417
2002-03-26,14.8,342.16,-2.84,-2.84,299.72,2.0266596974216915,658.41,27.06629,750.88,3.17552224503765,2.27054970568104,0.715016154973943,0.219528466253919,0.207214753166224,16.85,1.1541095890411,212.45,3.09468317552804,0,-16.0641,4.11759799833194,1.37608385686463,0.451685660266874,1.30108445697626,0.601283991047423,33.3877563865537,51.0347891166449,14.7976986383577,0.969,3.95608738968062,3.43920674799665,0.832442903389189,0.505112958942417
2002-03-27,3.47,302.03,-1.65,-1.65,347.84,4.496447560196037,658.41,27.06629,750.88,3.17552224503765,2.27054970568104,0.715016154973943,0.219528466253919,0.207214753166224,16.85,1.1541095890411,212.45,3.09468317552804,0,-16.0641,4.11759799833194,1.37608385686463,0.451685660266874,1.30108445697626,0.601283991047423,33.3877563865537,51.0347891166449,14.7976986383577,0.969,3.95608738968062,3.43920674799665,0.832442903389189,0.505112958942417
2002-03-28,0.6,393.88,-4.04,-4.04,281.13,3.2420038568080116,658.41,27.06629,750.88,3.17552224503765,2.27054970568104,0.715016154973943,0.219528466253919,0.207214753166224,16.85,1.1541095890411,212.45,3.09468317552804,0,-16.0641,4.11759799833194,1.37608385686463,0.451685660266874,1.30108445697626,0.601283991047423,33.3877563865537,51.0347891166449,14.7976986383577,0.969,3.95608738968062,3.43920674799665,0.832442903389189,0.505112958942417
2002-03-29,1.85,405.87,-0.67,-0.67,354.0,3.779622586831451,658.41,27.06629,750.88,3.17552224503765,2.27054970568104,0.715016154973943,0.219528466253919,0.207214753166224,16.85,1.1541095890411,212.45,3.09468317552804,0,-16.0641,4.11759799833194,1.37608385686463,0.451685660266874,1.30108445697626,0.601283991047423,33.3877563865537,51.0347891166449,14.7976986383577,0.969,3.95608738968062,3.43920674799665,0.832442903389189,0.505112958942417
2002-03-30,0.55,441.76,5.91,5.91,508.24,4.69194528020456,658.41,27.06629,750.88,3.17552224503765,2.27054970568104,0.715016154973943,0.219528466253919,0.207214753166224,16.85,1.1541095890411,212.45,3.09468317552804,0,-16.0641,4.11759799833194,1.37608385686463,0.451685660266874,1.30108445697626,0.601283991047423,33.3877563865537,51.0347891166449,14.7976986383577,0.969,3.95608738968062,3.43920674799665,0.832442903389189,0.505112958942417
2002-03-31,0.88,407.09,4.68,4.68,449.98,3.3234612401448964,658.41,27.06629,750.88,3.17552224503765,2.27054970568104,0.715016154973943,0.219528466253919,0.207214753166224,16.85,1.1541095890411,212.45,3.09468317552804,0,-16.0641,4.11759799833194,1.37608385686463,0.451685660266874,1.30108445697626,0.601283991047423,33.3877563865537,51.0347891166449,14.7976986383577,0.969,3.95608738968062,3.43920674799665,0.832442903389189,0.505112958942417
2002-04-01,1.99,451.47,3.7,3.7,396.39,2.9813402301299803,658.41,27.06629,750.88,3.17552224503765,2.27054970568104,0.715016154973943,0.219528466253919,0.207214753166224,16.85,1.1541095890411,212.45,3.09468317552804,0,-16.0641,4.11759799833194,1.37608385686463,0.451685660266874,1.30108445697626,0.601283991047423,33.3877563865537,51.0347891166449,14.7976986383577,0.969,3.95608738968062,3.43920674799665,0.832442903389189,0.505112958942417
2002-04-02,5.25,390.13,0.48,0.48,371.11,2.5023708161090985,658.41,27.06629,750.88,3.17552224503765,2.27054970568104,0.715016154973943,0.219528466253919,0.207214753166224,16.85,1.1541095890411,212.45,3.09468317552804,0,-16.0641,4.11759799833194,1.37608385686463,0.451685660266874,1.30108445697626,0.601283991047423,33.3877563865537,51.0347891166449,14.7976986383577,0.969,3.95608738968062,3.43920674799665,0.832442903389189,0.505112958942417
2002-04-03,1.34,426.96,4.23,4.23,444.29,3.010664888131259,658.41,27.06629,750.88,3.17552224503765,2.27054970568104,0.715016154973943,0.219528466253919,0.207214753166224,16.85,1.1541095890411,212.45,3.09468317552804,0,-16.0641,4.11759799833194,1.37608385686463,0.451685660266874,1.30108445697626,0.601283991047423,33.3877563865537,51.0347891166449,14.7976986383577,0.969,3.95608738968062,3.43920674799665,0.832442903389189,0.505112958942417
2002-04-04,0.03,417.87,-0.85,-0.85,337.39,2.3590058214361815,658.41,27.06629,750.88,3.17552224503765,2.27054970568104,0.715016154973943,0.219528466253919,0.207214753166224,16.85,1.1541095890411,212.45,3.09468317552804,0,-16.0641,4.11759799833194,1.37608385686463,0.451685660266874,1.30108445697626,0.601283991047423,33.3877563865537,51.0347891166449,14.7976986383577,0.969,3.95608738968062,3.43920674799665,0.832442903389189,0.505112958942417
2002-04-05,0.29,324.98,-2.47,-2.47,318.54,1.9810435627530363,658.41,27.06629,750.88,3.17552224503765,2.27054970568104,0.715016154973943,0.219528466253919,0.207214753166224,16.85,1.1541095890411,212.45,3.09468317552804,0,-16.0641,4.11759799833194,1.37608385686463,0.451685660266874,1.30108445697626,0.601283991047423,33.3877563865537,51.0347891166449,14.7976986383577,0.969,3.95608738968062,3.43920674799665,0.832442903389189,0.505112958942417
2002-04-06,0.09,437.58,-3.55,-3.55,271.36,1.8148705007457913,658.41,27.06629,750.88,3.17552224503765,2.27054970568104,0.715016154973943,0.219528466253919,0.207214753166224,16.85,1.1541095890411,212.45,3.09468317552804,0,-16.0641,4.11759799833194,1.37608385686463,0.451685660266874,1.30108445697626,0.601283991047423,33.3877563865537,51.0347891166449,14.7976986383577,0.969,3.95608738968062,3.43920674799665,0.832442903389189,0.505112958942417
2002-04-07,0.16,428.39,-4.79,-4.79,261.06,1.6063395994033667,658.41,27.06629,750.88,3.17552224503765,2.27054970568104,0.715016154973943,0.219528466253919,0.207214753166224,16.85,1.1541095890411,212.45,3.09468317552804,0,-16.0641,4.11759799833194,1.37608385686463,0.451685660266874,1.30108445697626,0.601283991047423,33.3877563865537,51.0347891166449,14.7976986383577,0.969,3.95608738968062,3.43920674799665,0.832442903389189,0.505112958942417
2002-04-08,0.64,430.54,1.93,1.93,418.79,1.4825243767313019,658.41,27.06629,750.88,3.17552224503765,2.27054970568104,0.715016154973943,0.219528466253919,0.207214753166224,16.85,1.1541095890411,212.45,3.09468317552804,0,-16.0641,4.11759799833194,1.37608385686463,0.451685660266874,1.30108445697626,0.601283991047423,33.3877563865537,51.0347891166449,14.7976986383577,0.969,3.95608738968062,3.43920674799665,0.832442903389189,0.505112958942417
2002-04-09,4.26,418.7,8.23,8.23,587.34,1.619372780737268,658.41,27.06629,750.88,3.17552224503765,2.27054970568104,0.715016154973943,0.219528466253919,0.207214753166224,16.85,1.1541095890411,212.45,3.09468317552804,0,-16.0641,4.11759799833194,1.37608385686463,0.451685660266874,1.30108445697626,0.601283991047423,33.3877563865537,51.0347891166449,14.7976986383577,0.969,3.95608738968062,3.43920674799665,0.832442903389189,0.505112958942417
2002-04-10,1.08,562.21,6.75,6.75,485.77,1.7334131174089067,658.41,27.06629,750.88,3.17552224503765,2.27054970568104,0.715016154973943,0.219528466253919,0.207214753166224,16.85,1.1541095890411,212.45,3.09468317552804,0,-16.0641,4.11759799833194,1.37608385686463,0.451685660266874,1.30108445697626,0.601283991047423,33.3877563865537,51.0347891166449,14.7976986383577,0.969,3.95608738968062,3.43920674799665,0.832442903389189,0.505112958942417
2002-04-11,0.0,561.39,5.73,5.73,481.96,1.3391593820583847,658.41,27.06629,750.88,3.17552224503765,2.27054970568104,0.715016154973943,0.219528466253919,0.207214753166224,16.85,1.1541095890411,212.45,3.09468317552804,0,-16.0641,4.11759799833194,1.37608385686463,0.451685660266874,1.30108445697626,0.601283991047423,33.3877563865537,51.0347891166449,14.7976986383577,0.969,3.95608738968062,3.43920674799665,0.832442903389189,0.505112958942417
2002-04-12,2.19,438.95,9.6,9.6,626.37,1.1925360920519923,658.41,27.06629,750.88,3.17552224503765,2.27054970568104,0.715016154973943,0.219528466253919,0.207214753166224,16.85,1.1541095890411,212.45,3.09468317552804,0,-16.0641,4.11759799833194,1.37608385686463,0.451685660266874,1.30108445697626,0.601283991047423,33.3877563865537,51.0347891166449,14.7976986383577,0.969,3.95608738968062,3.43920674799665,0.832442903389189,0.505112958942417
2002-04-13,14.49,402.92,11.12,11.12,754.32,1.80183731941189,658.41,27.06629,750.88,3.17552224503765,2.27054970568104,0.715016154973943,0.219528466253919,0.207214753166224,16.85,1.1541095890411,212.45,3.09468317552804,0,-16.0641,4.11759799833194,1.37608385686463,0.451685660266874,1.30108445697626,0.601283991047423,33.3877563865537,51.0347891166449,14.7976986383577,0.969,3.95608738968062,3.43920674799665,0.832442903389189,0.505112958942417
2002-04-14,17.43,380.45,10.52,10.52,823.11,4.007703260174727,658.41,27.06629,750.88,3.17552224503765,2.27054970568104,0.715016154973943,0.219528466253919,0.207214753166224,16.85,1.1541095890411,212.45,3.09468317552804,0,-16.0641,4.11759799833194,1.37608385686463,0.451685660266874,1.30108445697626,0.601283991047423,33.3877563865537,51.0347891166449,14.7976986383577,0.969,3.95608738968062,3.43920674799665,0.832442903389189,0.505112958942417
2002-04-15,4.02,408.39,13.6,13.6,964.54,7.005334966972085,658.41,27.06629,750.88,3.17552224503765,2.27054970568104,0.715016154973943,0.219528466253919,0.207214753166224,16.85,1.1541095890411,212.45,3.09468317552804,0,-16.0641,4.11759799833194,1.37608385686463,0.451685660266874,1.30108445697626,0.601283991047423,33.3877563865537,51.0347891166449,14.7976986383577,0.969,3.95608738968062,3.43920674799665,0.832442903389189,0.505112958942417
2002-04-16,0.1,520.35,15.76,15.76,1051.6,3.8122055401662047,658.41,27.06629,750.88,3.17552224503765,2.27054970568104,0.715016154973943,0.219528466253919,0.207214753166224,16.85,1.1541095890411,212.45,3.09468317552804,0,-16.0641,4.11759799833194,1.37608385686463,0.451685660266874,1.30108445697626,0.601283991047423,33.3877563865537,51.0347891166449,14.7976986383577,0.969,3.95608738968062,3.43920674799665,0.832442903389189,0.505112958942417
2002-04-17,0.0,550.49,18.57,18.57,1110.91,3.0074065927977838,658.41,27.06629,750.88,3.17552224503765,2.27054970568104,0.715016154973943,0.219528466253919,0.207214753166224,16.85,1.1541095890411,212.45,3.09468317552804,0,-16.0641,4.11759799833194,1.37608385686463,0.451685660266874,1.30108445697626,0.601283991047423,33.3877563865537,51.0347891166449,14.7976986383577,0.969,3.95608738968062,3.43920674799665,0.832442903389189,0.505112958942417
2002-04-18,0.41,465.97,19.72,19.72,1189.39,2.489337634775197,658.41,27.06629,750.88,3.17552224503765,2.27054970568104,0.715016154973943,0.219528466253919,0.207214753166224,16.85,1.1541095890411,212.45,3.09468317552804,0,-16.0641,4.11759799833194,1.37608385686463,0.451685660266874,1.30108445697626,0.601283991047423,33.3877563865537,51.0347891166449,14.7976986383577,0.969,3.95608738968062,3.43920674799665,0.832442903389189,0.505112958942417
2002-04-19,1.38,404.13,19.21,19.21,1151.99,2.1244085574259532,658.41,27.06629,750.88,3.17552224503765,2.27054970568104,0.715016154973943,0.219528466253919,0.207214753166224,16.85,1.1541095890411,212.45,3.09468317552804,0,-16.0641,4.11759799833194,1.37608385686463,0.451685660266874,1.30108445697626,0.601283991047423,33.3877563865537,51.0347891166449,14.7976986383577,0.969,3.95608738968062,3.43920674799665,0.832442903389189,0.505112958942417
2002-04-20,1.6,433.01,14.03,14.03,727.15,1.951718904751758,658.41,27.06629,750.88,3.17552224503765,2.27054970568104,0.715016154973943,0.219528466253919,0.207214753166224,16.85,1.1541095890411,212.45,3.09468317552804,0,-16.0641,4.11759799833194,1.37608385686463,0.451685660266874,1.30108445697626,0.601283991047423,33.3877563865537,51.0347891166449,14.7976986383577,0.969,3.95608738968062,3.43920674799665,0.832442903389189,0.505112958942417
2002-04-21,3.27,404.08,6.49,6.49,507.75,1.71712164074153,658.41,27.06629,750.88,3.17552224503765,2.27054970568104,0.715016154973943,0.219528466253919,0.207214753166224,16.85,1.1541095890411,212.45,3.09468317552804,0,-16.0641,4.11759799833194,1.37608385686463,0.451685660266874,1.30108445697626,0.601283991047423,33.3877563865537,51.0347891166449,14.7976986383577,0.969,3.95608738968062,3.43920674799665,0.832442903389189,0.505112958942417
2002-04-22,1.3,275.92,1.2,1.2,437.96,1.6324059620711697,658.41,27.06629,750.88,3.17552224503765,2.27054970568104,0.715016154973943,0.219528466253919,0.207214753166224,16.85,1.1541095890411,212.45,3.09468317552804,0,-16.0641,4.11759799833194,1.37608385686463,0.451685660266874,1.30108445697626,0.601283991047423,33.3877563865537,51.0347891166449,14.7976986383577,0.969,3.95608738968062,3.43920674799665,0.832442903389189,0.505112958942417
2002-04-23,0.6,340.05,-0.61,-0.61,389.06,1.4564580140634986,658.41,27.06629,750.88,3.17552224503765,2.27054970568104,0.715016154973943,0.219528466253919,0.207214753166224,16.85,1.1541095890411,212.45,3.09468317552804,0,-16.0641,4.11759799833194,1.37608385686463,0.451685660266874,1.30108445697626,0.601283991047423,33.3877563865537,51.0347891166449,14.7976986383577,0.969,3.95608738968062,3.43920674799665,0.832442903389189,0.505112958942417
2002-04-24,1.83,404.25,1.5,1.5,447.61,1.2186024547197953,658.41,27.06629,750.88,3.17552224503765,2.27054970568104,0.715016154973943,0.219528466253919,0.207214753166224,16.85,1.1541095890411,212.45,3.09468317552804,0,-16.0641,4.11759799833194,1.37608385686463,0.451685660266874,1.30108445697626,0.601283991047423,33.3877563865537,51.0347891166449,14.7976986383577,0.969,3.95608738968062,3.43920674799665,0.832442903389189,0.505112958942417
2002-04-25,2.08,401.6,7.63,7.63,586.89,1.1697280247176645,658.41,27.06629,750.88,3.17552224503765,2.27054970568104,0.715016154973943,0.219528466253919,0.207214753166224,16.85,1.1541095890411,212.45,3.09468317552804,0,-16.0641,4.11759799833194,1.37608385686463,0.451685660266874,1.30108445697626,0.601283991047423,33.3877563865537,51.0347891166449,14.7976986383577,0.969,3.95608738968062,3.43920674799665,0.832442903389189,0.505112958942417
2002-04-26,1.99,460.41,2.49,2.49,391.29,1.1241118900490092,658.41,27.06629,750.88,3.17552224503765,2.27054970568104,0.715016154973943,0.219528466253919,0.207214753166224,16.85,1.1541095890411,212.45,3.09468317552804,0,-16.0641,4.11759799833194,1.37608385686463,0.451685660266874,1.30108445697626,0.601283991047423,33.3877563865537,51.0347891166449,14.7976986383577,0.969,3.95608738968062,3.43920674799665,0.832442903389189,0.505112958942417
2002-04-27,10.32,455.87,1.82,1.82,381.53,0.9579388280417642,658.41,27.06629,750.88,3.17552224503765,2.27054970568104,0.715016154973943,0.219528466253919,0.207214753166224,16.85,1.1541095890411,212.45,3.09468317552804,0,-16.0641,4.11759799833194,1.37608385686463,0.451685660266874,1.30108445697626,0.601283991047423,33.3877563865537,51.0347891166449,14.7976986383577,0.969,3.95608738968062,3.43920674799665,0.832442903389189,0.505112958942417
2002-04-28,15.42,400.91,5.61,5.61,541.84,2.280806733432772,658.41,27.06629,750.88,3.17552224503765,2.27054970568104,0.715016154973943,0.219528466253919,0.207214753166224,16.85,1.1541095890411,212.45,3.09468317552804,0,-16.0641,4.11759799833194,1.37608385686463,0.451685660266874,1.30108445697626,0.601283991047423,33.3877563865537,51.0347891166449,14.7976986383577,0.969,3.95608738968062,3.43920674799665,0.832442903389189,0.505112958942417
2002-04-29,4.77,452.57,7.32,7.32,529.1,3.5841248668229277,658.41,27.06629,750.88,3.17552224503765,2.27054970568104,0.715016154973943,0.219528466253919,0.207214753166224,16.85,1.1541095890411,212.45,3.09468317552804,0,-16.0641,4.11759799833194,1.37608385686463,0.451685660266874,1.30108445697626,0.601283991047423,33.3877563865537,51.0347891166449,14.7976986383577,0.969,3.95608738968062,3.43920674799665,0.832442903389189,0.505112958942417
2002-04-30,1.43,308.19,2.36,2.36,456.73,2.365522412103132,658.41,27.06629,750.88,3.17552224503765,2.27054970568104,0.715016154973943,0.219528466253919,0.207214753166224,16.85,1.1541095890411,212.45,3.09468317552804,0,-16.0641,4.11759799833194,1.37608385686463,0.451685660266874,1.30108445697626,0.601283991047423,33.3877563865537,51.0347891166449,14.7976986383577,0.969,3.95608738968062,3.43920674799665,0.832442903389189,0.505112958942417
2002-05-01,6.51,451.63,4.41,4.41,497.74,2.0527260600894945,658.41,27.06629,750.88,3.17552224503765,2.27054970568104,0.715016154973943,0.219528466253919,0.207214753166224,16.85,1.1541095890411,212.45,3.09468317552804,0,-16.0641,4.11759799833194,1.37608385686463,0.451685660266874,1.30108445697626,0.601283991047423,33.3877563865537,51.0347891166449,14.7976986383577,0.969,3.95608738968062,3.43920674799665,0.832442903389189,0.505112958942417
2002-05-02,1.89,481.74,8.88,8.88,591.93,2.5870864947794585,658.41,27.06629,750.88,3.17552224503765,2.27054970568104,0.715016154973943,0.219528466253919,0.207214753166224,16.85,1.1541095890411,212.45,3.09468317552804,0,-16.0641,4.11759799833194,1.37608385686463,0.451685660266874,1.30108445697626,0.601283991047423,33.3877563865537,51.0347891166449,14.7976986383577,0.969,3.95608738968062,3.43920674799665,0.832442903389189,0.505112958942417
2002-05-03,0.12,505.88,8.61,8.61,500.98,2.0755341274238224,658.41,27.06629,750.88,3.17552224503765,2.27054970568104,0.715016154973943,0.219528466253919,0.207214753166224,16.85,1.1541095890411,212.45,3.09468317552804,0,-16.0641,4.11759799833194,1.37608385686463,0.451685660266874,1.30108445697626,0.601283991047423,33.3877563865537,51.0347891166449,14.7976986383577,0.969,3.95608738968062,3.43920674799665,0.832442903389189,0.505112958942417
2002-05-04,0.01,523.99,4.1,4.1,443.43,1.7203799360750052,658.41,27.06629,750.88,3.17552224503765,2.27054970568104,0.715016154973943,0.219528466253919,0.207214753166224,16.85,1.1541095890411,212.45,3.09468317552804,0,-16.0641,4.11759799833194,1.37608385686463,0.451685660266874,1.30108445697626,0.601283991047423,33.3877563865537,51.0347891166449,14.7976986383577,0.969,3.95608738968062,3.43920674799665,0.832442903389189,0.505112958942417
2002-05-05,0.48,496.25,7.44,7.44,559.55,1.5379153974003834,658.41,27.06629,750.88,3.17552224503765,2.27054970568104,0.715016154973943,0.219528466253919,0.207214753166224,16.85,1.1541095890411,212.45,3.09468317552804,0,-16.0641,4.11759799833194,1.37608385686463,0.451685660266874,1.30108445697626,0.601283991047423,33.3877563865537,51.0347891166449,14.7976986383577,0.969,3.95608738968062,3.43920674799665,0.832442903389189,0.505112958942417
2002-05-06,1.62,434.02,12.53,12.53,789.14,1.3717423353931386,658.41,27.06629,750.88,3.17552224503765,2.27054970568104,0.715016154973943,0.219528466253919,0.207214753166224,16.85,1.1541095890411,212.45,3.09468317552804,0,-16.0641,4.11759799833194,1.37608385686463,0.451685660266874,1.30108445697626,0.601283991047423,33.3877563865537,51.0347891166449,14.7976986383577,0.969,3.95608738968062,3.43920674799665,0.832442903389189,0.505112958942417
2002-05-07,2.05,372.69,15.3,15.3,986.43,1.3228679053910077,658.41,27.06629,750.88,3.17552224503765,2.27054970568104,0.715016154973943,0.219528466253919,0.207214753166224,16.85,1.1541095890411,212.45,3.09468317552804,0,-16.0641,4.11759799833194,1.37608385686463,0.451685660266874,1.30108445697626,0.601283991047423,33.3877563865537,51.0347891166449,14.7976986383577,0.969,3.95608738968062,3.43920674799665,0.832442903389189,0.505112958942417
2002-05-08,6.24,422.4,13.04,13.04,817.38,1.1795029107180908,658.41,27.06629,750.88,3.17552224503765,2.27054970568104,0.715016154973943,0.219528466253919,0.207214753166224,16.85,1.1541095890411,212.45,3.09468317552804,0,-16.0641,4.11759799833194,1.37608385686463,0.451685660266874,1.30108445697626,0.601283991047423,33.3877563865537,51.0347891166449,14.7976986383577,0.969,3.95608738968062,3.43920674799665,0.832442903389189,0.505112958942417
2002-05-09,6.04,349.23,10.78,10.78,775.01,1.5053324440656295,658.41,27.06629,750.88,3.17552224503765,2.27054970568104,0.715016154973943,0.219528466253919,0.207214753166224,16.85,1.1541095890411,212.45,3.09468317552804,0,-16.0641,4.11759799833194,1.37608385686463,0.451685660266874,1.30108445697626,0.601283991047423,33.3877563865537,51.0347891166449,14.7976986383577,0.969,3.95608738968062,3.43920674799665,0.832442903389189,0.505112958942417
2002-05-10,1.48,397.39,8.6,8.6,657.98,1.5770149414020882,658.41,27.06629,750.88,3.17552224503765,2.27054970568104,0.715016154973943,0.219528466253919,0.207214753166224,16.85,1.1541095890411,212.45,3.09468317552804,0,-16.0641,4.11759799833194,1.37608385686463,0.451685660266874,1.30108445697626,0.601283991047423,33.3877563865537,51.0347891166449,14.7976986383577,0.969,3.95608738968062,3.43920674799665,0.832442903389189,0.505112958942417
2002-05-11,4.34,432.18,6.58,6.58,550.77,1.1208535947155336,658.41,27.06629,750.88,3.17552224503765,2.27054970568104,0.715016154973943,0.219528466253919,0.207214753166224,16.85,1.1541095890411,212.45,3.09468317552804,0,-16.0641,4.11759799833194,1.37608385686463,0.451685660266874,1.30108445697626,0.601283991047423,33.3877563865537,51.0347891166449,14.7976986383577,0.969,3.95608738968062,3.43920674799665,0.832442903389189,0.505112958942417
2002-05-12,19.08,374.54,8.96,8.96,699.85,2.3524892307692307,658.41,27.06629,750.88,3.17552224503765,2.27054970568104,0.715016154973943,0.219528466253919,0.207214753166224,16.85,1.1541095890411,212.45,3.09468317552804,0,-16.0641,4.11759799833194,1.37608385686463,0.451685660266874,1.30108445697626,0.601283991047423,33.3877563865537,51.0347891166449,14.7976986383577,0.969,3.95608738968062,3.43920674799665,0.832442903389189,0.505112958942417
2002-05-13,15.79,348.25,9.1,9.1,735.34,4.854860046878329,658.41,27.06629,750.88,3.17552224503765,2.27054970568104,0.715016154973943,0.219528466253919,0.207214753166224,16.85,1.1541095890411,212.45,3.09468317552804,0,-16.0641,4.11759799833194,1.37608385686463,0.451685660266874,1.30108445697626,0.601283991047423,33.3877563865537,51.0347891166449,14.7976986383577,0.969,3.95608738968062,3.43920674799665,0.832442903389189,0.505112958942417
2002-05-14,5.97,267.28,5.74,5.74,648.21,7.363747453654378,658.41,27.06629,750.88,3.17552224503765,2.27054970568104,0.715016154973943,0.219528466253919,0.207214753166224,16.85,1.1541095890411,212.45,3.09468317552804,0,-16.0641,4.11759799833194,1.37608385686463,0.451685660266874,1.30108445697626,0.601283991047423,33.3877563865537,51.0347891166449,14.7976986383577,0.969,3.95608738968062,3.43920674799665,0.832442903389189,0.505112958942417
2002-05-15,1.95,326.3,4.75,4.75,632.55,4.7245282335393135,658.41,27.06629,750.88,3.17552224503765,2.27054970568104,0.715016154973943,0.219528466253919,0.207214753166224,16.85,1.1541095890411,212.45,3.09468317552804,0,-16.0641,4.11759799833194,1.37608385686463,0.451685660266874,1.30108445697626,0.601283991047423,33.3877563865537,51.0347891166449,14.7976986383577,0.969,3.95608738968062,3.43920674799665,0.832442903389189,0.505112958942417
2002-05-16,6.09,420.47,9.46,9.46,697.73,3.421210100149158,658.41,27.06629,750.88,3.17552224503765,2.27054970568104,0.715016154973943,0.219528466253919,0.207214753166224,16.85,1.1541095890411,212.45,3.09468317552804,0,-16.0641,4.11759799833194,1.37608385686463,0.451685660266874,1.30108445697626,0.601283991047423,33.3877563865537,51.0347891166449,14.7976986383577,0.969,3.95608738968062,3.43920674799665,0.832442903389189,0.505112958942417
2002-05-17,11.5,434.87,10.97,10.97,649.72,3.3886271468144042,658.41,27.06629,750.88,3.17552224503765,2.27054970568104,0.715016154973943,0.219528466253919,0.207214753166224,16.85,1.1541095890411,212.45,3.09468317552804,0,-16.0641,4.11759799833194,1.37608385686463,0.451685660266874,1.30108445697626,0.601283991047423,33.3877563865537,51.0347891166449,14.7976986383577,0.969,3.95608738968062,3.43920674799665,0.832442903389189,0.505112958942417
2002-05-18,4.14,403.0,6.45,6.45,541.27,5.604267973577668,658.41,27.06629,750.88,3.17552224503765,2.27054970568104,0.715016154973943,0.219528466253919,0.207214753166224,16.85,1.1541095890411,212.45,3.09468317552804,0,-16.0641,4.11759799833194,1.37608385686463,0.451685660266874,1.30108445697626,0.601283991047423,33.3877563865537,51.0347891166449,14.7976986383577,0.969,3.95608738968062,3.43920674799665,0.832442903389189,0.505112958942417
2002-05-19,0.65,364.72,3.4,3.4,489.16,4.138035073513744,658.41,27.06629,750.88,3.17552224503765,2.27054970568104,0.715016154973943,0.219528466253919,0.207214753166224,16.85,1.1541095890411,212.45,3.09468317552804,0,-16.0641,4.11759799833194,1.37608385686463,0.451685660266874,1.30108445697626,0.601283991047423,33.3877563865537,51.0347891166449,14.7976986383577,0.969,3.95608738968062,3.43920674799665,0.832442903389189,0.505112958942417
2002-05-20,0.2,352.35,1.96,1.96,452.78,3.196387722139356,658.41,27.06629,750.88,3.17552224503765,2.27054970568104,0.715016154973943,0.219528466253919,0.207214753166224,16.85,1.1541095890411,212.45,3.09468317552804,0,-16.0641,4.11759799833194,1.37608385686463,0.451685660266874,1.30108445697626,0.601283991047423,33.3877563865537,51.0347891166449,14.7976986383577,0.969,3.95608738968062,3.43920674799665,0.832442903389189,0.505112958942417
2002-05-21,0.04,516.99,2.14,2.14,426.85,2.7434846707862772,658.41,27.06629,750.88,3.17552224503765,2.27054970568104,0.715016154973943,0.219528466253919,0.207214753166224,16.85,1.1541095890411,212.45,3.09468317552804,0,-16.0641,4.11759799833194,1.37608385686463,0.451685660266874,1.30108445697626,0.601283991047423,33.3877563865537,51.0347891166449,14.7976986383577,0.969,3.95608738968062,3.43920674799665,0.832442903389189,0.505112958942417
2002-05-22,0.0,554.4,3.79,3.79,473.73,2.300356505433624,658.41,27.06629,750.88,3.17552224503765,2.27054970568104,0.715016154973943,0.219528466253919,0.207214753166224,16.85,1.1541095890411,212.45,3.09468317552804,0,-16.0641,4.11759799833194,1.37608385686463,0.451685660266874,1.30108445697626,0.601283991047423,33.3877563865537,51.0347891166449,14.7976986383577,0.969,3.95608738968062,3.43920674799665,0.832442903389189,0.505112958942417
2002-05-23,0.37,486.11,7.74,7.74,647.96,1.9484606094182824,658.41,27.06629,750.88,3.17552224503765,2.27054970568104,0.715016154973943,0.219528466253919,0.207214753166224,16.85,1.1541095890411,212.45,3.09468317552804,0,-16.0641,4.11759799833194,1.37608385686463,0.451685660266874,1.30108445697626,0.601283991047423,33.3877563865537,51.0347891166449,14.7976986383577,0.969,3.95608738968062,3.43920674799665,0.832442903389189,0.505112958942417
2002-05-24,1.66,391.39,13.64,13.64,889.89,1.6877969827402515,658.41,27.06629,750.88,3.17552224503765,2.27054970568104,0.715016154973943,0.219528466253919,0.207214753166224,16.85,1.1541095890411,212.45,3.09468317552804,0,-16.0641,4.11759799833194,1.37608385686463,0.451685660266874,1.30108445697626,0.601283991047423,33.3877563865537,51.0347891166449,14.7976986383577,0.969,3.95608738968062,3.43920674799665,0.832442903389189,0.505112958942417
2002-05-25,7.44,436.22,9.95,9.95,677.75,1.5020741487321543,658.41,27.06629,750.88,3.17552224503765,2.27054970568104,0.715016154973943,0.219528466253919,0.207214753166224,16.85,1.1541095890411,212.45,3.09468317552804,0,-16.0641,4.11759799833194,1.37608385686463,0.451685660266874,1.30108445697626,0.601283991047423,33.3877563865537,51.0347891166449,14.7976986383577,0.969,3.95608738968062,3.43920674799665,0.832442903389189,0.505112958942417
2002-05-26,2.0,510.37,11.18,11.18,737.46,1.8083539100788406,658.41,27.06629,750.88,3.17552224503765,2.27054970568104,0.715016154973943,0.219528466253919,0.207214753166224,16.85,1.1541095890411,212.45,3.09468317552804,0,-16.0641,4.11759799833194,1.37608385686463,0.451685660266874,1.30108445697626,0.601283991047423,33.3877563865537,51.0347891166449,14.7976986383577,0.969,3.95608738968062,3.43920674799665,0.832442903389189,0.505112958942417
2002-05-27,0.04,551.95,11.45,11.45,786.29,1.3196096100575323,658.41,27.06629,750.88,3.17552224503765,2.27054970568104,0.715016154973943,0.219528466253919,0.207214753166224,16.85,1.1541095890411,212.45,3.09468317552804,0,-16.0641,4.11759799833194,1.37608385686463,0.451685660266874,1.30108445697626,0.601283991047423,33.3877563865537,51.0347891166449,14.7976986383577,0.969,3.95608738968062,3.43920674799665,0.832442903389189,0.505112958942417
2002-05-28,4.03,424.45,14.84,14.84,984.26,1.1045621180481566,658.41,27.06629,750.88,3.17552224503765,2.27054970568104,0.715016154973943,0.219528466253919,0.207214753166224,16.85,1.1541095890411,212.45,3.09468317552804,0,-16.0641,4.11759799833194,1.37608385686463,0.451685660266874,1.30108445697626,0.601283991047423,33.3877563865537,51.0347891166449,14.7976986383577,0.969,3.95608738968062,3.43920674799665,0.832442903389189,0.505112958942417
2002-05-29,9.14,395.55,17.48,17.48,1241.16,1.049171097379075,658.41,27.06629,750.88,3.17552224503765,2.27054970568104,0.715016154973943,0.219528466253919,0.207214753166224,16.85,1.1541095890411,212.45,3.09468317552804,0,-16.0641,4.11759799833194,1.37608385686463,0.451685660266874,1.30108445697626,0.601283991047423,33.3877563865537,51.0347891166449,14.7976986383577,0.969,3.95608738968062,3.43920674799665,0.832442903389189,0.505112958942417
2002-05-30,3.13,338.3,18.8,18.8,1451.71,1.6649889154059236,658.41,27.06629,750.88,3.17552224503765,2.27054970568104,0.715016154973943,0.219528466253919,0.207214753166224,16.85,1.1541095890411,212.45,3.09468317552804,0,-16.0641,4.11759799833194,1.37608385686463,0.451685660266874,1.30108445697626,0.601283991047423,33.3877563865537,51.0347891166449,14.7976986383577,0.969,3.95608738968062,3.43920674799665,0.832442903389189,0.505112958942417
2002-05-31,2.75,357.46,19.28,19.28,1391.79,1.241410522054123,658.41,27.06629,750.88,3.17552224503765,2.27054970568104,0.715016154973943,0.219528466253919,0.207214753166224,16.85,1.1541095890411,212.45,3.09468317552804,0,-16.0641,4.11759799833194,1.37608385686463,0.451685660266874,1.30108445697626,0.601283991047423,33.3877563865537,51.0347891166449,14.7976986383577,0.969,3.95608738968062,3.43920674799665,0.832442903389189,0.505112958942417
2002-06-01,0.74,512.76,16.79,16.79,1057.77,1.0263630300447473,658.41,27.06629,750.88,3.17552224503765,2.27054970568104,0.715016154973943,0.219528466253919,0.207214753166224,16.85,1.1541095890411,212.45,3.09468317552804,0,-16.0641,4.11759799833194,1.37608385686463,0.451685660266874,1.30108445697626,0.601283991047423,33.3877563865537,51.0347891166449,14.7976986383577,0.969,3.95608738968062,3.43920674799665,0.832442903389189,0.505112958942417
2002-06-02,0.02,561.25,16.9,16.9,940.83,0.8145738333688473,658.41,27.06629,750.88,3.17552224503765,2.27054970568104,0.715016154973943,0.219528466253919,0.207214753166224,16.85,1.1541095890411,212.45,3.09468317552804,0,-16.0641,4.11759799833194,1.37608385686463,0.451685660266874,1.30108445697626,0.601283991047423,33.3877563865537,51.0347891166449,14.7976986383577,0.969,3.95608738968062,3.43920674799665,0.832442903389189,0.505112958942417
2002-06-03,0.0,583.55,10.0,10.0,674.52,0.6972752013637332,658.41,27.06629,750.88,3.17552224503765,2.27054970568104,0.715016154973943,0.219528466253919,0.207214753166224,16.85,1.1541095890411,212.45,3.09468317552804,0,-16.0641,4.11759799833194,1.37608385686463,0.451685660266874,1.30108445697626,0.601283991047423,33.3877563865537,51.0347891166449,14.7976986383577,0.969,3.95608738968062,3.43920674799665,0.832442903389189,0.505112958942417
2002-06-04,21.79,402.48,11.76,11.76,895.45,0.6777254293628808,658.41,27.06629,750.88,3.17552224503765,2.27054970568104,0.715016154973943,0.219528466253919,0.207214753166224,16.85,1.1541095890411,212.45,3.09468317552804,0,-16.0641,4.11759799833194,1.37608385686463,0.451685660266874,1.30108445697626,0.601283991047423,33.3877563865537,51.0347891166449,14.7976986383577,0.969,3.95608738968062,3.43920674799665,0.832442903389189,0.505112958942417
2002-06-05,31.48,412.06,16.85,16.85,1156.68,8.145738333688472,658.41,27.06629,750.88,3.17552224503765,2.27054970568104,0.715016154973943,0.219528466253919,0.207214753166224,16.85,1.1541095890411,212.45,3.09468317552804,0,-16.0641,4.11759799833194,1.37608385686463,0.451685660266874,1.30108445697626,0.601283991047423,33.3877563865537,51.0347891166449,14.7976986383577,0.969,3.95608738968062,3.43920674799665,0.832442903389189,0.505112958942417
2002-06-06,11.18,414.81,18.22,18.22,1118.19,14.890409673982527,658.41,27.06629,750.88,3.17552224503765,2.27054970568104,0.715016154973943,0.219528466253919,0.207214753166224,16.85,1.1541095890411,212.45,3.09468317552804,0,-16.0641,4.11759799833194,1.37608385686463,0.451685660266874,1.30108445697626,0.601283991047423,33.3877563865537,51.0347891166449,14.7976986383577,0.969,3.95608738968062,3.43920674799665,0.832442903389189,0.505112958942417
2002-06-07,1.16,468.07,10.47,10.47,843.04,7.819908800340933,658.41,27.06629,750.88,3.17552224503765,2.27054970568104,0.715016154973943,0.219528466253919,0.207214753166224,16.85,1.1541095890411,212.45,3.09468317552804,0,-16.0641,4.11759799833194,1.37608385686463,0.451685660266874,1.30108445697626,0.601283991047423,33.3877563865537,51.0347891166449,14.7976986383577,0.969,3.95608738968062,3.43920674799665,0.832442903389189,0.505112958942417
2002-06-08,0.0,566.54,14.72,14.72,991.96,4.268366886852759,658.41,27.06629,750.88,3.17552224503765,2.27054970568104,0.715016154973943,0.219528466253919,0.207214753166224,16.85,1.1541095890411,212.45,3.09468317552804,0,-16.0641,4.11759799833194,1.37608385686463,0.451685660266874,1.30108445697626,0.601283991047423,33.3877563865537,51.0347891166449,14.7976986383577,0.969,3.95608738968062,3.43920674799665,0.832442903389189,0.505112958942417
2002-06-09,0.0,555.65,17.53,17.53,1128.71,3.0139231834647346,658.41,27.06629,750.88,3.17552224503765,2.27054970568104,0.715016154973943,0.219528466253919,0.207214753166224,16.85,1.1541095890411,212.45,3.09468317552804,0,-16.0641,4.11759799833194,1.37608385686463,0.451685660266874,1.30108445697626,0.601283991047423,33.3877563865537,51.0347891166449,14.7976986383577,0.969,3.95608738968062,3.43920674799665,0.832442903389189,0.505112958942417
2002-06-10,0.0,550.23,18.27,18.27,1222.72,2.271031847432346,658.41,27.06629,750.88,3.17552224503765,2.27054970568104,0.715016154973943,0.219528466253919,0.207214753166224,16.85,1.1541095890411,212.45,3.09468317552804,0,-16.0641,4.11759799833194,1.37608385686463,0.451685660266874,1.30108445697626,0.601283991047423,33.3877563865537,51.0347891166449,14.7976986383577,0.969,3.95608738968062,3.43920674799665,0.832442903389189,0.505112958942417
2002-06-11,0.0,535.78,20.13,20.13,1386.76,1.8083539100788406,658.41,27.06629,750.88,3.17552224503765,2.27054970568104,0.715016154973943,0.219528466253919,0.207214753166224,16.85,1.1541095890411,212.45,3.09468317552804,0,-16.0641,4.11759799833194,1.37608385686463,0.451685660266874,1.30108445697626,0.601283991047423,33.3877563865537,51.0347891166449,14.7976986383577,0.969,3.95608738968062,3.43920674799665,0.832442903389189,0.505112958942417
2002-06-12,1.36,399.05,20.76,20.76,1442.49,1.4922992627317277,658.41,27.06629,750.88,3.17552224503765,2.27054970568104,0.715016154973943,0.219528466253919,0.207214753166224,16.85,1.1541095890411,212.45,3.09468317552804,0,-16.0641,4.11759799833194,1.37608385686463,0.451685660266874,1.30108445697626,0.601283991047423,33.3877563865537,51.0347891166449,14.7976986383577,0.969,3.95608738968062,3.43920674799665,0.832442903389189,0.505112958942417
2002-06-13,7.36,317.06,17.43,17.43,1355.68,1.316351314724057,658.41,27.06629,750.88,3.17552224503765,2.27054970568104,0.715016154973943,0.219528466253919,0.207214753166224,16.85,1.1541095890411,212.45,3.09468317552804,0,-16.0641,4.11759799833194,1.37608385686463,0.451685660266874,1.30108445697626,0.601283991047423,33.3877563865537,51.0347891166449,14.7976986383577,0.969,3.95608738968062,3.43920674799665,0.832442903389189,0.505112958942417
2002-06-14,21.94,299.16,16.43,16.43,1316.17,3.255037038141913,658.41,27.06629,750.88,3.17552224503765,2.27054970568104,0.715016154973943,0.219528466253919,0.207214753166224,16.85,1.1541095890411,212.45,3.09468317552804,0,-16.0641,4.11759799833194,1.37608385686463,0.451685660266874,1.30108445697626,0.601283991047423,33.3877563865537,51.0347891166449,14.7976986383577,0.969,3.95608738968062,3.43920674799665,0.832442903389189,0.505112958942417
2002-06-15,13.09,295.33,14.13,14.13,1134.83,5.669433880247176,658.41,27.06629,750.88,3.17552224503765,2.27054970568104,0.715016154973943,0.219528466253919,0.207214753166224,16.85,1.1541095890411,212.45,3.09468317552804,0,-16.0641,4.11759799833194,1.37608385686463,0.451685660266874,1.30108445697626,0.601283991047423,33.3877563865537,51.0347891166449,14.7976986383577,0.969,3.95608738968062,3.43920674799665,0.832442903389189,0.505112958942417
2002-06-16,5.42,345.62,11.57,11.57,930.67,4.170618026848498,658.41,27.06629,750.88,3.17552224503765,2.27054970568104,0.715016154973943,0.219528466253919,0.207214753166224,16.85,1.1541095890411,212.45,3.09468317552804,0,-16.0641,4.11759799833194,1.37608385686463,0.451685660266874,1.30108445697626,0.601283991047423,33.3877563865537,51.0347891166449,14.7976986383577,0.969,3.95608738968062,3.43920674799665,0.832442903389189,0.505112958942417
2002-06-17,1.64,413.56,11.01,11.01,829.0,3.134480110803324,658.41,27.06629,750.88,3.17552224503765,2.27054970568104,0.715016154973943,0.219528466253919,0.207214753166224,16.85,1.1541095890411,212.45,3.09468317552804,0,-16.0641,4.11759799833194,1.37608385686463,0.451685660266874,1.30108445697626,0.601283991047423,33.3877563865537,51.0347891166449,14.7976986383577,0.969,3.95608738968062,3.43920674799665,0.832442903389189,0.505112958942417
2002-06-18,0.2,566.57,13.09,13.09,885.71,2.339456049435329,658.41,27.06629,750.88,3.17552224503765,2.27054970568104,0.715016154973943,0.219528466253919,0.207214753166224,16.85,1.1541095890411,212.45,3.09468317552804,0,-16.0641,4.11759799833194,1.37608385686463,0.451685660266874,1.30108445697626,0.601283991047423,33.3877563865537,51.0347891166449,14.7976986383577,0.969,3.95608738968062,3.43920674799665,0.832442903389189,0.505112958942417
2002-06-19,0.0,562.76,15.59,15.59,1012.74,1.8800364074152993,658.41,27.06629,750.88,3.17552224503765,2.27054970568104,0.715016154973943,0.219528466253919,0.207214753166224,16.85,1.1541095890411,212.45,3.09468317552804,0,-16.0641,4.11759799833194,1.37608385686463,0.451685660266874,1.30108445697626,0.601283991047423,33.3877563865537,51.0347891166449,14.7976986383577,0.969,3.95608738968062,3.43920674799665,0.832442903389189,0.505112958942417
2002-06-20,0.0,562.76,17.45,17.45,1116.28,1.5379153974003834,658.41,27.06629,750.88,3.17552224503765,2.27054970568104,0.715016154973943,0.219528466253919,0.207214753166224,16.85,1.1541095890411,212.45,3.09468317552804,0,-16.0641,4.11759799833194,1.37608385686463,0.451685660266874,1.30108445697626,0.601283991047423,33.3877563865537,51.0347891166449,14.7976986383577,0.969,3.95608738968062,3.43920674799665,0.832442903389189,0.505112958942417
2002-06-21,0.0,557.56,18.99,18.99,1268.5,1.2902849520562538,658.41,27.06629,750.88,3.17552224503765,2.27054970568104,0.715016154973943,0.219528466253919,0.207214753166224,16.85,1.1541095890411,212.45,3.09468317552804,0,-16.0641,4.11759799833194,1.37608385686463,0.451685660266874,1.30108445697626,0.601283991047423,33.3877563865537,51.0347891166449,14.7976986383577,0.969,3.95608738968062,3.43920674799665,0.832442903389189,0.505112958942417
2002-06-22,0.66,387.38,20.82,20.82,1537.03,1.098045527381206,658.41,27.06629,750.88,3.17552224503765,2.27054970568104,0.715016154973943,0.219528466253919,0.207214753166224,16.85,1.1541095890411,212.45,3.09468317552804,0,-16.0641,4.11759799833194,1.37608385686463,0.451685660266874,1.30108445697626,0.601283991047423,33.3877563865537,51.0347891166449,14.7976986383577,0.969,3.95608738968062,3.43920674799665,0.832442903389189,0.505112958942417
2002-06-23,0.17,500.01,21.93,21.93,1641.03,0.9840051907095674,658.41,27.06629,750.88,3.17552224503765,2.27054970568104,0.715016154973943,0.219528466253919,0.207214753166224,16.85,1.1541095890411,212.45,3.09468317552804,0,-16.0641,4.11759799833194,1.37608385686463,0.451685660266874,1.30108445697626,0.601283991047423,33.3877563865537,51.0347891166449,14.7976986383577,0.969,3.95608738968062,3.43920674799665,0.832442903389189,0.505112958942417
2002-06-24,1.28,366.1,21.64,21.64,1657.97,0.8406401960366502,658.41,27.06629,750.88,3.17552224503765,2.27054970568104,0.715016154973943,0.219528466253919,0.207214753166224,16.85,1.1541095890411,212.45,3.09468317552804,0,-16.0641,4.11759799833194,1.37608385686463,0.451685660266874,1.30108445697626,0.601283991047423,33.3877563865537,51.0347891166449,14.7976986383577,0.969,3.95608738968062,3.43920674799665,0.832442903389189,0.505112958942417
2002-06-25,0.34,513.69,21.89,21.89,1568.67,0.8210904240357979,658.41,27.06629,750.88,3.17552224503765,2.27054970568104,0.715016154973943,0.219528466253919,0.207214753166224,16.85,1.1541095890411,212.45,3.09468317552804,0,-16.0641,4.11759799833194,1.37608385686463,0.451685660266874,1.30108445697626,0.601283991047423,33.3877563865537,51.0347891166449,14.7976986383577,0.969,3.95608738968062,3.43920674799665,0.832442903389189,0.505112958942417
2002-06-26,20.74,396.91,20.76,20.76,1510.0,1.0361379160451736,658.41,27.06629,750.88,3.17552224503765,2.27054970568104,0.715016154973943,0.219528466253919,0.207214753166224,16.85,1.1541095890411,212.45,3.09468317552804,0,-16.0641,4.11759799833194,1.37608385686463,0.451685660266874,1.30108445697626,0.601283991047423,33.3877563865537,51.0347891166449,14.7976986383577,0.969,3.95608738968062,3.43920674799665,0.832442903389189,0.505112958942417
2002-06-27,29.12,352.82,20.75,20.75,1574.35,4.659362326869806,658.41,27.06629,750.88,3.17552224503765,2.27054970568104,0.715016154973943,0.219528466253919,0.207214753166224,16.85,1.1541095890411,212.45,3.09468317552804,0,-16.0641,4.11759799833194,1.37608385686463,0.451685660266874,1.30108445697626,0.601283991047423,33.3877563865537,51.0347891166449,14.7976986383577,0.969,3.95608738968062,3.43920674799665,0.832442903389189,0.505112958942417
2002-06-28,6.26,461.13,18.99,18.99,1373.02,4.431281653526528,658.41,27.06629,750.88,3.17552224503765,2.27054970568104,0.715016154973943,0.219528466253919,0.207214753166224,16.85,1.1541095890411,212.45,3.09468317552804,0,-16.0641,4.11759799833194,1.37608385686463,0.451685660266874,1.30108445697626,0.601283991047423,33.3877563865537,51.0347891166449,14.7976986383577,0.969,3.95608738968062,3.43920674799665,0.832442903389189,0.505112958942417
2002-06-29,0.01,545.72,17.88,17.88,1230.21,1.7399297080758576,658.41,27.06629,750.88,3.17552224503765,2.27054970568104,0.715016154973943,0.219528466253919,0.207214753166224,16.85,1.1541095890411,212.45,3.09468317552804,0,-16.0641,4.11759799833194,1.37608385686463,0.451685660266874,1.30108445697626,0.601283991047423,33.3877563865537,51.0347891166449,14.7976986383577,0.969,3.95608738968062,3.43920674799665,0.832442903389189,0.505112958942417
2002-06-30,0.0,541.32,19.46,19.46,1329.21,1.273993475388877,658.41,27.06629,750.88,3.17552224503765,2.27054970568104,0.715016154973943,0.219528466253919,0.207214753166224,16.85,1.1541095890411,212.45,3.09468317552804,0,-16.0641,4.11759799833194,1.37608385686463,0.451685660266874,1.30108445697626,0.601283991047423,33.3877563865537,51.0347891166449,14.7976986383577,0.969,3.95608738968062,3.43920674799665,0.832442903389189,0.505112958942417
2002-07-01,0.0,542.39,20.62,20.62,1439.79,1.0263630300447473,658.41,27.06629,750.88,3.17552224503765,2.27054970568104,0.715016154973943,0.219528466253919,0.207214753166224,16.85,1.1541095890411,212.45,3.09468317552804,0,-16.0641,4.11759799833194,1.37608385686463,0.451685660266874,1.30108445697626,0.601283991047423,33.3877563865537,51.0347891166449,14.7976986383577,0.969,3.95608738968062,3.43920674799665,0.832442903389189,0.505112958942417
2002-07-02,0.0,523.02,22.45,22.45,1630.28,0.8601899680375026,658.41,27.06629,750.88,3.17552224503765,2.27054970568104,0.715016154973943,0.219528466253919,0.207214753166224,16.85,1.1541095890411,212.45,3.09468317552804,0,-16.0641,4.11759799833194,1.37608385686463,0.451685660266874,1.30108445697626,0.601283991047423,33.3877563865537,51.0347891166449,14.7976986383577,0.969,3.95608738968062,3.43920674799665,0.832442903389189,0.505112958942417
2002-07-03,0.0,517.96,23.31,23.31,1696.83,0.729858154698487,658.41,27.06629,750.88,3.17552224503765,2.27054970568104,0.715016154973943,0.219528466253919,0.207214753166224,16.85,1.1541095890411,212.45,3.09468317552804,0,-16.0641,4.11759799833194,1.37608385686463,0.451685660266874,1.30108445697626,0.601283991047423,33.3877563865537,51.0347891166449,14.7976986383577,0.969,3.95608738968062,3.43920674799665,0.832442903389189,0.505112958942417
2002-07-04,0.08,397.21,22.24,22.24,1560.99,0.6386258853611761,658.41,27.06629,750.88,3.17552224503765,2.27054970568104,0.715016154973943,0.219528466253919,0.207214753166224,16.85,1.1541095890411,212.45,3.09468317552804,0,-16.0641,4.11759799833194,1.37608385686463,0.451685660266874,1.30108445697626,0.601283991047423,33.3877563865537,51.0347891166449,14.7976986383577,0.969,3.95608738968062,3.43920674799665,0.832442903389189,0.505112958942417
2002-07-05,0.02,557.16,19.96,19.96,1247.22,0.5636850926912422,658.41,27.06629,750.88,3.17552224503765,2.27054970568104,0.715016154973943,0.219528466253919,0.207214753166224,16.85,1.1541095890411,212.45,3.09468317552804,0,-16.0641,4.11759799833194,1.37608385686463,0.451685660266874,1.30108445697626,0.601283991047423,33.3877563865537,51.0347891166449,14.7976986383577,0.969,3.95608738968062,3.43920674799665,0.832442903389189,0.505112958942417
2002-07-06,0.0,539.29,17.18,17.18,1126.34,0.4854860046878329,658.41,27.06629,750.88,3.17552224503765,2.27054970568104,0.715016154973943,0.219528466253919,0.207214753166224,16.85,1.1541095890411,212.45,3.09468317552804,0,-16.0641,4.11759799833194,1.37608385686463,0.451685660266874,1.30108445697626,0.601283991047423,33.3877563865537,51.0347891166449,14.7976986383577,0.969,3.95608738968062,3.43920674799665,0.832442903389189,0.505112958942417
2002-07-07,0.0,551.86,17.14,17.14,1142.09,0.4366115746857021,658.41,27.06629,750.88,3.17552224503765,2.27054970568104,0.715016154973943,0.219528466253919,0.207214753166224,16.85,1.1541095890411,212.45,3.09468317552804,0,-16.0641,4.11759799833194,1.37608385686463,0.451685660266874,1.30108445697626,0.601283991047423,33.3877563865537,51.0347891166449,14.7976986383577,0.969,3.95608738968062,3.43920674799665,0.832442903389189,0.505112958942417
2002-07-08,0.64,464.55,19.0,19.0,1316.85,0.39425373535052205,658.41,27.06629,750.88,3.17552224503765,2.27054970568104,0.715016154973943,0.219528466253919,0.207214753166224,16.85,1.1541095890411,212.45,3.09468317552804,0,-16.0641,4.11759799833194,1.37608385686463,0.451685660266874,1.30108445697626,0.601283991047423,33.3877563865537,51.0347891166449,14.7976986383577,0.969,3.95608738968062,3.43920674799665,0.832442903389189,0.505112958942417
2002-07-09,7.16,378.96,21.72,21.72,1559.27,0.4138035073513744,658.41,27.06629,750.88,3.17552224503765,2.27054970568104,0.715016154973943,0.219528466253919,0.207214753166224,16.85,1.1541095890411,212.45,3.09468317552804,0,-16.0641,4.11759799833194,1.37608385686463,0.451685660266874,1.30108445697626,0.601283991047423,33.3877563865537,51.0347891166449,14.7976986383577,0.969,3.95608738968062,3.43920674799665,0.832442903389189,0.505112958942417
2002-07-10,1.85,403.1,17.15,17.15,1222.67,0.511552367355636,658.41,27.06629,750.88,3.17552224503765,2.27054970568104,0.715016154973943,0.219528466253919,0.207214753166224,16.85,1.1541095890411,212.45,3.09468317552804,0,-16.0641,4.11759799833194,1.37608385686463,0.451685660266874,1.30108445697626,0.601283991047423,33.3877563865537,51.0347891166449,14.7976986383577,0.969,3.95608738968062,3.43920674799665,0.832442903389189,0.505112958942417
2002-07-11,0.0,568.56,12.69,12.69,853.29,0.36818737268271895,658.41,27.06629,750.88,3.17552224503765,2.27054970568104,0.715016154973943,0.219528466253919,0.207214753166224,16.85,1.1541095890411,212.45,3.09468317552804,0,-16.0641,4.11759799833194,1.37608385686463,0.451685660266874,1.30108445697626,0.601283991047423,33.3877563865537,51.0347891166449,14.7976986383577,0.969,3.95608738968062,3.43920674799665,0.832442903389189,0.505112958942417
2002-07-12,0.0,561.49,13.7,13.7,903.18,0.3127963520136373,658.41,27.06629,750.88,3.17552224503765,2.27054970568104,0.715016154973943,0.219528466253919,0.207214753166224,16.85,1.1541095890411,212.45,3.09468317552804,0,-16.0641,4.11759799833194,1.37608385686463,0.451685660266874,1.30108445697626,0.601283991047423,33.3877563865537,51.0347891166449,14.7976986383577,0.969,3.95608738968062,3.43920674799665,0.832442903389189,0.505112958942417
2002-07-13,0.0,565.78,16.2,16.2,1026.52,0.2834716940123588,658.41,27.06629,750.88,3.17552224503765,2.27054970568104,0.715016154973943,0.219528466253919,0.207214753166224,16.85,1.1541095890411,212.45,3.09468317552804,0,-16.0641,4.11759799833194,1.37608385686463,0.451685660266874,1.30108445697626,0.601283991047423,33.3877563865537,51.0347891166449,14.7976986383577,0.969,3.95608738968062,3.43920674799665,0.832442903389189,0.505112958942417
2002-07-14,0.0,556.51,18.28,18.28,1154.57,0.2671802173449819,658.41,27.06629,750.88,3.17552224503765,2.27054970568104,0.715016154973943,0.219528466253919,0.207214753166224,16.85,1.1541095890411,212.45,3.09468317552804,0,-16.0641,4.11759799833194,1.37608385686463,0.451685660266874,1.30108445697626,0.601283991047423,33.3877563865537,51.0347891166449,14.7976986383577,0.969,3.95608738968062,3.43920674799665,0.832442903389189,0.505112958942417
2002-07-15,0.0,542.2,19.08,19.08,1254.52,0.24763044534412954,658.41,27.06629,750.88,3.17552224503765,2.27054970568104,0.715016154973943,0.219528466253919,0.207214753166224,16.85,1.1541095890411,212.45,3.09468317552804,0,-16.0641,4.11759799833194,1.37608385686463,0.451685660266874,1.30108445697626,0.601283991047423,33.3877563865537,51.0347891166449,14.7976986383577,0.969,3.95608738968062,3.43920674799665,0.832442903389189,0.505112958942417
2002-07-16,0.0,526.73,19.94,19.94,1368.95,0.22808067334327722,658.41,27.06629,750.88,3.17552224503765,2.27054970568104,0.715016154973943,0.219528466253919,0.207214753166224,16.85,1.1541095890411,212.45,3.09468317552804,0,-16.0641,4.11759799833194,1.37608385686463,0.451685660266874,1.30108445697626,0.601283991047423,33.3877563865537,51.0347891166449,14.7976986383577,0.969,3.95608738968062,3.43920674799665,0.832442903389189,0.505112958942417
2002-07-17,0.78,442.92,21.06,21.06,1480.37,0.20853090134242488,658.41,27.06629,750.88,3.17552224503765,2.27054970568104,0.715016154973943,0.219528466253919,0.207214753166224,16.85,1.1541095890411,212.45,3.09468317552804,0,-16.0641,4.11759799833194,1.37608385686463,0.451685660266874,1.30108445697626,0.601283991047423,33.3877563865537,51.0347891166449,14.7976986383577,0.969,3.95608738968062,3.43920674799665,0.832442903389189,0.505112958942417
2002-07-18,1.75,424.39,21.59,21.59,1538.69,0.19875601534199872,658.41,27.06629,750.88,3.17552224503765,2.27054970568104,0.715016154973943,0.219528466253919,0.207214753166224,16.85,1.1541095890411,212.45,3.09468317552804,0,-16.0641,4.11759799833194,1.37608385686463,0.451685660266874,1.30108445697626,0.601283991047423,33.3877563865537,51.0347891166449,14.7976986383577,0.969,3.95608738968062,3.43920674799665,0.832442903389189,0.505112958942417
2002-07-19,5.31,394.96,20.59,20.59,1423.14,0.20853090134242488,658.41,27.06629,750.88,3.17552224503765,2.27054970568104,0.715016154973943,0.219528466253919,0.207214753166224,16.85,1.1541095890411,212.45,3.09468317552804,0,-16.0641,4.11759799833194,1.37608385686463,0.451685660266874,1.30108445697626,0.601283991047423,33.3877563865537,51.0347891166449,14.7976986383577,0.969,3.95608738968062,3.43920674799665,0.832442903389189,0.505112958942417
2002-07-20,1.83,393.53,18.65,18.65,1318.19,0.24437215001065415,658.41,27.06629,750.88,3.17552224503765,2.27054970568104,0.715016154973943,0.219528466253919,0.207214753166224,16.85,1.1541095890411,212.45,3.09468317552804,0,-16.0641,4.11759799833194,1.37608385686463,0.451685660266874,1.30108445697626,0.601283991047423,33.3877563865537,51.0347891166449,14.7976986383577,0.969,3.95608738968062,3.43920674799665,0.832442903389189,0.505112958942417
2002-07-21,0.55,409.45,19.0,19.0,1347.69,0.19875601534199872,658.41,27.06629,750.88,3.17552224503765,2.27054970568104,0.715016154973943,0.219528466253919,0.207214753166224,16.85,1.1541095890411,212.45,3.09468317552804,0,-16.0641,4.11759799833194,1.37608385686463,0.451685660266874,1.30108445697626,0.601283991047423,33.3877563865537,51.0347891166449,14.7976986383577,0.969,3.95608738968062,3.43920674799665,0.832442903389189,0.505112958942417
2002-07-22,0.54,422.65,22.43,22.43,1692.66,0.17920624334114638,658.41,27.06629,750.88,3.17552224503765,2.27054970568104,0.715016154973943,0.219528466253919,0.207214753166224,16.85,1.1541095890411,212.45,3.09468317552804,0,-16.0641,4.11759799833194,1.37608385686463,0.451685660266874,1.30108445697626,0.601283991047423,33.3877563865537,51.0347891166449,14.7976986383577,0.969,3.95608738968062,3.43920674799665,0.832442903389189,0.505112958942417
2002-07-23,11.19,355.83,23.57,23.57,1711.53,0.24437215001065415,658.41,27.06629,750.88,3.17552224503765,2.27054970568104,0.715016154973943,0.219528466253919,0.207214753166224,16.85,1.1541095890411,212.45,3.09468317552804,0,-16.0641,4.11759799833194,1.37608385686463,0.451685660266874,1.30108445697626,0.601283991047423,33.3877563865537,51.0347891166449,14.7976986383577,0.969,3.95608738968062,3.43920674799665,0.832442903389189,0.505112958942417
2002-07-24,2.92,524.51,16.2,16.2,1091.12,0.2802133986788834,658.41,27.06629,750.88,3.17552224503765,2.27054970568104,0.715016154973943,0.219528466253919,0.207214753166224,16.85,1.1541095890411,212.45,3.09468317552804,0,-16.0641,4.11759799833194,1.37608385686463,0.451685660266874,1.30108445697626,0.601283991047423,33.3877563865537,51.0347891166449,14.7976986383577,0.969,3.95608738968062,3.43920674799665,0.832442903389189,0.505112958942417
2002-07-25,0.16,446.6,14.8,14.8,1091.4,0.19875601534199872,658.41,27.06629,750.88,3.17552224503765,2.27054970568104,0.715016154973943,0.219528466253919,0.207214753166224,16.85,1.1541095890411,212.45,3.09468317552804,0,-16.0641,4.11759799833194,1.37608385686463,0.451685660266874,1.30108445697626,0.601283991047423,33.3877563865537,51.0347891166449,14.7976986383577,0.969,3.95608738968062,3.43920674799665,0.832442903389189,0.505112958942417
2002-07-26,1.28,272.11,17.33,17.33,1467.99,0.18572283400809714,658.41,27.06629,750.88,3.17552224503765,2.27054970568104,0.715016154973943,0.219528466253919,0.207214753166224,16.85,1.1541095890411,212.45,3.09468317552804,0,-16.0641,4.11759799833194,1.37608385686463,0.451685660266874,1.30108445697626,0.601283991047423,33.3877563865537,51.0347891166449,14.7976986383577,0.969,3.95608738968062,3.43920674799665,0.832442903389189,0.505112958942417
2002-07-27,6.32,200.44,18.01,18.01,1677.33,0.18246453867462176,658.41,27.06629,750.88,3.17552224503765,2.27054970568104,0.715016154973943,0.219528466253919,0.207214753166224,16.85,1.1541095890411,212.45,3.09468317552804,0,-16.0641,4.11759799833194,1.37608385686463,0.451685660266874,1.30108445697626,0.601283991047423,33.3877563865537,51.0347891166449,14.7976986383577,0.969,3.95608738968062,3.43920674799665,0.832442903389189,0.505112958942417
2002-07-28,12.9,326.53,21.65,21.65,1867.94,0.5962680460259961,658.41,27.06629,750.88,3.17552224503765,2.27054970568104,0.715016154973943,0.219528466253919,0.207214753166224,16.85,1.1541095890411,212.45,3.09468317552804,0,-16.0641,4.11759799833194,1.37608385686463,0.451685660266874,1.30108445697626,0.601283991047423,33.3877563865537,51.0347891166449,14.7976986383577,0.969,3.95608738968062,3.43920674799665,0.832442903389189,0.505112958942417
2002-07-29,5.43,324.48,23.15,23.15,1927.66,0.5571685020242915,658.41,27.06629,750.88,3.17552224503765,2.27054970568104,0.715016154973943,0.219528466253919,0.207214753166224,16.85,1.1541095890411,212.45,3.09468317552804,0,-16.0641,4.11759799833194,1.37608385686463,0.451685660266874,1.30108445697626,0.601283991047423,33.3877563865537,51.0347891166449,14.7976986383577,0.969,3.95608738968062,3.43920674799665,0.832442903389189,0.505112958942417
2002-07-30,0.65,451.72,22.24,22.24,1732.86,0.2867299893458342,658.41,27.06629,750.88,3.17552224503765,2.27054970568104,0.715016154973943,0.219528466253919,0.207214753166224,16.85,1.1541095890411,212.45,3.09468317552804,0,-16.0641,4.11759799833194,1.37608385686463,0.451685660266874,1.30108445697626,0.601283991047423,33.3877563865537,51.0347891166449,14.7976986383577,0.969,3.95608738968062,3.43920674799665,0.832442903389189,0.505112958942417
2002-07-31,0.0,492.66,21.19,21.19,1558.57,0.22808067334327722,658.41,27.06629,750.88,3.17552224503765,2.27054970568104,0.715016154973943,0.219528466253919,0.207214753166224,16.85,1.1541095890411,212.45,3.09468317552804,0,-16.0641,4.11759799833194,1.37608385686463,0.451685660266874,1.30108445697626,0.601283991047423,33.3877563865537,51.0347891166449,14.7976986383577,0.969,3.95608738968062,3.43920674799665,0.832442903389189,0.505112958942417
2002-08-01,0.0,509.0,22.3,22.3,1614.65,0.19875601534199872,658.41,27.06629,750.88,3.17552224503765,2.27054970568104,0.715016154973943,0.219528466253919,0.207214753166224,16.85,1.1541095890411,212.45,3.09468317552804,0,-16.0641,4.11759799833194,1.37608385686463,0.451685660266874,1.30108445697626,0.601283991047423,33.3877563865537,51.0347891166449,14.7976986383577,0.969,3.95608738968062,3.43920674799665,0.832442903389189,0.505112958942417
2002-08-02,0.3,381.1,22.63,22.63,1628.66,0.17920624334114638,658.41,27.06629,750.88,3.17552224503765,2.27054970568104,0.715016154973943,0.219528466253919,0.207214753166224,16.85,1.1541095890411,212.45,3.09468317552804,0,-16.0641,4.11759799833194,1.37608385686463,0.451685660266874,1.30108445697626,0.601283991047423,33.3877563865537,51.0347891166449,14.7976986383577,0.969,3.95608738968062,3.43920674799665,0.832442903389189,0.505112958942417
2002-08-03,0.08,516.89,21.21,21.21,1462.19,0.1694313573407202,658.41,27.06629,750.88,3.17552224503765,2.27054970568104,0.715016154973943,0.219528466253919,0.207214753166224,16.85,1.1541095890411,212.45,3.09468317552804,0,-16.0641,4.11759799833194,1.37608385686463,0.451685660266874,1.30108445697626,0.601283991047423,33.3877563865537,51.0347891166449,14.7976986383577,0.969,3.95608738968062,3.43920674799665,0.832442903389189,0.505112958942417
2002-08-04,16.0,395.49,20.86,20.86,1481.25,0.15313988067334328,658.41,27.06629,750.88,3.17552224503765,2.27054970568104,0.715016154973943,0.219528466253919,0.207214753166224,16.85,1.1541095890411,212.45,3.09468317552804,0,-16.0641,4.11759799833194,1.37608385686463,0.451685660266874,1.30108445697626,0.601283991047423,33.3877563865537,51.0347891166449,14.7976986383577,0.969,3.95608738968062,3.43920674799665,0.832442903389189,0.505112958942417
2002-08-05,5.24,381.22,21.65,21.65,1576.12,0.5930097506925207,658.41,27.06629,750.88,3.17552224503765,2.27054970568104,0.715016154973943,0.219528466253919,0.207214753166224,16.85,1.1541095890411,212.45,3.09468317552804,0,-16.0641,4.11759799833194,1.37608385686463,0.451685660266874,1.30108445697626,0.601283991047423,33.3877563865537,51.0347891166449,14.7976986383577,0.969,3.95608738968062,3.43920674799665,0.832442903389189,0.505112958942417
2002-08-06,0.27,537.96,17.97,17.97,1139.87,0.35189589601534194,658.41,27.06629,750.88,3.17552224503765,2.27054970568104,0.715016154973943,0.219528466253919,0.207214753166224,16.85,1.1541095890411,212.45,3.09468317552804,0,-16.0641,4.11759799833194,1.37608385686463,0.451685660266874,1.30108445697626,0.601283991047423,33.3877563865537,51.0347891166449,14.7976986383577,0.969,3.95608738968062,3.43920674799665,0.832442903389189,0.505112958942417
2002-08-07,0.0,530.23,14.2,14.2,915.19,0.22482237800980182,658.41,27.06629,750.88,3.17552224503765,2.27054970568104,0.715016154973943,0.219528466253919,0.207214753166224,16.85,1.1541095890411,212.45,3.09468317552804,0,-16.0641,4.11759799833194,1.37608385686463,0.451685660266874,1.30108445697626,0.601283991047423,33.3877563865537,51.0347891166449,14.7976986383577,0.969,3.95608738968062,3.43920674799665,0.832442903389189,0.505112958942417
2002-08-08,0.0,544.87,13.37,13.37,875.38,0.2020143106754741,658.41,27.06629,750.88,3.17552224503765,2.27054970568104,0.715016154973943,0.219528466253919,0.207214753166224,16.85,1.1541095890411,212.45,3.09468317552804,0,-16.0641,4.11759799833194,1.37608385686463,0.451685660266874,1.30108445697626,0.601283991047423,33.3877563865537,51.0347891166449,14.7976986383577,0.969,3.95608738968062,3.43920674799665,0.832442903389189,0.505112958942417
2002-08-09,0.0,548.55,14.81,14.81,945.89,0.18246453867462176,658.41,27.06629,750.88,3.17552224503765,2.27054970568104,0.715016154973943,0.219528466253919,0.207214753166224,16.85,1.1541095890411,212.45,3.09468317552804,0,-16.0641,4.11759799833194,1.37608385686463,0.451685660266874,1.30108445697626,0.601283991047423,33.3877563865537,51.0347891166449,14.7976986383577,0.969,3.95608738968062,3.43920674799665,0.832442903389189,0.505112958942417
2002-08-10,0.0,540.79,17.19,17.19,1086.22,0.16617306200724483,658.41,27.06629,750.88,3.17552224503765,2.27054970568104,0.715016154973943,0.219528466253919,0.207214753166224,16.85,1.1541095890411,212.45,3.09468317552804,0,-16.0641,4.11759799833194,1.37608385686463,0.451685660266874,1.30108445697626,0.601283991047423,33.3877563865537,51.0347891166449,14.7976986383577,0.969,3.95608738968062,3.43920674799665,0.832442903389189,0.505112958942417
2002-08-11,0.0,536.06,19.37,19.37,1211.98,0.15313988067334328,658.41,27.06629,750.88,3.17552224503765,2.27054970568104,0.715016154973943,0.219528466253919,0.207214753166224,16.85,1.1541095890411,212.45,3.09468317552804,0,-16.0641,4.11759799833194,1.37608385686463,0.451685660266874,1.30108445697626,0.601283991047423,33.3877563865537,51.0347891166449,14.7976986383577,0.969,3.95608738968062,3.43920674799665,0.832442903389189,0.505112958942417
2002-08-12,0.23,461.2,20.32,20.32,1293.6,0.1401066993394417,658.41,27.06629,750.88,3.17552224503765,2.27054970568104,0.715016154973943,0.219528466253919,0.207214753166224,16.85,1.1541095890411,212.45,3.09468317552804,0,-16.0641,4.11759799833194,1.37608385686463,0.451685660266874,1.30108445697626,0.601283991047423,33.3877563865537,51.0347891166449,14.7976986383577,0.969,3.95608738968062,3.43920674799665,0.832442903389189,0.505112958942417
2002-08-13,0.14,493.25,20.98,20.98,1401.87,0.13033181333901556,658.41,27.06629,750.88,3.17552224503765,2.27054970568104,0.715016154973943,0.219528466253919,0.207214753166224,16.85,1.1541095890411,212.45,3.09468317552804,0,-16.0641,4.11759799833194,1.37608385686463,0.451685660266874,1.30108445697626,0.601283991047423,33.3877563865537,51.0347891166449,14.7976986383577,0.969,3.95608738968062,3.43920674799665,0.832442903389189,0.505112958942417
2002-08-14,0.28,372.49,23.16,23.16,1681.22,0.11404033667163861,658.41,27.06629,750.88,3.17552224503765,2.27054970568104,0.715016154973943,0.219528466253919,0.207214753166224,16.85,1.1541095890411,212.45,3.09468317552804,0,-16.0641,4.11759799833194,1.37608385686463,0.451685660266874,1.30108445697626,0.601283991047423,33.3877563865537,51.0347891166449,14.7976986383577,0.969,3.95608738968062,3.43920674799665,0.832442903389189,0.505112958942417
2002-08-15,5.43,368.74,23.77,23.77,1743.65,0.11729863200511399,658.41,27.06629,750.88,3.17552224503765,2.27054970568104,0.715016154973943,0.219528466253919,0.207214753166224,16.85,1.1541095890411,212.45,3.09468317552804,0,-16.0641,4.11759799833194,1.37608385686463,0.451685660266874,1.30108445697626,0.601283991047423,33.3877563865537,51.0347891166449,14.7976986383577,0.969,3.95608738968062,3.43920674799665,0.832442903389189,0.505112958942417
2002-08-16,3.34,345.62,22.67,22.67,1734.83,0.12707351800554018,658.41,27.06629,750.88,3.17552224503765,2.27054970568104,0.715016154973943,0.219528466253919,0.207214753166224,16.85,1.1541095890411,212.45,3.09468317552804,0,-16.0641,4.11759799833194,1.37608385686463,0.451685660266874,1.30108445697626,0.601283991047423,33.3877563865537,51.0347891166449,14.7976986383577,0.969,3.95608738968062,3.43920674799665,0.832442903389189,0.505112958942417
2002-08-17,0.53,424.77,23.07,23.07,1772.67,0.12707351800554018,658.41,27.06629,750.88,3.17552224503765,2.27054970568104,0.715016154973943,0.219528466253919,0.207214753166224,16.85,1.1541095890411,212.45,3.09468317552804,0,-16.0641,4.11759799833194,1.37608385686463,0.451685660266874,1.30108445697626,0.601283991047423,33.3877563865537,51.0347891166449,14.7976986383577,0.969,3.95608738968062,3.43920674799665,0.832442903389189,0.505112958942417
2002-08-18,0.03,424.92,22.73,22.73,1654.49,0.12055692733858939,658.41,27.06629,750.88,3.17552224503765,2.27054970568104,0.715016154973943,0.219528466253919,0.207214753166224,16.85,1.1541095890411,212.45,3.09468317552804,0,-16.0641,4.11759799833194,1.37608385686463,0.451685660266874,1.30108445697626,0.601283991047423,33.3877563865537,51.0347891166449,14.7976986383577,0.969,3.95608738968062,3.43920674799665,0.832442903389189,0.505112958942417
2002-08-19,6.02,386.99,17.76,17.76,1194.18,0.11078204133816322,658.41,27.06629,750.88,3.17552224503765,2.27054970568104,0.715016154973943,0.219528466253919,0.207214753166224,16.85,1.1541095890411,212.45,3.09468317552804,0,-16.0641,4.11759799833194,1.37608385686463,0.451685660266874,1.30108445697626,0.601283991047423,33.3877563865537,51.0347891166449,14.7976986383577,0.969,3.95608738968062,3.43920674799665,0.832442903389189,0.505112958942417
2002-08-20,1.87,449.48,17.26,17.26,1139.75,0.13684840400596632,658.41,27.06629,750.88,3.17552224503765,2.27054970568104,0.715016154973943,0.219528466253919,0.207214753166224,16.85,1.1541095890411,212.45,3.09468317552804,0,-16.0641,4.11759799833194,1.37608385686463,0.451685660266874,1.30108445697626,0.601283991047423,33.3877563865537,51.0347891166449,14.7976986383577,0.969,3.95608738968062,3.43920674799665,0.832442903389189,0.505112958942417
2002-08-21,0.08,527.44,16.15,16.15,1082.14,0.11729863200511399,658.41,27.06629,750.88,3.17552224503765,2.27054970568104,0.715016154973943,0.219528466253919,0.207214753166224,16.85,1.1541095890411,212.45,3.09468317552804,0,-16.0641,4.11759799833194,1.37608385686463,0.451685660266874,1.30108445697626,0.601283991047423,33.3877563865537,51.0347891166449,14.7976986383577,0.969,3.95608738968062,3.43920674799665,0.832442903389189,0.505112958942417
2002-08-22,14.6,339.56,19.24,19.24,1428.24,0.13359010867249094,658.41,27.06629,750.88,3.17552224503765,2.27054970568104,0.715016154973943,0.219528466253919,0.207214753166224,16.85,1.1541095890411,212.45,3.09468317552804,0,-16.0641,4.11759799833194,1.37608385686463,0.451685660266874,1.30108445697626,0.601283991047423,33.3877563865537,51.0347891166449,14.7976986383577,0.969,3.95608738968062,3.43920674799665,0.832442903389189,0.505112958942417
2002-08-23,5.57,288.9,18.64,18.64,1484.47,0.17920624334114638,658.41,27.06629,750.88,3.17552224503765,2.27054970568104,0.715016154973943,0.219528466253919,0.207214753166224,16.85,1.1541095890411,212.45,3.09468317552804,0,-16.0641,4.11759799833194,1.37608385686463,0.451685660266874,1.30108445697626,0.601283991047423,33.3877563865537,51.0347891166449,14.7976986383577,0.969,3.95608738968062,3.43920674799665,0.832442903389189,0.505112958942417
2002-08-24,2.33,287.83,17.11,17.11,1360.52,0.15313988067334328,658.41,27.06629,750.88,3.17552224503765,2.27054970568104,0.715016154973943,0.219528466253919,0.207214753166224,16.85,1.1541095890411,212.45,3.09468317552804,0,-16.0641,4.11759799833194,1.37608385686463,0.451685660266874,1.30108445697626,0.601283991047423,33.3877563865537,51.0347891166449,14.7976986383577,0.969,3.95608738968062,3.43920674799665,0.832442903389189,0.505112958942417
2002-08-25,0.54,448.62,16.52,16.52,1182.85,0.1401066993394417,658.41,27.06629,750.88,3.17552224503765,2.27054970568104,0.715016154973943,0.219528466253919,0.207214753166224,16.85,1.1541095890411,212.45,3.09468317552804,0,-16.0641,4.11759799833194,1.37608385686463,0.451685660266874,1.30108445697626,0.601283991047423,33.3877563865537,51.0347891166449,14.7976986383577,0.969,3.95608738968062,3.43920674799665,0.832442903389189,0.505112958942417
2002-08-26,0.01,504.59,16.67,16.67,1082.66,0.12055692733858939,658.41,27.06629,750.88,3.17552224503765,2.27054970568104,0.715016154973943,0.219528466253919,0.207214753166224,16.85,1.1541095890411,212.45,3.09468317552804,0,-16.0641,4.11759799833194,1.37608385686463,0.451685660266874,1.30108445697626,0.601283991047423,33.3877563865537,51.0347891166449,14.7976986383577,0.969,3.95608738968062,3.43920674799665,0.832442903389189,0.505112958942417
2002-08-27,0.0,494.11,16.01,16.01,1054.62,0.10426545067121244,658.41,27.06629,750.88,3.17552224503765,2.27054970568104,0.715016154973943,0.219528466253919,0.207214753166224,16.85,1.1541095890411,212.45,3.09468317552804,0,-16.0641,4.11759799833194,1.37608385686463,0.451685660266874,1.30108445697626,0.601283991047423,33.3877563865537,51.0347891166449,14.7976986383577,0.969,3.95608738968062,3.43920674799665,0.832442903389189,0.505112958942417
2002-08-28,0.0,448.66,15.22,15.22,1053.83,0.10100715533773705,658.41,27.06629,750.88,3.17552224503765,2.27054970568104,0.715016154973943,0.219528466253919,0.207214753166224,16.85,1.1541095890411,212.45,3.09468317552804,0,-16.0641,4.11759799833194,1.37608385686463,0.451685660266874,1.30108445697626,0.601283991047423,33.3877563865537,51.0347891166449,14.7976986383577,0.969,3.95608738968062,3.43920674799665,0.832442903389189,0.505112958942417
2002-08-29,0.08,339.54,12.66,12.66,951.31,0.10100715533773705,658.41,27.06629,750.88,3.17552224503765,2.27054970568104,0.715016154973943,0.219528466253919,0.207214753166224,16.85,1.1541095890411,212.45,3.09468317552804,0,-16.0641,4.11759799833194,1.37608385686463,0.451685660266874,1.30108445697626,0.601283991047423,33.3877563865537,51.0347891166449,14.7976986383577,0.969,3.95608738968062,3.43920674799665,0.832442903389189,0.505112958942417
2002-08-30,0.04,443.72,12.86,12.86,944.39,0.09774886000426165,658.41,27.06629,750.88,3.17552224503765,2.27054970568104,0.715016154973943,0.219528466253919,0.207214753166224,16.85,1.1541095890411,212.45,3.09468317552804,0,-16.0641,4.11759799833194,1.37608385686463,0.451685660266874,1.30108445697626,0.601283991047423,33.3877563865537,51.0347891166449,14.7976986383577,0.969,3.95608738968062,3.43920674799665,0.832442903389189,0.505112958942417
2002-08-31,0.01,498.82,15.84,15.84,1049.01,0.09123226933731088,658.41,27.06629,750.88,3.17552224503765,2.27054970568104,0.715016154973943,0.219528466253919,0.207214753166224,16.85,1.1541095890411,212.45,3.09468317552804,0,-16.0641,4.11759799833194,1.37608385686463,0.451685660266874,1.30108445697626,0.601283991047423,33.3877563865537,51.0347891166449,14.7976986383577,0.969,3.95608738968062,3.43920674799665,0.832442903389189,0.505112958942417
2002-09-01,0.0,464.03,16.81,16.81,1166.66,0.0847156786703601,658.41,27.06629,750.88,3.17552224503765,2.27054970568104,0.715016154973943,0.219528466253919,0.207214753166224,16.85,1.1541095890411,212.45,3.09468317552804,0,-16.0641,4.11759799833194,1.37608385686463,0.451685660266874,1.30108445697626,0.601283991047423,33.3877563865537,51.0347891166449,14.7976986383577,0.969,3.95608738968062,3.43920674799665,0.832442903389189,0.505112958942417
2002-09-02,0.01,413.45,17.94,17.94,1288.61,0.07819908800340933,658.41,27.06629,750.88,3.17552224503765,2.27054970568104,0.715016154973943,0.219528466253919,0.207214753166224,16.85,1.1541095890411,212.45,3.09468317552804,0,-16.0641,4.11759799833194,1.37608385686463,0.451685660266874,1.30108445697626,0.601283991047423,33.3877563865537,51.0347891166449,14.7976986383577,0.969,3.95608738968062,3.43920674799665,0.832442903389189,0.505112958942417
2002-09-03,0.05,423.03,18.6,18.6,1303.72,0.07494079266993393,658.41,27.06629,750.88,3.17552224503765,2.27054970568104,0.715016154973943,0.219528466253919,0.207214753166224,16.85,1.1541095890411,212.45,3.09468317552804,0,-16.0641,4.11759799833194,1.37608385686463,0.451685660266874,1.30108445697626,0.601283991047423,33.3877563865537,51.0347891166449,14.7976986383577,0.969,3.95608738968062,3.43920674799665,0.832442903389189,0.505112958942417
2002-09-04,0.01,481.33,20.57,20.57,1297.63,0.07494079266993393,658.41,27.06629,750.88,3.17552224503765,2.27054970568104,0.715016154973943,0.219528466253919,0.207214753166224,16.85,1.1541095890411,212.45,3.09468317552804,0,-16.0641,4.11759799833194,1.37608385686463,0.451685660266874,1.30108445697626,0.601283991047423,33.3877563865537,51.0347891166449,14.7976986383577,0.969,3.95608738968062,3.43920674799665,0.832442903389189,0.505112958942417
2002-09-05,0.0,442.55,17.19,17.19,1091.76,0.07168249733645855,658.41,27.06629,750.88,3.17552224503765,2.27054970568104,0.715016154973943,0.219528466253919,0.207214753166224,16.85,1.1541095890411,212.45,3.09468317552804,0,-16.0641,4.11759799833194,1.37608385686463,0.451685660266874,1.30108445697626,0.601283991047423,33.3877563865537,51.0347891166449,14.7976986383577,0.969,3.95608738968062,3.43920674799665,0.832442903389189,0.505112958942417
2002-09-06,0.0,503.62,14.28,14.28,858.54,0.07168249733645855,658.41,27.06629,750.88,3.17552224503765,2.27054970568104,0.715016154973943,0.219528466253919,0.207214753166224,16.85,1.1541095890411,212.45,3.09468317552804,0,-16.0641,4.11759799833194,1.37608385686463,0.451685660266874,1.30108445697626,0.601283991047423,33.3877563865537,51.0347891166449,14.7976986383577,0.969,3.95608738968062,3.43920674799665,0.832442903389189,0.505112958942417
2002-09-07,0.0,493.72,15.06,15.06,898.41,0.06842420200298316,658.41,27.06629,750.88,3.17552224503765,2.27054970568104,0.715016154973943,0.219528466253919,0.207214753166224,16.85,1.1541095890411,212.45,3.09468317552804,0,-16.0641,4.11759799833194,1.37608385686463,0.451685660266874,1.30108445697626,0.601283991047423,33.3877563865537,51.0347891166449,14.7976986383577,0.969,3.95608738968062,3.43920674799665,0.832442903389189,0.505112958942417
2002-09-08,0.0,497.15,17.96,17.96,1010.11,0.06516590666950778,658.41,27.06629,750.88,3.17552224503765,2.27054970568104,0.715016154973943,0.219528466253919,0.207214753166224,16.85,1.1541095890411,212.45,3.09468317552804,0,-16.0641,4.11759799833194,1.37608385686463,0.451685660266874,1.30108445697626,0.601283991047423,33.3877563865537,51.0347891166449,14.7976986383577,0.969,3.95608738968062,3.43920674799665,0.832442903389189,0.505112958942417
2002-09-09,0.0,487.71,20.18,20.18,1116.14,0.058649316002556996,658.41,27.06629,750.88,3.17552224503765,2.27054970568104,0.715016154973943,0.219528466253919,0.207214753166224,16.85,1.1541095890411,212.45,3.09468317552804,0,-16.0641,4.11759799833194,1.37608385686463,0.451685660266874,1.30108445697626,0.601283991047423,33.3877563865537,51.0347891166449,14.7976986383577,0.969,3.95608738968062,3.43920674799665,0.832442903389189,0.505112958942417
2002-09-10,0.07,366.73,19.99,19.99,1162.53,0.058649316002556996,658.41,27.06629,750.88,3.17552224503765,2.27054970568104,0.715016154973943,0.219528466253919,0.207214753166224,16.85,1.1541095890411,212.45,3.09468317552804,0,-16.0641,4.11759799833194,1.37608385686463,0.451685660266874,1.30108445697626,0.601283991047423,33.3877563865537,51.0347891166449,14.7976986383577,0.969,3.95608738968062,3.43920674799665,0.832442903389189,0.505112958942417
2002-09-11,0.2,356.2,19.7,19.7,1098.58,0.05539102066908161,658.41,27.06629,750.88,3.17552224503765,2.27054970568104,0.715016154973943,0.219528466253919,0.207214753166224,16.85,1.1541095890411,212.45,3.09468317552804,0,-16.0641,4.11759799833194,1.37608385686463,0.451685660266874,1.30108445697626,0.601283991047423,33.3877563865537,51.0347891166449,14.7976986383577,0.969,3.95608738968062,3.43920674799665,0.832442903389189,0.505112958942417
2002-09-12,0.05,484.78,12.34,12.34,747.29,0.05213272533560622,658.41,27.06629,750.88,3.17552224503765,2.27054970568104,0.715016154973943,0.219528466253919,0.207214753166224,16.85,1.1541095890411,212.45,3.09468317552804,0,-16.0641,4.11759799833194,1.37608385686463,0.451685660266874,1.30108445697626,0.601283991047423,33.3877563865537,51.0347891166449,14.7976986383577,0.969,3.95608738968062,3.43920674799665,0.832442903389189,0.505112958942417
2002-09-13,0.0,465.68,12.65,12.65,811.36,0.05213272533560622,658.41,27.06629,750.88,3.17552224503765,2.27054970568104,0.715016154973943,0.219528466253919,0.207214753166224,16.85,1.1541095890411,212.45,3.09468317552804,0,-16.0641,4.11759799833194,1.37608385686463,0.451685660266874,1.30108445697626,0.601283991047423,33.3877563865537,51.0347891166449,14.7976986383577,0.969,3.95608738968062,3.43920674799665,0.832442903389189,0.505112958942417
2002-09-14,0.51,351.18,15.03,15.03,976.74,0.05539102066908161,658.41,27.06629,750.88,3.17552224503765,2.27054970568104,0.715016154973943,0.219528466253919,0.207214753166224,16.85,1.1541095890411,212.45,3.09468317552804,0,-16.0641,4.11759799833194,1.37608385686463,0.451685660266874,1.30108445697626,0.601283991047423,33.3877563865537,51.0347891166449,14.7976986383577,0.969,3.95608738968062,3.43920674799665,0.832442903389189,0.505112958942417
2002-09-15,15.12,305.74,17.11,17.11,1184.99,0.06842420200298316,658.41,27.06629,750.88,3.17552224503765,2.27054970568104,0.715016154973943,0.219528466253919,0.207214753166224,16.85,1.1541095890411,212.45,3.09468317552804,0,-16.0641,4.11759799833194,1.37608385686463,0.451685660266874,1.30108445697626,0.601283991047423,33.3877563865537,51.0347891166449,14.7976986383577,0.969,3.95608738968062,3.43920674799665,0.832442903389189,0.505112958942417
2002-09-16,4.27,263.88,15.82,15.82,1173.37,0.09449056467078627,658.41,27.06629,750.88,3.17552224503765,2.27054970568104,0.715016154973943,0.219528466253919,0.207214753166224,16.85,1.1541095890411,212.45,3.09468317552804,0,-16.0641,4.11759799833194,1.37608385686463,0.451685660266874,1.30108445697626,0.601283991047423,33.3877563865537,51.0347891166449,14.7976986383577,0.969,3.95608738968062,3.43920674799665,0.832442903389189,0.505112958942417
2002-09-17,0.09,436.75,14.48,14.48,979.4,0.08145738333688472,658.41,27.06629,750.88,3.17552224503765,2.27054970568104,0.715016154973943,0.219528466253919,0.207214753166224,16.85,1.1541095890411,212.45,3.09468317552804,0,-16.0641,4.11759799833194,1.37608385686463,0.451685660266874,1.30108445697626,0.601283991047423,33.3877563865537,51.0347891166449,14.7976986383577,0.969,3.95608738968062,3.43920674799665,0.832442903389189,0.505112958942417
2002-09-18,0.0,449.12,14.82,14.82,952.29,0.07168249733645855,658.41,27.06629,750.88,3.17552224503765,2.27054970568104,0.715016154973943,0.219528466253919,0.207214753166224,16.85,1.1541095890411,212.45,3.09468317552804,0,-16.0641,4.11759799833194,1.37608385686463,0.451685660266874,1.30108445697626,0.601283991047423,33.3877563865537,51.0347891166449,14.7976986383577,0.969,3.95608738968062,3.43920674799665,0.832442903389189,0.505112958942417
2002-09-19,0.12,376.95,16.12,16.12,1106.69,0.06842420200298316,658.41,27.06629,750.88,3.17552224503765,2.27054970568104,0.715016154973943,0.219528466253919,0.207214753166224,16.85,1.1541095890411,212.45,3.09468317552804,0,-16.0641,4.11759799833194,1.37608385686463,0.451685660266874,1.30108445697626,0.601283991047423,33.3877563865537,51.0347891166449,14.7976986383577,0.969,3.95608738968062,3.43920674799665,0.832442903389189,0.505112958942417
2002-09-20,0.3,295.62,19.65,19.65,1474.58,0.06842420200298316,658.41,27.06629,750.88,3.17552224503765,2.27054970568104,0.715016154973943,0.219528466253919,0.207214753166224,16.85,1.1541095890411,212.45,3.09468317552804,0,-16.0641,4.11759799833194,1.37608385686463,0.451685660266874,1.30108445697626,0.601283991047423,33.3877563865537,51.0347891166449,14.7976986383577,0.969,3.95608738968062,3.43920674799665,0.832442903389189,0.505112958942417
2002-09-21,0.64,274.89,21.19,21.19,1561.99,0.06516590666950778,658.41,27.06629,750.88,3.17552224503765,2.27054970568104,0.715016154973943,0.219528466253919,0.207214753166224,16.85,1.1541095890411,212.45,3.09468317552804,0,-16.0641,4.11759799833194,1.37608385686463,0.451685660266874,1.30108445697626,0.601283991047423,33.3877563865537,51.0347891166449,14.7976986383577,0.969,3.95608738968062,3.43920674799665,0.832442903389189,0.505112958942417
2002-09-22,0.74,383.68,16.06,16.06,1056.64,0.06516590666950778,658.41,27.06629,750.88,3.17552224503765,2.27054970568104,0.715016154973943,0.219528466253919,0.207214753166224,16.85,1.1541095890411,212.45,3.09468317552804,0,-16.0641,4.11759799833194,1.37608385686463,0.451685660266874,1.30108445697626,0.601283991047423,33.3877563865537,51.0347891166449,14.7976986383577,0.969,3.95608738968062,3.43920674799665,0.832442903389189,0.505112958942417
2002-09-23,0.2,415.35,13.41,13.41,794.64,0.058649316002556996,658.41,27.06629,750.88,3.17552224503765,2.27054970568104,0.715016154973943,0.219528466253919,0.207214753166224,16.85,1.1541095890411,212.45,3.09468317552804,0,-16.0641,4.11759799833194,1.37608385686463,0.451685660266874,1.30108445697626,0.601283991047423,33.3877563865537,51.0347891166449,14.7976986383577,0.969,3.95608738968062,3.43920674799665,0.832442903389189,0.505112958942417
2002-09-24,0.01,450.42,10.94,10.94,676.54,0.058649316002556996,658.41,27.06629,750.88,3.17552224503765,2.27054970568104,0.715016154973943,0.219528466253919,0.207214753166224,16.85,1.1541095890411,212.45,3.09468317552804,0,-16.0641,4.11759799833194,1.37608385686463,0.451685660266874,1.30108445697626,0.601283991047423,33.3877563865537,51.0347891166449,14.7976986383577,0.969,3.95608738968062,3.43920674799665,0.832442903389189,0.505112958942417
2002-09-25,0.0,437.21,11.62,11.62,734.78,0.05539102066908161,658.41,27.06629,750.88,3.17552224503765,2.27054970568104,0.715016154973943,0.219528466253919,0.207214753166224,16.85,1.1541095890411,212.45,3.09468317552804,0,-16.0641,4.11759799833194,1.37608385686463,0.451685660266874,1.30108445697626,0.601283991047423,33.3877563865537,51.0347891166449,14.7976986383577,0.969,3.95608738968062,3.43920674799665,0.832442903389189,0.505112958942417
2002-09-26,7.45,287.37,12.08,12.08,853.03,0.05539102066908161,658.41,27.06629,750.88,3.17552224503765,2.27054970568104,0.715016154973943,0.219528466253919,0.207214753166224,16.85,1.1541095890411,212.45,3.09468317552804,0,-16.0641,4.11759799833194,1.37608385686463,0.451685660266874,1.30108445697626,0.601283991047423,33.3877563865537,51.0347891166449,14.7976986383577,0.969,3.95608738968062,3.43920674799665,0.832442903389189,0.505112958942417
2002-09-27,27.64,243.19,11.86,11.86,945.12,0.17920624334114638,658.41,27.06629,750.88,3.17552224503765,2.27054970568104,0.715016154973943,0.219528466253919,0.207214753166224,16.85,1.1541095890411,212.45,3.09468317552804,0,-16.0641,4.11759799833194,1.37608385686463,0.451685660266874,1.30108445697626,0.601283991047423,33.3877563865537,51.0347891166449,14.7976986383577,0.969,3.95608738968062,3.43920674799665,0.832442903389189,0.505112958942417
2002-09-28,7.01,245.71,12.53,12.53,968.4,0.4300949840187513,658.41,27.06629,750.88,3.17552224503765,2.27054970568104,0.715016154973943,0.219528466253919,0.207214753166224,16.85,1.1541095890411,212.45,3.09468317552804,0,-16.0641,4.11759799833194,1.37608385686463,0.451685660266874,1.30108445697626,0.601283991047423,33.3877563865537,51.0347891166449,14.7976986383577,0.969,3.95608738968062,3.43920674799665,0.832442903389189,0.505112958942417
2002-09-29,0.07,436.33,9.71,9.71,696.26,0.17920624334114638,658.41,27.06629,750.88,3.17552224503765,2.27054970568104,0.715016154973943,0.219528466253919,0.207214753166224,16.85,1.1541095890411,212.45,3.09468317552804,0,-16.0641,4.11759799833194,1.37608385686463,0.451685660266874,1.30108445697626,0.601283991047423,33.3877563865537,51.0347891166449,14.7976986383577,0.969,3.95608738968062,3.43920674799665,0.832442903389189,0.505112958942417
2002-09-30,0.0,418.26,13.68,13.68,880.27,0.13359010867249094,658.41,27.06629,750.88,3.17552224503765,2.27054970568104,0.715016154973943,0.219528466253919,0.207214753166224,16.85,1.1541095890411,212.45,3.09468317552804,0,-16.0641,4.11759799833194,1.37608385686463,0.451685660266874,1.30108445697626,0.601283991047423,33.3877563865537,51.0347891166449,14.7976986383577,0.969,3.95608738968062,3.43920674799665,0.832442903389189,0.505112958942417
2002-10-01,0.0,372.57,16.78,16.78,1126.58,0.11729863200511399,658.41,27.06629,750.88,3.17552224503765,2.27054970568104,0.715016154973943,0.219528466253919,0.207214753166224,16.85,1.1541095890411,212.45,3.09468317552804,0,-16.0641,4.11759799833194,1.37608385686463,0.451685660266874,1.30108445697626,0.601283991047423,33.3877563865537,51.0347891166449,14.7976986383577,0.969,3.95608738968062,3.43920674799665,0.832442903389189,0.505112958942417
2002-10-02,6.49,279.68,17.84,17.84,1270.46,0.10752374600468782,658.41,27.06629,750.88,3.17552224503765,2.27054970568104,0.715016154973943,0.219528466253919,0.207214753166224,16.85,1.1541095890411,212.45,3.09468317552804,0,-16.0641,4.11759799833194,1.37608385686463,0.451685660266874,1.30108445697626,0.601283991047423,33.3877563865537,51.0347891166449,14.7976986383577,0.969,3.95608738968062,3.43920674799665,0.832442903389189,0.505112958942417
2002-10-03,7.96,266.62,18.23,18.23,1337.2,0.1433649946729171,658.41,27.06629,750.88,3.17552224503765,2.27054970568104,0.715016154973943,0.219528466253919,0.207214753166224,16.85,1.1541095890411,212.45,3.09468317552804,0,-16.0641,4.11759799833194,1.37608385686463,0.451685660266874,1.30108445697626,0.601283991047423,33.3877563865537,51.0347891166449,14.7976986383577,0.969,3.95608738968062,3.43920674799665,0.832442903389189,0.505112958942417
2002-10-04,4.22,195.88,16.62,16.62,1340.1,0.1466232900063925,658.41,27.06629,750.88,3.17552224503765,2.27054970568104,0.715016154973943,0.219528466253919,0.207214753166224,16.85,1.1541095890411,212.45,3.09468317552804,0,-16.0641,4.11759799833194,1.37608385686463,0.451685660266874,1.30108445697626,0.601283991047423,33.3877563865537,51.0347891166449,14.7976986383577,0.969,3.95608738968062,3.43920674799665,0.832442903389189,0.505112958942417
2002-10-05,0.68,296.05,16.05,16.05,1203.66,0.1433649946729171,658.41,27.06629,750.88,3.17552224503765,2.27054970568104,0.715016154973943,0.219528466253919,0.207214753166224,16.85,1.1541095890411,212.45,3.09468317552804,0,-16.0641,4.11759799833194,1.37608385686463,0.451685660266874,1.30108445697626,0.601283991047423,33.3877563865537,51.0347891166449,14.7976986383577,0.969,3.95608738968062,3.43920674799665,0.832442903389189,0.505112958942417
2002-10-06,0.0,395.1,10.27,10.27,770.29,0.13684840400596632,658.41,27.06629,750.88,3.17552224503765,2.27054970568104,0.715016154973943,0.219528466253919,0.207214753166224,16.85,1.1541095890411,212.45,3.09468317552804,0,-16.0641,4.11759799833194,1.37608385686463,0.451685660266874,1.30108445697626,0.601283991047423,33.3877563865537,51.0347891166449,14.7976986383577,0.969,3.95608738968062,3.43920674799665,0.832442903389189,0.505112958942417
2002-10-07,0.02,290.23,10.07,10.07,767.3,0.11729863200511399,658.41,27.06629,750.88,3.17552224503765,2.27054970568104,0.715016154973943,0.219528466253919,0.207214753166224,16.85,1.1541095890411,212.45,3.09468317552804,0,-16.0641,4.11759799833194,1.37608385686463,0.451685660266874,1.30108445697626,0.601283991047423,33.3877563865537,51.0347891166449,14.7976986383577,0.969,3.95608738968062,3.43920674799665,0.832442903389189,0.505112958942417
2002-10-08,0.01,398.94,6.02,6.02,546.37,0.10752374600468782,658.41,27.06629,750.88,3.17552224503765,2.27054970568104,0.715016154973943,0.219528466253919,0.207214753166224,16.85,1.1541095890411,212.45,3.09468317552804,0,-16.0641,4.11759799833194,1.37608385686463,0.451685660266874,1.30108445697626,0.601283991047423,33.3877563865537,51.0347891166449,14.7976986383577,0.969,3.95608738968062,3.43920674799665,0.832442903389189,0.505112958942417
2002-10-09,0.05,332.97,5.74,5.74,583.49,0.10100715533773705,658.41,27.06629,750.88,3.17552224503765,2.27054970568104,0.715016154973943,0.219528466253919,0.207214753166224,16.85,1.1541095890411,212.45,3.09468317552804,0,-16.0641,4.11759799833194,1.37608385686463,0.451685660266874,1.30108445697626,0.601283991047423,33.3877563865537,51.0347891166449,14.7976986383577,0.969,3.95608738968062,3.43920674799665,0.832442903389189,0.505112958942417
2002-10-10,0.35,282.45,9.6,9.6,766.76,0.10100715533773705,658.41,27.06629,750.88,3.17552224503765,2.27054970568104,0.715016154973943,0.219528466253919,0.207214753166224,16.85,1.1541095890411,212.45,3.09468317552804,0,-16.0641,4.11759799833194,1.37608385686463,0.451685660266874,1.30108445697626,0.601283991047423,33.3877563865537,51.0347891166449,14.7976986383577,0.969,3.95608738968062,3.43920674799665,0.832442903389189,0.505112958942417
2002-10-11,0.45,236.51,11.15,11.15,908.58,0.10100715533773705,658.41,27.06629,750.88,3.17552224503765,2.27054970568104,0.715016154973943,0.219528466253919,0.207214753166224,16.85,1.1541095890411,212.45,3.09468317552804,0,-16.0641,4.11759799833194,1.37608385686463,0.451685660266874,1.30108445697626,0.601283991047423,33.3877563865537,51.0347891166449,14.7976986383577,0.969,3.95608738968062,3.43920674799665,0.832442903389189,0.505112958942417
2002-10-12,0.52,156.42,11.32,11.32,1037.72,0.10100715533773705,658.41,27.06629,750.88,3.17552224503765,2.27054970568104,0.715016154973943,0.219528466253919,0.207214753166224,16.85,1.1541095890411,212.45,3.09468317552804,0,-16.0641,4.11759799833194,1.37608385686463,0.451685660266874,1.30108445697626,0.601283991047423,33.3877563865537,51.0347891166449,14.7976986383577,0.969,3.95608738968062,3.43920674799665,0.832442903389189,0.505112958942417
2002-10-13,1.71,110.81,11.18,11.18,1005.18,0.10100715533773705,658.41,27.06629,750.88,3.17552224503765,2.27054970568104,0.715016154973943,0.219528466253919,0.207214753166224,16.85,1.1541095890411,212.45,3.09468317552804,0,-16.0641,4.11759799833194,1.37608385686463,0.451685660266874,1.30108445697626,0.601283991047423,33.3877563865537,51.0347891166449,14.7976986383577,0.969,3.95608738968062,3.43920674799665,0.832442903389189,0.505112958942417
2002-10-14,0.42,377.71,3.83,3.83,509.8,0.09774886000426165,658.41,27.06629,750.88,3.17552224503765,2.27054970568104,0.715016154973943,0.219528466253919,0.207214753166224,16.85,1.1541095890411,212.45,3.09468317552804,0,-16.0641,4.11759799833194,1.37608385686463,0.451685660266874,1.30108445697626,0.601283991047423,33.3877563865537,51.0347891166449,14.7976986383577,0.969,3.95608738968062,3.43920674799665,0.832442903389189,0.505112958942417
2002-10-15,2.54,257.2,3.06,3.06,498.81,0.09449056467078627,658.41,27.06629,750.88,3.17552224503765,2.27054970568104,0.715016154973943,0.219528466253919,0.207214753166224,16.85,1.1541095890411,212.45,3.09468317552804,0,-16.0641,4.11759799833194,1.37608385686463,0.451685660266874,1.30108445697626,0.601283991047423,33.3877563865537,51.0347891166449,14.7976986383577,0.969,3.95608738968062,3.43920674799665,0.832442903389189,0.505112958942417
2002-10-16,11.65,213.14,5.25,5.25,631.93,0.11078204133816322,658.41,27.06629,750.88,3.17552224503765,2.27054970568104,0.715016154973943,0.219528466253919,0.207214753166224,16.85,1.1541095890411,212.45,3.09468317552804,0,-16.0641,4.11759799833194,1.37608385686463,0.451685660266874,1.30108445697626,0.601283991047423,33.3877563865537,51.0347891166449,14.7976986383577,0.969,3.95608738968062,3.43920674799665,0.832442903389189,0.505112958942417
2002-10-17,4.73,182.86,4.39,4.39,612.27,0.1694313573407202,658.41,27.06629,750.88,3.17552224503765,2.27054970568104,0.715016154973943,0.219528466253919,0.207214753166224,16.85,1.1541095890411,212.45,3.09468317552804,0,-16.0641,4.11759799833194,1.37608385686463,0.451685660266874,1.30108445697626,0.601283991047423,33.3877563865537,51.0347891166449,14.7976986383577,0.969,3.95608738968062,3.43920674799665,0.832442903389189,0.505112958942417
2002-10-18,5.55,251.45,3.32,3.32,536.55,0.15965647134029404,658.41,27.06629,750.88,3.17552224503765,2.27054970568104,0.715016154973943,0.219528466253919,0.207214753166224,16.85,1.1541095890411,212.45,3.09468317552804,0,-16.0641,4.11759799833194,1.37608385686463,0.451685660266874,1.30108445697626,0.601283991047423,33.3877563865537,51.0347891166449,14.7976986383577,0.969,3.95608738968062,3.43920674799665,0.832442903389189,0.505112958942417
2002-10-19,7.8,235.47,4.68,4.68,580.48,0.23459726401022798,658.41,27.06629,750.88,3.17552224503765,2.27054970568104,0.715016154973943,0.219528466253919,0.207214753166224,16.85,1.1541095890411,212.45,3.09468317552804,0,-16.0641,4.11759799833194,1.37608385686463,0.451685660266874,1.30108445697626,0.601283991047423,33.3877563865537,51.0347891166449,14.7976986383577,0.969,3.95608738968062,3.43920674799665,0.832442903389189,0.505112958942417
2002-10-20,1.7,323.04,4.67,4.67,562.5,0.29976317067973574,658.41,27.06629,750.88,3.17552224503765,2.27054970568104,0.715016154973943,0.219528466253919,0.207214753166224,16.85,1.1541095890411,212.45,3.09468317552804,0,-16.0641,4.11759799833194,1.37608385686463,0.451685660266874,1.30108445697626,0.601283991047423,33.3877563865537,51.0347891166449,14.7976986383577,0.969,3.95608738968062,3.43920674799665,0.832442903389189,0.505112958942417
2002-10-21,0.0,286.96,3.39,3.39,528.31,0.2020143106754741,658.41,27.06629,750.88,3.17552224503765,2.27054970568104,0.715016154973943,0.219528466253919,0.207214753166224,16.85,1.1541095890411,212.45,3.09468317552804,0,-16.0641,4.11759799833194,1.37608385686463,0.451685660266874,1.30108445697626,0.601283991047423,33.3877563865537,51.0347891166449,14.7976986383577,0.969,3.95608738968062,3.43920674799665,0.832442903389189,0.505112958942417
2002-10-22,0.02,308.0,3.24,3.24,504.56,0.16617306200724483,658.41,27.06629,750.88,3.17552224503765,2.27054970568104,0.715016154973943,0.219528466253919,0.207214753166224,16.85,1.1541095890411,212.45,3.09468317552804,0,-16.0641,4.11759799833194,1.37608385686463,0.451685660266874,1.30108445697626,0.601283991047423,33.3877563865537,51.0347891166449,14.7976986383577,0.969,3.95608738968062,3.43920674799665,0.832442903389189,0.505112958942417
2002-10-23,0.13,232.84,3.07,3.07,485.41,0.14988158533986787,658.41,27.06629,750.88,3.17552224503765,2.27054970568104,0.715016154973943,0.219528466253919,0.207214753166224,16.85,1.1541095890411,212.45,3.09468317552804,0,-16.0641,4.11759799833194,1.37608385686463,0.451685660266874,1.30108445697626,0.601283991047423,33.3877563865537,51.0347891166449,14.7976986383577,0.969,3.95608738968062,3.43920674799665,0.832442903389189,0.505112958942417
2002-10-24,0.04,316.03,0.04,0.04,381.81,0.13359010867249094,658.41,27.06629,750.88,3.17552224503765,2.27054970568104,0.715016154973943,0.219528466253919,0.207214753166224,16.85,1.1541095890411,212.45,3.09468317552804,0,-16.0641,4.11759799833194,1.37608385686463,0.451685660266874,1.30108445697626,0.601283991047423,33.3877563865537,51.0347891166449,14.7976986383577,0.969,3.95608738968062,3.43920674799665,0.832442903389189,0.505112958942417
2002-10-25,13.18,281.13,-0.3,-0.3,379.05,0.13359010867249094,658.41,27.06629,750.88,3.17552224503765,2.27054970568104,0.715016154973943,0.219528466253919,0.207214753166224,16.85,1.1541095890411,212.45,3.09468317552804,0,-16.0641,4.11759799833194,1.37608385686463,0.451685660266874,1.30108445697626,0.601283991047423,33.3877563865537,51.0347891166449,14.7976986383577,0.969,3.95608738968062,3.43920674799665,0.832442903389189,0.505112958942417
2002-10-26,3.68,268.39,1.7,1.7,466.45,0.3127963520136373,658.41,27.06629,750.88,3.17552224503765,2.27054970568104,0.715016154973943,0.219528466253919,0.207214753166224,16.85,1.1541095890411,212.45,3.09468317552804,0,-16.0641,4.11759799833194,1.37608385686463,0.451685660266874,1.30108445697626,0.601283991047423,33.3877563865537,51.0347891166449,14.7976986383577,0.969,3.95608738968062,3.43920674799665,0.832442903389189,0.505112958942417
2002-10-27,0.06,272.3,4.12,4.12,572.81,0.30627976134668655,658.41,27.06629,750.88,3.17552224503765,2.27054970568104,0.715016154973943,0.219528466253919,0.207214753166224,16.85,1.1541095890411,212.45,3.09468317552804,0,-16.0641,4.11759799833194,1.37608385686463,0.451685660266874,1.30108445697626,0.601283991047423,33.3877563865537,51.0347891166449,14.7976986383577,0.969,3.95608738968062,3.43920674799665,0.832442903389189,0.505112958942417
2002-10-28,0.0,313.4,1.62,1.62,464.47,0.21504749200937565,658.41,27.06629,750.88,3.17552224503765,2.27054970568104,0.715016154973943,0.219528466253919,0.207214753166224,16.85,1.1541095890411,212.45,3.09468317552804,0,-16.0641,4.11759799833194,1.37608385686463,0.451685660266874,1.30108445697626,0.601283991047423,33.3877563865537,51.0347891166449,14.7976986383577,0.969,3.95608738968062,3.43920674799665,0.832442903389189,0.505112958942417
2002-10-29,0.27,269.45,-0.28,-0.28,410.9,0.18246453867462176,658.41,27.06629,750.88,3.17552224503765,2.27054970568104,0.715016154973943,0.219528466253919,0.207214753166224,16.85,1.1541095890411,212.45,3.09468317552804,0,-16.0641,4.11759799833194,1.37608385686463,0.451685660266874,1.30108445697626,0.601283991047423,33.3877563865537,51.0347891166449,14.7976986383577,0.969,3.95608738968062,3.43920674799665,0.832442903389189,0.505112958942417
2002-10-30,0.23,239.06,-0.66,-0.66,407.43,0.16617306200724483,658.41,27.06629,750.88,3.17552224503765,2.27054970568104,0.715016154973943,0.219528466253919,0.207214753166224,16.85,1.1541095890411,212.45,3.09468317552804,0,-16.0641,4.11759799833194,1.37608385686463,0.451685660266874,1.30108445697626,0.601283991047423,33.3877563865537,51.0347891166449,14.7976986383577,0.969,3.95608738968062,3.43920674799665,0.832442903389189,0.505112958942417
2002-10-31,2.2,280.03,-1.86,-1.86,340.93,0.15639817600681866,658.41,27.06629,750.88,3.17552224503765,2.27054970568104,0.715016154973943,0.219528466253919,0.207214753166224,16.85,1.1541095890411,212.45,3.09468317552804,0,-16.0641,4.11759799833194,1.37608385686463,0.451685660266874,1.30108445697626,0.601283991047423,33.3877563865537,51.0347891166449,14.7976986383577,0.969,3.95608738968062,3.43920674799665,0.832442903389189,0.505112958942417
2002-11-01,2.97,230.77,-0.7,-0.7,385.03,0.15639817600681866,658.41,27.06629,750.88,3.17552224503765,2.27054970568104,0.715016154973943,0.219528466253919,0.207214753166224,16.85,1.1541095890411,212.45,3.09468317552804,0,-16.0641,4.11759799833194,1.37608385686463,0.451685660266874,1.30108445697626,0.601283991047423,33.3877563865537,51.0347891166449,14.7976986383577,0.969,3.95608738968062,3.43920674799665,0.832442903389189,0.505112958942417
2002-11-02,2.14,209.17,-1.91,-1.91,376.41,0.16291476667376945,658.41,27.06629,750.88,3.17552224503765,2.27054970568104,0.715016154973943,0.219528466253919,0.207214753166224,16.85,1.1541095890411,212.45,3.09468317552804,0,-16.0641,4.11759799833194,1.37608385686463,0.451685660266874,1.30108445697626,0.601283991047423,33.3877563865537,51.0347891166449,14.7976986383577,0.969,3.95608738968062,3.43920674799665,0.832442903389189,0.505112958942417
2002-11-03,0.44,266.79,-2.06,-2.06,372.86,0.16291476667376945,658.41,27.06629,750.88,3.17552224503765,2.27054970568104,0.715016154973943,0.219528466253919,0.207214753166224,16.85,1.1541095890411,212.45,3.09468317552804,0,-16.0641,4.11759799833194,1.37608385686463,0.451685660266874,1.30108445697626,0.601283991047423,33.3877563865537,51.0347891166449,14.7976986383577,0.969,3.95608738968062,3.43920674799665,0.832442903389189,0.505112958942417
2002-11-04,0.06,216.58,-0.83,-0.83,417.09,0.15965647134029404,658.41,27.06629,750.88,3.17552224503765,2.27054970568104,0.715016154973943,0.219528466253919,0.207214753166224,16.85,1.1541095890411,212.45,3.09468317552804,0,-16.0641,4.11759799833194,1.37608385686463,0.451685660266874,1.30108445697626,0.601283991047423,33.3877563865537,51.0347891166449,14.7976986383577,0.969,3.95608738968062,3.43920674799665,0.832442903389189,0.505112958942417
2002-11-05,3.16,226.05,0.15,0.15,445.66,0.15965647134029404,658.41,27.06629,750.88,3.17552224503765,2.27054970568104,0.715016154973943,0.219528466253919,0.207214753166224,16.85,1.1541095890411,212.45,3.09468317552804,0,-16.0641,4.11759799833194,1.37608385686463,0.451685660266874,1.30108445697626,0.601283991047423,33.3877563865537,51.0347891166449,14.7976986383577,0.969,3.95608738968062,3.43920674799665,0.832442903389189,0.505112958942417
2002-11-06,2.82,193.9,0.66,0.66,467.14,0.18246453867462176,658.41,27.06629,750.88,3.17552224503765,2.27054970568104,0.715016154973943,0.219528466253919,0.207214753166224,16.85,1.1541095890411,212.45,3.09468317552804,0,-16.0641,4.11759799833194,1.37608385686463,0.451685660266874,1.30108445697626,0.601283991047423,33.3877563865537,51.0347891166449,14.7976986383577,0.969,3.95608738968062,3.43920674799665,0.832442903389189,0.505112958942417
2002-11-07,0.55,257.0,-0.29,-0.29,421.79,0.2313389686767526,658.41,27.06629,750.88,3.17552224503765,2.27054970568104,0.715016154973943,0.219528466253919,0.207214753166224,16.85,1.1541095890411,212.45,3.09468317552804,0,-16.0641,4.11759799833194,1.37608385686463,0.451685660266874,1.30108445697626,0.601283991047423,33.3877563865537,51.0347891166449,14.7976986383577,0.969,3.95608738968062,3.43920674799665,0.832442903389189,0.505112958942417
2002-11-08,0.01,317.96,-0.67,-0.67,428.13,0.22482237800980182,658.41,27.06629,750.88,3.17552224503765,2.27054970568104,0.715016154973943,0.219528466253919,0.207214753166224,16.85,1.1541095890411,212.45,3.09468317552804,0,-16.0641,4.11759799833194,1.37608385686463,0.451685660266874,1.30108445697626,0.601283991047423,33.3877563865537,51.0347891166449,14.7976986383577,0.969,3.95608738968062,3.43920674799665,0.832442903389189,0.505112958942417
2002-11-09,0.0,318.68,7.52,7.52,738.48,0.20527260600894948,658.41,27.06629,750.88,3.17552224503765,2.27054970568104,0.715016154973943,0.219528466253919,0.207214753166224,16.85,1.1541095890411,212.45,3.09468317552804,0,-16.0641,4.11759799833194,1.37608385686463,0.451685660266874,1.30108445697626,0.601283991047423,33.3877563865537,51.0347891166449,14.7976986383577,0.969,3.95608738968062,3.43920674799665,0.832442903389189,0.505112958942417
2002-11-10,2.37,199.13,11.65,11.65,1005.96,0.1954977200085233,658.41,27.06629,750.88,3.17552224503765,2.27054970568104,0.715016154973943,0.219528466253919,0.207214753166224,16.85,1.1541095890411,212.45,3.09468317552804,0,-16.0641,4.11759799833194,1.37608385686463,0.451685660266874,1.30108445697626,0.601283991047423,33.3877563865537,51.0347891166449,14.7976986383577,0.969,3.95608738968062,3.43920674799665,0.832442903389189,0.505112958942417
2002-11-11,0.78,137.15,12.64,12.64,1101.75,0.21178919667590027,658.41,27.06629,750.88,3.17552224503765,2.27054970568104,0.715016154973943,0.219528466253919,0.207214753166224,16.85,1.1541095890411,212.45,3.09468317552804,0,-16.0641,4.11759799833194,1.37608385686463,0.451685660266874,1.30108445697626,0.601283991047423,33.3877563865537,51.0347891166449,14.7976986383577,0.969,3.95608738968062,3.43920674799665,0.832442903389189,0.505112958942417
2002-11-12,3.26,209.92,7.72,7.72,711.36,0.21830578734285105,658.41,27.06629,750.88,3.17552224503765,2.27054970568104,0.715016154973943,0.219528466253919,0.207214753166224,16.85,1.1541095890411,212.45,3.09468317552804,0,-16.0641,4.11759799833194,1.37608385686463,0.451685660266874,1.30108445697626,0.601283991047423,33.3877563865537,51.0347891166449,14.7976986383577,0.969,3.95608738968062,3.43920674799665,0.832442903389189,0.505112958942417
2002-11-13,0.85,232.24,3.8,3.8,549.34,0.2313389686767526,658.41,27.06629,750.88,3.17552224503765,2.27054970568104,0.715016154973943,0.219528466253919,0.207214753166224,16.85,1.1541095890411,212.45,3.09468317552804,0,-16.0641,4.11759799833194,1.37608385686463,0.451685660266874,1.30108445697626,0.601283991047423,33.3877563865537,51.0347891166449,14.7976986383577,0.969,3.95608738968062,3.43920674799665,0.832442903389189,0.505112958942417
2002-11-14,0.0,211.35,2.35,2.35,543.54,0.22482237800980182,658.41,27.06629,750.88,3.17552224503765,2.27054970568104,0.715016154973943,0.219528466253919,0.207214753166224,16.85,1.1541095890411,212.45,3.09468317552804,0,-16.0641,4.11759799833194,1.37608385686463,0.451685660266874,1.30108445697626,0.601283991047423,33.3877563865537,51.0347891166449,14.7976986383577,0.969,3.95608738968062,3.43920674799665,0.832442903389189,0.505112958942417
2002-11-15,4.64,200.0,4.2,4.2,565.17,0.20853090134242488,658.41,27.06629,750.88,3.17552224503765,2.27054970568104,0.715016154973943,0.219528466253919,0.207214753166224,16.85,1.1541095890411,212.45,3.09468317552804,0,-16.0641,4.11759799833194,1.37608385686463,0.451685660266874,1.30108445697626,0.601283991047423,33.3877563865537,51.0347891166449,14.7976986383577,0.969,3.95608738968062,3.43920674799665,0.832442903389189,0.505112958942417
2002-11-16,14.03,196.09,2.6,2.6,484.06,0.22156408267632643,658.41,27.06629,750.88,3.17552224503765,2.27054970568104,0.715016154973943,0.219528466253919,0.207214753166224,16.85,1.1541095890411,212.45,3.09468317552804,0,-16.0641,4.11759799833194,1.37608385686463,0.451685660266874,1.30108445697626,0.601283991047423,33.3877563865537,51.0347891166449,14.7976986383577,0.969,3.95608738968062,3.43920674799665,0.832442903389189,0.505112958942417
2002-11-17,8.16,115.17,-0.44,-0.44,436.26,1.0622042787129766,658.41,27.06629,750.88,3.17552224503765,2.27054970568104,0.715016154973943,0.219528466253919,0.207214753166224,16.85,1.1541095890411,212.45,3.09468317552804,0,-16.0641,4.11759799833194,1.37608385686463,0.451685660266874,1.30108445697626,0.601283991047423,33.3877563865537,51.0347891166449,14.7976986383577,0.969,3.95608738968062,3.43920674799665,0.832442903389189,0.505112958942417
2002-11-18,1.77,144.18,-2.51,-2.51,391.15,1.182761206051566,658.41,27.06629,750.88,3.17552224503765,2.27054970568104,0.715016154973943,0.219528466253919,0.207214753166224,16.85,1.1541095890411,212.45,3.09468317552804,0,-16.0641,4.11759799833194,1.37608385686463,0.451685660266874,1.30108445697626,0.601283991047423,33.3877563865537,51.0347891166449,14.7976986383577,0.969,3.95608738968062,3.43920674799665,0.832442903389189,0.505112958942417
2002-11-19,0.17,190.93,-2.1,-2.1,395.78,0.7103083826976347,658.41,27.06629,750.88,3.17552224503765,2.27054970568104,0.715016154973943,0.219528466253919,0.207214753166224,16.85,1.1541095890411,212.45,3.09468317552804,0,-16.0641,4.11759799833194,1.37608385686463,0.451685660266874,1.30108445697626,0.601283991047423,33.3877563865537,51.0347891166449,14.7976986383577,0.969,3.95608738968062,3.43920674799665,0.832442903389189,0.505112958942417
2002-11-20,0.01,191.0,-0.36,-0.36,468.09,0.6549173620285531,658.41,27.06629,750.88,3.17552224503765,2.27054970568104,0.715016154973943,0.219528466253919,0.207214753166224,16.85,1.1541095890411,212.45,3.09468317552804,0,-16.0641,4.11759799833194,1.37608385686463,0.451685660266874,1.30108445697626,0.601283991047423,33.3877563865537,51.0347891166449,14.7976986383577,0.969,3.95608738968062,3.43920674799665,0.832442903389189,0.505112958942417
2002-11-21,2.95,182.59,3.63,3.63,587.07,0.7559245173662902,658.41,27.06629,750.88,3.17552224503765,2.27054970568104,0.715016154973943,0.219528466253919,0.207214753166224,16.85,1.1541095890411,212.45,3.09468317552804,0,-16.0641,4.11759799833194,1.37608385686463,0.451685660266874,1.30108445697626,0.601283991047423,33.3877563865537,51.0347891166449,14.7976986383577,0.969,3.95608738968062,3.43920674799665,0.832442903389189,0.505112958942417
2002-11-22,7.11,124.48,3.73,3.73,598.36,1.2316356360536969,658.41,27.06629,750.88,3.17552224503765,2.27054970568104,0.715016154973943,0.219528466253919,0.207214753166224,16.85,1.1541095890411,212.45,3.09468317552804,0,-16.0641,4.11759799833194,1.37608385686463,0.451685660266874,1.30108445697626,0.601283991047423,33.3877563865537,51.0347891166449,14.7976986383577,0.969,3.95608738968062,3.43920674799665,0.832442903389189,0.505112958942417
2002-11-23,1.72,192.56,-0.06,-0.06,454.04,1.316351314724057,658.41,27.06629,750.88,3.17552224503765,2.27054970568104,0.715016154973943,0.219528466253919,0.207214753166224,16.85,1.1541095890411,212.45,3.09468317552804,0,-16.0641,4.11759799833194,1.37608385686463,0.451685660266874,1.30108445697626,0.601283991047423,33.3877563865537,51.0347891166449,14.7976986383577,0.969,3.95608738968062,3.43920674799665,0.832442903389189,0.505112958942417
2002-11-24,0.02,188.14,-0.6,-0.6,433.23,0.9025478073726826,658.41,27.06629,750.88,3.17552224503765,2.27054970568104,0.715016154973943,0.219528466253919,0.207214753166224,16.85,1.1541095890411,212.45,3.09468317552804,0,-16.0641,4.11759799833194,1.37608385686463,0.451685660266874,1.30108445697626,0.601283991047423,33.3877563865537,51.0347891166449,14.7976986383577,0.969,3.95608738968062,3.43920674799665,0.832442903389189,0.505112958942417
2002-11-25,0.69,154.15,-0.5,-0.5,429.66,0.8178321287023226,658.41,27.06629,750.88,3.17552224503765,2.27054970568104,0.715016154973943,0.219528466253919,0.207214753166224,16.85,1.1541095890411,212.45,3.09468317552804,0,-16.0641,4.11759799833194,1.37608385686463,0.451685660266874,1.30108445697626,0.601283991047423,33.3877563865537,51.0347891166449,14.7976986383577,0.969,3.95608738968062,3.43920674799665,0.832442903389189,0.505112958942417
2002-11-26,2.45,187.46,-2.02,-2.02,366.29,0.7591828126997655,658.41,27.06629,750.88,3.17552224503765,2.27054970568104,0.715016154973943,0.219528466253919,0.207214753166224,16.85,1.1541095890411,212.45,3.09468317552804,0,-16.0641,4.11759799833194,1.37608385686463,0.451685660266874,1.30108445697626,0.601283991047423,33.3877563865537,51.0347891166449,14.7976986383577,0.969,3.95608738968062,3.43920674799665,0.832442903389189,0.505112958942417
2002-11-27,0.78,183.74,-3.95,-3.95,313.25,0.6777254293628808,658.41,27.06629,750.88,3.17552224503765,2.27054970568104,0.715016154973943,0.219528466253919,0.207214753166224,16.85,1.1541095890411,212.45,3.09468317552804,0,-16.0641,4.11759799833194,1.37608385686463,0.451685660266874,1.30108445697626,0.601283991047423,33.3877563865537,51.0347891166449,14.7976986383577,0.969,3.95608738968062,3.43920674799665,0.832442903389189,0.505112958942417
2002-11-28,0.46,219.71,-7.19,-7.19,235.47,0.5767182740251438,658.41,27.06629,750.88,3.17552224503765,2.27054970568104,0.715016154973943,0.219528466253919,0.207214753166224,16.85,1.1541095890411,212.45,3.09468317552804,0,-16.0641,4.11759799833194,1.37608385686463,0.451685660266874,1.30108445697626,0.601283991047423,33.3877563865537,51.0347891166449,14.7976986383577,0.969,3.95608738968062,3.43920674799665,0.832442903389189,0.505112958942417
2002-11-29,0.11,253.89,-6.1,-6.1,275.67,0.54413532069039,658.41,27.06629,750.88,3.17552224503765,2.27054970568104,0.715016154973943,0.219528466253919,0.207214753166224,16.85,1.1541095890411,212.45,3.09468317552804,0,-16.0641,4.11759799833194,1.37608385686463,0.451685660266874,1.30108445697626,0.601283991047423,33.3877563865537,51.0347891166449,14.7976986383577,0.969,3.95608738968062,3.43920674799665,0.832442903389189,0.505112958942417
2002-11-30,0.79,198.46,-1.47,-1.47,378.25,0.5506519113573407,658.41,27.06629,750.88,3.17552224503765,2.27054970568104,0.715016154973943,0.219528466253919,0.207214753166224,16.85,1.1541095890411,212.45,3.09468317552804,0,-16.0641,4.11759799833194,1.37608385686463,0.451685660266874,1.30108445697626,0.601283991047423,33.3877563865537,51.0347891166449,14.7976986383577,0.969,3.95608738968062,3.43920674799665,0.832442903389189,0.505112958942417
2002-12-01,0.77,231.24,-3.28,-3.28,284.2,0.5245855486895376,658.41,27.06629,750.88,3.17552224503765,2.27054970568104,0.715016154973943,0.219528466253919,0.207214753166224,16.85,1.1541095890411,212.45,3.09468317552804,0,-16.0641,4.11759799833194,1.37608385686463,0.451685660266874,1.30108445697626,0.601283991047423,33.3877563865537,51.0347891166449,14.7976986383577,0.969,3.95608738968062,3.43920674799665,0.832442903389189,0.505112958942417
2002-12-02,2.6,188.34,-5.39,-5.39,249.46,0.44312816535265287,658.41,27.06629,750.88,3.17552224503765,2.27054970568104,0.715016154973943,0.219528466253919,0.207214753166224,16.85,1.1541095890411,212.45,3.09468317552804,0,-16.0641,4.11759799833194,1.37608385686463,0.451685660266874,1.30108445697626,0.601283991047423,33.3877563865537,51.0347891166449,14.7976986383577,0.969,3.95608738968062,3.43920674799665,0.832442903389189,0.505112958942417
2002-12-03,0.72,275.95,-11.29,-11.29,128.34,0.3421210100149158,658.41,27.06629,750.88,3.17552224503765,2.27054970568104,0.715016154973943,0.219528466253919,0.207214753166224,16.85,1.1541095890411,212.45,3.09468317552804,0,-16.0641,4.11759799833194,1.37608385686463,0.451685660266874,1.30108445697626,0.601283991047423,33.3877563865537,51.0347891166449,14.7976986383577,0.969,3.95608738968062,3.43920674799665,0.832442903389189,0.505112958942417
2002-12-04,0.04,265.06,-13.82,-13.82,113.58,0.3388627146814404,658.41,27.06629,750.88,3.17552224503765,2.27054970568104,0.715016154973943,0.219528466253919,0.207214753166224,16.85,1.1541095890411,212.45,3.09468317552804,0,-16.0641,4.11759799833194,1.37608385686463,0.451685660266874,1.30108445697626,0.601283991047423,33.3877563865537,51.0347891166449,14.7976986383577,0.969,3.95608738968062,3.43920674799665,0.832442903389189,0.505112958942417
2002-12-05,2.82,220.78,-9.92,-9.92,173.57,0.38122055401662047,658.41,27.06629,750.88,3.17552224503765,2.27054970568104,0.715016154973943,0.219528466253919,0.207214753166224,16.85,1.1541095890411,212.45,3.09468317552804,0,-16.0641,4.11759799833194,1.37608385686463,0.451685660266874,1.30108445697626,0.601283991047423,33.3877563865537,51.0347891166449,14.7976986383577,0.969,3.95608738968062,3.43920674799665,0.832442903389189,0.505112958942417
2002-12-06,0.79,225.88,-8.33,-8.33,211.18,0.3649290773492435,658.41,27.06629,750.88,3.17552224503765,2.27054970568104,0.715016154973943,0.219528466253919,0.207214753166224,16.85,1.1541095890411,212.45,3.09468317552804,0,-16.0641,4.11759799833194,1.37608385686463,0.451685660266874,1.30108445697626,0.601283991047423,33.3877563865537,51.0347891166449,14.7976986383577,0.969,3.95608738968062,3.43920674799665,0.832442903389189,0.505112958942417
2002-12-07,0.01,240.55,-6.11,-6.11,264.16,0.33234612401448965,658.41,27.06629,750.88,3.17552224503765,2.27054970568104,0.715016154973943,0.219528466253919,0.207214753166224,16.85,1.1541095890411,212.45,3.09468317552804,0,-16.0641,4.11759799833194,1.37608385686463,0.451685660266874,1.30108445697626,0.601283991047423,33.3877563865537,51.0347891166449,14.7976986383577,0.969,3.95608738968062,3.43920674799665,0.832442903389189,0.505112958942417
2002-12-08,0.23,221.71,-5.0,-5.0,260.61,0.32908782868101427,658.41,27.06629,750.88,3.17552224503765,2.27054970568104,0.715016154973943,0.219528466253919,0.207214753166224,16.85,1.1541095890411,212.45,3.09468317552804,0,-16.0641,4.11759799833194,1.37608385686463,0.451685660266874,1.30108445697626,0.601283991047423,33.3877563865537,51.0347891166449,14.7976986383577,0.969,3.95608738968062,3.43920674799665,0.832442903389189,0.505112958942417
2002-12-09,0.06,292.49,-10.03,-10.03,136.2,0.27043851267845725,658.41,27.06629,750.88,3.17552224503765,2.27054970568104,0.715016154973943,0.219528466253919,0.207214753166224,16.85,1.1541095890411,212.45,3.09468317552804,0,-16.0641,4.11759799833194,1.37608385686463,0.451685660266874,1.30108445697626,0.601283991047423,33.3877563865537,51.0347891166449,14.7976986383577,0.969,3.95608738968062,3.43920674799665,0.832442903389189,0.505112958942417
2002-12-10,0.0,286.79,-11.24,-11.24,141.92,0.3030214660132111,658.41,27.06629,750.88,3.17552224503765,2.27054970568104,0.715016154973943,0.219528466253919,0.207214753166224,16.85,1.1541095890411,212.45,3.09468317552804,0,-16.0641,4.11759799833194,1.37608385686463,0.451685660266874,1.30108445697626,0.601283991047423,33.3877563865537,51.0347891166449,14.7976986383577,0.969,3.95608738968062,3.43920674799665,0.832442903389189,0.505112958942417
2002-12-11,15.99,213.72,-5.06,-5.06,276.41,0.3388627146814404,658.41,27.06629,750.88,3.17552224503765,2.27054970568104,0.715016154973943,0.219528466253919,0.207214753166224,16.85,1.1541095890411,212.45,3.09468317552804,0,-16.0641,4.11759799833194,1.37608385686463,0.451685660266874,1.30108445697626,0.601283991047423,33.3877563865537,51.0347891166449,14.7976986383577,0.969,3.95608738968062,3.43920674799665,0.832442903389189,0.505112958942417
2002-12-12,4.38,228.6,-2.12,-2.12,374.9,0.5897514553590454,658.41,27.06629,750.88,3.17552224503765,2.27054970568104,0.715016154973943,0.219528466253919,0.207214753166224,16.85,1.1541095890411,212.45,3.09468317552804,0,-16.0641,4.11759799833194,1.37608385686463,0.451685660266874,1.30108445697626,0.601283991047423,33.3877563865537,51.0347891166449,14.7976986383577,0.969,3.95608738968062,3.43920674799665,0.832442903389189,0.505112958942417
2002-12-13,10.58,136.86,-0.61,-0.61,462.78,0.7852491753675686,658.41,27.06629,750.88,3.17552224503765,2.27054970568104,0.715016154973943,0.219528466253919,0.207214753166224,16.85,1.1541095890411,212.45,3.09468317552804,0,-16.0641,4.11759799833194,1.37608385686463,0.451685660266874,1.30108445697626,0.601283991047423,33.3877563865537,51.0347891166449,14.7976986383577,0.969,3.95608738968062,3.43920674799665,0.832442903389189,0.505112958942417
2002-12-14,9.1,113.43,-0.74,-0.74,476.29,1.433649946729171,658.41,27.06629,750.88,3.17552224503765,2.27054970568104,0.715016154973943,0.219528466253919,0.207214753166224,16.85,1.1541095890411,212.45,3.09468317552804,0,-16.0641,4.11759799833194,1.37608385686463,0.451685660266874,1.30108445697626,0.601283991047423,33.3877563865537,51.0347891166449,14.7976986383577,0.969,3.95608738968062,3.43920674799665,0.832442903389189,0.505112958942417
2002-12-15,9.04,154.9,-1.88,-1.88,419.21,1.534657102066908,658.41,27.06629,750.88,3.17552224503765,2.27054970568104,0.715016154973943,0.219528466253919,0.207214753166224,16.85,1.1541095890411,212.45,3.09468317552804,0,-16.0641,4.11759799833194,1.37608385686463,0.451685660266874,1.30108445697626,0.601283991047423,33.3877563865537,51.0347891166449,14.7976986383577,0.969,3.95608738968062,3.43920674799665,0.832442903389189,0.505112958942417
2002-12-16,1.99,189.38,-2.77,-2.77,347.97,1.199052682718943,658.41,27.06629,750.88,3.17552224503765,2.27054970568104,0.715016154973943,0.219528466253919,0.207214753166224,16.85,1.1541095890411,212.45,3.09468317552804,0,-16.0641,4.11759799833194,1.37608385686463,0.451685660266874,1.30108445697626,0.601283991047423,33.3877563865537,51.0347891166449,14.7976986383577,0.969,3.95608738968062,3.43920674799665,0.832442903389189,0.505112958942417
2002-12-17,0.01,285.75,-10.78,-10.78,157.99,0.8471567867036011,658.41,27.06629,750.88,3.17552224503765,2.27054970568104,0.715016154973943,0.219528466253919,0.207214753166224,16.85,1.1541095890411,212.45,3.09468317552804,0,-16.0641,4.11759799833194,1.37608385686463,0.451685660266874,1.30108445697626,0.601283991047423,33.3877563865537,51.0347891166449,14.7976986383577,0.969,3.95608738968062,3.43920674799665,0.832442903389189,0.505112958942417
2002-12-18,0.0,282.54,-11.7,-11.7,140.86,0.7819908800340932,658.41,27.06629,750.88,3.17552224503765,2.27054970568104,0.715016154973943,0.219528466253919,0.207214753166224,16.85,1.1541095890411,212.45,3.09468317552804,0,-16.0641,4.11759799833194,1.37608385686463,0.451685660266874,1.30108445697626,0.601283991047423,33.3877563865537,51.0347891166449,14.7976986383577,0.969,3.95608738968062,3.43920674799665,0.832442903389189,0.505112958942417
2002-12-19,6.55,231.26,-7.61,-7.61,213.96,0.9155809887065842,658.41,27.06629,750.88,3.17552224503765,2.27054970568104,0.715016154973943,0.219528466253919,0.207214753166224,16.85,1.1541095890411,212.45,3.09468317552804,0,-16.0641,4.11759799833194,1.37608385686463,0.451685660266874,1.30108445697626,0.601283991047423,33.3877563865537,51.0347891166449,14.7976986383577,0.969,3.95608738968062,3.43920674799665,0.832442903389189,0.505112958942417
2002-12-20,2.26,222.52,-0.06,-0.06,402.69,4.52903051353079,658.41,27.06629,750.88,3.17552224503765,2.27054970568104,0.715016154973943,0.219528466253919,0.207214753166224,16.85,1.1541095890411,212.45,3.09468317552804,0,-16.0641,4.11759799833194,1.37608385686463,0.451685660266874,1.30108445697626,0.601283991047423,33.3877563865537,51.0347891166449,14.7976986383577,0.969,3.95608738968062,3.43920674799665,0.832442903389189,0.505112958942417
2002-12-21,0.15,202.56,-0.36,-0.36,427.01,3.4537930534839116,658.41,27.06629,750.88,3.17552224503765,2.27054970568104,0.715016154973943,0.219528466253919,0.207214753166224,16.85,1.1541095890411,212.45,3.09468317552804,0,-16.0641,4.11759799833194,1.37608385686463,0.451685660266874,1.30108445697626,0.601283991047423,33.3877563865537,51.0347891166449,14.7976986383577,0.969,3.95608738968062,3.43920674799665,0.832442903389189,0.505112958942417
2002-12-22,0.01,240.66,-1.36,-1.36,394.88,2.215640826763264,658.41,27.06629,750.88,3.17552224503765,2.27054970568104,0.715016154973943,0.219528466253919,0.207214753166224,16.85,1.1541095890411,212.45,3.09468317552804,0,-16.0641,4.11759799833194,1.37608385686463,0.451685660266874,1.30108445697626,0.601283991047423,33.3877563865537,51.0347891166449,14.7976986383577,0.969,3.95608738968062,3.43920674799665,0.832442903389189,0.505112958942417
2002-12-23,0.0,258.58,-1.02,-1.02,383.71,1.769254366077136,658.41,27.06629,750.88,3.17552224503765,2.27054970568104,0.715016154973943,0.219528466253919,0.207214753166224,16.85,1.1541095890411,212.45,3.09468317552804,0,-16.0641,4.11759799833194,1.37608385686463,0.451685660266874,1.30108445697626,0.601283991047423,33.3877563865537,51.0347891166449,14.7976986383577,0.969,3.95608738968062,3.43920674799665,0.832442903389189,0.505112958942417
2002-12-24,2.89,171.27,-2.6,-2.6,359.16,1.433649946729171,658.41,27.06629,750.88,3.17552224503765,2.27054970568104,0.715016154973943,0.219528466253919,0.207214753166224,16.85,1.1541095890411,212.45,3.09468317552804,0,-16.0641,4.11759799833194,1.37608385686463,0.451685660266874,1.30108445697626,0.601283991047423,33.3877563865537,51.0347891166449,14.7976986383577,0.969,3.95608738968062,3.43920674799665,0.832442903389189,0.505112958942417
2002-12-25,11.52,155.55,-4.22,-4.22,337.28,1.2935432473897293,658.41,27.06629,750.88,3.17552224503765,2.27054970568104,0.715016154973943,0.219528466253919,0.207214753166224,16.85,1.1541095890411,212.45,3.09468317552804,0,-16.0641,4.11759799833194,1.37608385686463,0.451685660266874,1.30108445697626,0.601283991047423,33.3877563865537,51.0347891166449,14.7976986383577,0.969,3.95608738968062,3.43920674799665,0.832442903389189,0.505112958942417
2002-12-26,3.95,170.02,-4.49,-4.49,332.26,1.17298632005114,658.41,27.06629,750.88,3.17552224503765,2.27054970568104,0.715016154973943,0.219528466253919,0.207214753166224,16.85,1.1541095890411,212.45,3.09468317552804,0,-16.0641,4.11759799833194,1.37608385686463,0.451685660266874,1.30108445697626,0.601283991047423,33.3877563865537,51.0347891166449,14.7976986383577,0.969,3.95608738968062,3.43920674799665,0.832442903389189,0.505112958942417
2002-12-27,0.3,196.75,-4.73,-4.73,317.95,1.0133298487108457,658.41,27.06629,750.88,3.17552224503765,2.27054970568104,0.715016154973943,0.219528466253919,0.207214753166224,16.85,1.1541095890411,212.45,3.09468317552804,0,-16.0641,4.11759799833194,1.37608385686463,0.451685660266874,1.30108445697626,0.601283991047423,33.3877563865537,51.0347891166449,14.7976986383577,0.969,3.95608738968062,3.43920674799665,0.832442903389189,0.505112958942417
2002-12-28,0.03,214.8,-5.7,-5.7,283.35,0.8797397400383549,658.41,27.06629,750.88,3.17552224503765,2.27054970568104,0.715016154973943,0.219528466253919,0.207214753166224,16.85,1.1541095890411,212.45,3.09468317552804,0,-16.0641,4.11759799833194,1.37608385686463,0.451685660266874,1.30108445697626,0.601283991047423,33.3877563865537,51.0347891166449,14.7976986383577,0.969,3.95608738968062,3.43920674799665,0.832442903389189,0.505112958942417
2002-12-29,0.01,272.09,-5.06,-5.06,277.32,0.8699648540379288,658.41,27.06629,750.88,3.17552224503765,2.27054970568104,0.715016154973943,0.219528466253919,0.207214753166224,16.85,1.1541095890411,212.45,3.09468317552804,0,-16.0641,4.11759799833194,1.37608385686463,0.451685660266874,1.30108445697626,0.601283991047423,33.3877563865537,51.0347891166449,14.7976986383577,0.969,3.95608738968062,3.43920674799665,0.832442903389189,0.505112958942417
2002-12-30,0.21,229.07,-3.62,-3.62,298.15,0.772215994033667,658.41,27.06629,750.88,3.17552224503765,2.27054970568104,0.715016154973943,0.219528466253919,0.207214753166224,16.85,1.1541095890411,212.45,3.09468317552804,0,-16.0641,4.11759799833194,1.37608385686463,0.451685660266874,1.30108445697626,0.601283991047423,33.3877563865537,51.0347891166449,14.7976986383577,0.969,3.95608738968062,3.43920674799665,0.832442903389189,0.505112958942417
2002-12-31,16.47,235.97,-0.96,-0.96,365.62,1.150178252716812,658.41,27.06629,750.88,3.17552224503765,2.27054970568104,0.715016154973943,0.219528466253919,0.207214753166224,16.85,1.1541095890411,212.45,3.09468317552804,0,-16.0641,4.11759799833194,1.37608385686463,0.451685660266874,1.30108445697626,0.601283991047423,33.3877563865537,51.0347891166449,14.7976986383577,0.969,3.95608738968062,3.43920674799665,0.832442903389189,0.505112958942417
2003-01-01,22.5,228.87,1.58,1.58,427.58,2.606636266780311,658.41,27.06629,750.88,3.17552224503765,2.27054970568104,0.715016154973943,0.219528466253919,0.207214753166224,16.85,1.1541095890411,212.45,3.09468317552804,0,-16.0641,4.11759799833194,1.37608385686463,0.451685660266874,1.30108445697626,0.601283991047423,33.3877563865537,51.0347891166449,14.7976986383577,0.969,3.95608738968062,3.43920674799665,0.832442903389189,0.505112958942417
2003-01-02,8.78,202.85,-4.32,-4.32,295.44,2.117891966759003,658.41,27.06629,750.88,3.17552224503765,2.27054970568104,0.715016154973943,0.219528466253919,0.207214753166224,16.85,1.1541095890411,212.45,3.09468317552804,0,-16.0641,4.11759799833194,1.37608385686463,0.451685660266874,1.30108445697626,0.601283991047423,33.3877563865537,51.0347891166449,14.7976986383577,0.969,3.95608738968062,3.43920674799665,0.832442903389189,0.505112958942417
2003-01-03,6.67,220.76,-6.42,-6.42,260.25,1.6812803920733004,658.41,27.06629,750.88,3.17552224503765,2.27054970568104,0.715016154973943,0.219528466253919,0.207214753166224,16.85,1.1541095890411,212.45,3.09468317552804,0,-16.0641,4.11759799833194,1.37608385686463,0.451685660266874,1.30108445697626,0.601283991047423,33.3877563865537,51.0347891166449,14.7976986383577,0.969,3.95608738968062,3.43920674799665,0.832442903389189,0.505112958942417
2003-01-04,1.69,189.95,-5.0,-5.0,303.81,1.5151073300660556,658.41,27.06629,750.88,3.17552224503765,2.27054970568104,0.715016154973943,0.219528466253919,0.207214753166224,16.85,1.1541095890411,212.45,3.09468317552804,0,-16.0641,4.11759799833194,1.37608385686463,0.451685660266874,1.30108445697626,0.601283991047423,33.3877563865537,51.0347891166449,14.7976986383577,0.969,3.95608738968062,3.43920674799665,0.832442903389189,0.505112958942417
2003-01-05,0.31,194.68,-5.26,-5.26,300.17,1.3391593820583847,658.41,27.06629,750.88,3.17552224503765,2.27054970568104,0.715016154973943,0.219528466253919,0.207214753166224,16.85,1.1541095890411,212.45,3.09468317552804,0,-16.0641,4.11759799833194,1.37608385686463,0.451685660266874,1.30108445697626,0.601283991047423,33.3877563865537,51.0347891166449,14.7976986383577,0.969,3.95608738968062,3.43920674799665,0.832442903389189,0.505112958942417
2003-01-06,2.5,185.98,-6.11,-6.11,270.29,1.2283773407202214,658.41,27.06629,750.88,3.17552224503765,2.27054970568104,0.715016154973943,0.219528466253919,0.207214753166224,16.85,1.1541095890411,212.45,3.09468317552804,0,-16.0641,4.11759799833194,1.37608385686463,0.451685660266874,1.30108445697626,0.601283991047423,33.3877563865537,51.0347891166449,14.7976986383577,0.969,3.95608738968062,3.43920674799665,0.832442903389189,0.505112958942417
2003-01-07,0.84,253.06,-8.84,-8.84,183.26,1.107820413381632,658.41,27.06629,750.88,3.17552224503765,2.27054970568104,0.715016154973943,0.219528466253919,0.207214753166224,16.85,1.1541095890411,212.45,3.09468317552804,0,-16.0641,4.11759799833194,1.37608385686463,0.451685660266874,1.30108445697626,0.601283991047423,33.3877563865537,51.0347891166449,14.7976986383577,0.969,3.95608738968062,3.43920674799665,0.832442903389189,0.505112958942417
2003-01-08,0.16,271.98,-6.43,-6.43,229.23,1.0947872320477305,658.41,27.06629,750.88,3.17552224503765,2.27054970568104,0.715016154973943,0.219528466253919,0.207214753166224,16.85,1.1541095890411,212.45,3.09468317552804,0,-16.0641,4.11759799833194,1.37608385686463,0.451685660266874,1.30108445697626,0.601283991047423,33.3877563865537,51.0347891166449,14.7976986383577,0.969,3.95608738968062,3.43920674799665,0.832442903389189,0.505112958942417
2003-01-09,0.45,196.85,0.35,0.35,430.66,1.13062848071596,658.41,27.06629,750.88,3.17552224503765,2.27054970568104,0.715016154973943,0.219528466253919,0.207214753166224,16.85,1.1541095890411,212.45,3.09468317552804,0,-16.0641,4.11759799833194,1.37608385686463,0.451685660266874,1.30108445697626,0.601283991047423,33.3877563865537,51.0347891166449,14.7976986383577,0.969,3.95608738968062,3.43920674799665,0.832442903389189,0.505112958942417
2003-01-10,1.22,252.56,-4.01,-4.01,281.88,1.140403366716386,658.41,27.06629,750.88,3.17552224503765,2.27054970568104,0.715016154973943,0.219528466253919,0.207214753166224,16.85,1.1541095890411,212.45,3.09468317552804,0,-16.0641,4.11759799833194,1.37608385686463,0.451685660266874,1.30108445697626,0.601283991047423,33.3877563865537,51.0347891166449,14.7976986383577,0.969,3.95608738968062,3.43920674799665,0.832442903389189,0.505112958942417
2003-01-11,0.32,227.58,-7.87,-7.87,221.34,0.9123226933731089,658.41,27.06629,750.88,3.17552224503765,2.27054970568104,0.715016154973943,0.219528466253919,0.207214753166224,16.85,1.1541095890411,212.45,3.09468317552804,0,-16.0641,4.11759799833194,1.37608385686463,0.451685660266874,1.30108445697626,0.601283991047423,33.3877563865537,51.0347891166449,14.7976986383577,0.969,3.95608738968062,3.43920674799665,0.832442903389189,0.505112958942417
2003-01-12,0.17,229.16,-8.25,-8.25,224.49,0.8797397400383549,658.41,27.06629,750.88,3.17552224503765,2.27054970568104,0.715016154973943,0.219528466253919,0.207214753166224,16.85,1.1541095890411,212.45,3.09468317552804,0,-16.0641,4.11759799833194,1.37608385686463,0.451685660266874,1.30108445697626,0.601283991047423,33.3877563865537,51.0347891166449,14.7976986383577,0.969,3.95608738968062,3.43920674799665,0.832442903389189,0.505112958942417
2003-01-13,0.36,213.1,-8.74,-8.74,209.27,0.7819908800340932,658.41,27.06629,750.88,3.17552224503765,2.27054970568104,0.715016154973943,0.219528466253919,0.207214753166224,16.85,1.1541095890411,212.45,3.09468317552804,0,-16.0641,4.11759799833194,1.37608385686463,0.451685660266874,1.30108445697626,0.601283991047423,33.3877563865537,51.0347891166449,14.7976986383577,0.969,3.95608738968062,3.43920674799665,0.832442903389189,0.505112958942417
2003-01-14,0.51,238.33,-10.76,-10.76,170.82,0.7168249733645855,658.41,27.06629,750.88,3.17552224503765,2.27054970568104,0.715016154973943,0.219528466253919,0.207214753166224,16.85,1.1541095890411,212.45,3.09468317552804,0,-16.0641,4.11759799833194,1.37608385686463,0.451685660266874,1.30108445697626,0.601283991047423,33.3877563865537,51.0347891166449,14.7976986383577,0.969,3.95608738968062,3.43920674799665,0.832442903389189,0.505112958942417
2003-01-15,0.22,236.4,-10.78,-10.78,174.16,0.6516590666950778,658.41,27.06629,750.88,3.17552224503765,2.27054970568104,0.715016154973943,0.219528466253919,0.207214753166224,16.85,1.1541095890411,212.45,3.09468317552804,0,-16.0641,4.11759799833194,1.37608385686463,0.451685660266874,1.30108445697626,0.601283991047423,33.3877563865537,51.0347891166449,14.7976986383577,0.969,3.95608738968062,3.43920674799665,0.832442903389189,0.505112958942417
2003-01-16,0.08,215.21,-10.33,-10.33,182.98,0.58649316002557,658.41,27.06629,750.88,3.17552224503765,2.27054970568104,0.715016154973943,0.219528466253919,0.207214753166224,16.85,1.1541095890411,212.45,3.09468317552804,0,-16.0641,4.11759799833194,1.37608385686463,0.451685660266874,1.30108445697626,0.601283991047423,33.3877563865537,51.0347891166449,14.7976986383577,0.969,3.95608738968062,3.43920674799665,0.832442903389189,0.505112958942417
2003-01-17,0.02,284.35,-12.29,-12.29,145.05,0.553910206690816,658.41,27.06629,750.88,3.17552224503765,2.27054970568104,0.715016154973943,0.219528466253919,0.207214753166224,16.85,1.1541095890411,212.45,3.09468317552804,0,-16.0641,4.11759799833194,1.37608385686463,0.451685660266874,1.30108445697626,0.601283991047423,33.3877563865537,51.0347891166449,14.7976986383577,0.969,3.95608738968062,3.43920674799665,0.832442903389189,0.505112958942417
2003-01-18,0.09,276.32,-16.3,-16.3,91.84,0.5376187300234391,658.41,27.06629,750.88,3.17552224503765,2.27054970568104,0.715016154973943,0.219528466253919,0.207214753166224,16.85,1.1541095890411,212.45,3.09468317552804,0,-16.0641,4.11759799833194,1.37608385686463,0.451685660266874,1.30108445697626,0.601283991047423,33.3877563865537,51.0347891166449,14.7976986383577,0.969,3.95608738968062,3.43920674799665,0.832442903389189,0.505112958942417
2003-01-19,0.54,268.17,-13.98,-13.98,115.14,0.5376187300234391,658.41,27.06629,750.88,3.17552224503765,2.27054970568104,0.715016154973943,0.219528466253919,0.207214753166224,16.85,1.1541095890411,212.45,3.09468317552804,0,-16.0641,4.11759799833194,1.37608385686463,0.451685660266874,1.30108445697626,0.601283991047423,33.3877563865537,51.0347891166449,14.7976986383577,0.969,3.95608738968062,3.43920674799665,0.832442903389189,0.505112958942417
2003-01-20,1.14,213.26,-11.83,-11.83,152.17,0.5213272533560622,658.41,27.06629,750.88,3.17552224503765,2.27054970568104,0.715016154973943,0.219528466253919,0.207214753166224,16.85,1.1541095890411,212.45,3.09468317552804,0,-16.0641,4.11759799833194,1.37608385686463,0.451685660266874,1.30108445697626,0.601283991047423,33.3877563865537,51.0347891166449,14.7976986383577,0.969,3.95608738968062,3.43920674799665,0.832442903389189,0.505112958942417
2003-01-21,0.38,288.07,-15.77,-15.77,98.58,0.5213272533560622,658.41,27.06629,750.88,3.17552224503765,2.27054970568104,0.715016154973943,0.219528466253919,0.207214753166224,16.85,1.1541095890411,212.45,3.09468317552804,0,-16.0641,4.11759799833194,1.37608385686463,0.451685660266874,1.30108445697626,0.601283991047423,33.3877563865537,51.0347891166449,14.7976986383577,0.969,3.95608738968062,3.43920674799665,0.832442903389189,0.505112958942417
2003-01-22,0.03,327.15,-16.22,-16.22,89.66,0.5050357766886853,658.41,27.06629,750.88,3.17552224503765,2.27054970568104,0.715016154973943,0.219528466253919,0.207214753166224,16.85,1.1541095890411,212.45,3.09468317552804,0,-16.0641,4.11759799833194,1.37608385686463,0.451685660266874,1.30108445697626,0.601283991047423,33.3877563865537,51.0347891166449,14.7976986383577,0.969,3.95608738968062,3.43920674799665,0.832442903389189,0.505112958942417
2003-01-23,0.65,259.4,-17.21,-17.21,87.65,0.5050357766886853,658.41,27.06629,750.88,3.17552224503765,2.27054970568104,0.715016154973943,0.219528466253919,0.207214753166224,16.85,1.1541095890411,212.45,3.09468317552804,0,-16.0641,4.11759799833194,1.37608385686463,0.451685660266874,1.30108445697626,0.601283991047423,33.3877563865537,51.0347891166449,14.7976986383577,0.969,3.95608738968062,3.43920674799665,0.832442903389189,0.505112958942417
2003-01-24,0.19,296.89,-16.69,-16.69,95.55,0.4887443000213083,658.41,27.06629,750.88,3.17552224503765,2.27054970568104,0.715016154973943,0.219528466253919,0.207214753166224,16.85,1.1541095890411,212.45,3.09468317552804,0,-16.0641,4.11759799833194,1.37608385686463,0.451685660266874,1.30108445697626,0.601283991047423,33.3877563865537,51.0347891166449,14.7976986383577,0.969,3.95608738968062,3.43920674799665,0.832442903389189,0.505112958942417
2003-01-25,0.0,349.17,-14.86,-14.86,110.7,0.47245282335393135,658.41,27.06629,750.88,3.17552224503765,2.27054970568104,0.715016154973943,0.219528466253919,0.207214753166224,16.85,1.1541095890411,212.45,3.09468317552804,0,-16.0641,4.11759799833194,1.37608385686463,0.451685660266874,1.30108445697626,0.601283991047423,33.3877563865537,51.0347891166449,14.7976986383577,0.969,3.95608738968062,3.43920674799665,0.832442903389189,0.505112958942417
2003-01-26,0.64,238.8,-10.91,-10.91,154.31,0.45616134668655445,658.41,27.06629,750.88,3.17552224503765,2.27054970568104,0.715016154973943,0.219528466253919,0.207214753166224,16.85,1.1541095890411,212.45,3.09468317552804,0,-16.0641,4.11759799833194,1.37608385686463,0.451685660266874,1.30108445697626,0.601283991047423,33.3877563865537,51.0347891166449,14.7976986383577,0.969,3.95608738968062,3.43920674799665,0.832442903389189,0.505112958942417
2003-01-27,0.34,290.85,-15.43,-15.43,83.54,0.43986987001917743,658.41,27.06629,750.88,3.17552224503765,2.27054970568104,0.715016154973943,0.219528466253919,0.207214753166224,16.85,1.1541095890411,212.45,3.09468317552804,0,-16.0641,4.11759799833194,1.37608385686463,0.451685660266874,1.30108445697626,0.601283991047423,33.3877563865537,51.0347891166449,14.7976986383577,0.969,3.95608738968062,3.43920674799665,0.832442903389189,0.505112958942417
2003-01-28,1.26,275.01,-17.63,-17.63,84.09,0.42357839335180053,658.41,27.06629,750.88,3.17552224503765,2.27054970568104,0.715016154973943,0.219528466253919,0.207214753166224,16.85,1.1541095890411,212.45,3.09468317552804,0,-16.0641,4.11759799833194,1.37608385686463,0.451685660266874,1.30108445697626,0.601283991047423,33.3877563865537,51.0347891166449,14.7976986383577,0.969,3.95608738968062,3.43920674799665,0.832442903389189,0.505112958942417
2003-01-29,0.39,298.17,-11.43,-11.43,144.9,0.4072869166844236,658.41,27.06629,750.88,3.17552224503765,2.27054970568104,0.715016154973943,0.219528466253919,0.207214753166224,16.85,1.1541095890411,212.45,3.09468317552804,0,-16.0641,4.11759799833194,1.37608385686463,0.451685660266874,1.30108445697626,0.601283991047423,33.3877563865537,51.0347891166449,14.7976986383577,0.969,3.95608738968062,3.43920674799665,0.832442903389189,0.505112958942417
2003-01-30,0.02,374.67,-11.55,-11.55,116.06,0.3909954400170466,658.41,27.06629,750.88,3.17552224503765,2.27054970568104,0.715016154973943,0.219528466253919,0.207214753166224,16.85,1.1541095890411,212.45,3.09468317552804,0,-16.0641,4.11759799833194,1.37608385686463,0.451685660266874,1.30108445697626,0.601283991047423,33.3877563865537,51.0347891166449,14.7976986383577,0.969,3.95608738968062,3.43920674799665,0.832442903389189,0.505112958942417
2003-01-31,1.9,295.78,-10.53,-10.53,138.2,0.3714456680161943,658.41,27.06629,750.88,3.17552224503765,2.27054970568104,0.715016154973943,0.219528466253919,0.207214753166224,16.85,1.1541095890411,212.45,3.09468317552804,0,-16.0641,4.11759799833194,1.37608385686463,0.451685660266874,1.30108445697626,0.601283991047423,33.3877563865537,51.0347891166449,14.7976986383577,0.969,3.95608738968062,3.43920674799665,0.832442903389189,0.505112958942417
2003-02-01,1.65,285.96,-5.25,-5.25,261.83,0.33560441934796503,658.41,27.06629,750.88,3.17552224503765,2.27054970568104,0.715016154973943,0.219528466253919,0.207214753166224,16.85,1.1541095890411,212.45,3.09468317552804,0,-16.0641,4.11759799833194,1.37608385686463,0.451685660266874,1.30108445697626,0.601283991047423,33.3877563865537,51.0347891166449,14.7976986383577,0.969,3.95608738968062,3.43920674799665,0.832442903389189,0.505112958942417
2003-02-02,1.02,165.62,-0.68,-0.68,431.09,0.3258295333475389,658.41,27.06629,750.88,3.17552224503765,2.27054970568104,0.715016154973943,0.219528466253919,0.207214753166224,16.85,1.1541095890411,212.45,3.09468317552804,0,-16.0641,4.11759799833194,1.37608385686463,0.451685660266874,1.30108445697626,0.601283991047423,33.3877563865537,51.0347891166449,14.7976986383577,0.969,3.95608738968062,3.43920674799665,0.832442903389189,0.505112958942417
2003-02-03,4.53,199.46,-2.51,-2.51,396.28,0.3193129426805881,658.41,27.06629,750.88,3.17552224503765,2.27054970568104,0.715016154973943,0.219528466253919,0.207214753166224,16.85,1.1541095890411,212.45,3.09468317552804,0,-16.0641,4.11759799833194,1.37608385686463,0.451685660266874,1.30108445697626,0.601283991047423,33.3877563865537,51.0347891166449,14.7976986383577,0.969,3.95608738968062,3.43920674799665,0.832442903389189,0.505112958942417
2003-02-04,2.79,259.02,-0.37,-0.37,405.13,0.4887443000213083,658.41,27.06629,750.88,3.17552224503765,2.27054970568104,0.715016154973943,0.219528466253919,0.207214753166224,16.85,1.1541095890411,212.45,3.09468317552804,0,-16.0641,4.11759799833194,1.37608385686463,0.451685660266874,1.30108445697626,0.601283991047423,33.3877563865537,51.0347891166449,14.7976986383577,0.969,3.95608738968062,3.43920674799665,0.832442903389189,0.505112958942417
2003-02-05,0.45,358.24,-4.36,-4.36,243.38,0.7363747453654379,658.41,27.06629,750.88,3.17552224503765,2.27054970568104,0.715016154973943,0.219528466253919,0.207214753166224,16.85,1.1541095890411,212.45,3.09468317552804,0,-16.0641,4.11759799833194,1.37608385686463,0.451685660266874,1.30108445697626,0.601283991047423,33.3877563865537,51.0347891166449,14.7976986383577,0.969,3.95608738968062,3.43920674799665,0.832442903389189,0.505112958942417
2003-02-06,0.91,283.34,-10.61,-10.61,158.99,0.6027846366929469,658.41,27.06629,750.88,3.17552224503765,2.27054970568104,0.715016154973943,0.219528466253919,0.207214753166224,16.85,1.1541095890411,212.45,3.09468317552804,0,-16.0641,4.11759799833194,1.37608385686463,0.451685660266874,1.30108445697626,0.601283991047423,33.3877563865537,51.0347891166449,14.7976986383577,0.969,3.95608738968062,3.43920674799665,0.832442903389189,0.505112958942417
2003-02-07,0.39,271.64,-8.5,-8.5,191.14,0.5571685020242915,658.41,27.06629,750.88,3.17552224503765,2.27054970568104,0.715016154973943,0.219528466253919,0.207214753166224,16.85,1.1541095890411,212.45,3.09468317552804,0,-16.0641,4.11759799833194,1.37608385686463,0.451685660266874,1.30108445697626,0.601283991047423,33.3877563865537,51.0347891166449,14.7976986383577,0.969,3.95608738968062,3.43920674799665,0.832442903389189,0.505112958942417
2003-02-08,0.04,396.97,-11.99,-11.99,132.84,0.43986987001917743,658.41,27.06629,750.88,3.17552224503765,2.27054970568104,0.715016154973943,0.219528466253919,0.207214753166224,16.85,1.1541095890411,212.45,3.09468317552804,0,-16.0641,4.11759799833194,1.37608385686463,0.451685660266874,1.30108445697626,0.601283991047423,33.3877563865537,51.0347891166449,14.7976986383577,0.969,3.95608738968062,3.43920674799665,0.832442903389189,0.505112958942417
2003-02-09,0.34,302.01,-8.48,-8.48,185.8,0.42357839335180053,658.41,27.06629,750.88,3.17552224503765,2.27054970568104,0.715016154973943,0.219528466253919,0.207214753166224,16.85,1.1541095890411,212.45,3.09468317552804,0,-16.0641,4.11759799833194,1.37608385686463,0.451685660266874,1.30108445697626,0.601283991047423,33.3877563865537,51.0347891166449,14.7976986383577,0.969,3.95608738968062,3.43920674799665,0.832442903389189,0.505112958942417
2003-02-10,1.81,308.27,-9.14,-9.14,160.95,0.42357839335180053,658.41,27.06629,750.88,3.17552224503765,2.27054970568104,0.715016154973943,0.219528466253919,0.207214753166224,16.85,1.1541095890411,212.45,3.09468317552804,0,-16.0641,4.11759799833194,1.37608385686463,0.451685660266874,1.30108445697626,0.601283991047423,33.3877563865537,51.0347891166449,14.7976986383577,0.969,3.95608738968062,3.43920674799665,0.832442903389189,0.505112958942417
2003-02-11,1.12,326.89,-12.7,-12.7,96.04,0.4072869166844236,658.41,27.06629,750.88,3.17552224503765,2.27054970568104,0.715016154973943,0.219528466253919,0.207214753166224,16.85,1.1541095890411,212.45,3.09468317552804,0,-16.0641,4.11759799833194,1.37608385686463,0.451685660266874,1.30108445697626,0.601283991047423,33.3877563865537,51.0347891166449,14.7976986383577,0.969,3.95608738968062,3.43920674799665,0.832442903389189,0.505112958942417
2003-02-12,0.43,323.3,-13.16,-13.16,92.73,0.4072869166844236,658.41,27.06629,750.88,3.17552224503765,2.27054970568104,0.715016154973943,0.219528466253919,0.207214753166224,16.85,1.1541095890411,212.45,3.09468317552804,0,-16.0641,4.11759799833194,1.37608385686463,0.451685660266874,1.30108445697626,0.601283991047423,33.3877563865537,51.0347891166449,14.7976986383577,0.969,3.95608738968062,3.43920674799665,0.832442903389189,0.505112958942417
2003-02-13,0.14,312.29,-15.38,-15.38,91.78,0.4072869166844236,658.41,27.06629,750.88,3.17552224503765,2.27054970568104,0.715016154973943,0.219528466253919,0.207214753166224,16.85,1.1541095890411,212.45,3.09468317552804,0,-16.0641,4.11759799833194,1.37608385686463,0.451685660266874,1.30108445697626,0.601283991047423,33.3877563865537,51.0347891166449,14.7976986383577,0.969,3.95608738968062,3.43920674799665,0.832442903389189,0.505112958942417
2003-02-14,0.02,365.79,-15.93,-15.93,101.6,0.3909954400170466,658.41,27.06629,750.88,3.17552224503765,2.27054970568104,0.715016154973943,0.219528466253919,0.207214753166224,16.85,1.1541095890411,212.45,3.09468317552804,0,-16.0641,4.11759799833194,1.37608385686463,0.451685660266874,1.30108445697626,0.601283991047423,33.3877563865537,51.0347891166449,14.7976986383577,0.969,3.95608738968062,3.43920674799665,0.832442903389189,0.505112958942417
2003-02-15,0.28,329.35,-12.22,-12.22,131.54,0.3909954400170466,658.41,27.06629,750.88,3.17552224503765,2.27054970568104,0.715016154973943,0.219528466253919,0.207214753166224,16.85,1.1541095890411,212.45,3.09468317552804,0,-16.0641,4.11759799833194,1.37608385686463,0.451685660266874,1.30108445697626,0.601283991047423,33.3877563865537,51.0347891166449,14.7976986383577,0.969,3.95608738968062,3.43920674799665,0.832442903389189,0.505112958942417
2003-02-16,6.31,290.25,-15.17,-15.17,108.62,0.3747039633496697,658.41,27.06629,750.88,3.17552224503765,2.27054970568104,0.715016154973943,0.219528466253919,0.207214753166224,16.85,1.1541095890411,212.45,3.09468317552804,0,-16.0641,4.11759799833194,1.37608385686463,0.451685660266874,1.30108445697626,0.601283991047423,33.3877563865537,51.0347891166449,14.7976986383577,0.969,3.95608738968062,3.43920674799665,0.832442903389189,0.505112958942417
2003-02-17,7.33,278.13,-13.53,-13.53,139.27,0.35841248668229275,658.41,27.06629,750.88,3.17552224503765,2.27054970568104,0.715016154973943,0.219528466253919,0.207214753166224,16.85,1.1541095890411,212.45,3.09468317552804,0,-16.0641,4.11759799833194,1.37608385686463,0.451685660266874,1.30108445697626,0.601283991047423,33.3877563865537,51.0347891166449,14.7976986383577,0.969,3.95608738968062,3.43920674799665,0.832442903389189,0.505112958942417
2003-02-18,1.54,223.63,-10.45,-10.45,204.8,0.35841248668229275,658.41,27.06629,750.88,3.17552224503765,2.27054970568104,0.715016154973943,0.219528466253919,0.207214753166224,16.85,1.1541095890411,212.45,3.09468317552804,0,-16.0641,4.11759799833194,1.37608385686463,0.451685660266874,1.30108445697626,0.601283991047423,33.3877563865537,51.0347891166449,14.7976986383577,0.969,3.95608738968062,3.43920674799665,0.832442903389189,0.505112958942417
2003-02-19,0.02,313.79,-5.8,-5.8,278.54,0.35841248668229275,658.41,27.06629,750.88,3.17552224503765,2.27054970568104,0.715016154973943,0.219528466253919,0.207214753166224,16.85,1.1541095890411,212.45,3.09468317552804,0,-16.0641,4.11759799833194,1.37608385686463,0.451685660266874,1.30108445697626,0.601283991047423,33.3877563865537,51.0347891166449,14.7976986383577,0.969,3.95608738968062,3.43920674799665,0.832442903389189,0.505112958942417
2003-02-20,0.0,427.02,-2.99,-2.99,276.29,0.3421210100149158,658.41,27.06629,750.88,3.17552224503765,2.27054970568104,0.715016154973943,0.219528466253919,0.207214753166224,16.85,1.1541095890411,212.45,3.09468317552804,0,-16.0641,4.11759799833194,1.37608385686463,0.451685660266874,1.30108445697626,0.601283991047423,33.3877563865537,51.0347891166449,14.7976986383577,0.969,3.95608738968062,3.43920674799665,0.832442903389189,0.505112958942417
2003-02-21,1.06,349.12,-3.21,-3.21,242.04,0.3421210100149158,658.41,27.06629,750.88,3.17552224503765,2.27054970568104,0.715016154973943,0.219528466253919,0.207214753166224,16.85,1.1541095890411,212.45,3.09468317552804,0,-16.0641,4.11759799833194,1.37608385686463,0.451685660266874,1.30108445697626,0.601283991047423,33.3877563865537,51.0347891166449,14.7976986383577,0.969,3.95608738968062,3.43920674799665,0.832442903389189,0.505112958942417
2003-02-22,7.87,351.93,-1.37,-1.37,300.57,0.39425373535052205,658.41,27.06629,750.88,3.17552224503765,2.27054970568104,0.715016154973943,0.219528466253919,0.207214753166224,16.85,1.1541095890411,212.45,3.09468317552804,0,-16.0641,4.11759799833194,1.37608385686463,0.451685660266874,1.30108445697626,0.601283991047423,33.3877563865537,51.0347891166449,14.7976986383577,0.969,3.95608738968062,3.43920674799665,0.832442903389189,0.505112958942417
2003-02-23,3.2,280.65,0.88,0.88,390.42,1.1795029107180908,658.41,27.06629,750.88,3.17552224503765,2.27054970568104,0.715016154973943,0.219528466253919,0.207214753166224,16.85,1.1541095890411,212.45,3.09468317552804,0,-16.0641,4.11759799833194,1.37608385686463,0.451685660266874,1.30108445697626,0.601283991047423,33.3877563865537,51.0347891166449,14.7976986383577,0.969,3.95608738968062,3.43920674799665,0.832442903389189,0.505112958942417
2003-02-24,2.2,345.1,-6.21,-6.21,213.46,1.476007786064351,658.41,27.06629,750.88,3.17552224503765,2.27054970568104,0.715016154973943,0.219528466253919,0.207214753166224,16.85,1.1541095890411,212.45,3.09468317552804,0,-16.0641,4.11759799833194,1.37608385686463,0.451685660266874,1.30108445697626,0.601283991047423,33.3877563865537,51.0347891166449,14.7976986383577,0.969,3.95608738968062,3.43920674799665,0.832442903389189,0.505112958942417
2003-02-25,0.6,380.96,-9.35,-9.35,154.09,1.241410522054123,658.41,27.06629,750.88,3.17552224503765,2.27054970568104,0.715016154973943,0.219528466253919,0.207214753166224,16.85,1.1541095890411,212.45,3.09468317552804,0,-16.0641,4.11759799833194,1.37608385686463,0.451685660266874,1.30108445697626,0.601283991047423,33.3877563865537,51.0347891166449,14.7976986383577,0.969,3.95608738968062,3.43920674799665,0.832442903389189,0.505112958942417
2003-02-26,0.03,461.94,-14.85,-14.85,101.36,0.9449056467078627,658.41,27.06629,750.88,3.17552224503765,2.27054970568104,0.715016154973943,0.219528466253919,0.207214753166224,16.85,1.1541095890411,212.45,3.09468317552804,0,-16.0641,4.11759799833194,1.37608385686463,0.451685660266874,1.30108445697626,0.601283991047423,33.3877563865537,51.0347891166449,14.7976986383577,0.969,3.95608738968062,3.43920674799665,0.832442903389189,0.505112958942417
2003-02-27,0.0,444.8,-9.64,-9.64,168.26,0.9449056467078627,658.41,27.06629,750.88,3.17552224503765,2.27054970568104,0.715016154973943,0.219528466253919,0.207214753166224,16.85,1.1541095890411,212.45,3.09468317552804,0,-16.0641,4.11759799833194,1.37608385686463,0.451685660266874,1.30108445697626,0.601283991047423,33.3877563865537,51.0347891166449,14.7976986383577,0.969,3.95608738968062,3.43920674799665,0.832442903389189,0.505112958942417
2003-02-28,0.08,325.49,-5.73,-5.73,258.7,0.9383890560409119,658.41,27.06629,750.88,3.17552224503765,2.27054970568104,0.715016154973943,0.219528466253919,0.207214753166224,16.85,1.1541095890411,212.45,3.09468317552804,0,-16.0641,4.11759799833194,1.37608385686463,0.451685660266874,1.30108445697626,0.601283991047423,33.3877563865537,51.0347891166449,14.7976986383577,0.969,3.95608738968062,3.43920674799665,0.832442903389189,0.505112958942417
2003-03-01,1.23,303.11,-3.4,-3.4,293.95,0.8373819007031749,658.41,27.06629,750.88,3.17552224503765,2.27054970568104,0.715016154973943,0.219528466253919,0.207214753166224,16.85,1.1541095890411,212.45,3.09468317552804,0,-16.0641,4.11759799833194,1.37608385686463,0.451685660266874,1.30108445697626,0.601283991047423,33.3877563865537,51.0347891166449,14.7976986383577,0.969,3.95608738968062,3.43920674799665,0.832442903389189,0.505112958942417
2003-03-02,1.33,372.7,-7.47,-7.47,173.2,0.8145738333688473,658.41,27.06629,750.88,3.17552224503765,2.27054970568104,0.715016154973943,0.219528466253919,0.207214753166224,16.85,1.1541095890411,212.45,3.09468317552804,0,-16.0641,4.11759799833194,1.37608385686463,0.451685660266874,1.30108445697626,0.601283991047423,33.3877563865537,51.0347891166449,14.7976986383577,0.969,3.95608738968062,3.43920674799665,0.832442903389189,0.505112958942417
2003-03-03,0.48,386.59,-9.24,-9.24,120.27,0.6190761133603239,658.41,27.06629,750.88,3.17552224503765,2.27054970568104,0.715016154973943,0.219528466253919,0.207214753166224,16.85,1.1541095890411,212.45,3.09468317552804,0,-16.0641,4.11759799833194,1.37608385686463,0.451685660266874,1.30108445697626,0.601283991047423,33.3877563865537,51.0347891166449,14.7976986383577,0.969,3.95608738968062,3.43920674799665,0.832442903389189,0.505112958942417
2003-03-04,0.15,332.25,-10.06,-10.06,164.37,0.58649316002557,658.41,27.06629,750.88,3.17552224503765,2.27054970568104,0.715016154973943,0.219528466253919,0.207214753166224,16.85,1.1541095890411,212.45,3.09468317552804,0,-16.0641,4.11759799833194,1.37608385686463,0.451685660266874,1.30108445697626,0.601283991047423,33.3877563865537,51.0347891166449,14.7976986383577,0.969,3.95608738968062,3.43920674799665,0.832442903389189,0.505112958942417
2003-03-05,0.52,378.02,-4.34,-4.34,236.46,0.6842420200298316,658.41,27.06629,750.88,3.17552224503765,2.27054970568104,0.715016154973943,0.219528466253919,0.207214753166224,16.85,1.1541095890411,212.45,3.09468317552804,0,-16.0641,4.11759799833194,1.37608385686463,0.451685660266874,1.30108445697626,0.601283991047423,33.3877563865537,51.0347891166449,14.7976986383577,0.969,3.95608738968062,3.43920674799665,0.832442903389189,0.505112958942417
2003-03-06,1.92,391.43,-4.84,-4.84,167.7,0.7885074707010441,658.41,27.06629,750.88,3.17552224503765,2.27054970568104,0.715016154973943,0.219528466253919,0.207214753166224,16.85,1.1541095890411,212.45,3.09468317552804,0,-16.0641,4.11759799833194,1.37608385686463,0.451685660266874,1.30108445697626,0.601283991047423,33.3877563865537,51.0347891166449,14.7976986383577,0.969,3.95608738968062,3.43920674799665,0.832442903389189,0.505112958942417
2003-03-07,0.47,496.6,-12.23,-12.23,114.28,0.58649316002557,658.41,27.06629,750.88,3.17552224503765,2.27054970568104,0.715016154973943,0.219528466253919,0.207214753166224,16.85,1.1541095890411,212.45,3.09468317552804,0,-16.0641,4.11759799833194,1.37608385686463,0.451685660266874,1.30108445697626,0.601283991047423,33.3877563865537,51.0347891166449,14.7976986383577,0.969,3.95608738968062,3.43920674799665,0.832442903389189,0.505112958942417
2003-03-08,1.13,386.59,-6.36,-6.36,194.58,0.7494079266993394,658.41,27.06629,750.88,3.17552224503765,2.27054970568104,0.715016154973943,0.219528466253919,0.207214753166224,16.85,1.1541095890411,212.45,3.09468317552804,0,-16.0641,4.11759799833194,1.37608385686463,0.451685660266874,1.30108445697626,0.601283991047423,33.3877563865537,51.0347891166449,14.7976986383577,0.969,3.95608738968062,3.43920674799665,0.832442903389189,0.505112958942417
2003-03-09,0.31,490.83,-2.89,-2.89,206.36,1.3684840400596632,658.41,27.06629,750.88,3.17552224503765,2.27054970568104,0.715016154973943,0.219528466253919,0.207214753166224,16.85,1.1541095890411,212.45,3.09468317552804,0,-16.0641,4.11759799833194,1.37608385686463,0.451685660266874,1.30108445697626,0.601283991047423,33.3877563865537,51.0347891166449,14.7976986383577,0.969,3.95608738968062,3.43920674799665,0.832442903389189,0.505112958942417
2003-03-10,0.0,427.02,-9.48,-9.48,149.32,1.2055692733858938,658.41,27.06629,750.88,3.17552224503765,2.27054970568104,0.715016154973943,0.219528466253919,0.207214753166224,16.85,1.1541095890411,212.45,3.09468317552804,0,-16.0641,4.11759799833194,1.37608385686463,0.451685660266874,1.30108445697626,0.601283991047423,33.3877563865537,51.0347891166449,14.7976986383577,0.969,3.95608738968062,3.43920674799665,0.832442903389189,0.505112958942417
2003-03-11,0.25,362.43,-12.07,-12.07,152.93,1.0100715533773705,658.41,27.06629,750.88,3.17552224503765,2.27054970568104,0.715016154973943,0.219528466253919,0.207214753166224,16.85,1.1541095890411,212.45,3.09468317552804,0,-16.0641,4.11759799833194,1.37608385686463,0.451685660266874,1.30108445697626,0.601283991047423,33.3877563865537,51.0347891166449,14.7976986383577,0.969,3.95608738968062,3.43920674799665,0.832442903389189,0.505112958942417
2003-03-12,1.46,399.0,-4.99,-4.99,222.67,0.9774886000426166,658.41,27.06629,750.88,3.17552224503765,2.27054970568104,0.715016154973943,0.219528466253919,0.207214753166224,16.85,1.1541095890411,212.45,3.09468317552804,0,-16.0641,4.11759799833194,1.37608385686463,0.451685660266874,1.30108445697626,0.601283991047423,33.3877563865537,51.0347891166449,14.7976986383577,0.969,3.95608738968062,3.43920674799665,0.832442903389189,0.505112958942417
2003-03-13,3.72,406.1,-2.23,-2.23,227.93,1.156694843383763,658.41,27.06629,750.88,3.17552224503765,2.27054970568104,0.715016154973943,0.219528466253919,0.207214753166224,16.85,1.1541095890411,212.45,3.09468317552804,0,-16.0641,4.11759799833194,1.37608385686463,0.451685660266874,1.30108445697626,0.601283991047423,33.3877563865537,51.0347891166449,14.7976986383577,0.969,3.95608738968062,3.43920674799665,0.832442903389189,0.505112958942417
2003-03-14,0.88,498.13,-7.44,-7.44,177.39,0.9123226933731089,658.41,27.06629,750.88,3.17552224503765,2.27054970568104,0.715016154973943,0.219528466253919,0.207214753166224,16.85,1.1541095890411,212.45,3.09468317552804,0,-16.0641,4.11759799833194,1.37608385686463,0.451685660266874,1.30108445697626,0.601283991047423,33.3877563865537,51.0347891166449,14.7976986383577,0.969,3.95608738968062,3.43920674799665,0.832442903389189,0.505112958942417
2003-03-15,0.0,495.41,-3.68,-3.68,279.8,1.3000598380566801,658.41,27.06629,750.88,3.17552224503765,2.27054970568104,0.715016154973943,0.219528466253919,0.207214753166224,16.85,1.1541095890411,212.45,3.09468317552804,0,-16.0641,4.11759799833194,1.37608385686463,0.451685660266874,1.30108445697626,0.601283991047423,33.3877563865537,51.0347891166449,14.7976986383577,0.969,3.95608738968062,3.43920674799665,0.832442903389189,0.505112958942417
2003-03-16,0.0,519.68,5.58,5.58,457.07,4.235783933518006,658.41,27.06629,750.88,3.17552224503765,2.27054970568104,0.715016154973943,0.219528466253919,0.207214753166224,16.85,1.1541095890411,212.45,3.09468317552804,0,-16.0641,4.11759799833194,1.37608385686463,0.451685660266874,1.30108445697626,0.601283991047423,33.3877563865537,51.0347891166449,14.7976986383577,0.969,3.95608738968062,3.43920674799665,0.832442903389189,0.505112958942417
2003-03-17,0.0,527.19,7.73,7.73,468.19,10.06813258043895,658.41,27.06629,750.88,3.17552224503765,2.27054970568104,0.715016154973943,0.219528466253919,0.207214753166224,16.85,1.1541095890411,212.45,3.09468317552804,0,-16.0641,4.11759799833194,1.37608385686463,0.451685660266874,1.30108445697626,0.601283991047423,33.3877563865537,51.0347891166449,14.7976986383577,0.969,3.95608738968062,3.43920674799665,0.832442903389189,0.505112958942417
2003-03-18,0.09,455.45,7.19,7.19,423.27,12.511854080545492,658.41,27.06629,750.88,3.17552224503765,2.27054970568104,0.715016154973943,0.219528466253919,0.207214753166224,16.85,1.1541095890411,212.45,3.09468317552804,0,-16.0641,4.11759799833194,1.37608385686463,0.451685660266874,1.30108445697626,0.601283991047423,33.3877563865537,51.0347891166449,14.7976986383577,0.969,3.95608738968062,3.43920674799665,0.832442903389189,0.505112958942417
2003-03-19,1.69,399.27,3.71,3.71,396.43,10.035549627104198,658.41,27.06629,750.88,3.17552224503765,2.27054970568104,0.715016154973943,0.219528466253919,0.207214753166224,16.85,1.1541095890411,212.45,3.09468317552804,0,-16.0641,4.11759799833194,1.37608385686463,0.451685660266874,1.30108445697626,0.601283991047423,33.3877563865537,51.0347891166449,14.7976986383577,0.969,3.95608738968062,3.43920674799665,0.832442903389189,0.505112958942417
2003-03-20,9.83,369.66,3.18,3.18,454.12,10.426545067121245,658.41,27.06629,750.88,3.17552224503765,2.27054970568104,0.715016154973943,0.219528466253919,0.207214753166224,16.85,1.1541095890411,212.45,3.09468317552804,0,-16.0641,4.11759799833194,1.37608385686463,0.451685660266874,1.30108445697626,0.601283991047423,33.3877563865537,51.0347891166449,14.7976986383577,0.969,3.95608738968062,3.43920674799665,0.832442903389189,0.505112958942417
2003-03-21,5.53,306.58,3.87,3.87,535.72,17.138633454080544,658.41,27.06629,750.88,3.17552224503765,2.27054970568104,0.715016154973943,0.219528466253919,0.207214753166224,16.85,1.1541095890411,212.45,3.09468317552804,0,-16.0641,4.11759799833194,1.37608385686463,0.451685660266874,1.30108445697626,0.601283991047423,33.3877563865537,51.0347891166449,14.7976986383577,0.969,3.95608738968062,3.43920674799665,0.832442903389189,0.505112958942417
2003-03-22,2.18,410.63,6.61,6.61,526.09,15.737566460686129,658.41,27.06629,750.88,3.17552224503765,2.27054970568104,0.715016154973943,0.219528466253919,0.207214753166224,16.85,1.1541095890411,212.45,3.09468317552804,0,-16.0641,4.11759799833194,1.37608385686463,0.451685660266874,1.30108445697626,0.601283991047423,33.3877563865537,51.0347891166449,14.7976986383577,0.969,3.95608738968062,3.43920674799665,0.832442903389189,0.505112958942417
2003-03-23,0.38,427.6,3.57,3.57,441.97,9.188392840400596,658.41,27.06629,750.88,3.17552224503765,2.27054970568104,0.715016154973943,0.219528466253919,0.207214753166224,16.85,1.1541095890411,212.45,3.09468317552804,0,-16.0641,4.11759799833194,1.37608385686463,0.451685660266874,1.30108445697626,0.601283991047423,33.3877563865537,51.0347891166449,14.7976986383577,0.969,3.95608738968062,3.43920674799665,0.832442903389189,0.505112958942417
2003-03-24,0.69,436.03,3.46,3.46,458.0,6.549173620285531,658.41,27.06629,750.88,3.17552224503765,2.27054970568104,0.715016154973943,0.219528466253919,0.207214753166224,16.85,1.1541095890411,212.45,3.09468317552804,0,-16.0641,4.11759799833194,1.37608385686463,0.451685660266874,1.30108445697626,0.601283991047423,33.3877563865537,51.0347891166449,14.7976986383577,0.969,3.95608738968062,3.43920674799665,0.832442903389189,0.505112958942417
2003-03-25,3.54,411.61,7.11,7.11,543.2,5.669433880247176,658.41,27.06629,750.88,3.17552224503765,2.27054970568104,0.715016154973943,0.219528466253919,0.207214753166224,16.85,1.1541095890411,212.45,3.09468317552804,0,-16.0641,4.11759799833194,1.37608385686463,0.451685660266874,1.30108445697626,0.601283991047423,33.3877563865537,51.0347891166449,14.7976986383577,0.969,3.95608738968062,3.43920674799665,0.832442903389189,0.505112958942417
2003-03-26,1.67,426.16,9.6,9.6,534.94,6.125595226933731,658.41,27.06629,750.88,3.17552224503765,2.27054970568104,0.715016154973943,0.219528466253919,0.207214753166224,16.85,1.1541095890411,212.45,3.09468317552804,0,-16.0641,4.11759799833194,1.37608385686463,0.451685660266874,1.30108445697626,0.601283991047423,33.3877563865537,51.0347891166449,14.7976986383577,0.969,3.95608738968062,3.43920674799665,0.832442903389189,0.505112958942417
2003-03-27,0.21,502.46,5.71,5.71,476.5,4.496447560196037,658.41,27.06629,750.88,3.17552224503765,2.27054970568104,0.715016154973943,0.219528466253919,0.207214753166224,16.85,1.1541095890411,212.45,3.09468317552804,0,-16.0641,4.11759799833194,1.37608385686463,0.451685660266874,1.30108445697626,0.601283991047423,33.3877563865537,51.0347891166449,14.7976986383577,0.969,3.95608738968062,3.43920674799665,0.832442903389189,0.505112958942417
2003-03-28,0.79,442.27,8.2,8.2,606.27,3.5515419134881734,658.41,27.06629,750.88,3.17552224503765,2.27054970568104,0.715016154973943,0.219528466253919,0.207214753166224,16.85,1.1541095890411,212.45,3.09468317552804,0,-16.0641,4.11759799833194,1.37608385686463,0.451685660266874,1.30108445697626,0.601283991047423,33.3877563865537,51.0347891166449,14.7976986383577,0.969,3.95608738968062,3.43920674799665,0.832442903389189,0.505112958942417
2003-03-29,3.46,404.62,8.89,8.89,577.52,3.3886271468144042,658.41,27.06629,750.88,3.17552224503765,2.27054970568104,0.715016154973943,0.219528466253919,0.207214753166224,16.85,1.1541095890411,212.45,3.09468317552804,0,-16.0641,4.11759799833194,1.37608385686463,0.451685660266874,1.30108445697626,0.601283991047423,33.3877563865537,51.0347891166449,14.7976986383577,0.969,3.95608738968062,3.43920674799665,0.832442903389189,0.505112958942417
2003-03-30,3.67,434.17,2.84,2.84,333.21,3.0921222714681433,658.41,27.06629,750.88,3.17552224503765,2.27054970568104,0.715016154973943,0.219528466253919,0.207214753166224,16.85,1.1541095890411,212.45,3.09468317552804,0,-16.0641,4.11759799833194,1.37608385686463,0.451685660266874,1.30108445697626,0.601283991047423,33.3877563865537,51.0347891166449,14.7976986383577,0.969,3.95608738968062,3.43920674799665,0.832442903389189,0.505112958942417
2003-03-31,1.57,346.77,-4.25,-4.25,249.19,2.6001196761133603,658.41,27.06629,750.88,3.17552224503765,2.27054970568104,0.715016154973943,0.219528466253919,0.207214753166224,16.85,1.1541095890411,212.45,3.09468317552804,0,-16.0641,4.11759799833194,1.37608385686463,0.451685660266874,1.30108445697626,0.601283991047423,33.3877563865537,51.0347891166449,14.7976986383577,0.969,3.95608738968062,3.43920674799665,0.832442903389189,0.505112958942417
2003-04-01,11.77,321.26,-3.98,-3.98,309.15,2.4991125207756233,658.41,27.06629,750.88,3.17552224503765,2.27054970568104,0.715016154973943,0.219528466253919,0.207214753166224,16.85,1.1541095890411,212.45,3.09468317552804,0,-16.0641,4.11759799833194,1.37608385686463,0.451685660266874,1.30108445697626,0.601283991047423,33.3877563865537,51.0347891166449,14.7976986383577,0.969,3.95608738968062,3.43920674799665,0.832442903389189,0.505112958942417
2003-04-02,3.09,405.59,1.84,1.84,433.49,6.451424760281269,658.41,27.06629,750.88,3.17552224503765,2.27054970568104,0.715016154973943,0.219528466253919,0.207214753166224,16.85,1.1541095890411,212.45,3.09468317552804,0,-16.0641,4.11759799833194,1.37608385686463,0.451685660266874,1.30108445697626,0.601283991047423,33.3877563865537,51.0347891166449,14.7976986383577,0.969,3.95608738968062,3.43920674799665,0.832442903389189,0.505112958942417
2003-04-03,2.78,480.58,6.75,6.75,477.73,3.714456680161943,658.41,27.06629,750.88,3.17552224503765,2.27054970568104,0.715016154973943,0.219528466253919,0.207214753166224,16.85,1.1541095890411,212.45,3.09468317552804,0,-16.0641,4.11759799833194,1.37608385686463,0.451685660266874,1.30108445697626,0.601283991047423,33.3877563865537,51.0347891166449,14.7976986383577,0.969,3.95608738968062,3.43920674799665,0.832442903389189,0.505112958942417
2003-04-04,21.78,349.3,4.78,4.78,465.2,3.8773714468357126,658.41,27.06629,750.88,3.17552224503765,2.27054970568104,0.715016154973943,0.219528466253919,0.207214753166224,16.85,1.1541095890411,212.45,3.09468317552804,0,-16.0641,4.11759799833194,1.37608385686463,0.451685660266874,1.30108445697626,0.601283991047423,33.3877563865537,51.0347891166449,14.7976986383577,0.969,3.95608738968062,3.43920674799665,0.832442903389189,0.505112958942417
2003-04-05,7.13,380.42,-0.1,-0.1,350.06,11.371450713829105,658.41,27.06629,750.88,3.17552224503765,2.27054970568104,0.715016154973943,0.219528466253919,0.207214753166224,16.85,1.1541095890411,212.45,3.09468317552804,0,-16.0641,4.11759799833194,1.37608385686463,0.451685660266874,1.30108445697626,0.601283991047423,33.3877563865537,51.0347891166449,14.7976986383577,0.969,3.95608738968062,3.43920674799665,0.832442903389189,0.505112958942417
2003-04-06,1.76,492.81,1.15,1.15,313.13,5.669433880247176,658.41,27.06629,750.88,3.17552224503765,2.27054970568104,0.715016154973943,0.219528466253919,0.207214753166224,16.85,1.1541095890411,212.45,3.09468317552804,0,-16.0641,4.11759799833194,1.37608385686463,0.451685660266874,1.30108445697626,0.601283991047423,33.3877563865537,51.0347891166449,14.7976986383577,0.969,3.95608738968062,3.43920674799665,0.832442903389189,0.505112958942417
2003-04-07,6.7,322.1,-1.66,-1.66,322.67,4.235783933518006,658.41,27.06629,750.88,3.17552224503765,2.27054970568104,0.715016154973943,0.219528466253919,0.207214753166224,16.85,1.1541095890411,212.45,3.09468317552804,0,-16.0641,4.11759799833194,1.37608385686463,0.451685660266874,1.30108445697626,0.601283991047423,33.3877563865537,51.0347891166449,14.7976986383577,0.969,3.95608738968062,3.43920674799665,0.832442903389189,0.505112958942417
2003-04-08,1.67,348.79,-1.89,-1.89,363.03,3.6492907734924356,658.41,27.06629,750.88,3.17552224503765,2.27054970568104,0.715016154973943,0.219528466253919,0.207214753166224,16.85,1.1541095890411,212.45,3.09468317552804,0,-16.0641,4.11759799833194,1.37608385686463,0.451685660266874,1.30108445697626,0.601283991047423,33.3877563865537,51.0347891166449,14.7976986383577,0.969,3.95608738968062,3.43920674799665,0.832442903389189,0.505112958942417
2003-04-09,0.0,401.85,-0.47,-0.47,391.6,3.2908782868101425,658.41,27.06629,750.88,3.17552224503765,2.27054970568104,0.715016154973943,0.219528466253919,0.207214753166224,16.85,1.1541095890411,212.45,3.09468317552804,0,-16.0641,4.11759799833194,1.37608385686463,0.451685660266874,1.30108445697626,0.601283991047423,33.3877563865537,51.0347891166449,14.7976986383577,0.969,3.95608738968062,3.43920674799665,0.832442903389189,0.505112958942417
2003-04-10,0.0,318.39,-0.65,-0.65,409.67,3.238745561474536,658.41,27.06629,750.88,3.17552224503765,2.27054970568104,0.715016154973943,0.219528466253919,0.207214753166224,16.85,1.1541095890411,212.45,3.09468317552804,0,-16.0641,4.11759799833194,1.37608385686463,0.451685660266874,1.30108445697626,0.601283991047423,33.3877563865537,51.0347891166449,14.7976986383577,0.969,3.95608738968062,3.43920674799665,0.832442903389189,0.505112958942417
2003-04-11,0.01,526.82,2.89,2.89,420.38,3.0236980694651607,658.41,27.06629,750.88,3.17552224503765,2.27054970568104,0.715016154973943,0.219528466253919,0.207214753166224,16.85,1.1541095890411,212.45,3.09468317552804,0,-16.0641,4.11759799833194,1.37608385686463,0.451685660266874,1.30108445697626,0.601283991047423,33.3877563865537,51.0347891166449,14.7976986383577,0.969,3.95608738968062,3.43920674799665,0.832442903389189,0.505112958942417
2003-04-12,0.0,585.24,4.12,4.12,383.6,2.5088874067760494,658.41,27.06629,750.88,3.17552224503765,2.27054970568104,0.715016154973943,0.219528466253919,0.207214753166224,16.85,1.1541095890411,212.45,3.09468317552804,0,-16.0641,4.11759799833194,1.37608385686463,0.451685660266874,1.30108445697626,0.601283991047423,33.3877563865537,51.0347891166449,14.7976986383577,0.969,3.95608738968062,3.43920674799665,0.832442903389189,0.505112958942417
2003-04-13,0.0,591.48,3.72,3.72,366.46,2.130925148092904,658.41,27.06629,750.88,3.17552224503765,2.27054970568104,0.715016154973943,0.219528466253919,0.207214753166224,16.85,1.1541095890411,212.45,3.09468317552804,0,-16.0641,4.11759799833194,1.37608385686463,0.451685660266874,1.30108445697626,0.601283991047423,33.3877563865537,51.0347891166449,14.7976986383577,0.969,3.95608738968062,3.43920674799665,0.832442903389189,0.505112958942417
2003-04-14,0.0,572.45,4.29,4.29,467.48,1.8800364074152993,658.41,27.06629,750.88,3.17552224503765,2.27054970568104,0.715016154973943,0.219528466253919,0.207214753166224,16.85,1.1541095890411,212.45,3.09468317552804,0,-16.0641,4.11759799833194,1.37608385686463,0.451685660266874,1.30108445697626,0.601283991047423,33.3877563865537,51.0347891166449,14.7976986383577,0.969,3.95608738968062,3.43920674799665,0.832442903389189,0.505112958942417
2003-04-15,0.0,585.89,13.63,13.63,725.23,1.668247210739399,658.41,27.06629,750.88,3.17552224503765,2.27054970568104,0.715016154973943,0.219528466253919,0.207214753166224,16.85,1.1541095890411,212.45,3.09468317552804,0,-16.0641,4.11759799833194,1.37608385686463,0.451685660266874,1.30108445697626,0.601283991047423,33.3877563865537,51.0347891166449,14.7976986383577,0.969,3.95608738968062,3.43920674799665,0.832442903389189,0.505112958942417
2003-04-16,0.0,600.47,14.66,14.66,629.61,1.4988158533986788,658.41,27.06629,750.88,3.17552224503765,2.27054970568104,0.715016154973943,0.219528466253919,0.207214753166224,16.85,1.1541095890411,212.45,3.09468317552804,0,-16.0641,4.11759799833194,1.37608385686463,0.451685660266874,1.30108445697626,0.601283991047423,33.3877563865537,51.0347891166449,14.7976986383577,0.969,3.95608738968062,3.43920674799665,0.832442903389189,0.505112958942417
2003-04-17,0.0,607.56,10.43,10.43,475.46,1.3293844960579586,658.41,27.06629,750.88,3.17552224503765,2.27054970568104,0.715016154973943,0.219528466253919,0.207214753166224,16.85,1.1541095890411,212.45,3.09468317552804,0,-16.0641,4.11759799833194,1.37608385686463,0.451685660266874,1.30108445697626,0.601283991047423,33.3877563865537,51.0347891166449,14.7976986383577,0.969,3.95608738968062,3.43920674799665,0.832442903389189,0.505112958942417
2003-04-18,0.03,525.44,6.64,6.64,506.09,1.21534415938632,658.41,27.06629,750.88,3.17552224503765,2.27054970568104,0.715016154973943,0.219528466253919,0.207214753166224,16.85,1.1541095890411,212.45,3.09468317552804,0,-16.0641,4.11759799833194,1.37608385686463,0.451685660266874,1.30108445697626,0.601283991047423,33.3877563865537,51.0347891166449,14.7976986383577,0.969,3.95608738968062,3.43920674799665,0.832442903389189,0.505112958942417
2003-04-19,0.14,442.9,9.09,9.09,691.51,1.107820413381632,658.41,27.06629,750.88,3.17552224503765,2.27054970568104,0.715016154973943,0.219528466253919,0.207214753166224,16.85,1.1541095890411,212.45,3.09468317552804,0,-16.0641,4.11759799833194,1.37608385686463,0.451685660266874,1.30108445697626,0.601283991047423,33.3877563865537,51.0347891166449,14.7976986383577,0.969,3.95608738968062,3.43920674799665,0.832442903389189,0.505112958942417
2003-04-20,1.67,423.3,11.64,11.64,790.93,1.006813258043895,658.41,27.06629,750.88,3.17552224503765,2.27054970568104,0.715016154973943,0.219528466253919,0.207214753166224,16.85,1.1541095890411,212.45,3.09468317552804,0,-16.0641,4.11759799833194,1.37608385686463,0.451685660266874,1.30108445697626,0.601283991047423,33.3877563865537,51.0347891166449,14.7976986383577,0.969,3.95608738968062,3.43920674799665,0.832442903389189,0.505112958942417
2003-04-21,4.76,409.18,12.06,12.06,782.37,1.029621325378223,658.41,27.06629,750.88,3.17552224503765,2.27054970568104,0.715016154973943,0.219528466253919,0.207214753166224,16.85,1.1541095890411,212.45,3.09468317552804,0,-16.0641,4.11759799833194,1.37608385686463,0.451685660266874,1.30108445697626,0.601283991047423,33.3877563865537,51.0347891166449,14.7976986383577,0.969,3.95608738968062,3.43920674799665,0.832442903389189,0.505112958942417
2003-04-22,2.18,443.81,9.16,9.16,587.81,1.182761206051566,658.41,27.06629,750.88,3.17552224503765,2.27054970568104,0.715016154973943,0.219528466253919,0.207214753166224,16.85,1.1541095890411,212.45,3.09468317552804,0,-16.0641,4.11759799833194,1.37608385686463,0.451685660266874,1.30108445697626,0.601283991047423,33.3877563865537,51.0347891166449,14.7976986383577,0.969,3.95608738968062,3.43920674799665,0.832442903389189,0.505112958942417
2003-04-23,0.28,569.31,3.75,3.75,385.25,1.0361379160451736,658.41,27.06629,750.88,3.17552224503765,2.27054970568104,0.715016154973943,0.219528466253919,0.207214753166224,16.85,1.1541095890411,212.45,3.09468317552804,0,-16.0641,4.11759799833194,1.37608385686463,0.451685660266874,1.30108445697626,0.601283991047423,33.3877563865537,51.0347891166449,14.7976986383577,0.969,3.95608738968062,3.43920674799665,0.832442903389189,0.505112958942417
2003-04-24,0.0,522.49,0.2,0.2,357.14,0.8927729213722564,658.41,27.06629,750.88,3.17552224503765,2.27054970568104,0.715016154973943,0.219528466253919,0.207214753166224,16.85,1.1541095890411,212.45,3.09468317552804,0,-16.0641,4.11759799833194,1.37608385686463,0.451685660266874,1.30108445697626,0.601283991047423,33.3877563865537,51.0347891166449,14.7976986383577,0.969,3.95608738968062,3.43920674799665,0.832442903389189,0.505112958942417
2003-04-25,0.19,447.73,4.49,4.49,460.89,0.7982823567014702,658.41,27.06629,750.88,3.17552224503765,2.27054970568104,0.715016154973943,0.219528466253919,0.207214753166224,16.85,1.1541095890411,212.45,3.09468317552804,0,-16.0641,4.11759799833194,1.37608385686463,0.451685660266874,1.30108445697626,0.601283991047423,33.3877563865537,51.0347891166449,14.7976986383577,0.969,3.95608738968062,3.43920674799665,0.832442903389189,0.505112958942417
2003-04-26,0.05,611.94,7.14,7.14,452.88,0.7591828126997655,658.41,27.06629,750.88,3.17552224503765,2.27054970568104,0.715016154973943,0.219528466253919,0.207214753166224,16.85,1.1541095890411,212.45,3.09468317552804,0,-16.0641,4.11759799833194,1.37608385686463,0.451685660266874,1.30108445697626,0.601283991047423,33.3877563865537,51.0347891166449,14.7976986383577,0.969,3.95608738968062,3.43920674799665,0.832442903389189,0.505112958942417
2003-04-27,0.0,611.53,6.91,6.91,446.71,0.7233415640315363,658.41,27.06629,750.88,3.17552224503765,2.27054970568104,0.715016154973943,0.219528466253919,0.207214753166224,16.85,1.1541095890411,212.45,3.09468317552804,0,-16.0641,4.11759799833194,1.37608385686463,0.451685660266874,1.30108445697626,0.601283991047423,33.3877563865537,51.0347891166449,14.7976986383577,0.969,3.95608738968062,3.43920674799665,0.832442903389189,0.505112958942417
2003-04-28,0.0,606.95,8.88,8.88,545.54,0.6418841806946515,658.41,27.06629,750.88,3.17552224503765,2.27054970568104,0.715016154973943,0.219528466253919,0.207214753166224,16.85,1.1541095890411,212.45,3.09468317552804,0,-16.0641,4.11759799833194,1.37608385686463,0.451685660266874,1.30108445697626,0.601283991047423,33.3877563865537,51.0347891166449,14.7976986383577,0.969,3.95608738968062,3.43920674799665,0.832442903389189,0.505112958942417
2003-04-29,0.1,473.84,13.21,13.21,680.14,0.5930097506925207,658.41,27.06629,750.88,3.17552224503765,2.27054970568104,0.715016154973943,0.219528466253919,0.207214753166224,16.85,1.1541095890411,212.45,3.09468317552804,0,-16.0641,4.11759799833194,1.37608385686463,0.451685660266874,1.30108445697626,0.601283991047423,33.3877563865537,51.0347891166449,14.7976986383577,0.969,3.95608738968062,3.43920674799665,0.832442903389189,0.505112958942417
2003-04-30,0.03,588.39,11.63,11.63,657.16,0.5506519113573407,658.41,27.06629,750.88,3.17552224503765,2.27054970568104,0.715016154973943,0.219528466253919,0.207214753166224,16.85,1.1541095890411,212.45,3.09468317552804,0,-16.0641,4.11759799833194,1.37608385686463,0.451685660266874,1.30108445697626,0.601283991047423,33.3877563865537,51.0347891166449,14.7976986383577,0.969,3.95608738968062,3.43920674799665,0.832442903389189,0.505112958942417
2003-05-01,9.87,432.16,11.72,11.72,774.68,0.5376187300234391,658.41,27.06629,750.88,3.17552224503765,2.27054970568104,0.715016154973943,0.219528466253919,0.207214753166224,16.85,1.1541095890411,212.45,3.09468317552804,0,-16.0641,4.11759799833194,1.37608385686463,0.451685660266874,1.30108445697626,0.601283991047423,33.3877563865537,51.0347891166449,14.7976986383577,0.969,3.95608738968062,3.43920674799665,0.832442903389189,0.505112958942417
2003-05-02,6.71,454.94,15.24,15.24,806.2,1.2088275687193692,658.41,27.06629,750.88,3.17552224503765,2.27054970568104,0.715016154973943,0.219528466253919,0.207214753166224,16.85,1.1541095890411,212.45,3.09468317552804,0,-16.0641,4.11759799833194,1.37608385686463,0.451685660266874,1.30108445697626,0.601283991047423,33.3877563865537,51.0347891166449,14.7976986383577,0.969,3.95608738968062,3.43920674799665,0.832442903389189,0.505112958942417
2003-05-03,1.08,566.07,6.95,6.95,499.93,0.9416473513743873,658.41,27.06629,750.88,3.17552224503765,2.27054970568104,0.715016154973943,0.219528466253919,0.207214753166224,16.85,1.1541095890411,212.45,3.09468317552804,0,-16.0641,4.11759799833194,1.37608385686463,0.451685660266874,1.30108445697626,0.601283991047423,33.3877563865537,51.0347891166449,14.7976986383577,0.969,3.95608738968062,3.43920674799665,0.832442903389189,0.505112958942417
2003-05-04,0.0,589.57,7.0,7.0,521.04,0.7526662220328147,658.41,27.06629,750.88,3.17552224503765,2.27054970568104,0.715016154973943,0.219528466253919,0.207214753166224,16.85,1.1541095890411,212.45,3.09468317552804,0,-16.0641,4.11759799833194,1.37608385686463,0.451685660266874,1.30108445697626,0.601283991047423,33.3877563865537,51.0347891166449,14.7976986383577,0.969,3.95608738968062,3.43920674799665,0.832442903389189,0.505112958942417
2003-05-05,1.8,458.77,9.36,9.36,617.68,0.729858154698487,658.41,27.06629,750.88,3.17552224503765,2.27054970568104,0.715016154973943,0.219528466253919,0.207214753166224,16.85,1.1541095890411,212.45,3.09468317552804,0,-16.0641,4.11759799833194,1.37608385686463,0.451685660266874,1.30108445697626,0.601283991047423,33.3877563865537,51.0347891166449,14.7976986383577,0.969,3.95608738968062,3.43920674799665,0.832442903389189,0.505112958942417
2003-05-06,1.38,334.23,8.67,8.67,704.65,0.772215994033667,658.41,27.06629,750.88,3.17552224503765,2.27054970568104,0.715016154973943,0.219528466253919,0.207214753166224,16.85,1.1541095890411,212.45,3.09468317552804,0,-16.0641,4.11759799833194,1.37608385686463,0.451685660266874,1.30108445697626,0.601283991047423,33.3877563865537,51.0347891166449,14.7976986383577,0.969,3.95608738968062,3.43920674799665,0.832442903389189,0.505112958942417
2003-05-07,3.26,448.66,10.63,10.63,722.43,0.7265998593650117,658.41,27.06629,750.88,3.17552224503765,2.27054970568104,0.715016154973943,0.219528466253919,0.207214753166224,16.85,1.1541095890411,212.45,3.09468317552804,0,-16.0641,4.11759799833194,1.37608385686463,0.451685660266874,1.30108445697626,0.601283991047423,33.3877563865537,51.0347891166449,14.7976986383577,0.969,3.95608738968062,3.43920674799665,0.832442903389189,0.505112958942417
2003-05-08,0.83,501.23,11.7,11.7,726.23,0.7624411080332409,658.41,27.06629,750.88,3.17552224503765,2.27054970568104,0.715016154973943,0.219528466253919,0.207214753166224,16.85,1.1541095890411,212.45,3.09468317552804,0,-16.0641,4.11759799833194,1.37608385686463,0.451685660266874,1.30108445697626,0.601283991047423,33.3877563865537,51.0347891166449,14.7976986383577,0.969,3.95608738968062,3.43920674799665,0.832442903389189,0.505112958942417
2003-05-09,0.01,586.76,10.54,10.54,651.86,0.6777254293628808,658.41,27.06629,750.88,3.17552224503765,2.27054970568104,0.715016154973943,0.219528466253919,0.207214753166224,16.85,1.1541095890411,212.45,3.09468317552804,0,-16.0641,4.11759799833194,1.37608385686463,0.451685660266874,1.30108445697626,0.601283991047423,33.3877563865537,51.0347891166449,14.7976986383577,0.969,3.95608738968062,3.43920674799665,0.832442903389189,0.505112958942417
2003-05-10,0.0,553.04,11.35,11.35,739.96,0.6190761133603239,658.41,27.06629,750.88,3.17552224503765,2.27054970568104,0.715016154973943,0.219528466253919,0.207214753166224,16.85,1.1541095890411,212.45,3.09468317552804,0,-16.0641,4.11759799833194,1.37608385686463,0.451685660266874,1.30108445697626,0.601283991047423,33.3877563865537,51.0347891166449,14.7976986383577,0.969,3.95608738968062,3.43920674799665,0.832442903389189,0.505112958942417
2003-05-11,11.13,445.58,14.89,14.89,877.93,0.8341236053696995,658.41,27.06629,750.88,3.17552224503765,2.27054970568104,0.715016154973943,0.219528466253919,0.207214753166224,16.85,1.1541095890411,212.45,3.09468317552804,0,-16.0641,4.11759799833194,1.37608385686463,0.451685660266874,1.30108445697626,0.601283991047423,33.3877563865537,51.0347891166449,14.7976986383577,0.969,3.95608738968062,3.43920674799665,0.832442903389189,0.505112958942417
2003-05-12,5.01,455.57,14.26,14.26,782.8,1.0784957553803536,658.41,27.06629,750.88,3.17552224503765,2.27054970568104,0.715016154973943,0.219528466253919,0.207214753166224,16.85,1.1541095890411,212.45,3.09468317552804,0,-16.0641,4.11759799833194,1.37608385686463,0.451685660266874,1.30108445697626,0.601283991047423,33.3877563865537,51.0347891166449,14.7976986383577,0.969,3.95608738968062,3.43920674799665,0.832442903389189,0.505112958942417
2003-05-13,2.6,239.3,7.6,7.6,678.37,0.9970383720434689,658.41,27.06629,750.88,3.17552224503765,2.27054970568104,0.715016154973943,0.219528466253919,0.207214753166224,16.85,1.1541095890411,212.45,3.09468317552804,0,-16.0641,4.11759799833194,1.37608385686463,0.451685660266874,1.30108445697626,0.601283991047423,33.3877563865537,51.0347891166449,14.7976986383577,0.969,3.95608738968062,3.43920674799665,0.832442903389189,0.505112958942417
2003-05-14,0.54,479.92,6.05,6.05,589.92,0.9774886000426166,658.41,27.06629,750.88,3.17552224503765,2.27054970568104,0.715016154973943,0.219528466253919,0.207214753166224,16.85,1.1541095890411,212.45,3.09468317552804,0,-16.0641,4.11759799833194,1.37608385686463,0.451685660266874,1.30108445697626,0.601283991047423,33.3877563865537,51.0347891166449,14.7976986383577,0.969,3.95608738968062,3.43920674799665,0.832442903389189,0.505112958942417
2003-05-15,7.41,442.51,6.55,6.55,580.18,0.8406401960366502,658.41,27.06629,750.88,3.17552224503765,2.27054970568104,0.715016154973943,0.219528466253919,0.207214753166224,16.85,1.1541095890411,212.45,3.09468317552804,0,-16.0641,4.11759799833194,1.37608385686463,0.451685660266874,1.30108445697626,0.601283991047423,33.3877563865537,51.0347891166449,14.7976986383577,0.969,3.95608738968062,3.43920674799665,0.832442903389189,0.505112958942417
2003-05-16,5.79,305.89,8.24,8.24,747.6,1.2642185893884508,658.41,27.06629,750.88,3.17552224503765,2.27054970568104,0.715016154973943,0.219528466253919,0.207214753166224,16.85,1.1541095890411,212.45,3.09468317552804,0,-16.0641,4.11759799833194,1.37608385686463,0.451685660266874,1.30108445697626,0.601283991047423,33.3877563865537,51.0347891166449,14.7976986383577,0.969,3.95608738968062,3.43920674799665,0.832442903389189,0.505112958942417
2003-05-17,1.51,381.95,9.03,9.03,762.64,1.375000630726614,658.41,27.06629,750.88,3.17552224503765,2.27054970568104,0.715016154973943,0.219528466253919,0.207214753166224,16.85,1.1541095890411,212.45,3.09468317552804,0,-16.0641,4.11759799833194,1.37608385686463,0.451685660266874,1.30108445697626,0.601283991047423,33.3877563865537,51.0347891166449,14.7976986383577,0.969,3.95608738968062,3.43920674799665,0.832442903389189,0.505112958942417
2003-05-18,0.13,579.37,10.43,10.43,658.9,1.0459128020455999,658.41,27.06629,750.88,3.17552224503765,2.27054970568104,0.715016154973943,0.219528466253919,0.207214753166224,16.85,1.1541095890411,212.45,3.09468317552804,0,-16.0641,4.11759799833194,1.37608385686463,0.451685660266874,1.30108445697626,0.601283991047423,33.3877563865537,51.0347891166449,14.7976986383577,0.969,3.95608738968062,3.43920674799665,0.832442903389189,0.505112958942417
2003-05-19,0.0,620.56,10.83,10.83,590.76,0.8829980353718304,658.41,27.06629,750.88,3.17552224503765,2.27054970568104,0.715016154973943,0.219528466253919,0.207214753166224,16.85,1.1541095890411,212.45,3.09468317552804,0,-16.0641,4.11759799833194,1.37608385686463,0.451685660266874,1.30108445697626,0.601283991047423,33.3877563865537,51.0347891166449,14.7976986383577,0.969,3.95608738968062,3.43920674799665,0.832442903389189,0.505112958942417
2003-05-20,5.37,461.03,12.7,12.7,682.79,0.7885074707010441,658.41,27.06629,750.88,3.17552224503765,2.27054970568104,0.715016154973943,0.219528466253919,0.207214753166224,16.85,1.1541095890411,212.45,3.09468317552804,0,-16.0641,4.11759799833194,1.37608385686463,0.451685660266874,1.30108445697626,0.601283991047423,33.3877563865537,51.0347891166449,14.7976986383577,0.969,3.95608738968062,3.43920674799665,0.832442903389189,0.505112958942417
2003-05-21,1.42,585.4,11.58,11.58,589.18,0.9970383720434689,658.41,27.06629,750.88,3.17552224503765,2.27054970568104,0.715016154973943,0.219528466253919,0.207214753166224,16.85,1.1541095890411,212.45,3.09468317552804,0,-16.0641,4.11759799833194,1.37608385686463,0.451685660266874,1.30108445697626,0.601283991047423,33.3877563865537,51.0347891166449,14.7976986383577,0.969,3.95608738968062,3.43920674799665,0.832442903389189,0.505112958942417
2003-05-22,0.0,599.73,7.49,7.49,523.81,0.7950240613679949,658.41,27.06629,750.88,3.17552224503765,2.27054970568104,0.715016154973943,0.219528466253919,0.207214753166224,16.85,1.1541095890411,212.45,3.09468317552804,0,-16.0641,4.11759799833194,1.37608385686463,0.451685660266874,1.30108445697626,0.601283991047423,33.3877563865537,51.0347891166449,14.7976986383577,0.969,3.95608738968062,3.43920674799665,0.832442903389189,0.505112958942417
2003-05-23,7.26,402.93,9.46,9.46,702.72,0.7037917920306839,658.41,27.06629,750.88,3.17552224503765,2.27054970568104,0.715016154973943,0.219528466253919,0.207214753166224,16.85,1.1541095890411,212.45,3.09468317552804,0,-16.0641,4.11759799833194,1.37608385686463,0.451685660266874,1.30108445697626,0.601283991047423,33.3877563865537,51.0347891166449,14.7976986383577,0.969,3.95608738968062,3.43920674799665,0.832442903389189,0.505112958942417
2003-05-24,5.37,415.01,10.7,10.7,753.53,1.0426545067121245,658.41,27.06629,750.88,3.17552224503765,2.27054970568104,0.715016154973943,0.219528466253919,0.207214753166224,16.85,1.1541095890411,212.45,3.09468317552804,0,-16.0641,4.11759799833194,1.37608385686463,0.451685660266874,1.30108445697626,0.601283991047423,33.3877563865537,51.0347891166449,14.7976986383577,0.969,3.95608738968062,3.43920674799665,0.832442903389189,0.505112958942417
2003-05-25,2.71,401.23,10.99,10.99,783.59,0.9579388280417642,658.41,27.06629,750.88,3.17552224503765,2.27054970568104,0.715016154973943,0.219528466253919,0.207214753166224,16.85,1.1541095890411,212.45,3.09468317552804,0,-16.0641,4.11759799833194,1.37608385686463,0.451685660266874,1.30108445697626,0.601283991047423,33.3877563865537,51.0347891166449,14.7976986383577,0.969,3.95608738968062,3.43920674799665,0.832442903389189,0.505112958942417
2003-05-26,1.07,363.19,10.7,10.7,788.11,0.8895146260387811,658.41,27.06629,750.88,3.17552224503765,2.27054970568104,0.715016154973943,0.219528466253919,0.207214753166224,16.85,1.1541095890411,212.45,3.09468317552804,0,-16.0641,4.11759799833194,1.37608385686463,0.451685660266874,1.30108445697626,0.601283991047423,33.3877563865537,51.0347891166449,14.7976986383577,0.969,3.95608738968062,3.43920674799665,0.832442903389189,0.505112958942417
2003-05-27,1.97,413.4,9.84,9.84,713.86,0.8015406520349456,658.41,27.06629,750.88,3.17552224503765,2.27054970568104,0.715016154973943,0.219528466253919,0.207214753166224,16.85,1.1541095890411,212.45,3.09468317552804,0,-16.0641,4.11759799833194,1.37608385686463,0.451685660266874,1.30108445697626,0.601283991047423,33.3877563865537,51.0347891166449,14.7976986383577,0.969,3.95608738968062,3.43920674799665,0.832442903389189,0.505112958942417
2003-05-28,0.58,496.6,11.36,11.36,754.86,0.8145738333688473,658.41,27.06629,750.88,3.17552224503765,2.27054970568104,0.715016154973943,0.219528466253919,0.207214753166224,16.85,1.1541095890411,212.45,3.09468317552804,0,-16.0641,4.11759799833194,1.37608385686463,0.451685660266874,1.30108445697626,0.601283991047423,33.3877563865537,51.0347891166449,14.7976986383577,0.969,3.95608738968062,3.43920674799665,0.832442903389189,0.505112958942417
2003-05-29,0.1,427.53,12.56,12.56,793.25,0.7559245173662902,658.41,27.06629,750.88,3.17552224503765,2.27054970568104,0.715016154973943,0.219528466253919,0.207214753166224,16.85,1.1541095890411,212.45,3.09468317552804,0,-16.0641,4.11759799833194,1.37608385686463,0.451685660266874,1.30108445697626,0.601283991047423,33.3877563865537,51.0347891166449,14.7976986383577,0.969,3.95608738968062,3.43920674799665,0.832442903389189,0.505112958942417
2003-05-30,1.8,423.27,12.83,12.83,797.76,0.6679505433624546,658.41,27.06629,750.88,3.17552224503765,2.27054970568104,0.715016154973943,0.219528466253919,0.207214753166224,16.85,1.1541095890411,212.45,3.09468317552804,0,-16.0641,4.11759799833194,1.37608385686463,0.451685660266874,1.30108445697626,0.601283991047423,33.3877563865537,51.0347891166449,14.7976986383577,0.969,3.95608738968062,3.43920674799665,0.832442903389189,0.505112958942417
2003-05-31,17.02,414.48,12.38,12.38,760.3,0.9742303047091412,658.41,27.06629,750.88,3.17552224503765,2.27054970568104,0.715016154973943,0.219528466253919,0.207214753166224,16.85,1.1541095890411,212.45,3.09468317552804,0,-16.0641,4.11759799833194,1.37608385686463,0.451685660266874,1.30108445697626,0.601283991047423,33.3877563865537,51.0347891166449,14.7976986383577,0.969,3.95608738968062,3.43920674799665,0.832442903389189,0.505112958942417
2003-06-01,4.61,386.67,7.77,7.77,612.11,2.0071099254208393,658.41,27.06629,750.88,3.17552224503765,2.27054970568104,0.715016154973943,0.219528466253919,0.207214753166224,16.85,1.1541095890411,212.45,3.09468317552804,0,-16.0641,4.11759799833194,1.37608385686463,0.451685660266874,1.30108445697626,0.601283991047423,33.3877563865537,51.0347891166449,14.7976986383577,0.969,3.95608738968062,3.43920674799665,0.832442903389189,0.505112958942417
2003-06-02,0.07,556.4,6.58,6.58,573.0,1.2772517707223523,658.41,27.06629,750.88,3.17552224503765,2.27054970568104,0.715016154973943,0.219528466253919,0.207214753166224,16.85,1.1541095890411,212.45,3.09468317552804,0,-16.0641,4.11759799833194,1.37608385686463,0.451685660266874,1.30108445697626,0.601283991047423,33.3877563865537,51.0347891166449,14.7976986383577,0.969,3.95608738968062,3.43920674799665,0.832442903389189,0.505112958942417
2003-06-03,4.33,404.41,9.98,9.98,740.08,1.049171097379075,658.41,27.06629,750.88,3.17552224503765,2.27054970568104,0.715016154973943,0.219528466253919,0.207214753166224,16.85,1.1541095890411,212.45,3.09468317552804,0,-16.0641,4.11759799833194,1.37608385686463,0.451685660266874,1.30108445697626,0.601283991047423,33.3877563865537,51.0347891166449,14.7976986383577,0.969,3.95608738968062,3.43920674799665,0.832442903389189,0.505112958942417
2003-06-04,6.12,332.86,9.98,9.98,838.35,1.2055692733858938,658.41,27.06629,750.88,3.17552224503765,2.27054970568104,0.715016154973943,0.219528466253919,0.207214753166224,16.85,1.1541095890411,212.45,3.09468317552804,0,-16.0641,4.11759799833194,1.37608385686463,0.451685660266874,1.30108445697626,0.601283991047423,33.3877563865537,51.0347891166449,14.7976986383577,0.969,3.95608738968062,3.43920674799665,0.832442903389189,0.505112958942417
2003-06-05,1.5,273.79,11.05,11.05,971.88,1.476007786064351,658.41,27.06629,750.88,3.17552224503765,2.27054970568104,0.715016154973943,0.219528466253919,0.207214753166224,16.85,1.1541095890411,212.45,3.09468317552804,0,-16.0641,4.11759799833194,1.37608385686463,0.451685660266874,1.30108445697626,0.601283991047423,33.3877563865537,51.0347891166449,14.7976986383577,0.969,3.95608738968062,3.43920674799665,0.832442903389189,0.505112958942417
2003-06-06,1.44,261.9,12.24,12.24,1062.23,1.17298632005114,658.41,27.06629,750.88,3.17552224503765,2.27054970568104,0.715016154973943,0.219528466253919,0.207214753166224,16.85,1.1541095890411,212.45,3.09468317552804,0,-16.0641,4.11759799833194,1.37608385686463,0.451685660266874,1.30108445697626,0.601283991047423,33.3877563865537,51.0347891166449,14.7976986383577,0.969,3.95608738968062,3.43920674799665,0.832442903389189,0.505112958942417
2003-06-07,2.62,384.24,15.16,15.16,1109.07,1.081754050713829,658.41,27.06629,750.88,3.17552224503765,2.27054970568104,0.715016154973943,0.219528466253919,0.207214753166224,16.85,1.1541095890411,212.45,3.09468317552804,0,-16.0641,4.11759799833194,1.37608385686463,0.451685660266874,1.30108445697626,0.601283991047423,33.3877563865537,51.0347891166449,14.7976986383577,0.969,3.95608738968062,3.43920674799665,0.832442903389189,0.505112958942417
2003-06-08,6.7,286.71,14.34,14.34,1111.72,1.08827064138078,658.41,27.06629,750.88,3.17552224503765,2.27054970568104,0.715016154973943,0.219528466253919,0.207214753166224,16.85,1.1541095890411,212.45,3.09468317552804,0,-16.0641,4.11759799833194,1.37608385686463,0.451685660266874,1.30108445697626,0.601283991047423,33.3877563865537,51.0347891166449,14.7976986383577,0.969,3.95608738968062,3.43920674799665,0.832442903389189,0.505112958942417
2003-06-09,1.64,451.3,14.12,14.12,983.11,1.2772517707223523,658.41,27.06629,750.88,3.17552224503765,2.27054970568104,0.715016154973943,0.219528466253919,0.207214753166224,16.85,1.1541095890411,212.45,3.09468317552804,0,-16.0641,4.11759799833194,1.37608385686463,0.451685660266874,1.30108445697626,0.601283991047423,33.3877563865537,51.0347891166449,14.7976986383577,0.969,3.95608738968062,3.43920674799665,0.832442903389189,0.505112958942417
2003-06-10,1.45,429.36,13.96,13.96,952.45,0.9970383720434689,658.41,27.06629,750.88,3.17552224503765,2.27054970568104,0.715016154973943,0.219528466253919,0.207214753166224,16.85,1.1541095890411,212.45,3.09468317552804,0,-16.0641,4.11759799833194,1.37608385686463,0.451685660266874,1.30108445697626,0.601283991047423,33.3877563865537,51.0347891166449,14.7976986383577,0.969,3.95608738968062,3.43920674799665,0.832442903389189,0.505112958942417
2003-06-11,9.74,381.34,16.99,16.99,1227.15,1.029621325378223,658.41,27.06629,750.88,3.17552224503765,2.27054970568104,0.715016154973943,0.219528466253919,0.207214753166224,16.85,1.1541095890411,212.45,3.09468317552804,0,-16.0641,4.11759799833194,1.37608385686463,0.451685660266874,1.30108445697626,0.601283991047423,33.3877563865537,51.0347891166449,14.7976986383577,0.969,3.95608738968062,3.43920674799665,0.832442903389189,0.505112958942417
2003-06-12,16.8,319.19,17.64,17.64,1384.55,1.4629746047304493,658.41,27.06629,750.88,3.17552224503765,2.27054970568104,0.715016154973943,0.219528466253919,0.207214753166224,16.85,1.1541095890411,212.45,3.09468317552804,0,-16.0641,4.11759799833194,1.37608385686463,0.451685660266874,1.30108445697626,0.601283991047423,33.3877563865537,51.0347891166449,14.7976986383577,0.969,3.95608738968062,3.43920674799665,0.832442903389189,0.505112958942417
2003-06-13,4.68,255.7,16.9,16.9,1400.14,2.3101313914340507,658.41,27.06629,750.88,3.17552224503765,2.27054970568104,0.715016154973943,0.219528466253919,0.207214753166224,16.85,1.1541095890411,212.45,3.09468317552804,0,-16.0641,4.11759799833194,1.37608385686463,0.451685660266874,1.30108445697626,0.601283991047423,33.3877563865537,51.0347891166449,14.7976986383577,0.969,3.95608738968062,3.43920674799665,0.832442903389189,0.505112958942417
2003-06-14,0.25,436.57,16.95,16.95,1217.51,1.6649889154059236,658.41,27.06629,750.88,3.17552224503765,2.27054970568104,0.715016154973943,0.219528466253919,0.207214753166224,16.85,1.1541095890411,212.45,3.09468317552804,0,-16.0641,4.11759799833194,1.37608385686463,0.451685660266874,1.30108445697626,0.601283991047423,33.3877563865537,51.0347891166449,14.7976986383577,0.969,3.95608738968062,3.43920674799665,0.832442903389189,0.505112958942417
2003-06-15,0.0,570.28,14.76,14.76,886.65,1.3619674493927123,658.41,27.06629,750.88,3.17552224503765,2.27054970568104,0.715016154973943,0.219528466253919,0.207214753166224,16.85,1.1541095890411,212.45,3.09468317552804,0,-16.0641,4.11759799833194,1.37608385686463,0.451685660266874,1.30108445697626,0.601283991047423,33.3877563865537,51.0347891166449,14.7976986383577,0.969,3.95608738968062,3.43920674799665,0.832442903389189,0.505112958942417
2003-06-16,0.0,589.78,13.86,13.86,819.61,1.140403366716386,658.41,27.06629,750.88,3.17552224503765,2.27054970568104,0.715016154973943,0.219528466253919,0.207214753166224,16.85,1.1541095890411,212.45,3.09468317552804,0,-16.0641,4.11759799833194,1.37608385686463,0.451685660266874,1.30108445697626,0.601283991047423,33.3877563865537,51.0347891166449,14.7976986383577,0.969,3.95608738968062,3.43920674799665,0.832442903389189,0.505112958942417
2003-06-17,3.29,411.51,16.2,16.2,1058.26,0.9774886000426166,658.41,27.06629,750.88,3.17552224503765,2.27054970568104,0.715016154973943,0.219528466253919,0.207214753166224,16.85,1.1541095890411,212.45,3.09468317552804,0,-16.0641,4.11759799833194,1.37608385686463,0.451685660266874,1.30108445697626,0.601283991047423,33.3877563865537,51.0347891166449,14.7976986383577,0.969,3.95608738968062,3.43920674799665,0.832442903389189,0.505112958942417
2003-06-18,0.94,378.54,14.71,14.71,1093.03,0.9677137140421904,658.41,27.06629,750.88,3.17552224503765,2.27054970568104,0.715016154973943,0.219528466253919,0.207214753166224,16.85,1.1541095890411,212.45,3.09468317552804,0,-16.0641,4.11759799833194,1.37608385686463,0.451685660266874,1.30108445697626,0.601283991047423,33.3877563865537,51.0347891166449,14.7976986383577,0.969,3.95608738968062,3.43920674799665,0.832442903389189,0.505112958942417
2003-06-19,0.16,405.42,13.49,13.49,1001.78,0.8699648540379288,658.41,27.06629,750.88,3.17552224503765,2.27054970568104,0.715016154973943,0.219528466253919,0.207214753166224,16.85,1.1541095890411,212.45,3.09468317552804,0,-16.0641,4.11759799833194,1.37608385686463,0.451685660266874,1.30108445697626,0.601283991047423,33.3877563865537,51.0347891166449,14.7976986383577,0.969,3.95608738968062,3.43920674799665,0.832442903389189,0.505112958942417
2003-06-20,23.16,366.99,12.14,12.14,950.54,0.7754742893671426,658.41,27.06629,750.88,3.17552224503765,2.27054970568104,0.715016154973943,0.219528466253919,0.207214753166224,16.85,1.1541095890411,212.45,3.09468317552804,0,-16.0641,4.11759799833194,1.37608385686463,0.451685660266874,1.30108445697626,0.601283991047423,33.3877563865537,51.0347891166449,14.7976986383577,0.969,3.95608738968062,3.43920674799665,0.832442903389189,0.505112958942417
2003-06-21,10.81,312.21,12.4,12.4,1028.04,3.9099544001704665,658.41,27.06629,750.88,3.17552224503765,2.27054970568104,0.715016154973943,0.219528466253919,0.207214753166224,16.85,1.1541095890411,212.45,3.09468317552804,0,-16.0641,4.11759799833194,1.37608385686463,0.451685660266874,1.30108445697626,0.601283991047423,33.3877563865537,51.0347891166449,14.7976986383577,0.969,3.95608738968062,3.43920674799665,0.832442903389189,0.505112958942417
2003-06-22,1.26,375.71,12.77,12.77,1044.84,2.6848353547837203,658.41,27.06629,750.88,3.17552224503765,2.27054970568104,0.715016154973943,0.219528466253919,0.207214753166224,16.85,1.1541095890411,212.45,3.09468317552804,0,-16.0641,4.11759799833194,1.37608385686463,0.451685660266874,1.30108445697626,0.601283991047423,33.3877563865537,51.0347891166449,14.7976986383577,0.969,3.95608738968062,3.43920674799665,0.832442903389189,0.505112958942417
2003-06-23,0.01,575.37,16.61,16.61,1036.63,1.769254366077136,658.41,27.06629,750.88,3.17552224503765,2.27054970568104,0.715016154973943,0.219528466253919,0.207214753166224,16.85,1.1541095890411,212.45,3.09468317552804,0,-16.0641,4.11759799833194,1.37608385686463,0.451685660266874,1.30108445697626,0.601283991047423,33.3877563865537,51.0347891166449,14.7976986383577,0.969,3.95608738968062,3.43920674799665,0.832442903389189,0.505112958942417
2003-06-24,0.0,574.63,19.04,19.04,1123.19,1.433649946729171,658.41,27.06629,750.88,3.17552224503765,2.27054970568104,0.715016154973943,0.219528466253919,0.207214753166224,16.85,1.1541095890411,212.45,3.09468317552804,0,-16.0641,4.11759799833194,1.37608385686463,0.451685660266874,1.30108445697626,0.601283991047423,33.3877563865537,51.0347891166449,14.7976986383577,0.969,3.95608738968062,3.43920674799665,0.832442903389189,0.505112958942417
2003-06-25,0.0,562.24,20.93,20.93,1278.65,1.199052682718943,658.41,27.06629,750.88,3.17552224503765,2.27054970568104,0.715016154973943,0.219528466253919,0.207214753166224,16.85,1.1541095890411,212.45,3.09468317552804,0,-16.0641,4.11759799833194,1.37608385686463,0.451685660266874,1.30108445697626,0.601283991047423,33.3877563865537,51.0347891166449,14.7976986383577,0.969,3.95608738968062,3.43920674799665,0.832442903389189,0.505112958942417
2003-06-26,0.0,554.04,21.45,21.45,1345.3,1.0100715533773705,658.41,27.06629,750.88,3.17552224503765,2.27054970568104,0.715016154973943,0.219528466253919,0.207214753166224,16.85,1.1541095890411,212.45,3.09468317552804,0,-16.0641,4.11759799833194,1.37608385686463,0.451685660266874,1.30108445697626,0.601283991047423,33.3877563865537,51.0347891166449,14.7976986383577,0.969,3.95608738968062,3.43920674799665,0.832442903389189,0.505112958942417
2003-06-27,0.0,551.84,21.12,21.12,1249.98,0.8536733773705517,658.41,27.06629,750.88,3.17552224503765,2.27054970568104,0.715016154973943,0.219528466253919,0.207214753166224,16.85,1.1541095890411,212.45,3.09468317552804,0,-16.0641,4.11759799833194,1.37608385686463,0.451685660266874,1.30108445697626,0.601283991047423,33.3877563865537,51.0347891166449,14.7976986383577,0.969,3.95608738968062,3.43920674799665,0.832442903389189,0.505112958942417
2003-06-28,0.0,560.54,14.94,14.94,957.17,0.729858154698487,658.41,27.06629,750.88,3.17552224503765,2.27054970568104,0.715016154973943,0.219528466253919,0.207214753166224,16.85,1.1541095890411,212.45,3.09468317552804,0,-16.0641,4.11759799833194,1.37608385686463,0.451685660266874,1.30108445697626,0.601283991047423,33.3877563865537,51.0347891166449,14.7976986383577,0.969,3.95608738968062,3.43920674799665,0.832442903389189,0.505112958942417
2003-06-29,0.51,420.12,16.53,16.53,1104.37,0.6255927040272746,658.41,27.06629,750.88,3.17552224503765,2.27054970568104,0.715016154973943,0.219528466253919,0.207214753166224,16.85,1.1541095890411,212.45,3.09468317552804,0,-16.0641,4.11759799833194,1.37608385686463,0.451685660266874,1.30108445697626,0.601283991047423,33.3877563865537,51.0347891166449,14.7976986383577,0.969,3.95608738968062,3.43920674799665,0.832442903389189,0.505112958942417
2003-06-30,0.14,501.35,17.74,17.74,1175.71,0.570201683358193,658.41,27.06629,750.88,3.17552224503765,2.27054970568104,0.715016154973943,0.219528466253919,0.207214753166224,16.85,1.1541095890411,212.45,3.09468317552804,0,-16.0641,4.11759799833194,1.37608385686463,0.451685660266874,1.30108445697626,0.601283991047423,33.3877563865537,51.0347891166449,14.7976986383577,0.969,3.95608738968062,3.43920674799665,0.832442903389189,0.505112958942417
2003-07-01,0.0,568.96,16.34,16.34,1023.01,0.49526089068825907,658.41,27.06629,750.88,3.17552224503765,2.27054970568104,0.715016154973943,0.219528466253919,0.207214753166224,16.85,1.1541095890411,212.45,3.09468317552804,0,-16.0641,4.11759799833194,1.37608385686463,0.451685660266874,1.30108445697626,0.601283991047423,33.3877563865537,51.0347891166449,14.7976986383577,0.969,3.95608738968062,3.43920674799665,0.832442903389189,0.505112958942417
2003-07-02,0.0,561.29,18.45,18.45,1139.7,0.43986987001917743,658.41,27.06629,750.88,3.17552224503765,2.27054970568104,0.715016154973943,0.219528466253919,0.207214753166224,16.85,1.1541095890411,212.45,3.09468317552804,0,-16.0641,4.11759799833194,1.37608385686463,0.451685660266874,1.30108445697626,0.601283991047423,33.3877563865537,51.0347891166449,14.7976986383577,0.969,3.95608738968062,3.43920674799665,0.832442903389189,0.505112958942417
2003-07-03,0.0,556.17,19.95,19.95,1276.33,0.4007703260174728,658.41,27.06629,750.88,3.17552224503765,2.27054970568104,0.715016154973943,0.219528466253919,0.207214753166224,16.85,1.1541095890411,212.45,3.09468317552804,0,-16.0641,4.11759799833194,1.37608385686463,0.451685660266874,1.30108445697626,0.601283991047423,33.3877563865537,51.0347891166449,14.7976986383577,0.969,3.95608738968062,3.43920674799665,0.832442903389189,0.505112958942417
2003-07-04,3.72,402.11,21.75,21.75,1480.39,0.36167078201576813,658.41,27.06629,750.88,3.17552224503765,2.27054970568104,0.715016154973943,0.219528466253919,0.207214753166224,16.85,1.1541095890411,212.45,3.09468317552804,0,-16.0641,4.11759799833194,1.37608385686463,0.451685660266874,1.30108445697626,0.601283991047423,33.3877563865537,51.0347891166449,14.7976986383577,0.969,3.95608738968062,3.43920674799665,0.832442903389189,0.505112958942417
2003-07-05,5.07,375.17,21.46,21.46,1529.65,0.38122055401662047,658.41,27.06629,750.88,3.17552224503765,2.27054970568104,0.715016154973943,0.219528466253919,0.207214753166224,16.85,1.1541095890411,212.45,3.09468317552804,0,-16.0641,4.11759799833194,1.37608385686463,0.451685660266874,1.30108445697626,0.601283991047423,33.3877563865537,51.0347891166449,14.7976986383577,0.969,3.95608738968062,3.43920674799665,0.832442903389189,0.505112958942417
2003-07-06,1.11,475.23,21.42,21.42,1484.34,0.3649290773492435,658.41,27.06629,750.88,3.17552224503765,2.27054970568104,0.715016154973943,0.219528466253919,0.207214753166224,16.85,1.1541095890411,212.45,3.09468317552804,0,-16.0641,4.11759799833194,1.37608385686463,0.451685660266874,1.30108445697626,0.601283991047423,33.3877563865537,51.0347891166449,14.7976986383577,0.969,3.95608738968062,3.43920674799665,0.832442903389189,0.505112958942417
2003-07-07,3.78,381.65,20.75,20.75,1471.19,0.32257123801406345,658.41,27.06629,750.88,3.17552224503765,2.27054970568104,0.715016154973943,0.219528466253919,0.207214753166224,16.85,1.1541095890411,212.45,3.09468317552804,0,-16.0641,4.11759799833194,1.37608385686463,0.451685660266874,1.30108445697626,0.601283991047423,33.3877563865537,51.0347891166449,14.7976986383577,0.969,3.95608738968062,3.43920674799665,0.832442903389189,0.505112958942417
2003-07-08,8.68,383.07,20.95,20.95,1457.69,0.3127963520136373,658.41,27.06629,750.88,3.17552224503765,2.27054970568104,0.715016154973943,0.219528466253919,0.207214753166224,16.85,1.1541095890411,212.45,3.09468317552804,0,-16.0641,4.11759799833194,1.37608385686463,0.451685660266874,1.30108445697626,0.601283991047423,33.3877563865537,51.0347891166449,14.7976986383577,0.969,3.95608738968062,3.43920674799665,0.832442903389189,0.505112958942417
2003-07-09,12.23,408.04,20.26,20.26,1305.56,0.7461496313658639,658.41,27.06629,750.88,3.17552224503765,2.27054970568104,0.715016154973943,0.219528466253919,0.207214753166224,16.85,1.1541095890411,212.45,3.09468317552804,0,-16.0641,4.11759799833194,1.37608385686463,0.451685660266874,1.30108445697626,0.601283991047423,33.3877563865537,51.0347891166449,14.7976986383577,0.969,3.95608738968062,3.43920674799665,0.832442903389189,0.505112958942417
2003-07-10,14.71,378.18,16.9,16.9,1175.81,0.5897514553590454,658.41,27.06629,750.88,3.17552224503765,2.27054970568104,0.715016154973943,0.219528466253919,0.207214753166224,16.85,1.1541095890411,212.45,3.09468317552804,0,-16.0641,4.11759799833194,1.37608385686463,0.451685660266874,1.30108445697626,0.601283991047423,33.3877563865537,51.0347891166449,14.7976986383577,0.969,3.95608738968062,3.43920674799665,0.832442903389189,0.505112958942417
2003-07-11,4.29,383.76,16.9,16.9,1188.29,0.9090643980396335,658.41,27.06629,750.88,3.17552224503765,2.27054970568104,0.715016154973943,0.219528466253919,0.207214753166224,16.85,1.1541095890411,212.45,3.09468317552804,0,-16.0641,4.11759799833194,1.37608385686463,0.451685660266874,1.30108445697626,0.601283991047423,33.3877563865537,51.0347891166449,14.7976986383577,0.969,3.95608738968062,3.43920674799665,0.832442903389189,0.505112958942417
2003-07-12,0.3,479.59,16.59,16.59,1138.02,0.4789694140208821,658.41,27.06629,750.88,3.17552224503765,2.27054970568104,0.715016154973943,0.219528466253919,0.207214753166224,16.85,1.1541095890411,212.45,3.09468317552804,0,-16.0641,4.11759799833194,1.37608385686463,0.451685660266874,1.30108445697626,0.601283991047423,33.3877563865537,51.0347891166449,14.7976986383577,0.969,3.95608738968062,3.43920674799665,0.832442903389189,0.505112958942417
2003-07-13,0.0,543.07,16.53,16.53,1052.9,0.36167078201576813,658.41,27.06629,750.88,3.17552224503765,2.27054970568104,0.715016154973943,0.219528466253919,0.207214753166224,16.85,1.1541095890411,212.45,3.09468317552804,0,-16.0641,4.11759799833194,1.37608385686463,0.451685660266874,1.30108445697626,0.601283991047423,33.3877563865537,51.0347891166449,14.7976986383577,0.969,3.95608738968062,3.43920674799665,0.832442903389189,0.505112958942417
2003-07-14,0.0,563.5,16.95,16.95,1049.15,0.3030214660132111,658.41,27.06629,750.88,3.17552224503765,2.27054970568104,0.715016154973943,0.219528466253919,0.207214753166224,16.85,1.1541095890411,212.45,3.09468317552804,0,-16.0641,4.11759799833194,1.37608385686463,0.451685660266874,1.30108445697626,0.601283991047423,33.3877563865537,51.0347891166449,14.7976986383577,0.969,3.95608738968062,3.43920674799665,0.832442903389189,0.505112958942417
2003-07-15,16.36,407.36,18.45,18.45,1217.94,0.2671802173449819,658.41,27.06629,750.88,3.17552224503765,2.27054970568104,0.715016154973943,0.219528466253919,0.207214753166224,16.85,1.1541095890411,212.45,3.09468317552804,0,-16.0641,4.11759799833194,1.37608385686463,0.451685660266874,1.30108445697626,0.601283991047423,33.3877563865537,51.0347891166449,14.7976986383577,0.969,3.95608738968062,3.43920674799665,0.832442903389189,0.505112958942417
2003-07-16,5.02,395.54,18.93,18.93,1251.47,0.7950240613679949,658.41,27.06629,750.88,3.17552224503765,2.27054970568104,0.715016154973943,0.219528466253919,0.207214753166224,16.85,1.1541095890411,212.45,3.09468317552804,0,-16.0641,4.11759799833194,1.37608385686463,0.451685660266874,1.30108445697626,0.601283991047423,33.3877563865537,51.0347891166449,14.7976986383577,0.969,3.95608738968062,3.43920674799665,0.832442903389189,0.505112958942417
2003-07-17,4.66,417.26,17.02,17.02,1131.86,0.4300949840187513,658.41,27.06629,750.88,3.17552224503765,2.27054970568104,0.715016154973943,0.219528466253919,0.207214753166224,16.85,1.1541095890411,212.45,3.09468317552804,0,-16.0641,4.11759799833194,1.37608385686463,0.451685660266874,1.30108445697626,0.601283991047423,33.3877563865537,51.0347891166449,14.7976986383577,0.969,3.95608738968062,3.43920674799665,0.832442903389189,0.505112958942417
2003-07-18,6.4,374.22,17.95,17.95,1207.95,1.0133298487108457,658.41,27.06629,750.88,3.17552224503765,2.27054970568104,0.715016154973943,0.219528466253919,0.207214753166224,16.85,1.1541095890411,212.45,3.09468317552804,0,-16.0641,4.11759799833194,1.37608385686463,0.451685660266874,1.30108445697626,0.601283991047423,33.3877563865537,51.0347891166449,14.7976986383577,0.969,3.95608738968062,3.43920674799665,0.832442903389189,0.505112958942417
2003-07-19,2.84,491.79,14.76,14.76,969.86,0.6516590666950778,658.41,27.06629,750.88,3.17552224503765,2.27054970568104,0.715016154973943,0.219528466253919,0.207214753166224,16.85,1.1541095890411,212.45,3.09468317552804,0,-16.0641,4.11759799833194,1.37608385686463,0.451685660266874,1.30108445697626,0.601283991047423,33.3877563865537,51.0347891166449,14.7976986383577,0.969,3.95608738968062,3.43920674799665,0.832442903389189,0.505112958942417
2003-07-20,6.71,397.22,15.38,15.38,1108.98,0.4333532793522267,658.41,27.06629,750.88,3.17552224503765,2.27054970568104,0.715016154973943,0.219528466253919,0.207214753166224,16.85,1.1541095890411,212.45,3.09468317552804,0,-16.0641,4.11759799833194,1.37608385686463,0.451685660266874,1.30108445697626,0.601283991047423,33.3877563865537,51.0347891166449,14.7976986383577,0.969,3.95608738968062,3.43920674799665,0.832442903389189,0.505112958942417
2003-07-21,54.55,284.32,16.98,16.98,1398.51,4.105452120178989,658.41,27.06629,750.88,3.17552224503765,2.27054970568104,0.715016154973943,0.219528466253919,0.207214753166224,16.85,1.1541095890411,212.45,3.09468317552804,0,-16.0641,4.11759799833194,1.37608385686463,0.451685660266874,1.30108445697626,0.601283991047423,33.3877563865537,51.0347891166449,14.7976986383577,0.969,3.95608738968062,3.43920674799665,0.832442903389189,0.505112958942417
2003-07-22,25.38,311.73,18.39,18.39,1510.59,14.369082420626464,658.41,27.06629,750.88,3.17552224503765,2.27054970568104,0.715016154973943,0.219528466253919,0.207214753166224,16.85,1.1541095890411,212.45,3.09468317552804,0,-16.0641,4.11759799833194,1.37608385686463,0.451685660266874,1.30108445697626,0.601283991047423,33.3877563865537,51.0347891166449,14.7976986383577,0.969,3.95608738968062,3.43920674799665,0.832442903389189,0.505112958942417
2003-07-23,18.3,318.49,18.05,18.05,1433.86,10.035549627104198,658.41,27.06629,750.88,3.17552224503765,2.27054970568104,0.715016154973943,0.219528466253919,0.207214753166224,16.85,1.1541095890411,212.45,3.09468317552804,0,-16.0641,4.11759799833194,1.37608385686463,0.451685660266874,1.30108445697626,0.601283991047423,33.3877563865537,51.0347891166449,14.7976986383577,0.969,3.95608738968062,3.43920674799665,0.832442903389189,0.505112958942417
2003-07-24,11.7,353.02,16.61,16.61,1265.89,11.566948433837629,658.41,27.06629,750.88,3.17552224503765,2.27054970568104,0.715016154973943,0.219528466253919,0.207214753166224,16.85,1.1541095890411,212.45,3.09468317552804,0,-16.0641,4.11759799833194,1.37608385686463,0.451685660266874,1.30108445697626,0.601283991047423,33.3877563865537,51.0347891166449,14.7976986383577,0.969,3.95608738968062,3.43920674799665,0.832442903389189,0.505112958942417
2003-07-25,2.02,511.03,15.91,15.91,1164.54,5.864931600255699,658.41,27.06629,750.88,3.17552224503765,2.27054970568104,0.715016154973943,0.219528466253919,0.207214753166224,16.85,1.1541095890411,212.45,3.09468317552804,0,-16.0641,4.11759799833194,1.37608385686463,0.451685660266874,1.30108445697626,0.601283991047423,33.3877563865537,51.0347891166449,14.7976986383577,0.969,3.95608738968062,3.43920674799665,0.832442903389189,0.505112958942417
2003-07-26,0.0,508.61,17.11,17.11,1262.91,3.5189589601534195,658.41,27.06629,750.88,3.17552224503765,2.27054970568104,0.715016154973943,0.219528466253919,0.207214753166224,16.85,1.1541095890411,212.45,3.09468317552804,0,-16.0641,4.11759799833194,1.37608385686463,0.451685660266874,1.30108445697626,0.601283991047423,33.3877563865537,51.0347891166449,14.7976986383577,0.969,3.95608738968062,3.43920674799665,0.832442903389189,0.505112958942417
2003-07-27,6.33,375.67,18.84,18.84,1404.97,2.971565344129554,658.41,27.06629,750.88,3.17552224503765,2.27054970568104,0.715016154973943,0.219528466253919,0.207214753166224,16.85,1.1541095890411,212.45,3.09468317552804,0,-16.0641,4.11759799833194,1.37608385686463,0.451685660266874,1.30108445697626,0.601283991047423,33.3877563865537,51.0347891166449,14.7976986383577,0.969,3.95608738968062,3.43920674799665,0.832442903389189,0.505112958942417
2003-07-28,1.66,403.84,17.16,17.16,1319.1,2.7662927381206046,658.41,27.06629,750.88,3.17552224503765,2.27054970568104,0.715016154973943,0.219528466253919,0.207214753166224,16.85,1.1541095890411,212.45,3.09468317552804,0,-16.0641,4.11759799833194,1.37608385686463,0.451685660266874,1.30108445697626,0.601283991047423,33.3877563865537,51.0347891166449,14.7976986383577,0.969,3.95608738968062,3.43920674799665,0.832442903389189,0.505112958942417
2003-07-29,0.0,533.2,15.64,15.64,1116.36,1.8735198167483487,658.41,27.06629,750.88,3.17552224503765,2.27054970568104,0.715016154973943,0.219528466253919,0.207214753166224,16.85,1.1541095890411,212.45,3.09468317552804,0,-16.0641,4.11759799833194,1.37608385686463,0.451685660266874,1.30108445697626,0.601283991047423,33.3877563865537,51.0347891166449,14.7976986383577,0.969,3.95608738968062,3.43920674799665,0.832442903389189,0.505112958942417
2003-07-30,0.0,551.08,16.9,16.9,1151.71,1.459716309396974,658.41,27.06629,750.88,3.17552224503765,2.27054970568104,0.715016154973943,0.219528466253919,0.207214753166224,16.85,1.1541095890411,212.45,3.09468317552804,0,-16.0641,4.11759799833194,1.37608385686463,0.451685660266874,1.30108445697626,0.601283991047423,33.3877563865537,51.0347891166449,14.7976986383577,0.969,3.95608738968062,3.43920674799665,0.832442903389189,0.505112958942417
2003-07-31,31.76,376.51,18.72,18.72,1375.6,1.1892777967185169,658.41,27.06629,750.88,3.17552224503765,2.27054970568104,0.715016154973943,0.219528466253919,0.207214753166224,16.85,1.1541095890411,212.45,3.09468317552804,0,-16.0641,4.11759799833194,1.37608385686463,0.451685660266874,1.30108445697626,0.601283991047423,33.3877563865537,51.0347891166449,14.7976986383577,0.969,3.95608738968062,3.43920674799665,0.832442903389189,0.505112958942417
2003-08-01,9.47,349.01,18.56,18.56,1466.51,9.38389056040912,658.41,27.06629,750.88,3.17552224503765,2.27054970568104,0.715016154973943,0.219528466253919,0.207214753166224,16.85,1.1541095890411,212.45,3.09468317552804,0,-16.0641,4.11759799833194,1.37608385686463,0.451685660266874,1.30108445697626,0.601283991047423,33.3877563865537,51.0347891166449,14.7976986383577,0.969,3.95608738968062,3.43920674799665,0.832442903389189,0.505112958942417
2003-08-02,9.02,360.84,19.39,19.39,1534.47,6.223344086937993,658.41,27.06629,750.88,3.17552224503765,2.27054970568104,0.715016154973943,0.219528466253919,0.207214753166224,16.85,1.1541095890411,212.45,3.09468317552804,0,-16.0641,4.11759799833194,1.37608385686463,0.451685660266874,1.30108445697626,0.601283991047423,33.3877563865537,51.0347891166449,14.7976986383577,0.969,3.95608738968062,3.43920674799665,0.832442903389189,0.505112958942417
2003-08-03,18.51,327.84,19.19,19.19,1570.22,5.9300975069252075,658.41,27.06629,750.88,3.17552224503765,2.27054970568104,0.715016154973943,0.219528466253919,0.207214753166224,16.85,1.1541095890411,212.45,3.09468317552804,0,-16.0641,4.11759799833194,1.37608385686463,0.451685660266874,1.30108445697626,0.601283991047423,33.3877563865537,51.0347891166449,14.7976986383577,0.969,3.95608738968062,3.43920674799665,0.832442903389189,0.505112958942417
2003-08-04,4.6,417.09,20.26,20.26,1605.9,7.754742893671425,658.41,27.06629,750.88,3.17552224503765,2.27054970568104,0.715016154973943,0.219528466253919,0.207214753166224,16.85,1.1541095890411,212.45,3.09468317552804,0,-16.0641,4.11759799833194,1.37608385686463,0.451685660266874,1.30108445697626,0.601283991047423,33.3877563865537,51.0347891166449,14.7976986383577,0.969,3.95608738968062,3.43920674799665,0.832442903389189,0.505112958942417
2003-08-05,11.76,340.52,19.86,19.86,1575.99,7.46149631365864,658.41,27.06629,750.88,3.17552224503765,2.27054970568104,0.715016154973943,0.219528466253919,0.207214753166224,16.85,1.1541095890411,212.45,3.09468317552804,0,-16.0641,4.11759799833194,1.37608385686463,0.451685660266874,1.30108445697626,0.601283991047423,33.3877563865537,51.0347891166449,14.7976986383577,0.969,3.95608738968062,3.43920674799665,0.832442903389189,0.505112958942417
2003-08-06,7.54,320.04,18.06,18.06,1478.32,7.331164500319624,658.41,27.06629,750.88,3.17552224503765,2.27054970568104,0.715016154973943,0.219528466253919,0.207214753166224,16.85,1.1541095890411,212.45,3.09468317552804,0,-16.0641,4.11759799833194,1.37608385686463,0.451685660266874,1.30108445697626,0.601283991047423,33.3877563865537,51.0347891166449,14.7976986383577,0.969,3.95608738968062,3.43920674799665,0.832442903389189,0.505112958942417
2003-08-07,6.77,372.6,18.63,18.63,1483.1,4.7245282335393135,658.41,27.06629,750.88,3.17552224503765,2.27054970568104,0.715016154973943,0.219528466253919,0.207214753166224,16.85,1.1541095890411,212.45,3.09468317552804,0,-16.0641,4.11759799833194,1.37608385686463,0.451685660266874,1.30108445697626,0.601283991047423,33.3877563865537,51.0347891166449,14.7976986383577,0.969,3.95608738968062,3.43920674799665,0.832442903389189,0.505112958942417
2003-08-08,5.1,344.25,19.87,19.87,1623.58,5.376187300234391,658.41,27.06629,750.88,3.17552224503765,2.27054970568104,0.715016154973943,0.219528466253919,0.207214753166224,16.85,1.1541095890411,212.45,3.09468317552804,0,-16.0641,4.11759799833194,1.37608385686463,0.451685660266874,1.30108445697626,0.601283991047423,33.3877563865537,51.0347891166449,14.7976986383577,0.969,3.95608738968062,3.43920674799665,0.832442903389189,0.505112958942417
2003-08-09,22.28,327.69,20.54,20.54,1730.35,4.235783933518006,658.41,27.06629,750.88,3.17552224503765,2.27054970568104,0.715016154973943,0.219528466253919,0.207214753166224,16.85,1.1541095890411,212.45,3.09468317552804,0,-16.0641,4.11759799833194,1.37608385686463,0.451685660266874,1.30108445697626,0.601283991047423,33.3877563865537,51.0347891166449,14.7976986383577,0.969,3.95608738968062,3.43920674799665,0.832442903389189,0.505112958942417
2003-08-10,14.64,327.31,20.7,20.7,1751.99,8.504150820370764,658.41,27.06629,750.88,3.17552224503765,2.27054970568104,0.715016154973943,0.219528466253919,0.207214753166224,16.85,1.1541095890411,212.45,3.09468317552804,0,-16.0641,4.11759799833194,1.37608385686463,0.451685660266874,1.30108445697626,0.601283991047423,33.3877563865537,51.0347891166449,14.7976986383577,0.969,3.95608738968062,3.43920674799665,0.832442903389189,0.505112958942417
2003-08-11,18.42,290.09,20.18,20.18,1750.23,5.962680460259961,658.41,27.06629,750.88,3.17552224503765,2.27054970568104,0.715016154973943,0.219528466253919,0.207214753166224,16.85,1.1541095890411,212.45,3.09468317552804,0,-16.0641,4.11759799833194,1.37608385686463,0.451685660266874,1.30108445697626,0.601283991047423,33.3877563865537,51.0347891166449,14.7976986383577,0.969,3.95608738968062,3.43920674799665,0.832442903389189,0.505112958942417
2003-08-12,4.23,433.02,20.43,20.43,1725.06,10.459128020455998,658.41,27.06629,750.88,3.17552224503765,2.27054970568104,0.715016154973943,0.219528466253919,0.207214753166224,16.85,1.1541095890411,212.45,3.09468317552804,0,-16.0641,4.11759799833194,1.37608385686463,0.451685660266874,1.30108445697626,0.601283991047423,33.3877563865537,51.0347891166449,14.7976986383577,0.969,3.95608738968062,3.43920674799665,0.832442903389189,0.505112958942417
2003-08-13,0.0,473.62,21.39,21.39,1717.92,4.952608906882591,658.41,27.06629,750.88,3.17552224503765,2.27054970568104,0.715016154973943,0.219528466253919,0.207214753166224,16.85,1.1541095890411,212.45,3.09468317552804,0,-16.0641,4.11759799833194,1.37608385686463,0.451685660266874,1.30108445697626,0.601283991047423,33.3877563865537,51.0347891166449,14.7976986383577,0.969,3.95608738968062,3.43920674799665,0.832442903389189,0.505112958942417
2003-08-14,0.0,493.13,21.47,21.47,1672.32,3.3886271468144042,658.41,27.06629,750.88,3.17552224503765,2.27054970568104,0.715016154973943,0.219528466253919,0.207214753166224,16.85,1.1541095890411,212.45,3.09468317552804,0,-16.0641,4.11759799833194,1.37608385686463,0.451685660266874,1.30108445697626,0.601283991047423,33.3877563865537,51.0347891166449,14.7976986383577,0.969,3.95608738968062,3.43920674799665,0.832442903389189,0.505112958942417
2003-08-15,0.01,469.1,21.86,21.86,1707.87,2.567536722778606,658.41,27.06629,750.88,3.17552224503765,2.27054970568104,0.715016154973943,0.219528466253919,0.207214753166224,16.85,1.1541095890411,212.45,3.09468317552804,0,-16.0641,4.11759799833194,1.37608385686463,0.451685660266874,1.30108445697626,0.601283991047423,33.3877563865537,51.0347891166449,14.7976986383577,0.969,3.95608738968062,3.43920674799665,0.832442903389189,0.505112958942417
2003-08-16,3.25,357.73,21.07,21.07,1656.9,2.1928327594289363,658.41,27.06629,750.88,3.17552224503765,2.27054970568104,0.715016154973943,0.219528466253919,0.207214753166224,16.85,1.1541095890411,212.45,3.09468317552804,0,-16.0641,4.11759799833194,1.37608385686463,0.451685660266874,1.30108445697626,0.601283991047423,33.3877563865537,51.0347891166449,14.7976986383577,0.969,3.95608738968062,3.43920674799665,0.832442903389189,0.505112958942417
2003-08-17,0.85,445.54,19.54,19.54,1484.79,1.9940767440869378,658.41,27.06629,750.88,3.17552224503765,2.27054970568104,0.715016154973943,0.219528466253919,0.207214753166224,16.85,1.1541095890411,212.45,3.09468317552804,0,-16.0641,4.11759799833194,1.37608385686463,0.451685660266874,1.30108445697626,0.601283991047423,33.3877563865537,51.0347891166449,14.7976986383577,0.969,3.95608738968062,3.43920674799665,0.832442903389189,0.505112958942417
2003-08-18,0.0,522.27,16.28,16.28,1171.83,1.5020741487321543,658.41,27.06629,750.88,3.17552224503765,2.27054970568104,0.715016154973943,0.219528466253919,0.207214753166224,16.85,1.1541095890411,212.45,3.09468317552804,0,-16.0641,4.11759799833194,1.37608385686463,0.451685660266874,1.30108445697626,0.601283991047423,33.3877563865537,51.0347891166449,14.7976986383577,0.969,3.95608738968062,3.43920674799665,0.832442903389189,0.505112958942417
2003-08-19,0.0,522.54,17.19,17.19,1193.13,1.2381522267206477,658.41,27.06629,750.88,3.17552224503765,2.27054970568104,0.715016154973943,0.219528466253919,0.207214753166224,16.85,1.1541095890411,212.45,3.09468317552804,0,-16.0641,4.11759799833194,1.37608385686463,0.451685660266874,1.30108445697626,0.601283991047423,33.3877563865537,51.0347891166449,14.7976986383577,0.969,3.95608738968062,3.43920674799665,0.832442903389189,0.505112958942417
2003-08-20,0.0,519.35,18.57,18.57,1305.26,1.0426545067121245,658.41,27.06629,750.88,3.17552224503765,2.27054970568104,0.715016154973943,0.219528466253919,0.207214753166224,16.85,1.1541095890411,212.45,3.09468317552804,0,-16.0641,4.11759799833194,1.37608385686463,0.451685660266874,1.30108445697626,0.601283991047423,33.3877563865537,51.0347891166449,14.7976986383577,0.969,3.95608738968062,3.43920674799665,0.832442903389189,0.505112958942417
2003-08-21,0.28,372.97,20.39,20.39,1527.61,0.905806102706158,658.41,27.06629,750.88,3.17552224503765,2.27054970568104,0.715016154973943,0.219528466253919,0.207214753166224,16.85,1.1541095890411,212.45,3.09468317552804,0,-16.0641,4.11759799833194,1.37608385686463,0.451685660266874,1.30108445697626,0.601283991047423,33.3877563865537,51.0347891166449,14.7976986383577,0.969,3.95608738968062,3.43920674799665,0.832442903389189,0.505112958942417
2003-08-22,0.07,452.14,21.09,21.09,1585.4,0.7982823567014702,658.41,27.06629,750.88,3.17552224503765,2.27054970568104,0.715016154973943,0.219528466253919,0.207214753166224,16.85,1.1541095890411,212.45,3.09468317552804,0,-16.0641,4.11759799833194,1.37608385686463,0.451685660266874,1.30108445697626,0.601283991047423,33.3877563865537,51.0347891166449,14.7976986383577,0.969,3.95608738968062,3.43920674799665,0.832442903389189,0.505112958942417
2003-08-23,0.29,442.62,16.66,16.66,1158.88,0.7037917920306839,658.41,27.06629,750.88,3.17552224503765,2.27054970568104,0.715016154973943,0.219528466253919,0.207214753166224,16.85,1.1541095890411,212.45,3.09468317552804,0,-16.0641,4.11759799833194,1.37608385686463,0.451685660266874,1.30108445697626,0.601283991047423,33.3877563865537,51.0347891166449,14.7976986383577,0.969,3.95608738968062,3.43920674799665,0.832442903389189,0.505112958942417
2003-08-24,0.08,530.04,13.56,13.56,978.61,0.6125595226933731,658.41,27.06629,750.88,3.17552224503765,2.27054970568104,0.715016154973943,0.219528466253919,0.207214753166224,16.85,1.1541095890411,212.45,3.09468317552804,0,-16.0641,4.11759799833194,1.37608385686463,0.451685660266874,1.30108445697626,0.601283991047423,33.3877563865537,51.0347891166449,14.7976986383577,0.969,3.95608738968062,3.43920674799665,0.832442903389189,0.505112958942417
2003-08-25,0.08,327.02,17.31,17.31,1386.53,0.5506519113573407,658.41,27.06629,750.88,3.17552224503765,2.27054970568104,0.715016154973943,0.219528466253919,0.207214753166224,16.85,1.1541095890411,212.45,3.09468317552804,0,-16.0641,4.11759799833194,1.37608385686463,0.451685660266874,1.30108445697626,0.601283991047423,33.3877563865537,51.0347891166449,14.7976986383577,0.969,3.95608738968062,3.43920674799665,0.832442903389189,0.505112958942417
2003-08-26,12.96,349.53,19.11,19.11,1519.05,0.511552367355636,658.41,27.06629,750.88,3.17552224503765,2.27054970568104,0.715016154973943,0.219528466253919,0.207214753166224,16.85,1.1541095890411,212.45,3.09468317552804,0,-16.0641,4.11759799833194,1.37608385686463,0.451685660266874,1.30108445697626,0.601283991047423,33.3877563865537,51.0347891166449,14.7976986383577,0.969,3.95608738968062,3.43920674799665,0.832442903389189,0.505112958942417
2003-08-27,3.41,453.51,19.8,19.8,1454.53,0.6614339526955039,658.41,27.06629,750.88,3.17552224503765,2.27054970568104,0.715016154973943,0.219528466253919,0.207214753166224,16.85,1.1541095890411,212.45,3.09468317552804,0,-16.0641,4.11759799833194,1.37608385686463,0.451685660266874,1.30108445697626,0.601283991047423,33.3877563865537,51.0347891166449,14.7976986383577,0.969,3.95608738968062,3.43920674799665,0.832442903389189,0.505112958942417
2003-08-28,0.0,518.82,15.56,15.56,1083.14,0.49526089068825907,658.41,27.06629,750.88,3.17552224503765,2.27054970568104,0.715016154973943,0.219528466253919,0.207214753166224,16.85,1.1541095890411,212.45,3.09468317552804,0,-16.0641,4.11759799833194,1.37608385686463,0.451685660266874,1.30108445697626,0.601283991047423,33.3877563865537,51.0347891166449,14.7976986383577,0.969,3.95608738968062,3.43920674799665,0.832442903389189,0.505112958942417
2003-08-29,6.34,348.23,17.86,17.86,1355.86,0.4463864606861282,658.41,27.06629,750.88,3.17552224503765,2.27054970568104,0.715016154973943,0.219528466253919,0.207214753166224,16.85,1.1541095890411,212.45,3.09468317552804,0,-16.0641,4.11759799833194,1.37608385686463,0.451685660266874,1.30108445697626,0.601283991047423,33.3877563865537,51.0347891166449,14.7976986383577,0.969,3.95608738968062,3.43920674799665,0.832442903389189,0.505112958942417
2003-08-30,1.68,436.96,19.48,19.48,1361.82,0.6353675900277007,658.41,27.06629,750.88,3.17552224503765,2.27054970568104,0.715016154973943,0.219528466253919,0.207214753166224,16.85,1.1541095890411,212.45,3.09468317552804,0,-16.0641,4.11759799833194,1.37608385686463,0.451685660266874,1.30108445697626,0.601283991047423,33.3877563865537,51.0347891166449,14.7976986383577,0.969,3.95608738968062,3.43920674799665,0.832442903389189,0.505112958942417
2003-08-31,8.13,380.66,13.57,13.57,954.7,0.452903051353079,658.41,27.06629,750.88,3.17552224503765,2.27054970568104,0.715016154973943,0.219528466253919,0.207214753166224,16.85,1.1541095890411,212.45,3.09468317552804,0,-16.0641,4.11759799833194,1.37608385686463,0.451685660266874,1.30108445697626,0.601283991047423,33.3877563865537,51.0347891166449,14.7976986383577,0.969,3.95608738968062,3.43920674799665,0.832442903389189,0.505112958942417
2003-09-01,29.36,357.42,13.67,13.67,1044.78,0.8569316727040273,658.41,27.06629,750.88,3.17552224503765,2.27054970568104,0.715016154973943,0.219528466253919,0.207214753166224,16.85,1.1541095890411,212.45,3.09468317552804,0,-16.0641,4.11759799833194,1.37608385686463,0.451685660266874,1.30108445697626,0.601283991047423,33.3877563865537,51.0347891166449,14.7976986383577,0.969,3.95608738968062,3.43920674799665,0.832442903389189,0.505112958942417
2003-09-02,10.05,167.68,13.51,13.51,1247.03,4.822277093543575,658.41,27.06629,750.88,3.17552224503765,2.27054970568104,0.715016154973943,0.219528466253919,0.207214753166224,16.85,1.1541095890411,212.45,3.09468317552804,0,-16.0641,4.11759799833194,1.37608385686463,0.451685660266874,1.30108445697626,0.601283991047423,33.3877563865537,51.0347891166449,14.7976986383577,0.969,3.95608738968062,3.43920674799665,0.832442903389189,0.505112958942417
2003-09-03,5.9,133.75,13.72,13.72,1349.27,2.020143106754741,658.41,27.06629,750.88,3.17552224503765,2.27054970568104,0.715016154973943,0.219528466253919,0.207214753166224,16.85,1.1541095890411,212.45,3.09468317552804,0,-16.0641,4.11759799833194,1.37608385686463,0.451685660266874,1.30108445697626,0.601283991047423,33.3877563865537,51.0347891166449,14.7976986383577,0.969,3.95608738968062,3.43920674799665,0.832442903389189,0.505112958942417
2003-09-04,1.65,346.35,15.99,15.99,1321.35,3.616707820157681,658.41,27.06629,750.88,3.17552224503765,2.27054970568104,0.715016154973943,0.219528466253919,0.207214753166224,16.85,1.1541095890411,212.45,3.09468317552804,0,-16.0641,4.11759799833194,1.37608385686463,0.451685660266874,1.30108445697626,0.601283991047423,33.3877563865537,51.0347891166449,14.7976986383577,0.969,3.95608738968062,3.43920674799665,0.832442903389189,0.505112958942417
2003-09-05,0.08,444.04,15.87,15.87,1161.64,1.922394246750479,658.41,27.06629,750.88,3.17552224503765,2.27054970568104,0.715016154973943,0.219528466253919,0.207214753166224,16.85,1.1541095890411,212.45,3.09468317552804,0,-16.0641,4.11759799833194,1.37608385686463,0.451685660266874,1.30108445697626,0.601283991047423,33.3877563865537,51.0347891166449,14.7976986383577,0.969,3.95608738968062,3.43920674799665,0.832442903389189,0.505112958942417
2003-09-06,0.0,464.98,11.6,11.6,897.7,1.5216239207330067,658.41,27.06629,750.88,3.17552224503765,2.27054970568104,0.715016154973943,0.219528466253919,0.207214753166224,16.85,1.1541095890411,212.45,3.09468317552804,0,-16.0641,4.11759799833194,1.37608385686463,0.451685660266874,1.30108445697626,0.601283991047423,33.3877563865537,51.0347891166449,14.7976986383577,0.969,3.95608738968062,3.43920674799665,0.832442903389189,0.505112958942417
2003-09-07,0.0,494.44,12.69,12.69,941.53,1.2446688173875986,658.41,27.06629,750.88,3.17552224503765,2.27054970568104,0.715016154973943,0.219528466253919,0.207214753166224,16.85,1.1541095890411,212.45,3.09468317552804,0,-16.0641,4.11759799833194,1.37608385686463,0.451685660266874,1.30108445697626,0.601283991047423,33.3877563865537,51.0347891166449,14.7976986383577,0.969,3.95608738968062,3.43920674799665,0.832442903389189,0.505112958942417
2003-09-08,0.0,452.55,16.3,16.3,1156.61,1.071979164713403,658.41,27.06629,750.88,3.17552224503765,2.27054970568104,0.715016154973943,0.219528466253919,0.207214753166224,16.85,1.1541095890411,212.45,3.09468317552804,0,-16.0641,4.11759799833194,1.37608385686463,0.451685660266874,1.30108445697626,0.601283991047423,33.3877563865537,51.0347891166449,14.7976986383577,0.969,3.95608738968062,3.43920674799665,0.832442903389189,0.505112958942417
2003-09-09,0.0,468.66,13.66,13.66,991.75,0.9253558747070104,658.41,27.06629,750.88,3.17552224503765,2.27054970568104,0.715016154973943,0.219528466253919,0.207214753166224,16.85,1.1541095890411,212.45,3.09468317552804,0,-16.0641,4.11759799833194,1.37608385686463,0.451685660266874,1.30108445697626,0.601283991047423,33.3877563865537,51.0347891166449,14.7976986383577,0.969,3.95608738968062,3.43920674799665,0.832442903389189,0.505112958942417
2003-09-10,0.0,469.83,13.99,13.99,986.15,0.8047989473684211,658.41,27.06629,750.88,3.17552224503765,2.27054970568104,0.715016154973943,0.219528466253919,0.207214753166224,16.85,1.1541095890411,212.45,3.09468317552804,0,-16.0641,4.11759799833194,1.37608385686463,0.451685660266874,1.30108445697626,0.601283991047423,33.3877563865537,51.0347891166449,14.7976986383577,0.969,3.95608738968062,3.43920674799665,0.832442903389189,0.505112958942417
2003-09-11,0.0,480.74,13.98,13.98,951.61,0.6972752013637332,658.41,27.06629,750.88,3.17552224503765,2.27054970568104,0.715016154973943,0.219528466253919,0.207214753166224,16.85,1.1541095890411,212.45,3.09468317552804,0,-16.0641,4.11759799833194,1.37608385686463,0.451685660266874,1.30108445697626,0.601283991047423,33.3877563865537,51.0347891166449,14.7976986383577,0.969,3.95608738968062,3.43920674799665,0.832442903389189,0.505112958942417
2003-09-12,0.12,393.9,14.89,14.89,1033.42,0.6190761133603239,658.41,27.06629,750.88,3.17552224503765,2.27054970568104,0.715016154973943,0.219528466253919,0.207214753166224,16.85,1.1541095890411,212.45,3.09468317552804,0,-16.0641,4.11759799833194,1.37608385686463,0.451685660266874,1.30108445697626,0.601283991047423,33.3877563865537,51.0347891166449,14.7976986383577,0.969,3.95608738968062,3.43920674799665,0.832442903389189,0.505112958942417
2003-09-13,3.16,313.61,15.18,15.18,1177.17,0.570201683358193,658.41,27.06629,750.88,3.17552224503765,2.27054970568104,0.715016154973943,0.219528466253919,0.207214753166224,16.85,1.1541095890411,212.45,3.09468317552804,0,-16.0641,4.11759799833194,1.37608385686463,0.451685660266874,1.30108445697626,0.601283991047423,33.3877563865537,51.0347891166449,14.7976986383577,0.969,3.95608738968062,3.43920674799665,0.832442903389189,0.505112958942417
2003-09-14,0.9,266.33,16.05,16.05,1383.33,0.5962680460259961,658.41,27.06629,750.88,3.17552224503765,2.27054970568104,0.715016154973943,0.219528466253919,0.207214753166224,16.85,1.1541095890411,212.45,3.09468317552804,0,-16.0641,4.11759799833194,1.37608385686463,0.451685660266874,1.30108445697626,0.601283991047423,33.3877563865537,51.0347891166449,14.7976986383577,0.969,3.95608738968062,3.43920674799665,0.832442903389189,0.505112958942417
2003-09-15,10.42,279.88,18.52,18.52,1501.15,0.553910206690816,658.41,27.06629,750.88,3.17552224503765,2.27054970568104,0.715016154973943,0.219528466253919,0.207214753166224,16.85,1.1541095890411,212.45,3.09468317552804,0,-16.0641,4.11759799833194,1.37608385686463,0.451685660266874,1.30108445697626,0.601283991047423,33.3877563865537,51.0347891166449,14.7976986383577,0.969,3.95608738968062,3.43920674799665,0.832442903389189,0.505112958942417
2003-09-16,2.74,450.9,15.23,15.23,1089.56,0.8927729213722564,658.41,27.06629,750.88,3.17552224503765,2.27054970568104,0.715016154973943,0.219528466253919,0.207214753166224,16.85,1.1541095890411,212.45,3.09468317552804,0,-16.0641,4.11759799833194,1.37608385686463,0.451685660266874,1.30108445697626,0.601283991047423,33.3877563865537,51.0347891166449,14.7976986383577,0.969,3.95608738968062,3.43920674799665,0.832442903389189,0.505112958942417
2003-09-17,0.0,456.26,13.26,13.26,929.17,0.5473936160238653,658.41,27.06629,750.88,3.17552224503765,2.27054970568104,0.715016154973943,0.219528466253919,0.207214753166224,16.85,1.1541095890411,212.45,3.09468317552804,0,-16.0641,4.11759799833194,1.37608385686463,0.451685660266874,1.30108445697626,0.601283991047423,33.3877563865537,51.0347891166449,14.7976986383577,0.969,3.95608738968062,3.43920674799665,0.832442903389189,0.505112958942417
2003-09-18,4.08,341.46,13.28,13.28,954.59,0.46593623268698053,658.41,27.06629,750.88,3.17552224503765,2.27054970568104,0.715016154973943,0.219528466253919,0.207214753166224,16.85,1.1541095890411,212.45,3.09468317552804,0,-16.0641,4.11759799833194,1.37608385686463,0.451685660266874,1.30108445697626,0.601283991047423,33.3877563865537,51.0347891166449,14.7976986383577,0.969,3.95608738968062,3.43920674799665,0.832442903389189,0.505112958942417
2003-09-19,8.56,300.63,13.83,13.83,1061.25,0.5930097506925207,658.41,27.06629,750.88,3.17552224503765,2.27054970568104,0.715016154973943,0.219528466253919,0.207214753166224,16.85,1.1541095890411,212.45,3.09468317552804,0,-16.0641,4.11759799833194,1.37608385686463,0.451685660266874,1.30108445697626,0.601283991047423,33.3877563865537,51.0347891166449,14.7976986383577,0.969,3.95608738968062,3.43920674799665,0.832442903389189,0.505112958942417
2003-09-20,2.04,375.15,13.54,13.54,1016.91,0.9188392840400595,658.41,27.06629,750.88,3.17552224503765,2.27054970568104,0.715016154973943,0.219528466253919,0.207214753166224,16.85,1.1541095890411,212.45,3.09468317552804,0,-16.0641,4.11759799833194,1.37608385686463,0.451685660266874,1.30108445697626,0.601283991047423,33.3877563865537,51.0347891166449,14.7976986383577,0.969,3.95608738968062,3.43920674799665,0.832442903389189,0.505112958942417
2003-09-21,0.02,451.64,11.44,11.44,846.0,0.5799765693586192,658.41,27.06629,750.88,3.17552224503765,2.27054970568104,0.715016154973943,0.219528466253919,0.207214753166224,16.85,1.1541095890411,212.45,3.09468317552804,0,-16.0641,4.11759799833194,1.37608385686463,0.451685660266874,1.30108445697626,0.601283991047423,33.3877563865537,51.0347891166449,14.7976986383577,0.969,3.95608738968062,3.43920674799665,0.832442903389189,0.505112958942417
2003-09-22,11.38,316.72,12.52,12.52,986.72,0.5148106626891115,658.41,27.06629,750.88,3.17552224503765,2.27054970568104,0.715016154973943,0.219528466253919,0.207214753166224,16.85,1.1541095890411,212.45,3.09468317552804,0,-16.0641,4.11759799833194,1.37608385686463,0.451685660266874,1.30108445697626,0.601283991047423,33.3877563865537,51.0347891166449,14.7976986383577,0.969,3.95608738968062,3.43920674799665,0.832442903389189,0.505112958942417
2003-09-23,3.52,224.74,14.58,14.58,1184.12,1.4206167653952695,658.41,27.06629,750.88,3.17552224503765,2.27054970568104,0.715016154973943,0.219528466253919,0.207214753166224,16.85,1.1541095890411,212.45,3.09468317552804,0,-16.0641,4.11759799833194,1.37608385686463,0.451685660266874,1.30108445697626,0.601283991047423,33.3877563865537,51.0347891166449,14.7976986383577,0.969,3.95608738968062,3.43920674799665,0.832442903389189,0.505112958942417
2003-09-24,0.4,325.89,10.88,10.88,889.17,0.8634482633709779,658.41,27.06629,750.88,3.17552224503765,2.27054970568104,0.715016154973943,0.219528466253919,0.207214753166224,16.85,1.1541095890411,212.45,3.09468317552804,0,-16.0641,4.11759799833194,1.37608385686463,0.451685660266874,1.30108445697626,0.601283991047423,33.3877563865537,51.0347891166449,14.7976986383577,0.969,3.95608738968062,3.43920674799665,0.832442903389189,0.505112958942417
2003-09-25,4.45,295.49,12.46,12.46,943.5,0.8504150820370764,658.41,27.06629,750.88,3.17552224503765,2.27054970568104,0.715016154973943,0.219528466253919,0.207214753166224,16.85,1.1541095890411,212.45,3.09468317552804,0,-16.0641,4.11759799833194,1.37608385686463,0.451685660266874,1.30108445697626,0.601283991047423,33.3877563865537,51.0347891166449,14.7976986383577,0.969,3.95608738968062,3.43920674799665,0.832442903389189,0.505112958942417
2003-09-26,1.16,412.03,9.82,9.82,802.63,0.8601899680375026,658.41,27.06629,750.88,3.17552224503765,2.27054970568104,0.715016154973943,0.219528466253919,0.207214753166224,16.85,1.1541095890411,212.45,3.09468317552804,0,-16.0641,4.11759799833194,1.37608385686463,0.451685660266874,1.30108445697626,0.601283991047423,33.3877563865537,51.0347891166449,14.7976986383577,0.969,3.95608738968062,3.43920674799665,0.832442903389189,0.505112958942417
2003-09-27,30.25,293.18,12.66,12.66,1000.54,1.2511854080545493,658.41,27.06629,750.88,3.17552224503765,2.27054970568104,0.715016154973943,0.219528466253919,0.207214753166224,16.85,1.1541095890411,212.45,3.09468317552804,0,-16.0641,4.11759799833194,1.37608385686463,0.451685660266874,1.30108445697626,0.601283991047423,33.3877563865537,51.0347891166449,14.7976986383577,0.969,3.95608738968062,3.43920674799665,0.832442903389189,0.505112958942417
2003-09-28,8.01,308.78,13.6,13.6,1035.79,9.579388280417643,658.41,27.06629,750.88,3.17552224503765,2.27054970568104,0.715016154973943,0.219528466253919,0.207214753166224,16.85,1.1541095890411,212.45,3.09468317552804,0,-16.0641,4.11759799833194,1.37608385686463,0.451685660266874,1.30108445697626,0.601283991047423,33.3877563865537,51.0347891166449,14.7976986383577,0.969,3.95608738968062,3.43920674799665,0.832442903389189,0.505112958942417
2003-09-29,1.47,294.27,11.25,11.25,878.41,3.486376006818666,658.41,27.06629,750.88,3.17552224503765,2.27054970568104,0.715016154973943,0.219528466253919,0.207214753166224,16.85,1.1541095890411,212.45,3.09468317552804,0,-16.0641,4.11759799833194,1.37608385686463,0.451685660266874,1.30108445697626,0.601283991047423,33.3877563865537,51.0347891166449,14.7976986383577,0.969,3.95608738968062,3.43920674799665,0.832442903389189,0.505112958942417
2003-09-30,0.46,295.63,7.91,7.91,739.03,2.6033779714468355,658.41,27.06629,750.88,3.17552224503765,2.27054970568104,0.715016154973943,0.219528466253919,0.207214753166224,16.85,1.1541095890411,212.45,3.09468317552804,0,-16.0641,4.11759799833194,1.37608385686463,0.451685660266874,1.30108445697626,0.601283991047423,33.3877563865537,51.0347891166449,14.7976986383577,0.969,3.95608738968062,3.43920674799665,0.832442903389189,0.505112958942417
2003-10-01,2.1,280.95,5.81,5.81,633.1,2.029917992755167,658.41,27.06629,750.88,3.17552224503765,2.27054970568104,0.715016154973943,0.219528466253919,0.207214753166224,16.85,1.1541095890411,212.45,3.09468317552804,0,-16.0641,4.11759799833194,1.37608385686463,0.451685660266874,1.30108445697626,0.601283991047423,33.3877563865537,51.0347891166449,14.7976986383577,0.969,3.95608738968062,3.43920674799665,0.832442903389189,0.505112958942417
2003-10-02,5.2,269.32,3.02,3.02,524.57,1.8050956147453652,658.41,27.06629,750.88,3.17552224503765,2.27054970568104,0.715016154973943,0.219528466253919,0.207214753166224,16.85,1.1541095890411,212.45,3.09468317552804,0,-16.0641,4.11759799833194,1.37608385686463,0.451685660266874,1.30108445697626,0.601283991047423,33.3877563865537,51.0347891166449,14.7976986383577,0.969,3.95608738968062,3.43920674799665,0.832442903389189,0.505112958942417
2003-10-03,6.34,261.14,2.08,2.08,513.93,1.6128561900703173,658.41,27.06629,750.88,3.17552224503765,2.27054970568104,0.715016154973943,0.219528466253919,0.207214753166224,16.85,1.1541095890411,212.45,3.09468317552804,0,-16.0641,4.11759799833194,1.37608385686463,0.451685660266874,1.30108445697626,0.601283991047423,33.3877563865537,51.0347891166449,14.7976986383577,0.969,3.95608738968062,3.43920674799665,0.832442903389189,0.505112958942417
2003-10-04,14.7,273.48,4.19,4.19,578.16,2.4013636607713615,658.41,27.06629,750.88,3.17552224503765,2.27054970568104,0.715016154973943,0.219528466253919,0.207214753166224,16.85,1.1541095890411,212.45,3.09468317552804,0,-16.0641,4.11759799833194,1.37608385686463,0.451685660266874,1.30108445697626,0.601283991047423,33.3877563865537,51.0347891166449,14.7976986383577,0.969,3.95608738968062,3.43920674799665,0.832442903389189,0.505112958942417
2003-10-05,3.79,246.25,3.0,3.0,532.64,2.424171728105689,658.41,27.06629,750.88,3.17552224503765,2.27054970568104,0.715016154973943,0.219528466253919,0.207214753166224,16.85,1.1541095890411,212.45,3.09468317552804,0,-16.0641,4.11759799833194,1.37608385686463,0.451685660266874,1.30108445697626,0.601283991047423,33.3877563865537,51.0347891166449,14.7976986383577,0.969,3.95608738968062,3.43920674799665,0.832442903389189,0.505112958942417
2003-10-06,0.07,396.62,2.61,2.61,482.68,1.6877969827402515,658.41,27.06629,750.88,3.17552224503765,2.27054970568104,0.715016154973943,0.219528466253919,0.207214753166224,16.85,1.1541095890411,212.45,3.09468317552804,0,-16.0641,4.11759799833194,1.37608385686463,0.451685660266874,1.30108445697626,0.601283991047423,33.3877563865537,51.0347891166449,14.7976986383577,0.969,3.95608738968062,3.43920674799665,0.832442903389189,0.505112958942417
2003-10-07,0.0,391.8,3.8,3.8,522.89,1.4792660813978264,658.41,27.06629,750.88,3.17552224503765,2.27054970568104,0.715016154973943,0.219528466253919,0.207214753166224,16.85,1.1541095890411,212.45,3.09468317552804,0,-16.0641,4.11759799833194,1.37608385686463,0.451685660266874,1.30108445697626,0.601283991047423,33.3877563865537,51.0347891166449,14.7976986383577,0.969,3.95608738968062,3.43920674799665,0.832442903389189,0.505112958942417
2003-10-08,0.0,404.26,7.0,7.0,646.92,1.3196096100575323,658.41,27.06629,750.88,3.17552224503765,2.27054970568104,0.715016154973943,0.219528466253919,0.207214753166224,16.85,1.1541095890411,212.45,3.09468317552804,0,-16.0641,4.11759799833194,1.37608385686463,0.451685660266874,1.30108445697626,0.601283991047423,33.3877563865537,51.0347891166449,14.7976986383577,0.969,3.95608738968062,3.43920674799665,0.832442903389189,0.505112958942417
2003-10-09,0.0,397.79,12.29,12.29,834.01,1.1762446153846153,658.41,27.06629,750.88,3.17552224503765,2.27054970568104,0.715016154973943,0.219528466253919,0.207214753166224,16.85,1.1541095890411,212.45,3.09468317552804,0,-16.0641,4.11759799833194,1.37608385686463,0.451685660266874,1.30108445697626,0.601283991047423,33.3877563865537,51.0347891166449,14.7976986383577,0.969,3.95608738968062,3.43920674799665,0.832442903389189,0.505112958942417
2003-10-10,0.0,392.72,13.77,13.77,893.31,1.0589459833795014,658.41,27.06629,750.88,3.17552224503765,2.27054970568104,0.715016154973943,0.219528466253919,0.207214753166224,16.85,1.1541095890411,212.45,3.09468317552804,0,-16.0641,4.11759799833194,1.37608385686463,0.451685660266874,1.30108445697626,0.601283991047423,33.3877563865537,51.0347891166449,14.7976986383577,0.969,3.95608738968062,3.43920674799665,0.832442903389189,0.505112958942417
2003-10-11,0.0,386.17,13.62,13.62,874.9,0.948163942041338,658.41,27.06629,750.88,3.17552224503765,2.27054970568104,0.715016154973943,0.219528466253919,0.207214753166224,16.85,1.1541095890411,212.45,3.09468317552804,0,-16.0641,4.11759799833194,1.37608385686463,0.451685660266874,1.30108445697626,0.601283991047423,33.3877563865537,51.0347891166449,14.7976986383577,0.969,3.95608738968062,3.43920674799665,0.832442903389189,0.505112958942417
2003-10-12,0.24,293.24,11.21,11.21,743.86,0.8601899680375026,658.41,27.06629,750.88,3.17552224503765,2.27054970568104,0.715016154973943,0.219528466253919,0.207214753166224,16.85,1.1541095890411,212.45,3.09468317552804,0,-16.0641,4.11759799833194,1.37608385686463,0.451685660266874,1.30108445697626,0.601283991047423,33.3877563865537,51.0347891166449,14.7976986383577,0.969,3.95608738968062,3.43920674799665,0.832442903389189,0.505112958942417
2003-10-13,0.06,384.53,9.58,9.58,691.98,0.7885074707010441,658.41,27.06629,750.88,3.17552224503765,2.27054970568104,0.715016154973943,0.219528466253919,0.207214753166224,16.85,1.1541095890411,212.45,3.09468317552804,0,-16.0641,4.11759799833194,1.37608385686463,0.451685660266874,1.30108445697626,0.601283991047423,33.3877563865537,51.0347891166449,14.7976986383577,0.969,3.95608738968062,3.43920674799665,0.832442903389189,0.505112958942417
2003-10-14,14.91,275.58,9.46,9.46,726.48,0.7396330406989132,658.41,27.06629,750.88,3.17552224503765,2.27054970568104,0.715016154973943,0.219528466253919,0.207214753166224,16.85,1.1541095890411,212.45,3.09468317552804,0,-16.0641,4.11759799833194,1.37608385686463,0.451685660266874,1.30108445697626,0.601283991047423,33.3877563865537,51.0347891166449,14.7976986383577,0.969,3.95608738968062,3.43920674799665,0.832442903389189,0.505112958942417
2003-10-15,6.75,275.4,8.45,8.45,672.21,1.9419440187513315,658.41,27.06629,750.88,3.17552224503765,2.27054970568104,0.715016154973943,0.219528466253919,0.207214753166224,16.85,1.1541095890411,212.45,3.09468317552804,0,-16.0641,4.11759799833194,1.37608385686463,0.451685660266874,1.30108445697626,0.601283991047423,33.3877563865537,51.0347891166449,14.7976986383577,0.969,3.95608738968062,3.43920674799665,0.832442903389189,0.505112958942417
2003-10-16,0.77,278.31,5.47,5.47,582.94,1.3261262007244832,658.41,27.06629,750.88,3.17552224503765,2.27054970568104,0.715016154973943,0.219528466253919,0.207214753166224,16.85,1.1541095890411,212.45,3.09468317552804,0,-16.0641,4.11759799833194,1.37608385686463,0.451685660266874,1.30108445697626,0.601283991047423,33.3877563865537,51.0347891166449,14.7976986383577,0.969,3.95608738968062,3.43920674799665,0.832442903389189,0.505112958942417
2003-10-17,0.01,332.85,3.8,3.8,538.47,1.0002966673769442,658.41,27.06629,750.88,3.17552224503765,2.27054970568104,0.715016154973943,0.219528466253919,0.207214753166224,16.85,1.1541095890411,212.45,3.09468317552804,0,-16.0641,4.11759799833194,1.37608385686463,0.451685660266874,1.30108445697626,0.601283991047423,33.3877563865537,51.0347891166449,14.7976986383577,0.969,3.95608738968062,3.43920674799665,0.832442903389189,0.505112958942417
2003-10-18,1.35,245.07,3.79,3.79,546.66,0.9090643980396335,658.41,27.06629,750.88,3.17552224503765,2.27054970568104,0.715016154973943,0.219528466253919,0.207214753166224,16.85,1.1541095890411,212.45,3.09468317552804,0,-16.0641,4.11759799833194,1.37608385686463,0.451685660266874,1.30108445697626,0.601283991047423,33.3877563865537,51.0347891166449,14.7976986383577,0.969,3.95608738968062,3.43920674799665,0.832442903389189,0.505112958942417
2003-10-19,0.37,255.77,3.08,3.08,562.24,0.9025478073726826,658.41,27.06629,750.88,3.17552224503765,2.27054970568104,0.715016154973943,0.219528466253919,0.207214753166224,16.85,1.1541095890411,212.45,3.09468317552804,0,-16.0641,4.11759799833194,1.37608385686463,0.451685660266874,1.30108445697626,0.601283991047423,33.3877563865537,51.0347891166449,14.7976986383577,0.969,3.95608738968062,3.43920674799665,0.832442903389189,0.505112958942417
2003-10-20,0.05,225.17,3.78,3.78,612.34,0.8308653100362241,658.41,27.06629,750.88,3.17552224503765,2.27054970568104,0.715016154973943,0.219528466253919,0.207214753166224,16.85,1.1541095890411,212.45,3.09468317552804,0,-16.0641,4.11759799833194,1.37608385686463,0.451685660266874,1.30108445697626,0.601283991047423,33.3877563865537,51.0347891166449,14.7976986383577,0.969,3.95608738968062,3.43920674799665,0.832442903389189,0.505112958942417
2003-10-21,1.18,267.81,6.11,6.11,604.99,0.7787325847006179,658.41,27.06629,750.88,3.17552224503765,2.27054970568104,0.715016154973943,0.219528466253919,0.207214753166224,16.85,1.1541095890411,212.45,3.09468317552804,0,-16.0641,4.11759799833194,1.37608385686463,0.451685660266874,1.30108445697626,0.601283991047423,33.3877563865537,51.0347891166449,14.7976986383577,0.969,3.95608738968062,3.43920674799665,0.832442903389189,0.505112958942417
2003-10-22,1.16,263.01,7.73,7.73,602.78,0.7819908800340932,658.41,27.06629,750.88,3.17552224503765,2.27054970568104,0.715016154973943,0.219528466253919,0.207214753166224,16.85,1.1541095890411,212.45,3.09468317552804,0,-16.0641,4.11759799833194,1.37608385686463,0.451685660266874,1.30108445697626,0.601283991047423,33.3877563865537,51.0347891166449,14.7976986383577,0.969,3.95608738968062,3.43920674799665,0.832442903389189,0.505112958942417
2003-10-23,0.22,166.29,1.34,1.34,481.05,0.7559245173662902,658.41,27.06629,750.88,3.17552224503765,2.27054970568104,0.715016154973943,0.219528466253919,0.207214753166224,16.85,1.1541095890411,212.45,3.09468317552804,0,-16.0641,4.11759799833194,1.37608385686463,0.451685660266874,1.30108445697626,0.601283991047423,33.3877563865537,51.0347891166449,14.7976986383577,0.969,3.95608738968062,3.43920674799665,0.832442903389189,0.505112958942417
2003-10-24,0.22,120.65,-0.79,-0.79,480.07,0.6907586106967823,658.41,27.06629,750.88,3.17552224503765,2.27054970568104,0.715016154973943,0.219528466253919,0.207214753166224,16.85,1.1541095890411,212.45,3.09468317552804,0,-16.0641,4.11759799833194,1.37608385686463,0.451685660266874,1.30108445697626,0.601283991047423,33.3877563865537,51.0347891166449,14.7976986383577,0.969,3.95608738968062,3.43920674799665,0.832442903389189,0.505112958942417
2003-10-25,0.29,199.61,2.28,2.28,580.53,0.62885099936075,658.41,27.06629,750.88,3.17552224503765,2.27054970568104,0.715016154973943,0.219528466253919,0.207214753166224,16.85,1.1541095890411,212.45,3.09468317552804,0,-16.0641,4.11759799833194,1.37608385686463,0.451685660266874,1.30108445697626,0.601283991047423,33.3877563865537,51.0347891166449,14.7976986383577,0.969,3.95608738968062,3.43920674799665,0.832442903389189,0.505112958942417
2003-10-26,12.93,241.29,7.49,7.49,714.36,0.6255927040272746,658.41,27.06629,750.88,3.17552224503765,2.27054970568104,0.715016154973943,0.219528466253919,0.207214753166224,16.85,1.1541095890411,212.45,3.09468317552804,0,-16.0641,4.11759799833194,1.37608385686463,0.451685660266874,1.30108445697626,0.601283991047423,33.3877563865537,51.0347891166449,14.7976986383577,0.969,3.95608738968062,3.43920674799665,0.832442903389189,0.505112958942417
2003-10-27,9.0,245.16,8.53,8.53,692.47,2.9389823907948007,658.41,27.06629,750.88,3.17552224503765,2.27054970568104,0.715016154973943,0.219528466253919,0.207214753166224,16.85,1.1541095890411,212.45,3.09468317552804,0,-16.0641,4.11759799833194,1.37608385686463,0.451685660266874,1.30108445697626,0.601283991047423,33.3877563865537,51.0347891166449,14.7976986383577,0.969,3.95608738968062,3.43920674799665,0.832442903389189,0.505112958942417
2003-10-28,4.03,190.59,5.37,5.37,626.11,2.34597264010228,658.41,27.06629,750.88,3.17552224503765,2.27054970568104,0.715016154973943,0.219528466253919,0.207214753166224,16.85,1.1541095890411,212.45,3.09468317552804,0,-16.0641,4.11759799833194,1.37608385686463,0.451685660266874,1.30108445697626,0.601283991047423,33.3877563865537,51.0347891166449,14.7976986383577,0.969,3.95608738968062,3.43920674799665,0.832442903389189,0.505112958942417
2003-10-29,1.25,181.63,4.21,4.21,635.55,2.0168848114212654,658.41,27.06629,750.88,3.17552224503765,2.27054970568104,0.715016154973943,0.219528466253919,0.207214753166224,16.85,1.1541095890411,212.45,3.09468317552804,0,-16.0641,4.11759799833194,1.37608385686463,0.451685660266874,1.30108445697626,0.601283991047423,33.3877563865537,51.0347891166449,14.7976986383577,0.969,3.95608738968062,3.43920674799665,0.832442903389189,0.505112958942417
2003-10-30,0.15,186.31,5.09,5.09,714.62,1.9061027700831024,658.41,27.06629,750.88,3.17552224503765,2.27054970568104,0.715016154973943,0.219528466253919,0.207214753166224,16.85,1.1541095890411,212.45,3.09468317552804,0,-16.0641,4.11759799833194,1.37608385686463,0.451685660266874,1.30108445697626,0.601283991047423,33.3877563865537,51.0347891166449,14.7976986383577,0.969,3.95608738968062,3.43920674799665,0.832442903389189,0.505112958942417
2003-10-31,3.66,203.36,8.22,8.22,831.41,1.6030813040698912,658.41,27.06629,750.88,3.17552224503765,2.27054970568104,0.715016154973943,0.219528466253919,0.207214753166224,16.85,1.1541095890411,212.45,3.09468317552804,0,-16.0641,4.11759799833194,1.37608385686463,0.451685660266874,1.30108445697626,0.601283991047423,33.3877563865537,51.0347891166449,14.7976986383577,0.969,3.95608738968062,3.43920674799665,0.832442903389189,0.505112958942417
2003-11-01,1.4,227.83,10.88,10.88,894.87,1.4825243767313019,658.41,27.06629,750.88,3.17552224503765,2.27054970568104,0.715016154973943,0.219528466253919,0.207214753166224,16.85,1.1541095890411,212.45,3.09468317552804,0,-16.0641,4.11759799833194,1.37608385686463,0.451685660266874,1.30108445697626,0.601283991047423,33.3877563865537,51.0347891166449,14.7976986383577,0.969,3.95608738968062,3.43920674799665,0.832442903389189,0.505112958942417
2003-11-02,1.33,172.73,12.44,12.44,1032.47,1.4108418793948432,658.41,27.06629,750.88,3.17552224503765,2.27054970568104,0.715016154973943,0.219528466253919,0.207214753166224,16.85,1.1541095890411,212.45,3.09468317552804,0,-16.0641,4.11759799833194,1.37608385686463,0.451685660266874,1.30108445697626,0.601283991047423,33.3877563865537,51.0347891166449,14.7976986383577,0.969,3.95608738968062,3.43920674799665,0.832442903389189,0.505112958942417
2003-11-03,0.32,280.27,11.78,11.78,983.75,1.3359010867249093,658.41,27.06629,750.88,3.17552224503765,2.27054970568104,0.715016154973943,0.219528466253919,0.207214753166224,16.85,1.1541095890411,212.45,3.09468317552804,0,-16.0641,4.11759799833194,1.37608385686463,0.451685660266874,1.30108445697626,0.601283991047423,33.3877563865537,51.0347891166449,14.7976986383577,0.969,3.95608738968062,3.43920674799665,0.832442903389189,0.505112958942417
2003-11-04,0.31,218.94,13.99,13.99,1021.17,1.2088275687193692,658.41,27.06629,750.88,3.17552224503765,2.27054970568104,0.715016154973943,0.219528466253919,0.207214753166224,16.85,1.1541095890411,212.45,3.09468317552804,0,-16.0641,4.11759799833194,1.37608385686463,0.451685660266874,1.30108445697626,0.601283991047423,33.3877563865537,51.0347891166449,14.7976986383577,0.969,3.95608738968062,3.43920674799665,0.832442903389189,0.505112958942417
2003-11-05,3.13,214.85,11.91,11.91,877.43,1.1664697293841892,658.41,27.06629,750.88,3.17552224503765,2.27054970568104,0.715016154973943,0.219528466253919,0.207214753166224,16.85,1.1541095890411,212.45,3.09468317552804,0,-16.0641,4.11759799833194,1.37608385686463,0.451685660266874,1.30108445697626,0.601283991047423,33.3877563865537,51.0347891166449,14.7976986383577,0.969,3.95608738968062,3.43920674799665,0.832442903389189,0.505112958942417
2003-11-06,0.85,244.0,9.16,9.16,702.32,1.2902849520562538,658.41,27.06629,750.88,3.17552224503765,2.27054970568104,0.715016154973943,0.219528466253919,0.207214753166224,16.85,1.1541095890411,212.45,3.09468317552804,0,-16.0641,4.11759799833194,1.37608385686463,0.451685660266874,1.30108445697626,0.601283991047423,33.3877563865537,51.0347891166449,14.7976986383577,0.969,3.95608738968062,3.43920674799665,0.832442903389189,0.505112958942417
2003-11-07,0.18,197.75,3.14,3.14,474.63,1.091528936714255,658.41,27.06629,750.88,3.17552224503765,2.27054970568104,0.715016154973943,0.219528466253919,0.207214753166224,16.85,1.1541095890411,212.45,3.09468317552804,0,-16.0641,4.11759799833194,1.37608385686463,0.451685660266874,1.30108445697626,0.601283991047423,33.3877563865537,51.0347891166449,14.7976986383577,0.969,3.95608738968062,3.43920674799665,0.832442903389189,0.505112958942417
2003-11-08,0.04,296.01,-1.78,-1.78,309.19,0.9611971233752395,658.41,27.06629,750.88,3.17552224503765,2.27054970568104,0.715016154973943,0.219528466253919,0.207214753166224,16.85,1.1541095890411,212.45,3.09468317552804,0,-16.0641,4.11759799833194,1.37608385686463,0.451685660266874,1.30108445697626,0.601283991047423,33.3877563865537,51.0347891166449,14.7976986383577,0.969,3.95608738968062,3.43920674799665,0.832442903389189,0.505112958942417
2003-11-09,0.0,290.2,-4.66,-4.66,244.01,0.8569316727040273,658.41,27.06629,750.88,3.17552224503765,2.27054970568104,0.715016154973943,0.219528466253919,0.207214753166224,16.85,1.1541095890411,212.45,3.09468317552804,0,-16.0641,4.11759799833194,1.37608385686463,0.451685660266874,1.30108445697626,0.601283991047423,33.3877563865537,51.0347891166449,14.7976986383577,0.969,3.95608738968062,3.43920674799665,0.832442903389189,0.505112958942417
2003-11-10,0.17,248.33,-4.18,-4.18,281.87,0.8047989473684211,658.41,27.06629,750.88,3.17552224503765,2.27054970568104,0.715016154973943,0.219528466253919,0.207214753166224,16.85,1.1541095890411,212.45,3.09468317552804,0,-16.0641,4.11759799833194,1.37608385686463,0.451685660266874,1.30108445697626,0.601283991047423,33.3877563865537,51.0347891166449,14.7976986383577,0.969,3.95608738968062,3.43920674799665,0.832442903389189,0.505112958942417
2003-11-11,0.74,247.99,0.79,0.79,418.04,0.8047989473684211,658.41,27.06629,750.88,3.17552224503765,2.27054970568104,0.715016154973943,0.219528466253919,0.207214753166224,16.85,1.1541095890411,212.45,3.09468317552804,0,-16.0641,4.11759799833194,1.37608385686463,0.451685660266874,1.30108445697626,0.601283991047423,33.3877563865537,51.0347891166449,14.7976986383577,0.969,3.95608738968062,3.43920674799665,0.832442903389189,0.505112958942417
2003-11-12,5.17,198.69,4.53,4.53,549.05,0.8210904240357979,658.41,27.06629,750.88,3.17552224503765,2.27054970568104,0.715016154973943,0.219528466253919,0.207214753166224,16.85,1.1541095890411,212.45,3.09468317552804,0,-16.0641,4.11759799833194,1.37608385686463,0.451685660266874,1.30108445697626,0.601283991047423,33.3877563865537,51.0347891166449,14.7976986383577,0.969,3.95608738968062,3.43920674799665,0.832442903389189,0.505112958942417
2003-11-13,2.92,226.02,4.63,4.63,471.04,1.1013038227146814,658.41,27.06629,750.88,3.17552224503765,2.27054970568104,0.715016154973943,0.219528466253919,0.207214753166224,16.85,1.1541095890411,212.45,3.09468317552804,0,-16.0641,4.11759799833194,1.37608385686463,0.451685660266874,1.30108445697626,0.601283991047423,33.3877563865537,51.0347891166449,14.7976986383577,0.969,3.95608738968062,3.43920674799665,0.832442903389189,0.505112958942417
2003-11-14,1.33,134.18,0.55,0.55,430.87,0.9677137140421904,658.41,27.06629,750.88,3.17552224503765,2.27054970568104,0.715016154973943,0.219528466253919,0.207214753166224,16.85,1.1541095890411,212.45,3.09468317552804,0,-16.0641,4.11759799833194,1.37608385686463,0.451685660266874,1.30108445697626,0.601283991047423,33.3877563865537,51.0347891166449,14.7976986383577,0.969,3.95608738968062,3.43920674799665,0.832442903389189,0.505112958942417
2003-11-15,0.92,154.14,0.18,0.18,489.01,0.9383890560409119,658.41,27.06629,750.88,3.17552224503765,2.27054970568104,0.715016154973943,0.219528466253919,0.207214753166224,16.85,1.1541095890411,212.45,3.09468317552804,0,-16.0641,4.11759799833194,1.37608385686463,0.451685660266874,1.30108445697626,0.601283991047423,33.3877563865537,51.0347891166449,14.7976986383577,0.969,3.95608738968062,3.43920674799665,0.832442903389189,0.505112958942417
2003-11-16,0.97,115.94,2.68,2.68,596.37,1.081754050713829,658.41,27.06629,750.88,3.17552224503765,2.27054970568104,0.715016154973943,0.219528466253919,0.207214753166224,16.85,1.1541095890411,212.45,3.09468317552804,0,-16.0641,4.11759799833194,1.37608385686463,0.451685660266874,1.30108445697626,0.601283991047423,33.3877563865537,51.0347891166449,14.7976986383577,0.969,3.95608738968062,3.43920674799665,0.832442903389189,0.505112958942417
2003-11-17,0.48,137.18,2.78,2.78,597.24,1.0687208693799275,658.41,27.06629,750.88,3.17552224503765,2.27054970568104,0.715016154973943,0.219528466253919,0.207214753166224,16.85,1.1541095890411,212.45,3.09468317552804,0,-16.0641,4.11759799833194,1.37608385686463,0.451685660266874,1.30108445697626,0.601283991047423,33.3877563865537,51.0347891166449,14.7976986383577,0.969,3.95608738968062,3.43920674799665,0.832442903389189,0.505112958942417
2003-11-18,9.0,124.33,3.23,3.23,625.92,0.9677137140421904,658.41,27.06629,750.88,3.17552224503765,2.27054970568104,0.715016154973943,0.219528466253919,0.207214753166224,16.85,1.1541095890411,212.45,3.09468317552804,0,-16.0641,4.11759799833194,1.37608385686463,0.451685660266874,1.30108445697626,0.601283991047423,33.3877563865537,51.0347891166449,14.7976986383577,0.969,3.95608738968062,3.43920674799665,0.832442903389189,0.505112958942417
2003-11-19,34.83,187.86,5.83,5.83,659.14,8.829980353718303,658.41,27.06629,750.88,3.17552224503765,2.27054970568104,0.715016154973943,0.219528466253919,0.207214753166224,16.85,1.1541095890411,212.45,3.09468317552804,0,-16.0641,4.11759799833194,1.37608385686463,0.451685660266874,1.30108445697626,0.601283991047423,33.3877563865537,51.0347891166449,14.7976986383577,0.969,3.95608738968062,3.43920674799665,0.832442903389189,0.505112958942417
2003-11-20,10.1,234.45,6.25,6.25,582.72,14.857826720647772,658.41,27.06629,750.88,3.17552224503765,2.27054970568104,0.715016154973943,0.219528466253919,0.207214753166224,16.85,1.1541095890411,212.45,3.09468317552804,0,-16.0641,4.11759799833194,1.37608385686463,0.451685660266874,1.30108445697626,0.601283991047423,33.3877563865537,51.0347891166449,14.7976986383577,0.969,3.95608738968062,3.43920674799665,0.832442903389189,0.505112958942417
2003-11-21,0.41,231.53,2.49,2.49,494.29,5.9300975069252075,658.41,27.06629,750.88,3.17552224503765,2.27054970568104,0.715016154973943,0.219528466253919,0.207214753166224,16.85,1.1541095890411,212.45,3.09468317552804,0,-16.0641,4.11759799833194,1.37608385686463,0.451685660266874,1.30108445697626,0.601283991047423,33.3877563865537,51.0347891166449,14.7976986383577,0.969,3.95608738968062,3.43920674799665,0.832442903389189,0.505112958942417
2003-11-22,0.0,265.44,5.65,5.65,577.68,3.9751203068399743,658.41,27.06629,750.88,3.17552224503765,2.27054970568104,0.715016154973943,0.219528466253919,0.207214753166224,16.85,1.1541095890411,212.45,3.09468317552804,0,-16.0641,4.11759799833194,1.37608385686463,0.451685660266874,1.30108445697626,0.601283991047423,33.3877563865537,51.0347891166449,14.7976986383577,0.969,3.95608738968062,3.43920674799665,0.832442903389189,0.505112958942417
2003-11-23,0.0,249.21,9.42,9.42,717.6,3.0953805668016194,658.41,27.06629,750.88,3.17552224503765,2.27054970568104,0.715016154973943,0.219528466253919,0.207214753166224,16.85,1.1541095890411,212.45,3.09468317552804,0,-16.0641,4.11759799833194,1.37608385686463,0.451685660266874,1.30108445697626,0.601283991047423,33.3877563865537,51.0347891166449,14.7976986383577,0.969,3.95608738968062,3.43920674799665,0.832442903389189,0.505112958942417
2003-11-24,6.74,189.13,5.99,5.99,572.71,2.772809328787556,658.41,27.06629,750.88,3.17552224503765,2.27054970568104,0.715016154973943,0.219528466253919,0.207214753166224,16.85,1.1541095890411,212.45,3.09468317552804,0,-16.0641,4.11759799833194,1.37608385686463,0.451685660266874,1.30108445697626,0.601283991047423,33.3877563865537,51.0347891166449,14.7976986383577,0.969,3.95608738968062,3.43920674799665,0.832442903389189,0.505112958942417
2003-11-25,1.77,255.99,3.77,3.77,463.63,2.893366256126145,658.41,27.06629,750.88,3.17552224503765,2.27054970568104,0.715016154973943,0.219528466253919,0.207214753166224,16.85,1.1541095890411,212.45,3.09468317552804,0,-16.0641,4.11759799833194,1.37608385686463,0.451685660266874,1.30108445697626,0.601283991047423,33.3877563865537,51.0347891166449,14.7976986383577,0.969,3.95608738968062,3.43920674799665,0.832442903389189,0.505112958942417
2003-11-26,0.0,149.74,-0.29,-0.29,427.09,2.18305787342851,658.41,27.06629,750.88,3.17552224503765,2.27054970568104,0.715016154973943,0.219528466253919,0.207214753166224,16.85,1.1541095890411,212.45,3.09468317552804,0,-16.0641,4.11759799833194,1.37608385686463,0.451685660266874,1.30108445697626,0.601283991047423,33.3877563865537,51.0347891166449,14.7976986383577,0.969,3.95608738968062,3.43920674799665,0.832442903389189,0.505112958942417
2003-11-27,1.44,165.74,1.01,1.01,478.37,1.9386857234178563,658.41,27.06629,750.88,3.17552224503765,2.27054970568104,0.715016154973943,0.219528466253919,0.207214753166224,16.85,1.1541095890411,212.45,3.09468317552804,0,-16.0641,4.11759799833194,1.37608385686463,0.451685660266874,1.30108445697626,0.601283991047423,33.3877563865537,51.0347891166449,14.7976986383577,0.969,3.95608738968062,3.43920674799665,0.832442903389189,0.505112958942417
2003-11-28,12.07,180.38,2.67,2.67,484.33,2.4665295674408694,658.41,27.06629,750.88,3.17552224503765,2.27054970568104,0.715016154973943,0.219528466253919,0.207214753166224,16.85,1.1541095890411,212.45,3.09468317552804,0,-16.0641,4.11759799833194,1.37608385686463,0.451685660266874,1.30108445697626,0.601283991047423,33.3877563865537,51.0347891166449,14.7976986383577,0.969,3.95608738968062,3.43920674799665,0.832442903389189,0.505112958942417
2003-11-29,3.22,174.66,2.72,2.72,480.0,2.9813402301299803,658.41,27.06629,750.88,3.17552224503765,2.27054970568104,0.715016154973943,0.219528466253919,0.207214753166224,16.85,1.1541095890411,212.45,3.09468317552804,0,-16.0641,4.11759799833194,1.37608385686463,0.451685660266874,1.30108445697626,0.601283991047423,33.3877563865537,51.0347891166449,14.7976986383577,0.969,3.95608738968062,3.43920674799665,0.832442903389189,0.505112958942417
2003-11-30,3.82,133.82,1.23,1.23,484.55,2.1602498060941824,658.41,27.06629,750.88,3.17552224503765,2.27054970568104,0.715016154973943,0.219528466253919,0.207214753166224,16.85,1.1541095890411,212.45,3.09468317552804,0,-16.0641,4.11759799833194,1.37608385686463,0.451685660266874,1.30108445697626,0.601283991047423,33.3877563865537,51.0347891166449,14.7976986383577,0.969,3.95608738968062,3.43920674799665,0.832442903389189,0.505112958942417
2003-12-01,6.88,140.43,1.83,1.83,501.84,2.117891966759003,658.41,27.06629,750.88,3.17552224503765,2.27054970568104,0.715016154973943,0.219528466253919,0.207214753166224,16.85,1.1541095890411,212.45,3.09468317552804,0,-16.0641,4.11759799833194,1.37608385686463,0.451685660266874,1.30108445697626,0.601283991047423,33.3877563865537,51.0347891166449,14.7976986383577,0.969,3.95608738968062,3.43920674799665,0.832442903389189,0.505112958942417
2003-12-02,1.93,199.78,-2.2,-2.2,333.6,1.977785267419561,658.41,27.06629,750.88,3.17552224503765,2.27054970568104,0.715016154973943,0.219528466253919,0.207214753166224,16.85,1.1541095890411,212.45,3.09468317552804,0,-16.0641,4.11759799833194,1.37608385686463,0.451685660266874,1.30108445697626,0.601283991047423,33.3877563865537,51.0347891166449,14.7976986383577,0.969,3.95608738968062,3.43920674799665,0.832442903389189,0.505112958942417
2003-12-03,0.1,274.68,-8.16,-8.16,192.32,1.7366714127423823,658.41,27.06629,750.88,3.17552224503765,2.27054970568104,0.715016154973943,0.219528466253919,0.207214753166224,16.85,1.1541095890411,212.45,3.09468317552804,0,-16.0641,4.11759799833194,1.37608385686463,0.451685660266874,1.30108445697626,0.601283991047423,33.3877563865537,51.0347891166449,14.7976986383577,0.969,3.95608738968062,3.43920674799665,0.832442903389189,0.505112958942417
2003-12-04,0.15,252.77,-8.76,-8.76,187.29,1.6552140294054976,658.41,27.06629,750.88,3.17552224503765,2.27054970568104,0.715016154973943,0.219528466253919,0.207214753166224,16.85,1.1541095890411,212.45,3.09468317552804,0,-16.0641,4.11759799833194,1.37608385686463,0.451685660266874,1.30108445697626,0.601283991047423,33.3877563865537,51.0347891166449,14.7976986383577,0.969,3.95608738968062,3.43920674799665,0.832442903389189,0.505112958942417
2003-12-05,2.62,223.49,-5.94,-5.94,221.68,1.567240055401662,658.41,27.06629,750.88,3.17552224503765,2.27054970568104,0.715016154973943,0.219528466253919,0.207214753166224,16.85,1.1541095890411,212.45,3.09468317552804,0,-16.0641,4.11759799833194,1.37608385686463,0.451685660266874,1.30108445697626,0.601283991047423,33.3877563865537,51.0347891166449,14.7976986383577,0.969,3.95608738968062,3.43920674799665,0.832442903389189,0.505112958942417
2003-12-06,2.36,181.85,-6.5,-6.5,236.42,1.433649946729171,658.41,27.06629,750.88,3.17552224503765,2.27054970568104,0.715016154973943,0.219528466253919,0.207214753166224,16.85,1.1541095890411,212.45,3.09468317552804,0,-16.0641,4.11759799833194,1.37608385686463,0.451685660266874,1.30108445697626,0.601283991047423,33.3877563865537,51.0347891166449,14.7976986383577,0.969,3.95608738968062,3.43920674799665,0.832442903389189,0.505112958942417
2003-12-07,0.44,222.57,-7.3,-7.3,228.16,1.2870266567227786,658.41,27.06629,750.88,3.17552224503765,2.27054970568104,0.715016154973943,0.219528466253919,0.207214753166224,16.85,1.1541095890411,212.45,3.09468317552804,0,-16.0641,4.11759799833194,1.37608385686463,0.451685660266874,1.30108445697626,0.601283991047423,33.3877563865537,51.0347891166449,14.7976986383577,0.969,3.95608738968062,3.43920674799665,0.832442903389189,0.505112958942417
2003-12-08,0.0,285.84,-9.84,-9.84,155.56,1.2707351800554014,658.41,27.06629,750.88,3.17552224503765,2.27054970568104,0.715016154973943,0.219528466253919,0.207214753166224,16.85,1.1541095890411,212.45,3.09468317552804,0,-16.0641,4.11759799833194,1.37608385686463,0.451685660266874,1.30108445697626,0.601283991047423,33.3877563865537,51.0347891166449,14.7976986383577,0.969,3.95608738968062,3.43920674799665,0.832442903389189,0.505112958942417
2003-12-09,0.0,287.92,-8.64,-8.64,180.45,1.2186024547197953,658.41,27.06629,750.88,3.17552224503765,2.27054970568104,0.715016154973943,0.219528466253919,0.207214753166224,16.85,1.1541095890411,212.45,3.09468317552804,0,-16.0641,4.11759799833194,1.37608385686463,0.451685660266874,1.30108445697626,0.601283991047423,33.3877563865537,51.0347891166449,14.7976986383577,0.969,3.95608738968062,3.43920674799665,0.832442903389189,0.505112958942417
2003-12-10,18.59,181.54,-1.58,-1.58,376.71,1.2088275687193692,658.41,27.06629,750.88,3.17552224503765,2.27054970568104,0.715016154973943,0.219528466253919,0.207214753166224,16.85,1.1541095890411,212.45,3.09468317552804,0,-16.0641,4.11759799833194,1.37608385686463,0.451685660266874,1.30108445697626,0.601283991047423,33.3877563865537,51.0347891166449,14.7976986383577,0.969,3.95608738968062,3.43920674799665,0.832442903389189,0.505112958942417
2003-12-11,6.19,188.86,0.32,0.32,445.76,11.110787087151074,658.41,27.06629,750.88,3.17552224503765,2.27054970568104,0.715016154973943,0.219528466253919,0.207214753166224,16.85,1.1541095890411,212.45,3.09468317552804,0,-16.0641,4.11759799833194,1.37608385686463,0.451685660266874,1.30108445697626,0.601283991047423,33.3877563865537,51.0347891166449,14.7976986383577,0.969,3.95608738968062,3.43920674799665,0.832442903389189,0.505112958942417
2003-12-12,1.49,201.31,0.41,0.41,408.2,5.799765693586192,658.41,27.06629,750.88,3.17552224503765,2.27054970568104,0.715016154973943,0.219528466253919,0.207214753166224,16.85,1.1541095890411,212.45,3.09468317552804,0,-16.0641,4.11759799833194,1.37608385686463,0.451685660266874,1.30108445697626,0.601283991047423,33.3877563865537,51.0347891166449,14.7976986383577,0.969,3.95608738968062,3.43920674799665,0.832442903389189,0.505112958942417
2003-12-13,1.27,182.59,-5.67,-5.67,266.13,3.714456680161943,658.41,27.06629,750.88,3.17552224503765,2.27054970568104,0.715016154973943,0.219528466253919,0.207214753166224,16.85,1.1541095890411,212.45,3.09468317552804,0,-16.0641,4.11759799833194,1.37608385686463,0.451685660266874,1.30108445697626,0.601283991047423,33.3877563865537,51.0347891166449,14.7976986383577,0.969,3.95608738968062,3.43920674799665,0.832442903389189,0.505112958942417
2003-12-14,9.53,178.99,-6.84,-6.84,256.55,3.05953931813339,658.41,27.06629,750.88,3.17552224503765,2.27054970568104,0.715016154973943,0.219528466253919,0.207214753166224,16.85,1.1541095890411,212.45,3.09468317552804,0,-16.0641,4.11759799833194,1.37608385686463,0.451685660266874,1.30108445697626,0.601283991047423,33.3877563865537,51.0347891166449,14.7976986383577,0.969,3.95608738968062,3.43920674799665,0.832442903389189,0.505112958942417
2003-12-15,2.45,185.77,-5.55,-5.55,288.91,2.704385126784573,658.41,27.06629,750.88,3.17552224503765,2.27054970568104,0.715016154973943,0.219528466253919,0.207214753166224,16.85,1.1541095890411,212.45,3.09468317552804,0,-16.0641,4.11759799833194,1.37608385686463,0.451685660266874,1.30108445697626,0.601283991047423,33.3877563865537,51.0347891166449,14.7976986383577,0.969,3.95608738968062,3.43920674799665,0.832442903389189,0.505112958942417
2003-12-16,1.76,201.58,-6.19,-6.19,264.18,2.313389686767526,658.41,27.06629,750.88,3.17552224503765,2.27054970568104,0.715016154973943,0.219528466253919,0.207214753166224,16.85,1.1541095890411,212.45,3.09468317552804,0,-16.0641,4.11759799833194,1.37608385686463,0.451685660266874,1.30108445697626,0.601283991047423,33.3877563865537,51.0347891166449,14.7976986383577,0.969,3.95608738968062,3.43920674799665,0.832442903389189,0.505112958942417
2003-12-17,4.33,227.38,-1.79,-1.79,305.72,2.38833047943746,658.41,27.06629,750.88,3.17552224503765,2.27054970568104,0.715016154973943,0.219528466253919,0.207214753166224,16.85,1.1541095890411,212.45,3.09468317552804,0,-16.0641,4.11759799833194,1.37608385686463,0.451685660266874,1.30108445697626,0.601283991047423,33.3877563865537,51.0347891166449,14.7976986383577,0.969,3.95608738968062,3.43920674799665,0.832442903389189,0.505112958942417
2003-12-18,1.18,127.14,-3.02,-3.02,330.72,2.143958329426806,658.41,27.06629,750.88,3.17552224503765,2.27054970568104,0.715016154973943,0.219528466253919,0.207214753166224,16.85,1.1541095890411,212.45,3.09468317552804,0,-16.0641,4.11759799833194,1.37608385686463,0.451685660266874,1.30108445697626,0.601283991047423,33.3877563865537,51.0347891166449,14.7976986383577,0.969,3.95608738968062,3.43920674799665,0.832442903389189,0.505112958942417
2003-12-19,1.17,175.63,-5.92,-5.92,280.39,1.8441951587470702,658.41,27.06629,750.88,3.17552224503765,2.27054970568104,0.715016154973943,0.219528466253919,0.207214753166224,16.85,1.1541095890411,212.45,3.09468317552804,0,-16.0641,4.11759799833194,1.37608385686463,0.451685660266874,1.30108445697626,0.601283991047423,33.3877563865537,51.0347891166449,14.7976986383577,0.969,3.95608738968062,3.43920674799665,0.832442903389189,0.505112958942417
2003-12-20,0.75,168.43,-7.1,-7.1,251.79,1.651955734072022,658.41,27.06629,750.88,3.17552224503765,2.27054970568104,0.715016154973943,0.219528466253919,0.207214753166224,16.85,1.1541095890411,212.45,3.09468317552804,0,-16.0641,4.11759799833194,1.37608385686463,0.451685660266874,1.30108445697626,0.601283991047423,33.3877563865537,51.0347891166449,14.7976986383577,0.969,3.95608738968062,3.43920674799665,0.832442903389189,0.505112958942417
2003-12-21,0.12,214.0,-7.14,-7.14,263.78,1.4629746047304493,658.41,27.06629,750.88,3.17552224503765,2.27054970568104,0.715016154973943,0.219528466253919,0.207214753166224,16.85,1.1541095890411,212.45,3.09468317552804,0,-16.0641,4.11759799833194,1.37608385686463,0.451685660266874,1.30108445697626,0.601283991047423,33.3877563865537,51.0347891166449,14.7976986383577,0.969,3.95608738968062,3.43920674799665,0.832442903389189,0.505112958942417
2003-12-22,0.03,253.21,-2.27,-2.27,377.24,1.401066993394417,658.41,27.06629,750.88,3.17552224503765,2.27054970568104,0.715016154973943,0.219528466253919,0.207214753166224,16.85,1.1541095890411,212.45,3.09468317552804,0,-16.0641,4.11759799833194,1.37608385686463,0.451685660266874,1.30108445697626,0.601283991047423,33.3877563865537,51.0347891166449,14.7976986383577,0.969,3.95608738968062,3.43920674799665,0.832442903389189,0.505112958942417
2003-12-23,1.99,163.7,3.51,3.51,611.6,2.5251788834434263,658.41,27.06629,750.88,3.17552224503765,2.27054970568104,0.715016154973943,0.219528466253919,0.207214753166224,16.85,1.1541095890411,212.45,3.09468317552804,0,-16.0641,4.11759799833194,1.37608385686463,0.451685660266874,1.30108445697626,0.601283991047423,33.3877563865537,51.0347891166449,14.7976986383577,0.969,3.95608738968062,3.43920674799665,0.832442903389189,0.505112958942417
2003-12-24,7.17,205.7,5.48,5.48,633.24,6.516590666950778,658.41,27.06629,750.88,3.17552224503765,2.27054970568104,0.715016154973943,0.219528466253919,0.207214753166224,16.85,1.1541095890411,212.45,3.09468317552804,0,-16.0641,4.11759799833194,1.37608385686463,0.451685660266874,1.30108445697626,0.601283991047423,33.3877563865537,51.0347891166449,14.7976986383577,0.969,3.95608738968062,3.43920674799665,0.832442903389189,0.505112958942417
2003-12-25,1.76,206.41,-0.11,-0.11,432.74,5.213272533560622,658.41,27.06629,750.88,3.17552224503765,2.27054970568104,0.715016154973943,0.219528466253919,0.207214753166224,16.85,1.1541095890411,212.45,3.09468317552804,0,-16.0641,4.11759799833194,1.37608385686463,0.451685660266874,1.30108445697626,0.601283991047423,33.3877563865537,51.0347891166449,14.7976986383577,0.969,3.95608738968062,3.43920674799665,0.832442903389189,0.505112958942417
2003-12-26,0.0,232.45,-2.36,-2.36,367.37,3.486376006818666,658.41,27.06629,750.88,3.17552224503765,2.27054970568104,0.715016154973943,0.219528466253919,0.207214753166224,16.85,1.1541095890411,212.45,3.09468317552804,0,-16.0641,4.11759799833194,1.37608385686463,0.451685660266874,1.30108445697626,0.601283991047423,33.3877563865537,51.0347891166449,14.7976986383577,0.969,3.95608738968062,3.43920674799665,0.832442903389189,0.505112958942417
2003-12-27,0.0,275.87,-1.71,-1.71,339.34,2.860783302791391,658.41,27.06629,750.88,3.17552224503765,2.27054970568104,0.715016154973943,0.219528466253919,0.207214753166224,16.85,1.1541095890411,212.45,3.09468317552804,0,-16.0641,4.11759799833194,1.37608385686463,0.451685660266874,1.30108445697626,0.601283991047423,33.3877563865537,51.0347891166449,14.7976986383577,0.969,3.95608738968062,3.43920674799665,0.832442903389189,0.505112958942417
2003-12-28,0.0,285.92,-2.46,-2.46,299.46,2.4111385467717876,658.41,27.06629,750.88,3.17552224503765,2.27054970568104,0.715016154973943,0.219528466253919,0.207214753166224,16.85,1.1541095890411,212.45,3.09468317552804,0,-16.0641,4.11759799833194,1.37608385686463,0.451685660266874,1.30108445697626,0.601283991047423,33.3877563865537,51.0347891166449,14.7976986383577,0.969,3.95608738968062,3.43920674799665,0.832442903389189,0.505112958942417
2003-12-29,12.2,233.87,0.96,0.96,349.96,2.202607645429363,658.41,27.06629,750.88,3.17552224503765,2.27054970568104,0.715016154973943,0.219528466253919,0.207214753166224,16.85,1.1541095890411,212.45,3.09468317552804,0,-16.0641,4.11759799833194,1.37608385686463,0.451685660266874,1.30108445697626,0.601283991047423,33.3877563865537,51.0347891166449,14.7976986383577,0.969,3.95608738968062,3.43920674799665,0.832442903389189,0.505112958942417
2003-12-30,3.47,232.52,3.29,3.29,395.31,3.5515419134881734,658.41,27.06629,750.88,3.17552224503765,2.27054970568104,0.715016154973943,0.219528466253919,0.207214753166224,16.85,1.1541095890411,212.45,3.09468317552804,0,-16.0641,4.11759799833194,1.37608385686463,0.451685660266874,1.30108445697626,0.601283991047423,33.3877563865537,51.0347891166449,14.7976986383577,0.969,3.95608738968062,3.43920674799665,0.832442903389189,0.505112958942417
2003-12-31,3.01,223.11,0.77,0.77,384.92,2.6229277434476876,658.41,27.06629,750.88,3.17552224503765,2.27054970568104,0.715016154973943,0.219528466253919,0.207214753166224,16.85,1.1541095890411,212.45,3.09468317552804,0,-16.0641,4.11759799833194,1.37608385686463,0.451685660266874,1.30108445697626,0.601283991047423,33.3877563865537,51.0347891166449,14.7976986383577,0.969,3.95608738968062,3.43920674799665,0.832442903389189,0.505112958942417
2004-01-01,3.81,210.74,0.67,0.67,439.5,2.1602498060941824,658.41,27.06629,750.88,3.17552224503765,2.27054970568104,0.715016154973943,0.219528466253919,0.207214753166224,16.85,1.1541095890411,212.45,3.09468317552804,0,-16.0641,4.11759799833194,1.37608385686463,0.451685660266874,1.30108445697626,0.601283991047423,33.3877563865537,51.0347891166449,14.7976986383577,0.969,3.95608738968062,3.43920674799665,0.832442903389189,0.505112958942417
2004-01-02,6.36,187.03,2.06,2.06,547.7,2.34597264010228,658.41,27.06629,750.88,3.17552224503765,2.27054970568104,0.715016154973943,0.219528466253919,0.207214753166224,16.85,1.1541095890411,212.45,3.09468317552804,0,-16.0641,4.11759799833194,1.37608385686463,0.451685660266874,1.30108445697626,0.601283991047423,33.3877563865537,51.0347891166449,14.7976986383577,0.969,3.95608738968062,3.43920674799665,0.832442903389189,0.505112958942417
2004-01-03,7.54,190.27,6.02,6.02,716.05,3.2420038568080116,658.41,27.06629,750.88,3.17552224503765,2.27054970568104,0.715016154973943,0.219528466253919,0.207214753166224,16.85,1.1541095890411,212.45,3.09468317552804,0,-16.0641,4.11759799833194,1.37608385686463,0.451685660266874,1.30108445697626,0.601283991047423,33.3877563865537,51.0347891166449,14.7976986383577,0.969,3.95608738968062,3.43920674799665,0.832442903389189,0.505112958942417
2004-01-04,16.45,221.63,7.17,7.17,671.26,3.616707820157681,658.41,27.06629,750.88,3.17552224503765,2.27054970568104,0.715016154973943,0.219528466253919,0.207214753166224,16.85,1.1541095890411,212.45,3.09468317552804,0,-16.0641,4.11759799833194,1.37608385686463,0.451685660266874,1.30108445697626,0.601283991047423,33.3877563865537,51.0347891166449,14.7976986383577,0.969,3.95608738968062,3.43920674799665,0.832442903389189,0.505112958942417
2004-01-05,4.44,152.0,1.54,1.54,487.39,3.779622586831451,658.41,27.06629,750.88,3.17552224503765,2.27054970568104,0.715016154973943,0.219528466253919,0.207214753166224,16.85,1.1541095890411,212.45,3.09468317552804,0,-16.0641,4.11759799833194,1.37608385686463,0.451685660266874,1.30108445697626,0.601283991047423,33.3877563865537,51.0347891166449,14.7976986383577,0.969,3.95608738968062,3.43920674799665,0.832442903389189,0.505112958942417
2004-01-06,1.2,197.45,-3.36,-3.36,324.31,3.1540298828041764,658.41,27.06629,750.88,3.17552224503765,2.27054970568104,0.715016154973943,0.219528466253919,0.207214753166224,16.85,1.1541095890411,212.45,3.09468317552804,0,-16.0641,4.11759799833194,1.37608385686463,0.451685660266874,1.30108445697626,0.601283991047423,33.3877563865537,51.0347891166449,14.7976986383577,0.969,3.95608738968062,3.43920674799665,0.832442903389189,0.505112958942417
2004-01-07,2.45,222.07,-9.15,-9.15,189.64,2.3915887747709355,658.41,27.06629,750.88,3.17552224503765,2.27054970568104,0.715016154973943,0.219528466253919,0.207214753166224,16.85,1.1541095890411,212.45,3.09468317552804,0,-16.0641,4.11759799833194,1.37608385686463,0.451685660266874,1.30108445697626,0.601283991047423,33.3877563865537,51.0347891166449,14.7976986383577,0.969,3.95608738968062,3.43920674799665,0.832442903389189,0.505112958942417
2004-01-08,0.72,159.32,-10.61,-10.61,175.83,2.43068831877264,658.41,27.06629,750.88,3.17552224503765,2.27054970568104,0.715016154973943,0.219528466253919,0.207214753166224,16.85,1.1541095890411,212.45,3.09468317552804,0,-16.0641,4.11759799833194,1.37608385686463,0.451685660266874,1.30108445697626,0.601283991047423,33.3877563865537,51.0347891166449,14.7976986383577,0.969,3.95608738968062,3.43920674799665,0.832442903389189,0.505112958942417
2004-01-09,0.04,305.14,-13.33,-13.33,111.86,1.8898112934157254,658.41,27.06629,750.88,3.17552224503765,2.27054970568104,0.715016154973943,0.219528466253919,0.207214753166224,16.85,1.1541095890411,212.45,3.09468317552804,0,-16.0641,4.11759799833194,1.37608385686463,0.451685660266874,1.30108445697626,0.601283991047423,33.3877563865537,51.0347891166449,14.7976986383577,0.969,3.95608738968062,3.43920674799665,0.832442903389189,0.505112958942417
2004-01-10,0.0,303.75,-19.99,-19.99,60.16,1.4662329000639247,658.41,27.06629,750.88,3.17552224503765,2.27054970568104,0.715016154973943,0.219528466253919,0.207214753166224,16.85,1.1541095890411,212.45,3.09468317552804,0,-16.0641,4.11759799833194,1.37608385686463,0.451685660266874,1.30108445697626,0.601283991047423,33.3877563865537,51.0347891166449,14.7976986383577,0.969,3.95608738968062,3.43920674799665,0.832442903389189,0.505112958942417
2004-01-11,0.94,245.16,-18.36,-18.36,81.81,1.4988158533986788,658.41,27.06629,750.88,3.17552224503765,2.27054970568104,0.715016154973943,0.219528466253919,0.207214753166224,16.85,1.1541095890411,212.45,3.09468317552804,0,-16.0641,4.11759799833194,1.37608385686463,0.451685660266874,1.30108445697626,0.601283991047423,33.3877563865537,51.0347891166449,14.7976986383577,0.969,3.95608738968062,3.43920674799665,0.832442903389189,0.505112958942417
2004-01-12,0.44,233.25,-9.11,-9.11,208.84,1.7203799360750052,658.41,27.06629,750.88,3.17552224503765,2.27054970568104,0.715016154973943,0.219528466253919,0.207214753166224,16.85,1.1541095890411,212.45,3.09468317552804,0,-16.0641,4.11759799833194,1.37608385686463,0.451685660266874,1.30108445697626,0.601283991047423,33.3877563865537,51.0347891166449,14.7976986383577,0.969,3.95608738968062,3.43920674799665,0.832442903389189,0.505112958942417
2004-01-13,0.74,143.88,-2.69,-2.69,351.97,1.4988158533986788,658.41,27.06629,750.88,3.17552224503765,2.27054970568104,0.715016154973943,0.219528466253919,0.207214753166224,16.85,1.1541095890411,212.45,3.09468317552804,0,-16.0641,4.11759799833194,1.37608385686463,0.451685660266874,1.30108445697626,0.601283991047423,33.3877563865537,51.0347891166449,14.7976986383577,0.969,3.95608738968062,3.43920674799665,0.832442903389189,0.505112958942417
2004-01-14,5.17,255.33,-12.27,-12.27,116.86,1.107820413381632,658.41,27.06629,750.88,3.17552224503765,2.27054970568104,0.715016154973943,0.219528466253919,0.207214753166224,16.85,1.1541095890411,212.45,3.09468317552804,0,-16.0641,4.11759799833194,1.37608385686463,0.451685660266874,1.30108445697626,0.601283991047423,33.3877563865537,51.0347891166449,14.7976986383577,0.969,3.95608738968062,3.43920674799665,0.832442903389189,0.505112958942417
2004-01-15,1.31,280.52,-17.06,-17.06,77.52,1.0100715533773705,658.41,27.06629,750.88,3.17552224503765,2.27054970568104,0.715016154973943,0.219528466253919,0.207214753166224,16.85,1.1541095890411,212.45,3.09468317552804,0,-16.0641,4.11759799833194,1.37608385686463,0.451685660266874,1.30108445697626,0.601283991047423,33.3877563865537,51.0347891166449,14.7976986383577,0.969,3.95608738968062,3.43920674799665,0.832442903389189,0.505112958942417
2004-01-16,0.0,288.69,-19.33,-19.33,74.73,0.9449056467078627,658.41,27.06629,750.88,3.17552224503765,2.27054970568104,0.715016154973943,0.219528466253919,0.207214753166224,16.85,1.1541095890411,212.45,3.09468317552804,0,-16.0641,4.11759799833194,1.37608385686463,0.451685660266874,1.30108445697626,0.601283991047423,33.3877563865537,51.0347891166449,14.7976986383577,0.969,3.95608738968062,3.43920674799665,0.832442903389189,0.505112958942417
2004-01-17,1.02,248.42,-15.92,-15.92,95.37,0.9449056467078627,658.41,27.06629,750.88,3.17552224503765,2.27054970568104,0.715016154973943,0.219528466253919,0.207214753166224,16.85,1.1541095890411,212.45,3.09468317552804,0,-16.0641,4.11759799833194,1.37608385686463,0.451685660266874,1.30108445697626,0.601283991047423,33.3877563865537,51.0347891166449,14.7976986383577,0.969,3.95608738968062,3.43920674799665,0.832442903389189,0.505112958942417
2004-01-18,1.11,259.16,-12.26,-12.26,121.82,1.0100715533773705,658.41,27.06629,750.88,3.17552224503765,2.27054970568104,0.715016154973943,0.219528466253919,0.207214753166224,16.85,1.1541095890411,212.45,3.09468317552804,0,-16.0641,4.11759799833194,1.37608385686463,0.451685660266874,1.30108445697626,0.601283991047423,33.3877563865537,51.0347891166449,14.7976986383577,0.969,3.95608738968062,3.43920674799665,0.832442903389189,0.505112958942417
2004-01-19,0.29,250.5,-8.93,-8.93,176.53,0.9123226933731089,658.41,27.06629,750.88,3.17552224503765,2.27054970568104,0.715016154973943,0.219528466253919,0.207214753166224,16.85,1.1541095890411,212.45,3.09468317552804,0,-16.0641,4.11759799833194,1.37608385686463,0.451685660266874,1.30108445697626,0.601283991047423,33.3877563865537,51.0347891166449,14.7976986383577,0.969,3.95608738968062,3.43920674799665,0.832442903389189,0.505112958942417
2004-01-20,0.02,206.41,-10.85,-10.85,177.1,0.8992895120392073,658.41,27.06629,750.88,3.17552224503765,2.27054970568104,0.715016154973943,0.219528466253919,0.207214753166224,16.85,1.1541095890411,212.45,3.09468317552804,0,-16.0641,4.11759799833194,1.37608385686463,0.451685660266874,1.30108445697626,0.601283991047423,33.3877563865537,51.0347891166449,14.7976986383577,0.969,3.95608738968062,3.43920674799665,0.832442903389189,0.505112958942417
2004-01-21,0.0,264.65,-10.86,-10.86,179.67,0.7819908800340932,658.41,27.06629,750.88,3.17552224503765,2.27054970568104,0.715016154973943,0.219528466253919,0.207214753166224,16.85,1.1541095890411,212.45,3.09468317552804,0,-16.0641,4.11759799833194,1.37608385686463,0.451685660266874,1.30108445697626,0.601283991047423,33.3877563865537,51.0347891166449,14.7976986383577,0.969,3.95608738968062,3.43920674799665,0.832442903389189,0.505112958942417
2004-01-22,0.84,208.63,-9.27,-9.27,191.05,0.7331164500319624,658.41,27.06629,750.88,3.17552224503765,2.27054970568104,0.715016154973943,0.219528466253919,0.207214753166224,16.85,1.1541095890411,212.45,3.09468317552804,0,-16.0641,4.11759799833194,1.37608385686463,0.451685660266874,1.30108445697626,0.601283991047423,33.3877563865537,51.0347891166449,14.7976986383577,0.969,3.95608738968062,3.43920674799665,0.832442903389189,0.505112958942417
2004-01-23,0.6,258.36,-12.71,-12.71,123.25,0.6842420200298316,658.41,27.06629,750.88,3.17552224503765,2.27054970568104,0.715016154973943,0.219528466253919,0.207214753166224,16.85,1.1541095890411,212.45,3.09468317552804,0,-16.0641,4.11759799833194,1.37608385686463,0.451685660266874,1.30108445697626,0.601283991047423,33.3877563865537,51.0347891166449,14.7976986383577,0.969,3.95608738968062,3.43920674799665,0.832442903389189,0.505112958942417
2004-01-24,0.14,240.89,-15.59,-15.59,97.35,0.6516590666950778,658.41,27.06629,750.88,3.17552224503765,2.27054970568104,0.715016154973943,0.219528466253919,0.207214753166224,16.85,1.1541095890411,212.45,3.09468317552804,0,-16.0641,4.11759799833194,1.37608385686463,0.451685660266874,1.30108445697626,0.601283991047423,33.3877563865537,51.0347891166449,14.7976986383577,0.969,3.95608738968062,3.43920674799665,0.832442903389189,0.505112958942417
2004-01-25,0.33,268.24,-19.05,-19.05,65.27,0.6190761133603239,658.41,27.06629,750.88,3.17552224503765,2.27054970568104,0.715016154973943,0.219528466253919,0.207214753166224,16.85,1.1541095890411,212.45,3.09468317552804,0,-16.0641,4.11759799833194,1.37608385686463,0.451685660266874,1.30108445697626,0.601283991047423,33.3877563865537,51.0347891166449,14.7976986383577,0.969,3.95608738968062,3.43920674799665,0.832442903389189,0.505112958942417
2004-01-26,3.76,274.72,-17.1,-17.1,83.49,0.6353675900277007,658.41,27.06629,750.88,3.17552224503765,2.27054970568104,0.715016154973943,0.219528466253919,0.207214753166224,16.85,1.1541095890411,212.45,3.09468317552804,0,-16.0641,4.11759799833194,1.37608385686463,0.451685660266874,1.30108445697626,0.601283991047423,33.3877563865537,51.0347891166449,14.7976986383577,0.969,3.95608738968062,3.43920674799665,0.832442903389189,0.505112958942417
2004-01-27,6.69,199.91,-10.08,-10.08,188.57,0.6679505433624546,658.41,27.06629,750.88,3.17552224503765,2.27054970568104,0.715016154973943,0.219528466253919,0.207214753166224,16.85,1.1541095890411,212.45,3.09468317552804,0,-16.0641,4.11759799833194,1.37608385686463,0.451685660266874,1.30108445697626,0.601283991047423,33.3877563865537,51.0347891166449,14.7976986383577,0.969,3.95608738968062,3.43920674799665,0.832442903389189,0.505112958942417
2004-01-28,1.65,182.0,-7.98,-7.98,235.16,0.6679505433624546,658.41,27.06629,750.88,3.17552224503765,2.27054970568104,0.715016154973943,0.219528466253919,0.207214753166224,16.85,1.1541095890411,212.45,3.09468317552804,0,-16.0641,4.11759799833194,1.37608385686463,0.451685660266874,1.30108445697626,0.601283991047423,33.3877563865537,51.0347891166449,14.7976986383577,0.969,3.95608738968062,3.43920674799665,0.832442903389189,0.505112958942417
2004-01-29,0.04,284.99,-10.34,-10.34,174.31,0.6353675900277007,658.41,27.06629,750.88,3.17552224503765,2.27054970568104,0.715016154973943,0.219528466253919,0.207214753166224,16.85,1.1541095890411,212.45,3.09468317552804,0,-16.0641,4.11759799833194,1.37608385686463,0.451685660266874,1.30108445697626,0.601283991047423,33.3877563865537,51.0347891166449,14.7976986383577,0.969,3.95608738968062,3.43920674799665,0.832442903389189,0.505112958942417
2004-01-30,0.01,326.52,-15.63,-15.63,105.52,0.58649316002557,658.41,27.06629,750.88,3.17552224503765,2.27054970568104,0.715016154973943,0.219528466253919,0.207214753166224,16.85,1.1541095890411,212.45,3.09468317552804,0,-16.0641,4.11759799833194,1.37608385686463,0.451685660266874,1.30108445697626,0.601283991047423,33.3877563865537,51.0347891166449,14.7976986383577,0.969,3.95608738968062,3.43920674799665,0.832442903389189,0.505112958942417
2004-01-31,0.09,220.31,-14.14,-14.14,130.68,0.553910206690816,658.41,27.06629,750.88,3.17552224503765,2.27054970568104,0.715016154973943,0.219528466253919,0.207214753166224,16.85,1.1541095890411,212.45,3.09468317552804,0,-16.0641,4.11759799833194,1.37608385686463,0.451685660266874,1.30108445697626,0.601283991047423,33.3877563865537,51.0347891166449,14.7976986383577,0.969,3.95608738968062,3.43920674799665,0.832442903389189,0.505112958942417
2004-02-01,0.02,354.2,-11.79,-11.79,138.5,0.6549173620285531,658.41,27.06629,750.88,3.17552224503765,2.27054970568104,0.715016154973943,0.219528466253919,0.207214753166224,16.85,1.1541095890411,212.45,3.09468317552804,0,-16.0641,4.11759799833194,1.37608385686463,0.451685660266874,1.30108445697626,0.601283991047423,33.3877563865537,51.0347891166449,14.7976986383577,0.969,3.95608738968062,3.43920674799665,0.832442903389189,0.505112958942417
2004-02-02,0.22,333.46,-10.77,-10.77,131.01,0.6744671340294054,658.41,27.06629,750.88,3.17552224503765,2.27054970568104,0.715016154973943,0.219528466253919,0.207214753166224,16.85,1.1541095890411,212.45,3.09468317552804,0,-16.0641,4.11759799833194,1.37608385686463,0.451685660266874,1.30108445697626,0.601283991047423,33.3877563865537,51.0347891166449,14.7976986383577,0.969,3.95608738968062,3.43920674799665,0.832442903389189,0.505112958942417
2004-02-03,8.5,284.96,-6.99,-6.99,192.61,0.7005334966972085,658.41,27.06629,750.88,3.17552224503765,2.27054970568104,0.715016154973943,0.219528466253919,0.207214753166224,16.85,1.1541095890411,212.45,3.09468317552804,0,-16.0641,4.11759799833194,1.37608385686463,0.451685660266874,1.30108445697626,0.601283991047423,33.3877563865537,51.0347891166449,14.7976986383577,0.969,3.95608738968062,3.43920674799665,0.832442903389189,0.505112958942417
2004-02-04,2.22,340.47,-6.65,-6.65,207.2,0.6549173620285531,658.41,27.06629,750.88,3.17552224503765,2.27054970568104,0.715016154973943,0.219528466253919,0.207214753166224,16.85,1.1541095890411,212.45,3.09468317552804,0,-16.0641,4.11759799833194,1.37608385686463,0.451685660266874,1.30108445697626,0.601283991047423,33.3877563865537,51.0347891166449,14.7976986383577,0.969,3.95608738968062,3.43920674799665,0.832442903389189,0.505112958942417
2004-02-05,7.49,301.18,-9.62,-9.62,157.8,0.5148106626891115,658.41,27.06629,750.88,3.17552224503765,2.27054970568104,0.715016154973943,0.219528466253919,0.207214753166224,16.85,1.1541095890411,212.45,3.09468317552804,0,-16.0641,4.11759799833194,1.37608385686463,0.451685660266874,1.30108445697626,0.601283991047423,33.3877563865537,51.0347891166449,14.7976986383577,0.969,3.95608738968062,3.43920674799665,0.832442903389189,0.505112958942417
2004-02-06,2.34,294.6,-5.7,-5.7,215.71,0.5148106626891115,658.41,27.06629,750.88,3.17552224503765,2.27054970568104,0.715016154973943,0.219528466253919,0.207214753166224,16.85,1.1541095890411,212.45,3.09468317552804,0,-16.0641,4.11759799833194,1.37608385686463,0.451685660266874,1.30108445697626,0.601283991047423,33.3877563865537,51.0347891166449,14.7976986383577,0.969,3.95608738968062,3.43920674799665,0.832442903389189,0.505112958942417
2004-02-07,0.37,302.09,-5.69,-5.69,197.22,0.553910206690816,658.41,27.06629,750.88,3.17552224503765,2.27054970568104,0.715016154973943,0.219528466253919,0.207214753166224,16.85,1.1541095890411,212.45,3.09468317552804,0,-16.0641,4.11759799833194,1.37608385686463,0.451685660266874,1.30108445697626,0.601283991047423,33.3877563865537,51.0347891166449,14.7976986383577,0.969,3.95608738968062,3.43920674799665,0.832442903389189,0.505112958942417
2004-02-08,0.07,393.11,-9.68,-9.68,135.75,0.49526089068825907,658.41,27.06629,750.88,3.17552224503765,2.27054970568104,0.715016154973943,0.219528466253919,0.207214753166224,16.85,1.1541095890411,212.45,3.09468317552804,0,-16.0641,4.11759799833194,1.37608385686463,0.451685660266874,1.30108445697626,0.601283991047423,33.3877563865537,51.0347891166449,14.7976986383577,0.969,3.95608738968062,3.43920674799665,0.832442903389189,0.505112958942417
2004-02-09,0.0,397.08,-8.9,-8.9,155.93,0.46919452802045597,658.41,27.06629,750.88,3.17552224503765,2.27054970568104,0.715016154973943,0.219528466253919,0.207214753166224,16.85,1.1541095890411,212.45,3.09468317552804,0,-16.0641,4.11759799833194,1.37608385686463,0.451685660266874,1.30108445697626,0.601283991047423,33.3877563865537,51.0347891166449,14.7976986383577,0.969,3.95608738968062,3.43920674799665,0.832442903389189,0.505112958942417
2004-02-10,1.15,304.76,-4.51,-4.51,231.72,0.4854860046878329,658.41,27.06629,750.88,3.17552224503765,2.27054970568104,0.715016154973943,0.219528466253919,0.207214753166224,16.85,1.1541095890411,212.45,3.09468317552804,0,-16.0641,4.11759799833194,1.37608385686463,0.451685660266874,1.30108445697626,0.601283991047423,33.3877563865537,51.0347891166449,14.7976986383577,0.969,3.95608738968062,3.43920674799665,0.832442903389189,0.505112958942417
2004-02-11,0.3,378.39,-5.31,-5.31,221.44,0.47245282335393135,658.41,27.06629,750.88,3.17552224503765,2.27054970568104,0.715016154973943,0.219528466253919,0.207214753166224,16.85,1.1541095890411,212.45,3.09468317552804,0,-16.0641,4.11759799833194,1.37608385686463,0.451685660266874,1.30108445697626,0.601283991047423,33.3877563865537,51.0347891166449,14.7976986383577,0.969,3.95608738968062,3.43920674799665,0.832442903389189,0.505112958942417
2004-02-12,0.02,359.53,-7.12,-7.12,201.0,0.4300949840187513,658.41,27.06629,750.88,3.17552224503765,2.27054970568104,0.715016154973943,0.219528466253919,0.207214753166224,16.85,1.1541095890411,212.45,3.09468317552804,0,-16.0641,4.11759799833194,1.37608385686463,0.451685660266874,1.30108445697626,0.601283991047423,33.3877563865537,51.0347891166449,14.7976986383577,0.969,3.95608738968062,3.43920674799665,0.832442903389189,0.505112958942417
2004-02-13,0.01,359.57,-4.54,-4.54,254.02,0.47571111868740673,658.41,27.06629,750.88,3.17552224503765,2.27054970568104,0.715016154973943,0.219528466253919,0.207214753166224,16.85,1.1541095890411,212.45,3.09468317552804,0,-16.0641,4.11759799833194,1.37608385686463,0.451685660266874,1.30108445697626,0.601283991047423,33.3877563865537,51.0347891166449,14.7976986383577,0.969,3.95608738968062,3.43920674799665,0.832442903389189,0.505112958942417
2004-02-14,0.09,331.3,-6.27,-6.27,196.92,0.42357839335180053,658.41,27.06629,750.88,3.17552224503765,2.27054970568104,0.715016154973943,0.219528466253919,0.207214753166224,16.85,1.1541095890411,212.45,3.09468317552804,0,-16.0641,4.11759799833194,1.37608385686463,0.451685660266874,1.30108445697626,0.601283991047423,33.3877563865537,51.0347891166449,14.7976986383577,0.969,3.95608738968062,3.43920674799665,0.832442903389189,0.505112958942417
2004-02-15,0.02,420.26,-11.23,-11.23,107.09,0.4040286213509482,658.41,27.06629,750.88,3.17552224503765,2.27054970568104,0.715016154973943,0.219528466253919,0.207214753166224,16.85,1.1541095890411,212.45,3.09468317552804,0,-16.0641,4.11759799833194,1.37608385686463,0.451685660266874,1.30108445697626,0.601283991047423,33.3877563865537,51.0347891166449,14.7976986383577,0.969,3.95608738968062,3.43920674799665,0.832442903389189,0.505112958942417
2004-02-16,0.0,423.9,-15.31,-15.31,76.58,0.3909954400170466,658.41,27.06629,750.88,3.17552224503765,2.27054970568104,0.715016154973943,0.219528466253919,0.207214753166224,16.85,1.1541095890411,212.45,3.09468317552804,0,-16.0641,4.11759799833194,1.37608385686463,0.451685660266874,1.30108445697626,0.601283991047423,33.3877563865537,51.0347891166449,14.7976986383577,0.969,3.95608738968062,3.43920674799665,0.832442903389189,0.505112958942417
2004-02-17,0.0,423.8,-13.31,-13.31,99.15,0.38447884935009585,658.41,27.06629,750.88,3.17552224503765,2.27054970568104,0.715016154973943,0.219528466253919,0.207214753166224,16.85,1.1541095890411,212.45,3.09468317552804,0,-16.0641,4.11759799833194,1.37608385686463,0.451685660266874,1.30108445697626,0.601283991047423,33.3877563865537,51.0347891166449,14.7976986383577,0.969,3.95608738968062,3.43920674799665,0.832442903389189,0.505112958942417
2004-02-18,0.0,426.66,-9.29,-9.29,146.57,0.38447884935009585,658.41,27.06629,750.88,3.17552224503765,2.27054970568104,0.715016154973943,0.219528466253919,0.207214753166224,16.85,1.1541095890411,212.45,3.09468317552804,0,-16.0641,4.11759799833194,1.37608385686463,0.451685660266874,1.30108445697626,0.601283991047423,33.3877563865537,51.0347891166449,14.7976986383577,0.969,3.95608738968062,3.43920674799665,0.832442903389189,0.505112958942417
2004-02-19,0.0,419.63,-4.87,-4.87,236.74,0.3909954400170466,658.41,27.06629,750.88,3.17552224503765,2.27054970568104,0.715016154973943,0.219528466253919,0.207214753166224,16.85,1.1541095890411,212.45,3.09468317552804,0,-16.0641,4.11759799833194,1.37608385686463,0.451685660266874,1.30108445697626,0.601283991047423,33.3877563865537,51.0347891166449,14.7976986383577,0.969,3.95608738968062,3.43920674799665,0.832442903389189,0.505112958942417
2004-02-20,1.35,301.49,0.32,0.32,380.06,0.41706180268484977,658.41,27.06629,750.88,3.17552224503765,2.27054970568104,0.715016154973943,0.219528466253919,0.207214753166224,16.85,1.1541095890411,212.45,3.09468317552804,0,-16.0641,4.11759799833194,1.37608385686463,0.451685660266874,1.30108445697626,0.601283991047423,33.3877563865537,51.0347891166449,14.7976986383577,0.969,3.95608738968062,3.43920674799665,0.832442903389189,0.505112958942417
2004-02-21,0.88,298.51,0.08,0.08,366.89,0.5734599786916684,658.41,27.06629,750.88,3.17552224503765,2.27054970568104,0.715016154973943,0.219528466253919,0.207214753166224,16.85,1.1541095890411,212.45,3.09468317552804,0,-16.0641,4.11759799833194,1.37608385686463,0.451685660266874,1.30108445697626,0.601283991047423,33.3877563865537,51.0347891166449,14.7976986383577,0.969,3.95608738968062,3.43920674799665,0.832442903389189,0.505112958942417
2004-02-22,0.14,406.85,-2.62,-2.62,278.2,0.6125595226933731,658.41,27.06629,750.88,3.17552224503765,2.27054970568104,0.715016154973943,0.219528466253919,0.207214753166224,16.85,1.1541095890411,212.45,3.09468317552804,0,-16.0641,4.11759799833194,1.37608385686463,0.451685660266874,1.30108445697626,0.601283991047423,33.3877563865537,51.0347891166449,14.7976986383577,0.969,3.95608738968062,3.43920674799665,0.832442903389189,0.505112958942417
2004-02-23,0.78,335.16,-4.17,-4.17,228.13,0.5213272533560622,658.41,27.06629,750.88,3.17552224503765,2.27054970568104,0.715016154973943,0.219528466253919,0.207214753166224,16.85,1.1541095890411,212.45,3.09468317552804,0,-16.0641,4.11759799833194,1.37608385686463,0.451685660266874,1.30108445697626,0.601283991047423,33.3877563865537,51.0347891166449,14.7976986383577,0.969,3.95608738968062,3.43920674799665,0.832442903389189,0.505112958942417
2004-02-24,0.28,361.13,-5.32,-5.32,196.61,0.5050357766886853,658.41,27.06629,750.88,3.17552224503765,2.27054970568104,0.715016154973943,0.219528466253919,0.207214753166224,16.85,1.1541095890411,212.45,3.09468317552804,0,-16.0641,4.11759799833194,1.37608385686463,0.451685660266874,1.30108445697626,0.601283991047423,33.3877563865537,51.0347891166449,14.7976986383577,0.969,3.95608738968062,3.43920674799665,0.832442903389189,0.505112958942417
2004-02-25,0.02,436.77,-7.57,-7.57,164.72,0.45616134668655445,658.41,27.06629,750.88,3.17552224503765,2.27054970568104,0.715016154973943,0.219528466253919,0.207214753166224,16.85,1.1541095890411,212.45,3.09468317552804,0,-16.0641,4.11759799833194,1.37608385686463,0.451685660266874,1.30108445697626,0.601283991047423,33.3877563865537,51.0347891166449,14.7976986383577,0.969,3.95608738968062,3.43920674799665,0.832442903389189,0.505112958942417
2004-02-26,0.0,452.88,-7.02,-7.02,165.25,0.42357839335180053,658.41,27.06629,750.88,3.17552224503765,2.27054970568104,0.715016154973943,0.219528466253919,0.207214753166224,16.85,1.1541095890411,212.45,3.09468317552804,0,-16.0641,4.11759799833194,1.37608385686463,0.451685660266874,1.30108445697626,0.601283991047423,33.3877563865537,51.0347891166449,14.7976986383577,0.969,3.95608738968062,3.43920674799665,0.832442903389189,0.505112958942417
2004-02-27,0.0,454.18,-5.27,-5.27,183.88,0.42357839335180053,658.41,27.06629,750.88,3.17552224503765,2.27054970568104,0.715016154973943,0.219528466253919,0.207214753166224,16.85,1.1541095890411,212.45,3.09468317552804,0,-16.0641,4.11759799833194,1.37608385686463,0.451685660266874,1.30108445697626,0.601283991047423,33.3877563865537,51.0347891166449,14.7976986383577,0.969,3.95608738968062,3.43920674799665,0.832442903389189,0.505112958942417
2004-02-28,0.0,459.2,-3.99,-3.99,211.56,0.43986987001917743,658.41,27.06629,750.88,3.17552224503765,2.27054970568104,0.715016154973943,0.219528466253919,0.207214753166224,16.85,1.1541095890411,212.45,3.09468317552804,0,-16.0641,4.11759799833194,1.37608385686463,0.451685660266874,1.30108445697626,0.601283991047423,33.3877563865537,51.0347891166449,14.7976986383577,0.969,3.95608738968062,3.43920674799665,0.832442903389189,0.505112958942417
2004-02-29,0.13,399.33,-0.28,-0.28,315.99,0.5213272533560622,658.41,27.06629,750.88,3.17552224503765,2.27054970568104,0.715016154973943,0.219528466253919,0.207214753166224,16.85,1.1541095890411,212.45,3.09468317552804,0,-16.0641,4.11759799833194,1.37608385686463,0.451685660266874,1.30108445697626,0.601283991047423,33.3877563865537,51.0347891166449,14.7976986383577,0.969,3.95608738968062,3.43920674799665,0.832442903389189,0.505112958942417
2004-03-01,0.26,340.26,3.44,3.44,420.32,0.7168249733645855,658.41,27.06629,750.88,3.17552224503765,2.27054970568104,0.715016154973943,0.219528466253919,0.207214753166224,16.85,1.1541095890411,212.45,3.09468317552804,0,-16.0641,4.11759799833194,1.37608385686463,0.451685660266874,1.30108445697626,0.601283991047423,33.3877563865537,51.0347891166449,14.7976986383577,0.969,3.95608738968062,3.43920674799665,0.832442903389189,0.505112958942417
2004-03-02,0.28,345.0,2.5,2.5,437.06,2.117891966759003,658.41,27.06629,750.88,3.17552224503765,2.27054970568104,0.715016154973943,0.219528466253919,0.207214753166224,16.85,1.1541095890411,212.45,3.09468317552804,0,-16.0641,4.11759799833194,1.37608385686463,0.451685660266874,1.30108445697626,0.601283991047423,33.3877563865537,51.0347891166449,14.7976986383577,0.969,3.95608738968062,3.43920674799665,0.832442903389189,0.505112958942417
2004-03-03,2.4,275.17,5.65,5.65,608.78,6.093012273598977,658.41,27.06629,750.88,3.17552224503765,2.27054970568104,0.715016154973943,0.219528466253919,0.207214753166224,16.85,1.1541095890411,212.45,3.09468317552804,0,-16.0641,4.11759799833194,1.37608385686463,0.451685660266874,1.30108445697626,0.601283991047423,33.3877563865537,51.0347891166449,14.7976986383577,0.969,3.95608738968062,3.43920674799665,0.832442903389189,0.505112958942417
2004-03-04,3.22,231.93,4.14,4.14,602.31,6.744671340294055,658.41,27.06629,750.88,3.17552224503765,2.27054970568104,0.715016154973943,0.219528466253919,0.207214753166224,16.85,1.1541095890411,212.45,3.09468317552804,0,-16.0641,4.11759799833194,1.37608385686463,0.451685660266874,1.30108445697626,0.601283991047423,33.3877563865537,51.0347891166449,14.7976986383577,0.969,3.95608738968062,3.43920674799665,0.832442903389189,0.505112958942417
2004-03-05,3.74,230.06,3.93,3.93,636.2,11.306284807159598,658.41,27.06629,750.88,3.17552224503765,2.27054970568104,0.715016154973943,0.219528466253919,0.207214753166224,16.85,1.1541095890411,212.45,3.09468317552804,0,-16.0641,4.11759799833194,1.37608385686463,0.451685660266874,1.30108445697626,0.601283991047423,33.3877563865537,51.0347891166449,14.7976986383577,0.969,3.95608738968062,3.43920674799665,0.832442903389189,0.505112958942417
2004-03-06,0.88,318.24,8.01,8.01,728.01,12.935432473897293,658.41,27.06629,750.88,3.17552224503765,2.27054970568104,0.715016154973943,0.219528466253919,0.207214753166224,16.85,1.1541095890411,212.45,3.09468317552804,0,-16.0641,4.11759799833194,1.37608385686463,0.451685660266874,1.30108445697626,0.601283991047423,33.3877563865537,51.0347891166449,14.7976986383577,0.969,3.95608738968062,3.43920674799665,0.832442903389189,0.505112958942417
2004-03-07,3.44,301.76,3.68,3.68,522.76,7.46149631365864,658.41,27.06629,750.88,3.17552224503765,2.27054970568104,0.715016154973943,0.219528466253919,0.207214753166224,16.85,1.1541095890411,212.45,3.09468317552804,0,-16.0641,4.11759799833194,1.37608385686463,0.451685660266874,1.30108445697626,0.601283991047423,33.3877563865537,51.0347891166449,14.7976986383577,0.969,3.95608738968062,3.43920674799665,0.832442903389189,0.505112958942417
2004-03-08,1.5,293.93,2.3,2.3,458.02,5.441353206903899,658.41,27.06629,750.88,3.17552224503765,2.27054970568104,0.715016154973943,0.219528466253919,0.207214753166224,16.85,1.1541095890411,212.45,3.09468317552804,0,-16.0641,4.11759799833194,1.37608385686463,0.451685660266874,1.30108445697626,0.601283991047423,33.3877563865537,51.0347891166449,14.7976986383577,0.969,3.95608738968062,3.43920674799665,0.832442903389189,0.505112958942417
2004-03-09,0.38,255.11,-2.78,-2.78,330.84,3.7470396334966973,658.41,27.06629,750.88,3.17552224503765,2.27054970568104,0.715016154973943,0.219528466253919,0.207214753166224,16.85,1.1541095890411,212.45,3.09468317552804,0,-16.0641,4.11759799833194,1.37608385686463,0.451685660266874,1.30108445697626,0.601283991047423,33.3877563865537,51.0347891166449,14.7976986383577,0.969,3.95608738968062,3.43920674799665,0.832442903389189,0.505112958942417
2004-03-10,0.06,341.07,-3.79,-3.79,302.43,2.9976317067973577,658.41,27.06629,750.88,3.17552224503765,2.27054970568104,0.715016154973943,0.219528466253919,0.207214753166224,16.85,1.1541095890411,212.45,3.09468317552804,0,-16.0641,4.11759799833194,1.37608385686463,0.451685660266874,1.30108445697626,0.601283991047423,33.3877563865537,51.0347891166449,14.7976986383577,0.969,3.95608738968062,3.43920674799665,0.832442903389189,0.505112958942417
2004-03-11,0.59,327.66,-3.26,-3.26,297.64,2.5056291114425737,658.41,27.06629,750.88,3.17552224503765,2.27054970568104,0.715016154973943,0.219528466253919,0.207214753166224,16.85,1.1541095890411,212.45,3.09468317552804,0,-16.0641,4.11759799833194,1.37608385686463,0.451685660266874,1.30108445697626,0.601283991047423,33.3877563865537,51.0347891166449,14.7976986383577,0.969,3.95608738968062,3.43920674799665,0.832442903389189,0.505112958942417
2004-03-12,0.65,378.99,-0.83,-0.83,299.6,2.244965484764543,658.41,27.06629,750.88,3.17552224503765,2.27054970568104,0.715016154973943,0.219528466253919,0.207214753166224,16.85,1.1541095890411,212.45,3.09468317552804,0,-16.0641,4.11759799833194,1.37608385686463,0.451685660266874,1.30108445697626,0.601283991047423,33.3877563865537,51.0347891166449,14.7976986383577,0.969,3.95608738968062,3.43920674799665,0.832442903389189,0.505112958942417
2004-03-13,0.13,356.58,-4.26,-4.26,258.16,1.8670032260813976,658.41,27.06629,750.88,3.17552224503765,2.27054970568104,0.715016154973943,0.219528466253919,0.207214753166224,16.85,1.1541095890411,212.45,3.09468317552804,0,-16.0641,4.11759799833194,1.37608385686463,0.451685660266874,1.30108445697626,0.601283991047423,33.3877563865537,51.0347891166449,14.7976986383577,0.969,3.95608738968062,3.43920674799665,0.832442903389189,0.505112958942417
2004-03-14,2.03,316.24,-5.62,-5.62,266.41,1.6421808480715958,658.41,27.06629,750.88,3.17552224503765,2.27054970568104,0.715016154973943,0.219528466253919,0.207214753166224,16.85,1.1541095890411,212.45,3.09468317552804,0,-16.0641,4.11759799833194,1.37608385686463,0.451685660266874,1.30108445697626,0.601283991047423,33.3877563865537,51.0347891166449,14.7976986383577,0.969,3.95608738968062,3.43920674799665,0.832442903389189,0.505112958942417
2004-03-15,1.55,340.46,-0.69,-0.69,356.4,1.80183731941189,658.41,27.06629,750.88,3.17552224503765,2.27054970568104,0.715016154973943,0.219528466253919,0.207214753166224,16.85,1.1541095890411,212.45,3.09468317552804,0,-16.0641,4.11759799833194,1.37608385686463,0.451685660266874,1.30108445697626,0.601283991047423,33.3877563865537,51.0347891166449,14.7976986383577,0.969,3.95608738968062,3.43920674799665,0.832442903389189,0.505112958942417
2004-03-16,12.92,316.77,-1.62,-1.62,326.32,1.5118490347325804,658.41,27.06629,750.88,3.17552224503765,2.27054970568104,0.715016154973943,0.219528466253919,0.207214753166224,16.85,1.1541095890411,212.45,3.09468317552804,0,-16.0641,4.11759799833194,1.37608385686463,0.451685660266874,1.30108445697626,0.601283991047423,33.3877563865537,51.0347891166449,14.7976986383577,0.969,3.95608738968062,3.43920674799665,0.832442903389189,0.505112958942417
2004-03-17,4.22,232.06,-5.57,-5.57,271.07,1.459716309396974,658.41,27.06629,750.88,3.17552224503765,2.27054970568104,0.715016154973943,0.219528466253919,0.207214753166224,16.85,1.1541095890411,212.45,3.09468317552804,0,-16.0641,4.11759799833194,1.37608385686463,0.451685660266874,1.30108445697626,0.601283991047423,33.3877563865537,51.0347891166449,14.7976986383577,0.969,3.95608738968062,3.43920674799665,0.832442903389189,0.505112958942417
2004-03-18,0.3,353.17,-6.15,-6.15,251.91,1.38477551672704,658.41,27.06629,750.88,3.17552224503765,2.27054970568104,0.715016154973943,0.219528466253919,0.207214753166224,16.85,1.1541095890411,212.45,3.09468317552804,0,-16.0641,4.11759799833194,1.37608385686463,0.451685660266874,1.30108445697626,0.601283991047423,33.3877563865537,51.0347891166449,14.7976986383577,0.969,3.95608738968062,3.43920674799665,0.832442903389189,0.505112958942417
2004-03-19,0.46,442.4,-4.76,-4.76,245.74,1.2902849520562538,658.41,27.06629,750.88,3.17552224503765,2.27054970568104,0.715016154973943,0.219528466253919,0.207214753166224,16.85,1.1541095890411,212.45,3.09468317552804,0,-16.0641,4.11759799833194,1.37608385686463,0.451685660266874,1.30108445697626,0.601283991047423,33.3877563865537,51.0347891166449,14.7976986383577,0.969,3.95608738968062,3.43920674799665,0.832442903389189,0.505112958942417
2004-03-20,6.89,396.79,-4.15,-4.15,266.43,1.544431988067334,658.41,27.06629,750.88,3.17552224503765,2.27054970568104,0.715016154973943,0.219528466253919,0.207214753166224,16.85,1.1541095890411,212.45,3.09468317552804,0,-16.0641,4.11759799833194,1.37608385686463,0.451685660266874,1.30108445697626,0.601283991047423,33.3877563865537,51.0347891166449,14.7976986383577,0.969,3.95608738968062,3.43920674799665,0.832442903389189,0.505112958942417
2004-03-21,2.07,338.12,0.06,0.06,358.32,3.35604419347965,658.41,27.06629,750.88,3.17552224503765,2.27054970568104,0.715016154973943,0.219528466253919,0.207214753166224,16.85,1.1541095890411,212.45,3.09468317552804,0,-16.0641,4.11759799833194,1.37608385686463,0.451685660266874,1.30108445697626,0.601283991047423,33.3877563865537,51.0347891166449,14.7976986383577,0.969,3.95608738968062,3.43920674799665,0.832442903389189,0.505112958942417
2004-03-22,0.08,529.22,-6.25,-6.25,195.47,2.085309013424249,658.41,27.06629,750.88,3.17552224503765,2.27054970568104,0.715016154973943,0.219528466253919,0.207214753166224,16.85,1.1541095890411,212.45,3.09468317552804,0,-16.0641,4.11759799833194,1.37608385686463,0.451685660266874,1.30108445697626,0.601283991047423,33.3877563865537,51.0347891166449,14.7976986383577,0.969,3.95608738968062,3.43920674799665,0.832442903389189,0.505112958942417
2004-03-23,0.0,451.36,-7.97,-7.97,199.21,1.80183731941189,658.41,27.06629,750.88,3.17552224503765,2.27054970568104,0.715016154973943,0.219528466253919,0.207214753166224,16.85,1.1541095890411,212.45,3.09468317552804,0,-16.0641,4.11759799833194,1.37608385686463,0.451685660266874,1.30108445697626,0.601283991047423,33.3877563865537,51.0347891166449,14.7976986383577,0.969,3.95608738968062,3.43920674799665,0.832442903389189,0.505112958942417
2004-03-24,1.24,395.2,-2.89,-2.89,310.11,2.010368220754315,658.41,27.06629,750.88,3.17552224503765,2.27054970568104,0.715016154973943,0.219528466253919,0.207214753166224,16.85,1.1541095890411,212.45,3.09468317552804,0,-16.0641,4.11759799833194,1.37608385686463,0.451685660266874,1.30108445697626,0.601283991047423,33.3877563865537,51.0347891166449,14.7976986383577,0.969,3.95608738968062,3.43920674799665,0.832442903389189,0.505112958942417
2004-03-25,0.35,482.33,3.3,3.3,471.78,3.616707820157681,658.41,27.06629,750.88,3.17552224503765,2.27054970568104,0.715016154973943,0.219528466253919,0.207214753166224,16.85,1.1541095890411,212.45,3.09468317552804,0,-16.0641,4.11759799833194,1.37608385686463,0.451685660266874,1.30108445697626,0.601283991047423,33.3877563865537,51.0347891166449,14.7976986383577,0.969,3.95608738968062,3.43920674799665,0.832442903389189,0.505112958942417
2004-03-26,5.95,371.63,8.14,8.14,677.24,3.421210100149158,658.41,27.06629,750.88,3.17552224503765,2.27054970568104,0.715016154973943,0.219528466253919,0.207214753166224,16.85,1.1541095890411,212.45,3.09468317552804,0,-16.0641,4.11759799833194,1.37608385686463,0.451685660266874,1.30108445697626,0.601283991047423,33.3877563865537,51.0347891166449,14.7976986383577,0.969,3.95608738968062,3.43920674799665,0.832442903389189,0.505112958942417
2004-03-27,1.57,522.22,10.45,10.45,701.65,4.920025953547836,658.41,27.06629,750.88,3.17552224503765,2.27054970568104,0.715016154973943,0.219528466253919,0.207214753166224,16.85,1.1541095890411,212.45,3.09468317552804,0,-16.0641,4.11759799833194,1.37608385686463,0.451685660266874,1.30108445697626,0.601283991047423,33.3877563865537,51.0347891166449,14.7976986383577,0.969,3.95608738968062,3.43920674799665,0.832442903389189,0.505112958942417
2004-03-28,0.0,507.82,9.69,9.69,666.46,3.5515419134881734,658.41,27.06629,750.88,3.17552224503765,2.27054970568104,0.715016154973943,0.219528466253919,0.207214753166224,16.85,1.1541095890411,212.45,3.09468317552804,0,-16.0641,4.11759799833194,1.37608385686463,0.451685660266874,1.30108445697626,0.601283991047423,33.3877563865537,51.0347891166449,14.7976986383577,0.969,3.95608738968062,3.43920674799665,0.832442903389189,0.505112958942417
2004-03-29,0.0,536.83,9.34,9.34,616.32,2.8738164841252924,658.41,27.06629,750.88,3.17552224503765,2.27054970568104,0.715016154973943,0.219528466253919,0.207214753166224,16.85,1.1541095890411,212.45,3.09468317552804,0,-16.0641,4.11759799833194,1.37608385686463,0.451685660266874,1.30108445697626,0.601283991047423,33.3877563865537,51.0347891166449,14.7976986383577,0.969,3.95608738968062,3.43920674799665,0.832442903389189,0.505112958942417
2004-03-30,2.69,415.59,8.19,8.19,590.36,2.4437215001065415,658.41,27.06629,750.88,3.17552224503765,2.27054970568104,0.715016154973943,0.219528466253919,0.207214753166224,16.85,1.1541095890411,212.45,3.09468317552804,0,-16.0641,4.11759799833194,1.37608385686463,0.451685660266874,1.30108445697626,0.601283991047423,33.3877563865537,51.0347891166449,14.7976986383577,0.969,3.95608738968062,3.43920674799665,0.832442903389189,0.505112958942417
2004-03-31,5.1,395.84,7.52,7.52,605.53,2.38833047943746,658.41,27.06629,750.88,3.17552224503765,2.27054970568104,0.715016154973943,0.219528466253919,0.207214753166224,16.85,1.1541095890411,212.45,3.09468317552804,0,-16.0641,4.11759799833194,1.37608385686463,0.451685660266874,1.30108445697626,0.601283991047423,33.3877563865537,51.0347891166449,14.7976986383577,0.969,3.95608738968062,3.43920674799665,0.832442903389189,0.505112958942417
2004-04-01,15.79,371.63,6.15,6.15,589.78,3.779622586831451,658.41,27.06629,750.88,3.17552224503765,2.27054970568104,0.715016154973943,0.219528466253919,0.207214753166224,16.85,1.1541095890411,212.45,3.09468317552804,0,-16.0641,4.11759799833194,1.37608385686463,0.451685660266874,1.30108445697626,0.601283991047423,33.3877563865537,51.0347891166449,14.7976986383577,0.969,3.95608738968062,3.43920674799665,0.832442903389189,0.505112958942417
2004-04-02,5.32,227.76,3.16,3.16,557.66,5.799765693586192,658.41,27.06629,750.88,3.17552224503765,2.27054970568104,0.715016154973943,0.219528466253919,0.207214753166224,16.85,1.1541095890411,212.45,3.09468317552804,0,-16.0641,4.11759799833194,1.37608385686463,0.451685660266874,1.30108445697626,0.601283991047423,33.3877563865537,51.0347891166449,14.7976986383577,0.969,3.95608738968062,3.43920674799665,0.832442903389189,0.505112958942417
2004-04-03,1.52,318.8,1.87,1.87,485.6,3.844788493500958,658.41,27.06629,750.88,3.17552224503765,2.27054970568104,0.715016154973943,0.219528466253919,0.207214753166224,16.85,1.1541095890411,212.45,3.09468317552804,0,-16.0641,4.11759799833194,1.37608385686463,0.451685660266874,1.30108445697626,0.601283991047423,33.3877563865537,51.0347891166449,14.7976986383577,0.969,3.95608738968062,3.43920674799665,0.832442903389189,0.505112958942417
2004-04-04,1.92,372.69,1.64,1.64,400.96,3.35604419347965,658.41,27.06629,750.88,3.17552224503765,2.27054970568104,0.715016154973943,0.219528466253919,0.207214753166224,16.85,1.1541095890411,212.45,3.09468317552804,0,-16.0641,4.11759799833194,1.37608385686463,0.451685660266874,1.30108445697626,0.601283991047423,33.3877563865537,51.0347891166449,14.7976986383577,0.969,3.95608738968062,3.43920674799665,0.832442903389189,0.505112958942417
2004-04-05,0.44,501.2,-4.09,-4.09,248.34,2.919432618793948,658.41,27.06629,750.88,3.17552224503765,2.27054970568104,0.715016154973943,0.219528466253919,0.207214753166224,16.85,1.1541095890411,212.45,3.09468317552804,0,-16.0641,4.11759799833194,1.37608385686463,0.451685660266874,1.30108445697626,0.601283991047423,33.3877563865537,51.0347891166449,14.7976986383577,0.969,3.95608738968062,3.43920674799665,0.832442903389189,0.505112958942417
2004-04-06,0.01,529.46,-2.75,-2.75,272.43,2.4991125207756233,658.41,27.06629,750.88,3.17552224503765,2.27054970568104,0.715016154973943,0.219528466253919,0.207214753166224,16.85,1.1541095890411,212.45,3.09468317552804,0,-16.0641,4.11759799833194,1.37608385686463,0.451685660266874,1.30108445697626,0.601283991047423,33.3877563865537,51.0347891166449,14.7976986383577,0.969,3.95608738968062,3.43920674799665,0.832442903389189,0.505112958942417
2004-04-07,0.02,521.62,-0.22,-0.22,317.51,2.2482237800980185,658.41,27.06629,750.88,3.17552224503765,2.27054970568104,0.715016154973943,0.219528466253919,0.207214753166224,16.85,1.1541095890411,212.45,3.09468317552804,0,-16.0641,4.11759799833194,1.37608385686463,0.451685660266874,1.30108445697626,0.601283991047423,33.3877563865537,51.0347891166449,14.7976986383577,0.969,3.95608738968062,3.43920674799665,0.832442903389189,0.505112958942417
2004-04-08,0.1,523.55,1.61,1.61,350.98,1.9680103814191348,658.41,27.06629,750.88,3.17552224503765,2.27054970568104,0.715016154973943,0.219528466253919,0.207214753166224,16.85,1.1541095890411,212.45,3.09468317552804,0,-16.0641,4.11759799833194,1.37608385686463,0.451685660266874,1.30108445697626,0.601283991047423,33.3877563865537,51.0347891166449,14.7976986383577,0.969,3.95608738968062,3.43920674799665,0.832442903389189,0.505112958942417
2004-04-09,0.03,549.21,3.61,3.61,398.39,1.769254366077136,658.41,27.06629,750.88,3.17552224503765,2.27054970568104,0.715016154973943,0.219528466253919,0.207214753166224,16.85,1.1541095890411,212.45,3.09468317552804,0,-16.0641,4.11759799833194,1.37608385686463,0.451685660266874,1.30108445697626,0.601283991047423,33.3877563865537,51.0347891166449,14.7976986383577,0.969,3.95608738968062,3.43920674799665,0.832442903389189,0.505112958942417
2004-04-10,0.0,564.8,3.71,3.71,387.17,1.5248822160664819,658.41,27.06629,750.88,3.17552224503765,2.27054970568104,0.715016154973943,0.219528466253919,0.207214753166224,16.85,1.1541095890411,212.45,3.09468317552804,0,-16.0641,4.11759799833194,1.37608385686463,0.451685660266874,1.30108445697626,0.601283991047423,33.3877563865537,51.0347891166449,14.7976986383577,0.969,3.95608738968062,3.43920674799665,0.832442903389189,0.505112958942417
2004-04-11,1.96,479.94,3.56,3.56,394.56,1.3619674493927123,658.41,27.06629,750.88,3.17552224503765,2.27054970568104,0.715016154973943,0.219528466253919,0.207214753166224,16.85,1.1541095890411,212.45,3.09468317552804,0,-16.0641,4.11759799833194,1.37608385686463,0.451685660266874,1.30108445697626,0.601283991047423,33.3877563865537,51.0347891166449,14.7976986383577,0.969,3.95608738968062,3.43920674799665,0.832442903389189,0.505112958942417
2004-04-12,15.87,427.11,2.76,2.76,409.98,1.2968015427232047,658.41,27.06629,750.88,3.17552224503765,2.27054970568104,0.715016154973943,0.219528466253919,0.207214753166224,16.85,1.1541095890411,212.45,3.09468317552804,0,-16.0641,4.11759799833194,1.37608385686463,0.451685660266874,1.30108445697626,0.601283991047423,33.3877563865537,51.0347891166449,14.7976986383577,0.969,3.95608738968062,3.43920674799665,0.832442903389189,0.505112958942417
2004-04-13,24.8,341.36,2.73,2.73,474.42,8.341236053696996,658.41,27.06629,750.88,3.17552224503765,2.27054970568104,0.715016154973943,0.219528466253919,0.207214753166224,16.85,1.1541095890411,212.45,3.09468317552804,0,-16.0641,4.11759799833194,1.37608385686463,0.451685660266874,1.30108445697626,0.601283991047423,33.3877563865537,51.0347891166449,14.7976986383577,0.969,3.95608738968062,3.43920674799665,0.832442903389189,0.505112958942417
2004-04-14,5.48,459.16,2.63,2.63,450.48,11.045621180481568,658.41,27.06629,750.88,3.17552224503765,2.27054970568104,0.715016154973943,0.219528466253919,0.207214753166224,16.85,1.1541095890411,212.45,3.09468317552804,0,-16.0641,4.11759799833194,1.37608385686463,0.451685660266874,1.30108445697626,0.601283991047423,33.3877563865537,51.0347891166449,14.7976986383577,0.969,3.95608738968062,3.43920674799665,0.832442903389189,0.505112958942417
2004-04-15,0.0,581.17,2.61,2.61,378.16,4.854860046878329,658.41,27.06629,750.88,3.17552224503765,2.27054970568104,0.715016154973943,0.219528466253919,0.207214753166224,16.85,1.1541095890411,212.45,3.09468317552804,0,-16.0641,4.11759799833194,1.37608385686463,0.451685660266874,1.30108445697626,0.601283991047423,33.3877563865537,51.0347891166449,14.7976986383577,0.969,3.95608738968062,3.43920674799665,0.832442903389189,0.505112958942417
2004-04-16,0.0,580.4,2.65,2.65,397.54,3.486376006818666,658.41,27.06629,750.88,3.17552224503765,2.27054970568104,0.715016154973943,0.219528466253919,0.207214753166224,16.85,1.1541095890411,212.45,3.09468317552804,0,-16.0641,4.11759799833194,1.37608385686463,0.451685660266874,1.30108445697626,0.601283991047423,33.3877563865537,51.0347891166449,14.7976986383577,0.969,3.95608738968062,3.43920674799665,0.832442903389189,0.505112958942417
2004-04-17,0.01,587.0,9.63,9.63,586.28,2.867299893458342,658.41,27.06629,750.88,3.17552224503765,2.27054970568104,0.715016154973943,0.219528466253919,0.207214753166224,16.85,1.1541095890411,212.45,3.09468317552804,0,-16.0641,4.11759799833194,1.37608385686463,0.451685660266874,1.30108445697626,0.601283991047423,33.3877563865537,51.0347891166449,14.7976986383577,0.969,3.95608738968062,3.43920674799665,0.832442903389189,0.505112958942417
2004-04-18,0.33,490.4,14.12,14.12,775.07,2.4437215001065415,658.41,27.06629,750.88,3.17552224503765,2.27054970568104,0.715016154973943,0.219528466253919,0.207214753166224,16.85,1.1541095890411,212.45,3.09468317552804,0,-16.0641,4.11759799833194,1.37608385686463,0.451685660266874,1.30108445697626,0.601283991047423,33.3877563865537,51.0347891166449,14.7976986383577,0.969,3.95608738968062,3.43920674799665,0.832442903389189,0.505112958942417
2004-04-19,2.32,440.85,15.0,15.0,836.51,2.1081170807585763,658.41,27.06629,750.88,3.17552224503765,2.27054970568104,0.715016154973943,0.219528466253919,0.207214753166224,16.85,1.1541095890411,212.45,3.09468317552804,0,-16.0641,4.11759799833194,1.37608385686463,0.451685660266874,1.30108445697626,0.601283991047423,33.3877563865537,51.0347891166449,14.7976986383577,0.969,3.95608738968062,3.43920674799665,0.832442903389189,0.505112958942417
2004-04-20,1.56,491.88,14.64,14.64,772.01,1.9940767440869378,658.41,27.06629,750.88,3.17552224503765,2.27054970568104,0.715016154973943,0.219528466253919,0.207214753166224,16.85,1.1541095890411,212.45,3.09468317552804,0,-16.0641,4.11759799833194,1.37608385686463,0.451685660266874,1.30108445697626,0.601283991047423,33.3877563865537,51.0347891166449,14.7976986383577,0.969,3.95608738968062,3.43920674799665,0.832442903389189,0.505112958942417
2004-04-21,7.25,385.03,10.3,10.3,771.23,1.7822875474110376,658.41,27.06629,750.88,3.17552224503765,2.27054970568104,0.715016154973943,0.219528466253919,0.207214753166224,16.85,1.1541095890411,212.45,3.09468317552804,0,-16.0641,4.11759799833194,1.37608385686463,0.451685660266874,1.30108445697626,0.601283991047423,33.3877563865537,51.0347891166449,14.7976986383577,0.969,3.95608738968062,3.43920674799665,0.832442903389189,0.505112958942417
2004-04-22,8.58,419.25,14.28,14.28,917.51,2.4534963861069676,658.41,27.06629,750.88,3.17552224503765,2.27054970568104,0.715016154973943,0.219528466253919,0.207214753166224,16.85,1.1541095890411,212.45,3.09468317552804,0,-16.0641,4.11759799833194,1.37608385686463,0.451685660266874,1.30108445697626,0.601283991047423,33.3877563865537,51.0347891166449,14.7976986383577,0.969,3.95608738968062,3.43920674799665,0.832442903389189,0.505112958942417
2004-04-23,4.82,381.09,9.81,9.81,724.55,2.5870864947794585,658.41,27.06629,750.88,3.17552224503765,2.27054970568104,0.715016154973943,0.219528466253919,0.207214753166224,16.85,1.1541095890411,212.45,3.09468317552804,0,-16.0641,4.11759799833194,1.37608385686463,0.451685660266874,1.30108445697626,0.601283991047423,33.3877563865537,51.0347891166449,14.7976986383577,0.969,3.95608738968062,3.43920674799665,0.832442903389189,0.505112958942417
2004-04-24,1.42,420.85,6.82,6.82,630.26,2.095083899424675,658.41,27.06629,750.88,3.17552224503765,2.27054970568104,0.715016154973943,0.219528466253919,0.207214753166224,16.85,1.1541095890411,212.45,3.09468317552804,0,-16.0641,4.11759799833194,1.37608385686463,0.451685660266874,1.30108445697626,0.601283991047423,33.3877563865537,51.0347891166449,14.7976986383577,0.969,3.95608738968062,3.43920674799665,0.832442903389189,0.505112958942417
2004-04-25,6.65,393.2,7.25,7.25,641.03,1.9093610654165778,658.41,27.06629,750.88,3.17552224503765,2.27054970568104,0.715016154973943,0.219528466253919,0.207214753166224,16.85,1.1541095890411,212.45,3.09468317552804,0,-16.0641,4.11759799833194,1.37608385686463,0.451685660266874,1.30108445697626,0.601283991047423,33.3877563865537,51.0347891166449,14.7976986383577,0.969,3.95608738968062,3.43920674799665,0.832442903389189,0.505112958942417
2004-04-26,1.73,424.42,6.12,6.12,602.76,2.5936030854464094,658.41,27.06629,750.88,3.17552224503765,2.27054970568104,0.715016154973943,0.219528466253919,0.207214753166224,16.85,1.1541095890411,212.45,3.09468317552804,0,-16.0641,4.11759799833194,1.37608385686463,0.451685660266874,1.30108445697626,0.601283991047423,33.3877563865537,51.0347891166449,14.7976986383577,0.969,3.95608738968062,3.43920674799665,0.832442903389189,0.505112958942417
2004-04-27,0.66,360.34,4.95,4.95,542.59,2.095083899424675,658.41,27.06629,750.88,3.17552224503765,2.27054970568104,0.715016154973943,0.219528466253919,0.207214753166224,16.85,1.1541095890411,212.45,3.09468317552804,0,-16.0641,4.11759799833194,1.37608385686463,0.451685660266874,1.30108445697626,0.601283991047423,33.3877563865537,51.0347891166449,14.7976986383577,0.969,3.95608738968062,3.43920674799665,0.832442903389189,0.505112958942417
2004-04-28,0.61,452.03,2.91,2.91,420.55,1.896327884082676,658.41,27.06629,750.88,3.17552224503765,2.27054970568104,0.715016154973943,0.219528466253919,0.207214753166224,16.85,1.1541095890411,212.45,3.09468317552804,0,-16.0641,4.11759799833194,1.37608385686463,0.451685660266874,1.30108445697626,0.601283991047423,33.3877563865537,51.0347891166449,14.7976986383577,0.969,3.95608738968062,3.43920674799665,0.832442903389189,0.505112958942417
2004-04-29,0.95,525.17,5.99,5.99,569.87,1.710605050074579,658.41,27.06629,750.88,3.17552224503765,2.27054970568104,0.715016154973943,0.219528466253919,0.207214753166224,16.85,1.1541095890411,212.45,3.09468317552804,0,-16.0641,4.11759799833194,1.37608385686463,0.451685660266874,1.30108445697626,0.601283991047423,33.3877563865537,51.0347891166449,14.7976986383577,0.969,3.95608738968062,3.43920674799665,0.832442903389189,0.505112958942417
2004-04-30,0.37,436.71,15.3,15.3,989.45,1.518365625399531,658.41,27.06629,750.88,3.17552224503765,2.27054970568104,0.715016154973943,0.219528466253919,0.207214753166224,16.85,1.1541095890411,212.45,3.09468317552804,0,-16.0641,4.11759799833194,1.37608385686463,0.451685660266874,1.30108445697626,0.601283991047423,33.3877563865537,51.0347891166449,14.7976986383577,0.969,3.95608738968062,3.43920674799665,0.832442903389189,0.505112958942417
2004-05-01,6.41,400.85,17.55,17.55,1101.99,1.423875060728745,658.41,27.06629,750.88,3.17552224503765,2.27054970568104,0.715016154973943,0.219528466253919,0.207214753166224,16.85,1.1541095890411,212.45,3.09468317552804,0,-16.0641,4.11759799833194,1.37608385686463,0.451685660266874,1.30108445697626,0.601283991047423,33.3877563865537,51.0347891166449,14.7976986383577,0.969,3.95608738968062,3.43920674799665,0.832442903389189,0.505112958942417
2004-05-02,9.93,411.41,14.68,14.68,876.76,1.7203799360750052,658.41,27.06629,750.88,3.17552224503765,2.27054970568104,0.715016154973943,0.219528466253919,0.207214753166224,16.85,1.1541095890411,212.45,3.09468317552804,0,-16.0641,4.11759799833194,1.37608385686463,0.451685660266874,1.30108445697626,0.601283991047423,33.3877563865537,51.0347891166449,14.7976986383577,0.969,3.95608738968062,3.43920674799665,0.832442903389189,0.505112958942417
2004-05-03,2.17,584.39,11.24,11.24,591.36,1.912619360750053,658.41,27.06629,750.88,3.17552224503765,2.27054970568104,0.715016154973943,0.219528466253919,0.207214753166224,16.85,1.1541095890411,212.45,3.09468317552804,0,-16.0641,4.11759799833194,1.37608385686463,0.451685660266874,1.30108445697626,0.601283991047423,33.3877563865537,51.0347891166449,14.7976986383577,0.969,3.95608738968062,3.43920674799665,0.832442903389189,0.505112958942417
2004-05-04,2.62,406.86,6.89,6.89,517.94,1.38477551672704,658.41,27.06629,750.88,3.17552224503765,2.27054970568104,0.715016154973943,0.219528466253919,0.207214753166224,16.85,1.1541095890411,212.45,3.09468317552804,0,-16.0641,4.11759799833194,1.37608385686463,0.451685660266874,1.30108445697626,0.601283991047423,33.3877563865537,51.0347891166449,14.7976986383577,0.969,3.95608738968062,3.43920674799665,0.832442903389189,0.505112958942417
2004-05-05,1.17,416.7,5.89,5.89,518.36,1.4108418793948432,658.41,27.06629,750.88,3.17552224503765,2.27054970568104,0.715016154973943,0.219528466253919,0.207214753166224,16.85,1.1541095890411,212.45,3.09468317552804,0,-16.0641,4.11759799833194,1.37608385686463,0.451685660266874,1.30108445697626,0.601283991047423,33.3877563865537,51.0347891166449,14.7976986383577,0.969,3.95608738968062,3.43920674799665,0.832442903389189,0.505112958942417
2004-05-06,9.09,423.56,6.68,6.68,544.23,1.283768361389303,658.41,27.06629,750.88,3.17552224503765,2.27054970568104,0.715016154973943,0.219528466253919,0.207214753166224,16.85,1.1541095890411,212.45,3.09468317552804,0,-16.0641,4.11759799833194,1.37608385686463,0.451685660266874,1.30108445697626,0.601283991047423,33.3877563865537,51.0347891166449,14.7976986383577,0.969,3.95608738968062,3.43920674799665,0.832442903389189,0.505112958942417
2004-05-07,3.1,466.65,10.95,10.95,645.15,2.1504749200937563,658.41,27.06629,750.88,3.17552224503765,2.27054970568104,0.715016154973943,0.219528466253919,0.207214753166224,16.85,1.1541095890411,212.45,3.09468317552804,0,-16.0641,4.11759799833194,1.37608385686463,0.451685660266874,1.30108445697626,0.601283991047423,33.3877563865537,51.0347891166449,14.7976986383577,0.969,3.95608738968062,3.43920674799665,0.832442903389189,0.505112958942417
2004-05-08,28.53,404.16,11.22,11.22,738.27,1.5118490347325804,658.41,27.06629,750.88,3.17552224503765,2.27054970568104,0.715016154973943,0.219528466253919,0.207214753166224,16.85,1.1541095890411,212.45,3.09468317552804,0,-16.0641,4.11759799833194,1.37608385686463,0.451685660266874,1.30108445697626,0.601283991047423,33.3877563865537,51.0347891166449,14.7976986383577,0.969,3.95608738968062,3.43920674799665,0.832442903389189,0.505112958942417
2004-05-09,13.27,355.89,11.2,11.2,883.93,9.579388280417643,658.41,27.06629,750.88,3.17552224503765,2.27054970568104,0.715016154973943,0.219528466253919,0.207214753166224,16.85,1.1541095890411,212.45,3.09468317552804,0,-16.0641,4.11759799833194,1.37608385686463,0.451685660266874,1.30108445697626,0.601283991047423,33.3877563865537,51.0347891166449,14.7976986383577,0.969,3.95608738968062,3.43920674799665,0.832442903389189,0.505112958942417
2004-05-10,12.5,406.96,15.55,15.55,1081.18,5.213272533560622,658.41,27.06629,750.88,3.17552224503765,2.27054970568104,0.715016154973943,0.219528466253919,0.207214753166224,16.85,1.1541095890411,212.45,3.09468317552804,0,-16.0641,4.11759799833194,1.37608385686463,0.451685660266874,1.30108445697626,0.601283991047423,33.3877563865537,51.0347891166449,14.7976986383577,0.969,3.95608738968062,3.43920674799665,0.832442903389189,0.505112958942417
2004-05-11,3.65,399.9,17.43,17.43,1205.75,7.037917920306839,658.41,27.06629,750.88,3.17552224503765,2.27054970568104,0.715016154973943,0.219528466253919,0.207214753166224,16.85,1.1541095890411,212.45,3.09468317552804,0,-16.0641,4.11759799833194,1.37608385686463,0.451685660266874,1.30108445697626,0.601283991047423,33.3877563865537,51.0347891166449,14.7976986383577,0.969,3.95608738968062,3.43920674799665,0.832442903389189,0.505112958942417
2004-05-12,2.56,398.43,17.85,17.85,1239.09,3.94253735350522,658.41,27.06629,750.88,3.17552224503765,2.27054970568104,0.715016154973943,0.219528466253919,0.207214753166224,16.85,1.1541095890411,212.45,3.09468317552804,0,-16.0641,4.11759799833194,1.37608385686463,0.451685660266874,1.30108445697626,0.601283991047423,33.3877563865537,51.0347891166449,14.7976986383577,0.969,3.95608738968062,3.43920674799665,0.832442903389189,0.505112958942417
2004-05-13,1.83,406.21,19.9,19.9,1385.64,5.017774813552099,658.41,27.06629,750.88,3.17552224503765,2.27054970568104,0.715016154973943,0.219528466253919,0.207214753166224,16.85,1.1541095890411,212.45,3.09468317552804,0,-16.0641,4.11759799833194,1.37608385686463,0.451685660266874,1.30108445697626,0.601283991047423,33.3877563865537,51.0347891166449,14.7976986383577,0.969,3.95608738968062,3.43920674799665,0.832442903389189,0.505112958942417
2004-05-14,3.67,364.42,20.59,20.59,1437.43,3.1051554528020455,658.41,27.06629,750.88,3.17552224503765,2.27054970568104,0.715016154973943,0.219528466253919,0.207214753166224,16.85,1.1541095890411,212.45,3.09468317552804,0,-16.0641,4.11759799833194,1.37608385686463,0.451685660266874,1.30108445697626,0.601283991047423,33.3877563865537,51.0347891166449,14.7976986383577,0.969,3.95608738968062,3.43920674799665,0.832442903389189,0.505112958942417
2004-05-15,8.79,396.96,18.02,18.02,1153.19,3.486376006818666,658.41,27.06629,750.88,3.17552224503765,2.27054970568104,0.715016154973943,0.219528466253919,0.207214753166224,16.85,1.1541095890411,212.45,3.09468317552804,0,-16.0641,4.11759799833194,1.37608385686463,0.451685660266874,1.30108445697626,0.601283991047423,33.3877563865537,51.0347891166449,14.7976986383577,0.969,3.95608738968062,3.43920674799665,0.832442903389189,0.505112958942417
2004-05-16,2.08,509.84,13.2,13.2,884.3,2.8803330747922438,658.41,27.06629,750.88,3.17552224503765,2.27054970568104,0.715016154973943,0.219528466253919,0.207214753166224,16.85,1.1541095890411,212.45,3.09468317552804,0,-16.0641,4.11759799833194,1.37608385686463,0.451685660266874,1.30108445697626,0.601283991047423,33.3877563865537,51.0347891166449,14.7976986383577,0.969,3.95608738968062,3.43920674799665,0.832442903389189,0.505112958942417
2004-05-17,3.34,388.23,11.55,11.55,882.62,2.189574464095461,658.41,27.06629,750.88,3.17552224503765,2.27054970568104,0.715016154973943,0.219528466253919,0.207214753166224,16.85,1.1541095890411,212.45,3.09468317552804,0,-16.0641,4.11759799833194,1.37608385686463,0.451685660266874,1.30108445697626,0.601283991047423,33.3877563865537,51.0347891166449,14.7976986383577,0.969,3.95608738968062,3.43920674799665,0.832442903389189,0.505112958942417
2004-05-18,1.15,418.73,15.29,15.29,1029.25,2.241707189431067,658.41,27.06629,750.88,3.17552224503765,2.27054970568104,0.715016154973943,0.219528466253919,0.207214753166224,16.85,1.1541095890411,212.45,3.09468317552804,0,-16.0641,4.11759799833194,1.37608385686463,0.451685660266874,1.30108445697626,0.601283991047423,33.3877563865537,51.0347891166449,14.7976986383577,0.969,3.95608738968062,3.43920674799665,0.832442903389189,0.505112958942417
2004-05-19,0.13,479.48,15.12,15.12,992.49,1.8995861794161517,658.41,27.06629,750.88,3.17552224503765,2.27054970568104,0.715016154973943,0.219528466253919,0.207214753166224,16.85,1.1541095890411,212.45,3.09468317552804,0,-16.0641,4.11759799833194,1.37608385686463,0.451685660266874,1.30108445697626,0.601283991047423,33.3877563865537,51.0347891166449,14.7976986383577,0.969,3.95608738968062,3.43920674799665,0.832442903389189,0.505112958942417
2004-05-20,5.82,412.68,13.33,13.33,968.71,1.570498350735137,658.41,27.06629,750.88,3.17552224503765,2.27054970568104,0.715016154973943,0.219528466253919,0.207214753166224,16.85,1.1541095890411,212.45,3.09468317552804,0,-16.0641,4.11759799833194,1.37608385686463,0.451685660266874,1.30108445697626,0.601283991047423,33.3877563865537,51.0347891166449,14.7976986383577,0.969,3.95608738968062,3.43920674799665,0.832442903389189,0.505112958942417
2004-05-21,10.75,248.33,15.07,15.07,1286.34,7.005334966972085,658.41,27.06629,750.88,3.17552224503765,2.27054970568104,0.715016154973943,0.219528466253919,0.207214753166224,16.85,1.1541095890411,212.45,3.09468317552804,0,-16.0641,4.11759799833194,1.37608385686463,0.451685660266874,1.30108445697626,0.601283991047423,33.3877563865537,51.0347891166449,14.7976986383577,0.969,3.95608738968062,3.43920674799665,0.832442903389189,0.505112958942417
2004-05-22,14.63,338.24,17.83,17.83,1453.72,4.040286213509482,658.41,27.06629,750.88,3.17552224503765,2.27054970568104,0.715016154973943,0.219528466253919,0.207214753166224,16.85,1.1541095890411,212.45,3.09468317552804,0,-16.0641,4.11759799833194,1.37608385686463,0.451685660266874,1.30108445697626,0.601283991047423,33.3877563865537,51.0347891166449,14.7976986383577,0.969,3.95608738968062,3.43920674799665,0.832442903389189,0.505112958942417
2004-05-23,9.71,351.16,19.61,19.61,1505.01,5.799765693586192,658.41,27.06629,750.88,3.17552224503765,2.27054970568104,0.715016154973943,0.219528466253919,0.207214753166224,16.85,1.1541095890411,212.45,3.09468317552804,0,-16.0641,4.11759799833194,1.37608385686463,0.451685660266874,1.30108445697626,0.601283991047423,33.3877563865537,51.0347891166449,14.7976986383577,0.969,3.95608738968062,3.43920674799665,0.832442903389189,0.505112958942417
2004-05-24,4.06,382.14,18.85,18.85,1356.87,3.94253735350522,658.41,27.06629,750.88,3.17552224503765,2.27054970568104,0.715016154973943,0.219528466253919,0.207214753166224,16.85,1.1541095890411,212.45,3.09468317552804,0,-16.0641,4.11759799833194,1.37608385686463,0.451685660266874,1.30108445697626,0.601283991047423,33.3877563865537,51.0347891166449,14.7976986383577,0.969,3.95608738968062,3.43920674799665,0.832442903389189,0.505112958942417
2004-05-25,1.25,375.25,16.92,16.92,1196.78,2.9324658001278494,658.41,27.06629,750.88,3.17552224503765,2.27054970568104,0.715016154973943,0.219528466253919,0.207214753166224,16.85,1.1541095890411,212.45,3.09468317552804,0,-16.0641,4.11759799833194,1.37608385686463,0.451685660266874,1.30108445697626,0.601283991047423,33.3877563865537,51.0347891166449,14.7976986383577,0.969,3.95608738968062,3.43920674799665,0.832442903389189,0.505112958942417
2004-05-26,0.19,469.69,15.21,15.21,1041.36,2.5186622927764755,658.41,27.06629,750.88,3.17552224503765,2.27054970568104,0.715016154973943,0.219528466253919,0.207214753166224,16.85,1.1541095890411,212.45,3.09468317552804,0,-16.0641,4.11759799833194,1.37608385686463,0.451685660266874,1.30108445697626,0.601283991047423,33.3877563865537,51.0347891166449,14.7976986383577,0.969,3.95608738968062,3.43920674799665,0.832442903389189,0.505112958942417
2004-05-27,4.75,413.02,15.34,15.34,979.77,2.121150262092478,658.41,27.06629,750.88,3.17552224503765,2.27054970568104,0.715016154973943,0.219528466253919,0.207214753166224,16.85,1.1541095890411,212.45,3.09468317552804,0,-16.0641,4.11759799833194,1.37608385686463,0.451685660266874,1.30108445697626,0.601283991047423,33.3877563865537,51.0347891166449,14.7976986383577,0.969,3.95608738968062,3.43920674799665,0.832442903389189,0.505112958942417
2004-05-28,1.25,573.99,13.43,13.43,772.34,2.2188991220967393,658.41,27.06629,750.88,3.17552224503765,2.27054970568104,0.715016154973943,0.219528466253919,0.207214753166224,16.85,1.1541095890411,212.45,3.09468317552804,0,-16.0641,4.11759799833194,1.37608385686463,0.451685660266874,1.30108445697626,0.601283991047423,33.3877563865537,51.0347891166449,14.7976986383577,0.969,3.95608738968062,3.43920674799665,0.832442903389189,0.505112958942417
2004-05-29,0.0,577.36,8.92,8.92,612.52,1.6552140294054976,658.41,27.06629,750.88,3.17552224503765,2.27054970568104,0.715016154973943,0.219528466253919,0.207214753166224,16.85,1.1541095890411,212.45,3.09468317552804,0,-16.0641,4.11759799833194,1.37608385686463,0.451685660266874,1.30108445697626,0.601283991047423,33.3877563865537,51.0347891166449,14.7976986383577,0.969,3.95608738968062,3.43920674799665,0.832442903389189,0.505112958942417
2004-05-30,0.0,551.29,8.54,8.54,679.11,1.3619674493927123,658.41,27.06629,750.88,3.17552224503765,2.27054970568104,0.715016154973943,0.219528466253919,0.207214753166224,16.85,1.1541095890411,212.45,3.09468317552804,0,-16.0641,4.11759799833194,1.37608385686463,0.451685660266874,1.30108445697626,0.601283991047423,33.3877563865537,51.0347891166449,14.7976986383577,0.969,3.95608738968062,3.43920674799665,0.832442903389189,0.505112958942417
2004-05-31,5.95,420.1,12.02,12.02,850.99,1.5118490347325804,658.41,27.06629,750.88,3.17552224503765,2.27054970568104,0.715016154973943,0.219528466253919,0.207214753166224,16.85,1.1541095890411,212.45,3.09468317552804,0,-16.0641,4.11759799833194,1.37608385686463,0.451685660266874,1.30108445697626,0.601283991047423,33.3877563865537,51.0347891166449,14.7976986383577,0.969,3.95608738968062,3.43920674799665,0.832442903389189,0.505112958942417
2004-06-01,2.54,295.72,11.61,11.61,972.79,1.7138633454080545,658.41,27.06629,750.88,3.17552224503765,2.27054970568104,0.715016154973943,0.219528466253919,0.207214753166224,16.85,1.1541095890411,212.45,3.09468317552804,0,-16.0641,4.11759799833194,1.37608385686463,0.451685660266874,1.30108445697626,0.601283991047423,33.3877563865537,51.0347891166449,14.7976986383577,0.969,3.95608738968062,3.43920674799665,0.832442903389189,0.505112958942417
2004-06-02,3.39,381.64,13.65,13.65,1017.92,1.2381522267206477,658.41,27.06629,750.88,3.17552224503765,2.27054970568104,0.715016154973943,0.219528466253919,0.207214753166224,16.85,1.1541095890411,212.45,3.09468317552804,0,-16.0641,4.11759799833194,1.37608385686463,0.451685660266874,1.30108445697626,0.601283991047423,33.3877563865537,51.0347891166449,14.7976986383577,0.969,3.95608738968062,3.43920674799665,0.832442903389189,0.505112958942417
2004-06-03,0.82,516.48,12.91,12.91,887.69,1.2120858640528445,658.41,27.06629,750.88,3.17552224503765,2.27054970568104,0.715016154973943,0.219528466253919,0.207214753166224,16.85,1.1541095890411,212.45,3.09468317552804,0,-16.0641,4.11759799833194,1.37608385686463,0.451685660266874,1.30108445697626,0.601283991047423,33.3877563865537,51.0347891166449,14.7976986383577,0.969,3.95608738968062,3.43920674799665,0.832442903389189,0.505112958942417
2004-06-04,0.2,435.11,10.76,10.76,736.97,0.9514222373748135,658.41,27.06629,750.88,3.17552224503765,2.27054970568104,0.715016154973943,0.219528466253919,0.207214753166224,16.85,1.1541095890411,212.45,3.09468317552804,0,-16.0641,4.11759799833194,1.37608385686463,0.451685660266874,1.30108445697626,0.601283991047423,33.3877563865537,51.0347891166449,14.7976986383577,0.969,3.95608738968062,3.43920674799665,0.832442903389189,0.505112958942417
2004-06-05,1.29,425.04,11.51,11.51,794.96,0.8569316727040273,658.41,27.06629,750.88,3.17552224503765,2.27054970568104,0.715016154973943,0.219528466253919,0.207214753166224,16.85,1.1541095890411,212.45,3.09468317552804,0,-16.0641,4.11759799833194,1.37608385686463,0.451685660266874,1.30108445697626,0.601283991047423,33.3877563865537,51.0347891166449,14.7976986383577,0.969,3.95608738968062,3.43920674799665,0.832442903389189,0.505112958942417
2004-06-06,0.33,443.41,11.36,11.36,900.38,0.8406401960366502,658.41,27.06629,750.88,3.17552224503765,2.27054970568104,0.715016154973943,0.219528466253919,0.207214753166224,16.85,1.1541095890411,212.45,3.09468317552804,0,-16.0641,4.11759799833194,1.37608385686463,0.451685660266874,1.30108445697626,0.601283991047423,33.3877563865537,51.0347891166449,14.7976986383577,0.969,3.95608738968062,3.43920674799665,0.832442903389189,0.505112958942417
2004-06-07,0.31,476.9,12.97,12.97,989.2,0.7494079266993394,658.41,27.06629,750.88,3.17552224503765,2.27054970568104,0.715016154973943,0.219528466253919,0.207214753166224,16.85,1.1541095890411,212.45,3.09468317552804,0,-16.0641,4.11759799833194,1.37608385686463,0.451685660266874,1.30108445697626,0.601283991047423,33.3877563865537,51.0347891166449,14.7976986383577,0.969,3.95608738968062,3.43920674799665,0.832442903389189,0.505112958942417
2004-06-08,0.14,517.53,17.03,17.03,1140.62,0.6646922480289793,658.41,27.06629,750.88,3.17552224503765,2.27054970568104,0.715016154973943,0.219528466253919,0.207214753166224,16.85,1.1541095890411,212.45,3.09468317552804,0,-16.0641,4.11759799833194,1.37608385686463,0.451685660266874,1.30108445697626,0.601283991047423,33.3877563865537,51.0347891166449,14.7976986383577,0.969,3.95608738968062,3.43920674799665,0.832442903389189,0.505112958942417
2004-06-09,1.87,415.94,19.54,19.54,1342.88,0.6060429320264222,658.41,27.06629,750.88,3.17552224503765,2.27054970568104,0.715016154973943,0.219528466253919,0.207214753166224,16.85,1.1541095890411,212.45,3.09468317552804,0,-16.0641,4.11759799833194,1.37608385686463,0.451685660266874,1.30108445697626,0.601283991047423,33.3877563865537,51.0347891166449,14.7976986383577,0.969,3.95608738968062,3.43920674799665,0.832442903389189,0.505112958942417
2004-06-10,2.59,394.88,21.41,21.41,1395.53,0.5832348646920946,658.41,27.06629,750.88,3.17552224503765,2.27054970568104,0.715016154973943,0.219528466253919,0.207214753166224,16.85,1.1541095890411,212.45,3.09468317552804,0,-16.0641,4.11759799833194,1.37608385686463,0.451685660266874,1.30108445697626,0.601283991047423,33.3877563865537,51.0347891166449,14.7976986383577,0.969,3.95608738968062,3.43920674799665,0.832442903389189,0.505112958942417
2004-06-11,0.55,530.99,12.43,12.43,823.17,0.5636850926912422,658.41,27.06629,750.88,3.17552224503765,2.27054970568104,0.715016154973943,0.219528466253919,0.207214753166224,16.85,1.1541095890411,212.45,3.09468317552804,0,-16.0641,4.11759799833194,1.37608385686463,0.451685660266874,1.30108445697626,0.601283991047423,33.3877563865537,51.0347891166449,14.7976986383577,0.969,3.95608738968062,3.43920674799665,0.832442903389189,0.505112958942417
2004-06-12,0.02,542.93,9.49,9.49,656.72,0.5017774813552098,658.41,27.06629,750.88,3.17552224503765,2.27054970568104,0.715016154973943,0.219528466253919,0.207214753166224,16.85,1.1541095890411,212.45,3.09468317552804,0,-16.0641,4.11759799833194,1.37608385686463,0.451685660266874,1.30108445697626,0.601283991047423,33.3877563865537,51.0347891166449,14.7976986383577,0.969,3.95608738968062,3.43920674799665,0.832442903389189,0.505112958942417
2004-06-13,0.76,438.07,12.55,12.55,897.72,0.45616134668655445,658.41,27.06629,750.88,3.17552224503765,2.27054970568104,0.715016154973943,0.219528466253919,0.207214753166224,16.85,1.1541095890411,212.45,3.09468317552804,0,-16.0641,4.11759799833194,1.37608385686463,0.451685660266874,1.30108445697626,0.601283991047423,33.3877563865537,51.0347891166449,14.7976986383577,0.969,3.95608738968062,3.43920674799665,0.832442903389189,0.505112958942417
2004-06-14,2.92,330.99,18.03,18.03,1415.22,0.44964475601960363,658.41,27.06629,750.88,3.17552224503765,2.27054970568104,0.715016154973943,0.219528466253919,0.207214753166224,16.85,1.1541095890411,212.45,3.09468317552804,0,-16.0641,4.11759799833194,1.37608385686463,0.451685660266874,1.30108445697626,0.601283991047423,33.3877563865537,51.0347891166449,14.7976986383577,0.969,3.95608738968062,3.43920674799665,0.832442903389189,0.505112958942417
2004-06-15,0.98,458.61,20.43,20.43,1496.9,0.4300949840187513,658.41,27.06629,750.88,3.17552224503765,2.27054970568104,0.715016154973943,0.219528466253919,0.207214753166224,16.85,1.1541095890411,212.45,3.09468317552804,0,-16.0641,4.11759799833194,1.37608385686463,0.451685660266874,1.30108445697626,0.601283991047423,33.3877563865537,51.0347891166449,14.7976986383577,0.969,3.95608738968062,3.43920674799665,0.832442903389189,0.505112958942417
2004-06-16,6.28,392.5,20.3,20.3,1460.03,0.4138035073513744,658.41,27.06629,750.88,3.17552224503765,2.27054970568104,0.715016154973943,0.219528466253919,0.207214753166224,16.85,1.1541095890411,212.45,3.09468317552804,0,-16.0641,4.11759799833194,1.37608385686463,0.451685660266874,1.30108445697626,0.601283991047423,33.3877563865537,51.0347891166449,14.7976986383577,0.969,3.95608738968062,3.43920674799665,0.832442903389189,0.505112958942417
2004-06-17,9.24,377.46,19.77,19.77,1489.95,0.6060429320264222,658.41,27.06629,750.88,3.17552224503765,2.27054970568104,0.715016154973943,0.219528466253919,0.207214753166224,16.85,1.1541095890411,212.45,3.09468317552804,0,-16.0641,4.11759799833194,1.37608385686463,0.451685660266874,1.30108445697626,0.601283991047423,33.3877563865537,51.0347891166449,14.7976986383577,0.969,3.95608738968062,3.43920674799665,0.832442903389189,0.505112958942417
2004-06-18,10.36,321.1,19.78,19.78,1592.06,1.0133298487108457,658.41,27.06629,750.88,3.17552224503765,2.27054970568104,0.715016154973943,0.219528466253919,0.207214753166224,16.85,1.1541095890411,212.45,3.09468317552804,0,-16.0641,4.11759799833194,1.37608385686463,0.451685660266874,1.30108445697626,0.601283991047423,33.3877563865537,51.0347891166449,14.7976986383577,0.969,3.95608738968062,3.43920674799665,0.832442903389189,0.505112958942417
2004-06-19,3.83,349.15,19.46,19.46,1388.34,0.7559245173662902,658.41,27.06629,750.88,3.17552224503765,2.27054970568104,0.715016154973943,0.219528466253919,0.207214753166224,16.85,1.1541095890411,212.45,3.09468317552804,0,-16.0641,4.11759799833194,1.37608385686463,0.451685660266874,1.30108445697626,0.601283991047423,33.3877563865537,51.0347891166449,14.7976986383577,0.969,3.95608738968062,3.43920674799665,0.832442903389189,0.505112958942417
2004-06-20,0.43,577.38,11.47,11.47,765.29,0.5050357766886853,658.41,27.06629,750.88,3.17552224503765,2.27054970568104,0.715016154973943,0.219528466253919,0.207214753166224,16.85,1.1541095890411,212.45,3.09468317552804,0,-16.0641,4.11759799833194,1.37608385686463,0.451685660266874,1.30108445697626,0.601283991047423,33.3877563865537,51.0347891166449,14.7976986383577,0.969,3.95608738968062,3.43920674799665,0.832442903389189,0.505112958942417
2004-06-21,1.5,431.71,11.21,11.21,789.88,0.4138035073513744,658.41,27.06629,750.88,3.17552224503765,2.27054970568104,0.715016154973943,0.219528466253919,0.207214753166224,16.85,1.1541095890411,212.45,3.09468317552804,0,-16.0641,4.11759799833194,1.37608385686463,0.451685660266874,1.30108445697626,0.601283991047423,33.3877563865537,51.0347891166449,14.7976986383577,0.969,3.95608738968062,3.43920674799665,0.832442903389189,0.505112958942417
2004-06-22,2.37,421.03,14.6,14.6,974.16,0.3909954400170466,658.41,27.06629,750.88,3.17552224503765,2.27054970568104,0.715016154973943,0.219528466253919,0.207214753166224,16.85,1.1541095890411,212.45,3.09468317552804,0,-16.0641,4.11759799833194,1.37608385686463,0.451685660266874,1.30108445697626,0.601283991047423,33.3877563865537,51.0347891166449,14.7976986383577,0.969,3.95608738968062,3.43920674799665,0.832442903389189,0.505112958942417
2004-06-23,0.52,547.72,15.93,15.93,1030.63,0.38122055401662047,658.41,27.06629,750.88,3.17552224503765,2.27054970568104,0.715016154973943,0.219528466253919,0.207214753166224,16.85,1.1541095890411,212.45,3.09468317552804,0,-16.0641,4.11759799833194,1.37608385686463,0.451685660266874,1.30108445697626,0.601283991047423,33.3877563865537,51.0347891166449,14.7976986383577,0.969,3.95608738968062,3.43920674799665,0.832442903389189,0.505112958942417
2004-06-24,0.01,531.1,15.72,15.72,1021.9,0.33560441934796503,658.41,27.06629,750.88,3.17552224503765,2.27054970568104,0.715016154973943,0.219528466253919,0.207214753166224,16.85,1.1541095890411,212.45,3.09468317552804,0,-16.0641,4.11759799833194,1.37608385686463,0.451685660266874,1.30108445697626,0.601283991047423,33.3877563865537,51.0347891166449,14.7976986383577,0.969,3.95608738968062,3.43920674799665,0.832442903389189,0.505112958942417
2004-06-25,2.84,411.09,15.92,15.92,1039.52,0.32257123801406345,658.41,27.06629,750.88,3.17552224503765,2.27054970568104,0.715016154973943,0.219528466253919,0.207214753166224,16.85,1.1541095890411,212.45,3.09468317552804,0,-16.0641,4.11759799833194,1.37608385686463,0.451685660266874,1.30108445697626,0.601283991047423,33.3877563865537,51.0347891166449,14.7976986383577,0.969,3.95608738968062,3.43920674799665,0.832442903389189,0.505112958942417
2004-06-26,0.75,408.66,12.13,12.13,922.19,0.3258295333475389,658.41,27.06629,750.88,3.17552224503765,2.27054970568104,0.715016154973943,0.219528466253919,0.207214753166224,16.85,1.1541095890411,212.45,3.09468317552804,0,-16.0641,4.11759799833194,1.37608385686463,0.451685660266874,1.30108445697626,0.601283991047423,33.3877563865537,51.0347891166449,14.7976986383577,0.969,3.95608738968062,3.43920674799665,0.832442903389189,0.505112958942417
2004-06-27,0.0,554.98,11.4,11.4,812.93,0.2899882846793096,658.41,27.06629,750.88,3.17552224503765,2.27054970568104,0.715016154973943,0.219528466253919,0.207214753166224,16.85,1.1541095890411,212.45,3.09468317552804,0,-16.0641,4.11759799833194,1.37608385686463,0.451685660266874,1.30108445697626,0.601283991047423,33.3877563865537,51.0347891166449,14.7976986383577,0.969,3.95608738968062,3.43920674799665,0.832442903389189,0.505112958942417
2004-06-28,8.06,416.13,11.99,11.99,843.38,0.2867299893458342,658.41,27.06629,750.88,3.17552224503765,2.27054970568104,0.715016154973943,0.219528466253919,0.207214753166224,16.85,1.1541095890411,212.45,3.09468317552804,0,-16.0641,4.11759799833194,1.37608385686463,0.451685660266874,1.30108445697626,0.601283991047423,33.3877563865537,51.0347891166449,14.7976986383577,0.969,3.95608738968062,3.43920674799665,0.832442903389189,0.505112958942417
2004-06-29,2.12,547.05,13.11,13.11,919.84,0.4138035073513744,658.41,27.06629,750.88,3.17552224503765,2.27054970568104,0.715016154973943,0.219528466253919,0.207214753166224,16.85,1.1541095890411,212.45,3.09468317552804,0,-16.0641,4.11759799833194,1.37608385686463,0.451685660266874,1.30108445697626,0.601283991047423,33.3877563865537,51.0347891166449,14.7976986383577,0.969,3.95608738968062,3.43920674799665,0.832442903389189,0.505112958942417
2004-06-30,3.0,400.88,14.98,14.98,1055.5,0.3127963520136373,658.41,27.06629,750.88,3.17552224503765,2.27054970568104,0.715016154973943,0.219528466253919,0.207214753166224,16.85,1.1541095890411,212.45,3.09468317552804,0,-16.0641,4.11759799833194,1.37608385686463,0.451685660266874,1.30108445697626,0.601283991047423,33.3877563865537,51.0347891166449,14.7976986383577,0.969,3.95608738968062,3.43920674799665,0.832442903389189,0.505112958942417
2004-07-01,0.79,555.82,16.72,16.72,1075.2,0.293246580012785,658.41,27.06629,750.88,3.17552224503765,2.27054970568104,0.715016154973943,0.219528466253919,0.207214753166224,16.85,1.1541095890411,212.45,3.09468317552804,0,-16.0641,4.11759799833194,1.37608385686463,0.451685660266874,1.30108445697626,0.601283991047423,33.3877563865537,51.0347891166449,14.7976986383577,0.969,3.95608738968062,3.43920674799665,0.832442903389189,0.505112958942417
2004-07-02,0.0,550.29,16.86,16.86,1057.3,0.26392192201150644,658.41,27.06629,750.88,3.17552224503765,2.27054970568104,0.715016154973943,0.219528466253919,0.207214753166224,16.85,1.1541095890411,212.45,3.09468317552804,0,-16.0641,4.11759799833194,1.37608385686463,0.451685660266874,1.30108445697626,0.601283991047423,33.3877563865537,51.0347891166449,14.7976986383577,0.969,3.95608738968062,3.43920674799665,0.832442903389189,0.505112958942417
2004-07-03,0.42,481.7,16.62,16.62,1009.74,0.24111385467717877,658.41,27.06629,750.88,3.17552224503765,2.27054970568104,0.715016154973943,0.219528466253919,0.207214753166224,16.85,1.1541095890411,212.45,3.09468317552804,0,-16.0641,4.11759799833194,1.37608385686463,0.451685660266874,1.30108445697626,0.601283991047423,33.3877563865537,51.0347891166449,14.7976986383577,0.969,3.95608738968062,3.43920674799665,0.832442903389189,0.505112958942417
2004-07-04,3.06,414.2,17.79,17.79,1264.13,0.22808067334327722,658.41,27.06629,750.88,3.17552224503765,2.27054970568104,0.715016154973943,0.219528466253919,0.207214753166224,16.85,1.1541095890411,212.45,3.09468317552804,0,-16.0641,4.11759799833194,1.37608385686463,0.451685660266874,1.30108445697626,0.601283991047423,33.3877563865537,51.0347891166449,14.7976986383577,0.969,3.95608738968062,3.43920674799665,0.832442903389189,0.505112958942417
2004-07-05,1.68,321.59,21.31,21.31,1632.61,0.24763044534412954,658.41,27.06629,750.88,3.17552224503765,2.27054970568104,0.715016154973943,0.219528466253919,0.207214753166224,16.85,1.1541095890411,212.45,3.09468317552804,0,-16.0641,4.11759799833194,1.37608385686463,0.451685660266874,1.30108445697626,0.601283991047423,33.3877563865537,51.0347891166449,14.7976986383577,0.969,3.95608738968062,3.43920674799665,0.832442903389189,0.505112958942417
2004-07-06,1.07,437.28,18.45,18.45,1340.24,0.22156408267632643,658.41,27.06629,750.88,3.17552224503765,2.27054970568104,0.715016154973943,0.219528466253919,0.207214753166224,16.85,1.1541095890411,212.45,3.09468317552804,0,-16.0641,4.11759799833194,1.37608385686463,0.451685660266874,1.30108445697626,0.601283991047423,33.3877563865537,51.0347891166449,14.7976986383577,0.969,3.95608738968062,3.43920674799665,0.832442903389189,0.505112958942417
2004-07-07,4.0,388.26,19.82,19.82,1409.75,0.22156408267632643,658.41,27.06629,750.88,3.17552224503765,2.27054970568104,0.715016154973943,0.219528466253919,0.207214753166224,16.85,1.1541095890411,212.45,3.09468317552804,0,-16.0641,4.11759799833194,1.37608385686463,0.451685660266874,1.30108445697626,0.601283991047423,33.3877563865537,51.0347891166449,14.7976986383577,0.969,3.95608738968062,3.43920674799665,0.832442903389189,0.505112958942417
2004-07-08,1.38,377.25,18.45,18.45,1293.44,0.23459726401022798,658.41,27.06629,750.88,3.17552224503765,2.27054970568104,0.715016154973943,0.219528466253919,0.207214753166224,16.85,1.1541095890411,212.45,3.09468317552804,0,-16.0641,4.11759799833194,1.37608385686463,0.451685660266874,1.30108445697626,0.601283991047423,33.3877563865537,51.0347891166449,14.7976986383577,0.969,3.95608738968062,3.43920674799665,0.832442903389189,0.505112958942417
2004-07-09,0.1,487.12,15.33,15.33,1101.42,0.21830578734285105,658.41,27.06629,750.88,3.17552224503765,2.27054970568104,0.715016154973943,0.219528466253919,0.207214753166224,16.85,1.1541095890411,212.45,3.09468317552804,0,-16.0641,4.11759799833194,1.37608385686463,0.451685660266874,1.30108445697626,0.601283991047423,33.3877563865537,51.0347891166449,14.7976986383577,0.969,3.95608738968062,3.43920674799665,0.832442903389189,0.505112958942417
2004-07-10,0.05,459.72,14.79,14.79,1104.95,0.2020143106754741,658.41,27.06629,750.88,3.17552224503765,2.27054970568104,0.715016154973943,0.219528466253919,0.207214753166224,16.85,1.1541095890411,212.45,3.09468317552804,0,-16.0641,4.11759799833194,1.37608385686463,0.451685660266874,1.30108445697626,0.601283991047423,33.3877563865537,51.0347891166449,14.7976986383577,0.969,3.95608738968062,3.43920674799665,0.832442903389189,0.505112958942417
2004-07-11,0.68,416.41,17.73,17.73,1209.5,0.19223942467504793,658.41,27.06629,750.88,3.17552224503765,2.27054970568104,0.715016154973943,0.219528466253919,0.207214753166224,16.85,1.1541095890411,212.45,3.09468317552804,0,-16.0641,4.11759799833194,1.37608385686463,0.451685660266874,1.30108445697626,0.601283991047423,33.3877563865537,51.0347891166449,14.7976986383577,0.969,3.95608738968062,3.43920674799665,0.832442903389189,0.505112958942417
2004-07-12,3.86,375.96,18.81,18.81,1412.49,0.18898112934157255,658.41,27.06629,750.88,3.17552224503765,2.27054970568104,0.715016154973943,0.219528466253919,0.207214753166224,16.85,1.1541095890411,212.45,3.09468317552804,0,-16.0641,4.11759799833194,1.37608385686463,0.451685660266874,1.30108445697626,0.601283991047423,33.3877563865537,51.0347891166449,14.7976986383577,0.969,3.95608738968062,3.43920674799665,0.832442903389189,0.505112958942417
2004-07-13,13.28,353.43,21.18,21.18,1615.83,0.21504749200937565,658.41,27.06629,750.88,3.17552224503765,2.27054970568104,0.715016154973943,0.219528466253919,0.207214753166224,16.85,1.1541095890411,212.45,3.09468317552804,0,-16.0641,4.11759799833194,1.37608385686463,0.451685660266874,1.30108445697626,0.601283991047423,33.3877563865537,51.0347891166449,14.7976986383577,0.969,3.95608738968062,3.43920674799665,0.832442903389189,0.505112958942417
2004-07-14,38.51,382.32,20.34,20.34,1469.96,1.3359010867249093,658.41,27.06629,750.88,3.17552224503765,2.27054970568104,0.715016154973943,0.219528466253919,0.207214753166224,16.85,1.1541095890411,212.45,3.09468317552804,0,-16.0641,4.11759799833194,1.37608385686463,0.451685660266874,1.30108445697626,0.601283991047423,33.3877563865537,51.0347891166449,14.7976986383577,0.969,3.95608738968062,3.43920674799665,0.832442903389189,0.505112958942417
2004-07-15,11.0,291.83,16.97,16.97,1356.11,1.9843018580865117,658.41,27.06629,750.88,3.17552224503765,2.27054970568104,0.715016154973943,0.219528466253919,0.207214753166224,16.85,1.1541095890411,212.45,3.09468317552804,0,-16.0641,4.11759799833194,1.37608385686463,0.451685660266874,1.30108445697626,0.601283991047423,33.3877563865537,51.0347891166449,14.7976986383577,0.969,3.95608738968062,3.43920674799665,0.832442903389189,0.505112958942417
2004-07-16,1.67,330.89,16.31,16.31,1315.41,1.13062848071596,658.41,27.06629,750.88,3.17552224503765,2.27054970568104,0.715016154973943,0.219528466253919,0.207214753166224,16.85,1.1541095890411,212.45,3.09468317552804,0,-16.0641,4.11759799833194,1.37608385686463,0.451685660266874,1.30108445697626,0.601283991047423,33.3877563865537,51.0347891166449,14.7976986383577,0.969,3.95608738968062,3.43920674799665,0.832442903389189,0.505112958942417
2004-07-17,4.02,378.86,17.56,17.56,1330.75,0.7950240613679949,658.41,27.06629,750.88,3.17552224503765,2.27054970568104,0.715016154973943,0.219528466253919,0.207214753166224,16.85,1.1541095890411,212.45,3.09468317552804,0,-16.0641,4.11759799833194,1.37608385686463,0.451685660266874,1.30108445697626,0.601283991047423,33.3877563865537,51.0347891166449,14.7976986383577,0.969,3.95608738968062,3.43920674799665,0.832442903389189,0.505112958942417
2004-07-18,7.84,375.19,18.36,18.36,1371.2,0.9318724653739611,658.41,27.06629,750.88,3.17552224503765,2.27054970568104,0.715016154973943,0.219528466253919,0.207214753166224,16.85,1.1541095890411,212.45,3.09468317552804,0,-16.0641,4.11759799833194,1.37608385686463,0.451685660266874,1.30108445697626,0.601283991047423,33.3877563865537,51.0347891166449,14.7976986383577,0.969,3.95608738968062,3.43920674799665,0.832442903389189,0.505112958942417
2004-07-19,2.96,332.35,17.59,17.59,1368.17,1.2251190453867462,658.41,27.06629,750.88,3.17552224503765,2.27054970568104,0.715016154973943,0.219528466253919,0.207214753166224,16.85,1.1541095890411,212.45,3.09468317552804,0,-16.0641,4.11759799833194,1.37608385686463,0.451685660266874,1.30108445697626,0.601283991047423,33.3877563865537,51.0347891166449,14.7976986383577,0.969,3.95608738968062,3.43920674799665,0.832442903389189,0.505112958942417
2004-07-20,0.48,378.78,17.43,17.43,1334.35,0.8895146260387811,658.41,27.06629,750.88,3.17552224503765,2.27054970568104,0.715016154973943,0.219528466253919,0.207214753166224,16.85,1.1541095890411,212.45,3.09468317552804,0,-16.0641,4.11759799833194,1.37608385686463,0.451685660266874,1.30108445697626,0.601283991047423,33.3877563865537,51.0347891166449,14.7976986383577,0.969,3.95608738968062,3.43920674799665,0.832442903389189,0.505112958942417
2004-07-21,0.33,390.17,19.51,19.51,1451.11,0.6158178180268484,658.41,27.06629,750.88,3.17552224503765,2.27054970568104,0.715016154973943,0.219528466253919,0.207214753166224,16.85,1.1541095890411,212.45,3.09468317552804,0,-16.0641,4.11759799833194,1.37608385686463,0.451685660266874,1.30108445697626,0.601283991047423,33.3877563865537,51.0347891166449,14.7976986383577,0.969,3.95608738968062,3.43920674799665,0.832442903389189,0.505112958942417
2004-07-22,1.53,354.95,20.17,20.17,1595.96,0.5148106626891115,658.41,27.06629,750.88,3.17552224503765,2.27054970568104,0.715016154973943,0.219528466253919,0.207214753166224,16.85,1.1541095890411,212.45,3.09468317552804,0,-16.0641,4.11759799833194,1.37608385686463,0.451685660266874,1.30108445697626,0.601283991047423,33.3877563865537,51.0347891166449,14.7976986383577,0.969,3.95608738968062,3.43920674799665,0.832442903389189,0.505112958942417
2004-07-23,4.2,300.73,20.44,20.44,1590.07,0.5343604346899637,658.41,27.06629,750.88,3.17552224503765,2.27054970568104,0.715016154973943,0.219528466253919,0.207214753166224,16.85,1.1541095890411,212.45,3.09468317552804,0,-16.0641,4.11759799833194,1.37608385686463,0.451685660266874,1.30108445697626,0.601283991047423,33.3877563865537,51.0347891166449,14.7976986383577,0.969,3.95608738968062,3.43920674799665,0.832442903389189,0.505112958942417
2004-07-24,1.08,441.41,15.01,15.01,1057.81,0.5604267973577668,658.41,27.06629,750.88,3.17552224503765,2.27054970568104,0.715016154973943,0.219528466253919,0.207214753166224,16.85,1.1541095890411,212.45,3.09468317552804,0,-16.0641,4.11759799833194,1.37608385686463,0.451685660266874,1.30108445697626,0.601283991047423,33.3877563865537,51.0347891166449,14.7976986383577,0.969,3.95608738968062,3.43920674799665,0.832442903389189,0.505112958942417
2004-07-25,5.05,415.48,13.86,13.86,961.3,0.4007703260174728,658.41,27.06629,750.88,3.17552224503765,2.27054970568104,0.715016154973943,0.219528466253919,0.207214753166224,16.85,1.1541095890411,212.45,3.09468317552804,0,-16.0641,4.11759799833194,1.37608385686463,0.451685660266874,1.30108445697626,0.601283991047423,33.3877563865537,51.0347891166449,14.7976986383577,0.969,3.95608738968062,3.43920674799665,0.832442903389189,0.505112958942417
2004-07-26,28.52,377.65,14.76,14.76,1144.85,0.687500315363307,658.41,27.06629,750.88,3.17552224503765,2.27054970568104,0.715016154973943,0.219528466253919,0.207214753166224,16.85,1.1541095890411,212.45,3.09468317552804,0,-16.0641,4.11759799833194,1.37608385686463,0.451685660266874,1.30108445697626,0.601283991047423,33.3877563865537,51.0347891166449,14.7976986383577,0.969,3.95608738968062,3.43920674799665,0.832442903389189,0.505112958942417
2004-07-27,13.61,254.72,16.49,16.49,1401.82,5.9300975069252075,658.41,27.06629,750.88,3.17552224503765,2.27054970568104,0.715016154973943,0.219528466253919,0.207214753166224,16.85,1.1541095890411,212.45,3.09468317552804,0,-16.0641,4.11759799833194,1.37608385686463,0.451685660266874,1.30108445697626,0.601283991047423,33.3877563865537,51.0347891166449,14.7976986383577,0.969,3.95608738968062,3.43920674799665,0.832442903389189,0.505112958942417
2004-07-28,6.92,338.91,16.71,16.71,1385.1,3.6492907734924356,658.41,27.06629,750.88,3.17552224503765,2.27054970568104,0.715016154973943,0.219528466253919,0.207214753166224,16.85,1.1541095890411,212.45,3.09468317552804,0,-16.0641,4.11759799833194,1.37608385686463,0.451685660266874,1.30108445697626,0.601283991047423,33.3877563865537,51.0347891166449,14.7976986383577,0.969,3.95608738968062,3.43920674799665,0.832442903389189,0.505112958942417
2004-07-29,2.23,412.28,18.66,18.66,1464.91,2.841233530790539,658.41,27.06629,750.88,3.17552224503765,2.27054970568104,0.715016154973943,0.219528466253919,0.207214753166224,16.85,1.1541095890411,212.45,3.09468317552804,0,-16.0641,4.11759799833194,1.37608385686463,0.451685660266874,1.30108445697626,0.601283991047423,33.3877563865537,51.0347891166449,14.7976986383577,0.969,3.95608738968062,3.43920674799665,0.832442903389189,0.505112958942417
2004-07-30,9.94,364.2,19.86,19.86,1563.32,2.17654128276156,658.41,27.06629,750.88,3.17552224503765,2.27054970568104,0.715016154973943,0.219528466253919,0.207214753166224,16.85,1.1541095890411,212.45,3.09468317552804,0,-16.0641,4.11759799833194,1.37608385686463,0.451685660266874,1.30108445697626,0.601283991047423,33.3877563865537,51.0347891166449,14.7976986383577,0.969,3.95608738968062,3.43920674799665,0.832442903389189,0.505112958942417
2004-07-31,9.13,293.59,19.41,19.41,1631.87,4.920025953547836,658.41,27.06629,750.88,3.17552224503765,2.27054970568104,0.715016154973943,0.219528466253919,0.207214753166224,16.85,1.1541095890411,212.45,3.09468317552804,0,-16.0641,4.11759799833194,1.37608385686463,0.451685660266874,1.30108445697626,0.601283991047423,33.3877563865537,51.0347891166449,14.7976986383577,0.969,3.95608738968062,3.43920674799665,0.832442903389189,0.505112958942417
2004-08-01,1.73,443.99,20.05,20.05,1614.75,2.8868496654591946,658.41,27.06629,750.88,3.17552224503765,2.27054970568104,0.715016154973943,0.219528466253919,0.207214753166224,16.85,1.1541095890411,212.45,3.09468317552804,0,-16.0641,4.11759799833194,1.37608385686463,0.451685660266874,1.30108445697626,0.601283991047423,33.3877563865537,51.0347891166449,14.7976986383577,0.969,3.95608738968062,3.43920674799665,0.832442903389189,0.505112958942417
2004-08-02,0.0,517.92,20.0,20.0,1466.27,1.9158776560835284,658.41,27.06629,750.88,3.17552224503765,2.27054970568104,0.715016154973943,0.219528466253919,0.207214753166224,16.85,1.1541095890411,212.45,3.09468317552804,0,-16.0641,4.11759799833194,1.37608385686463,0.451685660266874,1.30108445697626,0.601283991047423,33.3877563865537,51.0347891166449,14.7976986383577,0.969,3.95608738968062,3.43920674799665,0.832442903389189,0.505112958942417
2004-08-03,0.09,485.32,20.17,20.17,1433.1,1.5053324440656295,658.41,27.06629,750.88,3.17552224503765,2.27054970568104,0.715016154973943,0.219528466253919,0.207214753166224,16.85,1.1541095890411,212.45,3.09468317552804,0,-16.0641,4.11759799833194,1.37608385686463,0.451685660266874,1.30108445697626,0.601283991047423,33.3877563865537,51.0347891166449,14.7976986383577,0.969,3.95608738968062,3.43920674799665,0.832442903389189,0.505112958942417
2004-08-04,4.42,390.76,20.2,20.2,1429.93,1.2805100660558277,658.41,27.06629,750.88,3.17552224503765,2.27054970568104,0.715016154973943,0.219528466253919,0.207214753166224,16.85,1.1541095890411,212.45,3.09468317552804,0,-16.0641,4.11759799833194,1.37608385686463,0.451685660266874,1.30108445697626,0.601283991047423,33.3877563865537,51.0347891166449,14.7976986383577,0.969,3.95608738968062,3.43920674799665,0.832442903389189,0.505112958942417
2004-08-05,1.16,425.52,17.27,17.27,1251.56,1.2805100660558277,658.41,27.06629,750.88,3.17552224503765,2.27054970568104,0.715016154973943,0.219528466253919,0.207214753166224,16.85,1.1541095890411,212.45,3.09468317552804,0,-16.0641,4.11759799833194,1.37608385686463,0.451685660266874,1.30108445697626,0.601283991047423,33.3877563865537,51.0347891166449,14.7976986383577,0.969,3.95608738968062,3.43920674799665,0.832442903389189,0.505112958942417
2004-08-06,0.0,531.41,13.09,13.09,948.16,0.9416473513743873,658.41,27.06629,750.88,3.17552224503765,2.27054970568104,0.715016154973943,0.219528466253919,0.207214753166224,16.85,1.1541095890411,212.45,3.09468317552804,0,-16.0641,4.11759799833194,1.37608385686463,0.451685660266874,1.30108445697626,0.601283991047423,33.3877563865537,51.0347891166449,14.7976986383577,0.969,3.95608738968062,3.43920674799665,0.832442903389189,0.505112958942417
2004-08-07,0.05,423.21,13.17,13.17,956.81,0.8047989473684211,658.41,27.06629,750.88,3.17552224503765,2.27054970568104,0.715016154973943,0.219528466253919,0.207214753166224,16.85,1.1541095890411,212.45,3.09468317552804,0,-16.0641,4.11759799833194,1.37608385686463,0.451685660266874,1.30108445697626,0.601283991047423,33.3877563865537,51.0347891166449,14.7976986383577,0.969,3.95608738968062,3.43920674799665,0.832442903389189,0.505112958942417
2004-08-08,0.01,506.38,13.53,13.53,983.2,0.7070500873641594,658.41,27.06629,750.88,3.17552224503765,2.27054970568104,0.715016154973943,0.219528466253919,0.207214753166224,16.85,1.1541095890411,212.45,3.09468317552804,0,-16.0641,4.11759799833194,1.37608385686463,0.451685660266874,1.30108445697626,0.601283991047423,33.3877563865537,51.0347891166449,14.7976986383577,0.969,3.95608738968062,3.43920674799665,0.832442903389189,0.505112958942417
2004-08-09,0.66,406.05,14.45,14.45,999.23,0.5962680460259961,658.41,27.06629,750.88,3.17552224503765,2.27054970568104,0.715016154973943,0.219528466253919,0.207214753166224,16.85,1.1541095890411,212.45,3.09468317552804,0,-16.0641,4.11759799833194,1.37608385686463,0.451685660266874,1.30108445697626,0.601283991047423,33.3877563865537,51.0347891166449,14.7976986383577,0.969,3.95608738968062,3.43920674799665,0.832442903389189,0.505112958942417
2004-08-10,11.16,405.85,15.66,15.66,1064.41,0.5962680460259961,658.41,27.06629,750.88,3.17552224503765,2.27054970568104,0.715016154973943,0.219528466253919,0.207214753166224,16.85,1.1541095890411,212.45,3.09468317552804,0,-16.0641,4.11759799833194,1.37608385686463,0.451685660266874,1.30108445697626,0.601283991047423,33.3877563865537,51.0347891166449,14.7976986383577,0.969,3.95608738968062,3.43920674799665,0.832442903389189,0.505112958942417
2004-08-11,3.65,378.06,16.71,16.71,1204.3,0.8145738333688473,658.41,27.06629,750.88,3.17552224503765,2.27054970568104,0.715016154973943,0.219528466253919,0.207214753166224,16.85,1.1541095890411,212.45,3.09468317552804,0,-16.0641,4.11759799833194,1.37608385686463,0.451685660266874,1.30108445697626,0.601283991047423,33.3877563865537,51.0347891166449,14.7976986383577,0.969,3.95608738968062,3.43920674799665,0.832442903389189,0.505112958942417
2004-08-12,12.25,360.81,16.6,16.6,1252.69,0.6125595226933731,658.41,27.06629,750.88,3.17552224503765,2.27054970568104,0.715016154973943,0.219528466253919,0.207214753166224,16.85,1.1541095890411,212.45,3.09468317552804,0,-16.0641,4.11759799833194,1.37608385686463,0.451685660266874,1.30108445697626,0.601283991047423,33.3877563865537,51.0347891166449,14.7976986383577,0.969,3.95608738968062,3.43920674799665,0.832442903389189,0.505112958942417
2004-08-13,3.86,204.43,14.62,14.62,1251.34,1.0263630300447473,658.41,27.06629,750.88,3.17552224503765,2.27054970568104,0.715016154973943,0.219528466253919,0.207214753166224,16.85,1.1541095890411,212.45,3.09468317552804,0,-16.0641,4.11759799833194,1.37608385686463,0.451685660266874,1.30108445697626,0.601283991047423,33.3877563865537,51.0347891166449,14.7976986383577,0.969,3.95608738968062,3.43920674799665,0.832442903389189,0.505112958942417
2004-08-14,0.21,389.22,13.77,13.77,1143.48,0.7070500873641594,658.41,27.06629,750.88,3.17552224503765,2.27054970568104,0.715016154973943,0.219528466253919,0.207214753166224,16.85,1.1541095890411,212.45,3.09468317552804,0,-16.0641,4.11759799833194,1.37608385686463,0.451685660266874,1.30108445697626,0.601283991047423,33.3877563865537,51.0347891166449,14.7976986383577,0.969,3.95608738968062,3.43920674799665,0.832442903389189,0.505112958942417
2004-08-15,4.61,380.65,14.79,14.79,1137.9,0.5799765693586192,658.41,27.06629,750.88,3.17552224503765,2.27054970568104,0.715016154973943,0.219528466253919,0.207214753166224,16.85,1.1541095890411,212.45,3.09468317552804,0,-16.0641,4.11759799833194,1.37608385686463,0.451685660266874,1.30108445697626,0.601283991047423,33.3877563865537,51.0347891166449,14.7976986383577,0.969,3.95608738968062,3.43920674799665,0.832442903389189,0.505112958942417
2004-08-16,1.22,465.7,17.22,17.22,1218.68,1.114337004048583,658.41,27.06629,750.88,3.17552224503765,2.27054970568104,0.715016154973943,0.219528466253919,0.207214753166224,16.85,1.1541095890411,212.45,3.09468317552804,0,-16.0641,4.11759799833194,1.37608385686463,0.451685660266874,1.30108445697626,0.601283991047423,33.3877563865537,51.0347891166449,14.7976986383577,0.969,3.95608738968062,3.43920674799665,0.832442903389189,0.505112958942417
2004-08-17,0.0,527.86,16.09,16.09,1087.78,0.6255927040272746,658.41,27.06629,750.88,3.17552224503765,2.27054970568104,0.715016154973943,0.219528466253919,0.207214753166224,16.85,1.1541095890411,212.45,3.09468317552804,0,-16.0641,4.11759799833194,1.37608385686463,0.451685660266874,1.30108445697626,0.601283991047423,33.3877563865537,51.0347891166449,14.7976986383577,0.969,3.95608738968062,3.43920674799665,0.832442903389189,0.505112958942417
2004-08-18,0.02,461.66,16.66,16.66,1127.56,0.49851918602173445,658.41,27.06629,750.88,3.17552224503765,2.27054970568104,0.715016154973943,0.219528466253919,0.207214753166224,16.85,1.1541095890411,212.45,3.09468317552804,0,-16.0641,4.11759799833194,1.37608385686463,0.451685660266874,1.30108445697626,0.601283991047423,33.3877563865537,51.0347891166449,14.7976986383577,0.969,3.95608738968062,3.43920674799665,0.832442903389189,0.505112958942417
2004-08-19,5.3,377.54,16.74,16.74,1257.38,0.43986987001917743,658.41,27.06629,750.88,3.17552224503765,2.27054970568104,0.715016154973943,0.219528466253919,0.207214753166224,16.85,1.1541095890411,212.45,3.09468317552804,0,-16.0641,4.11759799833194,1.37608385686463,0.451685660266874,1.30108445697626,0.601283991047423,33.3877563865537,51.0347891166449,14.7976986383577,0.969,3.95608738968062,3.43920674799665,0.832442903389189,0.505112958942417
2004-08-20,31.44,283.73,19.12,19.12,1551.42,0.5180689580225868,658.41,27.06629,750.88,3.17552224503765,2.27054970568104,0.715016154973943,0.219528466253919,0.207214753166224,16.85,1.1541095890411,212.45,3.09468317552804,0,-16.0641,4.11759799833194,1.37608385686463,0.451685660266874,1.30108445697626,0.601283991047423,33.3877563865537,51.0347891166449,14.7976986383577,0.969,3.95608738968062,3.43920674799665,0.832442903389189,0.505112958942417
2004-08-21,9.44,345.33,17.55,17.55,1299.59,5.53910206690816,658.41,27.06629,750.88,3.17552224503765,2.27054970568104,0.715016154973943,0.219528466253919,0.207214753166224,16.85,1.1541095890411,212.45,3.09468317552804,0,-16.0641,4.11759799833194,1.37608385686463,0.451685660266874,1.30108445697626,0.601283991047423,33.3877563865537,51.0347891166449,14.7976986383577,0.969,3.95608738968062,3.43920674799665,0.832442903389189,0.505112958942417
2004-08-22,0.4,524.46,13.14,13.14,919.26,1.9875601534199872,658.41,27.06629,750.88,3.17552224503765,2.27054970568104,0.715016154973943,0.219528466253919,0.207214753166224,16.85,1.1541095890411,212.45,3.09468317552804,0,-16.0641,4.11759799833194,1.37608385686463,0.451685660266874,1.30108445697626,0.601283991047423,33.3877563865537,51.0347891166449,14.7976986383577,0.969,3.95608738968062,3.43920674799665,0.832442903389189,0.505112958942417
2004-08-23,3.66,387.36,14.33,14.33,994.46,1.273993475388877,658.41,27.06629,750.88,3.17552224503765,2.27054970568104,0.715016154973943,0.219528466253919,0.207214753166224,16.85,1.1541095890411,212.45,3.09468317552804,0,-16.0641,4.11759799833194,1.37608385686463,0.451685660266874,1.30108445697626,0.601283991047423,33.3877563865537,51.0347891166449,14.7976986383577,0.969,3.95608738968062,3.43920674799665,0.832442903389189,0.505112958942417
2004-08-24,0.96,514.2,16.62,16.62,1134.44,1.0622042787129766,658.41,27.06629,750.88,3.17552224503765,2.27054970568104,0.715016154973943,0.219528466253919,0.207214753166224,16.85,1.1541095890411,212.45,3.09468317552804,0,-16.0641,4.11759799833194,1.37608385686463,0.451685660266874,1.30108445697626,0.601283991047423,33.3877563865537,51.0347891166449,14.7976986383577,0.969,3.95608738968062,3.43920674799665,0.832442903389189,0.505112958942417
2004-08-25,0.0,455.7,17.9,17.9,1342.9,0.8927729213722564,658.41,27.06629,750.88,3.17552224503765,2.27054970568104,0.715016154973943,0.219528466253919,0.207214753166224,16.85,1.1541095890411,212.45,3.09468317552804,0,-16.0641,4.11759799833194,1.37608385686463,0.451685660266874,1.30108445697626,0.601283991047423,33.3877563865537,51.0347891166449,14.7976986383577,0.969,3.95608738968062,3.43920674799665,0.832442903389189,0.505112958942417
2004-08-26,0.0,451.61,19.65,19.65,1550.23,0.7396330406989132,658.41,27.06629,750.88,3.17552224503765,2.27054970568104,0.715016154973943,0.219528466253919,0.207214753166224,16.85,1.1541095890411,212.45,3.09468317552804,0,-16.0641,4.11759799833194,1.37608385686463,0.451685660266874,1.30108445697626,0.601283991047423,33.3877563865537,51.0347891166449,14.7976986383577,0.969,3.95608738968062,3.43920674799665,0.832442903389189,0.505112958942417
2004-08-27,8.15,287.83,20.8,20.8,1742.14,0.6614339526955039,658.41,27.06629,750.88,3.17552224503765,2.27054970568104,0.715016154973943,0.219528466253919,0.207214753166224,16.85,1.1541095890411,212.45,3.09468317552804,0,-16.0641,4.11759799833194,1.37608385686463,0.451685660266874,1.30108445697626,0.601283991047423,33.3877563865537,51.0347891166449,14.7976986383577,0.969,3.95608738968062,3.43920674799665,0.832442903389189,0.505112958942417
2004-08-28,2.29,353.29,20.84,20.84,1716.86,1.0100715533773705,658.41,27.06629,750.88,3.17552224503765,2.27054970568104,0.715016154973943,0.219528466253919,0.207214753166224,16.85,1.1541095890411,212.45,3.09468317552804,0,-16.0641,4.11759799833194,1.37608385686463,0.451685660266874,1.30108445697626,0.601283991047423,33.3877563865537,51.0347891166449,14.7976986383577,0.969,3.95608738968062,3.43920674799665,0.832442903389189,0.505112958942417
2004-08-29,2.57,314.09,21.63,21.63,1806.69,0.6972752013637332,658.41,27.06629,750.88,3.17552224503765,2.27054970568104,0.715016154973943,0.219528466253919,0.207214753166224,16.85,1.1541095890411,212.45,3.09468317552804,0,-16.0641,4.11759799833194,1.37608385686463,0.451685660266874,1.30108445697626,0.601283991047423,33.3877563865537,51.0347891166449,14.7976986383577,0.969,3.95608738968062,3.43920674799665,0.832442903389189,0.505112958942417
2004-08-30,18.08,308.5,22.11,22.11,1783.29,2.38833047943746,658.41,27.06629,750.88,3.17552224503765,2.27054970568104,0.715016154973943,0.219528466253919,0.207214753166224,16.85,1.1541095890411,212.45,3.09468317552804,0,-16.0641,4.11759799833194,1.37608385686463,0.451685660266874,1.30108445697626,0.601283991047423,33.3877563865537,51.0347891166449,14.7976986383577,0.969,3.95608738968062,3.43920674799665,0.832442903389189,0.505112958942417
2004-08-31,4.58,325.76,17.1,17.1,1384.58,2.7369680801193264,658.41,27.06629,750.88,3.17552224503765,2.27054970568104,0.715016154973943,0.219528466253919,0.207214753166224,16.85,1.1541095890411,212.45,3.09468317552804,0,-16.0641,4.11759799833194,1.37608385686463,0.451685660266874,1.30108445697626,0.601283991047423,33.3877563865537,51.0347891166449,14.7976986383577,0.969,3.95608738968062,3.43920674799665,0.832442903389189,0.505112958942417
2004-09-01,0.0,466.29,15.14,15.14,1127.63,1.2251190453867462,658.41,27.06629,750.88,3.17552224503765,2.27054970568104,0.715016154973943,0.219528466253919,0.207214753166224,16.85,1.1541095890411,212.45,3.09468317552804,0,-16.0641,4.11759799833194,1.37608385686463,0.451685660266874,1.30108445697626,0.601283991047423,33.3877563865537,51.0347891166449,14.7976986383577,0.969,3.95608738968062,3.43920674799665,0.832442903389189,0.505112958942417
2004-09-02,0.0,486.45,14.61,14.61,1032.74,0.9253558747070104,658.41,27.06629,750.88,3.17552224503765,2.27054970568104,0.715016154973943,0.219528466253919,0.207214753166224,16.85,1.1541095890411,212.45,3.09468317552804,0,-16.0641,4.11759799833194,1.37608385686463,0.451685660266874,1.30108445697626,0.601283991047423,33.3877563865537,51.0347891166449,14.7976986383577,0.969,3.95608738968062,3.43920674799665,0.832442903389189,0.505112958942417
2004-09-03,0.0,489.6,15.69,15.69,1083.68,0.7852491753675686,658.41,27.06629,750.88,3.17552224503765,2.27054970568104,0.715016154973943,0.219528466253919,0.207214753166224,16.85,1.1541095890411,212.45,3.09468317552804,0,-16.0641,4.11759799833194,1.37608385686463,0.451685660266874,1.30108445697626,0.601283991047423,33.3877563865537,51.0347891166449,14.7976986383577,0.969,3.95608738968062,3.43920674799665,0.832442903389189,0.505112958942417
2004-09-04,0.0,483.68,16.99,16.99,1174.28,0.6842420200298316,658.41,27.06629,750.88,3.17552224503765,2.27054970568104,0.715016154973943,0.219528466253919,0.207214753166224,16.85,1.1541095890411,212.45,3.09468317552804,0,-16.0641,4.11759799833194,1.37608385686463,0.451685660266874,1.30108445697626,0.601283991047423,33.3877563865537,51.0347891166449,14.7976986383577,0.969,3.95608738968062,3.43920674799665,0.832442903389189,0.505112958942417
2004-09-05,0.0,468.41,18.37,18.37,1306.2,0.5962680460259961,658.41,27.06629,750.88,3.17552224503765,2.27054970568104,0.715016154973943,0.219528466253919,0.207214753166224,16.85,1.1541095890411,212.45,3.09468317552804,0,-16.0641,4.11759799833194,1.37608385686463,0.451685660266874,1.30108445697626,0.601283991047423,33.3877563865537,51.0347891166449,14.7976986383577,0.969,3.95608738968062,3.43920674799665,0.832442903389189,0.505112958942417
2004-09-06,0.0,455.6,19.06,19.06,1398.67,0.5180689580225868,658.41,27.06629,750.88,3.17552224503765,2.27054970568104,0.715016154973943,0.219528466253919,0.207214753166224,16.85,1.1541095890411,212.45,3.09468317552804,0,-16.0641,4.11759799833194,1.37608385686463,0.451685660266874,1.30108445697626,0.601283991047423,33.3877563865537,51.0347891166449,14.7976986383577,0.969,3.95608738968062,3.43920674799665,0.832442903389189,0.505112958942417
2004-09-07,0.53,305.22,18.82,18.82,1510.94,0.46593623268698053,658.41,27.06629,750.88,3.17552224503765,2.27054970568104,0.715016154973943,0.219528466253919,0.207214753166224,16.85,1.1541095890411,212.45,3.09468317552804,0,-16.0641,4.11759799833194,1.37608385686463,0.451685660266874,1.30108445697626,0.601283991047423,33.3877563865537,51.0347891166449,14.7976986383577,0.969,3.95608738968062,3.43920674799665,0.832442903389189,0.505112958942417
2004-09-08,49.61,284.05,19.31,19.31,1608.43,0.6451424760281269,658.41,27.06629,750.88,3.17552224503765,2.27054970568104,0.715016154973943,0.219528466253919,0.207214753166224,16.85,1.1541095890411,212.45,3.09468317552804,0,-16.0641,4.11759799833194,1.37608385686463,0.451685660266874,1.30108445697626,0.601283991047423,33.3877563865537,51.0347891166449,14.7976986383577,0.969,3.95608738968062,3.43920674799665,0.832442903389189,0.505112958942417
2004-09-09,24.3,149.87,17.25,17.25,1560.41,16.421808480715956,658.41,27.06629,750.88,3.17552224503765,2.27054970568104,0.715016154973943,0.219528466253919,0.207214753166224,16.85,1.1541095890411,212.45,3.09468317552804,0,-16.0641,4.11759799833194,1.37608385686463,0.451685660266874,1.30108445697626,0.601283991047423,33.3877563865537,51.0347891166449,14.7976986383577,0.969,3.95608738968062,3.43920674799665,0.832442903389189,0.505112958942417
2004-09-10,2.98,310.81,15.68,15.68,1326.45,7.88507470701044,658.41,27.06629,750.88,3.17552224503765,2.27054970568104,0.715016154973943,0.219528466253919,0.207214753166224,16.85,1.1541095890411,212.45,3.09468317552804,0,-16.0641,4.11759799833194,1.37608385686463,0.451685660266874,1.30108445697626,0.601283991047423,33.3877563865537,51.0347891166449,14.7976986383577,0.969,3.95608738968062,3.43920674799665,0.832442903389189,0.505112958942417
2004-09-11,0.0,467.9,13.58,13.58,1015.81,3.5189589601534195,658.41,27.06629,750.88,3.17552224503765,2.27054970568104,0.715016154973943,0.219528466253919,0.207214753166224,16.85,1.1541095890411,212.45,3.09468317552804,0,-16.0641,4.11759799833194,1.37608385686463,0.451685660266874,1.30108445697626,0.601283991047423,33.3877563865537,51.0347891166449,14.7976986383577,0.969,3.95608738968062,3.43920674799665,0.832442903389189,0.505112958942417
2004-09-12,0.0,468.46,14.54,14.54,1017.4,2.5056291114425737,658.41,27.06629,750.88,3.17552224503765,2.27054970568104,0.715016154973943,0.219528466253919,0.207214753166224,16.85,1.1541095890411,212.45,3.09468317552804,0,-16.0641,4.11759799833194,1.37608385686463,0.451685660266874,1.30108445697626,0.601283991047423,33.3877563865537,51.0347891166449,14.7976986383577,0.969,3.95608738968062,3.43920674799665,0.832442903389189,0.505112958942417
2004-09-13,0.0,464.0,15.37,15.37,1062.43,1.9191359514170039,658.41,27.06629,750.88,3.17552224503765,2.27054970568104,0.715016154973943,0.219528466253919,0.207214753166224,16.85,1.1541095890411,212.45,3.09468317552804,0,-16.0641,4.11759799833194,1.37608385686463,0.451685660266874,1.30108445697626,0.601283991047423,33.3877563865537,51.0347891166449,14.7976986383577,0.969,3.95608738968062,3.43920674799665,0.832442903389189,0.505112958942417
2004-09-14,0.05,421.92,15.75,15.75,1083.82,1.5379153974003834,658.41,27.06629,750.88,3.17552224503765,2.27054970568104,0.715016154973943,0.219528466253919,0.207214753166224,16.85,1.1541095890411,212.45,3.09468317552804,0,-16.0641,4.11759799833194,1.37608385686463,0.451685660266874,1.30108445697626,0.601283991047423,33.3877563865537,51.0347891166449,14.7976986383577,0.969,3.95608738968062,3.43920674799665,0.832442903389189,0.505112958942417
2004-09-15,0.13,403.29,15.67,15.67,1134.85,1.2902849520562538,658.41,27.06629,750.88,3.17552224503765,2.27054970568104,0.715016154973943,0.219528466253919,0.207214753166224,16.85,1.1541095890411,212.45,3.09468317552804,0,-16.0641,4.11759799833194,1.37608385686463,0.451685660266874,1.30108445697626,0.601283991047423,33.3877563865537,51.0347891166449,14.7976986383577,0.969,3.95608738968062,3.43920674799665,0.832442903389189,0.505112958942417
2004-09-16,15.42,294.98,16.85,16.85,1334.36,1.107820413381632,658.41,27.06629,750.88,3.17552224503765,2.27054970568104,0.715016154973943,0.219528466253919,0.207214753166224,16.85,1.1541095890411,212.45,3.09468317552804,0,-16.0641,4.11759799833194,1.37608385686463,0.451685660266874,1.30108445697626,0.601283991047423,33.3877563865537,51.0347891166449,14.7976986383577,0.969,3.95608738968062,3.43920674799665,0.832442903389189,0.505112958942417
2004-09-17,56.83,304.67,17.93,17.93,1369.61,6.223344086937993,658.41,27.06629,750.88,3.17552224503765,2.27054970568104,0.715016154973943,0.219528466253919,0.207214753166224,16.85,1.1541095890411,212.45,3.09468317552804,0,-16.0641,4.11759799833194,1.37608385686463,0.451685660266874,1.30108445697626,0.601283991047423,33.3877563865537,51.0347891166449,14.7976986383577,0.969,3.95608738968062,3.43920674799665,0.832442903389189,0.505112958942417
2004-09-18,13.89,298.07,12.45,12.45,1020.29,20.78792422757298,658.41,27.06629,750.88,3.17552224503765,2.27054970568104,0.715016154973943,0.219528466253919,0.207214753166224,16.85,1.1541095890411,212.45,3.09468317552804,0,-16.0641,4.11759799833194,1.37608385686463,0.451685660266874,1.30108445697626,0.601283991047423,33.3877563865537,51.0347891166449,14.7976986383577,0.969,3.95608738968062,3.43920674799665,0.832442903389189,0.505112958942417
2004-09-19,0.0,448.13,8.09,8.09,710.66,7.233415640315362,658.41,27.06629,750.88,3.17552224503765,2.27054970568104,0.715016154973943,0.219528466253919,0.207214753166224,16.85,1.1541095890411,212.45,3.09468317552804,0,-16.0641,4.11759799833194,1.37608385686463,0.451685660266874,1.30108445697626,0.601283991047423,33.3877563865537,51.0347891166449,14.7976986383577,0.969,3.95608738968062,3.43920674799665,0.832442903389189,0.505112958942417
2004-09-20,0.0,460.53,7.78,7.78,655.45,3.844788493500958,658.41,27.06629,750.88,3.17552224503765,2.27054970568104,0.715016154973943,0.219528466253919,0.207214753166224,16.85,1.1541095890411,212.45,3.09468317552804,0,-16.0641,4.11759799833194,1.37608385686463,0.451685660266874,1.30108445697626,0.601283991047423,33.3877563865537,51.0347891166449,14.7976986383577,0.969,3.95608738968062,3.43920674799665,0.832442903389189,0.505112958942417
2004-09-21,0.0,456.85,10.85,10.85,783.39,2.818425463456211,658.41,27.06629,750.88,3.17552224503765,2.27054970568104,0.715016154973943,0.219528466253919,0.207214753166224,16.85,1.1541095890411,212.45,3.09468317552804,0,-16.0641,4.11759799833194,1.37608385686463,0.451685660266874,1.30108445697626,0.601283991047423,33.3877563865537,51.0347891166449,14.7976986383577,0.969,3.95608738968062,3.43920674799665,0.832442903389189,0.505112958942417
2004-09-22,0.0,445.27,12.99,12.99,890.69,2.186316168761986,658.41,27.06629,750.88,3.17552224503765,2.27054970568104,0.715016154973943,0.219528466253919,0.207214753166224,16.85,1.1541095890411,212.45,3.09468317552804,0,-16.0641,4.11759799833194,1.37608385686463,0.451685660266874,1.30108445697626,0.601283991047423,33.3877563865537,51.0347891166449,14.7976986383577,0.969,3.95608738968062,3.43920674799665,0.832442903389189,0.505112958942417
2004-09-23,0.0,448.57,14.04,14.04,925.65,1.7464462987428084,658.41,27.06629,750.88,3.17552224503765,2.27054970568104,0.715016154973943,0.219528466253919,0.207214753166224,16.85,1.1541095890411,212.45,3.09468317552804,0,-16.0641,4.11759799833194,1.37608385686463,0.451685660266874,1.30108445697626,0.601283991047423,33.3877563865537,51.0347891166449,14.7976986383577,0.969,3.95608738968062,3.43920674799665,0.832442903389189,0.505112958942417
2004-09-24,0.0,440.79,15.24,15.24,1004.95,1.459716309396974,658.41,27.06629,750.88,3.17552224503765,2.27054970568104,0.715016154973943,0.219528466253919,0.207214753166224,16.85,1.1541095890411,212.45,3.09468317552804,0,-16.0641,4.11759799833194,1.37608385686463,0.451685660266874,1.30108445697626,0.601283991047423,33.3877563865537,51.0347891166449,14.7976986383577,0.969,3.95608738968062,3.43920674799665,0.832442903389189,0.505112958942417
2004-09-25,0.01,383.55,16.78,16.78,1133.76,1.2544437033880247,658.41,27.06629,750.88,3.17552224503765,2.27054970568104,0.715016154973943,0.219528466253919,0.207214753166224,16.85,1.1541095890411,212.45,3.09468317552804,0,-16.0641,4.11759799833194,1.37608385686463,0.451685660266874,1.30108445697626,0.601283991047423,33.3877563865537,51.0347891166449,14.7976986383577,0.969,3.95608738968062,3.43920674799665,0.832442903389189,0.505112958942417
2004-09-26,0.04,368.74,14.3,14.3,1026.16,1.08827064138078,658.41,27.06629,750.88,3.17552224503765,2.27054970568104,0.715016154973943,0.219528466253919,0.207214753166224,16.85,1.1541095890411,212.45,3.09468317552804,0,-16.0641,4.11759799833194,1.37608385686463,0.451685660266874,1.30108445697626,0.601283991047423,33.3877563865537,51.0347891166449,14.7976986383577,0.969,3.95608738968062,3.43920674799665,0.832442903389189,0.505112958942417
2004-09-27,0.02,411.72,12.76,12.76,922.99,0.9416473513743873,658.41,27.06629,750.88,3.17552224503765,2.27054970568104,0.715016154973943,0.219528466253919,0.207214753166224,16.85,1.1541095890411,212.45,3.09468317552804,0,-16.0641,4.11759799833194,1.37608385686463,0.451685660266874,1.30108445697626,0.601283991047423,33.3877563865537,51.0347891166449,14.7976986383577,0.969,3.95608738968062,3.43920674799665,0.832442903389189,0.505112958942417
2004-09-28,0.09,354.65,13.65,13.65,1009.37,0.8536733773705517,658.41,27.06629,750.88,3.17552224503765,2.27054970568104,0.715016154973943,0.219528466253919,0.207214753166224,16.85,1.1541095890411,212.45,3.09468317552804,0,-16.0641,4.11759799833194,1.37608385686463,0.451685660266874,1.30108445697626,0.601283991047423,33.3877563865537,51.0347891166449,14.7976986383577,0.969,3.95608738968062,3.43920674799665,0.832442903389189,0.505112958942417
2004-09-29,0.17,230.66,13.8,13.8,1139.92,0.7754742893671426,658.41,27.06629,750.88,3.17552224503765,2.27054970568104,0.715016154973943,0.219528466253919,0.207214753166224,16.85,1.1541095890411,212.45,3.09468317552804,0,-16.0641,4.11759799833194,1.37608385686463,0.451685660266874,1.30108445697626,0.601283991047423,33.3877563865537,51.0347891166449,14.7976986383577,0.969,3.95608738968062,3.43920674799665,0.832442903389189,0.505112958942417
2004-09-30,0.04,292.87,11.96,11.96,999.55,0.7103083826976347,658.41,27.06629,750.88,3.17552224503765,2.27054970568104,0.715016154973943,0.219528466253919,0.207214753166224,16.85,1.1541095890411,212.45,3.09468317552804,0,-16.0641,4.11759799833194,1.37608385686463,0.451685660266874,1.30108445697626,0.601283991047423,33.3877563865537,51.0347891166449,14.7976986383577,0.969,3.95608738968062,3.43920674799665,0.832442903389189,0.505112958942417
2004-10-01,0.21,353.9,7.28,7.28,657.35,0.6418841806946515,658.41,27.06629,750.88,3.17552224503765,2.27054970568104,0.715016154973943,0.219528466253919,0.207214753166224,16.85,1.1541095890411,212.45,3.09468317552804,0,-16.0641,4.11759799833194,1.37608385686463,0.451685660266874,1.30108445697626,0.601283991047423,33.3877563865537,51.0347891166449,14.7976986383577,0.969,3.95608738968062,3.43920674799665,0.832442903389189,0.505112958942417
2004-10-02,1.65,314.93,9.59,9.59,688.0,0.5832348646920946,658.41,27.06629,750.88,3.17552224503765,2.27054970568104,0.715016154973943,0.219528466253919,0.207214753166224,16.85,1.1541095890411,212.45,3.09468317552804,0,-16.0641,4.11759799833194,1.37608385686463,0.451685660266874,1.30108445697626,0.601283991047423,33.3877563865537,51.0347891166449,14.7976986383577,0.969,3.95608738968062,3.43920674799665,0.832442903389189,0.505112958942417
2004-10-03,0.42,419.95,8.87,8.87,632.79,0.5506519113573407,658.41,27.06629,750.88,3.17552224503765,2.27054970568104,0.715016154973943,0.219528466253919,0.207214753166224,16.85,1.1541095890411,212.45,3.09468317552804,0,-16.0641,4.11759799833194,1.37608385686463,0.451685660266874,1.30108445697626,0.601283991047423,33.3877563865537,51.0347891166449,14.7976986383577,0.969,3.95608738968062,3.43920674799665,0.832442903389189,0.505112958942417
2004-10-04,0.0,403.7,7.79,7.79,561.12,0.49851918602173445,658.41,27.06629,750.88,3.17552224503765,2.27054970568104,0.715016154973943,0.219528466253919,0.207214753166224,16.85,1.1541095890411,212.45,3.09468317552804,0,-16.0641,4.11759799833194,1.37608385686463,0.451685660266874,1.30108445697626,0.601283991047423,33.3877563865537,51.0347891166449,14.7976986383577,0.969,3.95608738968062,3.43920674799665,0.832442903389189,0.505112958942417
2004-10-05,0.0,419.76,6.67,6.67,513.15,0.4594196420200298,658.41,27.06629,750.88,3.17552224503765,2.27054970568104,0.715016154973943,0.219528466253919,0.207214753166224,16.85,1.1541095890411,212.45,3.09468317552804,0,-16.0641,4.11759799833194,1.37608385686463,0.451685660266874,1.30108445697626,0.601283991047423,33.3877563865537,51.0347891166449,14.7976986383577,0.969,3.95608738968062,3.43920674799665,0.832442903389189,0.505112958942417
2004-10-06,0.0,405.33,5.12,5.12,511.99,0.42683668868527586,658.41,27.06629,750.88,3.17552224503765,2.27054970568104,0.715016154973943,0.219528466253919,0.207214753166224,16.85,1.1541095890411,212.45,3.09468317552804,0,-16.0641,4.11759799833194,1.37608385686463,0.451685660266874,1.30108445697626,0.601283991047423,33.3877563865537,51.0347891166449,14.7976986383577,0.969,3.95608738968062,3.43920674799665,0.832442903389189,0.505112958942417
2004-10-07,0.0,408.42,8.27,8.27,644.04,0.4007703260174728,658.41,27.06629,750.88,3.17552224503765,2.27054970568104,0.715016154973943,0.219528466253919,0.207214753166224,16.85,1.1541095890411,212.45,3.09468317552804,0,-16.0641,4.11759799833194,1.37608385686463,0.451685660266874,1.30108445697626,0.601283991047423,33.3877563865537,51.0347891166449,14.7976986383577,0.969,3.95608738968062,3.43920674799665,0.832442903389189,0.505112958942417
2004-10-08,0.04,351.38,12.14,12.14,790.28,0.38122055401662047,658.41,27.06629,750.88,3.17552224503765,2.27054970568104,0.715016154973943,0.219528466253919,0.207214753166224,16.85,1.1541095890411,212.45,3.09468317552804,0,-16.0641,4.11759799833194,1.37608385686463,0.451685660266874,1.30108445697626,0.601283991047423,33.3877563865537,51.0347891166449,14.7976986383577,0.969,3.95608738968062,3.43920674799665,0.832442903389189,0.505112958942417
2004-10-09,0.01,385.98,12.58,12.58,781.67,0.36167078201576813,658.41,27.06629,750.88,3.17552224503765,2.27054970568104,0.715016154973943,0.219528466253919,0.207214753166224,16.85,1.1541095890411,212.45,3.09468317552804,0,-16.0641,4.11759799833194,1.37608385686463,0.451685660266874,1.30108445697626,0.601283991047423,33.3877563865537,51.0347891166449,14.7976986383577,0.969,3.95608738968062,3.43920674799665,0.832442903389189,0.505112958942417
2004-10-10,0.0,373.14,10.25,10.25,717.39,0.3453793053483912,658.41,27.06629,750.88,3.17552224503765,2.27054970568104,0.715016154973943,0.219528466253919,0.207214753166224,16.85,1.1541095890411,212.45,3.09468317552804,0,-16.0641,4.11759799833194,1.37608385686463,0.451685660266874,1.30108445697626,0.601283991047423,33.3877563865537,51.0347891166449,14.7976986383577,0.969,3.95608738968062,3.43920674799665,0.832442903389189,0.505112958942417
2004-10-11,0.0,263.11,6.3,6.3,676.79,0.3258295333475389,658.41,27.06629,750.88,3.17552224503765,2.27054970568104,0.715016154973943,0.219528466253919,0.207214753166224,16.85,1.1541095890411,212.45,3.09468317552804,0,-16.0641,4.11759799833194,1.37608385686463,0.451685660266874,1.30108445697626,0.601283991047423,33.3877563865537,51.0347891166449,14.7976986383577,0.969,3.95608738968062,3.43920674799665,0.832442903389189,0.505112958942417
2004-10-12,0.0,275.67,6.01,6.01,682.19,0.30627976134668655,658.41,27.06629,750.88,3.17552224503765,2.27054970568104,0.715016154973943,0.219528466253919,0.207214753166224,16.85,1.1541095890411,212.45,3.09468317552804,0,-16.0641,4.11759799833194,1.37608385686463,0.451685660266874,1.30108445697626,0.601283991047423,33.3877563865537,51.0347891166449,14.7976986383577,0.969,3.95608738968062,3.43920674799665,0.832442903389189,0.505112958942417
2004-10-13,0.14,330.34,5.62,5.62,583.54,0.29650487534626035,658.41,27.06629,750.88,3.17552224503765,2.27054970568104,0.715016154973943,0.219528466253919,0.207214753166224,16.85,1.1541095890411,212.45,3.09468317552804,0,-16.0641,4.11759799833194,1.37608385686463,0.451685660266874,1.30108445697626,0.601283991047423,33.3877563865537,51.0347891166449,14.7976986383577,0.969,3.95608738968062,3.43920674799665,0.832442903389189,0.505112958942417
2004-10-14,1.21,282.38,6.78,6.78,618.69,0.293246580012785,658.41,27.06629,750.88,3.17552224503765,2.27054970568104,0.715016154973943,0.219528466253919,0.207214753166224,16.85,1.1541095890411,212.45,3.09468317552804,0,-16.0641,4.11759799833194,1.37608385686463,0.451685660266874,1.30108445697626,0.601283991047423,33.3877563865537,51.0347891166449,14.7976986383577,0.969,3.95608738968062,3.43920674799665,0.832442903389189,0.505112958942417
2004-10-15,8.45,212.76,9.81,9.81,829.05,0.33234612401448965,658.41,27.06629,750.88,3.17552224503765,2.27054970568104,0.715016154973943,0.219528466253919,0.207214753166224,16.85,1.1541095890411,212.45,3.09468317552804,0,-16.0641,4.11759799833194,1.37608385686463,0.451685660266874,1.30108445697626,0.601283991047423,33.3877563865537,51.0347891166449,14.7976986383577,0.969,3.95608738968062,3.43920674799665,0.832442903389189,0.505112958942417
2004-10-16,5.39,237.66,8.28,8.28,753.87,0.5604267973577668,658.41,27.06629,750.88,3.17552224503765,2.27054970568104,0.715016154973943,0.219528466253919,0.207214753166224,16.85,1.1541095890411,212.45,3.09468317552804,0,-16.0641,4.11759799833194,1.37608385686463,0.451685660266874,1.30108445697626,0.601283991047423,33.3877563865537,51.0347891166449,14.7976986383577,0.969,3.95608738968062,3.43920674799665,0.832442903389189,0.505112958942417
2004-10-17,1.5,197.24,6.43,6.43,699.5,0.38447884935009585,658.41,27.06629,750.88,3.17552224503765,2.27054970568104,0.715016154973943,0.219528466253919,0.207214753166224,16.85,1.1541095890411,212.45,3.09468317552804,0,-16.0641,4.11759799833194,1.37608385686463,0.451685660266874,1.30108445697626,0.601283991047423,33.3877563865537,51.0347891166449,14.7976986383577,0.969,3.95608738968062,3.43920674799665,0.832442903389189,0.505112958942417
2004-10-18,18.74,110.73,4.62,4.62,688.5,0.3388627146814404,658.41,27.06629,750.88,3.17552224503765,2.27054970568104,0.715016154973943,0.219528466253919,0.207214753166224,16.85,1.1541095890411,212.45,3.09468317552804,0,-16.0641,4.11759799833194,1.37608385686463,0.451685660266874,1.30108445697626,0.601283991047423,33.3877563865537,51.0347891166449,14.7976986383577,0.969,3.95608738968062,3.43920674799665,0.832442903389189,0.505112958942417
2004-10-19,8.02,141.53,4.31,4.31,704.73,1.3130930193905817,658.41,27.06629,750.88,3.17552224503765,2.27054970568104,0.715016154973943,0.219528466253919,0.207214753166224,16.85,1.1541095890411,212.45,3.09468317552804,0,-16.0641,4.11759799833194,1.37608385686463,0.451685660266874,1.30108445697626,0.601283991047423,33.3877563865537,51.0347891166449,14.7976986383577,0.969,3.95608738968062,3.43920674799665,0.832442903389189,0.505112958942417
2004-10-20,1.29,55.75,5.84,5.84,824.28,0.7885074707010441,658.41,27.06629,750.88,3.17552224503765,2.27054970568104,0.715016154973943,0.219528466253919,0.207214753166224,16.85,1.1541095890411,212.45,3.09468317552804,0,-16.0641,4.11759799833194,1.37608385686463,0.451685660266874,1.30108445697626,0.601283991047423,33.3877563865537,51.0347891166449,14.7976986383577,0.969,3.95608738968062,3.43920674799665,0.832442903389189,0.505112958942417
2004-10-21,2.89,88.68,7.01,7.01,873.51,0.5571685020242915,658.41,27.06629,750.88,3.17552224503765,2.27054970568104,0.715016154973943,0.219528466253919,0.207214753166224,16.85,1.1541095890411,212.45,3.09468317552804,0,-16.0641,4.11759799833194,1.37608385686463,0.451685660266874,1.30108445697626,0.601283991047423,33.3877563865537,51.0347891166449,14.7976986383577,0.969,3.95608738968062,3.43920674799665,0.832442903389189,0.505112958942417
2004-10-22,0.73,149.12,6.54,6.54,781.62,0.5473936160238653,658.41,27.06629,750.88,3.17552224503765,2.27054970568104,0.715016154973943,0.219528466253919,0.207214753166224,16.85,1.1541095890411,212.45,3.09468317552804,0,-16.0641,4.11759799833194,1.37608385686463,0.451685660266874,1.30108445697626,0.601283991047423,33.3877563865537,51.0347891166449,14.7976986383577,0.969,3.95608738968062,3.43920674799665,0.832442903389189,0.505112958942417
2004-10-23,0.59,232.86,3.47,3.47,561.49,0.4854860046878329,658.41,27.06629,750.88,3.17552224503765,2.27054970568104,0.715016154973943,0.219528466253919,0.207214753166224,16.85,1.1541095890411,212.45,3.09468317552804,0,-16.0641,4.11759799833194,1.37608385686463,0.451685660266874,1.30108445697626,0.601283991047423,33.3877563865537,51.0347891166449,14.7976986383577,0.969,3.95608738968062,3.43920674799665,0.832442903389189,0.505112958942417
2004-10-24,2.34,245.55,4.55,4.55,589.53,0.4626779373535052,658.41,27.06629,750.88,3.17552224503765,2.27054970568104,0.715016154973943,0.219528466253919,0.207214753166224,16.85,1.1541095890411,212.45,3.09468317552804,0,-16.0641,4.11759799833194,1.37608385686463,0.451685660266874,1.30108445697626,0.601283991047423,33.3877563865537,51.0347891166449,14.7976986383577,0.969,3.95608738968062,3.43920674799665,0.832442903389189,0.505112958942417
2004-10-25,0.57,127.51,6.9,6.9,796.54,0.46593623268698053,658.41,27.06629,750.88,3.17552224503765,2.27054970568104,0.715016154973943,0.219528466253919,0.207214753166224,16.85,1.1541095890411,212.45,3.09468317552804,0,-16.0641,4.11759799833194,1.37608385686463,0.451685660266874,1.30108445697626,0.601283991047423,33.3877563865537,51.0347891166449,14.7976986383577,0.969,3.95608738968062,3.43920674799665,0.832442903389189,0.505112958942417
2004-10-26,0.0,216.9,7.74,7.74,843.99,0.42683668868527586,658.41,27.06629,750.88,3.17552224503765,2.27054970568104,0.715016154973943,0.219528466253919,0.207214753166224,16.85,1.1541095890411,212.45,3.09468317552804,0,-16.0641,4.11759799833194,1.37608385686463,0.451685660266874,1.30108445697626,0.601283991047423,33.3877563865537,51.0347891166449,14.7976986383577,0.969,3.95608738968062,3.43920674799665,0.832442903389189,0.505112958942417
2004-10-27,0.0,293.65,8.0,8.0,767.0,0.39425373535052205,658.41,27.06629,750.88,3.17552224503765,2.27054970568104,0.715016154973943,0.219528466253919,0.207214753166224,16.85,1.1541095890411,212.45,3.09468317552804,0,-16.0641,4.11759799833194,1.37608385686463,0.451685660266874,1.30108445697626,0.601283991047423,33.3877563865537,51.0347891166449,14.7976986383577,0.969,3.95608738968062,3.43920674799665,0.832442903389189,0.505112958942417
2004-10-28,0.32,231.44,7.56,7.56,697.05,0.3747039633496697,658.41,27.06629,750.88,3.17552224503765,2.27054970568104,0.715016154973943,0.219528466253919,0.207214753166224,16.85,1.1541095890411,212.45,3.09468317552804,0,-16.0641,4.11759799833194,1.37608385686463,0.451685660266874,1.30108445697626,0.601283991047423,33.3877563865537,51.0347891166449,14.7976986383577,0.969,3.95608738968062,3.43920674799665,0.832442903389189,0.505112958942417
2004-10-29,4.99,235.25,6.67,6.67,672.64,0.3714456680161943,658.41,27.06629,750.88,3.17552224503765,2.27054970568104,0.715016154973943,0.219528466253919,0.207214753166224,16.85,1.1541095890411,212.45,3.09468317552804,0,-16.0641,4.11759799833194,1.37608385686463,0.451685660266874,1.30108445697626,0.601283991047423,33.3877563865537,51.0347891166449,14.7976986383577,0.969,3.95608738968062,3.43920674799665,0.832442903389189,0.505112958942417
2004-10-30,2.22,199.38,10.03,10.03,910.95,0.511552367355636,658.41,27.06629,750.88,3.17552224503765,2.27054970568104,0.715016154973943,0.219528466253919,0.207214753166224,16.85,1.1541095890411,212.45,3.09468317552804,0,-16.0641,4.11759799833194,1.37608385686463,0.451685660266874,1.30108445697626,0.601283991047423,33.3877563865537,51.0347891166449,14.7976986383577,0.969,3.95608738968062,3.43920674799665,0.832442903389189,0.505112958942417
2004-10-31,0.24,257.55,13.35,13.35,1084.11,0.5082940720221607,658.41,27.06629,750.88,3.17552224503765,2.27054970568104,0.715016154973943,0.219528466253919,0.207214753166224,16.85,1.1541095890411,212.45,3.09468317552804,0,-16.0641,4.11759799833194,1.37608385686463,0.451685660266874,1.30108445697626,0.601283991047423,33.3877563865537,51.0347891166449,14.7976986383577,0.969,3.95608738968062,3.43920674799665,0.832442903389189,0.505112958942417
2004-11-01,1.43,206.62,9.37,9.37,856.03,0.4138035073513744,658.41,27.06629,750.88,3.17552224503765,2.27054970568104,0.715016154973943,0.219528466253919,0.207214753166224,16.85,1.1541095890411,212.45,3.09468317552804,0,-16.0641,4.11759799833194,1.37608385686463,0.451685660266874,1.30108445697626,0.601283991047423,33.3877563865537,51.0347891166449,14.7976986383577,0.969,3.95608738968062,3.43920674799665,0.832442903389189,0.505112958942417
2004-11-02,10.93,159.44,7.37,7.37,784.74,0.41054521201789895,658.41,27.06629,750.88,3.17552224503765,2.27054970568104,0.715016154973943,0.219528466253919,0.207214753166224,16.85,1.1541095890411,212.45,3.09468317552804,0,-16.0641,4.11759799833194,1.37608385686463,0.451685660266874,1.30108445697626,0.601283991047423,33.3877563865537,51.0347891166449,14.7976986383577,0.969,3.95608738968062,3.43920674799665,0.832442903389189,0.505112958942417
2004-11-03,3.87,252.4,7.52,7.52,672.52,1.358709154059237,658.41,27.06629,750.88,3.17552224503765,2.27054970568104,0.715016154973943,0.219528466253919,0.207214753166224,16.85,1.1541095890411,212.45,3.09468317552804,0,-16.0641,4.11759799833194,1.37608385686463,0.451685660266874,1.30108445697626,0.601283991047423,33.3877563865537,51.0347891166449,14.7976986383577,0.969,3.95608738968062,3.43920674799665,0.832442903389189,0.505112958942417
2004-11-04,9.58,256.53,2.25,2.25,448.3,0.9318724653739611,658.41,27.06629,750.88,3.17552224503765,2.27054970568104,0.715016154973943,0.219528466253919,0.207214753166224,16.85,1.1541095890411,212.45,3.09468317552804,0,-16.0641,4.11759799833194,1.37608385686463,0.451685660266874,1.30108445697626,0.601283991047423,33.3877563865537,51.0347891166449,14.7976986383577,0.969,3.95608738968062,3.43920674799665,0.832442903389189,0.505112958942417
2004-11-05,2.89,217.82,2.61,2.61,516.52,1.8409368634135945,658.41,27.06629,750.88,3.17552224503765,2.27054970568104,0.715016154973943,0.219528466253919,0.207214753166224,16.85,1.1541095890411,212.45,3.09468317552804,0,-16.0641,4.11759799833194,1.37608385686463,0.451685660266874,1.30108445697626,0.601283991047423,33.3877563865537,51.0347891166449,14.7976986383577,0.969,3.95608738968062,3.43920674799665,0.832442903389189,0.505112958942417
2004-11-06,0.12,220.55,2.25,2.25,551.2,1.3945504027274664,658.41,27.06629,750.88,3.17552224503765,2.27054970568104,0.715016154973943,0.219528466253919,0.207214753166224,16.85,1.1541095890411,212.45,3.09468317552804,0,-16.0641,4.11759799833194,1.37608385686463,0.451685660266874,1.30108445697626,0.601283991047423,33.3877563865537,51.0347891166449,14.7976986383577,0.969,3.95608738968062,3.43920674799665,0.832442903389189,0.505112958942417
2004-11-07,0.69,253.15,4.36,4.36,544.83,1.0850123460473045,658.41,27.06629,750.88,3.17552224503765,2.27054970568104,0.715016154973943,0.219528466253919,0.207214753166224,16.85,1.1541095890411,212.45,3.09468317552804,0,-16.0641,4.11759799833194,1.37608385686463,0.451685660266874,1.30108445697626,0.601283991047423,33.3877563865537,51.0347891166449,14.7976986383577,0.969,3.95608738968062,3.43920674799665,0.832442903389189,0.505112958942417
2004-11-08,1.08,250.69,5.94,5.94,516.62,0.9611971233752395,658.41,27.06629,750.88,3.17552224503765,2.27054970568104,0.715016154973943,0.219528466253919,0.207214753166224,16.85,1.1541095890411,212.45,3.09468317552804,0,-16.0641,4.11759799833194,1.37608385686463,0.451685660266874,1.30108445697626,0.601283991047423,33.3877563865537,51.0347891166449,14.7976986383577,0.969,3.95608738968062,3.43920674799665,0.832442903389189,0.505112958942417
2004-11-09,0.24,282.62,-0.76,-0.76,355.58,0.8797397400383549,658.41,27.06629,750.88,3.17552224503765,2.27054970568104,0.715016154973943,0.219528466253919,0.207214753166224,16.85,1.1541095890411,212.45,3.09468317552804,0,-16.0641,4.11759799833194,1.37608385686463,0.451685660266874,1.30108445697626,0.601283991047423,33.3877563865537,51.0347891166449,14.7976986383577,0.969,3.95608738968062,3.43920674799665,0.832442903389189,0.505112958942417
2004-11-10,0.0,274.28,-3.82,-3.82,335.17,0.8113155380353717,658.41,27.06629,750.88,3.17552224503765,2.27054970568104,0.715016154973943,0.219528466253919,0.207214753166224,16.85,1.1541095890411,212.45,3.09468317552804,0,-16.0641,4.11759799833194,1.37608385686463,0.451685660266874,1.30108445697626,0.601283991047423,33.3877563865537,51.0347891166449,14.7976986383577,0.969,3.95608738968062,3.43920674799665,0.832442903389189,0.505112958942417
2004-11-11,0.42,224.54,1.44,1.44,480.3,0.7819908800340932,658.41,27.06629,750.88,3.17552224503765,2.27054970568104,0.715016154973943,0.219528466253919,0.207214753166224,16.85,1.1541095890411,212.45,3.09468317552804,0,-16.0641,4.11759799833194,1.37608385686463,0.451685660266874,1.30108445697626,0.601283991047423,33.3877563865537,51.0347891166449,14.7976986383577,0.969,3.95608738968062,3.43920674799665,0.832442903389189,0.505112958942417
2004-11-12,0.21,262.5,2.84,2.84,478.16,0.729858154698487,658.41,27.06629,750.88,3.17552224503765,2.27054970568104,0.715016154973943,0.219528466253919,0.207214753166224,16.85,1.1541095890411,212.45,3.09468317552804,0,-16.0641,4.11759799833194,1.37608385686463,0.451685660266874,1.30108445697626,0.601283991047423,33.3877563865537,51.0347891166449,14.7976986383577,0.969,3.95608738968062,3.43920674799665,0.832442903389189,0.505112958942417
2004-11-13,0.03,305.99,-3.4,-3.4,278.27,0.6516590666950778,658.41,27.06629,750.88,3.17552224503765,2.27054970568104,0.715016154973943,0.219528466253919,0.207214753166224,16.85,1.1541095890411,212.45,3.09468317552804,0,-16.0641,4.11759799833194,1.37608385686463,0.451685660266874,1.30108445697626,0.601283991047423,33.3877563865537,51.0347891166449,14.7976986383577,0.969,3.95608738968062,3.43920674799665,0.832442903389189,0.505112958942417
2004-11-14,0.0,301.23,-5.02,-5.02,248.07,0.58649316002557,658.41,27.06629,750.88,3.17552224503765,2.27054970568104,0.715016154973943,0.219528466253919,0.207214753166224,16.85,1.1541095890411,212.45,3.09468317552804,0,-16.0641,4.11759799833194,1.37608385686463,0.451685660266874,1.30108445697626,0.601283991047423,33.3877563865537,51.0347891166449,14.7976986383577,0.969,3.95608738968062,3.43920674799665,0.832442903389189,0.505112958942417
2004-11-15,0.0,306.15,-2.01,-2.01,306.97,0.5604267973577668,658.41,27.06629,750.88,3.17552224503765,2.27054970568104,0.715016154973943,0.219528466253919,0.207214753166224,16.85,1.1541095890411,212.45,3.09468317552804,0,-16.0641,4.11759799833194,1.37608385686463,0.451685660266874,1.30108445697626,0.601283991047423,33.3877563865537,51.0347891166449,14.7976986383577,0.969,3.95608738968062,3.43920674799665,0.832442903389189,0.505112958942417
2004-11-16,0.02,294.06,1.12,1.12,368.55,0.5506519113573407,658.41,27.06629,750.88,3.17552224503765,2.27054970568104,0.715016154973943,0.219528466253919,0.207214753166224,16.85,1.1541095890411,212.45,3.09468317552804,0,-16.0641,4.11759799833194,1.37608385686463,0.451685660266874,1.30108445697626,0.601283991047423,33.3877563865537,51.0347891166449,14.7976986383577,0.969,3.95608738968062,3.43920674799665,0.832442903389189,0.505112958942417
2004-11-17,0.51,219.58,2.61,2.61,485.72,0.5376187300234391,658.41,27.06629,750.88,3.17552224503765,2.27054970568104,0.715016154973943,0.219528466253919,0.207214753166224,16.85,1.1541095890411,212.45,3.09468317552804,0,-16.0641,4.11759799833194,1.37608385686463,0.451685660266874,1.30108445697626,0.601283991047423,33.3877563865537,51.0347891166449,14.7976986383577,0.969,3.95608738968062,3.43920674799665,0.832442903389189,0.505112958942417
2004-11-18,0.37,161.28,6.82,6.82,755.11,0.54413532069039,658.41,27.06629,750.88,3.17552224503765,2.27054970568104,0.715016154973943,0.219528466253919,0.207214753166224,16.85,1.1541095890411,212.45,3.09468317552804,0,-16.0641,4.11759799833194,1.37608385686463,0.451685660266874,1.30108445697626,0.601283991047423,33.3877563865537,51.0347891166449,14.7976986383577,0.969,3.95608738968062,3.43920674799665,0.832442903389189,0.505112958942417
2004-11-19,2.67,118.97,7.47,7.47,825.58,0.5148106626891115,658.41,27.06629,750.88,3.17552224503765,2.27054970568104,0.715016154973943,0.219528466253919,0.207214753166224,16.85,1.1541095890411,212.45,3.09468317552804,0,-16.0641,4.11759799833194,1.37608385686463,0.451685660266874,1.30108445697626,0.601283991047423,33.3877563865537,51.0347891166449,14.7976986383577,0.969,3.95608738968062,3.43920674799665,0.832442903389189,0.505112958942417
2004-11-20,1.56,116.56,6.37,6.37,787.64,0.5832348646920946,658.41,27.06629,750.88,3.17552224503765,2.27054970568104,0.715016154973943,0.219528466253919,0.207214753166224,16.85,1.1541095890411,212.45,3.09468317552804,0,-16.0641,4.11759799833194,1.37608385686463,0.451685660266874,1.30108445697626,0.601283991047423,33.3877563865537,51.0347891166449,14.7976986383577,0.969,3.95608738968062,3.43920674799665,0.832442903389189,0.505112958942417
2004-11-21,1.21,84.44,6.43,6.43,784.21,0.5995263413594715,658.41,27.06629,750.88,3.17552224503765,2.27054970568104,0.715016154973943,0.219528466253919,0.207214753166224,16.85,1.1541095890411,212.45,3.09468317552804,0,-16.0641,4.11759799833194,1.37608385686463,0.451685660266874,1.30108445697626,0.601283991047423,33.3877563865537,51.0347891166449,14.7976986383577,0.969,3.95608738968062,3.43920674799665,0.832442903389189,0.505112958942417
2004-11-22,1.35,195.98,3.41,3.41,554.38,0.5180689580225868,658.41,27.06629,750.88,3.17552224503765,2.27054970568104,0.715016154973943,0.219528466253919,0.207214753166224,16.85,1.1541095890411,212.45,3.09468317552804,0,-16.0641,4.11759799833194,1.37608385686463,0.451685660266874,1.30108445697626,0.601283991047423,33.3877563865537,51.0347891166449,14.7976986383577,0.969,3.95608738968062,3.43920674799665,0.832442903389189,0.505112958942417
2004-11-23,1.02,222.92,-0.03,-0.03,400.54,0.4854860046878329,658.41,27.06629,750.88,3.17552224503765,2.27054970568104,0.715016154973943,0.219528466253919,0.207214753166224,16.85,1.1541095890411,212.45,3.09468317552804,0,-16.0641,4.11759799833194,1.37608385686463,0.451685660266874,1.30108445697626,0.601283991047423,33.3877563865537,51.0347891166449,14.7976986383577,0.969,3.95608738968062,3.43920674799665,0.832442903389189,0.505112958942417
2004-11-24,8.68,225.96,2.05,2.05,458.2,0.5343604346899637,658.41,27.06629,750.88,3.17552224503765,2.27054970568104,0.715016154973943,0.219528466253919,0.207214753166224,16.85,1.1541095890411,212.45,3.09468317552804,0,-16.0641,4.11759799833194,1.37608385686463,0.451685660266874,1.30108445697626,0.601283991047423,33.3877563865537,51.0347891166449,14.7976986383577,0.969,3.95608738968062,3.43920674799665,0.832442903389189,0.505112958942417
2004-11-25,2.66,157.81,5.19,5.19,593.5,1.1110787087151075,658.41,27.06629,750.88,3.17552224503765,2.27054970568104,0.715016154973943,0.219528466253919,0.207214753166224,16.85,1.1541095890411,212.45,3.09468317552804,0,-16.0641,4.11759799833194,1.37608385686463,0.451685660266874,1.30108445697626,0.601283991047423,33.3877563865537,51.0347891166449,14.7976986383577,0.969,3.95608738968062,3.43920674799665,0.832442903389189,0.505112958942417
2004-11-26,2.38,207.59,-0.57,-0.57,398.67,0.8895146260387811,658.41,27.06629,750.88,3.17552224503765,2.27054970568104,0.715016154973943,0.219528466253919,0.207214753166224,16.85,1.1541095890411,212.45,3.09468317552804,0,-16.0641,4.11759799833194,1.37608385686463,0.451685660266874,1.30108445697626,0.601283991047423,33.3877563865537,51.0347891166449,14.7976986383577,0.969,3.95608738968062,3.43920674799665,0.832442903389189,0.505112958942417
2004-11-27,12.33,182.03,-1.73,-1.73,407.14,0.7526662220328147,658.41,27.06629,750.88,3.17552224503765,2.27054970568104,0.715016154973943,0.219528466253919,0.207214753166224,16.85,1.1541095890411,212.45,3.09468317552804,0,-16.0641,4.11759799833194,1.37608385686463,0.451685660266874,1.30108445697626,0.601283991047423,33.3877563865537,51.0347891166449,14.7976986383577,0.969,3.95608738968062,3.43920674799665,0.832442903389189,0.505112958942417
2004-11-28,4.9,145.84,3.03,3.03,586.52,3.5189589601534195,658.41,27.06629,750.88,3.17552224503765,2.27054970568104,0.715016154973943,0.219528466253919,0.207214753166224,16.85,1.1541095890411,212.45,3.09468317552804,0,-16.0641,4.11759799833194,1.37608385686463,0.451685660266874,1.30108445697626,0.601283991047423,33.3877563865537,51.0347891166449,14.7976986383577,0.969,3.95608738968062,3.43920674799665,0.832442903389189,0.505112958942417
2004-11-29,2.64,200.15,1.37,1.37,485.87,2.3915887747709355,658.41,27.06629,750.88,3.17552224503765,2.27054970568104,0.715016154973943,0.219528466253919,0.207214753166224,16.85,1.1541095890411,212.45,3.09468317552804,0,-16.0641,4.11759799833194,1.37608385686463,0.451685660266874,1.30108445697626,0.601283991047423,33.3877563865537,51.0347891166449,14.7976986383577,0.969,3.95608738968062,3.43920674799665,0.832442903389189,0.505112958942417
2004-11-30,10.83,126.92,0.16,0.16,482.47,1.9289108374174302,658.41,27.06629,750.88,3.17552224503765,2.27054970568104,0.715016154973943,0.219528466253919,0.207214753166224,16.85,1.1541095890411,212.45,3.09468317552804,0,-16.0641,4.11759799833194,1.37608385686463,0.451685660266874,1.30108445697626,0.601283991047423,33.3877563865537,51.0347891166449,14.7976986383577,0.969,3.95608738968062,3.43920674799665,0.832442903389189,0.505112958942417
2004-12-01,9.08,160.77,2.04,2.04,546.72,5.767182740251438,658.41,27.06629,750.88,3.17552224503765,2.27054970568104,0.715016154973943,0.219528466253919,0.207214753166224,16.85,1.1541095890411,212.45,3.09468317552804,0,-16.0641,4.11759799833194,1.37608385686463,0.451685660266874,1.30108445697626,0.601283991047423,33.3877563865537,51.0347891166449,14.7976986383577,0.969,3.95608738968062,3.43920674799665,0.832442903389189,0.505112958942417
2004-12-02,7.61,155.66,1.83,1.83,524.35,3.8773714468357126,658.41,27.06629,750.88,3.17552224503765,2.27054970568104,0.715016154973943,0.219528466253919,0.207214753166224,16.85,1.1541095890411,212.45,3.09468317552804,0,-16.0641,4.11759799833194,1.37608385686463,0.451685660266874,1.30108445697626,0.601283991047423,33.3877563865537,51.0347891166449,14.7976986383577,0.969,3.95608738968062,3.43920674799665,0.832442903389189,0.505112958942417
2004-12-03,2.64,149.06,0.86,0.86,469.34,2.9226909141274233,658.41,27.06629,750.88,3.17552224503765,2.27054970568104,0.715016154973943,0.219528466253919,0.207214753166224,16.85,1.1541095890411,212.45,3.09468317552804,0,-16.0641,4.11759799833194,1.37608385686463,0.451685660266874,1.30108445697626,0.601283991047423,33.3877563865537,51.0347891166449,14.7976986383577,0.969,3.95608738968062,3.43920674799665,0.832442903389189,0.505112958942417
2004-12-04,0.33,226.26,-4.47,-4.47,290.46,2.38833047943746,658.41,27.06629,750.88,3.17552224503765,2.27054970568104,0.715016154973943,0.219528466253919,0.207214753166224,16.85,1.1541095890411,212.45,3.09468317552804,0,-16.0641,4.11759799833194,1.37608385686463,0.451685660266874,1.30108445697626,0.601283991047423,33.3877563865537,51.0347891166449,14.7976986383577,0.969,3.95608738968062,3.43920674799665,0.832442903389189,0.505112958942417
2004-12-05,0.01,261.35,-2.89,-2.89,309.89,2.137441738759855,658.41,27.06629,750.88,3.17552224503765,2.27054970568104,0.715016154973943,0.219528466253919,0.207214753166224,16.85,1.1541095890411,212.45,3.09468317552804,0,-16.0641,4.11759799833194,1.37608385686463,0.451685660266874,1.30108445697626,0.601283991047423,33.3877563865537,51.0347891166449,14.7976986383577,0.969,3.95608738968062,3.43920674799665,0.832442903389189,0.505112958942417
2004-12-06,1.88,187.99,-2.56,-2.56,350.64,1.7985790240784145,658.41,27.06629,750.88,3.17552224503765,2.27054970568104,0.715016154973943,0.219528466253919,0.207214753166224,16.85,1.1541095890411,212.45,3.09468317552804,0,-16.0641,4.11759799833194,1.37608385686463,0.451685660266874,1.30108445697626,0.601283991047423,33.3877563865537,51.0347891166449,14.7976986383577,0.969,3.95608738968062,3.43920674799665,0.832442903389189,0.505112958942417
2004-12-07,5.88,158.32,-1.28,-1.28,458.68,2.173282987428084,658.41,27.06629,750.88,3.17552224503765,2.27054970568104,0.715016154973943,0.219528466253919,0.207214753166224,16.85,1.1541095890411,212.45,3.09468317552804,0,-16.0641,4.11759799833194,1.37608385686463,0.451685660266874,1.30108445697626,0.601283991047423,33.3877563865537,51.0347891166449,14.7976986383577,0.969,3.95608738968062,3.43920674799665,0.832442903389189,0.505112958942417
2004-12-08,1.46,163.86,4.87,4.87,671.25,2.658768992115917,658.41,27.06629,750.88,3.17552224503765,2.27054970568104,0.715016154973943,0.219528466253919,0.207214753166224,16.85,1.1541095890411,212.45,3.09468317552804,0,-16.0641,4.11759799833194,1.37608385686463,0.451685660266874,1.30108445697626,0.601283991047423,33.3877563865537,51.0347891166449,14.7976986383577,0.969,3.95608738968062,3.43920674799665,0.832442903389189,0.505112958942417
2004-12-09,7.0,175.67,2.46,2.46,541.9,1.9093610654165778,658.41,27.06629,750.88,3.17552224503765,2.27054970568104,0.715016154973943,0.219528466253919,0.207214753166224,16.85,1.1541095890411,212.45,3.09468317552804,0,-16.0641,4.11759799833194,1.37608385686463,0.451685660266874,1.30108445697626,0.601283991047423,33.3877563865537,51.0347891166449,14.7976986383577,0.969,3.95608738968062,3.43920674799665,0.832442903389189,0.505112958942417
2004-12-10,15.26,97.5,3.0,3.0,625.57,4.52903051353079,658.41,27.06629,750.88,3.17552224503765,2.27054970568104,0.715016154973943,0.219528466253919,0.207214753166224,16.85,1.1541095890411,212.45,3.09468317552804,0,-16.0641,4.11759799833194,1.37608385686463,0.451685660266874,1.30108445697626,0.601283991047423,33.3877563865537,51.0347891166449,14.7976986383577,0.969,3.95608738968062,3.43920674799665,0.832442903389189,0.505112958942417
2004-12-11,4.96,58.72,3.85,3.85,685.42,7.494079266993395,658.41,27.06629,750.88,3.17552224503765,2.27054970568104,0.715016154973943,0.219528466253919,0.207214753166224,16.85,1.1541095890411,212.45,3.09468317552804,0,-16.0641,4.11759799833194,1.37608385686463,0.451685660266874,1.30108445697626,0.601283991047423,33.3877563865537,51.0347891166449,14.7976986383577,0.969,3.95608738968062,3.43920674799665,0.832442903389189,0.505112958942417
2004-12-12,3.79,130.94,0.74,0.74,514.25,4.594196420200298,658.41,27.06629,750.88,3.17552224503765,2.27054970568104,0.715016154973943,0.219528466253919,0.207214753166224,16.85,1.1541095890411,212.45,3.09468317552804,0,-16.0641,4.11759799833194,1.37608385686463,0.451685660266874,1.30108445697626,0.601283991047423,33.3877563865537,51.0347891166449,14.7976986383577,0.969,3.95608738968062,3.43920674799665,0.832442903389189,0.505112958942417
2004-12-13,1.78,73.58,-0.57,-0.57,451.63,3.681873726827189,658.41,27.06629,750.88,3.17552224503765,2.27054970568104,0.715016154973943,0.219528466253919,0.207214753166224,16.85,1.1541095890411,212.45,3.09468317552804,0,-16.0641,4.11759799833194,1.37608385686463,0.451685660266874,1.30108445697626,0.601283991047423,33.3877563865537,51.0347891166449,14.7976986383577,0.969,3.95608738968062,3.43920674799665,0.832442903389189,0.505112958942417
2004-12-14,0.37,207.96,-5.99,-5.99,264.65,2.899882846793096,658.41,27.06629,750.88,3.17552224503765,2.27054970568104,0.715016154973943,0.219528466253919,0.207214753166224,16.85,1.1541095890411,212.45,3.09468317552804,0,-16.0641,4.11759799833194,1.37608385686463,0.451685660266874,1.30108445697626,0.601283991047423,33.3877563865537,51.0347891166449,14.7976986383577,0.969,3.95608738968062,3.43920674799665,0.832442903389189,0.505112958942417
2004-12-15,0.08,198.92,-7.14,-7.14,242.01,2.339456049435329,658.41,27.06629,750.88,3.17552224503765,2.27054970568104,0.715016154973943,0.219528466253919,0.207214753166224,16.85,1.1541095890411,212.45,3.09468317552804,0,-16.0641,4.11759799833194,1.37608385686463,0.451685660266874,1.30108445697626,0.601283991047423,33.3877563865537,51.0347891166449,14.7976986383577,0.969,3.95608738968062,3.43920674799665,0.832442903389189,0.505112958942417
2004-12-16,0.5,194.37,-6.0,-6.0,276.98,1.9973350394204132,658.41,27.06629,750.88,3.17552224503765,2.27054970568104,0.715016154973943,0.219528466253919,0.207214753166224,16.85,1.1541095890411,212.45,3.09468317552804,0,-16.0641,4.11759799833194,1.37608385686463,0.451685660266874,1.30108445697626,0.601283991047423,33.3877563865537,51.0347891166449,14.7976986383577,0.969,3.95608738968062,3.43920674799665,0.832442903389189,0.505112958942417
2004-12-17,0.13,256.28,-2.97,-2.97,314.7,1.8148705007457913,658.41,27.06629,750.88,3.17552224503765,2.27054970568104,0.715016154973943,0.219528466253919,0.207214753166224,16.85,1.1541095890411,212.45,3.09468317552804,0,-16.0641,4.11759799833194,1.37608385686463,0.451685660266874,1.30108445697626,0.601283991047423,33.3877563865537,51.0347891166449,14.7976986383577,0.969,3.95608738968062,3.43920674799665,0.832442903389189,0.505112958942417
2004-12-18,0.89,215.87,-7.19,-7.19,228.58,1.5509485787342852,658.41,27.06629,750.88,3.17552224503765,2.27054970568104,0.715016154973943,0.219528466253919,0.207214753166224,16.85,1.1541095890411,212.45,3.09468317552804,0,-16.0641,4.11759799833194,1.37608385686463,0.451685660266874,1.30108445697626,0.601283991047423,33.3877563865537,51.0347891166449,14.7976986383577,0.969,3.95608738968062,3.43920674799665,0.832442903389189,0.505112958942417
2004-12-19,3.22,199.71,-3.88,-3.88,282.66,1.4988158533986788,658.41,27.06629,750.88,3.17552224503765,2.27054970568104,0.715016154973943,0.219528466253919,0.207214753166224,16.85,1.1541095890411,212.45,3.09468317552804,0,-16.0641,4.11759799833194,1.37608385686463,0.451685660266874,1.30108445697626,0.601283991047423,33.3877563865537,51.0347891166449,14.7976986383577,0.969,3.95608738968062,3.43920674799665,0.832442903389189,0.505112958942417
2004-12-20,0.79,287.64,-12.29,-12.29,111.3,1.0100715533773705,658.41,27.06629,750.88,3.17552224503765,2.27054970568104,0.715016154973943,0.219528466253919,0.207214753166224,16.85,1.1541095890411,212.45,3.09468317552804,0,-16.0641,4.11759799833194,1.37608385686463,0.451685660266874,1.30108445697626,0.601283991047423,33.3877563865537,51.0347891166449,14.7976986383577,0.969,3.95608738968062,3.43920674799665,0.832442903389189,0.505112958942417
2004-12-21,0.0,267.45,-14.98,-14.98,115.06,1.0426545067121245,658.41,27.06629,750.88,3.17552224503765,2.27054970568104,0.715016154973943,0.219528466253919,0.207214753166224,16.85,1.1541095890411,212.45,3.09468317552804,0,-16.0641,4.11759799833194,1.37608385686463,0.451685660266874,1.30108445697626,0.601283991047423,33.3877563865537,51.0347891166449,14.7976986383577,0.969,3.95608738968062,3.43920674799665,0.832442903389189,0.505112958942417
2004-12-22,3.43,216.75,-5.93,-5.93,282.29,1.2544437033880247,658.41,27.06629,750.88,3.17552224503765,2.27054970568104,0.715016154973943,0.219528466253919,0.207214753166224,16.85,1.1541095890411,212.45,3.09468317552804,0,-16.0641,4.11759799833194,1.37608385686463,0.451685660266874,1.30108445697626,0.601283991047423,33.3877563865537,51.0347891166449,14.7976986383577,0.969,3.95608738968062,3.43920674799665,0.832442903389189,0.505112958942417
2004-12-23,10.43,169.46,1.01,1.01,467.86,7.689576987001916,658.41,27.06629,750.88,3.17552224503765,2.27054970568104,0.715016154973943,0.219528466253919,0.207214753166224,16.85,1.1541095890411,212.45,3.09468317552804,0,-16.0641,4.11759799833194,1.37608385686463,0.451685660266874,1.30108445697626,0.601283991047423,33.3877563865537,51.0347891166449,14.7976986383577,0.969,3.95608738968062,3.43920674799665,0.832442903389189,0.505112958942417
2004-12-24,2.51,284.27,-0.94,-0.94,300.08,5.311021393564884,658.41,27.06629,750.88,3.17552224503765,2.27054970568104,0.715016154973943,0.219528466253919,0.207214753166224,16.85,1.1541095890411,212.45,3.09468317552804,0,-16.0641,4.11759799833194,1.37608385686463,0.451685660266874,1.30108445697626,0.601283991047423,33.3877563865537,51.0347891166449,14.7976986383577,0.969,3.95608738968062,3.43920674799665,0.832442903389189,0.505112958942417
2004-12-25,0.0,259.81,-8.11,-8.11,184.64,2.867299893458342,658.41,27.06629,750.88,3.17552224503765,2.27054970568104,0.715016154973943,0.219528466253919,0.207214753166224,16.85,1.1541095890411,212.45,3.09468317552804,0,-16.0641,4.11759799833194,1.37608385686463,0.451685660266874,1.30108445697626,0.601283991047423,33.3877563865537,51.0347891166449,14.7976986383577,0.969,3.95608738968062,3.43920674799665,0.832442903389189,0.505112958942417
2004-12-26,1.55,210.18,-10.04,-10.04,172.98,2.215640826763264,658.41,27.06629,750.88,3.17552224503765,2.27054970568104,0.715016154973943,0.219528466253919,0.207214753166224,16.85,1.1541095890411,212.45,3.09468317552804,0,-16.0641,4.11759799833194,1.37608385686463,0.451685660266874,1.30108445697626,0.601283991047423,33.3877563865537,51.0347891166449,14.7976986383577,0.969,3.95608738968062,3.43920674799665,0.832442903389189,0.505112958942417
2004-12-27,1.4,199.7,-10.08,-10.08,170.41,1.7268965267419558,658.41,27.06629,750.88,3.17552224503765,2.27054970568104,0.715016154973943,0.219528466253919,0.207214753166224,16.85,1.1541095890411,212.45,3.09468317552804,0,-16.0641,4.11759799833194,1.37608385686463,0.451685660266874,1.30108445697626,0.601283991047423,33.3877563865537,51.0347891166449,14.7976986383577,0.969,3.95608738968062,3.43920674799665,0.832442903389189,0.505112958942417
2004-12-28,0.3,241.2,-13.7,-13.7,139.09,1.5639817600681865,658.41,27.06629,750.88,3.17552224503765,2.27054970568104,0.715016154973943,0.219528466253919,0.207214753166224,16.85,1.1541095890411,212.45,3.09468317552804,0,-16.0641,4.11759799833194,1.37608385686463,0.451685660266874,1.30108445697626,0.601283991047423,33.3877563865537,51.0347891166449,14.7976986383577,0.969,3.95608738968062,3.43920674799665,0.832442903389189,0.505112958942417
2004-12-29,0.06,226.76,-6.84,-6.84,256.22,1.743188003409333,658.41,27.06629,750.88,3.17552224503765,2.27054970568104,0.715016154973943,0.219528466253919,0.207214753166224,16.85,1.1541095890411,212.45,3.09468317552804,0,-16.0641,4.11759799833194,1.37608385686463,0.451685660266874,1.30108445697626,0.601283991047423,33.3877563865537,51.0347891166449,14.7976986383577,0.969,3.95608738968062,3.43920674799665,0.832442903389189,0.505112958942417
2004-12-30,0.05,142.68,0.15,0.15,491.97,1.5020741487321543,658.41,27.06629,750.88,3.17552224503765,2.27054970568104,0.715016154973943,0.219528466253919,0.207214753166224,16.85,1.1541095890411,212.45,3.09468317552804,0,-16.0641,4.11759799833194,1.37608385686463,0.451685660266874,1.30108445697626,0.601283991047423,33.3877563865537,51.0347891166449,14.7976986383577,0.969,3.95608738968062,3.43920674799665,0.832442903389189,0.505112958942417
2004-12-31,0.76,169.64,2.58,2.58,591.31,1.7008301640741528,658.41,27.06629,750.88,3.17552224503765,2.27054970568104,0.715016154973943,0.219528466253919,0.207214753166224,16.85,1.1541095890411,212.45,3.09468317552804,0,-16.0641,4.11759799833194,1.37608385686463,0.451685660266874,1.30108445697626,0.601283991047423,33.3877563865537,51.0347891166449,14.7976986383577,0.969,3.95608738968062,3.43920674799665,0.832442903389189,0.505112958942417
2005-01-01,1.09,187.59,3.58,3.58,584.75,1.7725126614106115,658.41,27.06629,750.88,3.17552224503765,2.27054970568104,0.715016154973943,0.219528466253919,0.207214753166224,16.85,1.1541095890411,212.45,3.09468317552804,0,-16.0641,4.11759799833194,1.37608385686463,0.451685660266874,1.30108445697626,0.601283991047423,33.3877563865537,51.0347891166449,14.7976986383577,0.969,3.95608738968062,3.43920674799665,0.832442903389189,0.505112958942417
2005-01-02,2.13,210.72,1.87,1.87,498.66,1.3880338120605156,658.41,27.06629,750.88,3.17552224503765,2.27054970568104,0.715016154973943,0.219528466253919,0.207214753166224,16.85,1.1541095890411,212.45,3.09468317552804,0,-16.0641,4.11759799833194,1.37608385686463,0.451685660266874,1.30108445697626,0.601283991047423,33.3877563865537,51.0347891166449,14.7976986383577,0.969,3.95608738968062,3.43920674799665,0.832442903389189,0.505112958942417
2005-01-03,13.33,144.73,4.57,4.57,643.4,1.7855458427445128,658.41,27.06629,750.88,3.17552224503765,2.27054970568104,0.715016154973943,0.219528466253919,0.207214753166224,16.85,1.1541095890411,212.45,3.09468317552804,0,-16.0641,4.11759799833194,1.37608385686463,0.451685660266874,1.30108445697626,0.601283991047423,33.3877563865537,51.0347891166449,14.7976986383577,0.969,3.95608738968062,3.43920674799665,0.832442903389189,0.505112958942417
2005-01-04,5.92,90.85,3.39,3.39,629.07,4.138035073513744,658.41,27.06629,750.88,3.17552224503765,2.27054970568104,0.715016154973943,0.219528466253919,0.207214753166224,16.85,1.1541095890411,212.45,3.09468317552804,0,-16.0641,4.11759799833194,1.37608385686463,0.451685660266874,1.30108445697626,0.601283991047423,33.3877563865537,51.0347891166449,14.7976986383577,0.969,3.95608738968062,3.43920674799665,0.832442903389189,0.505112958942417
2005-01-05,19.32,156.1,0.24,0.24,461.07,2.4437215001065415,658.41,27.06629,750.88,3.17552224503765,2.27054970568104,0.715016154973943,0.219528466253919,0.207214753166224,16.85,1.1541095890411,212.45,3.09468317552804,0,-16.0641,4.11759799833194,1.37608385686463,0.451685660266874,1.30108445697626,0.601283991047423,33.3877563865537,51.0347891166449,14.7976986383577,0.969,3.95608738968062,3.43920674799665,0.832442903389189,0.505112958942417
2005-01-06,6.01,163.92,-3.84,-3.84,339.97,2.5349537694438524,658.41,27.06629,750.88,3.17552224503765,2.27054970568104,0.715016154973943,0.219528466253919,0.207214753166224,16.85,1.1541095890411,212.45,3.09468317552804,0,-16.0641,4.11759799833194,1.37608385686463,0.451685660266874,1.30108445697626,0.601283991047423,33.3877563865537,51.0347891166449,14.7976986383577,0.969,3.95608738968062,3.43920674799665,0.832442903389189,0.505112958942417
2005-01-07,2.54,208.02,-3.02,-3.02,341.67,2.7532595567867033,658.41,27.06629,750.88,3.17552224503765,2.27054970568104,0.715016154973943,0.219528466253919,0.207214753166224,16.85,1.1541095890411,212.45,3.09468317552804,0,-16.0641,4.11759799833194,1.37608385686463,0.451685660266874,1.30108445697626,0.601283991047423,33.3877563865537,51.0347891166449,14.7976986383577,0.969,3.95608738968062,3.43920674799665,0.832442903389189,0.505112958942417
2005-01-08,4.81,164.19,-3.24,-3.24,357.23,2.398105365437886,658.41,27.06629,750.88,3.17552224503765,2.27054970568104,0.715016154973943,0.219528466253919,0.207214753166224,16.85,1.1541095890411,212.45,3.09468317552804,0,-16.0641,4.11759799833194,1.37608385686463,0.451685660266874,1.30108445697626,0.601283991047423,33.3877563865537,51.0347891166449,14.7976986383577,0.969,3.95608738968062,3.43920674799665,0.832442903389189,0.505112958942417
2005-01-09,1.4,183.51,-2.04,-2.04,405.19,2.215640826763264,658.41,27.06629,750.88,3.17552224503765,2.27054970568104,0.715016154973943,0.219528466253919,0.207214753166224,16.85,1.1541095890411,212.45,3.09468317552804,0,-16.0641,4.11759799833194,1.37608385686463,0.451685660266874,1.30108445697626,0.601283991047423,33.3877563865537,51.0347891166449,14.7976986383577,0.969,3.95608738968062,3.43920674799665,0.832442903389189,0.505112958942417
2005-01-10,0.37,155.08,-1.52,-1.52,433.32,2.020143106754741,658.41,27.06629,750.88,3.17552224503765,2.27054970568104,0.715016154973943,0.219528466253919,0.207214753166224,16.85,1.1541095890411,212.45,3.09468317552804,0,-16.0641,4.11759799833194,1.37608385686463,0.451685660266874,1.30108445697626,0.601283991047423,33.3877563865537,51.0347891166449,14.7976986383577,0.969,3.95608738968062,3.43920674799665,0.832442903389189,0.505112958942417
2005-01-11,7.14,141.7,-0.48,-0.48,473.99,1.8670032260813976,658.41,27.06629,750.88,3.17552224503765,2.27054970568104,0.715016154973943,0.219528466253919,0.207214753166224,16.85,1.1541095890411,212.45,3.09468317552804,0,-16.0641,4.11759799833194,1.37608385686463,0.451685660266874,1.30108445697626,0.601283991047423,33.3877563865537,51.0347891166449,14.7976986383577,0.969,3.95608738968062,3.43920674799665,0.832442903389189,0.505112958942417
2005-01-12,11.26,149.74,-1.08,-1.08,477.16,4.300949840187513,658.41,27.06629,750.88,3.17552224503765,2.27054970568104,0.715016154973943,0.219528466253919,0.207214753166224,16.85,1.1541095890411,212.45,3.09468317552804,0,-16.0641,4.11759799833194,1.37608385686463,0.451685660266874,1.30108445697626,0.601283991047423,33.3877563865537,51.0347891166449,14.7976986383577,0.969,3.95608738968062,3.43920674799665,0.832442903389189,0.505112958942417
2005-01-13,13.52,146.25,2.91,2.91,616.6,12.218607500532707,658.41,27.06629,750.88,3.17552224503765,2.27054970568104,0.715016154973943,0.219528466253919,0.207214753166224,16.85,1.1541095890411,212.45,3.09468317552804,0,-16.0641,4.11759799833194,1.37608385686463,0.451685660266874,1.30108445697626,0.601283991047423,33.3877563865537,51.0347891166449,14.7976986383577,0.969,3.95608738968062,3.43920674799665,0.832442903389189,0.505112958942417
2005-01-14,2.96,230.96,3.49,3.49,486.46,18.96327884082676,658.41,27.06629,750.88,3.17552224503765,2.27054970568104,0.715016154973943,0.219528466253919,0.207214753166224,16.85,1.1541095890411,212.45,3.09468317552804,0,-16.0641,4.11759799833194,1.37608385686463,0.451685660266874,1.30108445697626,0.601283991047423,33.3877563865537,51.0347891166449,14.7976986383577,0.969,3.95608738968062,3.43920674799665,0.832442903389189,0.505112958942417
2005-01-15,0.01,292.52,-5.01,-5.01,240.34,7.722159940336671,658.41,27.06629,750.88,3.17552224503765,2.27054970568104,0.715016154973943,0.219528466253919,0.207214753166224,16.85,1.1541095890411,212.45,3.09468317552804,0,-16.0641,4.11759799833194,1.37608385686463,0.451685660266874,1.30108445697626,0.601283991047423,33.3877563865537,51.0347891166449,14.7976986383577,0.969,3.95608738968062,3.43920674799665,0.832442903389189,0.505112958942417
2005-01-16,1.84,211.26,-8.16,-8.16,200.65,4.463864606861282,658.41,27.06629,750.88,3.17552224503765,2.27054970568104,0.715016154973943,0.219528466253919,0.207214753166224,16.85,1.1541095890411,212.45,3.09468317552804,0,-16.0641,4.11759799833194,1.37608385686463,0.451685660266874,1.30108445697626,0.601283991047423,33.3877563865537,51.0347891166449,14.7976986383577,0.969,3.95608738968062,3.43920674799665,0.832442903389189,0.505112958942417
2005-01-17,1.18,207.4,-10.73,-10.73,163.83,3.421210100149158,658.41,27.06629,750.88,3.17552224503765,2.27054970568104,0.715016154973943,0.219528466253919,0.207214753166224,16.85,1.1541095890411,212.45,3.09468317552804,0,-16.0641,4.11759799833194,1.37608385686463,0.451685660266874,1.30108445697626,0.601283991047423,33.3877563865537,51.0347891166449,14.7976986383577,0.969,3.95608738968062,3.43920674799665,0.832442903389189,0.505112958942417
2005-01-18,0.18,301.75,-15.92,-15.92,99.85,2.34597264010228,658.41,27.06629,750.88,3.17552224503765,2.27054970568104,0.715016154973943,0.219528466253919,0.207214753166224,16.85,1.1541095890411,212.45,3.09468317552804,0,-16.0641,4.11759799833194,1.37608385686463,0.451685660266874,1.30108445697626,0.601283991047423,33.3877563865537,51.0347891166449,14.7976986383577,0.969,3.95608738968062,3.43920674799665,0.832442903389189,0.505112958942417
2005-01-19,3.34,235.11,-15.67,-15.67,110.67,2.215640826763264,658.41,27.06629,750.88,3.17552224503765,2.27054970568104,0.715016154973943,0.219528466253919,0.207214753166224,16.85,1.1541095890411,212.45,3.09468317552804,0,-16.0641,4.11759799833194,1.37608385686463,0.451685660266874,1.30108445697626,0.601283991047423,33.3877563865537,51.0347891166449,14.7976986383577,0.969,3.95608738968062,3.43920674799665,0.832442903389189,0.505112958942417
2005-01-20,3.03,216.78,-10.7,-10.7,163.06,2.085309013424249,658.41,27.06629,750.88,3.17552224503765,2.27054970568104,0.715016154973943,0.219528466253919,0.207214753166224,16.85,1.1541095890411,212.45,3.09468317552804,0,-16.0641,4.11759799833194,1.37608385686463,0.451685660266874,1.30108445697626,0.601283991047423,33.3877563865537,51.0347891166449,14.7976986383577,0.969,3.95608738968062,3.43920674799665,0.832442903389189,0.505112958942417
2005-01-21,0.57,327.29,-16.85,-16.85,81.25,1.6291476667376945,658.41,27.06629,750.88,3.17552224503765,2.27054970568104,0.715016154973943,0.219528466253919,0.207214753166224,16.85,1.1541095890411,212.45,3.09468317552804,0,-16.0641,4.11759799833194,1.37608385686463,0.451685660266874,1.30108445697626,0.601283991047423,33.3877563865537,51.0347891166449,14.7976986383577,0.969,3.95608738968062,3.43920674799665,0.832442903389189,0.505112958942417
2005-01-22,5.98,255.09,-18.46,-18.46,71.55,1.3684840400596632,658.41,27.06629,750.88,3.17552224503765,2.27054970568104,0.715016154973943,0.219528466253919,0.207214753166224,16.85,1.1541095890411,212.45,3.09468317552804,0,-16.0641,4.11759799833194,1.37608385686463,0.451685660266874,1.30108445697626,0.601283991047423,33.3877563865537,51.0347891166449,14.7976986383577,0.969,3.95608738968062,3.43920674799665,0.832442903389189,0.505112958942417
2005-01-23,1.57,252.91,-16.55,-16.55,96.64,1.433649946729171,658.41,27.06629,750.88,3.17552224503765,2.27054970568104,0.715016154973943,0.219528466253919,0.207214753166224,16.85,1.1541095890411,212.45,3.09468317552804,0,-16.0641,4.11759799833194,1.37608385686463,0.451685660266874,1.30108445697626,0.601283991047423,33.3877563865537,51.0347891166449,14.7976986383577,0.969,3.95608738968062,3.43920674799665,0.832442903389189,0.505112958942417
2005-01-24,0.94,252.38,-19.38,-19.38,75.55,1.2381522267206477,658.41,27.06629,750.88,3.17552224503765,2.27054970568104,0.715016154973943,0.219528466253919,0.207214753166224,16.85,1.1541095890411,212.45,3.09468317552804,0,-16.0641,4.11759799833194,1.37608385686463,0.451685660266874,1.30108445697626,0.601283991047423,33.3877563865537,51.0347891166449,14.7976986383577,0.969,3.95608738968062,3.43920674799665,0.832442903389189,0.505112958942417
2005-01-25,3.23,259.85,-15.65,-15.65,120.87,1.3684840400596632,658.41,27.06629,750.88,3.17552224503765,2.27054970568104,0.715016154973943,0.219528466253919,0.207214753166224,16.85,1.1541095890411,212.45,3.09468317552804,0,-16.0641,4.11759799833194,1.37608385686463,0.451685660266874,1.30108445697626,0.601283991047423,33.3877563865537,51.0347891166449,14.7976986383577,0.969,3.95608738968062,3.43920674799665,0.832442903389189,0.505112958942417
2005-01-26,0.86,176.25,-6.82,-6.82,252.62,1.140403366716386,658.41,27.06629,750.88,3.17552224503765,2.27054970568104,0.715016154973943,0.219528466253919,0.207214753166224,16.85,1.1541095890411,212.45,3.09468317552804,0,-16.0641,4.11759799833194,1.37608385686463,0.451685660266874,1.30108445697626,0.601283991047423,33.3877563865537,51.0347891166449,14.7976986383577,0.969,3.95608738968062,3.43920674799665,0.832442903389189,0.505112958942417
2005-01-27,0.25,266.5,-12.07,-12.07,133.07,0.9449056467078627,658.41,27.06629,750.88,3.17552224503765,2.27054970568104,0.715016154973943,0.219528466253919,0.207214753166224,16.85,1.1541095890411,212.45,3.09468317552804,0,-16.0641,4.11759799833194,1.37608385686463,0.451685660266874,1.30108445697626,0.601283991047423,33.3877563865537,51.0347891166449,14.7976986383577,0.969,3.95608738968062,3.43920674799665,0.832442903389189,0.505112958942417
2005-01-28,0.06,350.44,-18.69,-18.69,63.39,0.8471567867036011,658.41,27.06629,750.88,3.17552224503765,2.27054970568104,0.715016154973943,0.219528466253919,0.207214753166224,16.85,1.1541095890411,212.45,3.09468317552804,0,-16.0641,4.11759799833194,1.37608385686463,0.451685660266874,1.30108445697626,0.601283991047423,33.3877563865537,51.0347891166449,14.7976986383577,0.969,3.95608738968062,3.43920674799665,0.832442903389189,0.505112958942417
2005-01-29,0.01,328.0,-15.53,-15.53,82.48,0.9123226933731089,658.41,27.06629,750.88,3.17552224503765,2.27054970568104,0.715016154973943,0.219528466253919,0.207214753166224,16.85,1.1541095890411,212.45,3.09468317552804,0,-16.0641,4.11759799833194,1.37608385686463,0.451685660266874,1.30108445697626,0.601283991047423,33.3877563865537,51.0347891166449,14.7976986383577,0.969,3.95608738968062,3.43920674799665,0.832442903389189,0.505112958942417
2005-01-30,0.0,353.6,-9.16,-9.16,139.94,1.0133298487108457,658.41,27.06629,750.88,3.17552224503765,2.27054970568104,0.715016154973943,0.219528466253919,0.207214753166224,16.85,1.1541095890411,212.45,3.09468317552804,0,-16.0641,4.11759799833194,1.37608385686463,0.451685660266874,1.30108445697626,0.601283991047423,33.3877563865537,51.0347891166449,14.7976986383577,0.969,3.95608738968062,3.43920674799665,0.832442903389189,0.505112958942417
2005-01-31,0.0,357.31,-9.73,-9.73,125.36,0.8145738333688473,658.41,27.06629,750.88,3.17552224503765,2.27054970568104,0.715016154973943,0.219528466253919,0.207214753166224,16.85,1.1541095890411,212.45,3.09468317552804,0,-16.0641,4.11759799833194,1.37608385686463,0.451685660266874,1.30108445697626,0.601283991047423,33.3877563865537,51.0347891166449,14.7976986383577,0.969,3.95608738968062,3.43920674799665,0.832442903389189,0.505112958942417
2005-02-01,0.0,359.93,-9.31,-9.31,138.29,0.7168249733645855,658.41,27.06629,750.88,3.17552224503765,2.27054970568104,0.715016154973943,0.219528466253919,0.207214753166224,16.85,1.1541095890411,212.45,3.09468317552804,0,-16.0641,4.11759799833194,1.37608385686463,0.451685660266874,1.30108445697626,0.601283991047423,33.3877563865537,51.0347891166449,14.7976986383577,0.969,3.95608738968062,3.43920674799665,0.832442903389189,0.505112958942417
2005-02-02,0.0,358.87,-6.6,-6.6,189.64,0.6842420200298316,658.41,27.06629,750.88,3.17552224503765,2.27054970568104,0.715016154973943,0.219528466253919,0.207214753166224,16.85,1.1541095890411,212.45,3.09468317552804,0,-16.0641,4.11759799833194,1.37608385686463,0.451685660266874,1.30108445697626,0.601283991047423,33.3877563865537,51.0347891166449,14.7976986383577,0.969,3.95608738968062,3.43920674799665,0.832442903389189,0.505112958942417
2005-02-03,1.46,275.87,-4.51,-4.51,236.06,0.7168249733645855,658.41,27.06629,750.88,3.17552224503765,2.27054970568104,0.715016154973943,0.219528466253919,0.207214753166224,16.85,1.1541095890411,212.45,3.09468317552804,0,-16.0641,4.11759799833194,1.37608385686463,0.451685660266874,1.30108445697626,0.601283991047423,33.3877563865537,51.0347891166449,14.7976986383577,0.969,3.95608738968062,3.43920674799665,0.832442903389189,0.505112958942417
2005-02-04,0.39,332.31,-4.42,-4.42,252.37,0.7103083826976347,658.41,27.06629,750.88,3.17552224503765,2.27054970568104,0.715016154973943,0.219528466253919,0.207214753166224,16.85,1.1541095890411,212.45,3.09468317552804,0,-16.0641,4.11759799833194,1.37608385686463,0.451685660266874,1.30108445697626,0.601283991047423,33.3877563865537,51.0347891166449,14.7976986383577,0.969,3.95608738968062,3.43920674799665,0.832442903389189,0.505112958942417
2005-02-05,0.0,363.2,-4.93,-4.93,232.8,0.6744671340294054,658.41,27.06629,750.88,3.17552224503765,2.27054970568104,0.715016154973943,0.219528466253919,0.207214753166224,16.85,1.1541095890411,212.45,3.09468317552804,0,-16.0641,4.11759799833194,1.37608385686463,0.451685660266874,1.30108445697626,0.601283991047423,33.3877563865537,51.0347891166449,14.7976986383577,0.969,3.95608738968062,3.43920674799665,0.832442903389189,0.505112958942417
2005-02-06,0.0,370.18,-1.95,-1.95,281.84,0.6712088386959301,658.41,27.06629,750.88,3.17552224503765,2.27054970568104,0.715016154973943,0.219528466253919,0.207214753166224,16.85,1.1541095890411,212.45,3.09468317552804,0,-16.0641,4.11759799833194,1.37608385686463,0.451685660266874,1.30108445697626,0.601283991047423,33.3877563865537,51.0347891166449,14.7976986383577,0.969,3.95608738968062,3.43920674799665,0.832442903389189,0.505112958942417
2005-02-07,1.45,286.21,1.48,1.48,386.73,0.7461496313658639,658.41,27.06629,750.88,3.17552224503765,2.27054970568104,0.715016154973943,0.219528466253919,0.207214753166224,16.85,1.1541095890411,212.45,3.09468317552804,0,-16.0641,4.11759799833194,1.37608385686463,0.451685660266874,1.30108445697626,0.601283991047423,33.3877563865537,51.0347891166449,14.7976986383577,0.969,3.95608738968062,3.43920674799665,0.832442903389189,0.505112958942417
2005-02-08,1.75,248.47,3.06,3.06,490.35,1.241410522054123,658.41,27.06629,750.88,3.17552224503765,2.27054970568104,0.715016154973943,0.219528466253919,0.207214753166224,16.85,1.1541095890411,212.45,3.09468317552804,0,-16.0641,4.11759799833194,1.37608385686463,0.451685660266874,1.30108445697626,0.601283991047423,33.3877563865537,51.0347891166449,14.7976986383577,0.969,3.95608738968062,3.43920674799665,0.832442903389189,0.505112958942417
2005-02-09,4.96,192.13,0.58,0.58,446.06,2.5056291114425737,658.41,27.06629,750.88,3.17552224503765,2.27054970568104,0.715016154973943,0.219528466253919,0.207214753166224,16.85,1.1541095890411,212.45,3.09468317552804,0,-16.0641,4.11759799833194,1.37608385686463,0.451685660266874,1.30108445697626,0.601283991047423,33.3877563865537,51.0347891166449,14.7976986383577,0.969,3.95608738968062,3.43920674799665,0.832442903389189,0.505112958942417
2005-02-10,1.26,273.04,-3.55,-3.55,307.0,3.5841248668229277,658.41,27.06629,750.88,3.17552224503765,2.27054970568104,0.715016154973943,0.219528466253919,0.207214753166224,16.85,1.1541095890411,212.45,3.09468317552804,0,-16.0641,4.11759799833194,1.37608385686463,0.451685660266874,1.30108445697626,0.601283991047423,33.3877563865537,51.0347891166449,14.7976986383577,0.969,3.95608738968062,3.43920674799665,0.832442903389189,0.505112958942417
2005-02-11,0.82,233.72,-6.68,-6.68,235.27,1.9549772000852332,658.41,27.06629,750.88,3.17552224503765,2.27054970568104,0.715016154973943,0.219528466253919,0.207214753166224,16.85,1.1541095890411,212.45,3.09468317552804,0,-16.0641,4.11759799833194,1.37608385686463,0.451685660266874,1.30108445697626,0.601283991047423,33.3877563865537,51.0347891166449,14.7976986383577,0.969,3.95608738968062,3.43920674799665,0.832442903389189,0.505112958942417
2005-02-12,0.22,343.69,-7.55,-7.55,205.73,1.7268965267419558,658.41,27.06629,750.88,3.17552224503765,2.27054970568104,0.715016154973943,0.219528466253919,0.207214753166224,16.85,1.1541095890411,212.45,3.09468317552804,0,-16.0641,4.11759799833194,1.37608385686463,0.451685660266874,1.30108445697626,0.601283991047423,33.3877563865537,51.0347891166449,14.7976986383577,0.969,3.95608738968062,3.43920674799665,0.832442903389189,0.505112958942417
2005-02-13,0.0,368.12,-6.73,-6.73,213.26,1.4662329000639247,658.41,27.06629,750.88,3.17552224503765,2.27054970568104,0.715016154973943,0.219528466253919,0.207214753166224,16.85,1.1541095890411,212.45,3.09468317552804,0,-16.0641,4.11759799833194,1.37608385686463,0.451685660266874,1.30108445697626,0.601283991047423,33.3877563865537,51.0347891166449,14.7976986383577,0.969,3.95608738968062,3.43920674799665,0.832442903389189,0.505112958942417
2005-02-14,4.32,275.75,-4.97,-4.97,283.46,1.4303916513956956,658.41,27.06629,750.88,3.17552224503765,2.27054970568104,0.715016154973943,0.219528466253919,0.207214753166224,16.85,1.1541095890411,212.45,3.09468317552804,0,-16.0641,4.11759799833194,1.37608385686463,0.451685660266874,1.30108445697626,0.601283991047423,33.3877563865537,51.0347891166449,14.7976986383577,0.969,3.95608738968062,3.43920674799665,0.832442903389189,0.505112958942417
2005-02-15,1.62,187.8,-0.06,-0.06,456.34,2.205865940762838,658.41,27.06629,750.88,3.17552224503765,2.27054970568104,0.715016154973943,0.219528466253919,0.207214753166224,16.85,1.1541095890411,212.45,3.09468317552804,0,-16.0641,4.11759799833194,1.37608385686463,0.451685660266874,1.30108445697626,0.601283991047423,33.3877563865537,51.0347891166449,14.7976986383577,0.969,3.95608738968062,3.43920674799665,0.832442903389189,0.505112958942417
2005-02-16,2.83,298.77,1.49,1.49,412.76,2.691351945450671,658.41,27.06629,750.88,3.17552224503765,2.27054970568104,0.715016154973943,0.219528466253919,0.207214753166224,16.85,1.1541095890411,212.45,3.09468317552804,0,-16.0641,4.11759799833194,1.37608385686463,0.451685660266874,1.30108445697626,0.601283991047423,33.3877563865537,51.0347891166449,14.7976986383577,0.969,3.95608738968062,3.43920674799665,0.832442903389189,0.505112958942417
2005-02-17,2.41,257.41,-4.19,-4.19,262.87,2.0494677647560193,658.41,27.06629,750.88,3.17552224503765,2.27054970568104,0.715016154973943,0.219528466253919,0.207214753166224,16.85,1.1541095890411,212.45,3.09468317552804,0,-16.0641,4.11759799833194,1.37608385686463,0.451685660266874,1.30108445697626,0.601283991047423,33.3877563865537,51.0347891166449,14.7976986383577,0.969,3.95608738968062,3.43920674799665,0.832442903389189,0.505112958942417
2005-02-18,0.79,275.28,-9.88,-9.88,167.19,1.5639817600681865,658.41,27.06629,750.88,3.17552224503765,2.27054970568104,0.715016154973943,0.219528466253919,0.207214753166224,16.85,1.1541095890411,212.45,3.09468317552804,0,-16.0641,4.11759799833194,1.37608385686463,0.451685660266874,1.30108445697626,0.601283991047423,33.3877563865537,51.0347891166449,14.7976986383577,0.969,3.95608738968062,3.43920674799665,0.832442903389189,0.505112958942417
2005-02-19,0.15,257.9,-13.41,-13.41,132.82,1.3684840400596632,658.41,27.06629,750.88,3.17552224503765,2.27054970568104,0.715016154973943,0.219528466253919,0.207214753166224,16.85,1.1541095890411,212.45,3.09468317552804,0,-16.0641,4.11759799833194,1.37608385686463,0.451685660266874,1.30108445697626,0.601283991047423,33.3877563865537,51.0347891166449,14.7976986383577,0.969,3.95608738968062,3.43920674799665,0.832442903389189,0.505112958942417
2005-02-20,6.15,308.16,-11.25,-11.25,161.51,1.3033181333901556,658.41,27.06629,750.88,3.17552224503765,2.27054970568104,0.715016154973943,0.219528466253919,0.207214753166224,16.85,1.1541095890411,212.45,3.09468317552804,0,-16.0641,4.11759799833194,1.37608385686463,0.451685660266874,1.30108445697626,0.601283991047423,33.3877563865537,51.0347891166449,14.7976986383577,0.969,3.95608738968062,3.43920674799665,0.832442903389189,0.505112958942417
2005-02-21,1.69,331.44,-5.48,-5.48,257.42,1.365225744726188,658.41,27.06629,750.88,3.17552224503765,2.27054970568104,0.715016154973943,0.219528466253919,0.207214753166224,16.85,1.1541095890411,212.45,3.09468317552804,0,-16.0641,4.11759799833194,1.37608385686463,0.451685660266874,1.30108445697626,0.601283991047423,33.3877563865537,51.0347891166449,14.7976986383577,0.969,3.95608738968062,3.43920674799665,0.832442903389189,0.505112958942417
2005-02-22,2.11,233.49,-2.78,-2.78,324.13,1.2902849520562538,658.41,27.06629,750.88,3.17552224503765,2.27054970568104,0.715016154973943,0.219528466253919,0.207214753166224,16.85,1.1541095890411,212.45,3.09468317552804,0,-16.0641,4.11759799833194,1.37608385686463,0.451685660266874,1.30108445697626,0.601283991047423,33.3877563865537,51.0347891166449,14.7976986383577,0.969,3.95608738968062,3.43920674799665,0.832442903389189,0.505112958942417
2005-02-23,0.62,326.67,-6.67,-6.67,219.62,1.1762446153846153,658.41,27.06629,750.88,3.17552224503765,2.27054970568104,0.715016154973943,0.219528466253919,0.207214753166224,16.85,1.1541095890411,212.45,3.09468317552804,0,-16.0641,4.11759799833194,1.37608385686463,0.451685660266874,1.30108445697626,0.601283991047423,33.3877563865537,51.0347891166449,14.7976986383577,0.969,3.95608738968062,3.43920674799665,0.832442903389189,0.505112958942417
2005-02-24,2.11,312.09,-9.5,-9.5,166.68,1.0100715533773705,658.41,27.06629,750.88,3.17552224503765,2.27054970568104,0.715016154973943,0.219528466253919,0.207214753166224,16.85,1.1541095890411,212.45,3.09468317552804,0,-16.0641,4.11759799833194,1.37608385686463,0.451685660266874,1.30108445697626,0.601283991047423,33.3877563865537,51.0347891166449,14.7976986383577,0.969,3.95608738968062,3.43920674799665,0.832442903389189,0.505112958942417
2005-02-25,1.02,310.44,-9.74,-9.74,163.43,0.9774886000426166,658.41,27.06629,750.88,3.17552224503765,2.27054970568104,0.715016154973943,0.219528466253919,0.207214753166224,16.85,1.1541095890411,212.45,3.09468317552804,0,-16.0641,4.11759799833194,1.37608385686463,0.451685660266874,1.30108445697626,0.601283991047423,33.3877563865537,51.0347891166449,14.7976986383577,0.969,3.95608738968062,3.43920674799665,0.832442903389189,0.505112958942417
2005-02-26,0.13,418.28,-9.11,-9.11,151.59,0.9774886000426166,658.41,27.06629,750.88,3.17552224503765,2.27054970568104,0.715016154973943,0.219528466253919,0.207214753166224,16.85,1.1541095890411,212.45,3.09468317552804,0,-16.0641,4.11759799833194,1.37608385686463,0.451685660266874,1.30108445697626,0.601283991047423,33.3877563865537,51.0347891166449,14.7976986383577,0.969,3.95608738968062,3.43920674799665,0.832442903389189,0.505112958942417
2005-02-27,1.17,382.98,-10.02,-10.02,140.04,0.8145738333688473,658.41,27.06629,750.88,3.17552224503765,2.27054970568104,0.715016154973943,0.219528466253919,0.207214753166224,16.85,1.1541095890411,212.45,3.09468317552804,0,-16.0641,4.11759799833194,1.37608385686463,0.451685660266874,1.30108445697626,0.601283991047423,33.3877563865537,51.0347891166449,14.7976986383577,0.969,3.95608738968062,3.43920674799665,0.832442903389189,0.505112958942417
2005-02-28,8.07,324.24,-6.54,-6.54,222.19,0.8797397400383549,658.41,27.06629,750.88,3.17552224503765,2.27054970568104,0.715016154973943,0.219528466253919,0.207214753166224,16.85,1.1541095890411,212.45,3.09468317552804,0,-16.0641,4.11759799833194,1.37608385686463,0.451685660266874,1.30108445697626,0.601283991047423,33.3877563865537,51.0347891166449,14.7976986383577,0.969,3.95608738968062,3.43920674799665,0.832442903389189,0.505112958942417
2005-03-01,4.05,250.76,-3.95,-3.95,298.66,0.8862563307053057,658.41,27.06629,750.88,3.17552224503765,2.27054970568104,0.715016154973943,0.219528466253919,0.207214753166224,16.85,1.1541095890411,212.45,3.09468317552804,0,-16.0641,4.11759799833194,1.37608385686463,0.451685660266874,1.30108445697626,0.601283991047423,33.3877563865537,51.0347891166449,14.7976986383577,0.969,3.95608738968062,3.43920674799665,0.832442903389189,0.505112958942417
2005-03-02,0.99,280.13,-6.28,-6.28,243.69,0.8145738333688473,658.41,27.06629,750.88,3.17552224503765,2.27054970568104,0.715016154973943,0.219528466253919,0.207214753166224,16.85,1.1541095890411,212.45,3.09468317552804,0,-16.0641,4.11759799833194,1.37608385686463,0.451685660266874,1.30108445697626,0.601283991047423,33.3877563865537,51.0347891166449,14.7976986383577,0.969,3.95608738968062,3.43920674799665,0.832442903389189,0.505112958942417
2005-03-03,0.16,358.04,-8.69,-8.69,191.02,0.7168249733645855,658.41,27.06629,750.88,3.17552224503765,2.27054970568104,0.715016154973943,0.219528466253919,0.207214753166224,16.85,1.1541095890411,212.45,3.09468317552804,0,-16.0641,4.11759799833194,1.37608385686463,0.451685660266874,1.30108445697626,0.601283991047423,33.3877563865537,51.0347891166449,14.7976986383577,0.969,3.95608738968062,3.43920674799665,0.832442903389189,0.505112958942417
2005-03-04,0.01,423.54,-8.89,-8.89,174.48,0.7168249733645855,658.41,27.06629,750.88,3.17552224503765,2.27054970568104,0.715016154973943,0.219528466253919,0.207214753166224,16.85,1.1541095890411,212.45,3.09468317552804,0,-16.0641,4.11759799833194,1.37608385686463,0.451685660266874,1.30108445697626,0.601283991047423,33.3877563865537,51.0347891166449,14.7976986383577,0.969,3.95608738968062,3.43920674799665,0.832442903389189,0.505112958942417
2005-03-05,0.0,470.63,-9.82,-9.82,147.32,0.6842420200298316,658.41,27.06629,750.88,3.17552224503765,2.27054970568104,0.715016154973943,0.219528466253919,0.207214753166224,16.85,1.1541095890411,212.45,3.09468317552804,0,-16.0641,4.11759799833194,1.37608385686463,0.451685660266874,1.30108445697626,0.601283991047423,33.3877563865537,51.0347891166449,14.7976986383577,0.969,3.95608738968062,3.43920674799665,0.832442903389189,0.505112958942417
2005-03-06,0.73,407.06,-7.74,-7.74,187.51,0.6842420200298316,658.41,27.06629,750.88,3.17552224503765,2.27054970568104,0.715016154973943,0.219528466253919,0.207214753166224,16.85,1.1541095890411,212.45,3.09468317552804,0,-16.0641,4.11759799833194,1.37608385686463,0.451685660266874,1.30108445697626,0.601283991047423,33.3877563865537,51.0347891166449,14.7976986383577,0.969,3.95608738968062,3.43920674799665,0.832442903389189,0.505112958942417
2005-03-07,3.06,324.28,-2.24,-2.24,307.81,0.8797397400383549,658.41,27.06629,750.88,3.17552224503765,2.27054970568104,0.715016154973943,0.219528466253919,0.207214753166224,16.85,1.1541095890411,212.45,3.09468317552804,0,-16.0641,4.11759799833194,1.37608385686463,0.451685660266874,1.30108445697626,0.601283991047423,33.3877563865537,51.0347891166449,14.7976986383577,0.969,3.95608738968062,3.43920674799665,0.832442903389189,0.505112958942417
2005-03-08,0.85,389.69,-1.78,-1.78,230.2,3.258295333475389,658.41,27.06629,750.88,3.17552224503765,2.27054970568104,0.715016154973943,0.219528466253919,0.207214753166224,16.85,1.1541095890411,212.45,3.09468317552804,0,-16.0641,4.11759799833194,1.37608385686463,0.451685660266874,1.30108445697626,0.601283991047423,33.3877563865537,51.0347891166449,14.7976986383577,0.969,3.95608738968062,3.43920674799665,0.832442903389189,0.505112958942417
2005-03-09,0.03,315.23,-9.26,-9.26,164.95,1.6943135734072021,658.41,27.06629,750.88,3.17552224503765,2.27054970568104,0.715016154973943,0.219528466253919,0.207214753166224,16.85,1.1541095890411,212.45,3.09468317552804,0,-16.0641,4.11759799833194,1.37608385686463,0.451685660266874,1.30108445697626,0.601283991047423,33.3877563865537,51.0347891166449,14.7976986383577,0.969,3.95608738968062,3.43920674799665,0.832442903389189,0.505112958942417
2005-03-10,0.92,323.9,-11.29,-11.29,159.21,1.3359010867249093,658.41,27.06629,750.88,3.17552224503765,2.27054970568104,0.715016154973943,0.219528466253919,0.207214753166224,16.85,1.1541095890411,212.45,3.09468317552804,0,-16.0641,4.11759799833194,1.37608385686463,0.451685660266874,1.30108445697626,0.601283991047423,33.3877563865537,51.0347891166449,14.7976986383577,0.969,3.95608738968062,3.43920674799665,0.832442903389189,0.505112958942417
2005-03-11,0.99,352.75,-10.03,-10.03,164.44,1.2707351800554014,658.41,27.06629,750.88,3.17552224503765,2.27054970568104,0.715016154973943,0.219528466253919,0.207214753166224,16.85,1.1541095890411,212.45,3.09468317552804,0,-16.0641,4.11759799833194,1.37608385686463,0.451685660266874,1.30108445697626,0.601283991047423,33.3877563865537,51.0347891166449,14.7976986383577,0.969,3.95608738968062,3.43920674799665,0.832442903389189,0.505112958942417
2005-03-12,1.44,370.77,-8.62,-8.62,170.39,1.2055692733858938,658.41,27.06629,750.88,3.17552224503765,2.27054970568104,0.715016154973943,0.219528466253919,0.207214753166224,16.85,1.1541095890411,212.45,3.09468317552804,0,-16.0641,4.11759799833194,1.37608385686463,0.451685660266874,1.30108445697626,0.601283991047423,33.3877563865537,51.0347891166449,14.7976986383577,0.969,3.95608738968062,3.43920674799665,0.832442903389189,0.505112958942417
2005-03-13,0.89,384.59,-8.24,-8.24,163.74,1.0100715533773705,658.41,27.06629,750.88,3.17552224503765,2.27054970568104,0.715016154973943,0.219528466253919,0.207214753166224,16.85,1.1541095890411,212.45,3.09468317552804,0,-16.0641,4.11759799833194,1.37608385686463,0.451685660266874,1.30108445697626,0.601283991047423,33.3877563865537,51.0347891166449,14.7976986383577,0.969,3.95608738968062,3.43920674799665,0.832442903389189,0.505112958942417
2005-03-14,0.15,490.54,-8.26,-8.26,162.22,0.9123226933731089,658.41,27.06629,750.88,3.17552224503765,2.27054970568104,0.715016154973943,0.219528466253919,0.207214753166224,16.85,1.1541095890411,212.45,3.09468317552804,0,-16.0641,4.11759799833194,1.37608385686463,0.451685660266874,1.30108445697626,0.601283991047423,33.3877563865537,51.0347891166449,14.7976986383577,0.969,3.95608738968062,3.43920674799665,0.832442903389189,0.505112958942417
2005-03-15,0.0,499.02,-7.97,-7.97,169.02,0.8797397400383549,658.41,27.06629,750.88,3.17552224503765,2.27054970568104,0.715016154973943,0.219528466253919,0.207214753166224,16.85,1.1541095890411,212.45,3.09468317552804,0,-16.0641,4.11759799833194,1.37608385686463,0.451685660266874,1.30108445697626,0.601283991047423,33.3877563865537,51.0347891166449,14.7976986383577,0.969,3.95608738968062,3.43920674799665,0.832442903389189,0.505112958942417
2005-03-16,0.0,499.21,-6.44,-6.44,195.36,0.8145738333688473,658.41,27.06629,750.88,3.17552224503765,2.27054970568104,0.715016154973943,0.219528466253919,0.207214753166224,16.85,1.1541095890411,212.45,3.09468317552804,0,-16.0641,4.11759799833194,1.37608385686463,0.451685660266874,1.30108445697626,0.601283991047423,33.3877563865537,51.0347891166449,14.7976986383577,0.969,3.95608738968062,3.43920674799665,0.832442903389189,0.505112958942417
2005-03-17,0.0,487.31,-4.43,-4.43,233.69,0.7494079266993394,658.41,27.06629,750.88,3.17552224503765,2.27054970568104,0.715016154973943,0.219528466253919,0.207214753166224,16.85,1.1541095890411,212.45,3.09468317552804,0,-16.0641,4.11759799833194,1.37608385686463,0.451685660266874,1.30108445697626,0.601283991047423,33.3877563865537,51.0347891166449,14.7976986383577,0.969,3.95608738968062,3.43920674799665,0.832442903389189,0.505112958942417
2005-03-18,0.1,438.4,-3.28,-3.28,246.54,0.7819908800340932,658.41,27.06629,750.88,3.17552224503765,2.27054970568104,0.715016154973943,0.219528466253919,0.207214753166224,16.85,1.1541095890411,212.45,3.09468317552804,0,-16.0641,4.11759799833194,1.37608385686463,0.451685660266874,1.30108445697626,0.601283991047423,33.3877563865537,51.0347891166449,14.7976986383577,0.969,3.95608738968062,3.43920674799665,0.832442903389189,0.505112958942417
2005-03-19,0.21,388.14,-1.81,-1.81,292.01,0.9123226933731089,658.41,27.06629,750.88,3.17552224503765,2.27054970568104,0.715016154973943,0.219528466253919,0.207214753166224,16.85,1.1541095890411,212.45,3.09468317552804,0,-16.0641,4.11759799833194,1.37608385686463,0.451685660266874,1.30108445697626,0.601283991047423,33.3877563865537,51.0347891166449,14.7976986383577,0.969,3.95608738968062,3.43920674799665,0.832442903389189,0.505112958942417
2005-03-20,2.76,380.77,-0.29,-0.29,350.5,1.375000630726614,658.41,27.06629,750.88,3.17552224503765,2.27054970568104,0.715016154973943,0.219528466253919,0.207214753166224,16.85,1.1541095890411,212.45,3.09468317552804,0,-16.0641,4.11759799833194,1.37608385686463,0.451685660266874,1.30108445697626,0.601283991047423,33.3877563865537,51.0347891166449,14.7976986383577,0.969,3.95608738968062,3.43920674799665,0.832442903389189,0.505112958942417
2005-03-21,2.8,366.89,0.99,0.99,403.65,1.8832947027487745,658.41,27.06629,750.88,3.17552224503765,2.27054970568104,0.715016154973943,0.219528466253919,0.207214753166224,16.85,1.1541095890411,212.45,3.09468317552804,0,-16.0641,4.11759799833194,1.37608385686463,0.451685660266874,1.30108445697626,0.601283991047423,33.3877563865537,51.0347891166449,14.7976986383577,0.969,3.95608738968062,3.43920674799665,0.832442903389189,0.505112958942417
2005-03-22,0.55,398.69,-0.88,-0.88,380.63,1.6324059620711697,658.41,27.06629,750.88,3.17552224503765,2.27054970568104,0.715016154973943,0.219528466253919,0.207214753166224,16.85,1.1541095890411,212.45,3.09468317552804,0,-16.0641,4.11759799833194,1.37608385686463,0.451685660266874,1.30108445697626,0.601283991047423,33.3877563865537,51.0347891166449,14.7976986383577,0.969,3.95608738968062,3.43920674799665,0.832442903389189,0.505112958942417
2005-03-23,6.86,348.46,0.92,0.92,413.59,2.046209469422544,658.41,27.06629,750.88,3.17552224503765,2.27054970568104,0.715016154973943,0.219528466253919,0.207214753166224,16.85,1.1541095890411,212.45,3.09468317552804,0,-16.0641,4.11759799833194,1.37608385686463,0.451685660266874,1.30108445697626,0.601283991047423,33.3877563865537,51.0347891166449,14.7976986383577,0.969,3.95608738968062,3.43920674799665,0.832442903389189,0.505112958942417
2005-03-24,1.84,300.17,-2.12,-2.12,356.55,1.6324059620711697,658.41,27.06629,750.88,3.17552224503765,2.27054970568104,0.715016154973943,0.219528466253919,0.207214753166224,16.85,1.1541095890411,212.45,3.09468317552804,0,-16.0641,4.11759799833194,1.37608385686463,0.451685660266874,1.30108445697626,0.601283991047423,33.3877563865537,51.0347891166449,14.7976986383577,0.969,3.95608738968062,3.43920674799665,0.832442903389189,0.505112958942417
2005-03-25,0.01,472.34,-0.15,-0.15,368.55,1.8213870914127424,658.41,27.06629,750.88,3.17552224503765,2.27054970568104,0.715016154973943,0.219528466253919,0.207214753166224,16.85,1.1541095890411,212.45,3.09468317552804,0,-16.0641,4.11759799833194,1.37608385686463,0.451685660266874,1.30108445697626,0.601283991047423,33.3877563865537,51.0347891166449,14.7976986383577,0.969,3.95608738968062,3.43920674799665,0.832442903389189,0.505112958942417
2005-03-26,0.27,440.74,-0.52,-0.52,329.66,1.9582354954187087,658.41,27.06629,750.88,3.17552224503765,2.27054970568104,0.715016154973943,0.219528466253919,0.207214753166224,16.85,1.1541095890411,212.45,3.09468317552804,0,-16.0641,4.11759799833194,1.37608385686463,0.451685660266874,1.30108445697626,0.601283991047423,33.3877563865537,51.0347891166449,14.7976986383577,0.969,3.95608738968062,3.43920674799665,0.832442903389189,0.505112958942417
2005-03-27,4.6,393.6,0.42,0.42,372.27,2.306873096100575,658.41,27.06629,750.88,3.17552224503765,2.27054970568104,0.715016154973943,0.219528466253919,0.207214753166224,16.85,1.1541095890411,212.45,3.09468317552804,0,-16.0641,4.11759799833194,1.37608385686463,0.451685660266874,1.30108445697626,0.601283991047423,33.3877563865537,51.0347891166449,14.7976986383577,0.969,3.95608738968062,3.43920674799665,0.832442903389189,0.505112958942417
2005-03-28,4.82,332.07,2.19,2.19,467.35,5.278438440230129,658.41,27.06629,750.88,3.17552224503765,2.27054970568104,0.715016154973943,0.219528466253919,0.207214753166224,16.85,1.1541095890411,212.45,3.09468317552804,0,-16.0641,4.11759799833194,1.37608385686463,0.451685660266874,1.30108445697626,0.601283991047423,33.3877563865537,51.0347891166449,14.7976986383577,0.969,3.95608738968062,3.43920674799665,0.832442903389189,0.505112958942417
2005-03-29,0.95,382.05,1.86,1.86,469.84,6.2885099936075,658.41,27.06629,750.88,3.17552224503765,2.27054970568104,0.715016154973943,0.219528466253919,0.207214753166224,16.85,1.1541095890411,212.45,3.09468317552804,0,-16.0641,4.11759799833194,1.37608385686463,0.451685660266874,1.30108445697626,0.601283991047423,33.3877563865537,51.0347891166449,14.7976986383577,0.969,3.95608738968062,3.43920674799665,0.832442903389189,0.505112958942417
2005-03-30,0.0,483.54,1.37,1.37,431.22,5.604267973577668,658.41,27.06629,750.88,3.17552224503765,2.27054970568104,0.715016154973943,0.219528466253919,0.207214753166224,16.85,1.1541095890411,212.45,3.09468317552804,0,-16.0641,4.11759799833194,1.37608385686463,0.451685660266874,1.30108445697626,0.601283991047423,33.3877563865537,51.0347891166449,14.7976986383577,0.969,3.95608738968062,3.43920674799665,0.832442903389189,0.505112958942417
2005-03-31,0.47,422.38,5.22,5.22,518.13,6.2885099936075,658.41,27.06629,750.88,3.17552224503765,2.27054970568104,0.715016154973943,0.219528466253919,0.207214753166224,16.85,1.1541095890411,212.45,3.09468317552804,0,-16.0641,4.11759799833194,1.37608385686463,0.451685660266874,1.30108445697626,0.601283991047423,33.3877563865537,51.0347891166449,14.7976986383577,0.969,3.95608738968062,3.43920674799665,0.832442903389189,0.505112958942417
2005-04-01,3.98,359.83,8.53,8.53,680.44,6.7120883869593,658.41,27.06629,750.88,3.17552224503765,2.27054970568104,0.715016154973943,0.219528466253919,0.207214753166224,16.85,1.1541095890411,212.45,3.09468317552804,0,-16.0641,4.11759799833194,1.37608385686463,0.451685660266874,1.30108445697626,0.601283991047423,33.3877563865537,51.0347891166449,14.7976986383577,0.969,3.95608738968062,3.43920674799665,0.832442903389189,0.505112958942417
2005-04-02,28.29,362.24,5.63,5.63,578.99,11.175952993820582,658.41,27.06629,750.88,3.17552224503765,2.27054970568104,0.715016154973943,0.219528466253919,0.207214753166224,16.85,1.1541095890411,212.45,3.09468317552804,0,-16.0641,4.11759799833194,1.37608385686463,0.451685660266874,1.30108445697626,0.601283991047423,33.3877563865537,51.0347891166449,14.7976986383577,0.969,3.95608738968062,3.43920674799665,0.832442903389189,0.505112958942417
2005-04-03,10.95,278.99,1.74,1.74,492.71,14.238750607287448,658.41,27.06629,750.88,3.17552224503765,2.27054970568104,0.715016154973943,0.219528466253919,0.207214753166224,16.85,1.1541095890411,212.45,3.09468317552804,0,-16.0641,4.11759799833194,1.37608385686463,0.451685660266874,1.30108445697626,0.601283991047423,33.3877563865537,51.0347891166449,14.7976986383577,0.969,3.95608738968062,3.43920674799665,0.832442903389189,0.505112958942417
2005-04-04,0.99,198.91,-0.12,-0.12,469.82,8.699648540379288,658.41,27.06629,750.88,3.17552224503765,2.27054970568104,0.715016154973943,0.219528466253919,0.207214753166224,16.85,1.1541095890411,212.45,3.09468317552804,0,-16.0641,4.11759799833194,1.37608385686463,0.451685660266874,1.30108445697626,0.601283991047423,33.3877563865537,51.0347891166449,14.7976986383577,0.969,3.95608738968062,3.43920674799665,0.832442903389189,0.505112958942417
2005-04-05,0.0,508.21,0.59,0.59,410.3,6.7772542936288085,658.41,27.06629,750.88,3.17552224503765,2.27054970568104,0.715016154973943,0.219528466253919,0.207214753166224,16.85,1.1541095890411,212.45,3.09468317552804,0,-16.0641,4.11759799833194,1.37608385686463,0.451685660266874,1.30108445697626,0.601283991047423,33.3877563865537,51.0347891166449,14.7976986383577,0.969,3.95608738968062,3.43920674799665,0.832442903389189,0.505112958942417
2005-04-06,0.0,570.28,5.51,5.51,462.82,5.213272533560622,658.41,27.06629,750.88,3.17552224503765,2.27054970568104,0.715016154973943,0.219528466253919,0.207214753166224,16.85,1.1541095890411,212.45,3.09468317552804,0,-16.0641,4.11759799833194,1.37608385686463,0.451685660266874,1.30108445697626,0.601283991047423,33.3877563865537,51.0347891166449,14.7976986383577,0.969,3.95608738968062,3.43920674799665,0.832442903389189,0.505112958942417
2005-04-07,0.78,432.68,11.49,11.49,638.8,4.36611574685702,658.41,27.06629,750.88,3.17552224503765,2.27054970568104,0.715016154973943,0.219528466253919,0.207214753166224,16.85,1.1541095890411,212.45,3.09468317552804,0,-16.0641,4.11759799833194,1.37608385686463,0.451685660266874,1.30108445697626,0.601283991047423,33.3877563865537,51.0347891166449,14.7976986383577,0.969,3.95608738968062,3.43920674799665,0.832442903389189,0.505112958942417
2005-04-08,0.21,553.22,9.96,9.96,577.15,3.681873726827189,658.41,27.06629,750.88,3.17552224503765,2.27054970568104,0.715016154973943,0.219528466253919,0.207214753166224,16.85,1.1541095890411,212.45,3.09468317552804,0,-16.0641,4.11759799833194,1.37608385686463,0.451685660266874,1.30108445697626,0.601283991047423,33.3877563865537,51.0347891166449,14.7976986383577,0.969,3.95608738968062,3.43920674799665,0.832442903389189,0.505112958942417
2005-04-09,0.0,570.63,4.97,4.97,421.05,2.919432618793948,658.41,27.06629,750.88,3.17552224503765,2.27054970568104,0.715016154973943,0.219528466253919,0.207214753166224,16.85,1.1541095890411,212.45,3.09468317552804,0,-16.0641,4.11759799833194,1.37608385686463,0.451685660266874,1.30108445697626,0.601283991047423,33.3877563865537,51.0347891166449,14.7976986383577,0.969,3.95608738968062,3.43920674799665,0.832442903389189,0.505112958942417
2005-04-10,0.0,575.12,6.46,6.46,448.59,2.414396842105263,658.41,27.06629,750.88,3.17552224503765,2.27054970568104,0.715016154973943,0.219528466253919,0.207214753166224,16.85,1.1541095890411,212.45,3.09468317552804,0,-16.0641,4.11759799833194,1.37608385686463,0.451685660266874,1.30108445697626,0.601283991047423,33.3877563865537,51.0347891166449,14.7976986383577,0.969,3.95608738968062,3.43920674799665,0.832442903389189,0.505112958942417
2005-04-11,0.0,575.49,8.04,8.04,460.11,2.0494677647560193,658.41,27.06629,750.88,3.17552224503765,2.27054970568104,0.715016154973943,0.219528466253919,0.207214753166224,16.85,1.1541095890411,212.45,3.09468317552804,0,-16.0641,4.11759799833194,1.37608385686463,0.451685660266874,1.30108445697626,0.601283991047423,33.3877563865537,51.0347891166449,14.7976986383577,0.969,3.95608738968062,3.43920674799665,0.832442903389189,0.505112958942417
2005-04-12,0.0,576.64,3.38,3.38,346.81,1.7953207287449393,658.41,27.06629,750.88,3.17552224503765,2.27054970568104,0.715016154973943,0.219528466253919,0.207214753166224,16.85,1.1541095890411,212.45,3.09468317552804,0,-16.0641,4.11759799833194,1.37608385686463,0.451685660266874,1.30108445697626,0.601283991047423,33.3877563865537,51.0347891166449,14.7976986383577,0.969,3.95608738968062,3.43920674799665,0.832442903389189,0.505112958942417
2005-04-13,0.0,577.48,2.39,2.39,329.13,1.619372780737268,658.41,27.06629,750.88,3.17552224503765,2.27054970568104,0.715016154973943,0.219528466253919,0.207214753166224,16.85,1.1541095890411,212.45,3.09468317552804,0,-16.0641,4.11759799833194,1.37608385686463,0.451685660266874,1.30108445697626,0.601283991047423,33.3877563865537,51.0347891166449,14.7976986383577,0.969,3.95608738968062,3.43920674799665,0.832442903389189,0.505112958942417
2005-04-14,0.0,580.48,2.65,2.65,335.08,1.4434248327295973,658.41,27.06629,750.88,3.17552224503765,2.27054970568104,0.715016154973943,0.219528466253919,0.207214753166224,16.85,1.1541095890411,212.45,3.09468317552804,0,-16.0641,4.11759799833194,1.37608385686463,0.451685660266874,1.30108445697626,0.601283991047423,33.3877563865537,51.0347891166449,14.7976986383577,0.969,3.95608738968062,3.43920674799665,0.832442903389189,0.505112958942417
2005-04-15,0.0,581.94,3.91,3.91,363.89,1.2902849520562538,658.41,27.06629,750.88,3.17552224503765,2.27054970568104,0.715016154973943,0.219528466253919,0.207214753166224,16.85,1.1541095890411,212.45,3.09468317552804,0,-16.0641,4.11759799833194,1.37608385686463,0.451685660266874,1.30108445697626,0.601283991047423,33.3877563865537,51.0347891166449,14.7976986383577,0.969,3.95608738968062,3.43920674799665,0.832442903389189,0.505112958942417
2005-04-16,0.0,584.05,5.16,5.16,398.32,1.1664697293841892,658.41,27.06629,750.88,3.17552224503765,2.27054970568104,0.715016154973943,0.219528466253919,0.207214753166224,16.85,1.1541095890411,212.45,3.09468317552804,0,-16.0641,4.11759799833194,1.37608385686463,0.451685660266874,1.30108445697626,0.601283991047423,33.3877563865537,51.0347891166449,14.7976986383577,0.969,3.95608738968062,3.43920674799665,0.832442903389189,0.505112958942417
2005-04-17,0.0,586.42,7.09,7.09,450.88,1.0784957553803536,658.41,27.06629,750.88,3.17552224503765,2.27054970568104,0.715016154973943,0.219528466253919,0.207214753166224,16.85,1.1541095890411,212.45,3.09468317552804,0,-16.0641,4.11759799833194,1.37608385686463,0.451685660266874,1.30108445697626,0.601283991047423,33.3877563865537,51.0347891166449,14.7976986383577,0.969,3.95608738968062,3.43920674799665,0.832442903389189,0.505112958942417
2005-04-18,0.0,588.57,10.2,10.2,523.88,0.9970383720434689,658.41,27.06629,750.88,3.17552224503765,2.27054970568104,0.715016154973943,0.219528466253919,0.207214753166224,16.85,1.1541095890411,212.45,3.09468317552804,0,-16.0641,4.11759799833194,1.37608385686463,0.451685660266874,1.30108445697626,0.601283991047423,33.3877563865537,51.0347891166449,14.7976986383577,0.969,3.95608738968062,3.43920674799665,0.832442903389189,0.505112958942417
2005-04-19,0.0,589.06,10.4,10.4,535.96,0.9286141700404857,658.41,27.06629,750.88,3.17552224503765,2.27054970568104,0.715016154973943,0.219528466253919,0.207214753166224,16.85,1.1541095890411,212.45,3.09468317552804,0,-16.0641,4.11759799833194,1.37608385686463,0.451685660266874,1.30108445697626,0.601283991047423,33.3877563865537,51.0347891166449,14.7976986383577,0.969,3.95608738968062,3.43920674799665,0.832442903389189,0.505112958942417
2005-04-20,4.68,451.56,12.61,12.61,597.24,0.9220975793735351,658.41,27.06629,750.88,3.17552224503765,2.27054970568104,0.715016154973943,0.219528466253919,0.207214753166224,16.85,1.1541095890411,212.45,3.09468317552804,0,-16.0641,4.11759799833194,1.37608385686463,0.451685660266874,1.30108445697626,0.601283991047423,33.3877563865537,51.0347891166449,14.7976986383577,0.969,3.95608738968062,3.43920674799665,0.832442903389189,0.505112958942417
2005-04-21,1.39,559.98,11.48,11.48,510.04,1.0556876880460258,658.41,27.06629,750.88,3.17552224503765,2.27054970568104,0.715016154973943,0.219528466253919,0.207214753166224,16.85,1.1541095890411,212.45,3.09468317552804,0,-16.0641,4.11759799833194,1.37608385686463,0.451685660266874,1.30108445697626,0.601283991047423,33.3877563865537,51.0347891166449,14.7976986383577,0.969,3.95608738968062,3.43920674799665,0.832442903389189,0.505112958942417
2005-04-22,12.94,430.07,5.06,5.06,432.86,0.8895146260387811,658.41,27.06629,750.88,3.17552224503765,2.27054970568104,0.715016154973943,0.219528466253919,0.207214753166224,16.85,1.1541095890411,212.45,3.09468317552804,0,-16.0641,4.11759799833194,1.37608385686463,0.451685660266874,1.30108445697626,0.601283991047423,33.3877563865537,51.0347891166449,14.7976986383577,0.969,3.95608738968062,3.43920674799665,0.832442903389189,0.505112958942417
2005-04-23,10.52,434.4,6.53,6.53,504.43,1.3782589260600893,658.41,27.06629,750.88,3.17552224503765,2.27054970568104,0.715016154973943,0.219528466253919,0.207214753166224,16.85,1.1541095890411,212.45,3.09468317552804,0,-16.0641,4.11759799833194,1.37608385686463,0.451685660266874,1.30108445697626,0.601283991047423,33.3877563865537,51.0347891166449,14.7976986383577,0.969,3.95608738968062,3.43920674799665,0.832442903389189,0.505112958942417
2005-04-24,7.52,399.39,5.77,5.77,508.77,2.0657592414233963,658.41,27.06629,750.88,3.17552224503765,2.27054970568104,0.715016154973943,0.219528466253919,0.207214753166224,16.85,1.1541095890411,212.45,3.09468317552804,0,-16.0641,4.11759799833194,1.37608385686463,0.451685660266874,1.30108445697626,0.601283991047423,33.3877563865537,51.0347891166449,14.7976986383577,0.969,3.95608738968062,3.43920674799665,0.832442903389189,0.505112958942417
2005-04-25,1.5,285.78,1.8,1.8,488.93,1.5802732367355636,658.41,27.06629,750.88,3.17552224503765,2.27054970568104,0.715016154973943,0.219528466253919,0.207214753166224,16.85,1.1541095890411,212.45,3.09468317552804,0,-16.0641,4.11759799833194,1.37608385686463,0.451685660266874,1.30108445697626,0.601283991047423,33.3877563865537,51.0347891166449,14.7976986383577,0.969,3.95608738968062,3.43920674799665,0.832442903389189,0.505112958942417
2005-04-26,0.08,343.72,3.58,3.58,560.17,1.3065764287236308,658.41,27.06629,750.88,3.17552224503765,2.27054970568104,0.715016154973943,0.219528466253919,0.207214753166224,16.85,1.1541095890411,212.45,3.09468317552804,0,-16.0641,4.11759799833194,1.37608385686463,0.451685660266874,1.30108445697626,0.601283991047423,33.3877563865537,51.0347891166449,14.7976986383577,0.969,3.95608738968062,3.43920674799665,0.832442903389189,0.505112958942417
2005-04-27,0.76,425.35,8.39,8.39,623.22,1.1664697293841892,658.41,27.06629,750.88,3.17552224503765,2.27054970568104,0.715016154973943,0.219528466253919,0.207214753166224,16.85,1.1541095890411,212.45,3.09468317552804,0,-16.0641,4.11759799833194,1.37608385686463,0.451685660266874,1.30108445697626,0.601283991047423,33.3877563865537,51.0347891166449,14.7976986383577,0.969,3.95608738968062,3.43920674799665,0.832442903389189,0.505112958942417
2005-04-28,0.99,404.01,6.44,6.44,518.9,1.13062848071596,658.41,27.06629,750.88,3.17552224503765,2.27054970568104,0.715016154973943,0.219528466253919,0.207214753166224,16.85,1.1541095890411,212.45,3.09468317552804,0,-16.0641,4.11759799833194,1.37608385686463,0.451685660266874,1.30108445697626,0.601283991047423,33.3877563865537,51.0347891166449,14.7976986383577,0.969,3.95608738968062,3.43920674799665,0.832442903389189,0.505112958942417
2005-04-29,2.13,400.45,2.2,2.2,432.53,1.071979164713403,658.41,27.06629,750.88,3.17552224503765,2.27054970568104,0.715016154973943,0.219528466253919,0.207214753166224,16.85,1.1541095890411,212.45,3.09468317552804,0,-16.0641,4.11759799833194,1.37608385686463,0.451685660266874,1.30108445697626,0.601283991047423,33.3877563865537,51.0347891166449,14.7976986383577,0.969,3.95608738968062,3.43920674799665,0.832442903389189,0.505112958942417
2005-04-30,2.35,360.08,4.81,4.81,543.06,1.2251190453867462,658.41,27.06629,750.88,3.17552224503765,2.27054970568104,0.715016154973943,0.219528466253919,0.207214753166224,16.85,1.1541095890411,212.45,3.09468317552804,0,-16.0641,4.11759799833194,1.37608385686463,0.451685660266874,1.30108445697626,0.601283991047423,33.3877563865537,51.0347891166449,14.7976986383577,0.969,3.95608738968062,3.43920674799665,0.832442903389189,0.505112958942417
2005-05-01,1.62,360.05,4.57,4.57,527.31,1.2479271127210738,658.41,27.06629,750.88,3.17552224503765,2.27054970568104,0.715016154973943,0.219528466253919,0.207214753166224,16.85,1.1541095890411,212.45,3.09468317552804,0,-16.0641,4.11759799833194,1.37608385686463,0.451685660266874,1.30108445697626,0.601283991047423,33.3877563865537,51.0347891166449,14.7976986383577,0.969,3.95608738968062,3.43920674799665,0.832442903389189,0.505112958942417
2005-05-02,1.37,405.5,4.22,4.22,480.64,1.1013038227146814,658.41,27.06629,750.88,3.17552224503765,2.27054970568104,0.715016154973943,0.219528466253919,0.207214753166224,16.85,1.1541095890411,212.45,3.09468317552804,0,-16.0641,4.11759799833194,1.37608385686463,0.451685660266874,1.30108445697626,0.601283991047423,33.3877563865537,51.0347891166449,14.7976986383577,0.969,3.95608738968062,3.43920674799665,0.832442903389189,0.505112958942417
2005-05-03,0.91,361.66,2.87,2.87,447.66,1.0426545067121245,658.41,27.06629,750.88,3.17552224503765,2.27054970568104,0.715016154973943,0.219528466253919,0.207214753166224,16.85,1.1541095890411,212.45,3.09468317552804,0,-16.0641,4.11759799833194,1.37608385686463,0.451685660266874,1.30108445697626,0.601283991047423,33.3877563865537,51.0347891166449,14.7976986383577,0.969,3.95608738968062,3.43920674799665,0.832442903389189,0.505112958942417
2005-05-04,0.16,465.62,1.45,1.45,398.47,0.9937800767099936,658.41,27.06629,750.88,3.17552224503765,2.27054970568104,0.715016154973943,0.219528466253919,0.207214753166224,16.85,1.1541095890411,212.45,3.09468317552804,0,-16.0641,4.11759799833194,1.37608385686463,0.451685660266874,1.30108445697626,0.601283991047423,33.3877563865537,51.0347891166449,14.7976986383577,0.969,3.95608738968062,3.43920674799665,0.832442903389189,0.505112958942417
2005-05-05,0.0,529.29,1.16,1.16,378.53,0.8927729213722564,658.41,27.06629,750.88,3.17552224503765,2.27054970568104,0.715016154973943,0.219528466253919,0.207214753166224,16.85,1.1541095890411,212.45,3.09468317552804,0,-16.0641,4.11759799833194,1.37608385686463,0.451685660266874,1.30108445697626,0.601283991047423,33.3877563865537,51.0347891166449,14.7976986383577,0.969,3.95608738968062,3.43920674799665,0.832442903389189,0.505112958942417
2005-05-06,0.0,599.07,5.44,5.44,443.8,0.8406401960366502,658.41,27.06629,750.88,3.17552224503765,2.27054970568104,0.715016154973943,0.219528466253919,0.207214753166224,16.85,1.1541095890411,212.45,3.09468317552804,0,-16.0641,4.11759799833194,1.37608385686463,0.451685660266874,1.30108445697626,0.601283991047423,33.3877563865537,51.0347891166449,14.7976986383577,0.969,3.95608738968062,3.43920674799665,0.832442903389189,0.505112958942417
2005-05-07,0.0,589.04,8.07,8.07,503.89,0.7950240613679949,658.41,27.06629,750.88,3.17552224503765,2.27054970568104,0.715016154973943,0.219528466253919,0.207214753166224,16.85,1.1541095890411,212.45,3.09468317552804,0,-16.0641,4.11759799833194,1.37608385686463,0.451685660266874,1.30108445697626,0.601283991047423,33.3877563865537,51.0347891166449,14.7976986383577,0.969,3.95608738968062,3.43920674799665,0.832442903389189,0.505112958942417
2005-05-08,0.0,592.12,8.38,8.38,507.79,0.7461496313658639,658.41,27.06629,750.88,3.17552224503765,2.27054970568104,0.715016154973943,0.219528466253919,0.207214753166224,16.85,1.1541095890411,212.45,3.09468317552804,0,-16.0641,4.11759799833194,1.37608385686463,0.451685660266874,1.30108445697626,0.601283991047423,33.3877563865537,51.0347891166449,14.7976986383577,0.969,3.95608738968062,3.43920674799665,0.832442903389189,0.505112958942417
2005-05-09,0.0,579.61,8.96,8.96,542.91,0.6744671340294054,658.41,27.06629,750.88,3.17552224503765,2.27054970568104,0.715016154973943,0.219528466253919,0.207214753166224,16.85,1.1541095890411,212.45,3.09468317552804,0,-16.0641,4.11759799833194,1.37608385686463,0.451685660266874,1.30108445697626,0.601283991047423,33.3877563865537,51.0347891166449,14.7976986383577,0.969,3.95608738968062,3.43920674799665,0.832442903389189,0.505112958942417
2005-05-10,0.0,592.01,11.57,11.57,644.61,0.62885099936075,658.41,27.06629,750.88,3.17552224503765,2.27054970568104,0.715016154973943,0.219528466253919,0.207214753166224,16.85,1.1541095890411,212.45,3.09468317552804,0,-16.0641,4.11759799833194,1.37608385686463,0.451685660266874,1.30108445697626,0.601283991047423,33.3877563865537,51.0347891166449,14.7976986383577,0.969,3.95608738968062,3.43920674799665,0.832442903389189,0.505112958942417
2005-05-11,0.05,509.12,16.62,16.62,810.49,0.58649316002557,658.41,27.06629,750.88,3.17552224503765,2.27054970568104,0.715016154973943,0.219528466253919,0.207214753166224,16.85,1.1541095890411,212.45,3.09468317552804,0,-16.0641,4.11759799833194,1.37608385686463,0.451685660266874,1.30108445697626,0.601283991047423,33.3877563865537,51.0347891166449,14.7976986383577,0.969,3.95608738968062,3.43920674799665,0.832442903389189,0.505112958942417
2005-05-12,0.01,578.81,14.76,14.76,654.28,0.54413532069039,658.41,27.06629,750.88,3.17552224503765,2.27054970568104,0.715016154973943,0.219528466253919,0.207214753166224,16.85,1.1541095890411,212.45,3.09468317552804,0,-16.0641,4.11759799833194,1.37608385686463,0.451685660266874,1.30108445697626,0.601283991047423,33.3877563865537,51.0347891166449,14.7976986383577,0.969,3.95608738968062,3.43920674799665,0.832442903389189,0.505112958942417
2005-05-13,0.73,415.26,5.34,5.34,447.22,0.49526089068825907,658.41,27.06629,750.88,3.17552224503765,2.27054970568104,0.715016154973943,0.219528466253919,0.207214753166224,16.85,1.1541095890411,212.45,3.09468317552804,0,-16.0641,4.11759799833194,1.37608385686463,0.451685660266874,1.30108445697626,0.601283991047423,33.3877563865537,51.0347891166449,14.7976986383577,0.969,3.95608738968062,3.43920674799665,0.832442903389189,0.505112958942417
2005-05-14,3.77,444.53,7.9,7.9,583.88,0.5017774813552098,658.41,27.06629,750.88,3.17552224503765,2.27054970568104,0.715016154973943,0.219528466253919,0.207214753166224,16.85,1.1541095890411,212.45,3.09468317552804,0,-16.0641,4.11759799833194,1.37608385686463,0.451685660266874,1.30108445697626,0.601283991047423,33.3877563865537,51.0347891166449,14.7976986383577,0.969,3.95608738968062,3.43920674799665,0.832442903389189,0.505112958942417
2005-05-15,0.94,487.92,14.93,14.93,872.86,0.553910206690816,658.41,27.06629,750.88,3.17552224503765,2.27054970568104,0.715016154973943,0.219528466253919,0.207214753166224,16.85,1.1541095890411,212.45,3.09468317552804,0,-16.0641,4.11759799833194,1.37608385686463,0.451685660266874,1.30108445697626,0.601283991047423,33.3877563865537,51.0347891166449,14.7976986383577,0.969,3.95608738968062,3.43920674799665,0.832442903389189,0.505112958942417
2005-05-16,0.0,544.13,11.45,11.45,645.09,0.47245282335393135,658.41,27.06629,750.88,3.17552224503765,2.27054970568104,0.715016154973943,0.219528466253919,0.207214753166224,16.85,1.1541095890411,212.45,3.09468317552804,0,-16.0641,4.11759799833194,1.37608385686463,0.451685660266874,1.30108445697626,0.601283991047423,33.3877563865537,51.0347891166449,14.7976986383577,0.969,3.95608738968062,3.43920674799665,0.832442903389189,0.505112958942417
2005-05-17,0.0,518.05,5.0,5.0,453.06,0.4366115746857021,658.41,27.06629,750.88,3.17552224503765,2.27054970568104,0.715016154973943,0.219528466253919,0.207214753166224,16.85,1.1541095890411,212.45,3.09468317552804,0,-16.0641,4.11759799833194,1.37608385686463,0.451685660266874,1.30108445697626,0.601283991047423,33.3877563865537,51.0347891166449,14.7976986383577,0.969,3.95608738968062,3.43920674799665,0.832442903389189,0.505112958942417
2005-05-18,0.0,571.26,5.78,5.78,443.17,0.4040286213509482,658.41,27.06629,750.88,3.17552224503765,2.27054970568104,0.715016154973943,0.219528466253919,0.207214753166224,16.85,1.1541095890411,212.45,3.09468317552804,0,-16.0641,4.11759799833194,1.37608385686463,0.451685660266874,1.30108445697626,0.601283991047423,33.3877563865537,51.0347891166449,14.7976986383577,0.969,3.95608738968062,3.43920674799665,0.832442903389189,0.505112958942417
2005-05-19,0.0,580.27,7.59,7.59,498.05,0.3747039633496697,658.41,27.06629,750.88,3.17552224503765,2.27054970568104,0.715016154973943,0.219528466253919,0.207214753166224,16.85,1.1541095890411,212.45,3.09468317552804,0,-16.0641,4.11759799833194,1.37608385686463,0.451685660266874,1.30108445697626,0.601283991047423,33.3877563865537,51.0347891166449,14.7976986383577,0.969,3.95608738968062,3.43920674799665,0.832442903389189,0.505112958942417
2005-05-20,0.43,429.18,9.91,9.91,600.87,0.35189589601534194,658.41,27.06629,750.88,3.17552224503765,2.27054970568104,0.715016154973943,0.219528466253919,0.207214753166224,16.85,1.1541095890411,212.45,3.09468317552804,0,-16.0641,4.11759799833194,1.37608385686463,0.451685660266874,1.30108445697626,0.601283991047423,33.3877563865537,51.0347891166449,14.7976986383577,0.969,3.95608738968062,3.43920674799665,0.832442903389189,0.505112958942417
2005-05-21,1.36,430.4,9.5,9.5,601.55,0.3453793053483912,658.41,27.06629,750.88,3.17552224503765,2.27054970568104,0.715016154973943,0.219528466253919,0.207214753166224,16.85,1.1541095890411,212.45,3.09468317552804,0,-16.0641,4.11759799833194,1.37608385686463,0.451685660266874,1.30108445697626,0.601283991047423,33.3877563865537,51.0347891166449,14.7976986383577,0.969,3.95608738968062,3.43920674799665,0.832442903389189,0.505112958942417
2005-05-22,0.33,534.3,11.19,11.19,648.15,0.3421210100149158,658.41,27.06629,750.88,3.17552224503765,2.27054970568104,0.715016154973943,0.219528466253919,0.207214753166224,16.85,1.1541095890411,212.45,3.09468317552804,0,-16.0641,4.11759799833194,1.37608385686463,0.451685660266874,1.30108445697626,0.601283991047423,33.3877563865537,51.0347891166449,14.7976986383577,0.969,3.95608738968062,3.43920674799665,0.832442903389189,0.505112958942417
2005-05-23,1.4,362.63,7.54,7.54,620.49,0.32257123801406345,658.41,27.06629,750.88,3.17552224503765,2.27054970568104,0.715016154973943,0.219528466253919,0.207214753166224,16.85,1.1541095890411,212.45,3.09468317552804,0,-16.0641,4.11759799833194,1.37608385686463,0.451685660266874,1.30108445697626,0.601283991047423,33.3877563865537,51.0347891166449,14.7976986383577,0.969,3.95608738968062,3.43920674799665,0.832442903389189,0.505112958942417
2005-05-24,3.72,343.28,7.66,7.66,666.68,0.35515419134881737,658.41,27.06629,750.88,3.17552224503765,2.27054970568104,0.715016154973943,0.219528466253919,0.207214753166224,16.85,1.1541095890411,212.45,3.09468317552804,0,-16.0641,4.11759799833194,1.37608385686463,0.451685660266874,1.30108445697626,0.601283991047423,33.3877563865537,51.0347891166449,14.7976986383577,0.969,3.95608738968062,3.43920674799665,0.832442903389189,0.505112958942417
2005-05-25,0.88,377.55,8.03,8.03,683.41,0.3649290773492435,658.41,27.06629,750.88,3.17552224503765,2.27054970568104,0.715016154973943,0.219528466253919,0.207214753166224,16.85,1.1541095890411,212.45,3.09468317552804,0,-16.0641,4.11759799833194,1.37608385686463,0.451685660266874,1.30108445697626,0.601283991047423,33.3877563865537,51.0347891166449,14.7976986383577,0.969,3.95608738968062,3.43920674799665,0.832442903389189,0.505112958942417
2005-05-26,0.0,561.9,9.87,9.87,636.6,0.30627976134668655,658.41,27.06629,750.88,3.17552224503765,2.27054970568104,0.715016154973943,0.219528466253919,0.207214753166224,16.85,1.1541095890411,212.45,3.09468317552804,0,-16.0641,4.11759799833194,1.37608385686463,0.451685660266874,1.30108445697626,0.601283991047423,33.3877563865537,51.0347891166449,14.7976986383577,0.969,3.95608738968062,3.43920674799665,0.832442903389189,0.505112958942417
2005-05-27,3.85,432.9,12.07,12.07,695.65,0.2834716940123588,658.41,27.06629,750.88,3.17552224503765,2.27054970568104,0.715016154973943,0.219528466253919,0.207214753166224,16.85,1.1541095890411,212.45,3.09468317552804,0,-16.0641,4.11759799833194,1.37608385686463,0.451685660266874,1.30108445697626,0.601283991047423,33.3877563865537,51.0347891166449,14.7976986383577,0.969,3.95608738968062,3.43920674799665,0.832442903389189,0.505112958942417
2005-05-28,4.74,423.07,12.49,12.49,715.72,0.3193129426805881,658.41,27.06629,750.88,3.17552224503765,2.27054970568104,0.715016154973943,0.219528466253919,0.207214753166224,16.85,1.1541095890411,212.45,3.09468317552804,0,-16.0641,4.11759799833194,1.37608385686463,0.451685660266874,1.30108445697626,0.601283991047423,33.3877563865537,51.0347891166449,14.7976986383577,0.969,3.95608738968062,3.43920674799665,0.832442903389189,0.505112958942417
2005-05-29,1.38,392.11,9.57,9.57,667.98,0.3421210100149158,658.41,27.06629,750.88,3.17552224503765,2.27054970568104,0.715016154973943,0.219528466253919,0.207214753166224,16.85,1.1541095890411,212.45,3.09468317552804,0,-16.0641,4.11759799833194,1.37608385686463,0.451685660266874,1.30108445697626,0.601283991047423,33.3877563865537,51.0347891166449,14.7976986383577,0.969,3.95608738968062,3.43920674799665,0.832442903389189,0.505112958942417
2005-05-30,0.57,407.03,10.05,10.05,664.23,0.29650487534626035,658.41,27.06629,750.88,3.17552224503765,2.27054970568104,0.715016154973943,0.219528466253919,0.207214753166224,16.85,1.1541095890411,212.45,3.09468317552804,0,-16.0641,4.11759799833194,1.37608385686463,0.451685660266874,1.30108445697626,0.601283991047423,33.3877563865537,51.0347891166449,14.7976986383577,0.969,3.95608738968062,3.43920674799665,0.832442903389189,0.505112958942417
2005-05-31,0.12,567.17,10.93,10.93,639.02,0.276955103345408,658.41,27.06629,750.88,3.17552224503765,2.27054970568104,0.715016154973943,0.219528466253919,0.207214753166224,16.85,1.1541095890411,212.45,3.09468317552804,0,-16.0641,4.11759799833194,1.37608385686463,0.451685660266874,1.30108445697626,0.601283991047423,33.3877563865537,51.0347891166449,14.7976986383577,0.969,3.95608738968062,3.43920674799665,0.832442903389189,0.505112958942417
2005-06-01,0.0,573.89,13.58,13.58,737.87,0.2508887406776049,658.41,27.06629,750.88,3.17552224503765,2.27054970568104,0.715016154973943,0.219528466253919,0.207214753166224,16.85,1.1541095890411,212.45,3.09468317552804,0,-16.0641,4.11759799833194,1.37608385686463,0.451685660266874,1.30108445697626,0.601283991047423,33.3877563865537,51.0347891166449,14.7976986383577,0.969,3.95608738968062,3.43920674799665,0.832442903389189,0.505112958942417
2005-06-02,0.45,424.36,15.98,15.98,916.26,0.23459726401022798,658.41,27.06629,750.88,3.17552224503765,2.27054970568104,0.715016154973943,0.219528466253919,0.207214753166224,16.85,1.1541095890411,212.45,3.09468317552804,0,-16.0641,4.11759799833194,1.37608385686463,0.451685660266874,1.30108445697626,0.601283991047423,33.3877563865537,51.0347891166449,14.7976986383577,0.969,3.95608738968062,3.43920674799665,0.832442903389189,0.505112958942417
2005-06-03,0.7,405.39,17.53,17.53,1071.84,0.23459726401022798,658.41,27.06629,750.88,3.17552224503765,2.27054970568104,0.715016154973943,0.219528466253919,0.207214753166224,16.85,1.1541095890411,212.45,3.09468317552804,0,-16.0641,4.11759799833194,1.37608385686463,0.451685660266874,1.30108445697626,0.601283991047423,33.3877563865537,51.0347891166449,14.7976986383577,0.969,3.95608738968062,3.43920674799665,0.832442903389189,0.505112958942417
2005-06-04,0.15,332.43,15.47,15.47,1117.53,0.2899882846793096,658.41,27.06629,750.88,3.17552224503765,2.27054970568104,0.715016154973943,0.219528466253919,0.207214753166224,16.85,1.1541095890411,212.45,3.09468317552804,0,-16.0641,4.11759799833194,1.37608385686463,0.451685660266874,1.30108445697626,0.601283991047423,33.3877563865537,51.0347891166449,14.7976986383577,0.969,3.95608738968062,3.43920674799665,0.832442903389189,0.505112958942417
2005-06-05,0.1,373.77,15.59,15.59,1122.72,0.25414703601108035,658.41,27.06629,750.88,3.17552224503765,2.27054970568104,0.715016154973943,0.219528466253919,0.207214753166224,16.85,1.1541095890411,212.45,3.09468317552804,0,-16.0641,4.11759799833194,1.37608385686463,0.451685660266874,1.30108445697626,0.601283991047423,33.3877563865537,51.0347891166449,14.7976986383577,0.969,3.95608738968062,3.43920674799665,0.832442903389189,0.505112958942417
2005-06-06,20.39,400.68,19.6,19.6,1222.62,0.46919452802045597,658.41,27.06629,750.88,3.17552224503765,2.27054970568104,0.715016154973943,0.219528466253919,0.207214753166224,16.85,1.1541095890411,212.45,3.09468317552804,0,-16.0641,4.11759799833194,1.37608385686463,0.451685660266874,1.30108445697626,0.601283991047423,33.3877563865537,51.0347891166449,14.7976986383577,0.969,3.95608738968062,3.43920674799665,0.832442903389189,0.505112958942417
2005-06-07,5.95,475.36,20.05,20.05,1217.93,0.6777254293628808,658.41,27.06629,750.88,3.17552224503765,2.27054970568104,0.715016154973943,0.219528466253919,0.207214753166224,16.85,1.1541095890411,212.45,3.09468317552804,0,-16.0641,4.11759799833194,1.37608385686463,0.451685660266874,1.30108445697626,0.601283991047423,33.3877563865537,51.0347891166449,14.7976986383577,0.969,3.95608738968062,3.43920674799665,0.832442903389189,0.505112958942417
2005-06-08,0.2,510.1,21.11,21.11,1268.94,0.3193129426805881,658.41,27.06629,750.88,3.17552224503765,2.27054970568104,0.715016154973943,0.219528466253919,0.207214753166224,16.85,1.1541095890411,212.45,3.09468317552804,0,-16.0641,4.11759799833194,1.37608385686463,0.451685660266874,1.30108445697626,0.601283991047423,33.3877563865537,51.0347891166449,14.7976986383577,0.969,3.95608738968062,3.43920674799665,0.832442903389189,0.505112958942417
2005-06-09,0.03,497.06,22.07,22.07,1383.28,0.2802133986788834,658.41,27.06629,750.88,3.17552224503765,2.27054970568104,0.715016154973943,0.219528466253919,0.207214753166224,16.85,1.1541095890411,212.45,3.09468317552804,0,-16.0641,4.11759799833194,1.37608385686463,0.451685660266874,1.30108445697626,0.601283991047423,33.3877563865537,51.0347891166449,14.7976986383577,0.969,3.95608738968062,3.43920674799665,0.832442903389189,0.505112958942417
2005-06-10,1.19,376.37,22.84,22.84,1564.83,0.23785555934370337,658.41,27.06629,750.88,3.17552224503765,2.27054970568104,0.715016154973943,0.219528466253919,0.207214753166224,16.85,1.1541095890411,212.45,3.09468317552804,0,-16.0641,4.11759799833194,1.37608385686463,0.451685660266874,1.30108445697626,0.601283991047423,33.3877563865537,51.0347891166449,14.7976986383577,0.969,3.95608738968062,3.43920674799665,0.832442903389189,0.505112958942417
2005-06-11,0.36,469.56,23.27,23.27,1599.69,0.22156408267632643,658.41,27.06629,750.88,3.17552224503765,2.27054970568104,0.715016154973943,0.219528466253919,0.207214753166224,16.85,1.1541095890411,212.45,3.09468317552804,0,-16.0641,4.11759799833194,1.37608385686463,0.451685660266874,1.30108445697626,0.601283991047423,33.3877563865537,51.0347891166449,14.7976986383577,0.969,3.95608738968062,3.43920674799665,0.832442903389189,0.505112958942417
2005-06-12,1.18,355.7,23.27,23.27,1694.72,0.21830578734285105,658.41,27.06629,750.88,3.17552224503765,2.27054970568104,0.715016154973943,0.219528466253919,0.207214753166224,16.85,1.1541095890411,212.45,3.09468317552804,0,-16.0641,4.11759799833194,1.37608385686463,0.451685660266874,1.30108445697626,0.601283991047423,33.3877563865537,51.0347891166449,14.7976986383577,0.969,3.95608738968062,3.43920674799665,0.832442903389189,0.505112958942417
2005-06-13,1.16,367.7,23.5,23.5,1721.72,0.2671802173449819,658.41,27.06629,750.88,3.17552224503765,2.27054970568104,0.715016154973943,0.219528466253919,0.207214753166224,16.85,1.1541095890411,212.45,3.09468317552804,0,-16.0641,4.11759799833194,1.37608385686463,0.451685660266874,1.30108445697626,0.601283991047423,33.3877563865537,51.0347891166449,14.7976986383577,0.969,3.95608738968062,3.43920674799665,0.832442903389189,0.505112958942417
2005-06-14,1.99,350.14,23.98,23.98,1744.88,0.20853090134242488,658.41,27.06629,750.88,3.17552224503765,2.27054970568104,0.715016154973943,0.219528466253919,0.207214753166224,16.85,1.1541095890411,212.45,3.09468317552804,0,-16.0641,4.11759799833194,1.37608385686463,0.451685660266874,1.30108445697626,0.601283991047423,33.3877563865537,51.0347891166449,14.7976986383577,0.969,3.95608738968062,3.43920674799665,0.832442903389189,0.505112958942417
2005-06-15,6.59,380.67,22.16,22.16,1453.1,0.22808067334327722,658.41,27.06629,750.88,3.17552224503765,2.27054970568104,0.715016154973943,0.219528466253919,0.207214753166224,16.85,1.1541095890411,212.45,3.09468317552804,0,-16.0641,4.11759799833194,1.37608385686463,0.451685660266874,1.30108445697626,0.601283991047423,33.3877563865537,51.0347891166449,14.7976986383577,0.969,3.95608738968062,3.43920674799665,0.832442903389189,0.505112958942417
2005-06-16,3.53,366.13,16.34,16.34,1085.2,0.3193129426805881,658.41,27.06629,750.88,3.17552224503765,2.27054970568104,0.715016154973943,0.219528466253919,0.207214753166224,16.85,1.1541095890411,212.45,3.09468317552804,0,-16.0641,4.11759799833194,1.37608385686463,0.451685660266874,1.30108445697626,0.601283991047423,33.3877563865537,51.0347891166449,14.7976986383577,0.969,3.95608738968062,3.43920674799665,0.832442903389189,0.505112958942417
2005-06-17,2.92,327.16,12.99,12.99,966.41,0.2802133986788834,658.41,27.06629,750.88,3.17552224503765,2.27054970568104,0.715016154973943,0.219528466253919,0.207214753166224,16.85,1.1541095890411,212.45,3.09468317552804,0,-16.0641,4.11759799833194,1.37608385686463,0.451685660266874,1.30108445697626,0.601283991047423,33.3877563865537,51.0347891166449,14.7976986383577,0.969,3.95608738968062,3.43920674799665,0.832442903389189,0.505112958942417
2005-06-18,0.9,337.57,12.48,12.48,940.03,0.2606636266780311,658.41,27.06629,750.88,3.17552224503765,2.27054970568104,0.715016154973943,0.219528466253919,0.207214753166224,16.85,1.1541095890411,212.45,3.09468317552804,0,-16.0641,4.11759799833194,1.37608385686463,0.451685660266874,1.30108445697626,0.601283991047423,33.3877563865537,51.0347891166449,14.7976986383577,0.969,3.95608738968062,3.43920674799665,0.832442903389189,0.505112958942417
2005-06-19,0.07,443.3,12.53,12.53,887.49,0.2313389686767526,658.41,27.06629,750.88,3.17552224503765,2.27054970568104,0.715016154973943,0.219528466253919,0.207214753166224,16.85,1.1541095890411,212.45,3.09468317552804,0,-16.0641,4.11759799833194,1.37608385686463,0.451685660266874,1.30108445697626,0.601283991047423,33.3877563865537,51.0347891166449,14.7976986383577,0.969,3.95608738968062,3.43920674799665,0.832442903389189,0.505112958942417
2005-06-20,0.0,522.58,12.01,12.01,817.65,0.2020143106754741,658.41,27.06629,750.88,3.17552224503765,2.27054970568104,0.715016154973943,0.219528466253919,0.207214753166224,16.85,1.1541095890411,212.45,3.09468317552804,0,-16.0641,4.11759799833194,1.37608385686463,0.451685660266874,1.30108445697626,0.601283991047423,33.3877563865537,51.0347891166449,14.7976986383577,0.969,3.95608738968062,3.43920674799665,0.832442903389189,0.505112958942417
2005-06-21,0.0,568.89,15.48,15.48,904.17,0.18246453867462176,658.41,27.06629,750.88,3.17552224503765,2.27054970568104,0.715016154973943,0.219528466253919,0.207214753166224,16.85,1.1541095890411,212.45,3.09468317552804,0,-16.0641,4.11759799833194,1.37608385686463,0.451685660266874,1.30108445697626,0.601283991047423,33.3877563865537,51.0347891166449,14.7976986383577,0.969,3.95608738968062,3.43920674799665,0.832442903389189,0.505112958942417
2005-06-22,0.02,533.37,17.3,17.3,912.97,0.1726896526741956,658.41,27.06629,750.88,3.17552224503765,2.27054970568104,0.715016154973943,0.219528466253919,0.207214753166224,16.85,1.1541095890411,212.45,3.09468317552804,0,-16.0641,4.11759799833194,1.37608385686463,0.451685660266874,1.30108445697626,0.601283991047423,33.3877563865537,51.0347891166449,14.7976986383577,0.969,3.95608738968062,3.43920674799665,0.832442903389189,0.505112958942417
2005-06-23,0.01,581.88,12.55,12.55,690.83,0.16617306200724483,658.41,27.06629,750.88,3.17552224503765,2.27054970568104,0.715016154973943,0.219528466253919,0.207214753166224,16.85,1.1541095890411,212.45,3.09468317552804,0,-16.0641,4.11759799833194,1.37608385686463,0.451685660266874,1.30108445697626,0.601283991047423,33.3877563865537,51.0347891166449,14.7976986383577,0.969,3.95608738968062,3.43920674799665,0.832442903389189,0.505112958942417
2005-06-24,0.0,587.88,14.25,14.25,791.57,0.15965647134029404,658.41,27.06629,750.88,3.17552224503765,2.27054970568104,0.715016154973943,0.219528466253919,0.207214753166224,16.85,1.1541095890411,212.45,3.09468317552804,0,-16.0641,4.11759799833194,1.37608385686463,0.451685660266874,1.30108445697626,0.601283991047423,33.3877563865537,51.0347891166449,14.7976986383577,0.969,3.95608738968062,3.43920674799665,0.832442903389189,0.505112958942417
2005-06-25,0.0,569.77,20.09,20.09,1136.19,0.14988158533986787,658.41,27.06629,750.88,3.17552224503765,2.27054970568104,0.715016154973943,0.219528466253919,0.207214753166224,16.85,1.1541095890411,212.45,3.09468317552804,0,-16.0641,4.11759799833194,1.37608385686463,0.451685660266874,1.30108445697626,0.601283991047423,33.3877563865537,51.0347891166449,14.7976986383577,0.969,3.95608738968062,3.43920674799665,0.832442903389189,0.505112958942417
2005-06-26,1.34,405.84,22.83,22.83,1442.29,0.1433649946729171,658.41,27.06629,750.88,3.17552224503765,2.27054970568104,0.715016154973943,0.219528466253919,0.207214753166224,16.85,1.1541095890411,212.45,3.09468317552804,0,-16.0641,4.11759799833194,1.37608385686463,0.451685660266874,1.30108445697626,0.601283991047423,33.3877563865537,51.0347891166449,14.7976986383577,0.969,3.95608738968062,3.43920674799665,0.832442903389189,0.505112958942417
2005-06-27,10.49,398.81,23.34,23.34,1525.17,0.1726896526741956,658.41,27.06629,750.88,3.17552224503765,2.27054970568104,0.715016154973943,0.219528466253919,0.207214753166224,16.85,1.1541095890411,212.45,3.09468317552804,0,-16.0641,4.11759799833194,1.37608385686463,0.451685660266874,1.30108445697626,0.601283991047423,33.3877563865537,51.0347891166449,14.7976986383577,0.969,3.95608738968062,3.43920674799665,0.832442903389189,0.505112958942417
2005-06-28,12.46,398.61,23.71,23.71,1562.6,0.18898112934157255,658.41,27.06629,750.88,3.17552224503765,2.27054970568104,0.715016154973943,0.219528466253919,0.207214753166224,16.85,1.1541095890411,212.45,3.09468317552804,0,-16.0641,4.11759799833194,1.37608385686463,0.451685660266874,1.30108445697626,0.601283991047423,33.3877563865537,51.0347891166449,14.7976986383577,0.969,3.95608738968062,3.43920674799665,0.832442903389189,0.505112958942417
2005-06-29,3.33,417.59,22.61,22.61,1555.84,0.8732231493714042,658.41,27.06629,750.88,3.17552224503765,2.27054970568104,0.715016154973943,0.219528466253919,0.207214753166224,16.85,1.1541095890411,212.45,3.09468317552804,0,-16.0641,4.11759799833194,1.37608385686463,0.451685660266874,1.30108445697626,0.601283991047423,33.3877563865537,51.0347891166449,14.7976986383577,0.969,3.95608738968062,3.43920674799665,0.832442903389189,0.505112958942417
2005-06-30,0.26,424.87,22.16,22.16,1546.32,0.45616134668655445,658.41,27.06629,750.88,3.17552224503765,2.27054970568104,0.715016154973943,0.219528466253919,0.207214753166224,16.85,1.1541095890411,212.45,3.09468317552804,0,-16.0641,4.11759799833194,1.37608385686463,0.451685660266874,1.30108445697626,0.601283991047423,33.3877563865537,51.0347891166449,14.7976986383577,0.969,3.95608738968062,3.43920674799665,0.832442903389189,0.505112958942417
2005-07-01,0.04,449.67,21.04,21.04,1348.13,0.26392192201150644,658.41,27.06629,750.88,3.17552224503765,2.27054970568104,0.715016154973943,0.219528466253919,0.207214753166224,16.85,1.1541095890411,212.45,3.09468317552804,0,-16.0641,4.11759799833194,1.37608385686463,0.451685660266874,1.30108445697626,0.601283991047423,33.3877563865537,51.0347891166449,14.7976986383577,0.969,3.95608738968062,3.43920674799665,0.832442903389189,0.505112958942417
2005-07-02,0.01,566.74,17.25,17.25,892.65,0.276955103345408,658.41,27.06629,750.88,3.17552224503765,2.27054970568104,0.715016154973943,0.219528466253919,0.207214753166224,16.85,1.1541095890411,212.45,3.09468317552804,0,-16.0641,4.11759799833194,1.37608385686463,0.451685660266874,1.30108445697626,0.601283991047423,33.3877563865537,51.0347891166449,14.7976986383577,0.969,3.95608738968062,3.43920674799665,0.832442903389189,0.505112958942417
2005-07-03,0.0,580.28,14.29,14.29,753.7,0.19875601534199872,658.41,27.06629,750.88,3.17552224503765,2.27054970568104,0.715016154973943,0.219528466253919,0.207214753166224,16.85,1.1541095890411,212.45,3.09468317552804,0,-16.0641,4.11759799833194,1.37608385686463,0.451685660266874,1.30108445697626,0.601283991047423,33.3877563865537,51.0347891166449,14.7976986383577,0.969,3.95608738968062,3.43920674799665,0.832442903389189,0.505112958942417
2005-07-04,0.85,470.93,17.43,17.43,1013.06,0.17594794800767097,658.41,27.06629,750.88,3.17552224503765,2.27054970568104,0.715016154973943,0.219528466253919,0.207214753166224,16.85,1.1541095890411,212.45,3.09468317552804,0,-16.0641,4.11759799833194,1.37608385686463,0.451685660266874,1.30108445697626,0.601283991047423,33.3877563865537,51.0347891166449,14.7976986383577,0.969,3.95608738968062,3.43920674799665,0.832442903389189,0.505112958942417
2005-07-05,13.97,361.13,22.16,22.16,1509.04,0.25740533134455573,658.41,27.06629,750.88,3.17552224503765,2.27054970568104,0.715016154973943,0.219528466253919,0.207214753166224,16.85,1.1541095890411,212.45,3.09468317552804,0,-16.0641,4.11759799833194,1.37608385686463,0.451685660266874,1.30108445697626,0.601283991047423,33.3877563865537,51.0347891166449,14.7976986383577,0.969,3.95608738968062,3.43920674799665,0.832442903389189,0.505112958942417
2005-07-06,7.89,352.63,21.97,21.97,1521.83,0.3714456680161943,658.41,27.06629,750.88,3.17552224503765,2.27054970568104,0.715016154973943,0.219528466253919,0.207214753166224,16.85,1.1541095890411,212.45,3.09468317552804,0,-16.0641,4.11759799833194,1.37608385686463,0.451685660266874,1.30108445697626,0.601283991047423,33.3877563865537,51.0347891166449,14.7976986383577,0.969,3.95608738968062,3.43920674799665,0.832442903389189,0.505112958942417
2005-07-07,8.58,344.73,18.55,18.55,1330.76,0.2899882846793096,658.41,27.06629,750.88,3.17552224503765,2.27054970568104,0.715016154973943,0.219528466253919,0.207214753166224,16.85,1.1541095890411,212.45,3.09468317552804,0,-16.0641,4.11759799833194,1.37608385686463,0.451685660266874,1.30108445697626,0.601283991047423,33.3877563865537,51.0347891166449,14.7976986383577,0.969,3.95608738968062,3.43920674799665,0.832442903389189,0.505112958942417
2005-07-08,7.74,340.11,18.96,18.96,1390.65,0.5245855486895376,658.41,27.06629,750.88,3.17552224503765,2.27054970568104,0.715016154973943,0.219528466253919,0.207214753166224,16.85,1.1541095890411,212.45,3.09468317552804,0,-16.0641,4.11759799833194,1.37608385686463,0.451685660266874,1.30108445697626,0.601283991047423,33.3877563865537,51.0347891166449,14.7976986383577,0.969,3.95608738968062,3.43920674799665,0.832442903389189,0.505112958942417
2005-07-09,4.01,281.47,17.77,17.77,1352.26,0.5213272533560622,658.41,27.06629,750.88,3.17552224503765,2.27054970568104,0.715016154973943,0.219528466253919,0.207214753166224,16.85,1.1541095890411,212.45,3.09468317552804,0,-16.0641,4.11759799833194,1.37608385686463,0.451685660266874,1.30108445697626,0.601283991047423,33.3877563865537,51.0347891166449,14.7976986383577,0.969,3.95608738968062,3.43920674799665,0.832442903389189,0.505112958942417
2005-07-10,0.78,513.45,18.89,18.89,1162.41,0.3160546473471127,658.41,27.06629,750.88,3.17552224503765,2.27054970568104,0.715016154973943,0.219528466253919,0.207214753166224,16.85,1.1541095890411,212.45,3.09468317552804,0,-16.0641,4.11759799833194,1.37608385686463,0.451685660266874,1.30108445697626,0.601283991047423,33.3877563865537,51.0347891166449,14.7976986383577,0.969,3.95608738968062,3.43920674799665,0.832442903389189,0.505112958942417
2005-07-11,0.03,567.59,19.37,19.37,1106.92,0.22156408267632643,658.41,27.06629,750.88,3.17552224503765,2.27054970568104,0.715016154973943,0.219528466253919,0.207214753166224,16.85,1.1541095890411,212.45,3.09468317552804,0,-16.0641,4.11759799833194,1.37608385686463,0.451685660266874,1.30108445697626,0.601283991047423,33.3877563865537,51.0347891166449,14.7976986383577,0.969,3.95608738968062,3.43920674799665,0.832442903389189,0.505112958942417
2005-07-12,0.0,544.07,21.77,21.77,1364.5,0.19223942467504793,658.41,27.06629,750.88,3.17552224503765,2.27054970568104,0.715016154973943,0.219528466253919,0.207214753166224,16.85,1.1541095890411,212.45,3.09468317552804,0,-16.0641,4.11759799833194,1.37608385686463,0.451685660266874,1.30108445697626,0.601283991047423,33.3877563865537,51.0347891166449,14.7976986383577,0.969,3.95608738968062,3.43920674799665,0.832442903389189,0.505112958942417
2005-07-13,9.88,384.7,23.77,23.77,1647.5,0.21178919667590027,658.41,27.06629,750.88,3.17552224503765,2.27054970568104,0.715016154973943,0.219528466253919,0.207214753166224,16.85,1.1541095890411,212.45,3.09468317552804,0,-16.0641,4.11759799833194,1.37608385686463,0.451685660266874,1.30108445697626,0.601283991047423,33.3877563865537,51.0347891166449,14.7976986383577,0.969,3.95608738968062,3.43920674799665,0.832442903389189,0.505112958942417
2005-07-14,2.6,480.8,23.31,23.31,1640.17,0.2313389686767526,658.41,27.06629,750.88,3.17552224503765,2.27054970568104,0.715016154973943,0.219528466253919,0.207214753166224,16.85,1.1541095890411,212.45,3.09468317552804,0,-16.0641,4.11759799833194,1.37608385686463,0.451685660266874,1.30108445697626,0.601283991047423,33.3877563865537,51.0347891166449,14.7976986383577,0.969,3.95608738968062,3.43920674799665,0.832442903389189,0.505112958942417
2005-07-15,0.37,419.74,23.03,23.03,1673.59,0.1694313573407202,658.41,27.06629,750.88,3.17552224503765,2.27054970568104,0.715016154973943,0.219528466253919,0.207214753166224,16.85,1.1541095890411,212.45,3.09468317552804,0,-16.0641,4.11759799833194,1.37608385686463,0.451685660266874,1.30108445697626,0.601283991047423,33.3877563865537,51.0347891166449,14.7976986383577,0.969,3.95608738968062,3.43920674799665,0.832442903389189,0.505112958942417
2005-07-16,5.12,326.34,23.39,23.39,1874.5,0.16291476667376945,658.41,27.06629,750.88,3.17552224503765,2.27054970568104,0.715016154973943,0.219528466253919,0.207214753166224,16.85,1.1541095890411,212.45,3.09468317552804,0,-16.0641,4.11759799833194,1.37608385686463,0.451685660266874,1.30108445697626,0.601283991047423,33.3877563865537,51.0347891166449,14.7976986383577,0.969,3.95608738968062,3.43920674799665,0.832442903389189,0.505112958942417
2005-07-17,4.81,292.17,23.87,23.87,2005.62,0.18898112934157255,658.41,27.06629,750.88,3.17552224503765,2.27054970568104,0.715016154973943,0.219528466253919,0.207214753166224,16.85,1.1541095890411,212.45,3.09468317552804,0,-16.0641,4.11759799833194,1.37608385686463,0.451685660266874,1.30108445697626,0.601283991047423,33.3877563865537,51.0347891166449,14.7976986383577,0.969,3.95608738968062,3.43920674799665,0.832442903389189,0.505112958942417
2005-07-18,0.93,402.28,24.44,24.44,1941.45,0.18246453867462176,658.41,27.06629,750.88,3.17552224503765,2.27054970568104,0.715016154973943,0.219528466253919,0.207214753166224,16.85,1.1541095890411,212.45,3.09468317552804,0,-16.0641,4.11759799833194,1.37608385686463,0.451685660266874,1.30108445697626,0.601283991047423,33.3877563865537,51.0347891166449,14.7976986383577,0.969,3.95608738968062,3.43920674799665,0.832442903389189,0.505112958942417
2005-07-19,0.0,428.92,24.08,24.08,1775.25,0.15313988067334328,658.41,27.06629,750.88,3.17552224503765,2.27054970568104,0.715016154973943,0.219528466253919,0.207214753166224,16.85,1.1541095890411,212.45,3.09468317552804,0,-16.0641,4.11759799833194,1.37608385686463,0.451685660266874,1.30108445697626,0.601283991047423,33.3877563865537,51.0347891166449,14.7976986383577,0.969,3.95608738968062,3.43920674799665,0.832442903389189,0.505112958942417
2005-07-20,0.0,527.68,21.38,21.38,1395.83,0.13359010867249094,658.41,27.06629,750.88,3.17552224503765,2.27054970568104,0.715016154973943,0.219528466253919,0.207214753166224,16.85,1.1541095890411,212.45,3.09468317552804,0,-16.0641,4.11759799833194,1.37608385686463,0.451685660266874,1.30108445697626,0.601283991047423,33.3877563865537,51.0347891166449,14.7976986383577,0.969,3.95608738968062,3.43920674799665,0.832442903389189,0.505112958942417
2005-07-21,0.3,442.96,21.46,21.46,1398.71,0.12381522267206477,658.41,27.06629,750.88,3.17552224503765,2.27054970568104,0.715016154973943,0.219528466253919,0.207214753166224,16.85,1.1541095890411,212.45,3.09468317552804,0,-16.0641,4.11759799833194,1.37608385686463,0.451685660266874,1.30108445697626,0.601283991047423,33.3877563865537,51.0347891166449,14.7976986383577,0.969,3.95608738968062,3.43920674799665,0.832442903389189,0.505112958942417
2005-07-22,1.13,413.47,20.87,20.87,1348.05,0.12055692733858939,658.41,27.06629,750.88,3.17552224503765,2.27054970568104,0.715016154973943,0.219528466253919,0.207214753166224,16.85,1.1541095890411,212.45,3.09468317552804,0,-16.0641,4.11759799833194,1.37608385686463,0.451685660266874,1.30108445697626,0.601283991047423,33.3877563865537,51.0347891166449,14.7976986383577,0.969,3.95608738968062,3.43920674799665,0.832442903389189,0.505112958942417
2005-07-23,0.28,531.89,19.5,19.5,1188.71,0.11729863200511399,658.41,27.06629,750.88,3.17552224503765,2.27054970568104,0.715016154973943,0.219528466253919,0.207214753166224,16.85,1.1541095890411,212.45,3.09468317552804,0,-16.0641,4.11759799833194,1.37608385686463,0.451685660266874,1.30108445697626,0.601283991047423,33.3877563865537,51.0347891166449,14.7976986383577,0.969,3.95608738968062,3.43920674799665,0.832442903389189,0.505112958942417
2005-07-24,1.5,407.47,19.35,19.35,1219.42,0.11078204133816322,658.41,27.06629,750.88,3.17552224503765,2.27054970568104,0.715016154973943,0.219528466253919,0.207214753166224,16.85,1.1541095890411,212.45,3.09468317552804,0,-16.0641,4.11759799833194,1.37608385686463,0.451685660266874,1.30108445697626,0.601283991047423,33.3877563865537,51.0347891166449,14.7976986383577,0.969,3.95608738968062,3.43920674799665,0.832442903389189,0.505112958942417
2005-07-25,1.61,393.6,20.17,20.17,1318.11,0.10100715533773705,658.41,27.06629,750.88,3.17552224503765,2.27054970568104,0.715016154973943,0.219528466253919,0.207214753166224,16.85,1.1541095890411,212.45,3.09468317552804,0,-16.0641,4.11759799833194,1.37608385686463,0.451685660266874,1.30108445697626,0.601283991047423,33.3877563865537,51.0347891166449,14.7976986383577,0.969,3.95608738968062,3.43920674799665,0.832442903389189,0.505112958942417
2005-07-26,4.08,406.67,21.88,21.88,1399.57,0.09449056467078627,658.41,27.06629,750.88,3.17552224503765,2.27054970568104,0.715016154973943,0.219528466253919,0.207214753166224,16.85,1.1541095890411,212.45,3.09468317552804,0,-16.0641,4.11759799833194,1.37608385686463,0.451685660266874,1.30108445697626,0.601283991047423,33.3877563865537,51.0347891166449,14.7976986383577,0.969,3.95608738968062,3.43920674799665,0.832442903389189,0.505112958942417
2005-07-27,2.71,397.49,23.32,23.32,1440.34,0.10426545067121244,658.41,27.06629,750.88,3.17552224503765,2.27054970568104,0.715016154973943,0.219528466253919,0.207214753166224,16.85,1.1541095890411,212.45,3.09468317552804,0,-16.0641,4.11759799833194,1.37608385686463,0.451685660266874,1.30108445697626,0.601283991047423,33.3877563865537,51.0347891166449,14.7976986383577,0.969,3.95608738968062,3.43920674799665,0.832442903389189,0.505112958942417
2005-07-28,0.48,458.75,18.39,18.39,1139.04,0.10426545067121244,658.41,27.06629,750.88,3.17552224503765,2.27054970568104,0.715016154973943,0.219528466253919,0.207214753166224,16.85,1.1541095890411,212.45,3.09468317552804,0,-16.0641,4.11759799833194,1.37608385686463,0.451685660266874,1.30108445697626,0.601283991047423,33.3877563865537,51.0347891166449,14.7976986383577,0.969,3.95608738968062,3.43920674799665,0.832442903389189,0.505112958942417
2005-07-29,0.01,532.82,17.77,17.77,1074.12,0.09449056467078627,658.41,27.06629,750.88,3.17552224503765,2.27054970568104,0.715016154973943,0.219528466253919,0.207214753166224,16.85,1.1541095890411,212.45,3.09468317552804,0,-16.0641,4.11759799833194,1.37608385686463,0.451685660266874,1.30108445697626,0.601283991047423,33.3877563865537,51.0347891166449,14.7976986383577,0.969,3.95608738968062,3.43920674799665,0.832442903389189,0.505112958942417
2005-07-30,0.0,544.65,18.32,18.32,1085.47,0.08797397400383548,658.41,27.06629,750.88,3.17552224503765,2.27054970568104,0.715016154973943,0.219528466253919,0.207214753166224,16.85,1.1541095890411,212.45,3.09468317552804,0,-16.0641,4.11759799833194,1.37608385686463,0.451685660266874,1.30108445697626,0.601283991047423,33.3877563865537,51.0347891166449,14.7976986383577,0.969,3.95608738968062,3.43920674799665,0.832442903389189,0.505112958942417
2005-07-31,0.0,534.54,19.97,19.97,1189.54,0.08797397400383548,658.41,27.06629,750.88,3.17552224503765,2.27054970568104,0.715016154973943,0.219528466253919,0.207214753166224,16.85,1.1541095890411,212.45,3.09468317552804,0,-16.0641,4.11759799833194,1.37608385686463,0.451685660266874,1.30108445697626,0.601283991047423,33.3877563865537,51.0347891166449,14.7976986383577,0.969,3.95608738968062,3.43920674799665,0.832442903389189,0.505112958942417
2005-08-01,0.0,535.72,21.13,21.13,1252.5,0.07819908800340933,658.41,27.06629,750.88,3.17552224503765,2.27054970568104,0.715016154973943,0.219528466253919,0.207214753166224,16.85,1.1541095890411,212.45,3.09468317552804,0,-16.0641,4.11759799833194,1.37608385686463,0.451685660266874,1.30108445697626,0.601283991047423,33.3877563865537,51.0347891166449,14.7976986383577,0.969,3.95608738968062,3.43920674799665,0.832442903389189,0.505112958942417
2005-08-02,0.04,495.07,21.53,21.53,1306.5,0.07494079266993393,658.41,27.06629,750.88,3.17552224503765,2.27054970568104,0.715016154973943,0.219528466253919,0.207214753166224,16.85,1.1541095890411,212.45,3.09468317552804,0,-16.0641,4.11759799833194,1.37608385686463,0.451685660266874,1.30108445697626,0.601283991047423,33.3877563865537,51.0347891166449,14.7976986383577,0.969,3.95608738968062,3.43920674799665,0.832442903389189,0.505112958942417
2005-08-03,0.01,522.42,22.86,22.86,1403.11,0.07168249733645855,658.41,27.06629,750.88,3.17552224503765,2.27054970568104,0.715016154973943,0.219528466253919,0.207214753166224,16.85,1.1541095890411,212.45,3.09468317552804,0,-16.0641,4.11759799833194,1.37608385686463,0.451685660266874,1.30108445697626,0.601283991047423,33.3877563865537,51.0347891166449,14.7976986383577,0.969,3.95608738968062,3.43920674799665,0.832442903389189,0.505112958942417
2005-08-04,0.0,508.41,22.93,22.93,1389.14,0.07168249733645855,658.41,27.06629,750.88,3.17552224503765,2.27054970568104,0.715016154973943,0.219528466253919,0.207214753166224,16.85,1.1541095890411,212.45,3.09468317552804,0,-16.0641,4.11759799833194,1.37608385686463,0.451685660266874,1.30108445697626,0.601283991047423,33.3877563865537,51.0347891166449,14.7976986383577,0.969,3.95608738968062,3.43920674799665,0.832442903389189,0.505112958942417
2005-08-05,0.0,525.83,22.58,22.58,1326.91,0.06842420200298316,658.41,27.06629,750.88,3.17552224503765,2.27054970568104,0.715016154973943,0.219528466253919,0.207214753166224,16.85,1.1541095890411,212.45,3.09468317552804,0,-16.0641,4.11759799833194,1.37608385686463,0.451685660266874,1.30108445697626,0.601283991047423,33.3877563865537,51.0347891166449,14.7976986383577,0.969,3.95608738968062,3.43920674799665,0.832442903389189,0.505112958942417
2005-08-06,0.0,530.87,20.51,20.51,1176.8,0.06516590666950778,658.41,27.06629,750.88,3.17552224503765,2.27054970568104,0.715016154973943,0.219528466253919,0.207214753166224,16.85,1.1541095890411,212.45,3.09468317552804,0,-16.0641,4.11759799833194,1.37608385686463,0.451685660266874,1.30108445697626,0.601283991047423,33.3877563865537,51.0347891166449,14.7976986383577,0.969,3.95608738968062,3.43920674799665,0.832442903389189,0.505112958942417
2005-08-07,0.0,547.09,20.12,20.12,1126.76,0.07168249733645855,658.41,27.06629,750.88,3.17552224503765,2.27054970568104,0.715016154973943,0.219528466253919,0.207214753166224,16.85,1.1541095890411,212.45,3.09468317552804,0,-16.0641,4.11759799833194,1.37608385686463,0.451685660266874,1.30108445697626,0.601283991047423,33.3877563865537,51.0347891166449,14.7976986383577,0.969,3.95608738968062,3.43920674799665,0.832442903389189,0.505112958942417
2005-08-08,0.01,510.91,20.62,20.62,1244.55,0.061907611336032384,658.41,27.06629,750.88,3.17552224503765,2.27054970568104,0.715016154973943,0.219528466253919,0.207214753166224,16.85,1.1541095890411,212.45,3.09468317552804,0,-16.0641,4.11759799833194,1.37608385686463,0.451685660266874,1.30108445697626,0.601283991047423,33.3877563865537,51.0347891166449,14.7976986383577,0.969,3.95608738968062,3.43920674799665,0.832442903389189,0.505112958942417
2005-08-09,0.0,511.12,21.73,21.73,1368.95,0.061907611336032384,658.41,27.06629,750.88,3.17552224503765,2.27054970568104,0.715016154973943,0.219528466253919,0.207214753166224,16.85,1.1541095890411,212.45,3.09468317552804,0,-16.0641,4.11759799833194,1.37608385686463,0.451685660266874,1.30108445697626,0.601283991047423,33.3877563865537,51.0347891166449,14.7976986383577,0.969,3.95608738968062,3.43920674799665,0.832442903389189,0.505112958942417
2005-08-10,0.67,386.15,22.32,22.32,1445.25,0.061907611336032384,658.41,27.06629,750.88,3.17552224503765,2.27054970568104,0.715016154973943,0.219528466253919,0.207214753166224,16.85,1.1541095890411,212.45,3.09468317552804,0,-16.0641,4.11759799833194,1.37608385686463,0.451685660266874,1.30108445697626,0.601283991047423,33.3877563865537,51.0347891166449,14.7976986383577,0.969,3.95608738968062,3.43920674799665,0.832442903389189,0.505112958942417
2005-08-11,1.68,379.52,21.99,21.99,1479.78,0.058649316002556996,658.41,27.06629,750.88,3.17552224503765,2.27054970568104,0.715016154973943,0.219528466253919,0.207214753166224,16.85,1.1541095890411,212.45,3.09468317552804,0,-16.0641,4.11759799833194,1.37608385686463,0.451685660266874,1.30108445697626,0.601283991047423,33.3877563865537,51.0347891166449,14.7976986383577,0.969,3.95608738968062,3.43920674799665,0.832442903389189,0.505112958942417
2005-08-12,6.45,362.81,23.05,23.05,1643.37,0.06516590666950778,658.41,27.06629,750.88,3.17552224503765,2.27054970568104,0.715016154973943,0.219528466253919,0.207214753166224,16.85,1.1541095890411,212.45,3.09468317552804,0,-16.0641,4.11759799833194,1.37608385686463,0.451685660266874,1.30108445697626,0.601283991047423,33.3877563865537,51.0347891166449,14.7976986383577,0.969,3.95608738968062,3.43920674799665,0.832442903389189,0.505112958942417
2005-08-13,17.04,314.6,22.89,22.89,1726.78,0.11078204133816322,658.41,27.06629,750.88,3.17552224503765,2.27054970568104,0.715016154973943,0.219528466253919,0.207214753166224,16.85,1.1541095890411,212.45,3.09468317552804,0,-16.0641,4.11759799833194,1.37608385686463,0.451685660266874,1.30108445697626,0.601283991047423,33.3877563865537,51.0347891166449,14.7976986383577,0.969,3.95608738968062,3.43920674799665,0.832442903389189,0.505112958942417
2005-08-14,12.3,345.16,21.88,21.88,1591.72,0.15639817600681866,658.41,27.06629,750.88,3.17552224503765,2.27054970568104,0.715016154973943,0.219528466253919,0.207214753166224,16.85,1.1541095890411,212.45,3.09468317552804,0,-16.0641,4.11759799833194,1.37608385686463,0.451685660266874,1.30108445697626,0.601283991047423,33.3877563865537,51.0347891166449,14.7976986383577,0.969,3.95608738968062,3.43920674799665,0.832442903389189,0.505112958942417
2005-08-15,2.26,429.08,20.05,20.05,1372.5,0.10100715533773705,658.41,27.06629,750.88,3.17552224503765,2.27054970568104,0.715016154973943,0.219528466253919,0.207214753166224,16.85,1.1541095890411,212.45,3.09468317552804,0,-16.0641,4.11759799833194,1.37608385686463,0.451685660266874,1.30108445697626,0.601283991047423,33.3877563865537,51.0347891166449,14.7976986383577,0.969,3.95608738968062,3.43920674799665,0.832442903389189,0.505112958942417
2005-08-16,0.09,456.55,18.88,18.88,1229.39,0.08797397400383548,658.41,27.06629,750.88,3.17552224503765,2.27054970568104,0.715016154973943,0.219528466253919,0.207214753166224,16.85,1.1541095890411,212.45,3.09468317552804,0,-16.0641,4.11759799833194,1.37608385686463,0.451685660266874,1.30108445697626,0.601283991047423,33.3877563865537,51.0347891166449,14.7976986383577,0.969,3.95608738968062,3.43920674799665,0.832442903389189,0.505112958942417
2005-08-17,0.14,417.95,17.93,17.93,1151.95,0.08145738333688472,658.41,27.06629,750.88,3.17552224503765,2.27054970568104,0.715016154973943,0.219528466253919,0.207214753166224,16.85,1.1541095890411,212.45,3.09468317552804,0,-16.0641,4.11759799833194,1.37608385686463,0.451685660266874,1.30108445697626,0.601283991047423,33.3877563865537,51.0347891166449,14.7976986383577,0.969,3.95608738968062,3.43920674799665,0.832442903389189,0.505112958942417
2005-08-18,0.62,386.24,18.29,18.29,1155.03,0.07819908800340933,658.41,27.06629,750.88,3.17552224503765,2.27054970568104,0.715016154973943,0.219528466253919,0.207214753166224,16.85,1.1541095890411,212.45,3.09468317552804,0,-16.0641,4.11759799833194,1.37608385686463,0.451685660266874,1.30108445697626,0.601283991047423,33.3877563865537,51.0347891166449,14.7976986383577,0.969,3.95608738968062,3.43920674799665,0.832442903389189,0.505112958942417
2005-08-19,2.39,397.49,18.32,18.32,1166.61,0.07494079266993393,658.41,27.06629,750.88,3.17552224503765,2.27054970568104,0.715016154973943,0.219528466253919,0.207214753166224,16.85,1.1541095890411,212.45,3.09468317552804,0,-16.0641,4.11759799833194,1.37608385686463,0.451685660266874,1.30108445697626,0.601283991047423,33.3877563865537,51.0347891166449,14.7976986383577,0.969,3.95608738968062,3.43920674799665,0.832442903389189,0.505112958942417
2005-08-20,4.17,252.48,19.36,19.36,1543.7,0.0847156786703601,658.41,27.06629,750.88,3.17552224503765,2.27054970568104,0.715016154973943,0.219528466253919,0.207214753166224,16.85,1.1541095890411,212.45,3.09468317552804,0,-16.0641,4.11759799833194,1.37608385686463,0.451685660266874,1.30108445697626,0.601283991047423,33.3877563865537,51.0347891166449,14.7976986383577,0.969,3.95608738968062,3.43920674799665,0.832442903389189,0.505112958942417
2005-08-21,0.96,367.4,21.42,21.42,1599.53,0.08145738333688472,658.41,27.06629,750.88,3.17552224503765,2.27054970568104,0.715016154973943,0.219528466253919,0.207214753166224,16.85,1.1541095890411,212.45,3.09468317552804,0,-16.0641,4.11759799833194,1.37608385686463,0.451685660266874,1.30108445697626,0.601283991047423,33.3877563865537,51.0347891166449,14.7976986383577,0.969,3.95608738968062,3.43920674799665,0.832442903389189,0.505112958942417
2005-08-22,0.0,519.61,17.91,17.91,1090.99,0.06842420200298316,658.41,27.06629,750.88,3.17552224503765,2.27054970568104,0.715016154973943,0.219528466253919,0.207214753166224,16.85,1.1541095890411,212.45,3.09468317552804,0,-16.0641,4.11759799833194,1.37608385686463,0.451685660266874,1.30108445697626,0.601283991047423,33.3877563865537,51.0347891166449,14.7976986383577,0.969,3.95608738968062,3.43920674799665,0.832442903389189,0.505112958942417
2005-08-23,0.0,452.24,15.56,15.56,1004.46,0.061907611336032384,658.41,27.06629,750.88,3.17552224503765,2.27054970568104,0.715016154973943,0.219528466253919,0.207214753166224,16.85,1.1541095890411,212.45,3.09468317552804,0,-16.0641,4.11759799833194,1.37608385686463,0.451685660266874,1.30108445697626,0.601283991047423,33.3877563865537,51.0347891166449,14.7976986383577,0.969,3.95608738968062,3.43920674799665,0.832442903389189,0.505112958942417
2005-08-24,0.0,503.3,14.45,14.45,899.67,0.061907611336032384,658.41,27.06629,750.88,3.17552224503765,2.27054970568104,0.715016154973943,0.219528466253919,0.207214753166224,16.85,1.1541095890411,212.45,3.09468317552804,0,-16.0641,4.11759799833194,1.37608385686463,0.451685660266874,1.30108445697626,0.601283991047423,33.3877563865537,51.0347891166449,14.7976986383577,0.969,3.95608738968062,3.43920674799665,0.832442903389189,0.505112958942417
2005-08-25,0.0,531.97,14.48,14.48,816.36,0.058649316002556996,658.41,27.06629,750.88,3.17552224503765,2.27054970568104,0.715016154973943,0.219528466253919,0.207214753166224,16.85,1.1541095890411,212.45,3.09468317552804,0,-16.0641,4.11759799833194,1.37608385686463,0.451685660266874,1.30108445697626,0.601283991047423,33.3877563865537,51.0347891166449,14.7976986383577,0.969,3.95608738968062,3.43920674799665,0.832442903389189,0.505112958942417
2005-08-26,0.0,529.52,15.53,15.53,898.79,0.058649316002556996,658.41,27.06629,750.88,3.17552224503765,2.27054970568104,0.715016154973943,0.219528466253919,0.207214753166224,16.85,1.1541095890411,212.45,3.09468317552804,0,-16.0641,4.11759799833194,1.37608385686463,0.451685660266874,1.30108445697626,0.601283991047423,33.3877563865537,51.0347891166449,14.7976986383577,0.969,3.95608738968062,3.43920674799665,0.832442903389189,0.505112958942417
2005-08-27,3.12,346.97,18.04,18.04,1194.3,0.058649316002556996,658.41,27.06629,750.88,3.17552224503765,2.27054970568104,0.715016154973943,0.219528466253919,0.207214753166224,16.85,1.1541095890411,212.45,3.09468317552804,0,-16.0641,4.11759799833194,1.37608385686463,0.451685660266874,1.30108445697626,0.601283991047423,33.3877563865537,51.0347891166449,14.7976986383577,0.969,3.95608738968062,3.43920674799665,0.832442903389189,0.505112958942417
2005-08-28,3.09,368.11,17.3,17.3,1188.08,0.06842420200298316,658.41,27.06629,750.88,3.17552224503765,2.27054970568104,0.715016154973943,0.219528466253919,0.207214753166224,16.85,1.1541095890411,212.45,3.09468317552804,0,-16.0641,4.11759799833194,1.37608385686463,0.451685660266874,1.30108445697626,0.601283991047423,33.3877563865537,51.0347891166449,14.7976986383577,0.969,3.95608738968062,3.43920674799665,0.832442903389189,0.505112958942417
2005-08-29,22.95,341.37,18.05,18.05,1265.73,0.08145738333688472,658.41,27.06629,750.88,3.17552224503765,2.27054970568104,0.715016154973943,0.219528466253919,0.207214753166224,16.85,1.1541095890411,212.45,3.09468317552804,0,-16.0641,4.11759799833194,1.37608385686463,0.451685660266874,1.30108445697626,0.601283991047423,33.3877563865537,51.0347891166449,14.7976986383577,0.969,3.95608738968062,3.43920674799665,0.832442903389189,0.505112958942417
2005-08-30,44.86,323.3,17.35,17.35,1326.29,0.21830578734285105,658.41,27.06629,750.88,3.17552224503765,2.27054970568104,0.715016154973943,0.219528466253919,0.207214753166224,16.85,1.1541095890411,212.45,3.09468317552804,0,-16.0641,4.11759799833194,1.37608385686463,0.451685660266874,1.30108445697626,0.601283991047423,33.3877563865537,51.0347891166449,14.7976986383577,0.969,3.95608738968062,3.43920674799665,0.832442903389189,0.505112958942417
2005-08-31,26.86,213.22,18.11,18.11,1517.23,2.137441738759855,658.41,27.06629,750.88,3.17552224503765,2.27054970568104,0.715016154973943,0.219528466253919,0.207214753166224,16.85,1.1541095890411,212.45,3.09468317552804,0,-16.0641,4.11759799833194,1.37608385686463,0.451685660266874,1.30108445697626,0.601283991047423,33.3877563865537,51.0347891166449,14.7976986383577,0.969,3.95608738968062,3.43920674799665,0.832442903389189,0.505112958942417
2005-09-01,4.37,425.04,17.49,17.49,1327.76,1.1273701853824845,658.41,27.06629,750.88,3.17552224503765,2.27054970568104,0.715016154973943,0.219528466253919,0.207214753166224,16.85,1.1541095890411,212.45,3.09468317552804,0,-16.0641,4.11759799833194,1.37608385686463,0.451685660266874,1.30108445697626,0.601283991047423,33.3877563865537,51.0347891166449,14.7976986383577,0.969,3.95608738968062,3.43920674799665,0.832442903389189,0.505112958942417
2005-09-02,0.0,453.31,16.83,16.83,1182.21,0.3877371446835713,658.41,27.06629,750.88,3.17552224503765,2.27054970568104,0.715016154973943,0.219528466253919,0.207214753166224,16.85,1.1541095890411,212.45,3.09468317552804,0,-16.0641,4.11759799833194,1.37608385686463,0.451685660266874,1.30108445697626,0.601283991047423,33.3877563865537,51.0347891166449,14.7976986383577,0.969,3.95608738968062,3.43920674799665,0.832442903389189,0.505112958942417
2005-09-03,0.0,480.29,16.15,16.15,1067.76,0.23459726401022798,658.41,27.06629,750.88,3.17552224503765,2.27054970568104,0.715016154973943,0.219528466253919,0.207214753166224,16.85,1.1541095890411,212.45,3.09468317552804,0,-16.0641,4.11759799833194,1.37608385686463,0.451685660266874,1.30108445697626,0.601283991047423,33.3877563865537,51.0347891166449,14.7976986383577,0.969,3.95608738968062,3.43920674799665,0.832442903389189,0.505112958942417
2005-09-04,0.0,475.34,14.56,14.56,970.43,0.18898112934157255,658.41,27.06629,750.88,3.17552224503765,2.27054970568104,0.715016154973943,0.219528466253919,0.207214753166224,16.85,1.1541095890411,212.45,3.09468317552804,0,-16.0641,4.11759799833194,1.37608385686463,0.451685660266874,1.30108445697626,0.601283991047423,33.3877563865537,51.0347891166449,14.7976986383577,0.969,3.95608738968062,3.43920674799665,0.832442903389189,0.505112958942417
2005-09-05,0.0,494.74,14.44,14.44,924.21,0.15639817600681866,658.41,27.06629,750.88,3.17552224503765,2.27054970568104,0.715016154973943,0.219528466253919,0.207214753166224,16.85,1.1541095890411,212.45,3.09468317552804,0,-16.0641,4.11759799833194,1.37608385686463,0.451685660266874,1.30108445697626,0.601283991047423,33.3877563865537,51.0347891166449,14.7976986383577,0.969,3.95608738968062,3.43920674799665,0.832442903389189,0.505112958942417
2005-09-06,0.0,492.84,15.53,15.53,970.36,0.13359010867249094,658.41,27.06629,750.88,3.17552224503765,2.27054970568104,0.715016154973943,0.219528466253919,0.207214753166224,16.85,1.1541095890411,212.45,3.09468317552804,0,-16.0641,4.11759799833194,1.37608385686463,0.451685660266874,1.30108445697626,0.601283991047423,33.3877563865537,51.0347891166449,14.7976986383577,0.969,3.95608738968062,3.43920674799665,0.832442903389189,0.505112958942417
2005-09-07,0.0,486.01,16.28,16.28,998.96,0.12055692733858939,658.41,27.06629,750.88,3.17552224503765,2.27054970568104,0.715016154973943,0.219528466253919,0.207214753166224,16.85,1.1541095890411,212.45,3.09468317552804,0,-16.0641,4.11759799833194,1.37608385686463,0.451685660266874,1.30108445697626,0.601283991047423,33.3877563865537,51.0347891166449,14.7976986383577,0.969,3.95608738968062,3.43920674799665,0.832442903389189,0.505112958942417
2005-09-08,0.0,482.04,15.0,15.0,946.11,0.11404033667163861,658.41,27.06629,750.88,3.17552224503765,2.27054970568104,0.715016154973943,0.219528466253919,0.207214753166224,16.85,1.1541095890411,212.45,3.09468317552804,0,-16.0641,4.11759799833194,1.37608385686463,0.451685660266874,1.30108445697626,0.601283991047423,33.3877563865537,51.0347891166449,14.7976986383577,0.969,3.95608738968062,3.43920674799665,0.832442903389189,0.505112958942417
2005-09-09,0.0,480.19,14.65,14.65,913.53,0.10752374600468782,658.41,27.06629,750.88,3.17552224503765,2.27054970568104,0.715016154973943,0.219528466253919,0.207214753166224,16.85,1.1541095890411,212.45,3.09468317552804,0,-16.0641,4.11759799833194,1.37608385686463,0.451685660266874,1.30108445697626,0.601283991047423,33.3877563865537,51.0347891166449,14.7976986383577,0.969,3.95608738968062,3.43920674799665,0.832442903389189,0.505112958942417
2005-09-10,0.0,487.5,13.39,13.39,827.46,0.10100715533773705,658.41,27.06629,750.88,3.17552224503765,2.27054970568104,0.715016154973943,0.219528466253919,0.207214753166224,16.85,1.1541095890411,212.45,3.09468317552804,0,-16.0641,4.11759799833194,1.37608385686463,0.451685660266874,1.30108445697626,0.601283991047423,33.3877563865537,51.0347891166449,14.7976986383577,0.969,3.95608738968062,3.43920674799665,0.832442903389189,0.505112958942417
2005-09-11,0.0,493.0,13.49,13.49,793.86,0.09774886000426165,658.41,27.06629,750.88,3.17552224503765,2.27054970568104,0.715016154973943,0.219528466253919,0.207214753166224,16.85,1.1541095890411,212.45,3.09468317552804,0,-16.0641,4.11759799833194,1.37608385686463,0.451685660266874,1.30108445697626,0.601283991047423,33.3877563865537,51.0347891166449,14.7976986383577,0.969,3.95608738968062,3.43920674799665,0.832442903389189,0.505112958942417
2005-09-12,0.0,492.07,14.88,14.88,868.97,0.09123226933731088,658.41,27.06629,750.88,3.17552224503765,2.27054970568104,0.715016154973943,0.219528466253919,0.207214753166224,16.85,1.1541095890411,212.45,3.09468317552804,0,-16.0641,4.11759799833194,1.37608385686463,0.451685660266874,1.30108445697626,0.601283991047423,33.3877563865537,51.0347891166449,14.7976986383577,0.969,3.95608738968062,3.43920674799665,0.832442903389189,0.505112958942417
2005-09-13,0.0,467.09,17.82,17.82,1109.58,0.0847156786703601,658.41,27.06629,750.88,3.17552224503765,2.27054970568104,0.715016154973943,0.219528466253919,0.207214753166224,16.85,1.1541095890411,212.45,3.09468317552804,0,-16.0641,4.11759799833194,1.37608385686463,0.451685660266874,1.30108445697626,0.601283991047423,33.3877563865537,51.0347891166449,14.7976986383577,0.969,3.95608738968062,3.43920674799665,0.832442903389189,0.505112958942417
2005-09-14,0.0,446.04,19.21,19.21,1288.84,0.08145738333688472,658.41,27.06629,750.88,3.17552224503765,2.27054970568104,0.715016154973943,0.219528466253919,0.207214753166224,16.85,1.1541095890411,212.45,3.09468317552804,0,-16.0641,4.11759799833194,1.37608385686463,0.451685660266874,1.30108445697626,0.601283991047423,33.3877563865537,51.0347891166449,14.7976986383577,0.969,3.95608738968062,3.43920674799665,0.832442903389189,0.505112958942417
2005-09-15,1.11,310.64,19.39,19.39,1385.68,0.08145738333688472,658.41,27.06629,750.88,3.17552224503765,2.27054970568104,0.715016154973943,0.219528466253919,0.207214753166224,16.85,1.1541095890411,212.45,3.09468317552804,0,-16.0641,4.11759799833194,1.37608385686463,0.451685660266874,1.30108445697626,0.601283991047423,33.3877563865537,51.0347891166449,14.7976986383577,0.969,3.95608738968062,3.43920674799665,0.832442903389189,0.505112958942417
2005-09-16,8.14,314.42,17.79,17.79,1315.43,0.0847156786703601,658.41,27.06629,750.88,3.17552224503765,2.27054970568104,0.715016154973943,0.219528466253919,0.207214753166224,16.85,1.1541095890411,212.45,3.09468317552804,0,-16.0641,4.11759799833194,1.37608385686463,0.451685660266874,1.30108445697626,0.601283991047423,33.3877563865537,51.0347891166449,14.7976986383577,0.969,3.95608738968062,3.43920674799665,0.832442903389189,0.505112958942417
2005-09-17,2.1,299.35,18.29,18.29,1389.82,0.10426545067121244,658.41,27.06629,750.88,3.17552224503765,2.27054970568104,0.715016154973943,0.219528466253919,0.207214753166224,16.85,1.1541095890411,212.45,3.09468317552804,0,-16.0641,4.11759799833194,1.37608385686463,0.451685660266874,1.30108445697626,0.601283991047423,33.3877563865537,51.0347891166449,14.7976986383577,0.969,3.95608738968062,3.43920674799665,0.832442903389189,0.505112958942417
2005-09-18,0.27,328.15,15.91,15.91,1163.63,0.10100715533773705,658.41,27.06629,750.88,3.17552224503765,2.27054970568104,0.715016154973943,0.219528466253919,0.207214753166224,16.85,1.1541095890411,212.45,3.09468317552804,0,-16.0641,4.11759799833194,1.37608385686463,0.451685660266874,1.30108445697626,0.601283991047423,33.3877563865537,51.0347891166449,14.7976986383577,0.969,3.95608738968062,3.43920674799665,0.832442903389189,0.505112958942417
2005-09-19,4.59,315.22,15.62,15.62,1115.41,0.0847156786703601,658.41,27.06629,750.88,3.17552224503765,2.27054970568104,0.715016154973943,0.219528466253919,0.207214753166224,16.85,1.1541095890411,212.45,3.09468317552804,0,-16.0641,4.11759799833194,1.37608385686463,0.451685660266874,1.30108445697626,0.601283991047423,33.3877563865537,51.0347891166449,14.7976986383577,0.969,3.95608738968062,3.43920674799665,0.832442903389189,0.505112958942417
2005-09-20,1.19,426.47,16.03,16.03,1092.63,0.08797397400383548,658.41,27.06629,750.88,3.17552224503765,2.27054970568104,0.715016154973943,0.219528466253919,0.207214753166224,16.85,1.1541095890411,212.45,3.09468317552804,0,-16.0641,4.11759799833194,1.37608385686463,0.451685660266874,1.30108445697626,0.601283991047423,33.3877563865537,51.0347891166449,14.7976986383577,0.969,3.95608738968062,3.43920674799665,0.832442903389189,0.505112958942417
2005-09-21,0.0,441.34,15.61,15.61,1014.49,0.08797397400383548,658.41,27.06629,750.88,3.17552224503765,2.27054970568104,0.715016154973943,0.219528466253919,0.207214753166224,16.85,1.1541095890411,212.45,3.09468317552804,0,-16.0641,4.11759799833194,1.37608385686463,0.451685660266874,1.30108445697626,0.601283991047423,33.3877563865537,51.0347891166449,14.7976986383577,0.969,3.95608738968062,3.43920674799665,0.832442903389189,0.505112958942417
2005-09-22,0.56,330.56,15.18,15.18,983.71,0.08145738333688472,658.41,27.06629,750.88,3.17552224503765,2.27054970568104,0.715016154973943,0.219528466253919,0.207214753166224,16.85,1.1541095890411,212.45,3.09468317552804,0,-16.0641,4.11759799833194,1.37608385686463,0.451685660266874,1.30108445697626,0.601283991047423,33.3877563865537,51.0347891166449,14.7976986383577,0.969,3.95608738968062,3.43920674799665,0.832442903389189,0.505112958942417
2005-09-23,1.35,331.63,14.65,14.65,931.08,0.0847156786703601,658.41,27.06629,750.88,3.17552224503765,2.27054970568104,0.715016154973943,0.219528466253919,0.207214753166224,16.85,1.1541095890411,212.45,3.09468317552804,0,-16.0641,4.11759799833194,1.37608385686463,0.451685660266874,1.30108445697626,0.601283991047423,33.3877563865537,51.0347891166449,14.7976986383577,0.969,3.95608738968062,3.43920674799665,0.832442903389189,0.505112958942417
2005-09-24,1.78,305.72,12.52,12.52,879.25,0.08145738333688472,658.41,27.06629,750.88,3.17552224503765,2.27054970568104,0.715016154973943,0.219528466253919,0.207214753166224,16.85,1.1541095890411,212.45,3.09468317552804,0,-16.0641,4.11759799833194,1.37608385686463,0.451685660266874,1.30108445697626,0.601283991047423,33.3877563865537,51.0347891166449,14.7976986383577,0.969,3.95608738968062,3.43920674799665,0.832442903389189,0.505112958942417
2005-09-25,1.49,328.62,12.24,12.24,899.68,0.0847156786703601,658.41,27.06629,750.88,3.17552224503765,2.27054970568104,0.715016154973943,0.219528466253919,0.207214753166224,16.85,1.1541095890411,212.45,3.09468317552804,0,-16.0641,4.11759799833194,1.37608385686463,0.451685660266874,1.30108445697626,0.601283991047423,33.3877563865537,51.0347891166449,14.7976986383577,0.969,3.95608738968062,3.43920674799665,0.832442903389189,0.505112958942417
2005-09-26,23.6,239.9,15.74,15.74,1170.89,0.2671802173449819,658.41,27.06629,750.88,3.17552224503765,2.27054970568104,0.715016154973943,0.219528466253919,0.207214753166224,16.85,1.1541095890411,212.45,3.09468317552804,0,-16.0641,4.11759799833194,1.37608385686463,0.451685660266874,1.30108445697626,0.601283991047423,33.3877563865537,51.0347891166449,14.7976986383577,0.969,3.95608738968062,3.43920674799665,0.832442903389189,0.505112958942417
2005-09-27,6.14,398.93,11.62,11.62,873.24,0.39425373535052205,658.41,27.06629,750.88,3.17552224503765,2.27054970568104,0.715016154973943,0.219528466253919,0.207214753166224,16.85,1.1541095890411,212.45,3.09468317552804,0,-16.0641,4.11759799833194,1.37608385686463,0.451685660266874,1.30108445697626,0.601283991047423,33.3877563865537,51.0347891166449,14.7976986383577,0.969,3.95608738968062,3.43920674799665,0.832442903389189,0.505112958942417
2005-09-28,5.28,308.91,10.32,10.32,775.88,0.18898112934157255,658.41,27.06629,750.88,3.17552224503765,2.27054970568104,0.715016154973943,0.219528466253919,0.207214753166224,16.85,1.1541095890411,212.45,3.09468317552804,0,-16.0641,4.11759799833194,1.37608385686463,0.451685660266874,1.30108445697626,0.601283991047423,33.3877563865537,51.0347891166449,14.7976986383577,0.969,3.95608738968062,3.43920674799665,0.832442903389189,0.505112958942417
2005-09-29,8.5,322.07,10.85,10.85,743.03,0.3160546473471127,658.41,27.06629,750.88,3.17552224503765,2.27054970568104,0.715016154973943,0.219528466253919,0.207214753166224,16.85,1.1541095890411,212.45,3.09468317552804,0,-16.0641,4.11759799833194,1.37608385686463,0.451685660266874,1.30108445697626,0.601283991047423,33.3877563865537,51.0347891166449,14.7976986383577,0.969,3.95608738968062,3.43920674799665,0.832442903389189,0.505112958942417
2005-09-30,1.87,394.94,9.67,9.67,716.07,0.35515419134881737,658.41,27.06629,750.88,3.17552224503765,2.27054970568104,0.715016154973943,0.219528466253919,0.207214753166224,16.85,1.1541095890411,212.45,3.09468317552804,0,-16.0641,4.11759799833194,1.37608385686463,0.451685660266874,1.30108445697626,0.601283991047423,33.3877563865537,51.0347891166449,14.7976986383577,0.969,3.95608738968062,3.43920674799665,0.832442903389189,0.505112958942417
2005-10-01,0.0,401.48,8.59,8.59,694.51,0.20853090134242488,658.41,27.06629,750.88,3.17552224503765,2.27054970568104,0.715016154973943,0.219528466253919,0.207214753166224,16.85,1.1541095890411,212.45,3.09468317552804,0,-16.0641,4.11759799833194,1.37608385686463,0.451685660266874,1.30108445697626,0.601283991047423,33.3877563865537,51.0347891166449,14.7976986383577,0.969,3.95608738968062,3.43920674799665,0.832442903389189,0.505112958942417
2005-10-02,0.0,421.69,11.14,11.14,772.94,0.17594794800767097,658.41,27.06629,750.88,3.17552224503765,2.27054970568104,0.715016154973943,0.219528466253919,0.207214753166224,16.85,1.1541095890411,212.45,3.09468317552804,0,-16.0641,4.11759799833194,1.37608385686463,0.451685660266874,1.30108445697626,0.601283991047423,33.3877563865537,51.0347891166449,14.7976986383577,0.969,3.95608738968062,3.43920674799665,0.832442903389189,0.505112958942417
2005-10-03,0.0,409.63,14.47,14.47,935.23,0.1401066993394417,658.41,27.06629,750.88,3.17552224503765,2.27054970568104,0.715016154973943,0.219528466253919,0.207214753166224,16.85,1.1541095890411,212.45,3.09468317552804,0,-16.0641,4.11759799833194,1.37608385686463,0.451685660266874,1.30108445697626,0.601283991047423,33.3877563865537,51.0347891166449,14.7976986383577,0.969,3.95608738968062,3.43920674799665,0.832442903389189,0.505112958942417
2005-10-04,0.0,392.25,16.29,16.29,1074.33,0.12381522267206477,658.41,27.06629,750.88,3.17552224503765,2.27054970568104,0.715016154973943,0.219528466253919,0.207214753166224,16.85,1.1541095890411,212.45,3.09468317552804,0,-16.0641,4.11759799833194,1.37608385686463,0.451685660266874,1.30108445697626,0.601283991047423,33.3877563865537,51.0347891166449,14.7976986383577,0.969,3.95608738968062,3.43920674799665,0.832442903389189,0.505112958942417
2005-10-05,0.0,386.12,16.55,16.55,1119.3,0.11729863200511399,658.41,27.06629,750.88,3.17552224503765,2.27054970568104,0.715016154973943,0.219528466253919,0.207214753166224,16.85,1.1541095890411,212.45,3.09468317552804,0,-16.0641,4.11759799833194,1.37608385686463,0.451685660266874,1.30108445697626,0.601283991047423,33.3877563865537,51.0347891166449,14.7976986383577,0.969,3.95608738968062,3.43920674799665,0.832442903389189,0.505112958942417
2005-10-06,2.27,278.23,16.98,16.98,1215.9,0.11404033667163861,658.41,27.06629,750.88,3.17552224503765,2.27054970568104,0.715016154973943,0.219528466253919,0.207214753166224,16.85,1.1541095890411,212.45,3.09468317552804,0,-16.0641,4.11759799833194,1.37608385686463,0.451685660266874,1.30108445697626,0.601283991047423,33.3877563865537,51.0347891166449,14.7976986383577,0.969,3.95608738968062,3.43920674799665,0.832442903389189,0.505112958942417
2005-10-07,35.68,254.5,17.57,17.57,1257.94,0.6027846366929469,658.41,27.06629,750.88,3.17552224503765,2.27054970568104,0.715016154973943,0.219528466253919,0.207214753166224,16.85,1.1541095890411,212.45,3.09468317552804,0,-16.0641,4.11759799833194,1.37608385686463,0.451685660266874,1.30108445697626,0.601283991047423,33.3877563865537,51.0347891166449,14.7976986383577,0.969,3.95608738968062,3.43920674799665,0.832442903389189,0.505112958942417
2005-10-08,9.83,268.38,12.27,12.27,918.37,2.036434583422118,658.41,27.06629,750.88,3.17552224503765,2.27054970568104,0.715016154973943,0.219528466253919,0.207214753166224,16.85,1.1541095890411,212.45,3.09468317552804,0,-16.0641,4.11759799833194,1.37608385686463,0.451685660266874,1.30108445697626,0.601283991047423,33.3877563865537,51.0347891166449,14.7976986383577,0.969,3.95608738968062,3.43920674799665,0.832442903389189,0.505112958942417
2005-10-09,0.24,61.84,7.26,7.26,826.46,0.7819908800340932,658.41,27.06629,750.88,3.17552224503765,2.27054970568104,0.715016154973943,0.219528466253919,0.207214753166224,16.85,1.1541095890411,212.45,3.09468317552804,0,-16.0641,4.11759799833194,1.37608385686463,0.451685660266874,1.30108445697626,0.601283991047423,33.3877563865537,51.0347891166449,14.7976986383577,0.969,3.95608738968062,3.43920674799665,0.832442903389189,0.505112958942417
2005-10-10,0.28,107.79,6.06,6.06,838.34,0.5213272533560622,658.41,27.06629,750.88,3.17552224503765,2.27054970568104,0.715016154973943,0.219528466253919,0.207214753166224,16.85,1.1541095890411,212.45,3.09468317552804,0,-16.0641,4.11759799833194,1.37608385686463,0.451685660266874,1.30108445697626,0.601283991047423,33.3877563865537,51.0347891166449,14.7976986383577,0.969,3.95608738968062,3.43920674799665,0.832442903389189,0.505112958942417
2005-10-11,0.43,135.83,9.09,9.09,984.73,0.41054521201789895,658.41,27.06629,750.88,3.17552224503765,2.27054970568104,0.715016154973943,0.219528466253919,0.207214753166224,16.85,1.1541095890411,212.45,3.09468317552804,0,-16.0641,4.11759799833194,1.37608385686463,0.451685660266874,1.30108445697626,0.601283991047423,33.3877563865537,51.0347891166449,14.7976986383577,0.969,3.95608738968062,3.43920674799665,0.832442903389189,0.505112958942417
2005-10-12,0.27,122.35,10.74,10.74,1080.67,0.35841248668229275,658.41,27.06629,750.88,3.17552224503765,2.27054970568104,0.715016154973943,0.219528466253919,0.207214753166224,16.85,1.1541095890411,212.45,3.09468317552804,0,-16.0641,4.11759799833194,1.37608385686463,0.451685660266874,1.30108445697626,0.601283991047423,33.3877563865537,51.0347891166449,14.7976986383577,0.969,3.95608738968062,3.43920674799665,0.832442903389189,0.505112958942417
2005-10-13,1.12,139.93,11.25,11.25,1109.58,0.3160546473471127,658.41,27.06629,750.88,3.17552224503765,2.27054970568104,0.715016154973943,0.219528466253919,0.207214753166224,16.85,1.1541095890411,212.45,3.09468317552804,0,-16.0641,4.11759799833194,1.37608385686463,0.451685660266874,1.30108445697626,0.601283991047423,33.3877563865537,51.0347891166449,14.7976986383577,0.969,3.95608738968062,3.43920674799665,0.832442903389189,0.505112958942417
2005-10-14,0.34,138.53,11.88,11.88,1138.02,0.293246580012785,658.41,27.06629,750.88,3.17552224503765,2.27054970568104,0.715016154973943,0.219528466253919,0.207214753166224,16.85,1.1541095890411,212.45,3.09468317552804,0,-16.0641,4.11759799833194,1.37608385686463,0.451685660266874,1.30108445697626,0.601283991047423,33.3877563865537,51.0347891166449,14.7976986383577,0.969,3.95608738968062,3.43920674799665,0.832442903389189,0.505112958942417
2005-10-15,0.71,179.08,11.38,11.38,1052.82,0.26392192201150644,658.41,27.06629,750.88,3.17552224503765,2.27054970568104,0.715016154973943,0.219528466253919,0.207214753166224,16.85,1.1541095890411,212.45,3.09468317552804,0,-16.0641,4.11759799833194,1.37608385686463,0.451685660266874,1.30108445697626,0.601283991047423,33.3877563865537,51.0347891166449,14.7976986383577,0.969,3.95608738968062,3.43920674799665,0.832442903389189,0.505112958942417
2005-10-16,0.2,272.03,10.89,10.89,958.24,0.24111385467717877,658.41,27.06629,750.88,3.17552224503765,2.27054970568104,0.715016154973943,0.219528466253919,0.207214753166224,16.85,1.1541095890411,212.45,3.09468317552804,0,-16.0641,4.11759799833194,1.37608385686463,0.451685660266874,1.30108445697626,0.601283991047423,33.3877563865537,51.0347891166449,14.7976986383577,0.969,3.95608738968062,3.43920674799665,0.832442903389189,0.505112958942417
2005-10-17,0.46,152.42,8.79,8.79,879.73,0.21830578734285105,658.41,27.06629,750.88,3.17552224503765,2.27054970568104,0.715016154973943,0.219528466253919,0.207214753166224,16.85,1.1541095890411,212.45,3.09468317552804,0,-16.0641,4.11759799833194,1.37608385686463,0.451685660266874,1.30108445697626,0.601283991047423,33.3877563865537,51.0347891166449,14.7976986383577,0.969,3.95608738968062,3.43920674799665,0.832442903389189,0.505112958942417
2005-10-18,0.12,283.14,8.51,8.51,814.45,0.2020143106754741,658.41,27.06629,750.88,3.17552224503765,2.27054970568104,0.715016154973943,0.219528466253919,0.207214753166224,16.85,1.1541095890411,212.45,3.09468317552804,0,-16.0641,4.11759799833194,1.37608385686463,0.451685660266874,1.30108445697626,0.601283991047423,33.3877563865537,51.0347891166449,14.7976986383577,0.969,3.95608738968062,3.43920674799665,0.832442903389189,0.505112958942417
2005-10-19,0.86,240.81,7.11,7.11,698.18,0.19223942467504793,658.41,27.06629,750.88,3.17552224503765,2.27054970568104,0.715016154973943,0.219528466253919,0.207214753166224,16.85,1.1541095890411,212.45,3.09468317552804,0,-16.0641,4.11759799833194,1.37608385686463,0.451685660266874,1.30108445697626,0.601283991047423,33.3877563865537,51.0347891166449,14.7976986383577,0.969,3.95608738968062,3.43920674799665,0.832442903389189,0.505112958942417
2005-10-20,0.29,269.29,6.63,6.63,620.68,0.17920624334114638,658.41,27.06629,750.88,3.17552224503765,2.27054970568104,0.715016154973943,0.219528466253919,0.207214753166224,16.85,1.1541095890411,212.45,3.09468317552804,0,-16.0641,4.11759799833194,1.37608385686463,0.451685660266874,1.30108445697626,0.601283991047423,33.3877563865537,51.0347891166449,14.7976986383577,0.969,3.95608738968062,3.43920674799665,0.832442903389189,0.505112958942417
2005-10-21,9.52,251.63,4.44,4.44,541.07,0.1694313573407202,658.41,27.06629,750.88,3.17552224503765,2.27054970568104,0.715016154973943,0.219528466253919,0.207214753166224,16.85,1.1541095890411,212.45,3.09468317552804,0,-16.0641,4.11759799833194,1.37608385686463,0.451685660266874,1.30108445697626,0.601283991047423,33.3877563865537,51.0347891166449,14.7976986383577,0.969,3.95608738968062,3.43920674799665,0.832442903389189,0.505112958942417
2005-10-22,24.06,251.97,4.35,4.35,560.53,0.32257123801406345,658.41,27.06629,750.88,3.17552224503765,2.27054970568104,0.715016154973943,0.219528466253919,0.207214753166224,16.85,1.1541095890411,212.45,3.09468317552804,0,-16.0641,4.11759799833194,1.37608385686463,0.451685660266874,1.30108445697626,0.601283991047423,33.3877563865537,51.0347891166449,14.7976986383577,0.969,3.95608738968062,3.43920674799665,0.832442903389189,0.505112958942417
2005-10-23,6.76,117.67,4.15,4.15,638.08,1.9289108374174302,658.41,27.06629,750.88,3.17552224503765,2.27054970568104,0.715016154973943,0.219528466253919,0.207214753166224,16.85,1.1541095890411,212.45,3.09468317552804,0,-16.0641,4.11759799833194,1.37608385686463,0.451685660266874,1.30108445697626,0.601283991047423,33.3877563865537,51.0347891166449,14.7976986383577,0.969,3.95608738968062,3.43920674799665,0.832442903389189,0.505112958942417
2005-10-24,19.72,172.11,2.79,2.79,597.18,1.5151073300660556,658.41,27.06629,750.88,3.17552224503765,2.27054970568104,0.715016154973943,0.219528466253919,0.207214753166224,16.85,1.1541095890411,212.45,3.09468317552804,0,-16.0641,4.11759799833194,1.37608385686463,0.451685660266874,1.30108445697626,0.601283991047423,33.3877563865537,51.0347891166449,14.7976986383577,0.969,3.95608738968062,3.43920674799665,0.832442903389189,0.505112958942417
2005-10-25,19.02,77.29,1.83,1.83,594.89,5.473936160238653,658.41,27.06629,750.88,3.17552224503765,2.27054970568104,0.715016154973943,0.219528466253919,0.207214753166224,16.85,1.1541095890411,212.45,3.09468317552804,0,-16.0641,4.11759799833194,1.37608385686463,0.451685660266874,1.30108445697626,0.601283991047423,33.3877563865537,51.0347891166449,14.7976986383577,0.969,3.95608738968062,3.43920674799665,0.832442903389189,0.505112958942417
2005-10-26,4.2,94.65,1.83,1.83,606.48,5.343604346899637,658.41,27.06629,750.88,3.17552224503765,2.27054970568104,0.715016154973943,0.219528466253919,0.207214753166224,16.85,1.1541095890411,212.45,3.09468317552804,0,-16.0641,4.11759799833194,1.37608385686463,0.451685660266874,1.30108445697626,0.601283991047423,33.3877563865537,51.0347891166449,14.7976986383577,0.969,3.95608738968062,3.43920674799665,0.832442903389189,0.505112958942417
2005-10-27,0.2,159.37,1.9,1.9,571.15,2.567536722778606,658.41,27.06629,750.88,3.17552224503765,2.27054970568104,0.715016154973943,0.219528466253919,0.207214753166224,16.85,1.1541095890411,212.45,3.09468317552804,0,-16.0641,4.11759799833194,1.37608385686463,0.451685660266874,1.30108445697626,0.601283991047423,33.3877563865537,51.0347891166449,14.7976986383577,0.969,3.95608738968062,3.43920674799665,0.832442903389189,0.505112958942417
2005-10-28,0.31,215.41,0.97,0.97,482.6,1.7985790240784145,658.41,27.06629,750.88,3.17552224503765,2.27054970568104,0.715016154973943,0.219528466253919,0.207214753166224,16.85,1.1541095890411,212.45,3.09468317552804,0,-16.0641,4.11759799833194,1.37608385686463,0.451685660266874,1.30108445697626,0.601283991047423,33.3877563865537,51.0347891166449,14.7976986383577,0.969,3.95608738968062,3.43920674799665,0.832442903389189,0.505112958942417
2005-10-29,0.09,309.91,1.34,1.34,442.91,1.4629746047304493,658.41,27.06629,750.88,3.17552224503765,2.27054970568104,0.715016154973943,0.219528466253919,0.207214753166224,16.85,1.1541095890411,212.45,3.09468317552804,0,-16.0641,4.11759799833194,1.37608385686463,0.451685660266874,1.30108445697626,0.601283991047423,33.3877563865537,51.0347891166449,14.7976986383577,0.969,3.95608738968062,3.43920674799665,0.832442903389189,0.505112958942417
2005-10-30,0.0,329.76,2.11,2.11,446.17,1.21534415938632,658.41,27.06629,750.88,3.17552224503765,2.27054970568104,0.715016154973943,0.219528466253919,0.207214753166224,16.85,1.1541095890411,212.45,3.09468317552804,0,-16.0641,4.11759799833194,1.37608385686463,0.451685660266874,1.30108445697626,0.601283991047423,33.3877563865537,51.0347891166449,14.7976986383577,0.969,3.95608738968062,3.43920674799665,0.832442903389189,0.505112958942417
2005-10-31,0.0,331.86,4.66,4.66,517.42,1.0459128020455999,658.41,27.06629,750.88,3.17552224503765,2.27054970568104,0.715016154973943,0.219528466253919,0.207214753166224,16.85,1.1541095890411,212.45,3.09468317552804,0,-16.0641,4.11759799833194,1.37608385686463,0.451685660266874,1.30108445697626,0.601283991047423,33.3877563865537,51.0347891166449,14.7976986383577,0.969,3.95608738968062,3.43920674799665,0.832442903389189,0.505112958942417
2005-11-01,4.34,240.61,8.07,8.07,662.59,0.9286141700404857,658.41,27.06629,750.88,3.17552224503765,2.27054970568104,0.715016154973943,0.219528466253919,0.207214753166224,16.85,1.1541095890411,212.45,3.09468317552804,0,-16.0641,4.11759799833194,1.37608385686463,0.451685660266874,1.30108445697626,0.601283991047423,33.3877563865537,51.0347891166449,14.7976986383577,0.969,3.95608738968062,3.43920674799665,0.832442903389189,0.505112958942417
2005-11-02,1.14,311.44,8.32,8.32,688.79,1.023104734711272,658.41,27.06629,750.88,3.17552224503765,2.27054970568104,0.715016154973943,0.219528466253919,0.207214753166224,16.85,1.1541095890411,212.45,3.09468317552804,0,-16.0641,4.11759799833194,1.37608385686463,0.451685660266874,1.30108445697626,0.601283991047423,33.3877563865537,51.0347891166449,14.7976986383577,0.969,3.95608738968062,3.43920674799665,0.832442903389189,0.505112958942417
2005-11-03,0.0,283.88,6.17,6.17,661.22,0.8471567867036011,658.41,27.06629,750.88,3.17552224503765,2.27054970568104,0.715016154973943,0.219528466253919,0.207214753166224,16.85,1.1541095890411,212.45,3.09468317552804,0,-16.0641,4.11759799833194,1.37608385686463,0.451685660266874,1.30108445697626,0.601283991047423,33.3877563865537,51.0347891166449,14.7976986383577,0.969,3.95608738968062,3.43920674799665,0.832442903389189,0.505112958942417
2005-11-04,0.0,312.15,8.5,8.5,722.15,0.7428913360323885,658.41,27.06629,750.88,3.17552224503765,2.27054970568104,0.715016154973943,0.219528466253919,0.207214753166224,16.85,1.1541095890411,212.45,3.09468317552804,0,-16.0641,4.11759799833194,1.37608385686463,0.451685660266874,1.30108445697626,0.601283991047423,33.3877563865537,51.0347891166449,14.7976986383577,0.969,3.95608738968062,3.43920674799665,0.832442903389189,0.505112958942417
2005-11-05,0.08,252.48,11.39,11.39,851.25,0.6744671340294054,658.41,27.06629,750.88,3.17552224503765,2.27054970568104,0.715016154973943,0.219528466253919,0.207214753166224,16.85,1.1541095890411,212.45,3.09468317552804,0,-16.0641,4.11759799833194,1.37608385686463,0.451685660266874,1.30108445697626,0.601283991047423,33.3877563865537,51.0347891166449,14.7976986383577,0.969,3.95608738968062,3.43920674799665,0.832442903389189,0.505112958942417
2005-11-06,6.17,220.93,11.75,11.75,887.23,0.7200832686980609,658.41,27.06629,750.88,3.17552224503765,2.27054970568104,0.715016154973943,0.219528466253919,0.207214753166224,16.85,1.1541095890411,212.45,3.09468317552804,0,-16.0641,4.11759799833194,1.37608385686463,0.451685660266874,1.30108445697626,0.601283991047423,33.3877563865537,51.0347891166449,14.7976986383577,0.969,3.95608738968062,3.43920674799665,0.832442903389189,0.505112958942417
2005-11-07,1.62,285.09,9.74,9.74,786.21,1.182761206051566,658.41,27.06629,750.88,3.17552224503765,2.27054970568104,0.715016154973943,0.219528466253919,0.207214753166224,16.85,1.1541095890411,212.45,3.09468317552804,0,-16.0641,4.11759799833194,1.37608385686463,0.451685660266874,1.30108445697626,0.601283991047423,33.3877563865537,51.0347891166449,14.7976986383577,0.969,3.95608738968062,3.43920674799665,0.832442903389189,0.505112958942417
2005-11-08,3.42,217.98,6.13,6.13,636.55,0.8341236053696995,658.41,27.06629,750.88,3.17552224503765,2.27054970568104,0.715016154973943,0.219528466253919,0.207214753166224,16.85,1.1541095890411,212.45,3.09468317552804,0,-16.0641,4.11759799833194,1.37608385686463,0.451685660266874,1.30108445697626,0.601283991047423,33.3877563865537,51.0347891166449,14.7976986383577,0.969,3.95608738968062,3.43920674799665,0.832442903389189,0.505112958942417
2005-11-09,14.47,214.7,6.33,6.33,639.22,1.3456759727253356,658.41,27.06629,750.88,3.17552224503765,2.27054970568104,0.715016154973943,0.219528466253919,0.207214753166224,16.85,1.1541095890411,212.45,3.09468317552804,0,-16.0641,4.11759799833194,1.37608385686463,0.451685660266874,1.30108445697626,0.601283991047423,33.3877563865537,51.0347891166449,14.7976986383577,0.969,3.95608738968062,3.43920674799665,0.832442903389189,0.505112958942417
2005-11-10,3.92,162.33,4.58,4.58,613.89,3.2061626081397825,658.41,27.06629,750.88,3.17552224503765,2.27054970568104,0.715016154973943,0.219528466253919,0.207214753166224,16.85,1.1541095890411,212.45,3.09468317552804,0,-16.0641,4.11759799833194,1.37608385686463,0.451685660266874,1.30108445697626,0.601283991047423,33.3877563865537,51.0347891166449,14.7976986383577,0.969,3.95608738968062,3.43920674799665,0.832442903389189,0.505112958942417
2005-11-11,0.09,172.72,1.81,1.81,533.54,1.8474534540805454,658.41,27.06629,750.88,3.17552224503765,2.27054970568104,0.715016154973943,0.219528466253919,0.207214753166224,16.85,1.1541095890411,212.45,3.09468317552804,0,-16.0641,4.11759799833194,1.37608385686463,0.451685660266874,1.30108445697626,0.601283991047423,33.3877563865537,51.0347891166449,14.7976986383577,0.969,3.95608738968062,3.43920674799665,0.832442903389189,0.505112958942417
2005-11-12,0.0,288.03,0.7,0.7,424.61,1.5248822160664819,658.41,27.06629,750.88,3.17552224503765,2.27054970568104,0.715016154973943,0.219528466253919,0.207214753166224,16.85,1.1541095890411,212.45,3.09468317552804,0,-16.0641,4.11759799833194,1.37608385686463,0.451685660266874,1.30108445697626,0.601283991047423,33.3877563865537,51.0347891166449,14.7976986383577,0.969,3.95608738968062,3.43920674799665,0.832442903389189,0.505112958942417
2005-11-13,0.0,292.05,3.69,3.69,480.98,1.3456759727253356,658.41,27.06629,750.88,3.17552224503765,2.27054970568104,0.715016154973943,0.219528466253919,0.207214753166224,16.85,1.1541095890411,212.45,3.09468317552804,0,-16.0641,4.11759799833194,1.37608385686463,0.451685660266874,1.30108445697626,0.601283991047423,33.3877563865537,51.0347891166449,14.7976986383577,0.969,3.95608738968062,3.43920674799665,0.832442903389189,0.505112958942417
2005-11-14,9.27,204.01,7.68,7.68,662.61,1.1697280247176645,658.41,27.06629,750.88,3.17552224503765,2.27054970568104,0.715016154973943,0.219528466253919,0.207214753166224,16.85,1.1541095890411,212.45,3.09468317552804,0,-16.0641,4.11759799833194,1.37608385686463,0.451685660266874,1.30108445697626,0.601283991047423,33.3877563865537,51.0347891166449,14.7976986383577,0.969,3.95608738968062,3.43920674799665,0.832442903389189,0.505112958942417
2005-11-15,4.51,190.94,6.52,6.52,686.02,1.6910552780737267,658.41,27.06629,750.88,3.17552224503765,2.27054970568104,0.715016154973943,0.219528466253919,0.207214753166224,16.85,1.1541095890411,212.45,3.09468317552804,0,-16.0641,4.11759799833194,1.37608385686463,0.451685660266874,1.30108445697626,0.601283991047423,33.3877563865537,51.0347891166449,14.7976986383577,0.969,3.95608738968062,3.43920674799665,0.832442903389189,0.505112958942417
2005-11-16,6.95,190.88,9.48,9.48,793.64,3.238745561474536,658.41,27.06629,750.88,3.17552224503765,2.27054970568104,0.715016154973943,0.219528466253919,0.207214753166224,16.85,1.1541095890411,212.45,3.09468317552804,0,-16.0641,4.11759799833194,1.37608385686463,0.451685660266874,1.30108445697626,0.601283991047423,33.3877563865537,51.0347891166449,14.7976986383577,0.969,3.95608738968062,3.43920674799665,0.832442903389189,0.505112958942417
2005-11-17,5.0,209.0,5.95,5.95,527.15,2.792359100788408,658.41,27.06629,750.88,3.17552224503765,2.27054970568104,0.715016154973943,0.219528466253919,0.207214753166224,16.85,1.1541095890411,212.45,3.09468317552804,0,-16.0641,4.11759799833194,1.37608385686463,0.451685660266874,1.30108445697626,0.601283991047423,33.3877563865537,51.0347891166449,14.7976986383577,0.969,3.95608738968062,3.43920674799665,0.832442903389189,0.505112958942417
2005-11-18,0.87,147.11,-0.79,-0.79,392.58,2.0494677647560193,658.41,27.06629,750.88,3.17552224503765,2.27054970568104,0.715016154973943,0.219528466253919,0.207214753166224,16.85,1.1541095890411,212.45,3.09468317552804,0,-16.0641,4.11759799833194,1.37608385686463,0.451685660266874,1.30108445697626,0.601283991047423,33.3877563865537,51.0347891166449,14.7976986383577,0.969,3.95608738968062,3.43920674799665,0.832442903389189,0.505112958942417
2005-11-19,0.0,170.98,-2.88,-2.88,389.2,1.7985790240784145,658.41,27.06629,750.88,3.17552224503765,2.27054970568104,0.715016154973943,0.219528466253919,0.207214753166224,16.85,1.1541095890411,212.45,3.09468317552804,0,-16.0641,4.11759799833194,1.37608385686463,0.451685660266874,1.30108445697626,0.601283991047423,33.3877563865537,51.0347891166449,14.7976986383577,0.969,3.95608738968062,3.43920674799665,0.832442903389189,0.505112958942417
2005-11-20,0.0,239.26,0.78,0.78,470.46,1.5835315320690388,658.41,27.06629,750.88,3.17552224503765,2.27054970568104,0.715016154973943,0.219528466253919,0.207214753166224,16.85,1.1541095890411,212.45,3.09468317552804,0,-16.0641,4.11759799833194,1.37608385686463,0.451685660266874,1.30108445697626,0.601283991047423,33.3877563865537,51.0347891166449,14.7976986383577,0.969,3.95608738968062,3.43920674799665,0.832442903389189,0.505112958942417
2005-11-21,0.25,194.94,3.52,3.52,514.62,1.4141001747283188,658.41,27.06629,750.88,3.17552224503765,2.27054970568104,0.715016154973943,0.219528466253919,0.207214753166224,16.85,1.1541095890411,212.45,3.09468317552804,0,-16.0641,4.11759799833194,1.37608385686463,0.451685660266874,1.30108445697626,0.601283991047423,33.3877563865537,51.0347891166449,14.7976986383577,0.969,3.95608738968062,3.43920674799665,0.832442903389189,0.505112958942417
2005-11-22,0.86,180.88,3.97,3.97,511.61,1.2902849520562538,658.41,27.06629,750.88,3.17552224503765,2.27054970568104,0.715016154973943,0.219528466253919,0.207214753166224,16.85,1.1541095890411,212.45,3.09468317552804,0,-16.0641,4.11759799833194,1.37608385686463,0.451685660266874,1.30108445697626,0.601283991047423,33.3877563865537,51.0347891166449,14.7976986383577,0.969,3.95608738968062,3.43920674799665,0.832442903389189,0.505112958942417
2005-11-23,1.46,222.27,-3.28,-3.28,301.43,1.1599531387172384,658.41,27.06629,750.88,3.17552224503765,2.27054970568104,0.715016154973943,0.219528466253919,0.207214753166224,16.85,1.1541095890411,212.45,3.09468317552804,0,-16.0641,4.11759799833194,1.37608385686463,0.451685660266874,1.30108445697626,0.601283991047423,33.3877563865537,51.0347891166449,14.7976986383577,0.969,3.95608738968062,3.43920674799665,0.832442903389189,0.505112958942417
2005-11-24,3.45,189.49,-5.5,-5.5,263.24,1.0947872320477305,658.41,27.06629,750.88,3.17552224503765,2.27054970568104,0.715016154973943,0.219528466253919,0.207214753166224,16.85,1.1541095890411,212.45,3.09468317552804,0,-16.0641,4.11759799833194,1.37608385686463,0.451685660266874,1.30108445697626,0.601283991047423,33.3877563865537,51.0347891166449,14.7976986383577,0.969,3.95608738968062,3.43920674799665,0.832442903389189,0.505112958942417
2005-11-25,2.09,219.3,-7.02,-7.02,223.08,0.9188392840400595,658.41,27.06629,750.88,3.17552224503765,2.27054970568104,0.715016154973943,0.219528466253919,0.207214753166224,16.85,1.1541095890411,212.45,3.09468317552804,0,-16.0641,4.11759799833194,1.37608385686463,0.451685660266874,1.30108445697626,0.601283991047423,33.3877563865537,51.0347891166449,14.7976986383577,0.969,3.95608738968062,3.43920674799665,0.832442903389189,0.505112958942417
2005-11-26,0.75,192.07,-8.05,-8.05,224.53,0.8895146260387811,658.41,27.06629,750.88,3.17552224503765,2.27054970568104,0.715016154973943,0.219528466253919,0.207214753166224,16.85,1.1541095890411,212.45,3.09468317552804,0,-16.0641,4.11759799833194,1.37608385686463,0.451685660266874,1.30108445697626,0.601283991047423,33.3877563865537,51.0347891166449,14.7976986383577,0.969,3.95608738968062,3.43920674799665,0.832442903389189,0.505112958942417
2005-11-27,0.95,198.24,-4.39,-4.39,338.53,0.8764814447048795,658.41,27.06629,750.88,3.17552224503765,2.27054970568104,0.715016154973943,0.219528466253919,0.207214753166224,16.85,1.1541095890411,212.45,3.09468317552804,0,-16.0641,4.11759799833194,1.37608385686463,0.451685660266874,1.30108445697626,0.601283991047423,33.3877563865537,51.0347891166449,14.7976986383577,0.969,3.95608738968062,3.43920674799665,0.832442903389189,0.505112958942417
2005-11-28,2.9,189.57,2.94,2.94,615.8,1.5118490347325804,658.41,27.06629,750.88,3.17552224503765,2.27054970568104,0.715016154973943,0.219528466253919,0.207214753166224,16.85,1.1541095890411,212.45,3.09468317552804,0,-16.0641,4.11759799833194,1.37608385686463,0.451685660266874,1.30108445697626,0.601283991047423,33.3877563865537,51.0347891166449,14.7976986383577,0.969,3.95608738968062,3.43920674799665,0.832442903389189,0.505112958942417
2005-11-29,40.73,184.67,9.6,9.6,886.78,10.035549627104198,658.41,27.06629,750.88,3.17552224503765,2.27054970568104,0.715016154973943,0.219528466253919,0.207214753166224,16.85,1.1541095890411,212.45,3.09468317552804,0,-16.0641,4.11759799833194,1.37608385686463,0.451685660266874,1.30108445697626,0.601283991047423,33.3877563865537,51.0347891166449,14.7976986383577,0.969,3.95608738968062,3.43920674799665,0.832442903389189,0.505112958942417
2005-11-30,10.53,239.66,8.0,8.0,709.4,18.539700447474964,658.41,27.06629,750.88,3.17552224503765,2.27054970568104,0.715016154973943,0.219528466253919,0.207214753166224,16.85,1.1541095890411,212.45,3.09468317552804,0,-16.0641,4.11759799833194,1.37608385686463,0.451685660266874,1.30108445697626,0.601283991047423,33.3877563865537,51.0347891166449,14.7976986383577,0.969,3.95608738968062,3.43920674799665,0.832442903389189,0.505112958942417
2005-12-01,1.83,68.39,1.55,1.55,521.37,6.614339526955038,658.41,27.06629,750.88,3.17552224503765,2.27054970568104,0.715016154973943,0.219528466253919,0.207214753166224,16.85,1.1541095890411,212.45,3.09468317552804,0,-16.0641,4.11759799833194,1.37608385686463,0.451685660266874,1.30108445697626,0.601283991047423,33.3877563865537,51.0347891166449,14.7976986383577,0.969,3.95608738968062,3.43920674799665,0.832442903389189,0.505112958942417
2005-12-02,5.64,46.23,-1.94,-1.94,438.83,4.333532793522267,658.41,27.06629,750.88,3.17552224503765,2.27054970568104,0.715016154973943,0.219528466253919,0.207214753166224,16.85,1.1541095890411,212.45,3.09468317552804,0,-16.0641,4.11759799833194,1.37608385686463,0.451685660266874,1.30108445697626,0.601283991047423,33.3877563865537,51.0347891166449,14.7976986383577,0.969,3.95608738968062,3.43920674799665,0.832442903389189,0.505112958942417
2005-12-03,6.3,148.84,-4.71,-4.71,330.02,3.2354872661410607,658.41,27.06629,750.88,3.17552224503765,2.27054970568104,0.715016154973943,0.219528466253919,0.207214753166224,16.85,1.1541095890411,212.45,3.09468317552804,0,-16.0641,4.11759799833194,1.37608385686463,0.451685660266874,1.30108445697626,0.601283991047423,33.3877563865537,51.0347891166449,14.7976986383577,0.969,3.95608738968062,3.43920674799665,0.832442903389189,0.505112958942417
2005-12-04,3.06,141.58,-6.66,-6.66,283.29,2.6294443341146385,658.41,27.06629,750.88,3.17552224503765,2.27054970568104,0.715016154973943,0.219528466253919,0.207214753166224,16.85,1.1541095890411,212.45,3.09468317552804,0,-16.0641,4.11759799833194,1.37608385686463,0.451685660266874,1.30108445697626,0.601283991047423,33.3877563865537,51.0347891166449,14.7976986383577,0.969,3.95608738968062,3.43920674799665,0.832442903389189,0.505112958942417
2005-12-05,0.65,102.32,-5.86,-5.86,316.34,2.1993493500958876,658.41,27.06629,750.88,3.17552224503765,2.27054970568104,0.715016154973943,0.219528466253919,0.207214753166224,16.85,1.1541095890411,212.45,3.09468317552804,0,-16.0641,4.11759799833194,1.37608385686463,0.451685660266874,1.30108445697626,0.601283991047423,33.3877563865537,51.0347891166449,14.7976986383577,0.969,3.95608738968062,3.43920674799665,0.832442903389189,0.505112958942417
2005-12-06,0.06,146.6,-5.66,-5.66,310.57,1.9061027700831024,658.41,27.06629,750.88,3.17552224503765,2.27054970568104,0.715016154973943,0.219528466253919,0.207214753166224,16.85,1.1541095890411,212.45,3.09468317552804,0,-16.0641,4.11759799833194,1.37608385686463,0.451685660266874,1.30108445697626,0.601283991047423,33.3877563865537,51.0347891166449,14.7976986383577,0.969,3.95608738968062,3.43920674799665,0.832442903389189,0.505112958942417
2005-12-07,0.83,171.39,-7.56,-7.56,240.99,1.6161144854037928,658.41,27.06629,750.88,3.17552224503765,2.27054970568104,0.715016154973943,0.219528466253919,0.207214753166224,16.85,1.1541095890411,212.45,3.09468317552804,0,-16.0641,4.11759799833194,1.37608385686463,0.451685660266874,1.30108445697626,0.601283991047423,33.3877563865537,51.0347891166449,14.7976986383577,0.969,3.95608738968062,3.43920674799665,0.832442903389189,0.505112958942417
2005-12-08,4.41,226.69,-10.72,-10.72,162.79,1.3684840400596632,658.41,27.06629,750.88,3.17552224503765,2.27054970568104,0.715016154973943,0.219528466253919,0.207214753166224,16.85,1.1541095890411,212.45,3.09468317552804,0,-16.0641,4.11759799833194,1.37608385686463,0.451685660266874,1.30108445697626,0.601283991047423,33.3877563865537,51.0347891166449,14.7976986383577,0.969,3.95608738968062,3.43920674799665,0.832442903389189,0.505112958942417
2005-12-09,1.34,205.48,-7.92,-7.92,221.53,1.4075835840613677,658.41,27.06629,750.88,3.17552224503765,2.27054970568104,0.715016154973943,0.219528466253919,0.207214753166224,16.85,1.1541095890411,212.45,3.09468317552804,0,-16.0641,4.11759799833194,1.37608385686463,0.451685660266874,1.30108445697626,0.601283991047423,33.3877563865537,51.0347891166449,14.7976986383577,0.969,3.95608738968062,3.43920674799665,0.832442903389189,0.505112958942417
2005-12-10,0.06,190.08,-4.97,-4.97,308.64,1.2902849520562538,658.41,27.06629,750.88,3.17552224503765,2.27054970568104,0.715016154973943,0.219528466253919,0.207214753166224,16.85,1.1541095890411,212.45,3.09468317552804,0,-16.0641,4.11759799833194,1.37608385686463,0.451685660266874,1.30108445697626,0.601283991047423,33.3877563865537,51.0347891166449,14.7976986383577,0.969,3.95608738968062,3.43920674799665,0.832442903389189,0.505112958942417
2005-12-11,0.66,154.01,-5.38,-5.38,302.96,1.21534415938632,658.41,27.06629,750.88,3.17552224503765,2.27054970568104,0.715016154973943,0.219528466253919,0.207214753166224,16.85,1.1541095890411,212.45,3.09468317552804,0,-16.0641,4.11759799833194,1.37608385686463,0.451685660266874,1.30108445697626,0.601283991047423,33.3877563865537,51.0347891166449,14.7976986383577,0.969,3.95608738968062,3.43920674799665,0.832442903389189,0.505112958942417
2005-12-12,0.17,238.88,-6.7,-6.7,243.41,1.13062848071596,658.41,27.06629,750.88,3.17552224503765,2.27054970568104,0.715016154973943,0.219528466253919,0.207214753166224,16.85,1.1541095890411,212.45,3.09468317552804,0,-16.0641,4.11759799833194,1.37608385686463,0.451685660266874,1.30108445697626,0.601283991047423,33.3877563865537,51.0347891166449,14.7976986383577,0.969,3.95608738968062,3.43920674799665,0.832442903389189,0.505112958942417
2005-12-13,0.0,290.33,-12.69,-12.69,120.19,0.9449056467078627,658.41,27.06629,750.88,3.17552224503765,2.27054970568104,0.715016154973943,0.219528466253919,0.207214753166224,16.85,1.1541095890411,212.45,3.09468317552804,0,-16.0641,4.11759799833194,1.37608385686463,0.451685660266874,1.30108445697626,0.601283991047423,33.3877563865537,51.0347891166449,14.7976986383577,0.969,3.95608738968062,3.43920674799665,0.832442903389189,0.505112958942417
2005-12-14,0.0,289.05,-14.45,-14.45,99.14,0.9123226933731089,658.41,27.06629,750.88,3.17552224503765,2.27054970568104,0.715016154973943,0.219528466253919,0.207214753166224,16.85,1.1541095890411,212.45,3.09468317552804,0,-16.0641,4.11759799833194,1.37608385686463,0.451685660266874,1.30108445697626,0.601283991047423,33.3877563865537,51.0347891166449,14.7976986383577,0.969,3.95608738968062,3.43920674799665,0.832442903389189,0.505112958942417
2005-12-15,8.96,215.27,-12.94,-12.94,144.82,0.9449056467078627,658.41,27.06629,750.88,3.17552224503765,2.27054970568104,0.715016154973943,0.219528466253919,0.207214753166224,16.85,1.1541095890411,212.45,3.09468317552804,0,-16.0641,4.11759799833194,1.37608385686463,0.451685660266874,1.30108445697626,0.601283991047423,33.3877563865537,51.0347891166449,14.7976986383577,0.969,3.95608738968062,3.43920674799665,0.832442903389189,0.505112958942417
2005-12-16,2.45,214.84,-6.22,-6.22,269.26,0.948163942041338,658.41,27.06629,750.88,3.17552224503765,2.27054970568104,0.715016154973943,0.219528466253919,0.207214753166224,16.85,1.1541095890411,212.45,3.09468317552804,0,-16.0641,4.11759799833194,1.37608385686463,0.451685660266874,1.30108445697626,0.601283991047423,33.3877563865537,51.0347891166449,14.7976986383577,0.969,3.95608738968062,3.43920674799665,0.832442903389189,0.505112958942417
2005-12-17,0.02,219.43,-3.03,-3.03,343.31,0.9123226933731089,658.41,27.06629,750.88,3.17552224503765,2.27054970568104,0.715016154973943,0.219528466253919,0.207214753166224,16.85,1.1541095890411,212.45,3.09468317552804,0,-16.0641,4.11759799833194,1.37608385686463,0.451685660266874,1.30108445697626,0.601283991047423,33.3877563865537,51.0347891166449,14.7976986383577,0.969,3.95608738968062,3.43920674799665,0.832442903389189,0.505112958942417
2005-12-18,0.02,232.84,-5.9,-5.9,260.94,0.8471567867036011,658.41,27.06629,750.88,3.17552224503765,2.27054970568104,0.715016154973943,0.219528466253919,0.207214753166224,16.85,1.1541095890411,212.45,3.09468317552804,0,-16.0641,4.11759799833194,1.37608385686463,0.451685660266874,1.30108445697626,0.601283991047423,33.3877563865537,51.0347891166449,14.7976986383577,0.969,3.95608738968062,3.43920674799665,0.832442903389189,0.505112958942417
2005-12-19,0.01,264.57,-7.95,-7.95,205.53,0.7526662220328147,658.41,27.06629,750.88,3.17552224503765,2.27054970568104,0.715016154973943,0.219528466253919,0.207214753166224,16.85,1.1541095890411,212.45,3.09468317552804,0,-16.0641,4.11759799833194,1.37608385686463,0.451685660266874,1.30108445697626,0.601283991047423,33.3877563865537,51.0347891166449,14.7976986383577,0.969,3.95608738968062,3.43920674799665,0.832442903389189,0.505112958942417
2005-12-20,0.26,201.23,-10.17,-10.17,179.47,0.6809837246963562,658.41,27.06629,750.88,3.17552224503765,2.27054970568104,0.715016154973943,0.219528466253919,0.207214753166224,16.85,1.1541095890411,212.45,3.09468317552804,0,-16.0641,4.11759799833194,1.37608385686463,0.451685660266874,1.30108445697626,0.601283991047423,33.3877563865537,51.0347891166449,14.7976986383577,0.969,3.95608738968062,3.43920674799665,0.832442903389189,0.505112958942417
2005-12-21,0.11,215.31,-9.92,-9.92,197.64,0.6712088386959301,658.41,27.06629,750.88,3.17552224503765,2.27054970568104,0.715016154973943,0.219528466253919,0.207214753166224,16.85,1.1541095890411,212.45,3.09468317552804,0,-16.0641,4.11759799833194,1.37608385686463,0.451685660266874,1.30108445697626,0.601283991047423,33.3877563865537,51.0347891166449,14.7976986383577,0.969,3.95608738968062,3.43920674799665,0.832442903389189,0.505112958942417
2005-12-22,0.01,203.12,-7.22,-7.22,270.36,0.6418841806946515,658.41,27.06629,750.88,3.17552224503765,2.27054970568104,0.715016154973943,0.219528466253919,0.207214753166224,16.85,1.1541095890411,212.45,3.09468317552804,0,-16.0641,4.11759799833194,1.37608385686463,0.451685660266874,1.30108445697626,0.601283991047423,33.3877563865537,51.0347891166449,14.7976986383577,0.969,3.95608738968062,3.43920674799665,0.832442903389189,0.505112958942417
2005-12-23,0.0,236.01,-3.33,-3.33,369.2,0.62885099936075,658.41,27.06629,750.88,3.17552224503765,2.27054970568104,0.715016154973943,0.219528466253919,0.207214753166224,16.85,1.1541095890411,212.45,3.09468317552804,0,-16.0641,4.11759799833194,1.37608385686463,0.451685660266874,1.30108445697626,0.601283991047423,33.3877563865537,51.0347891166449,14.7976986383577,0.969,3.95608738968062,3.43920674799665,0.832442903389189,0.505112958942417
2005-12-24,0.25,237.71,0.1,0.1,448.54,0.7233415640315363,658.41,27.06629,750.88,3.17552224503765,2.27054970568104,0.715016154973943,0.219528466253919,0.207214753166224,16.85,1.1541095890411,212.45,3.09468317552804,0,-16.0641,4.11759799833194,1.37608385686463,0.451685660266874,1.30108445697626,0.601283991047423,33.3877563865537,51.0347891166449,14.7976986383577,0.969,3.95608738968062,3.43920674799665,0.832442903389189,0.505112958942417
2005-12-25,3.51,221.4,0.58,0.58,423.94,0.9090643980396335,658.41,27.06629,750.88,3.17552224503765,2.27054970568104,0.715016154973943,0.219528466253919,0.207214753166224,16.85,1.1541095890411,212.45,3.09468317552804,0,-16.0641,4.11759799833194,1.37608385686463,0.451685660266874,1.30108445697626,0.601283991047423,33.3877563865537,51.0347891166449,14.7976986383577,0.969,3.95608738968062,3.43920674799665,0.832442903389189,0.505112958942417
2005-12-26,1.14,161.65,-0.86,-0.86,433.1,1.3717423353931386,658.41,27.06629,750.88,3.17552224503765,2.27054970568104,0.715016154973943,0.219528466253919,0.207214753166224,16.85,1.1541095890411,212.45,3.09468317552804,0,-16.0641,4.11759799833194,1.37608385686463,0.451685660266874,1.30108445697626,0.601283991047423,33.3877563865537,51.0347891166449,14.7976986383577,0.969,3.95608738968062,3.43920674799665,0.832442903389189,0.505112958942417
2005-12-27,0.06,119.71,-0.38,-0.38,495.77,1.17298632005114,658.41,27.06629,750.88,3.17552224503765,2.27054970568104,0.715016154973943,0.219528466253919,0.207214753166224,16.85,1.1541095890411,212.45,3.09468317552804,0,-16.0641,4.11759799833194,1.37608385686463,0.451685660266874,1.30108445697626,0.601283991047423,33.3877563865537,51.0347891166449,14.7976986383577,0.969,3.95608738968062,3.43920674799665,0.832442903389189,0.505112958942417
2005-12-28,0.58,162.25,-1.63,-1.63,450.17,1.0589459833795014,658.41,27.06629,750.88,3.17552224503765,2.27054970568104,0.715016154973943,0.219528466253919,0.207214753166224,16.85,1.1541095890411,212.45,3.09468317552804,0,-16.0641,4.11759799833194,1.37608385686463,0.451685660266874,1.30108445697626,0.601283991047423,33.3877563865537,51.0347891166449,14.7976986383577,0.969,3.95608738968062,3.43920674799665,0.832442903389189,0.505112958942417
2005-12-29,0.35,170.49,0.68,0.68,510.85,1.38477551672704,658.41,27.06629,750.88,3.17552224503765,2.27054970568104,0.715016154973943,0.219528466253919,0.207214753166224,16.85,1.1541095890411,212.45,3.09468317552804,0,-16.0641,4.11759799833194,1.37608385686463,0.451685660266874,1.30108445697626,0.601283991047423,33.3877563865537,51.0347891166449,14.7976986383577,0.969,3.95608738968062,3.43920674799665,0.832442903389189,0.505112958942417
2005-12-30,0.13,196.48,0.69,0.69,482.43,1.6649889154059236,658.41,27.06629,750.88,3.17552224503765,2.27054970568104,0.715016154973943,0.219528466253919,0.207214753166224,16.85,1.1541095890411,212.45,3.09468317552804,0,-16.0641,4.11759799833194,1.37608385686463,0.451685660266874,1.30108445697626,0.601283991047423,33.3877563865537,51.0347891166449,14.7976986383577,0.969,3.95608738968062,3.43920674799665,0.832442903389189,0.505112958942417
2005-12-31,0.66,132.78,-1.08,-1.08,445.81,1.3880338120605156,658.41,27.06629,750.88,3.17552224503765,2.27054970568104,0.715016154973943,0.219528466253919,0.207214753166224,16.85,1.1541095890411,212.45,3.09468317552804,0,-16.0641,4.11759799833194,1.37608385686463,0.451685660266874,1.30108445697626,0.601283991047423,33.3877563865537,51.0347891166449,14.7976986383577,0.969,3.95608738968062,3.43920674799665,0.832442903389189,0.505112958942417
2006-01-01,0.9,145.57,-1.95,-1.95,436.25,1.2935432473897293,658.41,27.06629,750.88,3.17552224503765,2.27054970568104,0.715016154973943,0.219528466253919,0.207214753166224,16.85,1.1541095890411,212.45,3.09468317552804,0,-16.0641,4.11759799833194,1.37608385686463,0.451685660266874,1.30108445697626,0.601283991047423,33.3877563865537,51.0347891166449,14.7976986383577,0.969,3.95608738968062,3.43920674799665,0.832442903389189,0.505112958942417
2006-01-02,12.62,122.89,-0.87,-0.87,487.83,1.3978086980609417,658.41,27.06629,750.88,3.17552224503765,2.27054970568104,0.715016154973943,0.219528466253919,0.207214753166224,16.85,1.1541095890411,212.45,3.09468317552804,0,-16.0641,4.11759799833194,1.37608385686463,0.451685660266874,1.30108445697626,0.601283991047423,33.3877563865537,51.0347891166449,14.7976986383577,0.969,3.95608738968062,3.43920674799665,0.832442903389189,0.505112958942417
2006-01-03,3.27,112.91,0.19,0.19,541.29,3.6492907734924356,658.41,27.06629,750.88,3.17552224503765,2.27054970568104,0.715016154973943,0.219528466253919,0.207214753166224,16.85,1.1541095890411,212.45,3.09468317552804,0,-16.0641,4.11759799833194,1.37608385686463,0.451685660266874,1.30108445697626,0.601283991047423,33.3877563865537,51.0347891166449,14.7976986383577,0.969,3.95608738968062,3.43920674799665,0.832442903389189,0.505112958942417
2006-01-04,1.85,102.45,0.02,0.02,535.94,2.681577059450245,658.41,27.06629,750.88,3.17552224503765,2.27054970568104,0.715016154973943,0.219528466253919,0.207214753166224,16.85,1.1541095890411,212.45,3.09468317552804,0,-16.0641,4.11759799833194,1.37608385686463,0.451685660266874,1.30108445697626,0.601283991047423,33.3877563865537,51.0347891166449,14.7976986383577,0.969,3.95608738968062,3.43920674799665,0.832442903389189,0.505112958942417
2006-01-05,1.48,130.3,0.0,0.0,505.87,3.1670630641380777,658.41,27.06629,750.88,3.17552224503765,2.27054970568104,0.715016154973943,0.219528466253919,0.207214753166224,16.85,1.1541095890411,212.45,3.09468317552804,0,-16.0641,4.11759799833194,1.37608385686463,0.451685660266874,1.30108445697626,0.601283991047423,33.3877563865537,51.0347891166449,14.7976986383577,0.969,3.95608738968062,3.43920674799665,0.832442903389189,0.505112958942417
2006-01-06,0.56,162.74,-2.72,-2.72,378.37,2.5870864947794585,658.41,27.06629,750.88,3.17552224503765,2.27054970568104,0.715016154973943,0.219528466253919,0.207214753166224,16.85,1.1541095890411,212.45,3.09468317552804,0,-16.0641,4.11759799833194,1.37608385686463,0.451685660266874,1.30108445697626,0.601283991047423,33.3877563865537,51.0347891166449,14.7976986383577,0.969,3.95608738968062,3.43920674799665,0.832442903389189,0.505112958942417
2006-01-07,0.85,187.36,-7.36,-7.36,266.22,2.127666852759429,658.41,27.06629,750.88,3.17552224503765,2.27054970568104,0.715016154973943,0.219528466253919,0.207214753166224,16.85,1.1541095890411,212.45,3.09468317552804,0,-16.0641,4.11759799833194,1.37608385686463,0.451685660266874,1.30108445697626,0.601283991047423,33.3877563865537,51.0347891166449,14.7976986383577,0.969,3.95608738968062,3.43920674799665,0.832442903389189,0.505112958942417
2006-01-08,0.2,179.24,-4.83,-4.83,345.51,1.9289108374174302,658.41,27.06629,750.88,3.17552224503765,2.27054970568104,0.715016154973943,0.219528466253919,0.207214753166224,16.85,1.1541095890411,212.45,3.09468317552804,0,-16.0641,4.11759799833194,1.37608385686463,0.451685660266874,1.30108445697626,0.601283991047423,33.3877563865537,51.0347891166449,14.7976986383577,0.969,3.95608738968062,3.43920674799665,0.832442903389189,0.505112958942417
2006-01-09,0.0,260.31,-0.9,-0.9,440.83,1.8441951587470702,658.41,27.06629,750.88,3.17552224503765,2.27054970568104,0.715016154973943,0.219528466253919,0.207214753166224,16.85,1.1541095890411,212.45,3.09468317552804,0,-16.0641,4.11759799833194,1.37608385686463,0.451685660266874,1.30108445697626,0.601283991047423,33.3877563865537,51.0347891166449,14.7976986383577,0.969,3.95608738968062,3.43920674799665,0.832442903389189,0.505112958942417
2006-01-10,0.21,248.1,1.28,1.28,489.65,1.7920624334114639,658.41,27.06629,750.88,3.17552224503765,2.27054970568104,0.715016154973943,0.219528466253919,0.207214753166224,16.85,1.1541095890411,212.45,3.09468317552804,0,-16.0641,4.11759799833194,1.37608385686463,0.451685660266874,1.30108445697626,0.601283991047423,33.3877563865537,51.0347891166449,14.7976986383577,0.969,3.95608738968062,3.43920674799665,0.832442903389189,0.505112958942417
2006-01-11,4.62,212.05,1.22,1.22,502.16,1.7301548220754313,658.41,27.06629,750.88,3.17552224503765,2.27054970568104,0.715016154973943,0.219528466253919,0.207214753166224,16.85,1.1541095890411,212.45,3.09468317552804,0,-16.0641,4.11759799833194,1.37608385686463,0.451685660266874,1.30108445697626,0.601283991047423,33.3877563865537,51.0347891166449,14.7976986383577,0.969,3.95608738968062,3.43920674799665,0.832442903389189,0.505112958942417
2006-01-12,1.2,280.35,4.29,4.29,594.38,3.1703213594715534,658.41,27.06629,750.88,3.17552224503765,2.27054970568104,0.715016154973943,0.219528466253919,0.207214753166224,16.85,1.1541095890411,212.45,3.09468317552804,0,-16.0641,4.11759799833194,1.37608385686463,0.451685660266874,1.30108445697626,0.601283991047423,33.3877563865537,51.0347891166449,14.7976986383577,0.969,3.95608738968062,3.43920674799665,0.832442903389189,0.505112958942417
2006-01-13,24.76,225.27,4.02,4.02,562.03,2.2938399147666737,658.41,27.06629,750.88,3.17552224503765,2.27054970568104,0.715016154973943,0.219528466253919,0.207214753166224,16.85,1.1541095890411,212.45,3.09468317552804,0,-16.0641,4.11759799833194,1.37608385686463,0.451685660266874,1.30108445697626,0.601283991047423,33.3877563865537,51.0347891166449,14.7976986383577,0.969,3.95608738968062,3.43920674799665,0.832442903389189,0.505112958942417
2006-01-14,14.38,214.82,6.55,6.55,603.56,14.694911953974003,658.41,27.06629,750.88,3.17552224503765,2.27054970568104,0.715016154973943,0.219528466253919,0.207214753166224,16.85,1.1541095890411,212.45,3.09468317552804,0,-16.0641,4.11759799833194,1.37608385686463,0.451685660266874,1.30108445697626,0.601283991047423,33.3877563865537,51.0347891166449,14.7976986383577,0.969,3.95608738968062,3.43920674799665,0.832442903389189,0.505112958942417
2006-01-15,2.07,288.96,-1.06,-1.06,321.08,7.233415640315362,658.41,27.06629,750.88,3.17552224503765,2.27054970568104,0.715016154973943,0.219528466253919,0.207214753166224,16.85,1.1541095890411,212.45,3.09468317552804,0,-16.0641,4.11759799833194,1.37608385686463,0.451685660266874,1.30108445697626,0.601283991047423,33.3877563865537,51.0347891166449,14.7976986383577,0.969,3.95608738968062,3.43920674799665,0.832442903389189,0.505112958942417
2006-01-16,0.0,287.89,-8.81,-8.81,188.05,4.105452120178989,658.41,27.06629,750.88,3.17552224503765,2.27054970568104,0.715016154973943,0.219528466253919,0.207214753166224,16.85,1.1541095890411,212.45,3.09468317552804,0,-16.0641,4.11759799833194,1.37608385686463,0.451685660266874,1.30108445697626,0.601283991047423,33.3877563865537,51.0347891166449,14.7976986383577,0.969,3.95608738968062,3.43920674799665,0.832442903389189,0.505112958942417
2006-01-17,12.27,237.53,-6.07,-6.07,265.65,3.1638047688046025,658.41,27.06629,750.88,3.17552224503765,2.27054970568104,0.715016154973943,0.219528466253919,0.207214753166224,16.85,1.1541095890411,212.45,3.09468317552804,0,-16.0641,4.11759799833194,1.37608385686463,0.451685660266874,1.30108445697626,0.601283991047423,33.3877563865537,51.0347891166449,14.7976986383577,0.969,3.95608738968062,3.43920674799665,0.832442903389189,0.505112958942417
2006-01-18,4.08,235.81,-0.94,-0.94,397.03,6.646922480289793,658.41,27.06629,750.88,3.17552224503765,2.27054970568104,0.715016154973943,0.219528466253919,0.207214753166224,16.85,1.1541095890411,212.45,3.09468317552804,0,-16.0641,4.11759799833194,1.37608385686463,0.451685660266874,1.30108445697626,0.601283991047423,33.3877563865537,51.0347891166449,14.7976986383577,0.969,3.95608738968062,3.43920674799665,0.832442903389189,0.505112958942417
2006-01-19,0.22,287.26,0.2,0.2,436.75,4.007703260174727,658.41,27.06629,750.88,3.17552224503765,2.27054970568104,0.715016154973943,0.219528466253919,0.207214753166224,16.85,1.1541095890411,212.45,3.09468317552804,0,-16.0641,4.11759799833194,1.37608385686463,0.451685660266874,1.30108445697626,0.601283991047423,33.3877563865537,51.0347891166449,14.7976986383577,0.969,3.95608738968062,3.43920674799665,0.832442903389189,0.505112958942417
2006-01-20,0.06,267.96,1.59,1.59,487.85,3.3234612401448964,658.41,27.06629,750.88,3.17552224503765,2.27054970568104,0.715016154973943,0.219528466253919,0.207214753166224,16.85,1.1541095890411,212.45,3.09468317552804,0,-16.0641,4.11759799833194,1.37608385686463,0.451685660266874,1.30108445697626,0.601283991047423,33.3877563865537,51.0347891166449,14.7976986383577,0.969,3.95608738968062,3.43920674799665,0.832442903389189,0.505112958942417
2006-01-21,0.2,202.39,6.24,6.24,681.63,3.127963520136373,658.41,27.06629,750.88,3.17552224503765,2.27054970568104,0.715016154973943,0.219528466253919,0.207214753166224,16.85,1.1541095890411,212.45,3.09468317552804,0,-16.0641,4.11759799833194,1.37608385686463,0.451685660266874,1.30108445697626,0.601283991047423,33.3877563865537,51.0347891166449,14.7976986383577,0.969,3.95608738968062,3.43920674799665,0.832442903389189,0.505112958942417
2006-01-22,1.53,250.51,0.91,0.91,425.08,2.4469797954400168,658.41,27.06629,750.88,3.17552224503765,2.27054970568104,0.715016154973943,0.219528466253919,0.207214753166224,16.85,1.1541095890411,212.45,3.09468317552804,0,-16.0641,4.11759799833194,1.37608385686463,0.451685660266874,1.30108445697626,0.601283991047423,33.3877563865537,51.0347891166449,14.7976986383577,0.969,3.95608738968062,3.43920674799665,0.832442903389189,0.505112958942417
2006-01-23,0.44,245.43,-0.62,-0.62,390.67,2.241707189431067,658.41,27.06629,750.88,3.17552224503765,2.27054970568104,0.715016154973943,0.219528466253919,0.207214753166224,16.85,1.1541095890411,212.45,3.09468317552804,0,-16.0641,4.11759799833194,1.37608385686463,0.451685660266874,1.30108445697626,0.601283991047423,33.3877563865537,51.0347891166449,14.7976986383577,0.969,3.95608738968062,3.43920674799665,0.832442903389189,0.505112958942417
2006-01-24,1.91,225.13,-1.95,-1.95,374.81,1.9843018580865117,658.41,27.06629,750.88,3.17552224503765,2.27054970568104,0.715016154973943,0.219528466253919,0.207214753166224,16.85,1.1541095890411,212.45,3.09468317552804,0,-16.0641,4.11759799833194,1.37608385686463,0.451685660266874,1.30108445697626,0.601283991047423,33.3877563865537,51.0347891166449,14.7976986383577,0.969,3.95608738968062,3.43920674799665,0.832442903389189,0.505112958942417
2006-01-25,1.28,235.34,-1.76,-1.76,357.84,1.8572283400809715,658.41,27.06629,750.88,3.17552224503765,2.27054970568104,0.715016154973943,0.219528466253919,0.207214753166224,16.85,1.1541095890411,212.45,3.09468317552804,0,-16.0641,4.11759799833194,1.37608385686463,0.451685660266874,1.30108445697626,0.601283991047423,33.3877563865537,51.0347891166449,14.7976986383577,0.969,3.95608738968062,3.43920674799665,0.832442903389189,0.505112958942417
2006-01-26,0.22,301.83,-5.73,-5.73,242.18,1.5509485787342852,658.41,27.06629,750.88,3.17552224503765,2.27054970568104,0.715016154973943,0.219528466253919,0.207214753166224,16.85,1.1541095890411,212.45,3.09468317552804,0,-16.0641,4.11759799833194,1.37608385686463,0.451685660266874,1.30108445697626,0.601283991047423,33.3877563865537,51.0347891166449,14.7976986383577,0.969,3.95608738968062,3.43920674799665,0.832442903389189,0.505112958942417
2006-01-27,0.0,329.29,-10.12,-10.12,174.88,1.3945504027274664,658.41,27.06629,750.88,3.17552224503765,2.27054970568104,0.715016154973943,0.219528466253919,0.207214753166224,16.85,1.1541095890411,212.45,3.09468317552804,0,-16.0641,4.11759799833194,1.37608385686463,0.451685660266874,1.30108445697626,0.601283991047423,33.3877563865537,51.0347891166449,14.7976986383577,0.969,3.95608738968062,3.43920674799665,0.832442903389189,0.505112958942417
2006-01-28,0.84,282.92,-5.32,-5.32,279.61,1.4401665373961219,658.41,27.06629,750.88,3.17552224503765,2.27054970568104,0.715016154973943,0.219528466253919,0.207214753166224,16.85,1.1541095890411,212.45,3.09468317552804,0,-16.0641,4.11759799833194,1.37608385686463,0.451685660266874,1.30108445697626,0.601283991047423,33.3877563865537,51.0347891166449,14.7976986383577,0.969,3.95608738968062,3.43920674799665,0.832442903389189,0.505112958942417
2006-01-29,4.65,251.77,3.35,3.35,540.93,1.6356642574046452,658.41,27.06629,750.88,3.17552224503765,2.27054970568104,0.715016154973943,0.219528466253919,0.207214753166224,16.85,1.1541095890411,212.45,3.09468317552804,0,-16.0641,4.11759799833194,1.37608385686463,0.451685660266874,1.30108445697626,0.601283991047423,33.3877563865537,51.0347891166449,14.7976986383577,0.969,3.95608738968062,3.43920674799665,0.832442903389189,0.505112958942417
2006-01-30,1.18,219.15,4.21,4.21,614.92,2.0755341274238224,658.41,27.06629,750.88,3.17552224503765,2.27054970568104,0.715016154973943,0.219528466253919,0.207214753166224,16.85,1.1541095890411,212.45,3.09468317552804,0,-16.0641,4.11759799833194,1.37608385686463,0.451685660266874,1.30108445697626,0.601283991047423,33.3877563865537,51.0347891166449,14.7976986383577,0.969,3.95608738968062,3.43920674799665,0.832442903389189,0.505112958942417
2006-01-31,0.01,295.0,3.57,3.57,559.11,1.651955734072022,658.41,27.06629,750.88,3.17552224503765,2.27054970568104,0.715016154973943,0.219528466253919,0.207214753166224,16.85,1.1541095890411,212.45,3.09468317552804,0,-16.0641,4.11759799833194,1.37608385686463,0.451685660266874,1.30108445697626,0.601283991047423,33.3877563865537,51.0347891166449,14.7976986383577,0.969,3.95608738968062,3.43920674799665,0.832442903389189,0.505112958942417
2006-02-01,1.19,135.64,0.23,0.23,477.81,1.4271333560622201,658.41,27.06629,750.88,3.17552224503765,2.27054970568104,0.715016154973943,0.219528466253919,0.207214753166224,16.85,1.1541095890411,212.45,3.09468317552804,0,-16.0641,4.11759799833194,1.37608385686463,0.451685660266874,1.30108445697626,0.601283991047423,33.3877563865537,51.0347891166449,14.7976986383577,0.969,3.95608738968062,3.43920674799665,0.832442903389189,0.505112958942417
2006-02-02,5.62,150.1,-1.02,-1.02,471.14,1.3489342680588108,658.41,27.06629,750.88,3.17552224503765,2.27054970568104,0.715016154973943,0.219528466253919,0.207214753166224,16.85,1.1541095890411,212.45,3.09468317552804,0,-16.0641,4.11759799833194,1.37608385686463,0.451685660266874,1.30108445697626,0.601283991047423,33.3877563865537,51.0347891166449,14.7976986383577,0.969,3.95608738968062,3.43920674799665,0.832442903389189,0.505112958942417
2006-02-03,3.69,239.69,1.76,1.76,517.45,1.8898112934157254,658.41,27.06629,750.88,3.17552224503765,2.27054970568104,0.715016154973943,0.219528466253919,0.207214753166224,16.85,1.1541095890411,212.45,3.09468317552804,0,-16.0641,4.11759799833194,1.37608385686463,0.451685660266874,1.30108445697626,0.601283991047423,33.3877563865537,51.0347891166449,14.7976986383577,0.969,3.95608738968062,3.43920674799665,0.832442903389189,0.505112958942417
2006-02-04,13.39,193.42,1.88,1.88,511.85,2.179799578095035,658.41,27.06629,750.88,3.17552224503765,2.27054970568104,0.715016154973943,0.219528466253919,0.207214753166224,16.85,1.1541095890411,212.45,3.09468317552804,0,-16.0641,4.11759799833194,1.37608385686463,0.451685660266874,1.30108445697626,0.601283991047423,33.3877563865537,51.0347891166449,14.7976986383577,0.969,3.95608738968062,3.43920674799665,0.832442903389189,0.505112958942417
2006-02-05,8.32,211.71,-0.41,-0.41,429.57,5.962680460259961,658.41,27.06629,750.88,3.17552224503765,2.27054970568104,0.715016154973943,0.219528466253919,0.207214753166224,16.85,1.1541095890411,212.45,3.09468317552804,0,-16.0641,4.11759799833194,1.37608385686463,0.451685660266874,1.30108445697626,0.601283991047423,33.3877563865537,51.0347891166449,14.7976986383577,0.969,3.95608738968062,3.43920674799665,0.832442903389189,0.505112958942417
2006-02-06,1.38,231.19,-2.88,-2.88,352.43,3.2029043128063073,658.41,27.06629,750.88,3.17552224503765,2.27054970568104,0.715016154973943,0.219528466253919,0.207214753166224,16.85,1.1541095890411,212.45,3.09468317552804,0,-16.0641,4.11759799833194,1.37608385686463,0.451685660266874,1.30108445697626,0.601283991047423,33.3877563865537,51.0347891166449,14.7976986383577,0.969,3.95608738968062,3.43920674799665,0.832442903389189,0.505112958942417
2006-02-07,0.38,175.69,-4.81,-4.81,305.24,2.6685438781163433,658.41,27.06629,750.88,3.17552224503765,2.27054970568104,0.715016154973943,0.219528466253919,0.207214753166224,16.85,1.1541095890411,212.45,3.09468317552804,0,-16.0641,4.11759799833194,1.37608385686463,0.451685660266874,1.30108445697626,0.601283991047423,33.3877563865537,51.0347891166449,14.7976986383577,0.969,3.95608738968062,3.43920674799665,0.832442903389189,0.505112958942417
2006-02-08,0.18,276.28,-7.85,-7.85,215.77,2.297098210100149,658.41,27.06629,750.88,3.17552224503765,2.27054970568104,0.715016154973943,0.219528466253919,0.207214753166224,16.85,1.1541095890411,212.45,3.09468317552804,0,-16.0641,4.11759799833194,1.37608385686463,0.451685660266874,1.30108445697626,0.601283991047423,33.3877563865537,51.0347891166449,14.7976986383577,0.969,3.95608738968062,3.43920674799665,0.832442903389189,0.505112958942417
2006-02-09,0.31,284.31,-9.63,-9.63,168.74,1.951718904751758,658.41,27.06629,750.88,3.17552224503765,2.27054970568104,0.715016154973943,0.219528466253919,0.207214753166224,16.85,1.1541095890411,212.45,3.09468317552804,0,-16.0641,4.11759799833194,1.37608385686463,0.451685660266874,1.30108445697626,0.601283991047423,33.3877563865537,51.0347891166449,14.7976986383577,0.969,3.95608738968062,3.43920674799665,0.832442903389189,0.505112958942417
2006-02-10,0.19,290.96,-8.84,-8.84,191.85,1.811612205412316,658.41,27.06629,750.88,3.17552224503765,2.27054970568104,0.715016154973943,0.219528466253919,0.207214753166224,16.85,1.1541095890411,212.45,3.09468317552804,0,-16.0641,4.11759799833194,1.37608385686463,0.451685660266874,1.30108445697626,0.601283991047423,33.3877563865537,51.0347891166449,14.7976986383577,0.969,3.95608738968062,3.43920674799665,0.832442903389189,0.505112958942417
2006-02-11,0.26,235.21,-6.2,-6.2,253.55,1.6421808480715958,658.41,27.06629,750.88,3.17552224503765,2.27054970568104,0.715016154973943,0.219528466253919,0.207214753166224,16.85,1.1541095890411,212.45,3.09468317552804,0,-16.0641,4.11759799833194,1.37608385686463,0.451685660266874,1.30108445697626,0.601283991047423,33.3877563865537,51.0347891166449,14.7976986383577,0.969,3.95608738968062,3.43920674799665,0.832442903389189,0.505112958942417
2006-02-12,0.33,266.92,-6.86,-6.86,229.96,1.4825243767313019,658.41,27.06629,750.88,3.17552224503765,2.27054970568104,0.715016154973943,0.219528466253919,0.207214753166224,16.85,1.1541095890411,212.45,3.09468317552804,0,-16.0641,4.11759799833194,1.37608385686463,0.451685660266874,1.30108445697626,0.601283991047423,33.3877563865537,51.0347891166449,14.7976986383577,0.969,3.95608738968062,3.43920674799665,0.832442903389189,0.505112958942417
2006-02-13,0.09,324.91,-8.63,-8.63,206.8,1.3000598380566801,658.41,27.06629,750.88,3.17552224503765,2.27054970568104,0.715016154973943,0.219528466253919,0.207214753166224,16.85,1.1541095890411,212.45,3.09468317552804,0,-16.0641,4.11759799833194,1.37608385686463,0.451685660266874,1.30108445697626,0.601283991047423,33.3877563865537,51.0347891166449,14.7976986383577,0.969,3.95608738968062,3.43920674799665,0.832442903389189,0.505112958942417
2006-02-14,0.01,240.07,-5.56,-5.56,306.89,1.2642185893884508,658.41,27.06629,750.88,3.17552224503765,2.27054970568104,0.715016154973943,0.219528466253919,0.207214753166224,16.85,1.1541095890411,212.45,3.09468317552804,0,-16.0641,4.11759799833194,1.37608385686463,0.451685660266874,1.30108445697626,0.601283991047423,33.3877563865537,51.0347891166449,14.7976986383577,0.969,3.95608738968062,3.43920674799665,0.832442903389189,0.505112958942417
2006-02-15,0.13,304.52,-0.53,-0.53,424.03,1.2251190453867462,658.41,27.06629,750.88,3.17552224503765,2.27054970568104,0.715016154973943,0.219528466253919,0.207214753166224,16.85,1.1541095890411,212.45,3.09468317552804,0,-16.0641,4.11759799833194,1.37608385686463,0.451685660266874,1.30108445697626,0.601283991047423,33.3877563865537,51.0347891166449,14.7976986383577,0.969,3.95608738968062,3.43920674799665,0.832442903389189,0.505112958942417
2006-02-16,2.44,296.67,3.33,3.33,490.64,1.4369082420626462,658.41,27.06629,750.88,3.17552224503765,2.27054970568104,0.715016154973943,0.219528466253919,0.207214753166224,16.85,1.1541095890411,212.45,3.09468317552804,0,-16.0641,4.11759799833194,1.37608385686463,0.451685660266874,1.30108445697626,0.601283991047423,33.3877563865537,51.0347891166449,14.7976986383577,0.969,3.95608738968062,3.43920674799665,0.832442903389189,0.505112958942417
2006-02-17,1.07,307.04,3.21,3.21,401.49,1.9061027700831024,658.41,27.06629,750.88,3.17552224503765,2.27054970568104,0.715016154973943,0.219528466253919,0.207214753166224,16.85,1.1541095890411,212.45,3.09468317552804,0,-16.0641,4.11759799833194,1.37608385686463,0.451685660266874,1.30108445697626,0.601283991047423,33.3877563865537,51.0347891166449,14.7976986383577,0.969,3.95608738968062,3.43920674799665,0.832442903389189,0.505112958942417
2006-02-18,0.35,315.48,-5.05,-5.05,200.17,1.3033181333901556,658.41,27.06629,750.88,3.17552224503765,2.27054970568104,0.715016154973943,0.219528466253919,0.207214753166224,16.85,1.1541095890411,212.45,3.09468317552804,0,-16.0641,4.11759799833194,1.37608385686463,0.451685660266874,1.30108445697626,0.601283991047423,33.3877563865537,51.0347891166449,14.7976986383577,0.969,3.95608738968062,3.43920674799665,0.832442903389189,0.505112958942417
2006-02-19,0.06,363.87,-11.94,-11.94,135.81,0.9774886000426166,658.41,27.06629,750.88,3.17552224503765,2.27054970568104,0.715016154973943,0.219528466253919,0.207214753166224,16.85,1.1541095890411,212.45,3.09468317552804,0,-16.0641,4.11759799833194,1.37608385686463,0.451685660266874,1.30108445697626,0.601283991047423,33.3877563865537,51.0347891166449,14.7976986383577,0.969,3.95608738968062,3.43920674799665,0.832442903389189,0.505112958942417
2006-02-20,0.0,387.65,-11.57,-11.57,151.93,0.9123226933731089,658.41,27.06629,750.88,3.17552224503765,2.27054970568104,0.715016154973943,0.219528466253919,0.207214753166224,16.85,1.1541095890411,212.45,3.09468317552804,0,-16.0641,4.11759799833194,1.37608385686463,0.451685660266874,1.30108445697626,0.601283991047423,33.3877563865537,51.0347891166449,14.7976986383577,0.969,3.95608738968062,3.43920674799665,0.832442903389189,0.505112958942417
2006-02-21,0.0,386.19,-8.51,-8.51,196.14,1.0100715533773705,658.41,27.06629,750.88,3.17552224503765,2.27054970568104,0.715016154973943,0.219528466253919,0.207214753166224,16.85,1.1541095890411,212.45,3.09468317552804,0,-16.0641,4.11759799833194,1.37608385686463,0.451685660266874,1.30108445697626,0.601283991047423,33.3877563865537,51.0347891166449,14.7976986383577,0.969,3.95608738968062,3.43920674799665,0.832442903389189,0.505112958942417
2006-02-22,0.09,300.0,-6.39,-6.39,251.18,0.9774886000426166,658.41,27.06629,750.88,3.17552224503765,2.27054970568104,0.715016154973943,0.219528466253919,0.207214753166224,16.85,1.1541095890411,212.45,3.09468317552804,0,-16.0641,4.11759799833194,1.37608385686463,0.451685660266874,1.30108445697626,0.601283991047423,33.3877563865537,51.0347891166449,14.7976986383577,0.969,3.95608738968062,3.43920674799665,0.832442903389189,0.505112958942417
2006-02-23,1.59,317.98,-2.51,-2.51,307.83,1.0100715533773705,658.41,27.06629,750.88,3.17552224503765,2.27054970568104,0.715016154973943,0.219528466253919,0.207214753166224,16.85,1.1541095890411,212.45,3.09468317552804,0,-16.0641,4.11759799833194,1.37608385686463,0.451685660266874,1.30108445697626,0.601283991047423,33.3877563865537,51.0347891166449,14.7976986383577,0.969,3.95608738968062,3.43920674799665,0.832442903389189,0.505112958942417
2006-02-24,0.86,314.4,-2.19,-2.19,296.94,0.9416473513743873,658.41,27.06629,750.88,3.17552224503765,2.27054970568104,0.715016154973943,0.219528466253919,0.207214753166224,16.85,1.1541095890411,212.45,3.09468317552804,0,-16.0641,4.11759799833194,1.37608385686463,0.451685660266874,1.30108445697626,0.601283991047423,33.3877563865537,51.0347891166449,14.7976986383577,0.969,3.95608738968062,3.43920674799665,0.832442903389189,0.505112958942417
2006-02-25,1.72,277.93,-6.21,-6.21,236.39,0.8569316727040273,658.41,27.06629,750.88,3.17552224503765,2.27054970568104,0.715016154973943,0.219528466253919,0.207214753166224,16.85,1.1541095890411,212.45,3.09468317552804,0,-16.0641,4.11759799833194,1.37608385686463,0.451685660266874,1.30108445697626,0.601283991047423,33.3877563865537,51.0347891166449,14.7976986383577,0.969,3.95608738968062,3.43920674799665,0.832442903389189,0.505112958942417
2006-02-26,1.04,338.76,-5.71,-5.71,201.48,0.7819908800340932,658.41,27.06629,750.88,3.17552224503765,2.27054970568104,0.715016154973943,0.219528466253919,0.207214753166224,16.85,1.1541095890411,212.45,3.09468317552804,0,-16.0641,4.11759799833194,1.37608385686463,0.451685660266874,1.30108445697626,0.601283991047423,33.3877563865537,51.0347891166449,14.7976986383577,0.969,3.95608738968062,3.43920674799665,0.832442903389189,0.505112958942417
2006-02-27,0.18,278.5,-9.78,-9.78,176.87,0.7624411080332409,658.41,27.06629,750.88,3.17552224503765,2.27054970568104,0.715016154973943,0.219528466253919,0.207214753166224,16.85,1.1541095890411,212.45,3.09468317552804,0,-16.0641,4.11759799833194,1.37608385686463,0.451685660266874,1.30108445697626,0.601283991047423,33.3877563865537,51.0347891166449,14.7976986383577,0.969,3.95608738968062,3.43920674799665,0.832442903389189,0.505112958942417
2006-02-28,0.03,349.52,-8.78,-8.78,193.26,0.7624411080332409,658.41,27.06629,750.88,3.17552224503765,2.27054970568104,0.715016154973943,0.219528466253919,0.207214753166224,16.85,1.1541095890411,212.45,3.09468317552804,0,-16.0641,4.11759799833194,1.37608385686463,0.451685660266874,1.30108445697626,0.601283991047423,33.3877563865537,51.0347891166449,14.7976986383577,0.969,3.95608738968062,3.43920674799665,0.832442903389189,0.505112958942417
2006-03-01,0.88,300.61,-9.75,-9.75,180.32,0.7168249733645855,658.41,27.06629,750.88,3.17552224503765,2.27054970568104,0.715016154973943,0.219528466253919,0.207214753166224,16.85,1.1541095890411,212.45,3.09468317552804,0,-16.0641,4.11759799833194,1.37608385686463,0.451685660266874,1.30108445697626,0.601283991047423,33.3877563865537,51.0347891166449,14.7976986383577,0.969,3.95608738968062,3.43920674799665,0.832442903389189,0.505112958942417
2006-03-02,6.23,333.03,-7.26,-7.26,205.88,0.6842420200298316,658.41,27.06629,750.88,3.17552224503765,2.27054970568104,0.715016154973943,0.219528466253919,0.207214753166224,16.85,1.1541095890411,212.45,3.09468317552804,0,-16.0641,4.11759799833194,1.37608385686463,0.451685660266874,1.30108445697626,0.601283991047423,33.3877563865537,51.0347891166449,14.7976986383577,0.969,3.95608738968062,3.43920674799665,0.832442903389189,0.505112958942417
2006-03-03,1.58,345.77,-8.01,-8.01,206.47,0.6516590666950778,658.41,27.06629,750.88,3.17552224503765,2.27054970568104,0.715016154973943,0.219528466253919,0.207214753166224,16.85,1.1541095890411,212.45,3.09468317552804,0,-16.0641,4.11759799833194,1.37608385686463,0.451685660266874,1.30108445697626,0.601283991047423,33.3877563865537,51.0347891166449,14.7976986383577,0.969,3.95608738968062,3.43920674799665,0.832442903389189,0.505112958942417
2006-03-04,0.0,365.6,-8.16,-8.16,207.38,0.6190761133603239,658.41,27.06629,750.88,3.17552224503765,2.27054970568104,0.715016154973943,0.219528466253919,0.207214753166224,16.85,1.1541095890411,212.45,3.09468317552804,0,-16.0641,4.11759799833194,1.37608385686463,0.451685660266874,1.30108445697626,0.601283991047423,33.3877563865537,51.0347891166449,14.7976986383577,0.969,3.95608738968062,3.43920674799665,0.832442903389189,0.505112958942417
2006-03-05,0.0,461.48,-6.55,-6.55,197.28,0.6190761133603239,658.41,27.06629,750.88,3.17552224503765,2.27054970568104,0.715016154973943,0.219528466253919,0.207214753166224,16.85,1.1541095890411,212.45,3.09468317552804,0,-16.0641,4.11759799833194,1.37608385686463,0.451685660266874,1.30108445697626,0.601283991047423,33.3877563865537,51.0347891166449,14.7976986383577,0.969,3.95608738968062,3.43920674799665,0.832442903389189,0.505112958942417
2006-03-06,0.0,466.75,-5.07,-5.07,199.33,0.553910206690816,658.41,27.06629,750.88,3.17552224503765,2.27054970568104,0.715016154973943,0.219528466253919,0.207214753166224,16.85,1.1541095890411,212.45,3.09468317552804,0,-16.0641,4.11759799833194,1.37608385686463,0.451685660266874,1.30108445697626,0.601283991047423,33.3877563865537,51.0347891166449,14.7976986383577,0.969,3.95608738968062,3.43920674799665,0.832442903389189,0.505112958942417
2006-03-07,0.01,455.47,-5.55,-5.55,197.19,0.4887443000213083,658.41,27.06629,750.88,3.17552224503765,2.27054970568104,0.715016154973943,0.219528466253919,0.207214753166224,16.85,1.1541095890411,212.45,3.09468317552804,0,-16.0641,4.11759799833194,1.37608385686463,0.451685660266874,1.30108445697626,0.601283991047423,33.3877563865537,51.0347891166449,14.7976986383577,0.969,3.95608738968062,3.43920674799665,0.832442903389189,0.505112958942417
2006-03-08,2.54,355.99,-5.87,-5.87,208.67,0.45616134668655445,658.41,27.06629,750.88,3.17552224503765,2.27054970568104,0.715016154973943,0.219528466253919,0.207214753166224,16.85,1.1541095890411,212.45,3.09468317552804,0,-16.0641,4.11759799833194,1.37608385686463,0.451685660266874,1.30108445697626,0.601283991047423,33.3877563865537,51.0347891166449,14.7976986383577,0.969,3.95608738968062,3.43920674799665,0.832442903389189,0.505112958942417
2006-03-09,3.89,367.57,-3.52,-3.52,300.59,0.9351307607074366,658.41,27.06629,750.88,3.17552224503765,2.27054970568104,0.715016154973943,0.219528466253919,0.207214753166224,16.85,1.1541095890411,212.45,3.09468317552804,0,-16.0641,4.11759799833194,1.37608385686463,0.451685660266874,1.30108445697626,0.601283991047423,33.3877563865537,51.0347891166449,14.7976986383577,0.969,3.95608738968062,3.43920674799665,0.832442903389189,0.505112958942417
2006-03-10,0.94,303.15,4.99,4.99,597.74,2.4013636607713615,658.41,27.06629,750.88,3.17552224503765,2.27054970568104,0.715016154973943,0.219528466253919,0.207214753166224,16.85,1.1541095890411,212.45,3.09468317552804,0,-16.0641,4.11759799833194,1.37608385686463,0.451685660266874,1.30108445697626,0.601283991047423,33.3877563865537,51.0347891166449,14.7976986383577,0.969,3.95608738968062,3.43920674799665,0.832442903389189,0.505112958942417
2006-03-11,0.63,338.3,5.33,5.33,588.07,1.9680103814191348,658.41,27.06629,750.88,3.17552224503765,2.27054970568104,0.715016154973943,0.219528466253919,0.207214753166224,16.85,1.1541095890411,212.45,3.09468317552804,0,-16.0641,4.11759799833194,1.37608385686463,0.451685660266874,1.30108445697626,0.601283991047423,33.3877563865537,51.0347891166449,14.7976986383577,0.969,3.95608738968062,3.43920674799665,0.832442903389189,0.505112958942417
2006-03-12,5.89,341.97,6.65,6.65,654.73,1.769254366077136,658.41,27.06629,750.88,3.17552224503765,2.27054970568104,0.715016154973943,0.219528466253919,0.207214753166224,16.85,1.1541095890411,212.45,3.09468317552804,0,-16.0641,4.11759799833194,1.37608385686463,0.451685660266874,1.30108445697626,0.601283991047423,33.3877563865537,51.0347891166449,14.7976986383577,0.969,3.95608738968062,3.43920674799665,0.832442903389189,0.505112958942417
2006-03-13,14.91,286.06,9.92,9.92,819.82,5.082940720221606,658.41,27.06629,750.88,3.17552224503765,2.27054970568104,0.715016154973943,0.219528466253919,0.207214753166224,16.85,1.1541095890411,212.45,3.09468317552804,0,-16.0641,4.11759799833194,1.37608385686463,0.451685660266874,1.30108445697626,0.601283991047423,33.3877563865537,51.0347891166449,14.7976986383577,0.969,3.95608738968062,3.43920674799665,0.832442903389189,0.505112958942417
2006-03-14,5.73,354.25,7.89,7.89,631.42,7.591828126997656,658.41,27.06629,750.88,3.17552224503765,2.27054970568104,0.715016154973943,0.219528466253919,0.207214753166224,16.85,1.1541095890411,212.45,3.09468317552804,0,-16.0641,4.11759799833194,1.37608385686463,0.451685660266874,1.30108445697626,0.601283991047423,33.3877563865537,51.0347891166449,14.7976986383577,0.969,3.95608738968062,3.43920674799665,0.832442903389189,0.505112958942417
2006-03-15,0.62,299.74,0.02,0.02,397.85,3.9099544001704665,658.41,27.06629,750.88,3.17552224503765,2.27054970568104,0.715016154973943,0.219528466253919,0.207214753166224,16.85,1.1541095890411,212.45,3.09468317552804,0,-16.0641,4.11759799833194,1.37608385686463,0.451685660266874,1.30108445697626,0.601283991047423,33.3877563865537,51.0347891166449,14.7976986383577,0.969,3.95608738968062,3.43920674799665,0.832442903389189,0.505112958942417
2006-03-16,0.01,239.42,-2.85,-2.85,358.87,3.0041482974643086,658.41,27.06629,750.88,3.17552224503765,2.27054970568104,0.715016154973943,0.219528466253919,0.207214753166224,16.85,1.1541095890411,212.45,3.09468317552804,0,-16.0641,4.11759799833194,1.37608385686463,0.451685660266874,1.30108445697626,0.601283991047423,33.3877563865537,51.0347891166449,14.7976986383577,0.969,3.95608738968062,3.43920674799665,0.832442903389189,0.505112958942417
2006-03-17,0.0,360.11,-3.26,-3.26,320.15,2.4502380907734924,658.41,27.06629,750.88,3.17552224503765,2.27054970568104,0.715016154973943,0.219528466253919,0.207214753166224,16.85,1.1541095890411,212.45,3.09468317552804,0,-16.0641,4.11759799833194,1.37608385686463,0.451685660266874,1.30108445697626,0.601283991047423,33.3877563865537,51.0347891166449,14.7976986383577,0.969,3.95608738968062,3.43920674799665,0.832442903389189,0.505112958942417
2006-03-18,0.45,299.89,-4.49,-4.49,284.37,1.9745269720860854,658.41,27.06629,750.88,3.17552224503765,2.27054970568104,0.715016154973943,0.219528466253919,0.207214753166224,16.85,1.1541095890411,212.45,3.09468317552804,0,-16.0641,4.11759799833194,1.37608385686463,0.451685660266874,1.30108445697626,0.601283991047423,33.3877563865537,51.0347891166449,14.7976986383577,0.969,3.95608738968062,3.43920674799665,0.832442903389189,0.505112958942417
2006-03-19,0.67,320.44,-4.69,-4.69,279.19,1.7464462987428084,658.41,27.06629,750.88,3.17552224503765,2.27054970568104,0.715016154973943,0.219528466253919,0.207214753166224,16.85,1.1541095890411,212.45,3.09468317552804,0,-16.0641,4.11759799833194,1.37608385686463,0.451685660266874,1.30108445697626,0.601283991047423,33.3877563865537,51.0347891166449,14.7976986383577,0.969,3.95608738968062,3.43920674799665,0.832442903389189,0.505112958942417
2006-03-20,0.14,359.29,-4.41,-4.41,277.42,1.593306418069465,658.41,27.06629,750.88,3.17552224503765,2.27054970568104,0.715016154973943,0.219528466253919,0.207214753166224,16.85,1.1541095890411,212.45,3.09468317552804,0,-16.0641,4.11759799833194,1.37608385686463,0.451685660266874,1.30108445697626,0.601283991047423,33.3877563865537,51.0347891166449,14.7976986383577,0.969,3.95608738968062,3.43920674799665,0.832442903389189,0.505112958942417
2006-03-21,0.23,375.18,-7.27,-7.27,205.14,1.3782589260600893,658.41,27.06629,750.88,3.17552224503765,2.27054970568104,0.715016154973943,0.219528466253919,0.207214753166224,16.85,1.1541095890411,212.45,3.09468317552804,0,-16.0641,4.11759799833194,1.37608385686463,0.451685660266874,1.30108445697626,0.601283991047423,33.3877563865537,51.0347891166449,14.7976986383577,0.969,3.95608738968062,3.43920674799665,0.832442903389189,0.505112958942417
2006-03-22,0.07,477.48,-6.34,-6.34,221.36,1.3033181333901556,658.41,27.06629,750.88,3.17552224503765,2.27054970568104,0.715016154973943,0.219528466253919,0.207214753166224,16.85,1.1541095890411,212.45,3.09468317552804,0,-16.0641,4.11759799833194,1.37608385686463,0.451685660266874,1.30108445697626,0.601283991047423,33.3877563865537,51.0347891166449,14.7976986383577,0.969,3.95608738968062,3.43920674799665,0.832442903389189,0.505112958942417
2006-03-23,0.0,343.14,-3.3,-3.3,319.79,1.182761206051566,658.41,27.06629,750.88,3.17552224503765,2.27054970568104,0.715016154973943,0.219528466253919,0.207214753166224,16.85,1.1541095890411,212.45,3.09468317552804,0,-16.0641,4.11759799833194,1.37608385686463,0.451685660266874,1.30108445697626,0.601283991047423,33.3877563865537,51.0347891166449,14.7976986383577,0.969,3.95608738968062,3.43920674799665,0.832442903389189,0.505112958942417
2006-03-24,0.34,309.6,-2.48,-2.48,349.02,1.1273701853824845,658.41,27.06629,750.88,3.17552224503765,2.27054970568104,0.715016154973943,0.219528466253919,0.207214753166224,16.85,1.1541095890411,212.45,3.09468317552804,0,-16.0641,4.11759799833194,1.37608385686463,0.451685660266874,1.30108445697626,0.601283991047423,33.3877563865537,51.0347891166449,14.7976986383577,0.969,3.95608738968062,3.43920674799665,0.832442903389189,0.505112958942417
2006-03-25,0.09,358.77,-1.86,-1.86,368.47,1.081754050713829,658.41,27.06629,750.88,3.17552224503765,2.27054970568104,0.715016154973943,0.219528466253919,0.207214753166224,16.85,1.1541095890411,212.45,3.09468317552804,0,-16.0641,4.11759799833194,1.37608385686463,0.451685660266874,1.30108445697626,0.601283991047423,33.3877563865537,51.0347891166449,14.7976986383577,0.969,3.95608738968062,3.43920674799665,0.832442903389189,0.505112958942417
2006-03-26,0.0,395.5,-0.76,-0.76,379.78,1.0198464393777966,658.41,27.06629,750.88,3.17552224503765,2.27054970568104,0.715016154973943,0.219528466253919,0.207214753166224,16.85,1.1541095890411,212.45,3.09468317552804,0,-16.0641,4.11759799833194,1.37608385686463,0.451685660266874,1.30108445697626,0.601283991047423,33.3877563865537,51.0347891166449,14.7976986383577,0.969,3.95608738968062,3.43920674799665,0.832442903389189,0.505112958942417
2006-03-27,0.0,490.71,-2.1,-2.1,317.22,0.9253558747070104,658.41,27.06629,750.88,3.17552224503765,2.27054970568104,0.715016154973943,0.219528466253919,0.207214753166224,16.85,1.1541095890411,212.45,3.09468317552804,0,-16.0641,4.11759799833194,1.37608385686463,0.451685660266874,1.30108445697626,0.601283991047423,33.3877563865537,51.0347891166449,14.7976986383577,0.969,3.95608738968062,3.43920674799665,0.832442903389189,0.505112958942417
2006-03-28,0.0,531.53,0.86,0.86,352.85,0.8797397400383549,658.41,27.06629,750.88,3.17552224503765,2.27054970568104,0.715016154973943,0.219528466253919,0.207214753166224,16.85,1.1541095890411,212.45,3.09468317552804,0,-16.0641,4.11759799833194,1.37608385686463,0.451685660266874,1.30108445697626,0.601283991047423,33.3877563865537,51.0347891166449,14.7976986383577,0.969,3.95608738968062,3.43920674799665,0.832442903389189,0.505112958942417
2006-03-29,0.0,524.16,3.03,3.03,403.84,0.8471567867036011,658.41,27.06629,750.88,3.17552224503765,2.27054970568104,0.715016154973943,0.219528466253919,0.207214753166224,16.85,1.1541095890411,212.45,3.09468317552804,0,-16.0641,4.11759799833194,1.37608385686463,0.451685660266874,1.30108445697626,0.601283991047423,33.3877563865537,51.0347891166449,14.7976986383577,0.969,3.95608738968062,3.43920674799665,0.832442903389189,0.505112958942417
2006-03-30,0.05,526.71,5.06,5.06,448.08,0.8015406520349456,658.41,27.06629,750.88,3.17552224503765,2.27054970568104,0.715016154973943,0.219528466253919,0.207214753166224,16.85,1.1541095890411,212.45,3.09468317552804,0,-16.0641,4.11759799833194,1.37608385686463,0.451685660266874,1.30108445697626,0.601283991047423,33.3877563865537,51.0347891166449,14.7976986383577,0.969,3.95608738968062,3.43920674799665,0.832442903389189,0.505112958942417
2006-03-31,5.8,403.11,7.93,7.93,576.02,0.7689576987001917,658.41,27.06629,750.88,3.17552224503765,2.27054970568104,0.715016154973943,0.219528466253919,0.207214753166224,16.85,1.1541095890411,212.45,3.09468317552804,0,-16.0641,4.11759799833194,1.37608385686463,0.451685660266874,1.30108445697626,0.601283991047423,33.3877563865537,51.0347891166449,14.7976986383577,0.969,3.95608738968062,3.43920674799665,0.832442903389189,0.505112958942417
2006-04-01,2.81,394.82,11.71,11.71,687.07,1.0459128020455999,658.41,27.06629,750.88,3.17552224503765,2.27054970568104,0.715016154973943,0.219528466253919,0.207214753166224,16.85,1.1541095890411,212.45,3.09468317552804,0,-16.0641,4.11759799833194,1.37608385686463,0.451685660266874,1.30108445697626,0.601283991047423,33.3877563865537,51.0347891166449,14.7976986383577,0.969,3.95608738968062,3.43920674799665,0.832442903389189,0.505112958942417
2006-04-02,0.44,411.15,8.08,8.08,627.7,1.023104734711272,658.41,27.06629,750.88,3.17552224503765,2.27054970568104,0.715016154973943,0.219528466253919,0.207214753166224,16.85,1.1541095890411,212.45,3.09468317552804,0,-16.0641,4.11759799833194,1.37608385686463,0.451685660266874,1.30108445697626,0.601283991047423,33.3877563865537,51.0347891166449,14.7976986383577,0.969,3.95608738968062,3.43920674799665,0.832442903389189,0.505112958942417
2006-04-03,16.29,375.7,6.95,6.95,586.5,1.21534415938632,658.41,27.06629,750.88,3.17552224503765,2.27054970568104,0.715016154973943,0.219528466253919,0.207214753166224,16.85,1.1541095890411,212.45,3.09468317552804,0,-16.0641,4.11759799833194,1.37608385686463,0.451685660266874,1.30108445697626,0.601283991047423,33.3877563865537,51.0347891166449,14.7976986383577,0.969,3.95608738968062,3.43920674799665,0.832442903389189,0.505112958942417
2006-04-04,8.97,392.65,7.29,7.29,506.55,3.8773714468357126,658.41,27.06629,750.88,3.17552224503765,2.27054970568104,0.715016154973943,0.219528466253919,0.207214753166224,16.85,1.1541095890411,212.45,3.09468317552804,0,-16.0641,4.11759799833194,1.37608385686463,0.451685660266874,1.30108445697626,0.601283991047423,33.3877563865537,51.0347891166449,14.7976986383577,0.969,3.95608738968062,3.43920674799665,0.832442903389189,0.505112958942417
2006-04-05,1.46,384.63,0.6,0.6,362.23,2.1993493500958876,658.41,27.06629,750.88,3.17552224503765,2.27054970568104,0.715016154973943,0.219528466253919,0.207214753166224,16.85,1.1541095890411,212.45,3.09468317552804,0,-16.0641,4.11759799833194,1.37608385686463,0.451685660266874,1.30108445697626,0.601283991047423,33.3877563865537,51.0347891166449,14.7976986383577,0.969,3.95608738968062,3.43920674799665,0.832442903389189,0.505112958942417
2006-04-06,0.06,337.83,-1.19,-1.19,394.76,2.095083899424675,658.41,27.06629,750.88,3.17552224503765,2.27054970568104,0.715016154973943,0.219528466253919,0.207214753166224,16.85,1.1541095890411,212.45,3.09468317552804,0,-16.0641,4.11759799833194,1.37608385686463,0.451685660266874,1.30108445697626,0.601283991047423,33.3877563865537,51.0347891166449,14.7976986383577,0.969,3.95608738968062,3.43920674799665,0.832442903389189,0.505112958942417
2006-04-07,3.88,369.69,2.66,2.66,475.3,2.26777355209887,658.41,27.06629,750.88,3.17552224503765,2.27054970568104,0.715016154973943,0.219528466253919,0.207214753166224,16.85,1.1541095890411,212.45,3.09468317552804,0,-16.0641,4.11759799833194,1.37608385686463,0.451685660266874,1.30108445697626,0.601283991047423,33.3877563865537,51.0347891166449,14.7976986383577,0.969,3.95608738968062,3.43920674799665,0.832442903389189,0.505112958942417
2006-04-08,1.67,437.92,3.54,3.54,443.14,2.3785555934370337,658.41,27.06629,750.88,3.17552224503765,2.27054970568104,0.715016154973943,0.219528466253919,0.207214753166224,16.85,1.1541095890411,212.45,3.09468317552804,0,-16.0641,4.11759799833194,1.37608385686463,0.451685660266874,1.30108445697626,0.601283991047423,33.3877563865537,51.0347891166449,14.7976986383577,0.969,3.95608738968062,3.43920674799665,0.832442903389189,0.505112958942417
2006-04-09,0.17,505.66,-1.1,-1.1,319.87,1.837678568080119,658.41,27.06629,750.88,3.17552224503765,2.27054970568104,0.715016154973943,0.219528466253919,0.207214753166224,16.85,1.1541095890411,212.45,3.09468317552804,0,-16.0641,4.11759799833194,1.37608385686463,0.451685660266874,1.30108445697626,0.601283991047423,33.3877563865537,51.0347891166449,14.7976986383577,0.969,3.95608738968062,3.43920674799665,0.832442903389189,0.505112958942417
2006-04-10,0.0,538.61,0.97,0.97,361.12,1.6617306200724482,658.41,27.06629,750.88,3.17552224503765,2.27054970568104,0.715016154973943,0.219528466253919,0.207214753166224,16.85,1.1541095890411,212.45,3.09468317552804,0,-16.0641,4.11759799833194,1.37608385686463,0.451685660266874,1.30108445697626,0.601283991047423,33.3877563865537,51.0347891166449,14.7976986383577,0.969,3.95608738968062,3.43920674799665,0.832442903389189,0.505112958942417
2006-04-11,0.0,535.16,5.69,5.69,501.95,1.5118490347325804,658.41,27.06629,750.88,3.17552224503765,2.27054970568104,0.715016154973943,0.219528466253919,0.207214753166224,16.85,1.1541095890411,212.45,3.09468317552804,0,-16.0641,4.11759799833194,1.37608385686463,0.451685660266874,1.30108445697626,0.601283991047423,33.3877563865537,51.0347891166449,14.7976986383577,0.969,3.95608738968062,3.43920674799665,0.832442903389189,0.505112958942417
2006-04-12,7.17,397.31,10.05,10.05,693.48,1.4206167653952695,658.41,27.06629,750.88,3.17552224503765,2.27054970568104,0.715016154973943,0.219528466253919,0.207214753166224,16.85,1.1541095890411,212.45,3.09468317552804,0,-16.0641,4.11759799833194,1.37608385686463,0.451685660266874,1.30108445697626,0.601283991047423,33.3877563865537,51.0347891166449,14.7976986383577,0.969,3.95608738968062,3.43920674799665,0.832442903389189,0.505112958942417
2006-04-13,4.58,383.7,12.61,12.61,827.31,1.658472324738973,658.41,27.06629,750.88,3.17552224503765,2.27054970568104,0.715016154973943,0.219528466253919,0.207214753166224,16.85,1.1541095890411,212.45,3.09468317552804,0,-16.0641,4.11759799833194,1.37608385686463,0.451685660266874,1.30108445697626,0.601283991047423,33.3877563865537,51.0347891166449,14.7976986383577,0.969,3.95608738968062,3.43920674799665,0.832442903389189,0.505112958942417
2006-04-14,12.4,382.75,11.97,11.97,822.52,2.215640826763264,658.41,27.06629,750.88,3.17552224503765,2.27054970568104,0.715016154973943,0.219528466253919,0.207214753166224,16.85,1.1541095890411,212.45,3.09468317552804,0,-16.0641,4.11759799833194,1.37608385686463,0.451685660266874,1.30108445697626,0.601283991047423,33.3877563865537,51.0347891166449,14.7976986383577,0.969,3.95608738968062,3.43920674799665,0.832442903389189,0.505112958942417
2006-04-15,3.08,378.88,11.71,11.71,853.9,2.5936030854464094,658.41,27.06629,750.88,3.17552224503765,2.27054970568104,0.715016154973943,0.219528466253919,0.207214753166224,16.85,1.1541095890411,212.45,3.09468317552804,0,-16.0641,4.11759799833194,1.37608385686463,0.451685660266874,1.30108445697626,0.601283991047423,33.3877563865537,51.0347891166449,14.7976986383577,0.969,3.95608738968062,3.43920674799665,0.832442903389189,0.505112958942417
2006-04-16,0.0,532.81,9.43,9.43,614.51,1.837678568080119,658.41,27.06629,750.88,3.17552224503765,2.27054970568104,0.715016154973943,0.219528466253919,0.207214753166224,16.85,1.1541095890411,212.45,3.09468317552804,0,-16.0641,4.11759799833194,1.37608385686463,0.451685660266874,1.30108445697626,0.601283991047423,33.3877563865537,51.0347891166449,14.7976986383577,0.969,3.95608738968062,3.43920674799665,0.832442903389189,0.505112958942417
2006-04-17,0.0,547.18,5.91,5.91,442.19,1.6747638014063497,658.41,27.06629,750.88,3.17552224503765,2.27054970568104,0.715016154973943,0.219528466253919,0.207214753166224,16.85,1.1541095890411,212.45,3.09468317552804,0,-16.0641,4.11759799833194,1.37608385686463,0.451685660266874,1.30108445697626,0.601283991047423,33.3877563865537,51.0347891166449,14.7976986383577,0.969,3.95608738968062,3.43920674799665,0.832442903389189,0.505112958942417
2006-04-18,0.0,544.06,5.44,5.44,441.28,1.5281405113999573,658.41,27.06629,750.88,3.17552224503765,2.27054970568104,0.715016154973943,0.219528466253919,0.207214753166224,16.85,1.1541095890411,212.45,3.09468317552804,0,-16.0641,4.11759799833194,1.37608385686463,0.451685660266874,1.30108445697626,0.601283991047423,33.3877563865537,51.0347891166449,14.7976986383577,0.969,3.95608738968062,3.43920674799665,0.832442903389189,0.505112958942417
2006-04-19,0.0,545.62,7.38,7.38,500.86,1.4108418793948432,658.41,27.06629,750.88,3.17552224503765,2.27054970568104,0.715016154973943,0.219528466253919,0.207214753166224,16.85,1.1541095890411,212.45,3.09468317552804,0,-16.0641,4.11759799833194,1.37608385686463,0.451685660266874,1.30108445697626,0.601283991047423,33.3877563865537,51.0347891166449,14.7976986383577,0.969,3.95608738968062,3.43920674799665,0.832442903389189,0.505112958942417
2006-04-20,0.0,550.75,9.28,9.28,571.42,1.2577019987215,658.41,27.06629,750.88,3.17552224503765,2.27054970568104,0.715016154973943,0.219528466253919,0.207214753166224,16.85,1.1541095890411,212.45,3.09468317552804,0,-16.0641,4.11759799833194,1.37608385686463,0.451685660266874,1.30108445697626,0.601283991047423,33.3877563865537,51.0347891166449,14.7976986383577,0.969,3.95608738968062,3.43920674799665,0.832442903389189,0.505112958942417
2006-04-21,8.76,410.86,12.15,12.15,700.52,1.1371450713829108,658.41,27.06629,750.88,3.17552224503765,2.27054970568104,0.715016154973943,0.219528466253919,0.207214753166224,16.85,1.1541095890411,212.45,3.09468317552804,0,-16.0641,4.11759799833194,1.37608385686463,0.451685660266874,1.30108445697626,0.601283991047423,33.3877563865537,51.0347891166449,14.7976986383577,0.969,3.95608738968062,3.43920674799665,0.832442903389189,0.505112958942417
2006-04-22,9.83,408.53,13.84,13.84,785.26,1.5379153974003834,658.41,27.06629,750.88,3.17552224503765,2.27054970568104,0.715016154973943,0.219528466253919,0.207214753166224,16.85,1.1541095890411,212.45,3.09468317552804,0,-16.0641,4.11759799833194,1.37608385686463,0.451685660266874,1.30108445697626,0.601283991047423,33.3877563865537,51.0347891166449,14.7976986383577,0.969,3.95608738968062,3.43920674799665,0.832442903389189,0.505112958942417
2006-04-23,8.36,116.9,8.39,8.39,809.03,1.8050956147453652,658.41,27.06629,750.88,3.17552224503765,2.27054970568104,0.715016154973943,0.219528466253919,0.207214753166224,16.85,1.1541095890411,212.45,3.09468317552804,0,-16.0641,4.11759799833194,1.37608385686463,0.451685660266874,1.30108445697626,0.601283991047423,33.3877563865537,51.0347891166449,14.7976986383577,0.969,3.95608738968062,3.43920674799665,0.832442903389189,0.505112958942417
2006-04-24,1.73,289.22,7.68,7.68,765.81,1.7073467547411034,658.41,27.06629,750.88,3.17552224503765,2.27054970568104,0.715016154973943,0.219528466253919,0.207214753166224,16.85,1.1541095890411,212.45,3.09468317552804,0,-16.0641,4.11759799833194,1.37608385686463,0.451685660266874,1.30108445697626,0.601283991047423,33.3877563865537,51.0347891166449,14.7976986383577,0.969,3.95608738968062,3.43920674799665,0.832442903389189,0.505112958942417
2006-04-25,0.04,317.91,6.99,6.99,644.47,1.4434248327295973,658.41,27.06629,750.88,3.17552224503765,2.27054970568104,0.715016154973943,0.219528466253919,0.207214753166224,16.85,1.1541095890411,212.45,3.09468317552804,0,-16.0641,4.11759799833194,1.37608385686463,0.451685660266874,1.30108445697626,0.601283991047423,33.3877563865537,51.0347891166449,14.7976986383577,0.969,3.95608738968062,3.43920674799665,0.832442903389189,0.505112958942417
2006-04-26,0.59,505.42,2.15,2.15,401.78,1.3228679053910077,658.41,27.06629,750.88,3.17552224503765,2.27054970568104,0.715016154973943,0.219528466253919,0.207214753166224,16.85,1.1541095890411,212.45,3.09468317552804,0,-16.0641,4.11759799833194,1.37608385686463,0.451685660266874,1.30108445697626,0.601283991047423,33.3877563865537,51.0347891166449,14.7976986383577,0.969,3.95608738968062,3.43920674799665,0.832442903389189,0.505112958942417
2006-04-27,0.15,535.17,5.83,5.83,469.92,1.2023109780524184,658.41,27.06629,750.88,3.17552224503765,2.27054970568104,0.715016154973943,0.219528466253919,0.207214753166224,16.85,1.1541095890411,212.45,3.09468317552804,0,-16.0641,4.11759799833194,1.37608385686463,0.451685660266874,1.30108445697626,0.601283991047423,33.3877563865537,51.0347891166449,14.7976986383577,0.969,3.95608738968062,3.43920674799665,0.832442903389189,0.505112958942417
2006-04-28,0.0,570.51,4.73,4.73,395.96,1.107820413381632,658.41,27.06629,750.88,3.17552224503765,2.27054970568104,0.715016154973943,0.219528466253919,0.207214753166224,16.85,1.1541095890411,212.45,3.09468317552804,0,-16.0641,4.11759799833194,1.37608385686463,0.451685660266874,1.30108445697626,0.601283991047423,33.3877563865537,51.0347891166449,14.7976986383577,0.969,3.95608738968062,3.43920674799665,0.832442903389189,0.505112958942417
2006-04-29,0.0,571.18,5.57,5.57,419.35,1.0035549627104197,658.41,27.06629,750.88,3.17552224503765,2.27054970568104,0.715016154973943,0.219528466253919,0.207214753166224,16.85,1.1541095890411,212.45,3.09468317552804,0,-16.0641,4.11759799833194,1.37608385686463,0.451685660266874,1.30108445697626,0.601283991047423,33.3877563865537,51.0347891166449,14.7976986383577,0.969,3.95608738968062,3.43920674799665,0.832442903389189,0.505112958942417
2006-04-30,0.0,573.0,8.05,8.05,486.15,0.9155809887065842,658.41,27.06629,750.88,3.17552224503765,2.27054970568104,0.715016154973943,0.219528466253919,0.207214753166224,16.85,1.1541095890411,212.45,3.09468317552804,0,-16.0641,4.11759799833194,1.37608385686463,0.451685660266874,1.30108445697626,0.601283991047423,33.3877563865537,51.0347891166449,14.7976986383577,0.969,3.95608738968062,3.43920674799665,0.832442903389189,0.505112958942417
2006-05-01,0.0,567.88,10.11,10.11,564.01,0.8438984913701257,658.41,27.06629,750.88,3.17552224503765,2.27054970568104,0.715016154973943,0.219528466253919,0.207214753166224,16.85,1.1541095890411,212.45,3.09468317552804,0,-16.0641,4.11759799833194,1.37608385686463,0.451685660266874,1.30108445697626,0.601283991047423,33.3877563865537,51.0347891166449,14.7976986383577,0.969,3.95608738968062,3.43920674799665,0.832442903389189,0.505112958942417
2006-05-02,0.0,565.89,10.78,10.78,603.67,0.7819908800340932,658.41,27.06629,750.88,3.17552224503765,2.27054970568104,0.715016154973943,0.219528466253919,0.207214753166224,16.85,1.1541095890411,212.45,3.09468317552804,0,-16.0641,4.11759799833194,1.37608385686463,0.451685660266874,1.30108445697626,0.601283991047423,33.3877563865537,51.0347891166449,14.7976986383577,0.969,3.95608738968062,3.43920674799665,0.832442903389189,0.505112958942417
2006-05-03,0.14,467.96,11.48,11.48,671.93,0.729858154698487,658.41,27.06629,750.88,3.17552224503765,2.27054970568104,0.715016154973943,0.219528466253919,0.207214753166224,16.85,1.1541095890411,212.45,3.09468317552804,0,-16.0641,4.11759799833194,1.37608385686463,0.451685660266874,1.30108445697626,0.601283991047423,33.3877563865537,51.0347891166449,14.7976986383577,0.969,3.95608738968062,3.43920674799665,0.832442903389189,0.505112958942417
2006-05-04,0.17,415.8,12.1,12.1,715.96,0.6842420200298316,658.41,27.06629,750.88,3.17552224503765,2.27054970568104,0.715016154973943,0.219528466253919,0.207214753166224,16.85,1.1541095890411,212.45,3.09468317552804,0,-16.0641,4.11759799833194,1.37608385686463,0.451685660266874,1.30108445697626,0.601283991047423,33.3877563865537,51.0347891166449,14.7976986383577,0.969,3.95608738968062,3.43920674799665,0.832442903389189,0.505112958942417
2006-05-05,0.08,483.81,12.85,12.85,678.42,0.6777254293628808,658.41,27.06629,750.88,3.17552224503765,2.27054970568104,0.715016154973943,0.219528466253919,0.207214753166224,16.85,1.1541095890411,212.45,3.09468317552804,0,-16.0641,4.11759799833194,1.37608385686463,0.451685660266874,1.30108445697626,0.601283991047423,33.3877563865537,51.0347891166449,14.7976986383577,0.969,3.95608738968062,3.43920674799665,0.832442903389189,0.505112958942417
2006-05-06,0.09,468.35,10.05,10.05,541.52,0.6223344086937993,658.41,27.06629,750.88,3.17552224503765,2.27054970568104,0.715016154973943,0.219528466253919,0.207214753166224,16.85,1.1541095890411,212.45,3.09468317552804,0,-16.0641,4.11759799833194,1.37608385686463,0.451685660266874,1.30108445697626,0.601283991047423,33.3877563865537,51.0347891166449,14.7976986383577,0.969,3.95608738968062,3.43920674799665,0.832442903389189,0.505112958942417
2006-05-07,0.02,538.43,5.64,5.64,432.12,0.5604267973577668,658.41,27.06629,750.88,3.17552224503765,2.27054970568104,0.715016154973943,0.219528466253919,0.207214753166224,16.85,1.1541095890411,212.45,3.09468317552804,0,-16.0641,4.11759799833194,1.37608385686463,0.451685660266874,1.30108445697626,0.601283991047423,33.3877563865537,51.0347891166449,14.7976986383577,0.969,3.95608738968062,3.43920674799665,0.832442903389189,0.505112958942417
2006-05-08,0.0,543.22,5.91,5.91,477.34,0.5082940720221607,658.41,27.06629,750.88,3.17552224503765,2.27054970568104,0.715016154973943,0.219528466253919,0.207214753166224,16.85,1.1541095890411,212.45,3.09468317552804,0,-16.0641,4.11759799833194,1.37608385686463,0.451685660266874,1.30108445697626,0.601283991047423,33.3877563865537,51.0347891166449,14.7976986383577,0.969,3.95608738968062,3.43920674799665,0.832442903389189,0.505112958942417
2006-05-09,0.0,562.49,10.05,10.05,593.18,0.4920025953547837,658.41,27.06629,750.88,3.17552224503765,2.27054970568104,0.715016154973943,0.219528466253919,0.207214753166224,16.85,1.1541095890411,212.45,3.09468317552804,0,-16.0641,4.11759799833194,1.37608385686463,0.451685660266874,1.30108445697626,0.601283991047423,33.3877563865537,51.0347891166449,14.7976986383577,0.969,3.95608738968062,3.43920674799665,0.832442903389189,0.505112958942417
2006-05-10,3.02,423.94,11.6,11.6,684.33,0.4626779373535052,658.41,27.06629,750.88,3.17552224503765,2.27054970568104,0.715016154973943,0.219528466253919,0.207214753166224,16.85,1.1541095890411,212.45,3.09468317552804,0,-16.0641,4.11759799833194,1.37608385686463,0.451685660266874,1.30108445697626,0.601283991047423,33.3877563865537,51.0347891166449,14.7976986383577,0.969,3.95608738968062,3.43920674799665,0.832442903389189,0.505112958942417
2006-05-11,16.59,419.23,14.41,14.41,807.32,0.5213272533560622,658.41,27.06629,750.88,3.17552224503765,2.27054970568104,0.715016154973943,0.219528466253919,0.207214753166224,16.85,1.1541095890411,212.45,3.09468317552804,0,-16.0641,4.11759799833194,1.37608385686463,0.451685660266874,1.30108445697626,0.601283991047423,33.3877563865537,51.0347891166449,14.7976986383577,0.969,3.95608738968062,3.43920674799665,0.832442903389189,0.505112958942417
2006-05-12,4.67,367.44,12.09,12.09,818.47,1.4531997187300234,658.41,27.06629,750.88,3.17552224503765,2.27054970568104,0.715016154973943,0.219528466253919,0.207214753166224,16.85,1.1541095890411,212.45,3.09468317552804,0,-16.0641,4.11759799833194,1.37608385686463,0.451685660266874,1.30108445697626,0.601283991047423,33.3877563865537,51.0347891166449,14.7976986383577,0.969,3.95608738968062,3.43920674799665,0.832442903389189,0.505112958942417
2006-05-13,2.1,373.94,11.47,11.47,815.7,0.7982823567014702,658.41,27.06629,750.88,3.17552224503765,2.27054970568104,0.715016154973943,0.219528466253919,0.207214753166224,16.85,1.1541095890411,212.45,3.09468317552804,0,-16.0641,4.11759799833194,1.37608385686463,0.451685660266874,1.30108445697626,0.601283991047423,33.3877563865537,51.0347891166449,14.7976986383577,0.969,3.95608738968062,3.43920674799665,0.832442903389189,0.505112958942417
2006-05-14,3.49,369.1,11.65,11.65,832.96,0.7559245173662902,658.41,27.06629,750.88,3.17552224503765,2.27054970568104,0.715016154973943,0.219528466253919,0.207214753166224,16.85,1.1541095890411,212.45,3.09468317552804,0,-16.0641,4.11759799833194,1.37608385686463,0.451685660266874,1.30108445697626,0.601283991047423,33.3877563865537,51.0347891166449,14.7976986383577,0.969,3.95608738968062,3.43920674799665,0.832442903389189,0.505112958942417
2006-05-15,2.6,323.92,11.75,11.75,872.2,0.7135666780311101,658.41,27.06629,750.88,3.17552224503765,2.27054970568104,0.715016154973943,0.219528466253919,0.207214753166224,16.85,1.1541095890411,212.45,3.09468317552804,0,-16.0641,4.11759799833194,1.37608385686463,0.451685660266874,1.30108445697626,0.601283991047423,33.3877563865537,51.0347891166449,14.7976986383577,0.969,3.95608738968062,3.43920674799665,0.832442903389189,0.505112958942417
2006-05-16,2.33,189.99,8.62,8.62,841.72,0.8471567867036011,658.41,27.06629,750.88,3.17552224503765,2.27054970568104,0.715016154973943,0.219528466253919,0.207214753166224,16.85,1.1541095890411,212.45,3.09468317552804,0,-16.0641,4.11759799833194,1.37608385686463,0.451685660266874,1.30108445697626,0.601283991047423,33.3877563865537,51.0347891166449,14.7976986383577,0.969,3.95608738968062,3.43920674799665,0.832442903389189,0.505112958942417
2006-05-17,3.97,229.91,8.66,8.66,825.85,0.7526662220328147,658.41,27.06629,750.88,3.17552224503765,2.27054970568104,0.715016154973943,0.219528466253919,0.207214753166224,16.85,1.1541095890411,212.45,3.09468317552804,0,-16.0641,4.11759799833194,1.37608385686463,0.451685660266874,1.30108445697626,0.601283991047423,33.3877563865537,51.0347891166449,14.7976986383577,0.969,3.95608738968062,3.43920674799665,0.832442903389189,0.505112958942417
2006-05-18,2.82,397.09,10.13,10.13,737.35,0.7363747453654379,658.41,27.06629,750.88,3.17552224503765,2.27054970568104,0.715016154973943,0.219528466253919,0.207214753166224,16.85,1.1541095890411,212.45,3.09468317552804,0,-16.0641,4.11759799833194,1.37608385686463,0.451685660266874,1.30108445697626,0.601283991047423,33.3877563865537,51.0347891166449,14.7976986383577,0.969,3.95608738968062,3.43920674799665,0.832442903389189,0.505112958942417
2006-05-19,0.97,370.67,9.21,9.21,710.97,0.8667065587044533,658.41,27.06629,750.88,3.17552224503765,2.27054970568104,0.715016154973943,0.219528466253919,0.207214753166224,16.85,1.1541095890411,212.45,3.09468317552804,0,-16.0641,4.11759799833194,1.37608385686463,0.451685660266874,1.30108445697626,0.601283991047423,33.3877563865537,51.0347891166449,14.7976986383577,0.969,3.95608738968062,3.43920674799665,0.832442903389189,0.505112958942417
2006-05-20,4.51,304.24,8.21,8.21,719.33,0.7591828126997655,658.41,27.06629,750.88,3.17552224503765,2.27054970568104,0.715016154973943,0.219528466253919,0.207214753166224,16.85,1.1541095890411,212.45,3.09468317552804,0,-16.0641,4.11759799833194,1.37608385686463,0.451685660266874,1.30108445697626,0.601283991047423,33.3877563865537,51.0347891166449,14.7976986383577,0.969,3.95608738968062,3.43920674799665,0.832442903389189,0.505112958942417
2006-05-21,4.26,311.78,6.61,6.61,655.23,0.8667065587044533,658.41,27.06629,750.88,3.17552224503765,2.27054970568104,0.715016154973943,0.219528466253919,0.207214753166224,16.85,1.1541095890411,212.45,3.09468317552804,0,-16.0641,4.11759799833194,1.37608385686463,0.451685660266874,1.30108445697626,0.601283991047423,33.3877563865537,51.0347891166449,14.7976986383577,0.969,3.95608738968062,3.43920674799665,0.832442903389189,0.505112958942417
2006-05-22,0.84,337.43,4.79,4.79,580.56,0.8732231493714042,658.41,27.06629,750.88,3.17552224503765,2.27054970568104,0.715016154973943,0.219528466253919,0.207214753166224,16.85,1.1541095890411,212.45,3.09468317552804,0,-16.0641,4.11759799833194,1.37608385686463,0.451685660266874,1.30108445697626,0.601283991047423,33.3877563865537,51.0347891166449,14.7976986383577,0.969,3.95608738968062,3.43920674799665,0.832442903389189,0.505112958942417
2006-05-23,0.0,450.09,3.29,3.29,505.07,0.729858154698487,658.41,27.06629,750.88,3.17552224503765,2.27054970568104,0.715016154973943,0.219528466253919,0.207214753166224,16.85,1.1541095890411,212.45,3.09468317552804,0,-16.0641,4.11759799833194,1.37608385686463,0.451685660266874,1.30108445697626,0.601283991047423,33.3877563865537,51.0347891166449,14.7976986383577,0.969,3.95608738968062,3.43920674799665,0.832442903389189,0.505112958942417
2006-05-24,0.13,453.79,6.57,6.57,583.75,0.6516590666950778,658.41,27.06629,750.88,3.17552224503765,2.27054970568104,0.715016154973943,0.219528466253919,0.207214753166224,16.85,1.1541095890411,212.45,3.09468317552804,0,-16.0641,4.11759799833194,1.37608385686463,0.451685660266874,1.30108445697626,0.601283991047423,33.3877563865537,51.0347891166449,14.7976986383577,0.969,3.95608738968062,3.43920674799665,0.832442903389189,0.505112958942417
2006-05-25,0.85,428.46,11.59,11.59,785.2,0.5930097506925207,658.41,27.06629,750.88,3.17552224503765,2.27054970568104,0.715016154973943,0.219528466253919,0.207214753166224,16.85,1.1541095890411,212.45,3.09468317552804,0,-16.0641,4.11759799833194,1.37608385686463,0.451685660266874,1.30108445697626,0.601283991047423,33.3877563865537,51.0347891166449,14.7976986383577,0.969,3.95608738968062,3.43920674799665,0.832442903389189,0.505112958942417
2006-05-26,3.88,369.43,14.86,14.86,1023.51,0.6093012273598977,658.41,27.06629,750.88,3.17552224503765,2.27054970568104,0.715016154973943,0.219528466253919,0.207214753166224,16.85,1.1541095890411,212.45,3.09468317552804,0,-16.0641,4.11759799833194,1.37608385686463,0.451685660266874,1.30108445697626,0.601283991047423,33.3877563865537,51.0347891166449,14.7976986383577,0.969,3.95608738968062,3.43920674799665,0.832442903389189,0.505112958942417
2006-05-27,0.96,439.0,14.88,14.88,1041.05,0.7168249733645855,658.41,27.06629,750.88,3.17552224503765,2.27054970568104,0.715016154973943,0.219528466253919,0.207214753166224,16.85,1.1541095890411,212.45,3.09468317552804,0,-16.0641,4.11759799833194,1.37608385686463,0.451685660266874,1.30108445697626,0.601283991047423,33.3877563865537,51.0347891166449,14.7976986383577,0.969,3.95608738968062,3.43920674799665,0.832442903389189,0.505112958942417
2006-05-28,0.0,507.0,15.02,15.02,1011.3,0.58649316002557,658.41,27.06629,750.88,3.17552224503765,2.27054970568104,0.715016154973943,0.219528466253919,0.207214753166224,16.85,1.1541095890411,212.45,3.09468317552804,0,-16.0641,4.11759799833194,1.37608385686463,0.451685660266874,1.30108445697626,0.601283991047423,33.3877563865537,51.0347891166449,14.7976986383577,0.969,3.95608738968062,3.43920674799665,0.832442903389189,0.505112958942417
2006-05-29,0.0,557.71,18.33,18.33,1164.2,0.49526089068825907,658.41,27.06629,750.88,3.17552224503765,2.27054970568104,0.715016154973943,0.219528466253919,0.207214753166224,16.85,1.1541095890411,212.45,3.09468317552804,0,-16.0641,4.11759799833194,1.37608385686463,0.451685660266874,1.30108445697626,0.601283991047423,33.3877563865537,51.0347891166449,14.7976986383577,0.969,3.95608738968062,3.43920674799665,0.832442903389189,0.505112958942417
2006-05-30,6.84,403.18,22.36,22.36,1493.93,0.44964475601960363,658.41,27.06629,750.88,3.17552224503765,2.27054970568104,0.715016154973943,0.219528466253919,0.207214753166224,16.85,1.1541095890411,212.45,3.09468317552804,0,-16.0641,4.11759799833194,1.37608385686463,0.451685660266874,1.30108445697626,0.601283991047423,33.3877563865537,51.0347891166449,14.7976986383577,0.969,3.95608738968062,3.43920674799665,0.832442903389189,0.505112958942417
2006-05-31,12.53,401.44,23.47,23.47,1564.18,0.5148106626891115,658.41,27.06629,750.88,3.17552224503765,2.27054970568104,0.715016154973943,0.219528466253919,0.207214753166224,16.85,1.1541095890411,212.45,3.09468317552804,0,-16.0641,4.11759799833194,1.37608385686463,0.451685660266874,1.30108445697626,0.601283991047423,33.3877563865537,51.0347891166449,14.7976986383577,0.969,3.95608738968062,3.43920674799665,0.832442903389189,0.505112958942417
2006-06-01,16.22,398.71,22.41,22.41,1475.76,1.3424176773918601,658.41,27.06629,750.88,3.17552224503765,2.27054970568104,0.715016154973943,0.219528466253919,0.207214753166224,16.85,1.1541095890411,212.45,3.09468317552804,0,-16.0641,4.11759799833194,1.37608385686463,0.451685660266874,1.30108445697626,0.601283991047423,33.3877563865537,51.0347891166449,14.7976986383577,0.969,3.95608738968062,3.43920674799665,0.832442903389189,0.505112958942417
2006-06-02,19.9,379.96,19.37,19.37,1311.77,1.6161144854037928,658.41,27.06629,750.88,3.17552224503765,2.27054970568104,0.715016154973943,0.219528466253919,0.207214753166224,16.85,1.1541095890411,212.45,3.09468317552804,0,-16.0641,4.11759799833194,1.37608385686463,0.451685660266874,1.30108445697626,0.601283991047423,33.3877563865537,51.0347891166449,14.7976986383577,0.969,3.95608738968062,3.43920674799665,0.832442903389189,0.505112958942417
2006-06-03,6.47,357.57,15.82,15.82,1154.56,4.36611574685702,658.41,27.06629,750.88,3.17552224503765,2.27054970568104,0.715016154973943,0.219528466253919,0.207214753166224,16.85,1.1541095890411,212.45,3.09468317552804,0,-16.0641,4.11759799833194,1.37608385686463,0.451685660266874,1.30108445697626,0.601283991047423,33.3877563865537,51.0347891166449,14.7976986383577,0.969,3.95608738968062,3.43920674799665,0.832442903389189,0.505112958942417
2006-06-04,1.14,220.81,12.88,12.88,1076.96,2.7662927381206046,658.41,27.06629,750.88,3.17552224503765,2.27054970568104,0.715016154973943,0.219528466253919,0.207214753166224,16.85,1.1541095890411,212.45,3.09468317552804,0,-16.0641,4.11759799833194,1.37608385686463,0.451685660266874,1.30108445697626,0.601283991047423,33.3877563865537,51.0347891166449,14.7976986383577,0.969,3.95608738968062,3.43920674799665,0.832442903389189,0.505112958942417
2006-06-05,0.15,430.55,11.02,11.02,902.58,2.1244085574259532,658.41,27.06629,750.88,3.17552224503765,2.27054970568104,0.715016154973943,0.219528466253919,0.207214753166224,16.85,1.1541095890411,212.45,3.09468317552804,0,-16.0641,4.11759799833194,1.37608385686463,0.451685660266874,1.30108445697626,0.601283991047423,33.3877563865537,51.0347891166449,14.7976986383577,0.969,3.95608738968062,3.43920674799665,0.832442903389189,0.505112958942417
2006-06-06,0.0,569.67,13.55,13.55,892.09,1.5411736927338586,658.41,27.06629,750.88,3.17552224503765,2.27054970568104,0.715016154973943,0.219528466253919,0.207214753166224,16.85,1.1541095890411,212.45,3.09468317552804,0,-16.0641,4.11759799833194,1.37608385686463,0.451685660266874,1.30108445697626,0.601283991047423,33.3877563865537,51.0347891166449,14.7976986383577,0.969,3.95608738968062,3.43920674799665,0.832442903389189,0.505112958942417
2006-06-07,0.02,536.22,16.26,16.26,1003.91,1.2577019987215,658.41,27.06629,750.88,3.17552224503765,2.27054970568104,0.715016154973943,0.219528466253919,0.207214753166224,16.85,1.1541095890411,212.45,3.09468317552804,0,-16.0641,4.11759799833194,1.37608385686463,0.451685660266874,1.30108445697626,0.601283991047423,33.3877563865537,51.0347891166449,14.7976986383577,0.969,3.95608738968062,3.43920674799665,0.832442903389189,0.505112958942417
2006-06-08,0.97,480.28,16.84,16.84,1031.13,1.0850123460473045,658.41,27.06629,750.88,3.17552224503765,2.27054970568104,0.715016154973943,0.219528466253919,0.207214753166224,16.85,1.1541095890411,212.45,3.09468317552804,0,-16.0641,4.11759799833194,1.37608385686463,0.451685660266874,1.30108445697626,0.601283991047423,33.3877563865537,51.0347891166449,14.7976986383577,0.969,3.95608738968062,3.43920674799665,0.832442903389189,0.505112958942417
2006-06-09,5.53,403.89,13.4,13.4,897.8,1.0100715533773705,658.41,27.06629,750.88,3.17552224503765,2.27054970568104,0.715016154973943,0.219528466253919,0.207214753166224,16.85,1.1541095890411,212.45,3.09468317552804,0,-16.0641,4.11759799833194,1.37608385686463,0.451685660266874,1.30108445697626,0.601283991047423,33.3877563865537,51.0347891166449,14.7976986383577,0.969,3.95608738968062,3.43920674799665,0.832442903389189,0.505112958942417
2006-06-10,1.39,533.79,11.54,11.54,794.28,0.9253558747070104,658.41,27.06629,750.88,3.17552224503765,2.27054970568104,0.715016154973943,0.219528466253919,0.207214753166224,16.85,1.1541095890411,212.45,3.09468317552804,0,-16.0641,4.11759799833194,1.37608385686463,0.451685660266874,1.30108445697626,0.601283991047423,33.3877563865537,51.0347891166449,14.7976986383577,0.969,3.95608738968062,3.43920674799665,0.832442903389189,0.505112958942417
2006-06-11,0.0,521.92,9.75,9.75,764.43,0.7689576987001917,658.41,27.06629,750.88,3.17552224503765,2.27054970568104,0.715016154973943,0.219528466253919,0.207214753166224,16.85,1.1541095890411,212.45,3.09468317552804,0,-16.0641,4.11759799833194,1.37608385686463,0.451685660266874,1.30108445697626,0.601283991047423,33.3877563865537,51.0347891166449,14.7976986383577,0.969,3.95608738968062,3.43920674799665,0.832442903389189,0.505112958942417
2006-06-12,0.0,504.94,12.42,12.42,904.49,0.6581756573620285,658.41,27.06629,750.88,3.17552224503765,2.27054970568104,0.715016154973943,0.219528466253919,0.207214753166224,16.85,1.1541095890411,212.45,3.09468317552804,0,-16.0641,4.11759799833194,1.37608385686463,0.451685660266874,1.30108445697626,0.601283991047423,33.3877563865537,51.0347891166449,14.7976986383577,0.969,3.95608738968062,3.43920674799665,0.832442903389189,0.505112958942417
2006-06-13,0.0,440.96,13.09,13.09,1014.65,0.5832348646920946,658.41,27.06629,750.88,3.17552224503765,2.27054970568104,0.715016154973943,0.219528466253919,0.207214753166224,16.85,1.1541095890411,212.45,3.09468317552804,0,-16.0641,4.11759799833194,1.37608385686463,0.451685660266874,1.30108445697626,0.601283991047423,33.3877563865537,51.0347891166449,14.7976986383577,0.969,3.95608738968062,3.43920674799665,0.832442903389189,0.505112958942417
2006-06-14,0.26,400.2,15.8,15.8,1104.89,0.5213272533560622,658.41,27.06629,750.88,3.17552224503765,2.27054970568104,0.715016154973943,0.219528466253919,0.207214753166224,16.85,1.1541095890411,212.45,3.09468317552804,0,-16.0641,4.11759799833194,1.37608385686463,0.451685660266874,1.30108445697626,0.601283991047423,33.3877563865537,51.0347891166449,14.7976986383577,0.969,3.95608738968062,3.43920674799665,0.832442903389189,0.505112958942417
2006-06-15,0.07,547.57,14.41,14.41,894.86,0.47571111868740673,658.41,27.06629,750.88,3.17552224503765,2.27054970568104,0.715016154973943,0.219528466253919,0.207214753166224,16.85,1.1541095890411,212.45,3.09468317552804,0,-16.0641,4.11759799833194,1.37608385686463,0.451685660266874,1.30108445697626,0.601283991047423,33.3877563865537,51.0347891166449,14.7976986383577,0.969,3.95608738968062,3.43920674799665,0.832442903389189,0.505112958942417
2006-06-16,0.0,572.93,14.57,14.57,909.43,0.42357839335180053,658.41,27.06629,750.88,3.17552224503765,2.27054970568104,0.715016154973943,0.219528466253919,0.207214753166224,16.85,1.1541095890411,212.45,3.09468317552804,0,-16.0641,4.11759799833194,1.37608385686463,0.451685660266874,1.30108445697626,0.601283991047423,33.3877563865537,51.0347891166449,14.7976986383577,0.969,3.95608738968062,3.43920674799665,0.832442903389189,0.505112958942417
2006-06-17,0.0,553.12,18.95,18.95,1202.46,0.3747039633496697,658.41,27.06629,750.88,3.17552224503765,2.27054970568104,0.715016154973943,0.219528466253919,0.207214753166224,16.85,1.1541095890411,212.45,3.09468317552804,0,-16.0641,4.11759799833194,1.37608385686463,0.451685660266874,1.30108445697626,0.601283991047423,33.3877563865537,51.0347891166449,14.7976986383577,0.969,3.95608738968062,3.43920674799665,0.832442903389189,0.505112958942417
2006-06-18,0.19,535.53,21.62,21.62,1402.53,0.3388627146814404,658.41,27.06629,750.88,3.17552224503765,2.27054970568104,0.715016154973943,0.219528466253919,0.207214753166224,16.85,1.1541095890411,212.45,3.09468317552804,0,-16.0641,4.11759799833194,1.37608385686463,0.451685660266874,1.30108445697626,0.601283991047423,33.3877563865537,51.0347891166449,14.7976986383577,0.969,3.95608738968062,3.43920674799665,0.832442903389189,0.505112958942417
2006-06-19,12.86,396.75,22.39,22.39,1538.11,0.6679505433624546,658.41,27.06629,750.88,3.17552224503765,2.27054970568104,0.715016154973943,0.219528466253919,0.207214753166224,16.85,1.1541095890411,212.45,3.09468317552804,0,-16.0641,4.11759799833194,1.37608385686463,0.451685660266874,1.30108445697626,0.601283991047423,33.3877563865537,51.0347891166449,14.7976986383577,0.969,3.95608738968062,3.43920674799665,0.832442903389189,0.505112958942417
2006-06-20,4.25,423.93,20.74,20.74,1404.55,0.6451424760281269,658.41,27.06629,750.88,3.17552224503765,2.27054970568104,0.715016154973943,0.219528466253919,0.207214753166224,16.85,1.1541095890411,212.45,3.09468317552804,0,-16.0641,4.11759799833194,1.37608385686463,0.451685660266874,1.30108445697626,0.601283991047423,33.3877563865537,51.0347891166449,14.7976986383577,0.969,3.95608738968062,3.43920674799665,0.832442903389189,0.505112958942417
2006-06-21,0.91,426.5,17.25,17.25,1122.26,0.4072869166844236,658.41,27.06629,750.88,3.17552224503765,2.27054970568104,0.715016154973943,0.219528466253919,0.207214753166224,16.85,1.1541095890411,212.45,3.09468317552804,0,-16.0641,4.11759799833194,1.37608385686463,0.451685660266874,1.30108445697626,0.601283991047423,33.3877563865537,51.0347891166449,14.7976986383577,0.969,3.95608738968062,3.43920674799665,0.832442903389189,0.505112958942417
2006-06-22,3.62,396.53,18.96,18.96,1355.93,0.35841248668229275,658.41,27.06629,750.88,3.17552224503765,2.27054970568104,0.715016154973943,0.219528466253919,0.207214753166224,16.85,1.1541095890411,212.45,3.09468317552804,0,-16.0641,4.11759799833194,1.37608385686463,0.451685660266874,1.30108445697626,0.601283991047423,33.3877563865537,51.0347891166449,14.7976986383577,0.969,3.95608738968062,3.43920674799665,0.832442903389189,0.505112958942417
2006-06-23,3.08,342.62,21.1,21.1,1594.2,0.8829980353718304,658.41,27.06629,750.88,3.17552224503765,2.27054970568104,0.715016154973943,0.219528466253919,0.207214753166224,16.85,1.1541095890411,212.45,3.09468317552804,0,-16.0641,4.11759799833194,1.37608385686463,0.451685660266874,1.30108445697626,0.601283991047423,33.3877563865537,51.0347891166449,14.7976986383577,0.969,3.95608738968062,3.43920674799665,0.832442903389189,0.505112958942417
2006-06-24,0.74,404.33,19.19,19.19,1472.08,0.5376187300234391,658.41,27.06629,750.88,3.17552224503765,2.27054970568104,0.715016154973943,0.219528466253919,0.207214753166224,16.85,1.1541095890411,212.45,3.09468317552804,0,-16.0641,4.11759799833194,1.37608385686463,0.451685660266874,1.30108445697626,0.601283991047423,33.3877563865537,51.0347891166449,14.7976986383577,0.969,3.95608738968062,3.43920674799665,0.832442903389189,0.505112958942417
2006-06-25,5.85,369.02,20.03,20.03,1513.45,0.41706180268484977,658.41,27.06629,750.88,3.17552224503765,2.27054970568104,0.715016154973943,0.219528466253919,0.207214753166224,16.85,1.1541095890411,212.45,3.09468317552804,0,-16.0641,4.11759799833194,1.37608385686463,0.451685660266874,1.30108445697626,0.601283991047423,33.3877563865537,51.0347891166449,14.7976986383577,0.969,3.95608738968062,3.43920674799665,0.832442903389189,0.505112958942417
2006-06-26,23.66,342.94,19.91,19.91,1546.03,1.2511854080545493,658.41,27.06629,750.88,3.17552224503765,2.27054970568104,0.715016154973943,0.219528466253919,0.207214753166224,16.85,1.1541095890411,212.45,3.09468317552804,0,-16.0641,4.11759799833194,1.37608385686463,0.451685660266874,1.30108445697626,0.601283991047423,33.3877563865537,51.0347891166449,14.7976986383577,0.969,3.95608738968062,3.43920674799665,0.832442903389189,0.505112958942417
2006-06-27,19.99,319.96,19.56,19.56,1546.48,3.779622586831451,658.41,27.06629,750.88,3.17552224503765,2.27054970568104,0.715016154973943,0.219528466253919,0.207214753166224,16.85,1.1541095890411,212.45,3.09468317552804,0,-16.0641,4.11759799833194,1.37608385686463,0.451685660266874,1.30108445697626,0.601283991047423,33.3877563865537,51.0347891166449,14.7976986383577,0.969,3.95608738968062,3.43920674799665,0.832442903389189,0.505112958942417
2006-06-28,4.87,364.58,18.56,18.56,1406.13,3.486376006818666,658.41,27.06629,750.88,3.17552224503765,2.27054970568104,0.715016154973943,0.219528466253919,0.207214753166224,16.85,1.1541095890411,212.45,3.09468317552804,0,-16.0641,4.11759799833194,1.37608385686463,0.451685660266874,1.30108445697626,0.601283991047423,33.3877563865537,51.0347891166449,14.7976986383577,0.969,3.95608738968062,3.43920674799665,0.832442903389189,0.505112958942417
2006-06-29,3.19,400.18,18.56,18.56,1307.7,2.316647982101001,658.41,27.06629,750.88,3.17552224503765,2.27054970568104,0.715016154973943,0.219528466253919,0.207214753166224,16.85,1.1541095890411,212.45,3.09468317552804,0,-16.0641,4.11759799833194,1.37608385686463,0.451685660266874,1.30108445697626,0.601283991047423,33.3877563865537,51.0347891166449,14.7976986383577,0.969,3.95608738968062,3.43920674799665,0.832442903389189,0.505112958942417
2006-06-30,1.52,385.1,17.25,17.25,1217.06,1.6943135734072021,658.41,27.06629,750.88,3.17552224503765,2.27054970568104,0.715016154973943,0.219528466253919,0.207214753166224,16.85,1.1541095890411,212.45,3.09468317552804,0,-16.0641,4.11759799833194,1.37608385686463,0.451685660266874,1.30108445697626,0.601283991047423,33.3877563865537,51.0347891166449,14.7976986383577,0.969,3.95608738968062,3.43920674799665,0.832442903389189,0.505112958942417
2006-07-01,0.2,547.09,16.9,16.9,1189.04,1.3261262007244832,658.41,27.06629,750.88,3.17552224503765,2.27054970568104,0.715016154973943,0.219528466253919,0.207214753166224,16.85,1.1541095890411,212.45,3.09468317552804,0,-16.0641,4.11759799833194,1.37608385686463,0.451685660266874,1.30108445697626,0.601283991047423,33.3877563865537,51.0347891166449,14.7976986383577,0.969,3.95608738968062,3.43920674799665,0.832442903389189,0.505112958942417
2006-07-02,0.52,376.76,19.21,19.21,1478.64,1.08827064138078,658.41,27.06629,750.88,3.17552224503765,2.27054970568104,0.715016154973943,0.219528466253919,0.207214753166224,16.85,1.1541095890411,212.45,3.09468317552804,0,-16.0641,4.11759799833194,1.37608385686463,0.451685660266874,1.30108445697626,0.601283991047423,33.3877563865537,51.0347891166449,14.7976986383577,0.969,3.95608738968062,3.43920674799665,0.832442903389189,0.505112958942417
2006-07-03,6.91,342.3,21.01,21.01,1654.96,0.9416473513743873,658.41,27.06629,750.88,3.17552224503765,2.27054970568104,0.715016154973943,0.219528466253919,0.207214753166224,16.85,1.1541095890411,212.45,3.09468317552804,0,-16.0641,4.11759799833194,1.37608385686463,0.451685660266874,1.30108445697626,0.601283991047423,33.3877563865537,51.0347891166449,14.7976986383577,0.969,3.95608738968062,3.43920674799665,0.832442903389189,0.505112958942417
2006-07-04,4.23,348.32,19.95,19.95,1496.2,1.1469199573833369,658.41,27.06629,750.88,3.17552224503765,2.27054970568104,0.715016154973943,0.219528466253919,0.207214753166224,16.85,1.1541095890411,212.45,3.09468317552804,0,-16.0641,4.11759799833194,1.37608385686463,0.451685660266874,1.30108445697626,0.601283991047423,33.3877563865537,51.0347891166449,14.7976986383577,0.969,3.95608738968062,3.43920674799665,0.832442903389189,0.505112958942417
2006-07-05,0.71,462.73,17.07,17.07,1199.87,0.9970383720434689,658.41,27.06629,750.88,3.17552224503765,2.27054970568104,0.715016154973943,0.219528466253919,0.207214753166224,16.85,1.1541095890411,212.45,3.09468317552804,0,-16.0641,4.11759799833194,1.37608385686463,0.451685660266874,1.30108445697626,0.601283991047423,33.3877563865537,51.0347891166449,14.7976986383577,0.969,3.95608738968062,3.43920674799665,0.832442903389189,0.505112958942417
2006-07-06,0.02,526.06,16.23,16.23,1086.16,0.7428913360323885,658.41,27.06629,750.88,3.17552224503765,2.27054970568104,0.715016154973943,0.219528466253919,0.207214753166224,16.85,1.1541095890411,212.45,3.09468317552804,0,-16.0641,4.11759799833194,1.37608385686463,0.451685660266874,1.30108445697626,0.601283991047423,33.3877563865537,51.0347891166449,14.7976986383577,0.969,3.95608738968062,3.43920674799665,0.832442903389189,0.505112958942417
2006-07-07,0.0,520.31,14.6,14.6,1013.78,0.6418841806946515,658.41,27.06629,750.88,3.17552224503765,2.27054970568104,0.715016154973943,0.219528466253919,0.207214753166224,16.85,1.1541095890411,212.45,3.09468317552804,0,-16.0641,4.11759799833194,1.37608385686463,0.451685660266874,1.30108445697626,0.601283991047423,33.3877563865537,51.0347891166449,14.7976986383577,0.969,3.95608738968062,3.43920674799665,0.832442903389189,0.505112958942417
2006-07-08,0.0,548.59,15.97,15.97,1059.81,0.5506519113573407,658.41,27.06629,750.88,3.17552224503765,2.27054970568104,0.715016154973943,0.219528466253919,0.207214753166224,16.85,1.1541095890411,212.45,3.09468317552804,0,-16.0641,4.11759799833194,1.37608385686463,0.451685660266874,1.30108445697626,0.601283991047423,33.3877563865537,51.0347891166449,14.7976986383577,0.969,3.95608738968062,3.43920674799665,0.832442903389189,0.505112958942417
2006-07-09,0.0,551.2,17.16,17.16,1165.83,0.5082940720221607,658.41,27.06629,750.88,3.17552224503765,2.27054970568104,0.715016154973943,0.219528466253919,0.207214753166224,16.85,1.1541095890411,212.45,3.09468317552804,0,-16.0641,4.11759799833194,1.37608385686463,0.451685660266874,1.30108445697626,0.601283991047423,33.3877563865537,51.0347891166449,14.7976986383577,0.969,3.95608738968062,3.43920674799665,0.832442903389189,0.505112958942417
2006-07-10,3.28,392.58,19.66,19.66,1386.22,0.46593623268698053,658.41,27.06629,750.88,3.17552224503765,2.27054970568104,0.715016154973943,0.219528466253919,0.207214753166224,16.85,1.1541095890411,212.45,3.09468317552804,0,-16.0641,4.11759799833194,1.37608385686463,0.451685660266874,1.30108445697626,0.601283991047423,33.3877563865537,51.0347891166449,14.7976986383577,0.969,3.95608738968062,3.43920674799665,0.832442903389189,0.505112958942417
2006-07-11,7.26,376.78,18.52,18.52,1381.53,0.4626779373535052,658.41,27.06629,750.88,3.17552224503765,2.27054970568104,0.715016154973943,0.219528466253919,0.207214753166224,16.85,1.1541095890411,212.45,3.09468317552804,0,-16.0641,4.11759799833194,1.37608385686463,0.451685660266874,1.30108445697626,0.601283991047423,33.3877563865537,51.0347891166449,14.7976986383577,0.969,3.95608738968062,3.43920674799665,0.832442903389189,0.505112958942417
2006-07-12,21.83,376.67,19.96,19.96,1521.9,0.8341236053696995,658.41,27.06629,750.88,3.17552224503765,2.27054970568104,0.715016154973943,0.219528466253919,0.207214753166224,16.85,1.1541095890411,212.45,3.09468317552804,0,-16.0641,4.11759799833194,1.37608385686463,0.451685660266874,1.30108445697626,0.601283991047423,33.3877563865537,51.0347891166449,14.7976986383577,0.969,3.95608738968062,3.43920674799665,0.832442903389189,0.505112958942417
2006-07-13,7.66,278.26,19.28,19.28,1603.48,2.088567308757724,658.41,27.06629,750.88,3.17552224503765,2.27054970568104,0.715016154973943,0.219528466253919,0.207214753166224,16.85,1.1541095890411,212.45,3.09468317552804,0,-16.0641,4.11759799833194,1.37608385686463,0.451685660266874,1.30108445697626,0.601283991047423,33.3877563865537,51.0347891166449,14.7976986383577,0.969,3.95608738968062,3.43920674799665,0.832442903389189,0.505112958942417
2006-07-14,1.81,387.9,19.55,19.55,1489.65,0.8764814447048795,658.41,27.06629,750.88,3.17552224503765,2.27054970568104,0.715016154973943,0.219528466253919,0.207214753166224,16.85,1.1541095890411,212.45,3.09468317552804,0,-16.0641,4.11759799833194,1.37608385686463,0.451685660266874,1.30108445697626,0.601283991047423,33.3877563865537,51.0347891166449,14.7976986383577,0.969,3.95608738968062,3.43920674799665,0.832442903389189,0.505112958942417
2006-07-15,0.99,394.73,21.38,21.38,1547.0,0.6581756573620285,658.41,27.06629,750.88,3.17552224503765,2.27054970568104,0.715016154973943,0.219528466253919,0.207214753166224,16.85,1.1541095890411,212.45,3.09468317552804,0,-16.0641,4.11759799833194,1.37608385686463,0.451685660266874,1.30108445697626,0.601283991047423,33.3877563865537,51.0347891166449,14.7976986383577,0.969,3.95608738968062,3.43920674799665,0.832442903389189,0.505112958942417
2006-07-16,0.57,410.33,20.89,20.89,1599.86,0.5571685020242915,658.41,27.06629,750.88,3.17552224503765,2.27054970568104,0.715016154973943,0.219528466253919,0.207214753166224,16.85,1.1541095890411,212.45,3.09468317552804,0,-16.0641,4.11759799833194,1.37608385686463,0.451685660266874,1.30108445697626,0.601283991047423,33.3877563865537,51.0347891166449,14.7976986383577,0.969,3.95608738968062,3.43920674799665,0.832442903389189,0.505112958942417
2006-07-17,0.1,510.52,23.55,23.55,1770.72,0.4594196420200298,658.41,27.06629,750.88,3.17552224503765,2.27054970568104,0.715016154973943,0.219528466253919,0.207214753166224,16.85,1.1541095890411,212.45,3.09468317552804,0,-16.0641,4.11759799833194,1.37608385686463,0.451685660266874,1.30108445697626,0.601283991047423,33.3877563865537,51.0347891166449,14.7976986383577,0.969,3.95608738968062,3.43920674799665,0.832442903389189,0.505112958942417
2006-07-18,0.0,503.28,24.33,24.33,1747.26,0.39751203068399743,658.41,27.06629,750.88,3.17552224503765,2.27054970568104,0.715016154973943,0.219528466253919,0.207214753166224,16.85,1.1541095890411,212.45,3.09468317552804,0,-16.0641,4.11759799833194,1.37608385686463,0.451685660266874,1.30108445697626,0.601283991047423,33.3877563865537,51.0347891166449,14.7976986383577,0.969,3.95608738968062,3.43920674799665,0.832442903389189,0.505112958942417
2006-07-19,0.0,524.36,20.86,20.86,1459.33,0.35189589601534194,658.41,27.06629,750.88,3.17552224503765,2.27054970568104,0.715016154973943,0.219528466253919,0.207214753166224,16.85,1.1541095890411,212.45,3.09468317552804,0,-16.0641,4.11759799833194,1.37608385686463,0.451685660266874,1.30108445697626,0.601283991047423,33.3877563865537,51.0347891166449,14.7976986383577,0.969,3.95608738968062,3.43920674799665,0.832442903389189,0.505112958942417
2006-07-20,5.41,394.57,20.78,20.78,1508.77,0.32257123801406345,658.41,27.06629,750.88,3.17552224503765,2.27054970568104,0.715016154973943,0.219528466253919,0.207214753166224,16.85,1.1541095890411,212.45,3.09468317552804,0,-16.0641,4.11759799833194,1.37608385686463,0.451685660266874,1.30108445697626,0.601283991047423,33.3877563865537,51.0347891166449,14.7976986383577,0.969,3.95608738968062,3.43920674799665,0.832442903389189,0.505112958942417
2006-07-21,9.78,380.44,21.31,21.31,1574.11,0.3649290773492435,658.41,27.06629,750.88,3.17552224503765,2.27054970568104,0.715016154973943,0.219528466253919,0.207214753166224,16.85,1.1541095890411,212.45,3.09468317552804,0,-16.0641,4.11759799833194,1.37608385686463,0.451685660266874,1.30108445697626,0.601283991047423,33.3877563865537,51.0347891166449,14.7976986383577,0.969,3.95608738968062,3.43920674799665,0.832442903389189,0.505112958942417
2006-07-22,25.36,376.39,20.36,20.36,1465.28,1.0133298487108457,658.41,27.06629,750.88,3.17552224503765,2.27054970568104,0.715016154973943,0.219528466253919,0.207214753166224,16.85,1.1541095890411,212.45,3.09468317552804,0,-16.0641,4.11759799833194,1.37608385686463,0.451685660266874,1.30108445697626,0.601283991047423,33.3877563865537,51.0347891166449,14.7976986383577,0.969,3.95608738968062,3.43920674799665,0.832442903389189,0.505112958942417
2006-07-23,6.09,367.78,15.68,15.68,1234.75,1.0524293927125505,658.41,27.06629,750.88,3.17552224503765,2.27054970568104,0.715016154973943,0.219528466253919,0.207214753166224,16.85,1.1541095890411,212.45,3.09468317552804,0,-16.0641,4.11759799833194,1.37608385686463,0.451685660266874,1.30108445697626,0.601283991047423,33.3877563865537,51.0347891166449,14.7976986383577,0.969,3.95608738968062,3.43920674799665,0.832442903389189,0.505112958942417
2006-07-24,0.0,540.76,16.48,16.48,1217.89,0.5376187300234391,658.41,27.06629,750.88,3.17552224503765,2.27054970568104,0.715016154973943,0.219528466253919,0.207214753166224,16.85,1.1541095890411,212.45,3.09468317552804,0,-16.0641,4.11759799833194,1.37608385686463,0.451685660266874,1.30108445697626,0.601283991047423,33.3877563865537,51.0347891166449,14.7976986383577,0.969,3.95608738968062,3.43920674799665,0.832442903389189,0.505112958942417
2006-07-25,5.03,378.96,19.97,19.97,1534.24,0.42357839335180053,658.41,27.06629,750.88,3.17552224503765,2.27054970568104,0.715016154973943,0.219528466253919,0.207214753166224,16.85,1.1541095890411,212.45,3.09468317552804,0,-16.0641,4.11759799833194,1.37608385686463,0.451685660266874,1.30108445697626,0.601283991047423,33.3877563865537,51.0347891166449,14.7976986383577,0.969,3.95608738968062,3.43920674799665,0.832442903389189,0.505112958942417
2006-07-26,1.49,358.47,21.72,21.72,1757.85,0.4789694140208821,658.41,27.06629,750.88,3.17552224503765,2.27054970568104,0.715016154973943,0.219528466253919,0.207214753166224,16.85,1.1541095890411,212.45,3.09468317552804,0,-16.0641,4.11759799833194,1.37608385686463,0.451685660266874,1.30108445697626,0.601283991047423,33.3877563865537,51.0347891166449,14.7976986383577,0.969,3.95608738968062,3.43920674799665,0.832442903389189,0.505112958942417
2006-07-27,12.41,329.76,22.75,22.75,1892.11,0.38447884935009585,658.41,27.06629,750.88,3.17552224503765,2.27054970568104,0.715016154973943,0.219528466253919,0.207214753166224,16.85,1.1541095890411,212.45,3.09468317552804,0,-16.0641,4.11759799833194,1.37608385686463,0.451685660266874,1.30108445697626,0.601283991047423,33.3877563865537,51.0347891166449,14.7976986383577,0.969,3.95608738968062,3.43920674799665,0.832442903389189,0.505112958942417
2006-07-28,13.2,307.73,21.43,21.43,1803.96,1.8441951587470702,658.41,27.06629,750.88,3.17552224503765,2.27054970568104,0.715016154973943,0.219528466253919,0.207214753166224,16.85,1.1541095890411,212.45,3.09468317552804,0,-16.0641,4.11759799833194,1.37608385686463,0.451685660266874,1.30108445697626,0.601283991047423,33.3877563865537,51.0347891166449,14.7976986383577,0.969,3.95608738968062,3.43920674799665,0.832442903389189,0.505112958942417
2006-07-29,3.7,342.72,20.78,20.78,1723.0,1.2316356360536969,658.41,27.06629,750.88,3.17552224503765,2.27054970568104,0.715016154973943,0.219528466253919,0.207214753166224,16.85,1.1541095890411,212.45,3.09468317552804,0,-16.0641,4.11759799833194,1.37608385686463,0.451685660266874,1.30108445697626,0.601283991047423,33.3877563865537,51.0347891166449,14.7976986383577,0.969,3.95608738968062,3.43920674799665,0.832442903389189,0.505112958942417
2006-07-30,0.28,462.3,21.72,21.72,1770.85,0.7852491753675686,658.41,27.06629,750.88,3.17552224503765,2.27054970568104,0.715016154973943,0.219528466253919,0.207214753166224,16.85,1.1541095890411,212.45,3.09468317552804,0,-16.0641,4.11759799833194,1.37608385686463,0.451685660266874,1.30108445697626,0.601283991047423,33.3877563865537,51.0347891166449,14.7976986383577,0.969,3.95608738968062,3.43920674799665,0.832442903389189,0.505112958942417
2006-07-31,0.0,447.1,23.02,23.02,1927.85,0.5962680460259961,658.41,27.06629,750.88,3.17552224503765,2.27054970568104,0.715016154973943,0.219528466253919,0.207214753166224,16.85,1.1541095890411,212.45,3.09468317552804,0,-16.0641,4.11759799833194,1.37608385686463,0.451685660266874,1.30108445697626,0.601283991047423,33.3877563865537,51.0347891166449,14.7976986383577,0.969,3.95608738968062,3.43920674799665,0.832442903389189,0.505112958942417
2006-08-01,0.0,463.02,24.92,24.92,2117.95,0.4920025953547837,658.41,27.06629,750.88,3.17552224503765,2.27054970568104,0.715016154973943,0.219528466253919,0.207214753166224,16.85,1.1541095890411,212.45,3.09468317552804,0,-16.0641,4.11759799833194,1.37608385686463,0.451685660266874,1.30108445697626,0.601283991047423,33.3877563865537,51.0347891166449,14.7976986383577,0.969,3.95608738968062,3.43920674799665,0.832442903389189,0.505112958942417
2006-08-02,1.79,364.17,25.88,25.88,2231.42,0.4300949840187513,658.41,27.06629,750.88,3.17552224503765,2.27054970568104,0.715016154973943,0.219528466253919,0.207214753166224,16.85,1.1541095890411,212.45,3.09468317552804,0,-16.0641,4.11759799833194,1.37608385686463,0.451685660266874,1.30108445697626,0.601283991047423,33.3877563865537,51.0347891166449,14.7976986383577,0.969,3.95608738968062,3.43920674799665,0.832442903389189,0.505112958942417
2006-08-03,7.45,321.75,24.4,24.4,2031.97,0.46919452802045597,658.41,27.06629,750.88,3.17552224503765,2.27054970568104,0.715016154973943,0.219528466253919,0.207214753166224,16.85,1.1541095890411,212.45,3.09468317552804,0,-16.0641,4.11759799833194,1.37608385686463,0.451685660266874,1.30108445697626,0.601283991047423,33.3877563865537,51.0347891166449,14.7976986383577,0.969,3.95608738968062,3.43920674799665,0.832442903389189,0.505112958942417
2006-08-04,1.84,491.47,21.19,21.19,1579.45,0.7103083826976347,658.41,27.06629,750.88,3.17552224503765,2.27054970568104,0.715016154973943,0.219528466253919,0.207214753166224,16.85,1.1541095890411,212.45,3.09468317552804,0,-16.0641,4.11759799833194,1.37608385686463,0.451685660266874,1.30108445697626,0.601283991047423,33.3877563865537,51.0347891166449,14.7976986383577,0.969,3.95608738968062,3.43920674799665,0.832442903389189,0.505112958942417
2006-08-05,0.0,513.33,18.86,18.86,1361.57,0.4463864606861282,658.41,27.06629,750.88,3.17552224503765,2.27054970568104,0.715016154973943,0.219528466253919,0.207214753166224,16.85,1.1541095890411,212.45,3.09468317552804,0,-16.0641,4.11759799833194,1.37608385686463,0.451685660266874,1.30108445697626,0.601283991047423,33.3877563865537,51.0347891166449,14.7976986383577,0.969,3.95608738968062,3.43920674799665,0.832442903389189,0.505112958942417
2006-08-06,0.0,501.07,19.68,19.68,1403.14,0.3421210100149158,658.41,27.06629,750.88,3.17552224503765,2.27054970568104,0.715016154973943,0.219528466253919,0.207214753166224,16.85,1.1541095890411,212.45,3.09468317552804,0,-16.0641,4.11759799833194,1.37608385686463,0.451685660266874,1.30108445697626,0.601283991047423,33.3877563865537,51.0347891166449,14.7976986383577,0.969,3.95608738968062,3.43920674799665,0.832442903389189,0.505112958942417
2006-08-07,0.4,474.04,19.56,19.56,1328.22,0.293246580012785,658.41,27.06629,750.88,3.17552224503765,2.27054970568104,0.715016154973943,0.219528466253919,0.207214753166224,16.85,1.1541095890411,212.45,3.09468317552804,0,-16.0641,4.11759799833194,1.37608385686463,0.451685660266874,1.30108445697626,0.601283991047423,33.3877563865537,51.0347891166449,14.7976986383577,0.969,3.95608738968062,3.43920674799665,0.832442903389189,0.505112958942417
2006-08-08,0.11,535.5,16.98,16.98,1096.81,0.293246580012785,658.41,27.06629,750.88,3.17552224503765,2.27054970568104,0.715016154973943,0.219528466253919,0.207214753166224,16.85,1.1541095890411,212.45,3.09468317552804,0,-16.0641,4.11759799833194,1.37608385686463,0.451685660266874,1.30108445697626,0.601283991047423,33.3877563865537,51.0347891166449,14.7976986383577,0.969,3.95608738968062,3.43920674799665,0.832442903389189,0.505112958942417
2006-08-09,0.0,552.2,15.34,15.34,992.19,0.25740533134455573,658.41,27.06629,750.88,3.17552224503765,2.27054970568104,0.715016154973943,0.219528466253919,0.207214753166224,16.85,1.1541095890411,212.45,3.09468317552804,0,-16.0641,4.11759799833194,1.37608385686463,0.451685660266874,1.30108445697626,0.601283991047423,33.3877563865537,51.0347891166449,14.7976986383577,0.969,3.95608738968062,3.43920674799665,0.832442903389189,0.505112958942417
2006-08-10,0.0,530.8,16.81,16.81,1089.32,0.23459726401022798,658.41,27.06629,750.88,3.17552224503765,2.27054970568104,0.715016154973943,0.219528466253919,0.207214753166224,16.85,1.1541095890411,212.45,3.09468317552804,0,-16.0641,4.11759799833194,1.37608385686463,0.451685660266874,1.30108445697626,0.601283991047423,33.3877563865537,51.0347891166449,14.7976986383577,0.969,3.95608738968062,3.43920674799665,0.832442903389189,0.505112958942417
2006-08-11,0.0,524.01,15.66,15.66,1016.14,0.21178919667590027,658.41,27.06629,750.88,3.17552224503765,2.27054970568104,0.715016154973943,0.219528466253919,0.207214753166224,16.85,1.1541095890411,212.45,3.09468317552804,0,-16.0641,4.11759799833194,1.37608385686463,0.451685660266874,1.30108445697626,0.601283991047423,33.3877563865537,51.0347891166449,14.7976986383577,0.969,3.95608738968062,3.43920674799665,0.832442903389189,0.505112958942417
2006-08-12,0.0,548.8,13.72,13.72,881.81,0.19223942467504793,658.41,27.06629,750.88,3.17552224503765,2.27054970568104,0.715016154973943,0.219528466253919,0.207214753166224,16.85,1.1541095890411,212.45,3.09468317552804,0,-16.0641,4.11759799833194,1.37608385686463,0.451685660266874,1.30108445697626,0.601283991047423,33.3877563865537,51.0347891166449,14.7976986383577,0.969,3.95608738968062,3.43920674799665,0.832442903389189,0.505112958942417
2006-08-13,0.57,438.96,14.19,14.19,931.69,0.18572283400809714,658.41,27.06629,750.88,3.17552224503765,2.27054970568104,0.715016154973943,0.219528466253919,0.207214753166224,16.85,1.1541095890411,212.45,3.09468317552804,0,-16.0641,4.11759799833194,1.37608385686463,0.451685660266874,1.30108445697626,0.601283991047423,33.3877563865537,51.0347891166449,14.7976986383577,0.969,3.95608738968062,3.43920674799665,0.832442903389189,0.505112958942417
2006-08-14,4.83,405.28,15.97,15.97,1029.75,0.17594794800767097,658.41,27.06629,750.88,3.17552224503765,2.27054970568104,0.715016154973943,0.219528466253919,0.207214753166224,16.85,1.1541095890411,212.45,3.09468317552804,0,-16.0641,4.11759799833194,1.37608385686463,0.451685660266874,1.30108445697626,0.601283991047423,33.3877563865537,51.0347891166449,14.7976986383577,0.969,3.95608738968062,3.43920674799665,0.832442903389189,0.505112958942417
2006-08-15,1.23,518.73,16.32,16.32,1068.7,0.19875601534199872,658.41,27.06629,750.88,3.17552224503765,2.27054970568104,0.715016154973943,0.219528466253919,0.207214753166224,16.85,1.1541095890411,212.45,3.09468317552804,0,-16.0641,4.11759799833194,1.37608385686463,0.451685660266874,1.30108445697626,0.601283991047423,33.3877563865537,51.0347891166449,14.7976986383577,0.969,3.95608738968062,3.43920674799665,0.832442903389189,0.505112958942417
2006-08-16,0.0,521.87,16.29,16.29,1079.27,0.18572283400809714,658.41,27.06629,750.88,3.17552224503765,2.27054970568104,0.715016154973943,0.219528466253919,0.207214753166224,16.85,1.1541095890411,212.45,3.09468317552804,0,-16.0641,4.11759799833194,1.37608385686463,0.451685660266874,1.30108445697626,0.601283991047423,33.3877563865537,51.0347891166449,14.7976986383577,0.969,3.95608738968062,3.43920674799665,0.832442903389189,0.505112958942417
2006-08-17,0.25,426.79,16.81,16.81,1146.29,0.16617306200724483,658.41,27.06629,750.88,3.17552224503765,2.27054970568104,0.715016154973943,0.219528466253919,0.207214753166224,16.85,1.1541095890411,212.45,3.09468317552804,0,-16.0641,4.11759799833194,1.37608385686463,0.451685660266874,1.30108445697626,0.601283991047423,33.3877563865537,51.0347891166449,14.7976986383577,0.969,3.95608738968062,3.43920674799665,0.832442903389189,0.505112958942417
2006-08-18,4.95,369.41,19.51,19.51,1468.07,0.15313988067334328,658.41,27.06629,750.88,3.17552224503765,2.27054970568104,0.715016154973943,0.219528466253919,0.207214753166224,16.85,1.1541095890411,212.45,3.09468317552804,0,-16.0641,4.11759799833194,1.37608385686463,0.451685660266874,1.30108445697626,0.601283991047423,33.3877563865537,51.0347891166449,14.7976986383577,0.969,3.95608738968062,3.43920674799665,0.832442903389189,0.505112958942417
2006-08-19,24.24,324.23,21.53,21.53,1699.73,0.24111385467717877,658.41,27.06629,750.88,3.17552224503765,2.27054970568104,0.715016154973943,0.219528466253919,0.207214753166224,16.85,1.1541095890411,212.45,3.09468317552804,0,-16.0641,4.11759799833194,1.37608385686463,0.451685660266874,1.30108445697626,0.601283991047423,33.3877563865537,51.0347891166449,14.7976986383577,0.969,3.95608738968062,3.43920674799665,0.832442903389189,0.505112958942417
2006-08-20,6.07,309.12,18.37,18.37,1522.55,0.687500315363307,658.41,27.06629,750.88,3.17552224503765,2.27054970568104,0.715016154973943,0.219528466253919,0.207214753166224,16.85,1.1541095890411,212.45,3.09468317552804,0,-16.0641,4.11759799833194,1.37608385686463,0.451685660266874,1.30108445697626,0.601283991047423,33.3877563865537,51.0347891166449,14.7976986383577,0.969,3.95608738968062,3.43920674799665,0.832442903389189,0.505112958942417
2006-08-21,0.01,444.99,17.77,17.77,1368.43,0.29650487534626035,658.41,27.06629,750.88,3.17552224503765,2.27054970568104,0.715016154973943,0.219528466253919,0.207214753166224,16.85,1.1541095890411,212.45,3.09468317552804,0,-16.0641,4.11759799833194,1.37608385686463,0.451685660266874,1.30108445697626,0.601283991047423,33.3877563865537,51.0347891166449,14.7976986383577,0.969,3.95608738968062,3.43920674799665,0.832442903389189,0.505112958942417
2006-08-22,1.91,361.52,16.56,16.56,1244.38,0.20853090134242488,658.41,27.06629,750.88,3.17552224503765,2.27054970568104,0.715016154973943,0.219528466253919,0.207214753166224,16.85,1.1541095890411,212.45,3.09468317552804,0,-16.0641,4.11759799833194,1.37608385686463,0.451685660266874,1.30108445697626,0.601283991047423,33.3877563865537,51.0347891166449,14.7976986383577,0.969,3.95608738968062,3.43920674799665,0.832442903389189,0.505112958942417
2006-08-23,3.11,359.99,17.59,17.59,1335.05,0.18246453867462176,658.41,27.06629,750.88,3.17552224503765,2.27054970568104,0.715016154973943,0.219528466253919,0.207214753166224,16.85,1.1541095890411,212.45,3.09468317552804,0,-16.0641,4.11759799833194,1.37608385686463,0.451685660266874,1.30108445697626,0.601283991047423,33.3877563865537,51.0347891166449,14.7976986383577,0.969,3.95608738968062,3.43920674799665,0.832442903389189,0.505112958942417
2006-08-24,3.54,317.56,18.51,18.51,1484.66,0.1694313573407202,658.41,27.06629,750.88,3.17552224503765,2.27054970568104,0.715016154973943,0.219528466253919,0.207214753166224,16.85,1.1541095890411,212.45,3.09468317552804,0,-16.0641,4.11759799833194,1.37608385686463,0.451685660266874,1.30108445697626,0.601283991047423,33.3877563865537,51.0347891166449,14.7976986383577,0.969,3.95608738968062,3.43920674799665,0.832442903389189,0.505112958942417
2006-08-25,7.9,229.03,17.87,17.87,1564.5,0.18246453867462176,658.41,27.06629,750.88,3.17552224503765,2.27054970568104,0.715016154973943,0.219528466253919,0.207214753166224,16.85,1.1541095890411,212.45,3.09468317552804,0,-16.0641,4.11759799833194,1.37608385686463,0.451685660266874,1.30108445697626,0.601283991047423,33.3877563865537,51.0347891166449,14.7976986383577,0.969,3.95608738968062,3.43920674799665,0.832442903389189,0.505112958942417
2006-08-26,8.21,293.16,18.57,18.57,1579.21,0.3193129426805881,658.41,27.06629,750.88,3.17552224503765,2.27054970568104,0.715016154973943,0.219528466253919,0.207214753166224,16.85,1.1541095890411,212.45,3.09468317552804,0,-16.0641,4.11759799833194,1.37608385686463,0.451685660266874,1.30108445697626,0.601283991047423,33.3877563865537,51.0347891166449,14.7976986383577,0.969,3.95608738968062,3.43920674799665,0.832442903389189,0.505112958942417
2006-08-27,13.89,245.62,17.93,17.93,1574.8,0.5311021393564883,658.41,27.06629,750.88,3.17552224503765,2.27054970568104,0.715016154973943,0.219528466253919,0.207214753166224,16.85,1.1541095890411,212.45,3.09468317552804,0,-16.0641,4.11759799833194,1.37608385686463,0.451685660266874,1.30108445697626,0.601283991047423,33.3877563865537,51.0347891166449,14.7976986383577,0.969,3.95608738968062,3.43920674799665,0.832442903389189,0.505112958942417
2006-08-28,25.47,200.38,17.92,17.92,1575.95,0.8015406520349456,658.41,27.06629,750.88,3.17552224503765,2.27054970568104,0.715016154973943,0.219528466253919,0.207214753166224,16.85,1.1541095890411,212.45,3.09468317552804,0,-16.0641,4.11759799833194,1.37608385686463,0.451685660266874,1.30108445697626,0.601283991047423,33.3877563865537,51.0347891166449,14.7976986383577,0.969,3.95608738968062,3.43920674799665,0.832442903389189,0.505112958942417
2006-08-29,14.02,327.59,15.68,15.68,1271.07,3.7470396334966973,658.41,27.06629,750.88,3.17552224503765,2.27054970568104,0.715016154973943,0.219528466253919,0.207214753166224,16.85,1.1541095890411,212.45,3.09468317552804,0,-16.0641,4.11759799833194,1.37608385686463,0.451685660266874,1.30108445697626,0.601283991047423,33.3877563865537,51.0347891166449,14.7976986383577,0.969,3.95608738968062,3.43920674799665,0.832442903389189,0.505112958942417
2006-08-30,2.15,333.64,14.15,14.15,1153.96,1.811612205412316,658.41,27.06629,750.88,3.17552224503765,2.27054970568104,0.715016154973943,0.219528466253919,0.207214753166224,16.85,1.1541095890411,212.45,3.09468317552804,0,-16.0641,4.11759799833194,1.37608385686463,0.451685660266874,1.30108445697626,0.601283991047423,33.3877563865537,51.0347891166449,14.7976986383577,0.969,3.95608738968062,3.43920674799665,0.832442903389189,0.505112958942417
2006-08-31,3.74,363.3,12.45,12.45,973.17,0.9351307607074366,658.41,27.06629,750.88,3.17552224503765,2.27054970568104,0.715016154973943,0.219528466253919,0.207214753166224,16.85,1.1541095890411,212.45,3.09468317552804,0,-16.0641,4.11759799833194,1.37608385686463,0.451685660266874,1.30108445697626,0.601283991047423,33.3877563865537,51.0347891166449,14.7976986383577,0.969,3.95608738968062,3.43920674799665,0.832442903389189,0.505112958942417
2006-09-01,8.53,339.36,12.83,12.83,1014.14,0.6777254293628808,658.41,27.06629,750.88,3.17552224503765,2.27054970568104,0.715016154973943,0.219528466253919,0.207214753166224,16.85,1.1541095890411,212.45,3.09468317552804,0,-16.0641,4.11759799833194,1.37608385686463,0.451685660266874,1.30108445697626,0.601283991047423,33.3877563865537,51.0347891166449,14.7976986383577,0.969,3.95608738968062,3.43920674799665,0.832442903389189,0.505112958942417
2006-09-02,31.79,287.69,13.47,13.47,1127.45,4.920025953547836,658.41,27.06629,750.88,3.17552224503765,2.27054970568104,0.715016154973943,0.219528466253919,0.207214753166224,16.85,1.1541095890411,212.45,3.09468317552804,0,-16.0641,4.11759799833194,1.37608385686463,0.451685660266874,1.30108445697626,0.601283991047423,33.3877563865537,51.0347891166449,14.7976986383577,0.969,3.95608738968062,3.43920674799665,0.832442903389189,0.505112958942417
2006-09-03,8.91,87.72,11.79,11.79,1180.24,7.005334966972085,658.41,27.06629,750.88,3.17552224503765,2.27054970568104,0.715016154973943,0.219528466253919,0.207214753166224,16.85,1.1541095890411,212.45,3.09468317552804,0,-16.0641,4.11759799833194,1.37608385686463,0.451685660266874,1.30108445697626,0.601283991047423,33.3877563865537,51.0347891166449,14.7976986383577,0.969,3.95608738968062,3.43920674799665,0.832442903389189,0.505112958942417
2006-09-04,0.28,278.39,12.68,12.68,1209.3,2.8770747794587677,658.41,27.06629,750.88,3.17552224503765,2.27054970568104,0.715016154973943,0.219528466253919,0.207214753166224,16.85,1.1541095890411,212.45,3.09468317552804,0,-16.0641,4.11759799833194,1.37608385686463,0.451685660266874,1.30108445697626,0.601283991047423,33.3877563865537,51.0347891166449,14.7976986383577,0.969,3.95608738968062,3.43920674799665,0.832442903389189,0.505112958942417
2006-09-05,0.48,237.79,13.92,13.92,1232.9,1.9680103814191348,658.41,27.06629,750.88,3.17552224503765,2.27054970568104,0.715016154973943,0.219528466253919,0.207214753166224,16.85,1.1541095890411,212.45,3.09468317552804,0,-16.0641,4.11759799833194,1.37608385686463,0.451685660266874,1.30108445697626,0.601283991047423,33.3877563865537,51.0347891166449,14.7976986383577,0.969,3.95608738968062,3.43920674799665,0.832442903389189,0.505112958942417
2006-09-06,1.26,271.17,12.94,12.94,1135.08,1.6095978947368421,658.41,27.06629,750.88,3.17552224503765,2.27054970568104,0.715016154973943,0.219528466253919,0.207214753166224,16.85,1.1541095890411,212.45,3.09468317552804,0,-16.0641,4.11759799833194,1.37608385686463,0.451685660266874,1.30108445697626,0.601283991047423,33.3877563865537,51.0347891166449,14.7976986383577,0.969,3.95608738968062,3.43920674799665,0.832442903389189,0.505112958942417
2006-09-07,0.3,431.26,13.86,13.86,1127.82,1.4434248327295973,658.41,27.06629,750.88,3.17552224503765,2.27054970568104,0.715016154973943,0.219528466253919,0.207214753166224,16.85,1.1541095890411,212.45,3.09468317552804,0,-16.0641,4.11759799833194,1.37608385686463,0.451685660266874,1.30108445697626,0.601283991047423,33.3877563865537,51.0347891166449,14.7976986383577,0.969,3.95608738968062,3.43920674799665,0.832442903389189,0.505112958942417
2006-09-08,0.29,339.08,15.3,15.3,1193.61,1.1110787087151075,658.41,27.06629,750.88,3.17552224503765,2.27054970568104,0.715016154973943,0.219528466253919,0.207214753166224,16.85,1.1541095890411,212.45,3.09468317552804,0,-16.0641,4.11759799833194,1.37608385686463,0.451685660266874,1.30108445697626,0.601283991047423,33.3877563865537,51.0347891166449,14.7976986383577,0.969,3.95608738968062,3.43920674799665,0.832442903389189,0.505112958942417
2006-09-09,0.36,354.02,16.38,16.38,1181.05,0.9449056467078627,658.41,27.06629,750.88,3.17552224503765,2.27054970568104,0.715016154973943,0.219528466253919,0.207214753166224,16.85,1.1541095890411,212.45,3.09468317552804,0,-16.0641,4.11759799833194,1.37608385686463,0.451685660266874,1.30108445697626,0.601283991047423,33.3877563865537,51.0347891166449,14.7976986383577,0.969,3.95608738968062,3.43920674799665,0.832442903389189,0.505112958942417
2006-09-10,0.07,482.23,14.99,14.99,1000.12,0.8601899680375026,658.41,27.06629,750.88,3.17552224503765,2.27054970568104,0.715016154973943,0.219528466253919,0.207214753166224,16.85,1.1541095890411,212.45,3.09468317552804,0,-16.0641,4.11759799833194,1.37608385686463,0.451685660266874,1.30108445697626,0.601283991047423,33.3877563865537,51.0347891166449,14.7976986383577,0.969,3.95608738968062,3.43920674799665,0.832442903389189,0.505112958942417
2006-09-11,1.04,342.42,10.53,10.53,898.31,0.7396330406989132,658.41,27.06629,750.88,3.17552224503765,2.27054970568104,0.715016154973943,0.219528466253919,0.207214753166224,16.85,1.1541095890411,212.45,3.09468317552804,0,-16.0641,4.11759799833194,1.37608385686463,0.451685660266874,1.30108445697626,0.601283991047423,33.3877563865537,51.0347891166449,14.7976986383577,0.969,3.95608738968062,3.43920674799665,0.832442903389189,0.505112958942417
2006-09-12,7.53,272.19,11.79,11.79,1072.34,0.6679505433624546,658.41,27.06629,750.88,3.17552224503765,2.27054970568104,0.715016154973943,0.219528466253919,0.207214753166224,16.85,1.1541095890411,212.45,3.09468317552804,0,-16.0641,4.11759799833194,1.37608385686463,0.451685660266874,1.30108445697626,0.601283991047423,33.3877563865537,51.0347891166449,14.7976986383577,0.969,3.95608738968062,3.43920674799665,0.832442903389189,0.505112958942417
2006-09-13,5.42,147.81,12.56,12.56,1227.12,0.9872634860430427,658.41,27.06629,750.88,3.17552224503765,2.27054970568104,0.715016154973943,0.219528466253919,0.207214753166224,16.85,1.1541095890411,212.45,3.09468317552804,0,-16.0641,4.11759799833194,1.37608385686463,0.451685660266874,1.30108445697626,0.601283991047423,33.3877563865537,51.0347891166449,14.7976986383577,0.969,3.95608738968062,3.43920674799665,0.832442903389189,0.505112958942417
2006-09-14,2.04,182.32,13.88,13.88,1353.21,1.0328796207116981,658.41,27.06629,750.88,3.17552224503765,2.27054970568104,0.715016154973943,0.219528466253919,0.207214753166224,16.85,1.1541095890411,212.45,3.09468317552804,0,-16.0641,4.11759799833194,1.37608385686463,0.451685660266874,1.30108445697626,0.601283991047423,33.3877563865537,51.0347891166449,14.7976986383577,0.969,3.95608738968062,3.43920674799665,0.832442903389189,0.505112958942417
2006-09-15,0.46,228.8,15.63,15.63,1413.46,0.8601899680375026,658.41,27.06629,750.88,3.17552224503765,2.27054970568104,0.715016154973943,0.219528466253919,0.207214753166224,16.85,1.1541095890411,212.45,3.09468317552804,0,-16.0641,4.11759799833194,1.37608385686463,0.451685660266874,1.30108445697626,0.601283991047423,33.3877563865537,51.0347891166449,14.7976986383577,0.969,3.95608738968062,3.43920674799665,0.832442903389189,0.505112958942417
2006-09-16,0.04,327.58,14.35,14.35,1268.07,0.7461496313658639,658.41,27.06629,750.88,3.17552224503765,2.27054970568104,0.715016154973943,0.219528466253919,0.207214753166224,16.85,1.1541095890411,212.45,3.09468317552804,0,-16.0641,4.11759799833194,1.37608385686463,0.451685660266874,1.30108445697626,0.601283991047423,33.3877563865537,51.0347891166449,14.7976986383577,0.969,3.95608738968062,3.43920674799665,0.832442903389189,0.505112958942417
2006-09-17,0.16,316.15,14.54,14.54,1225.62,0.6646922480289793,658.41,27.06629,750.88,3.17552224503765,2.27054970568104,0.715016154973943,0.219528466253919,0.207214753166224,16.85,1.1541095890411,212.45,3.09468317552804,0,-16.0641,4.11759799833194,1.37608385686463,0.451685660266874,1.30108445697626,0.601283991047423,33.3877563865537,51.0347891166449,14.7976986383577,0.969,3.95608738968062,3.43920674799665,0.832442903389189,0.505112958942417
2006-09-18,0.3,331.3,16.11,16.11,1251.17,0.5767182740251438,658.41,27.06629,750.88,3.17552224503765,2.27054970568104,0.715016154973943,0.219528466253919,0.207214753166224,16.85,1.1541095890411,212.45,3.09468317552804,0,-16.0641,4.11759799833194,1.37608385686463,0.451685660266874,1.30108445697626,0.601283991047423,33.3877563865537,51.0347891166449,14.7976986383577,0.969,3.95608738968062,3.43920674799665,0.832442903389189,0.505112958942417
2006-09-19,0.54,339.57,16.61,16.61,1159.13,0.5180689580225868,658.41,27.06629,750.88,3.17552224503765,2.27054970568104,0.715016154973943,0.219528466253919,0.207214753166224,16.85,1.1541095890411,212.45,3.09468317552804,0,-16.0641,4.11759799833194,1.37608385686463,0.451685660266874,1.30108445697626,0.601283991047423,33.3877563865537,51.0347891166449,14.7976986383577,0.969,3.95608738968062,3.43920674799665,0.832442903389189,0.505112958942417
2006-09-20,0.91,342.32,13.35,13.35,923.46,0.4854860046878329,658.41,27.06629,750.88,3.17552224503765,2.27054970568104,0.715016154973943,0.219528466253919,0.207214753166224,16.85,1.1541095890411,212.45,3.09468317552804,0,-16.0641,4.11759799833194,1.37608385686463,0.451685660266874,1.30108445697626,0.601283991047423,33.3877563865537,51.0347891166449,14.7976986383577,0.969,3.95608738968062,3.43920674799665,0.832442903389189,0.505112958942417
2006-09-21,0.65,329.41,8.31,8.31,740.32,0.4920025953547837,658.41,27.06629,750.88,3.17552224503765,2.27054970568104,0.715016154973943,0.219528466253919,0.207214753166224,16.85,1.1541095890411,212.45,3.09468317552804,0,-16.0641,4.11759799833194,1.37608385686463,0.451685660266874,1.30108445697626,0.601283991047423,33.3877563865537,51.0347891166449,14.7976986383577,0.969,3.95608738968062,3.43920674799665,0.832442903389189,0.505112958942417
2006-09-22,2.16,337.16,8.15,8.15,766.43,0.44312816535265287,658.41,27.06629,750.88,3.17552224503765,2.27054970568104,0.715016154973943,0.219528466253919,0.207214753166224,16.85,1.1541095890411,212.45,3.09468317552804,0,-16.0641,4.11759799833194,1.37608385686463,0.451685660266874,1.30108445697626,0.601283991047423,33.3877563865537,51.0347891166449,14.7976986383577,0.969,3.95608738968062,3.43920674799665,0.832442903389189,0.505112958942417
2006-09-23,2.26,310.75,11.65,11.65,1006.29,0.44964475601960363,658.41,27.06629,750.88,3.17552224503765,2.27054970568104,0.715016154973943,0.219528466253919,0.207214753166224,16.85,1.1541095890411,212.45,3.09468317552804,0,-16.0641,4.11759799833194,1.37608385686463,0.451685660266874,1.30108445697626,0.601283991047423,33.3877563865537,51.0347891166449,14.7976986383577,0.969,3.95608738968062,3.43920674799665,0.832442903389189,0.505112958942417
2006-09-24,1.98,273.93,14.83,14.83,1217.34,0.4789694140208821,658.41,27.06629,750.88,3.17552224503765,2.27054970568104,0.715016154973943,0.219528466253919,0.207214753166224,16.85,1.1541095890411,212.45,3.09468317552804,0,-16.0641,4.11759799833194,1.37608385686463,0.451685660266874,1.30108445697626,0.601283991047423,33.3877563865537,51.0347891166449,14.7976986383577,0.969,3.95608738968062,3.43920674799665,0.832442903389189,0.505112958942417
2006-09-25,1.72,311.96,12.83,12.83,1008.45,0.45616134668655445,658.41,27.06629,750.88,3.17552224503765,2.27054970568104,0.715016154973943,0.219528466253919,0.207214753166224,16.85,1.1541095890411,212.45,3.09468317552804,0,-16.0641,4.11759799833194,1.37608385686463,0.451685660266874,1.30108445697626,0.601283991047423,33.3877563865537,51.0347891166449,14.7976986383577,0.969,3.95608738968062,3.43920674799665,0.832442903389189,0.505112958942417
2006-09-26,0.35,420.63,10.49,10.49,848.59,0.41054521201789895,658.41,27.06629,750.88,3.17552224503765,2.27054970568104,0.715016154973943,0.219528466253919,0.207214753166224,16.85,1.1541095890411,212.45,3.09468317552804,0,-16.0641,4.11759799833194,1.37608385686463,0.451685660266874,1.30108445697626,0.601283991047423,33.3877563865537,51.0347891166449,14.7976986383577,0.969,3.95608738968062,3.43920674799665,0.832442903389189,0.505112958942417
2006-09-27,2.41,344.74,10.26,10.26,849.43,0.36818737268271895,658.41,27.06629,750.88,3.17552224503765,2.27054970568104,0.715016154973943,0.219528466253919,0.207214753166224,16.85,1.1541095890411,212.45,3.09468317552804,0,-16.0641,4.11759799833194,1.37608385686463,0.451685660266874,1.30108445697626,0.601283991047423,33.3877563865537,51.0347891166449,14.7976986383577,0.969,3.95608738968062,3.43920674799665,0.832442903389189,0.505112958942417
2006-09-28,10.76,326.12,11.3,11.3,834.6,0.6125595226933731,658.41,27.06629,750.88,3.17552224503765,2.27054970568104,0.715016154973943,0.219528466253919,0.207214753166224,16.85,1.1541095890411,212.45,3.09468317552804,0,-16.0641,4.11759799833194,1.37608385686463,0.451685660266874,1.30108445697626,0.601283991047423,33.3877563865537,51.0347891166449,14.7976986383577,0.969,3.95608738968062,3.43920674799665,0.832442903389189,0.505112958942417
2006-09-29,3.52,330.81,8.94,8.94,736.19,1.08827064138078,658.41,27.06629,750.88,3.17552224503765,2.27054970568104,0.715016154973943,0.219528466253919,0.207214753166224,16.85,1.1541095890411,212.45,3.09468317552804,0,-16.0641,4.11759799833194,1.37608385686463,0.451685660266874,1.30108445697626,0.601283991047423,33.3877563865537,51.0347891166449,14.7976986383577,0.969,3.95608738968062,3.43920674799665,0.832442903389189,0.505112958942417
2006-09-30,4.86,298.16,6.69,6.69,673.29,0.6386258853611761,658.41,27.06629,750.88,3.17552224503765,2.27054970568104,0.715016154973943,0.219528466253919,0.207214753166224,16.85,1.1541095890411,212.45,3.09468317552804,0,-16.0641,4.11759799833194,1.37608385686463,0.451685660266874,1.30108445697626,0.601283991047423,33.3877563865537,51.0347891166449,14.7976986383577,0.969,3.95608738968062,3.43920674799665,0.832442903389189,0.505112958942417
2006-10-01,1.69,279.31,5.69,5.69,666.61,0.7005334966972085,658.41,27.06629,750.88,3.17552224503765,2.27054970568104,0.715016154973943,0.219528466253919,0.207214753166224,16.85,1.1541095890411,212.45,3.09468317552804,0,-16.0641,4.11759799833194,1.37608385686463,0.451685660266874,1.30108445697626,0.601283991047423,33.3877563865537,51.0347891166449,14.7976986383577,0.969,3.95608738968062,3.43920674799665,0.832442903389189,0.505112958942417
2006-10-02,0.13,398.21,7.73,7.73,735.92,0.6158178180268484,658.41,27.06629,750.88,3.17552224503765,2.27054970568104,0.715016154973943,0.219528466253919,0.207214753166224,16.85,1.1541095890411,212.45,3.09468317552804,0,-16.0641,4.11759799833194,1.37608385686463,0.451685660266874,1.30108445697626,0.601283991047423,33.3877563865537,51.0347891166449,14.7976986383577,0.969,3.95608738968062,3.43920674799665,0.832442903389189,0.505112958942417
2006-10-03,1.62,309.19,9.95,9.95,837.47,0.5343604346899637,658.41,27.06629,750.88,3.17552224503765,2.27054970568104,0.715016154973943,0.219528466253919,0.207214753166224,16.85,1.1541095890411,212.45,3.09468317552804,0,-16.0641,4.11759799833194,1.37608385686463,0.451685660266874,1.30108445697626,0.601283991047423,33.3877563865537,51.0347891166449,14.7976986383577,0.969,3.95608738968062,3.43920674799665,0.832442903389189,0.505112958942417
2006-10-04,10.66,251.75,12.83,12.83,1024.82,0.8341236053696995,658.41,27.06629,750.88,3.17552224503765,2.27054970568104,0.715016154973943,0.219528466253919,0.207214753166224,16.85,1.1541095890411,212.45,3.09468317552804,0,-16.0641,4.11759799833194,1.37608385686463,0.451685660266874,1.30108445697626,0.601283991047423,33.3877563865537,51.0347891166449,14.7976986383577,0.969,3.95608738968062,3.43920674799665,0.832442903389189,0.505112958942417
2006-10-05,2.69,398.79,10.3,10.3,803.16,1.3424176773918601,658.41,27.06629,750.88,3.17552224503765,2.27054970568104,0.715016154973943,0.219528466253919,0.207214753166224,16.85,1.1541095890411,212.45,3.09468317552804,0,-16.0641,4.11759799833194,1.37608385686463,0.451685660266874,1.30108445697626,0.601283991047423,33.3877563865537,51.0347891166449,14.7976986383577,0.969,3.95608738968062,3.43920674799665,0.832442903389189,0.505112958942417
2006-10-06,0.0,386.75,6.74,6.74,633.86,0.8634482633709779,658.41,27.06629,750.88,3.17552224503765,2.27054970568104,0.715016154973943,0.219528466253919,0.207214753166224,16.85,1.1541095890411,212.45,3.09468317552804,0,-16.0641,4.11759799833194,1.37608385686463,0.451685660266874,1.30108445697626,0.601283991047423,33.3877563865537,51.0347891166449,14.7976986383577,0.969,3.95608738968062,3.43920674799665,0.832442903389189,0.505112958942417
2006-10-07,0.0,404.31,5.57,5.57,574.3,0.7265998593650117,658.41,27.06629,750.88,3.17552224503765,2.27054970568104,0.715016154973943,0.219528466253919,0.207214753166224,16.85,1.1541095890411,212.45,3.09468317552804,0,-16.0641,4.11759799833194,1.37608385686463,0.451685660266874,1.30108445697626,0.601283991047423,33.3877563865537,51.0347891166449,14.7976986383577,0.969,3.95608738968062,3.43920674799665,0.832442903389189,0.505112958942417
2006-10-08,1.07,361.46,6.97,6.97,627.77,0.6614339526955039,658.41,27.06629,750.88,3.17552224503765,2.27054970568104,0.715016154973943,0.219528466253919,0.207214753166224,16.85,1.1541095890411,212.45,3.09468317552804,0,-16.0641,4.11759799833194,1.37608385686463,0.451685660266874,1.30108445697626,0.601283991047423,33.3877563865537,51.0347891166449,14.7976986383577,0.969,3.95608738968062,3.43920674799665,0.832442903389189,0.505112958942417
2006-10-09,0.28,401.18,11.3,11.3,778.91,0.6093012273598977,658.41,27.06629,750.88,3.17552224503765,2.27054970568104,0.715016154973943,0.219528466253919,0.207214753166224,16.85,1.1541095890411,212.45,3.09468317552804,0,-16.0641,4.11759799833194,1.37608385686463,0.451685660266874,1.30108445697626,0.601283991047423,33.3877563865537,51.0347891166449,14.7976986383577,0.969,3.95608738968062,3.43920674799665,0.832442903389189,0.505112958942417
2006-10-10,0.08,347.11,12.9,12.9,839.32,0.5636850926912422,658.41,27.06629,750.88,3.17552224503765,2.27054970568104,0.715016154973943,0.219528466253919,0.207214753166224,16.85,1.1541095890411,212.45,3.09468317552804,0,-16.0641,4.11759799833194,1.37608385686463,0.451685660266874,1.30108445697626,0.601283991047423,33.3877563865537,51.0347891166449,14.7976986383577,0.969,3.95608738968062,3.43920674799665,0.832442903389189,0.505112958942417
2006-10-11,5.04,285.77,12.09,12.09,879.88,0.5376187300234391,658.41,27.06629,750.88,3.17552224503765,2.27054970568104,0.715016154973943,0.219528466253919,0.207214753166224,16.85,1.1541095890411,212.45,3.09468317552804,0,-16.0641,4.11759799833194,1.37608385686463,0.451685660266874,1.30108445697626,0.601283991047423,33.3877563865537,51.0347891166449,14.7976986383577,0.969,3.95608738968062,3.43920674799665,0.832442903389189,0.505112958942417
2006-10-12,1.34,286.35,12.29,12.29,938.88,0.6484007713616023,658.41,27.06629,750.88,3.17552224503765,2.27054970568104,0.715016154973943,0.219528466253919,0.207214753166224,16.85,1.1541095890411,212.45,3.09468317552804,0,-16.0641,4.11759799833194,1.37608385686463,0.451685660266874,1.30108445697626,0.601283991047423,33.3877563865537,51.0347891166449,14.7976986383577,0.969,3.95608738968062,3.43920674799665,0.832442903389189,0.505112958942417
2006-10-13,0.01,362.87,4.93,4.93,576.27,0.5930097506925207,658.41,27.06629,750.88,3.17552224503765,2.27054970568104,0.715016154973943,0.219528466253919,0.207214753166224,16.85,1.1541095890411,212.45,3.09468317552804,0,-16.0641,4.11759799833194,1.37608385686463,0.451685660266874,1.30108445697626,0.601283991047423,33.3877563865537,51.0347891166449,14.7976986383577,0.969,3.95608738968062,3.43920674799665,0.832442903389189,0.505112958942417
2006-10-14,0.67,229.38,3.15,3.15,535.72,0.5213272533560622,658.41,27.06629,750.88,3.17552224503765,2.27054970568104,0.715016154973943,0.219528466253919,0.207214753166224,16.85,1.1541095890411,212.45,3.09468317552804,0,-16.0641,4.11759799833194,1.37608385686463,0.451685660266874,1.30108445697626,0.601283991047423,33.3877563865537,51.0347891166449,14.7976986383577,0.969,3.95608738968062,3.43920674799665,0.832442903389189,0.505112958942417
2006-10-15,0.18,294.38,2.46,2.46,517.29,0.5017774813552098,658.41,27.06629,750.88,3.17552224503765,2.27054970568104,0.715016154973943,0.219528466253919,0.207214753166224,16.85,1.1541095890411,212.45,3.09468317552804,0,-16.0641,4.11759799833194,1.37608385686463,0.451685660266874,1.30108445697626,0.601283991047423,33.3877563865537,51.0347891166449,14.7976986383577,0.969,3.95608738968062,3.43920674799665,0.832442903389189,0.505112958942417
2006-10-16,0.67,271.28,2.25,2.25,475.08,0.45616134668655445,658.41,27.06629,750.88,3.17552224503765,2.27054970568104,0.715016154973943,0.219528466253919,0.207214753166224,16.85,1.1541095890411,212.45,3.09468317552804,0,-16.0641,4.11759799833194,1.37608385686463,0.451685660266874,1.30108445697626,0.601283991047423,33.3877563865537,51.0347891166449,14.7976986383577,0.969,3.95608738968062,3.43920674799665,0.832442903389189,0.505112958942417
2006-10-17,11.94,282.62,4.88,4.88,571.03,0.6549173620285531,658.41,27.06629,750.88,3.17552224503765,2.27054970568104,0.715016154973943,0.219528466253919,0.207214753166224,16.85,1.1541095890411,212.45,3.09468317552804,0,-16.0641,4.11759799833194,1.37608385686463,0.451685660266874,1.30108445697626,0.601283991047423,33.3877563865537,51.0347891166449,14.7976986383577,0.969,3.95608738968062,3.43920674799665,0.832442903389189,0.505112958942417
2006-10-18,5.23,188.37,9.98,9.98,915.97,1.2218607500532708,658.41,27.06629,750.88,3.17552224503765,2.27054970568104,0.715016154973943,0.219528466253919,0.207214753166224,16.85,1.1541095890411,212.45,3.09468317552804,0,-16.0641,4.11759799833194,1.37608385686463,0.451685660266874,1.30108445697626,0.601283991047423,33.3877563865537,51.0347891166449,14.7976986383577,0.969,3.95608738968062,3.43920674799665,0.832442903389189,0.505112958942417
2006-10-19,21.9,148.29,9.33,9.33,926.07,1.0622042787129766,658.41,27.06629,750.88,3.17552224503765,2.27054970568104,0.715016154973943,0.219528466253919,0.207214753166224,16.85,1.1541095890411,212.45,3.09468317552804,0,-16.0641,4.11759799833194,1.37608385686463,0.451685660266874,1.30108445697626,0.601283991047423,33.3877563865537,51.0347891166449,14.7976986383577,0.969,3.95608738968062,3.43920674799665,0.832442903389189,0.505112958942417
2006-10-20,24.41,261.88,8.96,8.96,757.2,9.611971233752396,658.41,27.06629,750.88,3.17552224503765,2.27054970568104,0.715016154973943,0.219528466253919,0.207214753166224,16.85,1.1541095890411,212.45,3.09468317552804,0,-16.0641,4.11759799833194,1.37608385686463,0.451685660266874,1.30108445697626,0.601283991047423,33.3877563865537,51.0347891166449,14.7976986383577,0.969,3.95608738968062,3.43920674799665,0.832442903389189,0.505112958942417
2006-10-21,5.14,179.08,4.86,4.86,628.2,7.494079266993395,658.41,27.06629,750.88,3.17552224503765,2.27054970568104,0.715016154973943,0.219528466253919,0.207214753166224,16.85,1.1541095890411,212.45,3.09468317552804,0,-16.0641,4.11759799833194,1.37608385686463,0.451685660266874,1.30108445697626,0.601283991047423,33.3877563865537,51.0347891166449,14.7976986383577,0.969,3.95608738968062,3.43920674799665,0.832442903389189,0.505112958942417
2006-10-22,1.4,207.93,4.03,4.03,623.39,3.94253735350522,658.41,27.06629,750.88,3.17552224503765,2.27054970568104,0.715016154973943,0.219528466253919,0.207214753166224,16.85,1.1541095890411,212.45,3.09468317552804,0,-16.0641,4.11759799833194,1.37608385686463,0.451685660266874,1.30108445697626,0.601283991047423,33.3877563865537,51.0347891166449,14.7976986383577,0.969,3.95608738968062,3.43920674799665,0.832442903389189,0.505112958942417
2006-10-23,1.26,227.59,5.29,5.29,636.15,3.2908782868101425,658.41,27.06629,750.88,3.17552224503765,2.27054970568104,0.715016154973943,0.219528466253919,0.207214753166224,16.85,1.1541095890411,212.45,3.09468317552804,0,-16.0641,4.11759799833194,1.37608385686463,0.451685660266874,1.30108445697626,0.601283991047423,33.3877563865537,51.0347891166449,14.7976986383577,0.969,3.95608738968062,3.43920674799665,0.832442903389189,0.505112958942417
2006-10-24,0.4,117.39,2.8,2.8,591.55,2.84775012145749,658.41,27.06629,750.88,3.17552224503765,2.27054970568104,0.715016154973943,0.219528466253919,0.207214753166224,16.85,1.1541095890411,212.45,3.09468317552804,0,-16.0641,4.11759799833194,1.37608385686463,0.451685660266874,1.30108445697626,0.601283991047423,33.3877563865537,51.0347891166449,14.7976986383577,0.969,3.95608738968062,3.43920674799665,0.832442903389189,0.505112958942417
2006-10-25,0.07,128.18,1.81,1.81,581.49,2.5219205881099507,658.41,27.06629,750.88,3.17552224503765,2.27054970568104,0.715016154973943,0.219528466253919,0.207214753166224,16.85,1.1541095890411,212.45,3.09468317552804,0,-16.0641,4.11759799833194,1.37608385686463,0.451685660266874,1.30108445697626,0.601283991047423,33.3877563865537,51.0347891166449,14.7976986383577,0.969,3.95608738968062,3.43920674799665,0.832442903389189,0.505112958942417
2006-10-26,0.01,231.09,1.97,1.97,542.21,2.05598435542297,658.41,27.06629,750.88,3.17552224503765,2.27054970568104,0.715016154973943,0.219528466253919,0.207214753166224,16.85,1.1541095890411,212.45,3.09468317552804,0,-16.0641,4.11759799833194,1.37608385686463,0.451685660266874,1.30108445697626,0.601283991047423,33.3877563865537,51.0347891166449,14.7976986383577,0.969,3.95608738968062,3.43920674799665,0.832442903389189,0.505112958942417
2006-10-27,9.96,233.95,0.66,0.66,447.69,1.8246453867462178,658.41,27.06629,750.88,3.17552224503765,2.27054970568104,0.715016154973943,0.219528466253919,0.207214753166224,16.85,1.1541095890411,212.45,3.09468317552804,0,-16.0641,4.11759799833194,1.37608385686463,0.451685660266874,1.30108445697626,0.601283991047423,33.3877563865537,51.0347891166449,14.7976986383577,0.969,3.95608738968062,3.43920674799665,0.832442903389189,0.505112958942417
2006-10-28,14.27,211.53,1.59,1.59,492.09,5.376187300234391,658.41,27.06629,750.88,3.17552224503765,2.27054970568104,0.715016154973943,0.219528466253919,0.207214753166224,16.85,1.1541095890411,212.45,3.09468317552804,0,-16.0641,4.11759799833194,1.37608385686463,0.451685660266874,1.30108445697626,0.601283991047423,33.3877563865537,51.0347891166449,14.7976986383577,0.969,3.95608738968062,3.43920674799665,0.832442903389189,0.505112958942417
2006-10-29,5.23,205.33,3.08,3.08,562.75,5.017774813552099,658.41,27.06629,750.88,3.17552224503765,2.27054970568104,0.715016154973943,0.219528466253919,0.207214753166224,16.85,1.1541095890411,212.45,3.09468317552804,0,-16.0641,4.11759799833194,1.37608385686463,0.451685660266874,1.30108445697626,0.601283991047423,33.3877563865537,51.0347891166449,14.7976986383577,0.969,3.95608738968062,3.43920674799665,0.832442903389189,0.505112958942417
2006-10-30,0.57,250.94,1.27,1.27,504.28,3.8122055401662047,658.41,27.06629,750.88,3.17552224503765,2.27054970568104,0.715016154973943,0.219528466253919,0.207214753166224,16.85,1.1541095890411,212.45,3.09468317552804,0,-16.0641,4.11759799833194,1.37608385686463,0.451685660266874,1.30108445697626,0.601283991047423,33.3877563865537,51.0347891166449,14.7976986383577,0.969,3.95608738968062,3.43920674799665,0.832442903389189,0.505112958942417
2006-10-31,0.13,253.71,4.84,4.84,553.14,3.3886271468144042,658.41,27.06629,750.88,3.17552224503765,2.27054970568104,0.715016154973943,0.219528466253919,0.207214753166224,16.85,1.1541095890411,212.45,3.09468317552804,0,-16.0641,4.11759799833194,1.37608385686463,0.451685660266874,1.30108445697626,0.601283991047423,33.3877563865537,51.0347891166449,14.7976986383577,0.969,3.95608738968062,3.43920674799665,0.832442903389189,0.505112958942417
2006-11-01,0.16,296.29,7.95,7.95,608.69,2.8216837587896864,658.41,27.06629,750.88,3.17552224503765,2.27054970568104,0.715016154973943,0.219528466253919,0.207214753166224,16.85,1.1541095890411,212.45,3.09468317552804,0,-16.0641,4.11759799833194,1.37608385686463,0.451685660266874,1.30108445697626,0.601283991047423,33.3877563865537,51.0347891166449,14.7976986383577,0.969,3.95608738968062,3.43920674799665,0.832442903389189,0.505112958942417
2006-11-02,0.51,238.95,6.3,6.3,540.11,2.4046219561048368,658.41,27.06629,750.88,3.17552224503765,2.27054970568104,0.715016154973943,0.219528466253919,0.207214753166224,16.85,1.1541095890411,212.45,3.09468317552804,0,-16.0641,4.11759799833194,1.37608385686463,0.451685660266874,1.30108445697626,0.601283991047423,33.3877563865537,51.0347891166449,14.7976986383577,0.969,3.95608738968062,3.43920674799665,0.832442903389189,0.505112958942417
2006-11-03,0.46,180.58,1.97,1.97,466.2,2.1016004900916254,658.41,27.06629,750.88,3.17552224503765,2.27054970568104,0.715016154973943,0.219528466253919,0.207214753166224,16.85,1.1541095890411,212.45,3.09468317552804,0,-16.0641,4.11759799833194,1.37608385686463,0.451685660266874,1.30108445697626,0.601283991047423,33.3877563865537,51.0347891166449,14.7976986383577,0.969,3.95608738968062,3.43920674799665,0.832442903389189,0.505112958942417
2006-11-04,0.09,180.94,-1.0,-1.0,435.57,1.8800364074152993,658.41,27.06629,750.88,3.17552224503765,2.27054970568104,0.715016154973943,0.219528466253919,0.207214753166224,16.85,1.1541095890411,212.45,3.09468317552804,0,-16.0641,4.11759799833194,1.37608385686463,0.451685660266874,1.30108445697626,0.601283991047423,33.3877563865537,51.0347891166449,14.7976986383577,0.969,3.95608738968062,3.43920674799665,0.832442903389189,0.505112958942417
2006-11-05,0.0,190.54,-0.13,-0.13,472.35,1.6910552780737267,658.41,27.06629,750.88,3.17552224503765,2.27054970568104,0.715016154973943,0.219528466253919,0.207214753166224,16.85,1.1541095890411,212.45,3.09468317552804,0,-16.0641,4.11759799833194,1.37608385686463,0.451685660266874,1.30108445697626,0.601283991047423,33.3877563865537,51.0347891166449,14.7976986383577,0.969,3.95608738968062,3.43920674799665,0.832442903389189,0.505112958942417
2006-11-06,0.0,297.65,1.33,1.33,477.8,1.5151073300660556,658.41,27.06629,750.88,3.17552224503765,2.27054970568104,0.715016154973943,0.219528466253919,0.207214753166224,16.85,1.1541095890411,212.45,3.09468317552804,0,-16.0641,4.11759799833194,1.37608385686463,0.451685660266874,1.30108445697626,0.601283991047423,33.3877563865537,51.0347891166449,14.7976986383577,0.969,3.95608738968062,3.43920674799665,0.832442903389189,0.505112958942417
2006-11-07,2.74,220.26,6.12,6.12,644.56,1.3945504027274664,658.41,27.06629,750.88,3.17552224503765,2.27054970568104,0.715016154973943,0.219528466253919,0.207214753166224,16.85,1.1541095890411,212.45,3.09468317552804,0,-16.0641,4.11759799833194,1.37608385686463,0.451685660266874,1.30108445697626,0.601283991047423,33.3877563865537,51.0347891166449,14.7976986383577,0.969,3.95608738968062,3.43920674799665,0.832442903389189,0.505112958942417
2006-11-08,0.88,126.19,7.65,7.65,821.7,1.4662329000639247,658.41,27.06629,750.88,3.17552224503765,2.27054970568104,0.715016154973943,0.219528466253919,0.207214753166224,16.85,1.1541095890411,212.45,3.09468317552804,0,-16.0641,4.11759799833194,1.37608385686463,0.451685660266874,1.30108445697626,0.601283991047423,33.3877563865537,51.0347891166449,14.7976986383577,0.969,3.95608738968062,3.43920674799665,0.832442903389189,0.505112958942417
2006-11-09,0.04,172.25,8.83,8.83,921.91,1.3554508587257617,658.41,27.06629,750.88,3.17552224503765,2.27054970568104,0.715016154973943,0.219528466253919,0.207214753166224,16.85,1.1541095890411,212.45,3.09468317552804,0,-16.0641,4.11759799833194,1.37608385686463,0.451685660266874,1.30108445697626,0.601283991047423,33.3877563865537,51.0347891166449,14.7976986383577,0.969,3.95608738968062,3.43920674799665,0.832442903389189,0.505112958942417
2006-11-10,0.01,276.33,9.18,9.18,805.82,1.1892777967185169,658.41,27.06629,750.88,3.17552224503765,2.27054970568104,0.715016154973943,0.219528466253919,0.207214753166224,16.85,1.1541095890411,212.45,3.09468317552804,0,-16.0641,4.11759799833194,1.37608385686463,0.451685660266874,1.30108445697626,0.601283991047423,33.3877563865537,51.0347891166449,14.7976986383577,0.969,3.95608738968062,3.43920674799665,0.832442903389189,0.505112958942417
2006-11-11,6.79,211.33,8.33,8.33,713.93,1.1957943873854677,658.41,27.06629,750.88,3.17552224503765,2.27054970568104,0.715016154973943,0.219528466253919,0.207214753166224,16.85,1.1541095890411,212.45,3.09468317552804,0,-16.0641,4.11759799833194,1.37608385686463,0.451685660266874,1.30108445697626,0.601283991047423,33.3877563865537,51.0347891166449,14.7976986383577,0.969,3.95608738968062,3.43920674799665,0.832442903389189,0.505112958942417
2006-11-12,2.83,208.5,7.27,7.27,664.92,2.6294443341146385,658.41,27.06629,750.88,3.17552224503765,2.27054970568104,0.715016154973943,0.219528466253919,0.207214753166224,16.85,1.1541095890411,212.45,3.09468317552804,0,-16.0641,4.11759799833194,1.37608385686463,0.451685660266874,1.30108445697626,0.601283991047423,33.3877563865537,51.0347891166449,14.7976986383577,0.969,3.95608738968062,3.43920674799665,0.832442903389189,0.505112958942417
2006-11-13,1.49,38.45,3.18,3.18,628.66,1.837678568080119,658.41,27.06629,750.88,3.17552224503765,2.27054970568104,0.715016154973943,0.219528466253919,0.207214753166224,16.85,1.1541095890411,212.45,3.09468317552804,0,-16.0641,4.11759799833194,1.37608385686463,0.451685660266874,1.30108445697626,0.601283991047423,33.3877563865537,51.0347891166449,14.7976986383577,0.969,3.95608738968062,3.43920674799665,0.832442903389189,0.505112958942417
2006-11-14,1.32,120.13,3.13,3.13,658.86,1.7855458427445128,658.41,27.06629,750.88,3.17552224503765,2.27054970568104,0.715016154973943,0.219528466253919,0.207214753166224,16.85,1.1541095890411,212.45,3.09468317552804,0,-16.0641,4.11759799833194,1.37608385686463,0.451685660266874,1.30108445697626,0.601283991047423,33.3877563865537,51.0347891166449,14.7976986383577,0.969,3.95608738968062,3.43920674799665,0.832442903389189,0.505112958942417
2006-11-15,3.07,141.29,4.07,4.07,675.11,1.7301548220754313,658.41,27.06629,750.88,3.17552224503765,2.27054970568104,0.715016154973943,0.219528466253919,0.207214753166224,16.85,1.1541095890411,212.45,3.09468317552804,0,-16.0641,4.11759799833194,1.37608385686463,0.451685660266874,1.30108445697626,0.601283991047423,33.3877563865537,51.0347891166449,14.7976986383577,0.969,3.95608738968062,3.43920674799665,0.832442903389189,0.505112958942417
2006-11-16,27.09,179.5,6.41,6.41,762.01,7.494079266993395,658.41,27.06629,750.88,3.17552224503765,2.27054970568104,0.715016154973943,0.219528466253919,0.207214753166224,16.85,1.1541095890411,212.45,3.09468317552804,0,-16.0641,4.11759799833194,1.37608385686463,0.451685660266874,1.30108445697626,0.601283991047423,33.3877563865537,51.0347891166449,14.7976986383577,0.969,3.95608738968062,3.43920674799665,0.832442903389189,0.505112958942417
2006-11-17,7.43,170.85,9.5,9.5,869.28,11.241118900490092,658.41,27.06629,750.88,3.17552224503765,2.27054970568104,0.715016154973943,0.219528466253919,0.207214753166224,16.85,1.1541095890411,212.45,3.09468317552804,0,-16.0641,4.11759799833194,1.37608385686463,0.451685660266874,1.30108445697626,0.601283991047423,33.3877563865537,51.0347891166449,14.7976986383577,0.969,3.95608738968062,3.43920674799665,0.832442903389189,0.505112958942417
2006-11-18,0.13,196.43,4.47,4.47,646.21,5.376187300234391,658.41,27.06629,750.88,3.17552224503765,2.27054970568104,0.715016154973943,0.219528466253919,0.207214753166224,16.85,1.1541095890411,212.45,3.09468317552804,0,-16.0641,4.11759799833194,1.37608385686463,0.451685660266874,1.30108445697626,0.601283991047423,33.3877563865537,51.0347891166449,14.7976986383577,0.969,3.95608738968062,3.43920674799665,0.832442903389189,0.505112958942417
2006-11-19,0.0,147.03,2.38,2.38,580.46,3.8773714468357126,658.41,27.06629,750.88,3.17552224503765,2.27054970568104,0.715016154973943,0.219528466253919,0.207214753166224,16.85,1.1541095890411,212.45,3.09468317552804,0,-16.0641,4.11759799833194,1.37608385686463,0.451685660266874,1.30108445697626,0.601283991047423,33.3877563865537,51.0347891166449,14.7976986383577,0.969,3.95608738968062,3.43920674799665,0.832442903389189,0.505112958942417
2006-11-20,0.01,124.77,-0.08,-0.08,487.7,3.0530227274664394,658.41,27.06629,750.88,3.17552224503765,2.27054970568104,0.715016154973943,0.219528466253919,0.207214753166224,16.85,1.1541095890411,212.45,3.09468317552804,0,-16.0641,4.11759799833194,1.37608385686463,0.451685660266874,1.30108445697626,0.601283991047423,33.3877563865537,51.0347891166449,14.7976986383577,0.969,3.95608738968062,3.43920674799665,0.832442903389189,0.505112958942417
2006-11-21,0.0,159.41,-2.82,-2.82,384.3,2.4665295674408694,658.41,27.06629,750.88,3.17552224503765,2.27054970568104,0.715016154973943,0.219528466253919,0.207214753166224,16.85,1.1541095890411,212.45,3.09468317552804,0,-16.0641,4.11759799833194,1.37608385686463,0.451685660266874,1.30108445697626,0.601283991047423,33.3877563865537,51.0347891166449,14.7976986383577,0.969,3.95608738968062,3.43920674799665,0.832442903389189,0.505112958942417
2006-11-22,0.0,254.72,-3.33,-3.33,325.76,2.085309013424249,658.41,27.06629,750.88,3.17552224503765,2.27054970568104,0.715016154973943,0.219528466253919,0.207214753166224,16.85,1.1541095890411,212.45,3.09468317552804,0,-16.0641,4.11759799833194,1.37608385686463,0.451685660266874,1.30108445697626,0.601283991047423,33.3877563865537,51.0347891166449,14.7976986383577,0.969,3.95608738968062,3.43920674799665,0.832442903389189,0.505112958942417
2006-11-23,0.01,258.71,-1.27,-1.27,334.19,1.8474534540805454,658.41,27.06629,750.88,3.17552224503765,2.27054970568104,0.715016154973943,0.219528466253919,0.207214753166224,16.85,1.1541095890411,212.45,3.09468317552804,0,-16.0641,4.11759799833194,1.37608385686463,0.451685660266874,1.30108445697626,0.601283991047423,33.3877563865537,51.0347891166449,14.7976986383577,0.969,3.95608738968062,3.43920674799665,0.832442903389189,0.505112958942417
2006-11-24,0.0,277.35,0.67,0.67,370.57,1.6454391434050712,658.41,27.06629,750.88,3.17552224503765,2.27054970568104,0.715016154973943,0.219528466253919,0.207214753166224,16.85,1.1541095890411,212.45,3.09468317552804,0,-16.0641,4.11759799833194,1.37608385686463,0.451685660266874,1.30108445697626,0.601283991047423,33.3877563865537,51.0347891166449,14.7976986383577,0.969,3.95608738968062,3.43920674799665,0.832442903389189,0.505112958942417
2006-11-25,0.0,272.77,1.76,1.76,411.26,1.485782672064777,658.41,27.06629,750.88,3.17552224503765,2.27054970568104,0.715016154973943,0.219528466253919,0.207214753166224,16.85,1.1541095890411,212.45,3.09468317552804,0,-16.0641,4.11759799833194,1.37608385686463,0.451685660266874,1.30108445697626,0.601283991047423,33.3877563865537,51.0347891166449,14.7976986383577,0.969,3.95608738968062,3.43920674799665,0.832442903389189,0.505112958942417
2006-11-26,0.0,260.88,4.71,4.71,499.53,1.358709154059237,658.41,27.06629,750.88,3.17552224503765,2.27054970568104,0.715016154973943,0.219528466253919,0.207214753166224,16.85,1.1541095890411,212.45,3.09468317552804,0,-16.0641,4.11759799833194,1.37608385686463,0.451685660266874,1.30108445697626,0.601283991047423,33.3877563865537,51.0347891166449,14.7976986383577,0.969,3.95608738968062,3.43920674799665,0.832442903389189,0.505112958942417
2006-11-27,0.0,249.02,8.19,8.19,664.96,1.2316356360536969,658.41,27.06629,750.88,3.17552224503765,2.27054970568104,0.715016154973943,0.219528466253919,0.207214753166224,16.85,1.1541095890411,212.45,3.09468317552804,0,-16.0641,4.11759799833194,1.37608385686463,0.451685660266874,1.30108445697626,0.601283991047423,33.3877563865537,51.0347891166449,14.7976986383577,0.969,3.95608738968062,3.43920674799665,0.832442903389189,0.505112958942417
2006-11-28,0.0,232.74,8.04,8.04,723.75,1.1273701853824845,658.41,27.06629,750.88,3.17552224503765,2.27054970568104,0.715016154973943,0.219528466253919,0.207214753166224,16.85,1.1541095890411,212.45,3.09468317552804,0,-16.0641,4.11759799833194,1.37608385686463,0.451685660266874,1.30108445697626,0.601283991047423,33.3877563865537,51.0347891166449,14.7976986383577,0.969,3.95608738968062,3.43920674799665,0.832442903389189,0.505112958942417
2006-11-29,0.0,213.18,8.53,8.53,830.62,1.0426545067121245,658.41,27.06629,750.88,3.17552224503765,2.27054970568104,0.715016154973943,0.219528466253919,0.207214753166224,16.85,1.1541095890411,212.45,3.09468317552804,0,-16.0641,4.11759799833194,1.37608385686463,0.451685660266874,1.30108445697626,0.601283991047423,33.3877563865537,51.0347891166449,14.7976986383577,0.969,3.95608738968062,3.43920674799665,0.832442903389189,0.505112958942417
2006-11-30,5.74,121.98,11.44,11.44,1042.99,0.9970383720434689,658.41,27.06629,750.88,3.17552224503765,2.27054970568104,0.715016154973943,0.219528466253919,0.207214753166224,16.85,1.1541095890411,212.45,3.09468317552804,0,-16.0641,4.11759799833194,1.37608385686463,0.451685660266874,1.30108445697626,0.601283991047423,33.3877563865537,51.0347891166449,14.7976986383577,0.969,3.95608738968062,3.43920674799665,0.832442903389189,0.505112958942417
2006-12-01,9.79,169.87,10.04,10.04,860.75,2.4274300234391646,658.41,27.06629,750.88,3.17552224503765,2.27054970568104,0.715016154973943,0.219528466253919,0.207214753166224,16.85,1.1541095890411,212.45,3.09468317552804,0,-16.0641,4.11759799833194,1.37608385686463,0.451685660266874,1.30108445697626,0.601283991047423,33.3877563865537,51.0347891166449,14.7976986383577,0.969,3.95608738968062,3.43920674799665,0.832442903389189,0.505112958942417
2006-12-02,2.19,231.99,6.95,6.95,591.92,2.3427143447688046,658.41,27.06629,750.88,3.17552224503765,2.27054970568104,0.715016154973943,0.219528466253919,0.207214753166224,16.85,1.1541095890411,212.45,3.09468317552804,0,-16.0641,4.11759799833194,1.37608385686463,0.451685660266874,1.30108445697626,0.601283991047423,33.3877563865537,51.0347891166449,14.7976986383577,0.969,3.95608738968062,3.43920674799665,0.832442903389189,0.505112958942417
2006-12-03,1.98,164.62,-0.95,-0.95,386.7,1.5411736927338586,658.41,27.06629,750.88,3.17552224503765,2.27054970568104,0.715016154973943,0.219528466253919,0.207214753166224,16.85,1.1541095890411,212.45,3.09468317552804,0,-16.0641,4.11759799833194,1.37608385686463,0.451685660266874,1.30108445697626,0.601283991047423,33.3877563865537,51.0347891166449,14.7976986383577,0.969,3.95608738968062,3.43920674799665,0.832442903389189,0.505112958942417
2006-12-04,1.19,202.57,-2.38,-2.38,346.8,1.4401665373961219,658.41,27.06629,750.88,3.17552224503765,2.27054970568104,0.715016154973943,0.219528466253919,0.207214753166224,16.85,1.1541095890411,212.45,3.09468317552804,0,-16.0641,4.11759799833194,1.37608385686463,0.451685660266874,1.30108445697626,0.601283991047423,33.3877563865537,51.0347891166449,14.7976986383577,0.969,3.95608738968062,3.43920674799665,0.832442903389189,0.505112958942417
2006-12-05,0.18,189.59,-5.4,-5.4,292.03,1.3359010867249093,658.41,27.06629,750.88,3.17552224503765,2.27054970568104,0.715016154973943,0.219528466253919,0.207214753166224,16.85,1.1541095890411,212.45,3.09468317552804,0,-16.0641,4.11759799833194,1.37608385686463,0.451685660266874,1.30108445697626,0.601283991047423,33.3877563865537,51.0347891166449,14.7976986383577,0.969,3.95608738968062,3.43920674799665,0.832442903389189,0.505112958942417
2006-12-06,0.28,124.86,-5.22,-5.22,337.86,1.2511854080545493,658.41,27.06629,750.88,3.17552224503765,2.27054970568104,0.715016154973943,0.219528466253919,0.207214753166224,16.85,1.1541095890411,212.45,3.09468317552804,0,-16.0641,4.11759799833194,1.37608385686463,0.451685660266874,1.30108445697626,0.601283991047423,33.3877563865537,51.0347891166449,14.7976986383577,0.969,3.95608738968062,3.43920674799665,0.832442903389189,0.505112958942417
2006-12-07,2.41,191.32,-0.73,-0.73,408.58,1.3033181333901556,658.41,27.06629,750.88,3.17552224503765,2.27054970568104,0.715016154973943,0.219528466253919,0.207214753166224,16.85,1.1541095890411,212.45,3.09468317552804,0,-16.0641,4.11759799833194,1.37608385686463,0.451685660266874,1.30108445697626,0.601283991047423,33.3877563865537,51.0347891166449,14.7976986383577,0.969,3.95608738968062,3.43920674799665,0.832442903389189,0.505112958942417
2006-12-08,0.64,257.54,-7.3,-7.3,214.11,1.0589459833795014,658.41,27.06629,750.88,3.17552224503765,2.27054970568104,0.715016154973943,0.219528466253919,0.207214753166224,16.85,1.1541095890411,212.45,3.09468317552804,0,-16.0641,4.11759799833194,1.37608385686463,0.451685660266874,1.30108445697626,0.601283991047423,33.3877563865537,51.0347891166449,14.7976986383577,0.969,3.95608738968062,3.43920674799665,0.832442903389189,0.505112958942417
2006-12-09,0.01,192.73,-8.2,-8.2,230.79,1.0263630300447473,658.41,27.06629,750.88,3.17552224503765,2.27054970568104,0.715016154973943,0.219528466253919,0.207214753166224,16.85,1.1541095890411,212.45,3.09468317552804,0,-16.0641,4.11759799833194,1.37608385686463,0.451685660266874,1.30108445697626,0.601283991047423,33.3877563865537,51.0347891166449,14.7976986383577,0.969,3.95608738968062,3.43920674799665,0.832442903389189,0.505112958942417
2006-12-10,0.0,252.52,-4.0,-4.0,341.5,1.0426545067121245,658.41,27.06629,750.88,3.17552224503765,2.27054970568104,0.715016154973943,0.219528466253919,0.207214753166224,16.85,1.1541095890411,212.45,3.09468317552804,0,-16.0641,4.11759799833194,1.37608385686463,0.451685660266874,1.30108445697626,0.601283991047423,33.3877563865537,51.0347891166449,14.7976986383577,0.969,3.95608738968062,3.43920674799665,0.832442903389189,0.505112958942417
2006-12-11,0.16,188.33,1.99,1.99,513.77,1.0524293927125505,658.41,27.06629,750.88,3.17552224503765,2.27054970568104,0.715016154973943,0.219528466253919,0.207214753166224,16.85,1.1541095890411,212.45,3.09468317552804,0,-16.0641,4.11759799833194,1.37608385686463,0.451685660266874,1.30108445697626,0.601283991047423,33.3877563865537,51.0347891166449,14.7976986383577,0.969,3.95608738968062,3.43920674799665,0.832442903389189,0.505112958942417
2006-12-12,1.38,131.02,2.73,2.73,583.02,1.0947872320477305,658.41,27.06629,750.88,3.17552224503765,2.27054970568104,0.715016154973943,0.219528466253919,0.207214753166224,16.85,1.1541095890411,212.45,3.09468317552804,0,-16.0641,4.11759799833194,1.37608385686463,0.451685660266874,1.30108445697626,0.601283991047423,33.3877563865537,51.0347891166449,14.7976986383577,0.969,3.95608738968062,3.43920674799665,0.832442903389189,0.505112958942417
2006-12-13,0.35,205.64,5.53,5.53,663.44,1.0850123460473045,658.41,27.06629,750.88,3.17552224503765,2.27054970568104,0.715016154973943,0.219528466253919,0.207214753166224,16.85,1.1541095890411,212.45,3.09468317552804,0,-16.0641,4.11759799833194,1.37608385686463,0.451685660266874,1.30108445697626,0.601283991047423,33.3877563865537,51.0347891166449,14.7976986383577,0.969,3.95608738968062,3.43920674799665,0.832442903389189,0.505112958942417
2006-12-14,0.0,220.68,4.34,4.34,589.88,1.0133298487108457,658.41,27.06629,750.88,3.17552224503765,2.27054970568104,0.715016154973943,0.219528466253919,0.207214753166224,16.85,1.1541095890411,212.45,3.09468317552804,0,-16.0641,4.11759799833194,1.37608385686463,0.451685660266874,1.30108445697626,0.601283991047423,33.3877563865537,51.0347891166449,14.7976986383577,0.969,3.95608738968062,3.43920674799665,0.832442903389189,0.505112958942417
2006-12-15,0.17,148.38,6.08,6.08,676.2,0.9546805327082889,658.41,27.06629,750.88,3.17552224503765,2.27054970568104,0.715016154973943,0.219528466253919,0.207214753166224,16.85,1.1541095890411,212.45,3.09468317552804,0,-16.0641,4.11759799833194,1.37608385686463,0.451685660266874,1.30108445697626,0.601283991047423,33.3877563865537,51.0347891166449,14.7976986383577,0.969,3.95608738968062,3.43920674799665,0.832442903389189,0.505112958942417
2006-12-16,0.04,201.95,5.02,5.02,640.48,0.9090643980396335,658.41,27.06629,750.88,3.17552224503765,2.27054970568104,0.715016154973943,0.219528466253919,0.207214753166224,16.85,1.1541095890411,212.45,3.09468317552804,0,-16.0641,4.11759799833194,1.37608385686463,0.451685660266874,1.30108445697626,0.601283991047423,33.3877563865537,51.0347891166449,14.7976986383577,0.969,3.95608738968062,3.43920674799665,0.832442903389189,0.505112958942417
2006-12-17,0.67,131.99,5.41,5.41,692.28,0.8504150820370764,658.41,27.06629,750.88,3.17552224503765,2.27054970568104,0.715016154973943,0.219528466253919,0.207214753166224,16.85,1.1541095890411,212.45,3.09468317552804,0,-16.0641,4.11759799833194,1.37608385686463,0.451685660266874,1.30108445697626,0.601283991047423,33.3877563865537,51.0347891166449,14.7976986383577,0.969,3.95608738968062,3.43920674799665,0.832442903389189,0.505112958942417
2006-12-18,0.18,174.39,6.59,6.59,723.76,0.8634482633709779,658.41,27.06629,750.88,3.17552224503765,2.27054970568104,0.715016154973943,0.219528466253919,0.207214753166224,16.85,1.1541095890411,212.45,3.09468317552804,0,-16.0641,4.11759799833194,1.37608385686463,0.451685660266874,1.30108445697626,0.601283991047423,33.3877563865537,51.0347891166449,14.7976986383577,0.969,3.95608738968062,3.43920674799665,0.832442903389189,0.505112958942417
2006-12-19,0.0,205.15,2.87,2.87,515.76,0.8210904240357979,658.41,27.06629,750.88,3.17552224503765,2.27054970568104,0.715016154973943,0.219528466253919,0.207214753166224,16.85,1.1541095890411,212.45,3.09468317552804,0,-16.0641,4.11759799833194,1.37608385686463,0.451685660266874,1.30108445697626,0.601283991047423,33.3877563865537,51.0347891166449,14.7976986383577,0.969,3.95608738968062,3.43920674799665,0.832442903389189,0.505112958942417
2006-12-20,0.0,198.3,-2.04,-2.04,376.31,0.7559245173662902,658.41,27.06629,750.88,3.17552224503765,2.27054970568104,0.715016154973943,0.219528466253919,0.207214753166224,16.85,1.1541095890411,212.45,3.09468317552804,0,-16.0641,4.11759799833194,1.37608385686463,0.451685660266874,1.30108445697626,0.601283991047423,33.3877563865537,51.0347891166449,14.7976986383577,0.969,3.95608738968062,3.43920674799665,0.832442903389189,0.505112958942417
2006-12-21,1.46,144.19,1.28,1.28,494.16,0.7331164500319624,658.41,27.06629,750.88,3.17552224503765,2.27054970568104,0.715016154973943,0.219528466253919,0.207214753166224,16.85,1.1541095890411,212.45,3.09468317552804,0,-16.0641,4.11759799833194,1.37608385686463,0.451685660266874,1.30108445697626,0.601283991047423,33.3877563865537,51.0347891166449,14.7976986383577,0.969,3.95608738968062,3.43920674799665,0.832442903389189,0.505112958942417
2006-12-22,6.98,151.44,2.46,2.46,539.8,0.7885074707010441,658.41,27.06629,750.88,3.17552224503765,2.27054970568104,0.715016154973943,0.219528466253919,0.207214753166224,16.85,1.1541095890411,212.45,3.09468317552804,0,-16.0641,4.11759799833194,1.37608385686463,0.451685660266874,1.30108445697626,0.601283991047423,33.3877563865537,51.0347891166449,14.7976986383577,0.969,3.95608738968062,3.43920674799665,0.832442903389189,0.505112958942417
2006-12-23,1.99,106.65,4.25,4.25,648.02,1.2772517707223523,658.41,27.06629,750.88,3.17552224503765,2.27054970568104,0.715016154973943,0.219528466253919,0.207214753166224,16.85,1.1541095890411,212.45,3.09468317552804,0,-16.0641,4.11759799833194,1.37608385686463,0.451685660266874,1.30108445697626,0.601283991047423,33.3877563865537,51.0347891166449,14.7976986383577,0.969,3.95608738968062,3.43920674799665,0.832442903389189,0.505112958942417
2006-12-24,0.14,126.93,3.29,3.29,608.26,0.9970383720434689,658.41,27.06629,750.88,3.17552224503765,2.27054970568104,0.715016154973943,0.219528466253919,0.207214753166224,16.85,1.1541095890411,212.45,3.09468317552804,0,-16.0641,4.11759799833194,1.37608385686463,0.451685660266874,1.30108445697626,0.601283991047423,33.3877563865537,51.0347891166449,14.7976986383577,0.969,3.95608738968062,3.43920674799665,0.832442903389189,0.505112958942417
2006-12-25,13.29,143.45,1.43,1.43,514.85,1.0263630300447473,658.41,27.06629,750.88,3.17552224503765,2.27054970568104,0.715016154973943,0.219528466253919,0.207214753166224,16.85,1.1541095890411,212.45,3.09468317552804,0,-16.0641,4.11759799833194,1.37608385686463,0.451685660266874,1.30108445697626,0.601283991047423,33.3877563865537,51.0347891166449,14.7976986383577,0.969,3.95608738968062,3.43920674799665,0.832442903389189,0.505112958942417
2006-12-26,5.36,113.68,1.57,1.57,531.38,3.3234612401448964,658.41,27.06629,750.88,3.17552224503765,2.27054970568104,0.715016154973943,0.219528466253919,0.207214753166224,16.85,1.1541095890411,212.45,3.09468317552804,0,-16.0641,4.11759799833194,1.37608385686463,0.451685660266874,1.30108445697626,0.601283991047423,33.3877563865537,51.0347891166449,14.7976986383577,0.969,3.95608738968062,3.43920674799665,0.832442903389189,0.505112958942417
2006-12-27,0.56,94.03,0.02,0.02,493.34,2.18305787342851,658.41,27.06629,750.88,3.17552224503765,2.27054970568104,0.715016154973943,0.219528466253919,0.207214753166224,16.85,1.1541095890411,212.45,3.09468317552804,0,-16.0641,4.11759799833194,1.37608385686463,0.451685660266874,1.30108445697626,0.601283991047423,33.3877563865537,51.0347891166449,14.7976986383577,0.969,3.95608738968062,3.43920674799665,0.832442903389189,0.505112958942417
2006-12-28,0.05,113.64,-1.57,-1.57,441.85,1.8344202727466437,658.41,27.06629,750.88,3.17552224503765,2.27054970568104,0.715016154973943,0.219528466253919,0.207214753166224,16.85,1.1541095890411,212.45,3.09468317552804,0,-16.0641,4.11759799833194,1.37608385686463,0.451685660266874,1.30108445697626,0.601283991047423,33.3877563865537,51.0347891166449,14.7976986383577,0.969,3.95608738968062,3.43920674799665,0.832442903389189,0.505112958942417
2006-12-29,0.01,159.25,-0.98,-0.98,445.69,1.7203799360750052,658.41,27.06629,750.88,3.17552224503765,2.27054970568104,0.715016154973943,0.219528466253919,0.207214753166224,16.85,1.1541095890411,212.45,3.09468317552804,0,-16.0641,4.11759799833194,1.37608385686463,0.451685660266874,1.30108445697626,0.601283991047423,33.3877563865537,51.0347891166449,14.7976986383577,0.969,3.95608738968062,3.43920674799665,0.832442903389189,0.505112958942417
2006-12-30,0.0,121.11,-1.55,-1.55,437.26,1.5770149414020882,658.41,27.06629,750.88,3.17552224503765,2.27054970568104,0.715016154973943,0.219528466253919,0.207214753166224,16.85,1.1541095890411,212.45,3.09468317552804,0,-16.0641,4.11759799833194,1.37608385686463,0.451685660266874,1.30108445697626,0.601283991047423,33.3877563865537,51.0347891166449,14.7976986383577,0.969,3.95608738968062,3.43920674799665,0.832442903389189,0.505112958942417
2006-12-31,0.42,145.61,-0.6,-0.6,452.25,1.4890409673982525,658.41,27.06629,750.88,3.17552224503765,2.27054970568104,0.715016154973943,0.219528466253919,0.207214753166224,16.85,1.1541095890411,212.45,3.09468317552804,0,-16.0641,4.11759799833194,1.37608385686463,0.451685660266874,1.30108445697626,0.601283991047423,33.3877563865537,51.0347891166449,14.7976986383577,0.969,3.95608738968062,3.43920674799665,0.832442903389189,0.505112958942417
2007-01-01,0.64,164.62,1.03,1.03,477.82,1.6258893714042189,658.41,27.06629,750.88,3.17552224503765,2.27054970568104,0.715016154973943,0.219528466253919,0.207214753166224,16.85,1.1541095890411,212.45,3.09468317552804,0,-16.0641,4.11759799833194,1.37608385686463,0.451685660266874,1.30108445697626,0.601283991047423,33.3877563865537,51.0347891166449,14.7976986383577,0.969,3.95608738968062,3.43920674799665,0.832442903389189,0.505112958942417
2007-01-02,0.14,230.87,2.52,2.52,488.03,1.4922992627317277,658.41,27.06629,750.88,3.17552224503765,2.27054970568104,0.715016154973943,0.219528466253919,0.207214753166224,16.85,1.1541095890411,212.45,3.09468317552804,0,-16.0641,4.11759799833194,1.37608385686463,0.451685660266874,1.30108445697626,0.601283991047423,33.3877563865537,51.0347891166449,14.7976986383577,0.969,3.95608738968062,3.43920674799665,0.832442903389189,0.505112958942417
2007-01-03,0.0,203.76,0.1,0.1,456.69,1.283768361389303,658.41,27.06629,750.88,3.17552224503765,2.27054970568104,0.715016154973943,0.219528466253919,0.207214753166224,16.85,1.1541095890411,212.45,3.09468317552804,0,-16.0641,4.11759799833194,1.37608385686463,0.451685660266874,1.30108445697626,0.601283991047423,33.3877563865537,51.0347891166449,14.7976986383577,0.969,3.95608738968062,3.43920674799665,0.832442903389189,0.505112958942417
2007-01-04,1.68,148.23,3.81,3.81,652.56,1.2120858640528445,658.41,27.06629,750.88,3.17552224503765,2.27054970568104,0.715016154973943,0.219528466253919,0.207214753166224,16.85,1.1541095890411,212.45,3.09468317552804,0,-16.0641,4.11759799833194,1.37608385686463,0.451685660266874,1.30108445697626,0.601283991047423,33.3877563865537,51.0347891166449,14.7976986383577,0.969,3.95608738968062,3.43920674799665,0.832442903389189,0.505112958942417
2007-01-05,17.34,132.28,8.04,8.04,880.18,1.508590739399105,658.41,27.06629,750.88,3.17552224503765,2.27054970568104,0.715016154973943,0.219528466253919,0.207214753166224,16.85,1.1541095890411,212.45,3.09468317552804,0,-16.0641,4.11759799833194,1.37608385686463,0.451685660266874,1.30108445697626,0.601283991047423,33.3877563865537,51.0347891166449,14.7976986383577,0.969,3.95608738968062,3.43920674799665,0.832442903389189,0.505112958942417
2007-01-06,5.83,107.73,10.16,10.16,976.7,5.343604346899637,658.41,27.06629,750.88,3.17552224503765,2.27054970568104,0.715016154973943,0.219528466253919,0.207214753166224,16.85,1.1541095890411,212.45,3.09468317552804,0,-16.0641,4.11759799833194,1.37608385686463,0.451685660266874,1.30108445697626,0.601283991047423,33.3877563865537,51.0347891166449,14.7976986383577,0.969,3.95608738968062,3.43920674799665,0.832442903389189,0.505112958942417
2007-01-07,6.53,179.42,5.54,5.54,636.91,2.798875691455359,658.41,27.06629,750.88,3.17552224503765,2.27054970568104,0.715016154973943,0.219528466253919,0.207214753166224,16.85,1.1541095890411,212.45,3.09468317552804,0,-16.0641,4.11759799833194,1.37608385686463,0.451685660266874,1.30108445697626,0.601283991047423,33.3877563865537,51.0347891166449,14.7976986383577,0.969,3.95608738968062,3.43920674799665,0.832442903389189,0.505112958942417
2007-01-08,3.52,135.66,2.66,2.66,527.47,4.138035073513744,658.41,27.06629,750.88,3.17552224503765,2.27054970568104,0.715016154973943,0.219528466253919,0.207214753166224,16.85,1.1541095890411,212.45,3.09468317552804,0,-16.0641,4.11759799833194,1.37608385686463,0.451685660266874,1.30108445697626,0.601283991047423,33.3877563865537,51.0347891166449,14.7976986383577,0.969,3.95608738968062,3.43920674799665,0.832442903389189,0.505112958942417
2007-01-09,1.71,218.81,-1.49,-1.49,367.85,3.085605680801193,658.41,27.06629,750.88,3.17552224503765,2.27054970568104,0.715016154973943,0.219528466253919,0.207214753166224,16.85,1.1541095890411,212.45,3.09468317552804,0,-16.0641,4.11759799833194,1.37608385686463,0.451685660266874,1.30108445697626,0.601283991047423,33.3877563865537,51.0347891166449,14.7976986383577,0.969,3.95608738968062,3.43920674799665,0.832442903389189,0.505112958942417
2007-01-10,0.6,204.33,-4.34,-4.34,284.12,2.5838281994459833,658.41,27.06629,750.88,3.17552224503765,2.27054970568104,0.715016154973943,0.219528466253919,0.207214753166224,16.85,1.1541095890411,212.45,3.09468317552804,0,-16.0641,4.11759799833194,1.37608385686463,0.451685660266874,1.30108445697626,0.601283991047423,33.3877563865537,51.0347891166449,14.7976986383577,0.969,3.95608738968062,3.43920674799665,0.832442903389189,0.505112958942417
2007-01-11,0.55,226.88,-8.75,-8.75,202.7,2.173282987428084,658.41,27.06629,750.88,3.17552224503765,2.27054970568104,0.715016154973943,0.219528466253919,0.207214753166224,16.85,1.1541095890411,212.45,3.09468317552804,0,-16.0641,4.11759799833194,1.37608385686463,0.451685660266874,1.30108445697626,0.601283991047423,33.3877563865537,51.0347891166449,14.7976986383577,0.969,3.95608738968062,3.43920674799665,0.832442903389189,0.505112958942417
2007-01-12,5.2,232.41,-4.8,-4.8,308.09,2.179799578095035,658.41,27.06629,750.88,3.17552224503765,2.27054970568104,0.715016154973943,0.219528466253919,0.207214753166224,16.85,1.1541095890411,212.45,3.09468317552804,0,-16.0641,4.11759799833194,1.37608385686463,0.451685660266874,1.30108445697626,0.601283991047423,33.3877563865537,51.0347891166449,14.7976986383577,0.969,3.95608738968062,3.43920674799665,0.832442903389189,0.505112958942417
2007-01-13,8.84,193.53,3.62,3.62,593.05,3.5189589601534195,658.41,27.06629,750.88,3.17552224503765,2.27054970568104,0.715016154973943,0.219528466253919,0.207214753166224,16.85,1.1541095890411,212.45,3.09468317552804,0,-16.0641,4.11759799833194,1.37608385686463,0.451685660266874,1.30108445697626,0.601283991047423,33.3877563865537,51.0347891166449,14.7976986383577,0.969,3.95608738968062,3.43920674799665,0.832442903389189,0.505112958942417
2007-01-14,13.3,145.68,1.55,1.55,545.91,4.138035073513744,658.41,27.06629,750.88,3.17552224503765,2.27054970568104,0.715016154973943,0.219528466253919,0.207214753166224,16.85,1.1541095890411,212.45,3.09468317552804,0,-16.0641,4.11759799833194,1.37608385686463,0.451685660266874,1.30108445697626,0.601283991047423,33.3877563865537,51.0347891166449,14.7976986383577,0.969,3.95608738968062,3.43920674799665,0.832442903389189,0.505112958942417
2007-01-15,15.98,157.07,0.5,0.5,502.66,10.002966673769443,658.41,27.06629,750.88,3.17552224503765,2.27054970568104,0.715016154973943,0.219528466253919,0.207214753166224,16.85,1.1541095890411,212.45,3.09468317552804,0,-16.0641,4.11759799833194,1.37608385686463,0.451685660266874,1.30108445697626,0.601283991047423,33.3877563865537,51.0347891166449,14.7976986383577,0.969,3.95608738968062,3.43920674799665,0.832442903389189,0.505112958942417
2007-01-16,3.43,291.25,0.39,0.39,373.18,8.569316727040272,658.41,27.06629,750.88,3.17552224503765,2.27054970568104,0.715016154973943,0.219528466253919,0.207214753166224,16.85,1.1541095890411,212.45,3.09468317552804,0,-16.0641,4.11759799833194,1.37608385686463,0.451685660266874,1.30108445697626,0.601283991047423,33.3877563865537,51.0347891166449,14.7976986383577,0.969,3.95608738968062,3.43920674799665,0.832442903389189,0.505112958942417
2007-01-17,0.05,236.98,-7.29,-7.29,224.9,4.463864606861282,658.41,27.06629,750.88,3.17552224503765,2.27054970568104,0.715016154973943,0.219528466253919,0.207214753166224,16.85,1.1541095890411,212.45,3.09468317552804,0,-16.0641,4.11759799833194,1.37608385686463,0.451685660266874,1.30108445697626,0.601283991047423,33.3877563865537,51.0347891166449,14.7976986383577,0.969,3.95608738968062,3.43920674799665,0.832442903389189,0.505112958942417
2007-01-18,1.53,190.12,-7.26,-7.26,253.81,3.3886271468144042,658.41,27.06629,750.88,3.17552224503765,2.27054970568104,0.715016154973943,0.219528466253919,0.207214753166224,16.85,1.1541095890411,212.45,3.09468317552804,0,-16.0641,4.11759799833194,1.37608385686463,0.451685660266874,1.30108445697626,0.601283991047423,33.3877563865537,51.0347891166449,14.7976986383577,0.969,3.95608738968062,3.43920674799665,0.832442903389189,0.505112958942417
2007-01-19,2.09,214.86,-5.51,-5.51,280.86,2.9324658001278494,658.41,27.06629,750.88,3.17552224503765,2.27054970568104,0.715016154973943,0.219528466253919,0.207214753166224,16.85,1.1541095890411,212.45,3.09468317552804,0,-16.0641,4.11759799833194,1.37608385686463,0.451685660266874,1.30108445697626,0.601283991047423,33.3877563865537,51.0347891166449,14.7976986383577,0.969,3.95608738968062,3.43920674799665,0.832442903389189,0.505112958942417
2007-01-20,0.47,236.92,-6.11,-6.11,251.87,2.4437215001065415,658.41,27.06629,750.88,3.17552224503765,2.27054970568104,0.715016154973943,0.219528466253919,0.207214753166224,16.85,1.1541095890411,212.45,3.09468317552804,0,-16.0641,4.11759799833194,1.37608385686463,0.451685660266874,1.30108445697626,0.601283991047423,33.3877563865537,51.0347891166449,14.7976986383577,0.969,3.95608738968062,3.43920674799665,0.832442903389189,0.505112958942417
2007-01-21,0.21,248.65,-12.08,-12.08,141.58,2.042951174089069,658.41,27.06629,750.88,3.17552224503765,2.27054970568104,0.715016154973943,0.219528466253919,0.207214753166224,16.85,1.1541095890411,212.45,3.09468317552804,0,-16.0641,4.11759799833194,1.37608385686463,0.451685660266874,1.30108445697626,0.601283991047423,33.3877563865537,51.0347891166449,14.7976986383577,0.969,3.95608738968062,3.43920674799665,0.832442903389189,0.505112958942417
2007-01-22,0.55,245.36,-12.07,-12.07,159.29,1.9419440187513315,658.41,27.06629,750.88,3.17552224503765,2.27054970568104,0.715016154973943,0.219528466253919,0.207214753166224,16.85,1.1541095890411,212.45,3.09468317552804,0,-16.0641,4.11759799833194,1.37608385686463,0.451685660266874,1.30108445697626,0.601283991047423,33.3877563865537,51.0347891166449,14.7976986383577,0.969,3.95608738968062,3.43920674799665,0.832442903389189,0.505112958942417
2007-01-23,0.54,149.06,-5.57,-5.57,306.56,1.71712164074153,658.41,27.06629,750.88,3.17552224503765,2.27054970568104,0.715016154973943,0.219528466253919,0.207214753166224,16.85,1.1541095890411,212.45,3.09468317552804,0,-16.0641,4.11759799833194,1.37608385686463,0.451685660266874,1.30108445697626,0.601283991047423,33.3877563865537,51.0347891166449,14.7976986383577,0.969,3.95608738968062,3.43920674799665,0.832442903389189,0.505112958942417
2007-01-24,1.22,157.04,-5.04,-5.04,310.73,1.544431988067334,658.41,27.06629,750.88,3.17552224503765,2.27054970568104,0.715016154973943,0.219528466253919,0.207214753166224,16.85,1.1541095890411,212.45,3.09468317552804,0,-16.0641,4.11759799833194,1.37608385686463,0.451685660266874,1.30108445697626,0.601283991047423,33.3877563865537,51.0347891166449,14.7976986383577,0.969,3.95608738968062,3.43920674799665,0.832442903389189,0.505112958942417
2007-01-25,0.35,272.21,-8.88,-8.88,187.46,1.3684840400596632,658.41,27.06629,750.88,3.17552224503765,2.27054970568104,0.715016154973943,0.219528466253919,0.207214753166224,16.85,1.1541095890411,212.45,3.09468317552804,0,-16.0641,4.11759799833194,1.37608385686463,0.451685660266874,1.30108445697626,0.601283991047423,33.3877563865537,51.0347891166449,14.7976986383577,0.969,3.95608738968062,3.43920674799665,0.832442903389189,0.505112958942417
2007-01-26,0.61,260.89,-14.91,-14.91,99.79,1.0263630300447473,658.41,27.06629,750.88,3.17552224503765,2.27054970568104,0.715016154973943,0.219528466253919,0.207214753166224,16.85,1.1541095890411,212.45,3.09468317552804,0,-16.0641,4.11759799833194,1.37608385686463,0.451685660266874,1.30108445697626,0.601283991047423,33.3877563865537,51.0347891166449,14.7976986383577,0.969,3.95608738968062,3.43920674799665,0.832442903389189,0.505112958942417
2007-01-27,0.27,267.54,-14.21,-14.21,125.41,1.17298632005114,658.41,27.06629,750.88,3.17552224503765,2.27054970568104,0.715016154973943,0.219528466253919,0.207214753166224,16.85,1.1541095890411,212.45,3.09468317552804,0,-16.0641,4.11759799833194,1.37608385686463,0.451685660266874,1.30108445697626,0.601283991047423,33.3877563865537,51.0347891166449,14.7976986383577,0.969,3.95608738968062,3.43920674799665,0.832442903389189,0.505112958942417
2007-01-28,1.11,207.69,-4.15,-4.15,296.0,1.1599531387172384,658.41,27.06629,750.88,3.17552224503765,2.27054970568104,0.715016154973943,0.219528466253919,0.207214753166224,16.85,1.1541095890411,212.45,3.09468317552804,0,-16.0641,4.11759799833194,1.37608385686463,0.451685660266874,1.30108445697626,0.601283991047423,33.3877563865537,51.0347891166449,14.7976986383577,0.969,3.95608738968062,3.43920674799665,0.832442903389189,0.505112958942417
2007-01-29,0.35,294.46,-7.89,-7.89,193.6,1.0100715533773705,658.41,27.06629,750.88,3.17552224503765,2.27054970568104,0.715016154973943,0.219528466253919,0.207214753166224,16.85,1.1541095890411,212.45,3.09468317552804,0,-16.0641,4.11759799833194,1.37608385686463,0.451685660266874,1.30108445697626,0.601283991047423,33.3877563865537,51.0347891166449,14.7976986383577,0.969,3.95608738968062,3.43920674799665,0.832442903389189,0.505112958942417
2007-01-30,0.63,241.49,-11.18,-11.18,155.2,0.9774886000426166,658.41,27.06629,750.88,3.17552224503765,2.27054970568104,0.715016154973943,0.219528466253919,0.207214753166224,16.85,1.1541095890411,212.45,3.09468317552804,0,-16.0641,4.11759799833194,1.37608385686463,0.451685660266874,1.30108445697626,0.601283991047423,33.3877563865537,51.0347891166449,14.7976986383577,0.969,3.95608738968062,3.43920674799665,0.832442903389189,0.505112958942417
2007-01-31,0.17,285.12,-9.82,-9.82,186.79,0.8145738333688473,658.41,27.06629,750.88,3.17552224503765,2.27054970568104,0.715016154973943,0.219528466253919,0.207214753166224,16.85,1.1541095890411,212.45,3.09468317552804,0,-16.0641,4.11759799833194,1.37608385686463,0.451685660266874,1.30108445697626,0.601283991047423,33.3877563865537,51.0347891166449,14.7976986383577,0.969,3.95608738968062,3.43920674799665,0.832442903389189,0.505112958942417
2007-02-01,0.05,214.78,-9.1,-9.1,209.88,0.8797397400383549,658.41,27.06629,750.88,3.17552224503765,2.27054970568104,0.715016154973943,0.219528466253919,0.207214753166224,16.85,1.1541095890411,212.45,3.09468317552804,0,-16.0641,4.11759799833194,1.37608385686463,0.451685660266874,1.30108445697626,0.601283991047423,33.3877563865537,51.0347891166449,14.7976986383577,0.969,3.95608738968062,3.43920674799665,0.832442903389189,0.505112958942417
2007-02-02,1.85,256.18,-7.41,-7.41,218.7,0.8145738333688473,658.41,27.06629,750.88,3.17552224503765,2.27054970568104,0.715016154973943,0.219528466253919,0.207214753166224,16.85,1.1541095890411,212.45,3.09468317552804,0,-16.0641,4.11759799833194,1.37608385686463,0.451685660266874,1.30108445697626,0.601283991047423,33.3877563865537,51.0347891166449,14.7976986383577,0.969,3.95608738968062,3.43920674799665,0.832442903389189,0.505112958942417
2007-02-03,0.5,329.61,-9.05,-9.05,161.28,0.7494079266993394,658.41,27.06629,750.88,3.17552224503765,2.27054970568104,0.715016154973943,0.219528466253919,0.207214753166224,16.85,1.1541095890411,212.45,3.09468317552804,0,-16.0641,4.11759799833194,1.37608385686463,0.451685660266874,1.30108445697626,0.601283991047423,33.3877563865537,51.0347891166449,14.7976986383577,0.969,3.95608738968062,3.43920674799665,0.832442903389189,0.505112958942417
2007-02-04,0.01,332.23,-12.65,-12.65,119.33,0.58649316002557,658.41,27.06629,750.88,3.17552224503765,2.27054970568104,0.715016154973943,0.219528466253919,0.207214753166224,16.85,1.1541095890411,212.45,3.09468317552804,0,-16.0641,4.11759799833194,1.37608385686463,0.451685660266874,1.30108445697626,0.601283991047423,33.3877563865537,51.0347891166449,14.7976986383577,0.969,3.95608738968062,3.43920674799665,0.832442903389189,0.505112958942417
2007-02-05,0.0,313.44,-15.85,-15.85,100.43,0.553910206690816,658.41,27.06629,750.88,3.17552224503765,2.27054970568104,0.715016154973943,0.219528466253919,0.207214753166224,16.85,1.1541095890411,212.45,3.09468317552804,0,-16.0641,4.11759799833194,1.37608385686463,0.451685660266874,1.30108445697626,0.601283991047423,33.3877563865537,51.0347891166449,14.7976986383577,0.969,3.95608738968062,3.43920674799665,0.832442903389189,0.505112958942417
2007-02-06,0.0,267.02,-16.91,-16.91,97.57,0.553910206690816,658.41,27.06629,750.88,3.17552224503765,2.27054970568104,0.715016154973943,0.219528466253919,0.207214753166224,16.85,1.1541095890411,212.45,3.09468317552804,0,-16.0641,4.11759799833194,1.37608385686463,0.451685660266874,1.30108445697626,0.601283991047423,33.3877563865537,51.0347891166449,14.7976986383577,0.969,3.95608738968062,3.43920674799665,0.832442903389189,0.505112958942417
2007-02-07,0.0,351.46,-18.06,-18.06,82.81,0.6516590666950778,658.41,27.06629,750.88,3.17552224503765,2.27054970568104,0.715016154973943,0.219528466253919,0.207214753166224,16.85,1.1541095890411,212.45,3.09468317552804,0,-16.0641,4.11759799833194,1.37608385686463,0.451685660266874,1.30108445697626,0.601283991047423,33.3877563865537,51.0347891166449,14.7976986383577,0.969,3.95608738968062,3.43920674799665,0.832442903389189,0.505112958942417
2007-02-08,0.12,307.77,-16.52,-16.52,98.32,0.6190761133603239,658.41,27.06629,750.88,3.17552224503765,2.27054970568104,0.715016154973943,0.219528466253919,0.207214753166224,16.85,1.1541095890411,212.45,3.09468317552804,0,-16.0641,4.11759799833194,1.37608385686463,0.451685660266874,1.30108445697626,0.601283991047423,33.3877563865537,51.0347891166449,14.7976986383577,0.969,3.95608738968062,3.43920674799665,0.832442903389189,0.505112958942417
2007-02-09,0.04,279.48,-11.67,-11.67,161.43,0.6190761133603239,658.41,27.06629,750.88,3.17552224503765,2.27054970568104,0.715016154973943,0.219528466253919,0.207214753166224,16.85,1.1541095890411,212.45,3.09468317552804,0,-16.0641,4.11759799833194,1.37608385686463,0.451685660266874,1.30108445697626,0.601283991047423,33.3877563865537,51.0347891166449,14.7976986383577,0.969,3.95608738968062,3.43920674799665,0.832442903389189,0.505112958942417
2007-02-10,0.01,301.26,-10.31,-10.31,174.58,0.6516590666950778,658.41,27.06629,750.88,3.17552224503765,2.27054970568104,0.715016154973943,0.219528466253919,0.207214753166224,16.85,1.1541095890411,212.45,3.09468317552804,0,-16.0641,4.11759799833194,1.37608385686463,0.451685660266874,1.30108445697626,0.601283991047423,33.3877563865537,51.0347891166449,14.7976986383577,0.969,3.95608738968062,3.43920674799665,0.832442903389189,0.505112958942417
2007-02-11,0.0,349.04,-12.14,-12.14,149.58,0.6190761133603239,658.41,27.06629,750.88,3.17552224503765,2.27054970568104,0.715016154973943,0.219528466253919,0.207214753166224,16.85,1.1541095890411,212.45,3.09468317552804,0,-16.0641,4.11759799833194,1.37608385686463,0.451685660266874,1.30108445697626,0.601283991047423,33.3877563865537,51.0347891166449,14.7976986383577,0.969,3.95608738968062,3.43920674799665,0.832442903389189,0.505112958942417
2007-02-12,0.02,313.53,-9.36,-9.36,182.0,0.6516590666950778,658.41,27.06629,750.88,3.17552224503765,2.27054970568104,0.715016154973943,0.219528466253919,0.207214753166224,16.85,1.1541095890411,212.45,3.09468317552804,0,-16.0641,4.11759799833194,1.37608385686463,0.451685660266874,1.30108445697626,0.601283991047423,33.3877563865537,51.0347891166449,14.7976986383577,0.969,3.95608738968062,3.43920674799665,0.832442903389189,0.505112958942417
2007-02-13,19.78,303.67,-9.91,-9.91,158.61,0.6842420200298316,658.41,27.06629,750.88,3.17552224503765,2.27054970568104,0.715016154973943,0.219528466253919,0.207214753166224,16.85,1.1541095890411,212.45,3.09468317552804,0,-16.0641,4.11759799833194,1.37608385686463,0.451685660266874,1.30108445697626,0.601283991047423,33.3877563865537,51.0347891166449,14.7976986383577,0.969,3.95608738968062,3.43920674799665,0.832442903389189,0.505112958942417
2007-02-14,9.28,177.68,-12.59,-12.59,141.42,0.7168249733645855,658.41,27.06629,750.88,3.17552224503765,2.27054970568104,0.715016154973943,0.219528466253919,0.207214753166224,16.85,1.1541095890411,212.45,3.09468317552804,0,-16.0641,4.11759799833194,1.37608385686463,0.451685660266874,1.30108445697626,0.601283991047423,33.3877563865537,51.0347891166449,14.7976986383577,0.969,3.95608738968062,3.43920674799665,0.832442903389189,0.505112958942417
2007-02-15,1.12,308.07,-16.73,-16.73,99.95,0.7819908800340932,658.41,27.06629,750.88,3.17552224503765,2.27054970568104,0.715016154973943,0.219528466253919,0.207214753166224,16.85,1.1541095890411,212.45,3.09468317552804,0,-16.0641,4.11759799833194,1.37608385686463,0.451685660266874,1.30108445697626,0.601283991047423,33.3877563865537,51.0347891166449,14.7976986383577,0.969,3.95608738968062,3.43920674799665,0.832442903389189,0.505112958942417
2007-02-16,0.01,356.92,-15.95,-15.95,106.92,0.8471567867036011,658.41,27.06629,750.88,3.17552224503765,2.27054970568104,0.715016154973943,0.219528466253919,0.207214753166224,16.85,1.1541095890411,212.45,3.09468317552804,0,-16.0641,4.11759799833194,1.37608385686463,0.451685660266874,1.30108445697626,0.601283991047423,33.3877563865537,51.0347891166449,14.7976986383577,0.969,3.95608738968062,3.43920674799665,0.832442903389189,0.505112958942417
2007-02-17,0.69,277.9,-13.22,-13.22,139.15,0.9123226933731089,658.41,27.06629,750.88,3.17552224503765,2.27054970568104,0.715016154973943,0.219528466253919,0.207214753166224,16.85,1.1541095890411,212.45,3.09468317552804,0,-16.0641,4.11759799833194,1.37608385686463,0.451685660266874,1.30108445697626,0.601283991047423,33.3877563865537,51.0347891166449,14.7976986383577,0.969,3.95608738968062,3.43920674799665,0.832442903389189,0.505112958942417
2007-02-18,0.2,377.49,-9.7,-9.7,156.56,0.8797397400383549,658.41,27.06629,750.88,3.17552224503765,2.27054970568104,0.715016154973943,0.219528466253919,0.207214753166224,16.85,1.1541095890411,212.45,3.09468317552804,0,-16.0641,4.11759799833194,1.37608385686463,0.451685660266874,1.30108445697626,0.601283991047423,33.3877563865537,51.0347891166449,14.7976986383577,0.969,3.95608738968062,3.43920674799665,0.832442903389189,0.505112958942417
2007-02-19,0.0,410.78,-11.9,-11.9,129.81,0.7494079266993394,658.41,27.06629,750.88,3.17552224503765,2.27054970568104,0.715016154973943,0.219528466253919,0.207214753166224,16.85,1.1541095890411,212.45,3.09468317552804,0,-16.0641,4.11759799833194,1.37608385686463,0.451685660266874,1.30108445697626,0.601283991047423,33.3877563865537,51.0347891166449,14.7976986383577,0.969,3.95608738968062,3.43920674799665,0.832442903389189,0.505112958942417
2007-02-20,0.19,328.36,-9.23,-9.23,199.36,0.6516590666950778,658.41,27.06629,750.88,3.17552224503765,2.27054970568104,0.715016154973943,0.219528466253919,0.207214753166224,16.85,1.1541095890411,212.45,3.09468317552804,0,-16.0641,4.11759799833194,1.37608385686463,0.451685660266874,1.30108445697626,0.601283991047423,33.3877563865537,51.0347891166449,14.7976986383577,0.969,3.95608738968062,3.43920674799665,0.832442903389189,0.505112958942417
2007-02-21,0.05,387.92,0.74,0.74,398.2,0.58649316002557,658.41,27.06629,750.88,3.17552224503765,2.27054970568104,0.715016154973943,0.219528466253919,0.207214753166224,16.85,1.1541095890411,212.45,3.09468317552804,0,-16.0641,4.11759799833194,1.37608385686463,0.451685660266874,1.30108445697626,0.601283991047423,33.3877563865537,51.0347891166449,14.7976986383577,0.969,3.95608738968062,3.43920674799665,0.832442903389189,0.505112958942417
2007-02-22,1.34,325.24,-1.05,-1.05,317.58,0.511552367355636,658.41,27.06629,750.88,3.17552224503765,2.27054970568104,0.715016154973943,0.219528466253919,0.207214753166224,16.85,1.1541095890411,212.45,3.09468317552804,0,-16.0641,4.11759799833194,1.37608385686463,0.451685660266874,1.30108445697626,0.601283991047423,33.3877563865537,51.0347891166449,14.7976986383577,0.969,3.95608738968062,3.43920674799665,0.832442903389189,0.505112958942417
2007-02-23,0.36,386.23,-4.15,-4.15,234.94,0.4594196420200298,658.41,27.06629,750.88,3.17552224503765,2.27054970568104,0.715016154973943,0.219528466253919,0.207214753166224,16.85,1.1541095890411,212.45,3.09468317552804,0,-16.0641,4.11759799833194,1.37608385686463,0.451685660266874,1.30108445697626,0.601283991047423,33.3877563865537,51.0347891166449,14.7976986383577,0.969,3.95608738968062,3.43920674799665,0.832442903389189,0.505112958942417
2007-02-24,0.0,433.47,-10.84,-10.84,140.1,0.4072869166844236,658.41,27.06629,750.88,3.17552224503765,2.27054970568104,0.715016154973943,0.219528466253919,0.207214753166224,16.85,1.1541095890411,212.45,3.09468317552804,0,-16.0641,4.11759799833194,1.37608385686463,0.451685660266874,1.30108445697626,0.601283991047423,33.3877563865537,51.0347891166449,14.7976986383577,0.969,3.95608738968062,3.43920674799665,0.832442903389189,0.505112958942417
2007-02-25,3.96,340.5,-8.44,-8.44,177.5,0.42357839335180053,658.41,27.06629,750.88,3.17552224503765,2.27054970568104,0.715016154973943,0.219528466253919,0.207214753166224,16.85,1.1541095890411,212.45,3.09468317552804,0,-16.0641,4.11759799833194,1.37608385686463,0.451685660266874,1.30108445697626,0.601283991047423,33.3877563865537,51.0347891166449,14.7976986383577,0.969,3.95608738968062,3.43920674799665,0.832442903389189,0.505112958942417
2007-02-26,2.1,305.9,-4.94,-4.94,280.98,0.4072869166844236,658.41,27.06629,750.88,3.17552224503765,2.27054970568104,0.715016154973943,0.219528466253919,0.207214753166224,16.85,1.1541095890411,212.45,3.09468317552804,0,-16.0641,4.11759799833194,1.37608385686463,0.451685660266874,1.30108445697626,0.601283991047423,33.3877563865537,51.0347891166449,14.7976986383577,0.969,3.95608738968062,3.43920674799665,0.832442903389189,0.505112958942417
2007-02-27,1.01,171.04,-1.61,-1.61,419.29,0.42357839335180053,658.41,27.06629,750.88,3.17552224503765,2.27054970568104,0.715016154973943,0.219528466253919,0.207214753166224,16.85,1.1541095890411,212.45,3.09468317552804,0,-16.0641,4.11759799833194,1.37608385686463,0.451685660266874,1.30108445697626,0.601283991047423,33.3877563865537,51.0347891166449,14.7976986383577,0.969,3.95608738968062,3.43920674799665,0.832442903389189,0.505112958942417
2007-02-28,0.42,164.82,-1.64,-1.64,431.04,0.41054521201789895,658.41,27.06629,750.88,3.17552224503765,2.27054970568104,0.715016154973943,0.219528466253919,0.207214753166224,16.85,1.1541095890411,212.45,3.09468317552804,0,-16.0641,4.11759799833194,1.37608385686463,0.451685660266874,1.30108445697626,0.601283991047423,33.3877563865537,51.0347891166449,14.7976986383577,0.969,3.95608738968062,3.43920674799665,0.832442903389189,0.505112958942417
2007-03-01,6.09,229.82,-1.76,-1.76,408.39,0.41054521201789895,658.41,27.06629,750.88,3.17552224503765,2.27054970568104,0.715016154973943,0.219528466253919,0.207214753166224,16.85,1.1541095890411,212.45,3.09468317552804,0,-16.0641,4.11759799833194,1.37608385686463,0.451685660266874,1.30108445697626,0.601283991047423,33.3877563865537,51.0347891166449,14.7976986383577,0.969,3.95608738968062,3.43920674799665,0.832442903389189,0.505112958942417
2007-03-02,1.78,295.7,-0.59,-0.59,404.62,1.0198464393777966,658.41,27.06629,750.88,3.17552224503765,2.27054970568104,0.715016154973943,0.219528466253919,0.207214753166224,16.85,1.1541095890411,212.45,3.09468317552804,0,-16.0641,4.11759799833194,1.37608385686463,0.451685660266874,1.30108445697626,0.601283991047423,33.3877563865537,51.0347891166449,14.7976986383577,0.969,3.95608738968062,3.43920674799665,0.832442903389189,0.505112958942417
2007-03-03,0.24,341.04,-0.01,-0.01,371.45,1.88655299808225,658.41,27.06629,750.88,3.17552224503765,2.27054970568104,0.715016154973943,0.219528466253919,0.207214753166224,16.85,1.1541095890411,212.45,3.09468317552804,0,-16.0641,4.11759799833194,1.37608385686463,0.451685660266874,1.30108445697626,0.601283991047423,33.3877563865537,51.0347891166449,14.7976986383577,0.969,3.95608738968062,3.43920674799665,0.832442903389189,0.505112958942417
2007-03-04,0.74,326.33,-1.6,-1.6,327.13,1.3098347240571062,658.41,27.06629,750.88,3.17552224503765,2.27054970568104,0.715016154973943,0.219528466253919,0.207214753166224,16.85,1.1541095890411,212.45,3.09468317552804,0,-16.0641,4.11759799833194,1.37608385686463,0.451685660266874,1.30108445697626,0.601283991047423,33.3877563865537,51.0347891166449,14.7976986383577,0.969,3.95608738968062,3.43920674799665,0.832442903389189,0.505112958942417
2007-03-05,0.63,203.61,-5.06,-5.06,268.95,1.029621325378223,658.41,27.06629,750.88,3.17552224503765,2.27054970568104,0.715016154973943,0.219528466253919,0.207214753166224,16.85,1.1541095890411,212.45,3.09468317552804,0,-16.0641,4.11759799833194,1.37608385686463,0.451685660266874,1.30108445697626,0.601283991047423,33.3877563865537,51.0347891166449,14.7976986383577,0.969,3.95608738968062,3.43920674799665,0.832442903389189,0.505112958942417
2007-03-06,0.85,370.22,-12.4,-12.4,121.3,0.8145738333688473,658.41,27.06629,750.88,3.17552224503765,2.27054970568104,0.715016154973943,0.219528466253919,0.207214753166224,16.85,1.1541095890411,212.45,3.09468317552804,0,-16.0641,4.11759799833194,1.37608385686463,0.451685660266874,1.30108445697626,0.601283991047423,33.3877563865537,51.0347891166449,14.7976986383577,0.969,3.95608738968062,3.43920674799665,0.832442903389189,0.505112958942417
2007-03-07,0.27,421.83,-14.54,-14.54,101.5,0.7819908800340932,658.41,27.06629,750.88,3.17552224503765,2.27054970568104,0.715016154973943,0.219528466253919,0.207214753166224,16.85,1.1541095890411,212.45,3.09468317552804,0,-16.0641,4.11759799833194,1.37608385686463,0.451685660266874,1.30108445697626,0.601283991047423,33.3877563865537,51.0347891166449,14.7976986383577,0.969,3.95608738968062,3.43920674799665,0.832442903389189,0.505112958942417
2007-03-08,0.02,465.03,-12.82,-12.82,119.18,0.7494079266993394,658.41,27.06629,750.88,3.17552224503765,2.27054970568104,0.715016154973943,0.219528466253919,0.207214753166224,16.85,1.1541095890411,212.45,3.09468317552804,0,-16.0641,4.11759799833194,1.37608385686463,0.451685660266874,1.30108445697626,0.601283991047423,33.3877563865537,51.0347891166449,14.7976986383577,0.969,3.95608738968062,3.43920674799665,0.832442903389189,0.505112958942417
2007-03-09,0.0,477.7,-11.66,-11.66,129.17,0.7819908800340932,658.41,27.06629,750.88,3.17552224503765,2.27054970568104,0.715016154973943,0.219528466253919,0.207214753166224,16.85,1.1541095890411,212.45,3.09468317552804,0,-16.0641,4.11759799833194,1.37608385686463,0.451685660266874,1.30108445697626,0.601283991047423,33.3877563865537,51.0347891166449,14.7976986383577,0.969,3.95608738968062,3.43920674799665,0.832442903389189,0.505112958942417
2007-03-10,0.61,384.7,-7.2,-7.2,187.21,0.7494079266993394,658.41,27.06629,750.88,3.17552224503765,2.27054970568104,0.715016154973943,0.219528466253919,0.207214753166224,16.85,1.1541095890411,212.45,3.09468317552804,0,-16.0641,4.11759799833194,1.37608385686463,0.451685660266874,1.30108445697626,0.601283991047423,33.3877563865537,51.0347891166449,14.7976986383577,0.969,3.95608738968062,3.43920674799665,0.832442903389189,0.505112958942417
2007-03-11,0.16,483.03,2.52,2.52,363.75,0.9611971233752395,658.41,27.06629,750.88,3.17552224503765,2.27054970568104,0.715016154973943,0.219528466253919,0.207214753166224,16.85,1.1541095890411,212.45,3.09468317552804,0,-16.0641,4.11759799833194,1.37608385686463,0.451685660266874,1.30108445697626,0.601283991047423,33.3877563865537,51.0347891166449,14.7976986383577,0.969,3.95608738968062,3.43920674799665,0.832442903389189,0.505112958942417
2007-03-12,0.0,467.55,-1.59,-1.59,294.49,1.140403366716386,658.41,27.06629,750.88,3.17552224503765,2.27054970568104,0.715016154973943,0.219528466253919,0.207214753166224,16.85,1.1541095890411,212.45,3.09468317552804,0,-16.0641,4.11759799833194,1.37608385686463,0.451685660266874,1.30108445697626,0.601283991047423,33.3877563865537,51.0347891166449,14.7976986383577,0.969,3.95608738968062,3.43920674799665,0.832442903389189,0.505112958942417
2007-03-13,0.0,499.58,0.19,0.19,372.59,3.5841248668229277,658.41,27.06629,750.88,3.17552224503765,2.27054970568104,0.715016154973943,0.219528466253919,0.207214753166224,16.85,1.1541095890411,212.45,3.09468317552804,0,-16.0641,4.11759799833194,1.37608385686463,0.451685660266874,1.30108445697626,0.601283991047423,33.3877563865537,51.0347891166449,14.7976986383577,0.969,3.95608738968062,3.43920674799665,0.832442903389189,0.505112958942417
2007-03-14,26.48,361.95,8.84,8.84,657.87,13.521925633922862,658.41,27.06629,750.88,3.17552224503765,2.27054970568104,0.715016154973943,0.219528466253919,0.207214753166224,16.85,1.1541095890411,212.45,3.09468317552804,0,-16.0641,4.11759799833194,1.37608385686463,0.451685660266874,1.30108445697626,0.601283991047423,33.3877563865537,51.0347891166449,14.7976986383577,0.969,3.95608738968062,3.43920674799665,0.832442903389189,0.505112958942417
2007-03-15,10.59,371.08,5.92,5.92,512.92,27.82584214787982,658.41,27.06629,750.88,3.17552224503765,2.27054970568104,0.715016154973943,0.219528466253919,0.207214753166224,16.85,1.1541095890411,212.45,3.09468317552804,0,-16.0641,4.11759799833194,1.37608385686463,0.451685660266874,1.30108445697626,0.601283991047423,33.3877563865537,51.0347891166449,14.7976986383577,0.969,3.95608738968062,3.43920674799665,0.832442903389189,0.505112958942417
2007-03-16,11.29,348.5,-2.07,-2.07,303.87,11.371450713829105,658.41,27.06629,750.88,3.17552224503765,2.27054970568104,0.715016154973943,0.219528466253919,0.207214753166224,16.85,1.1541095890411,212.45,3.09468317552804,0,-16.0641,4.11759799833194,1.37608385686463,0.451685660266874,1.30108445697626,0.601283991047423,33.3877563865537,51.0347891166449,14.7976986383577,0.969,3.95608738968062,3.43920674799665,0.832442903389189,0.505112958942417
2007-03-17,2.91,287.84,-6.14,-6.14,250.3,5.799765693586192,658.41,27.06629,750.88,3.17552224503765,2.27054970568104,0.715016154973943,0.219528466253919,0.207214753166224,16.85,1.1541095890411,212.45,3.09468317552804,0,-16.0641,4.11759799833194,1.37608385686463,0.451685660266874,1.30108445697626,0.601283991047423,33.3877563865537,51.0347891166449,14.7976986383577,0.969,3.95608738968062,3.43920674799665,0.832442903389189,0.505112958942417
2007-03-18,0.1,340.75,-7.4,-7.4,224.49,4.040286213509482,658.41,27.06629,750.88,3.17552224503765,2.27054970568104,0.715016154973943,0.219528466253919,0.207214753166224,16.85,1.1541095890411,212.45,3.09468317552804,0,-16.0641,4.11759799833194,1.37608385686463,0.451685660266874,1.30108445697626,0.601283991047423,33.3877563865537,51.0347891166449,14.7976986383577,0.969,3.95608738968062,3.43920674799665,0.832442903389189,0.505112958942417
2007-03-19,1.5,387.53,-8.16,-8.16,187.62,3.0497644321329638,658.41,27.06629,750.88,3.17552224503765,2.27054970568104,0.715016154973943,0.219528466253919,0.207214753166224,16.85,1.1541095890411,212.45,3.09468317552804,0,-16.0641,4.11759799833194,1.37608385686463,0.451685660266874,1.30108445697626,0.601283991047423,33.3877563865537,51.0347891166449,14.7976986383577,0.969,3.95608738968062,3.43920674799665,0.832442903389189,0.505112958942417
2007-03-20,0.39,508.67,-6.28,-6.28,196.88,2.6196694481142124,658.41,27.06629,750.88,3.17552224503765,2.27054970568104,0.715016154973943,0.219528466253919,0.207214753166224,16.85,1.1541095890411,212.45,3.09468317552804,0,-16.0641,4.11759799833194,1.37608385686463,0.451685660266874,1.30108445697626,0.601283991047423,33.3877563865537,51.0347891166449,14.7976986383577,0.969,3.95608738968062,3.43920674799665,0.832442903389189,0.505112958942417
2007-03-21,0.0,519.14,-6.27,-6.27,200.61,2.3101313914340507,658.41,27.06629,750.88,3.17552224503765,2.27054970568104,0.715016154973943,0.219528466253919,0.207214753166224,16.85,1.1541095890411,212.45,3.09468317552804,0,-16.0641,4.11759799833194,1.37608385686463,0.451685660266874,1.30108445697626,0.601283991047423,33.3877563865537,51.0347891166449,14.7976986383577,0.969,3.95608738968062,3.43920674799665,0.832442903389189,0.505112958942417
2007-03-22,4.77,411.51,-2.64,-2.64,286.73,5.897514553590454,658.41,27.06629,750.88,3.17552224503765,2.27054970568104,0.715016154973943,0.219528466253919,0.207214753166224,16.85,1.1541095890411,212.45,3.09468317552804,0,-16.0641,4.11759799833194,1.37608385686463,0.451685660266874,1.30108445697626,0.601283991047423,33.3877563865537,51.0347891166449,14.7976986383577,0.969,3.95608738968062,3.43920674799665,0.832442903389189,0.505112958942417
2007-03-23,1.26,523.3,6.02,6.02,489.02,9.090643980396333,658.41,27.06629,750.88,3.17552224503765,2.27054970568104,0.715016154973943,0.219528466253919,0.207214753166224,16.85,1.1541095890411,212.45,3.09468317552804,0,-16.0641,4.11759799833194,1.37608385686463,0.451685660266874,1.30108445697626,0.601283991047423,33.3877563865537,51.0347891166449,14.7976986383577,0.969,3.95608738968062,3.43920674799665,0.832442903389189,0.505112958942417
2007-03-24,1.32,381.69,4.91,4.91,513.91,5.441353206903899,658.41,27.06629,750.88,3.17552224503765,2.27054970568104,0.715016154973943,0.219528466253919,0.207214753166224,16.85,1.1541095890411,212.45,3.09468317552804,0,-16.0641,4.11759799833194,1.37608385686463,0.451685660266874,1.30108445697626,0.601283991047423,33.3877563865537,51.0347891166449,14.7976986383577,0.969,3.95608738968062,3.43920674799665,0.832442903389189,0.505112958942417
2007-03-25,0.35,464.74,5.75,5.75,588.01,5.245855486895375,658.41,27.06629,750.88,3.17552224503765,2.27054970568104,0.715016154973943,0.219528466253919,0.207214753166224,16.85,1.1541095890411,212.45,3.09468317552804,0,-16.0641,4.11759799833194,1.37608385686463,0.451685660266874,1.30108445697626,0.601283991047423,33.3877563865537,51.0347891166449,14.7976986383577,0.969,3.95608738968062,3.43920674799665,0.832442903389189,0.505112958942417
2007-03-26,0.47,384.64,6.9,6.9,673.82,4.268366886852759,658.41,27.06629,750.88,3.17552224503765,2.27054970568104,0.715016154973943,0.219528466253919,0.207214753166224,16.85,1.1541095890411,212.45,3.09468317552804,0,-16.0641,4.11759799833194,1.37608385686463,0.451685660266874,1.30108445697626,0.601283991047423,33.3877563865537,51.0347891166449,14.7976986383577,0.969,3.95608738968062,3.43920674799665,0.832442903389189,0.505112958942417
2007-03-27,0.12,500.12,13.66,13.66,896.52,4.007703260174727,658.41,27.06629,750.88,3.17552224503765,2.27054970568104,0.715016154973943,0.219528466253919,0.207214753166224,16.85,1.1541095890411,212.45,3.09468317552804,0,-16.0641,4.11759799833194,1.37608385686463,0.451685660266874,1.30108445697626,0.601283991047423,33.3877563865537,51.0347891166449,14.7976986383577,0.969,3.95608738968062,3.43920674799665,0.832442903389189,0.505112958942417
2007-03-28,0.0,528.32,12.55,12.55,697.19,3.0399895461325372,658.41,27.06629,750.88,3.17552224503765,2.27054970568104,0.715016154973943,0.219528466253919,0.207214753166224,16.85,1.1541095890411,212.45,3.09468317552804,0,-16.0641,4.11759799833194,1.37608385686463,0.451685660266874,1.30108445697626,0.601283991047423,33.3877563865537,51.0347891166449,14.7976986383577,0.969,3.95608738968062,3.43920674799665,0.832442903389189,0.505112958942417
2007-03-29,0.0,537.08,3.11,3.11,370.4,2.414396842105263,658.41,27.06629,750.88,3.17552224503765,2.27054970568104,0.715016154973943,0.219528466253919,0.207214753166224,16.85,1.1541095890411,212.45,3.09468317552804,0,-16.0641,4.11759799833194,1.37608385686463,0.451685660266874,1.30108445697626,0.601283991047423,33.3877563865537,51.0347891166449,14.7976986383577,0.969,3.95608738968062,3.43920674799665,0.832442903389189,0.505112958942417
2007-03-30,0.0,544.4,1.31,1.31,332.94,2.085309013424249,658.41,27.06629,750.88,3.17552224503765,2.27054970568104,0.715016154973943,0.219528466253919,0.207214753166224,16.85,1.1541095890411,212.45,3.09468317552804,0,-16.0641,4.11759799833194,1.37608385686463,0.451685660266874,1.30108445697626,0.601283991047423,33.3877563865537,51.0347891166449,14.7976986383577,0.969,3.95608738968062,3.43920674799665,0.832442903389189,0.505112958942417
2007-03-31,0.37,423.96,3.86,3.86,421.83,1.860486635414447,658.41,27.06629,750.88,3.17552224503765,2.27054970568104,0.715016154973943,0.219528466253919,0.207214753166224,16.85,1.1541095890411,212.45,3.09468317552804,0,-16.0641,4.11759799833194,1.37608385686463,0.451685660266874,1.30108445697626,0.601283991047423,33.3877563865537,51.0347891166449,14.7976986383577,0.969,3.95608738968062,3.43920674799665,0.832442903389189,0.505112958942417
2007-04-01,2.9,308.74,6.7,6.7,637.43,1.7757709567440867,658.41,27.06629,750.88,3.17552224503765,2.27054970568104,0.715016154973943,0.219528466253919,0.207214753166224,16.85,1.1541095890411,212.45,3.09468317552804,0,-16.0641,4.11759799833194,1.37608385686463,0.451685660266874,1.30108445697626,0.601283991047423,33.3877563865537,51.0347891166449,14.7976986383577,0.969,3.95608738968062,3.43920674799665,0.832442903389189,0.505112958942417
2007-04-02,0.74,336.77,5.02,5.02,625.01,1.7138633454080545,658.41,27.06629,750.88,3.17552224503765,2.27054970568104,0.715016154973943,0.219528466253919,0.207214753166224,16.85,1.1541095890411,212.45,3.09468317552804,0,-16.0641,4.11759799833194,1.37608385686463,0.451685660266874,1.30108445697626,0.601283991047423,33.3877563865537,51.0347891166449,14.7976986383577,0.969,3.95608738968062,3.43920674799665,0.832442903389189,0.505112958942417
2007-04-03,0.58,431.43,7.29,7.29,564.38,1.433649946729171,658.41,27.06629,750.88,3.17552224503765,2.27054970568104,0.715016154973943,0.219528466253919,0.207214753166224,16.85,1.1541095890411,212.45,3.09468317552804,0,-16.0641,4.11759799833194,1.37608385686463,0.451685660266874,1.30108445697626,0.601283991047423,33.3877563865537,51.0347891166449,14.7976986383577,0.969,3.95608738968062,3.43920674799665,0.832442903389189,0.505112958942417
2007-04-04,1.79,427.66,8.0,8.0,462.05,1.358709154059237,658.41,27.06629,750.88,3.17552224503765,2.27054970568104,0.715016154973943,0.219528466253919,0.207214753166224,16.85,1.1541095890411,212.45,3.09468317552804,0,-16.0641,4.11759799833194,1.37608385686463,0.451685660266874,1.30108445697626,0.601283991047423,33.3877563865537,51.0347891166449,14.7976986383577,0.969,3.95608738968062,3.43920674799665,0.832442903389189,0.505112958942417
2007-04-05,1.96,414.19,1.8,1.8,330.68,1.3261262007244832,658.41,27.06629,750.88,3.17552224503765,2.27054970568104,0.715016154973943,0.219528466253919,0.207214753166224,16.85,1.1541095890411,212.45,3.09468317552804,0,-16.0641,4.11759799833194,1.37608385686463,0.451685660266874,1.30108445697626,0.601283991047423,33.3877563865537,51.0347891166449,14.7976986383577,0.969,3.95608738968062,3.43920674799665,0.832442903389189,0.505112958942417
2007-04-06,1.8,258.5,-4.9,-4.9,266.55,1.2023109780524184,658.41,27.06629,750.88,3.17552224503765,2.27054970568104,0.715016154973943,0.219528466253919,0.207214753166224,16.85,1.1541095890411,212.45,3.09468317552804,0,-16.0641,4.11759799833194,1.37608385686463,0.451685660266874,1.30108445697626,0.601283991047423,33.3877563865537,51.0347891166449,14.7976986383577,0.969,3.95608738968062,3.43920674799665,0.832442903389189,0.505112958942417
2007-04-07,0.62,289.04,-6.33,-6.33,259.1,1.1208535947155336,658.41,27.06629,750.88,3.17552224503765,2.27054970568104,0.715016154973943,0.219528466253919,0.207214753166224,16.85,1.1541095890411,212.45,3.09468317552804,0,-16.0641,4.11759799833194,1.37608385686463,0.451685660266874,1.30108445697626,0.601283991047423,33.3877563865537,51.0347891166449,14.7976986383577,0.969,3.95608738968062,3.43920674799665,0.832442903389189,0.505112958942417
2007-04-08,0.14,270.66,-5.41,-5.41,288.22,1.065462574046452,658.41,27.06629,750.88,3.17552224503765,2.27054970568104,0.715016154973943,0.219528466253919,0.207214753166224,16.85,1.1541095890411,212.45,3.09468317552804,0,-16.0641,4.11759799833194,1.37608385686463,0.451685660266874,1.30108445697626,0.601283991047423,33.3877563865537,51.0347891166449,14.7976986383577,0.969,3.95608738968062,3.43920674799665,0.832442903389189,0.505112958942417
2007-04-09,0.03,279.98,-4.16,-4.16,317.34,0.9970383720434689,658.41,27.06629,750.88,3.17552224503765,2.27054970568104,0.715016154973943,0.219528466253919,0.207214753166224,16.85,1.1541095890411,212.45,3.09468317552804,0,-16.0641,4.11759799833194,1.37608385686463,0.451685660266874,1.30108445697626,0.601283991047423,33.3877563865537,51.0347891166449,14.7976986383577,0.969,3.95608738968062,3.43920674799665,0.832442903389189,0.505112958942417
2007-04-10,0.44,325.67,-3.6,-3.6,314.53,0.9514222373748135,658.41,27.06629,750.88,3.17552224503765,2.27054970568104,0.715016154973943,0.219528466253919,0.207214753166224,16.85,1.1541095890411,212.45,3.09468317552804,0,-16.0641,4.11759799833194,1.37608385686463,0.451685660266874,1.30108445697626,0.601283991047423,33.3877563865537,51.0347891166449,14.7976986383577,0.969,3.95608738968062,3.43920674799665,0.832442903389189,0.505112958942417
2007-04-11,4.2,387.53,-2.64,-2.64,304.87,0.9318724653739611,658.41,27.06629,750.88,3.17552224503765,2.27054970568104,0.715016154973943,0.219528466253919,0.207214753166224,16.85,1.1541095890411,212.45,3.09468317552804,0,-16.0641,4.11759799833194,1.37608385686463,0.451685660266874,1.30108445697626,0.601283991047423,33.3877563865537,51.0347891166449,14.7976986383577,0.969,3.95608738968062,3.43920674799665,0.832442903389189,0.505112958942417
2007-04-12,4.35,444.01,-0.21,-0.21,323.47,1.1860195013850414,658.41,27.06629,750.88,3.17552224503765,2.27054970568104,0.715016154973943,0.219528466253919,0.207214753166224,16.85,1.1541095890411,212.45,3.09468317552804,0,-16.0641,4.11759799833194,1.37608385686463,0.451685660266874,1.30108445697626,0.601283991047423,33.3877563865537,51.0347891166449,14.7976986383577,0.969,3.95608738968062,3.43920674799665,0.832442903389189,0.505112958942417
2007-04-13,1.19,374.68,1.62,1.62,406.49,1.4825243767313019,658.41,27.06629,750.88,3.17552224503765,2.27054970568104,0.715016154973943,0.219528466253919,0.207214753166224,16.85,1.1541095890411,212.45,3.09468317552804,0,-16.0641,4.11759799833194,1.37608385686463,0.451685660266874,1.30108445697626,0.601283991047423,33.3877563865537,51.0347891166449,14.7976986383577,0.969,3.95608738968062,3.43920674799665,0.832442903389189,0.505112958942417
2007-04-14,5.8,228.65,-0.89,-0.89,409.57,1.140403366716386,658.41,27.06629,750.88,3.17552224503765,2.27054970568104,0.715016154973943,0.219528466253919,0.207214753166224,16.85,1.1541095890411,212.45,3.09468317552804,0,-16.0641,4.11759799833194,1.37608385686463,0.451685660266874,1.30108445697626,0.601283991047423,33.3877563865537,51.0347891166449,14.7976986383577,0.969,3.95608738968062,3.43920674799665,0.832442903389189,0.505112958942417
2007-04-15,10.08,395.0,1.01,1.01,425.31,1.4922992627317277,658.41,27.06629,750.88,3.17552224503765,2.27054970568104,0.715016154973943,0.219528466253919,0.207214753166224,16.85,1.1541095890411,212.45,3.09468317552804,0,-16.0641,4.11759799833194,1.37608385686463,0.451685660266874,1.30108445697626,0.601283991047423,33.3877563865537,51.0347891166449,14.7976986383577,0.969,3.95608738968062,3.43920674799665,0.832442903389189,0.505112958942417
2007-04-16,6.89,157.1,0.32,0.32,482.38,1.837678568080119,658.41,27.06629,750.88,3.17552224503765,2.27054970568104,0.715016154973943,0.219528466253919,0.207214753166224,16.85,1.1541095890411,212.45,3.09468317552804,0,-16.0641,4.11759799833194,1.37608385686463,0.451685660266874,1.30108445697626,0.601283991047423,33.3877563865537,51.0347891166449,14.7976986383577,0.969,3.95608738968062,3.43920674799665,0.832442903389189,0.505112958942417
2007-04-17,1.78,161.15,0.13,0.13,499.62,2.1667663967611337,658.41,27.06629,750.88,3.17552224503765,2.27054970568104,0.715016154973943,0.219528466253919,0.207214753166224,16.85,1.1541095890411,212.45,3.09468317552804,0,-16.0641,4.11759799833194,1.37608385686463,0.451685660266874,1.30108445697626,0.601283991047423,33.3877563865537,51.0347891166449,14.7976986383577,0.969,3.95608738968062,3.43920674799665,0.832442903389189,0.505112958942417
2007-04-18,0.15,292.57,0.18,0.18,465.44,2.906399437460047,658.41,27.06629,750.88,3.17552224503765,2.27054970568104,0.715016154973943,0.219528466253919,0.207214753166224,16.85,1.1541095890411,212.45,3.09468317552804,0,-16.0641,4.11759799833194,1.37608385686463,0.451685660266874,1.30108445697626,0.601283991047423,33.3877563865537,51.0347891166449,14.7976986383577,0.969,3.95608738968062,3.43920674799665,0.832442903389189,0.505112958942417
2007-04-19,0.0,536.69,3.14,3.14,457.36,3.486376006818666,658.41,27.06629,750.88,3.17552224503765,2.27054970568104,0.715016154973943,0.219528466253919,0.207214753166224,16.85,1.1541095890411,212.45,3.09468317552804,0,-16.0641,4.11759799833194,1.37608385686463,0.451685660266874,1.30108445697626,0.601283991047423,33.3877563865537,51.0347891166449,14.7976986383577,0.969,3.95608738968062,3.43920674799665,0.832442903389189,0.505112958942417
2007-04-20,0.0,585.18,6.4,6.4,478.09,2.9454989814617516,658.41,27.06629,750.88,3.17552224503765,2.27054970568104,0.715016154973943,0.219528466253919,0.207214753166224,16.85,1.1541095890411,212.45,3.09468317552804,0,-16.0641,4.11759799833194,1.37608385686463,0.451685660266874,1.30108445697626,0.601283991047423,33.3877563865537,51.0347891166449,14.7976986383577,0.969,3.95608738968062,3.43920674799665,0.832442903389189,0.505112958942417
2007-04-21,0.0,596.31,8.47,8.47,491.49,2.4046219561048368,658.41,27.06629,750.88,3.17552224503765,2.27054970568104,0.715016154973943,0.219528466253919,0.207214753166224,16.85,1.1541095890411,212.45,3.09468317552804,0,-16.0641,4.11759799833194,1.37608385686463,0.451685660266874,1.30108445697626,0.601283991047423,33.3877563865537,51.0347891166449,14.7976986383577,0.969,3.95608738968062,3.43920674799665,0.832442903389189,0.505112958942417
2007-04-22,0.27,504.83,11.03,11.03,569.01,2.1081170807585763,658.41,27.06629,750.88,3.17552224503765,2.27054970568104,0.715016154973943,0.219528466253919,0.207214753166224,16.85,1.1541095890411,212.45,3.09468317552804,0,-16.0641,4.11759799833194,1.37608385686463,0.451685660266874,1.30108445697626,0.601283991047423,33.3877563865537,51.0347891166449,14.7976986383577,0.969,3.95608738968062,3.43920674799665,0.832442903389189,0.505112958942417
2007-04-23,1.5,450.85,12.15,12.15,652.42,1.8702615214148732,658.41,27.06629,750.88,3.17552224503765,2.27054970568104,0.715016154973943,0.219528466253919,0.207214753166224,16.85,1.1541095890411,212.45,3.09468317552804,0,-16.0641,4.11759799833194,1.37608385686463,0.451685660266874,1.30108445697626,0.601283991047423,33.3877563865537,51.0347891166449,14.7976986383577,0.969,3.95608738968062,3.43920674799665,0.832442903389189,0.505112958942417
2007-04-24,1.49,497.88,13.63,13.63,698.96,1.860486635414447,658.41,27.06629,750.88,3.17552224503765,2.27054970568104,0.715016154973943,0.219528466253919,0.207214753166224,16.85,1.1541095890411,212.45,3.09468317552804,0,-16.0641,4.11759799833194,1.37608385686463,0.451685660266874,1.30108445697626,0.601283991047423,33.3877563865537,51.0347891166449,14.7976986383577,0.969,3.95608738968062,3.43920674799665,0.832442903389189,0.505112958942417
2007-04-25,9.53,414.95,10.04,10.04,669.41,2.033176288088643,658.41,27.06629,750.88,3.17552224503765,2.27054970568104,0.715016154973943,0.219528466253919,0.207214753166224,16.85,1.1541095890411,212.45,3.09468317552804,0,-16.0641,4.11759799833194,1.37608385686463,0.451685660266874,1.30108445697626,0.601283991047423,33.3877563865537,51.0347891166449,14.7976986383577,0.969,3.95608738968062,3.43920674799665,0.832442903389189,0.505112958942417
2007-04-26,5.44,220.37,5.99,5.99,711.17,2.4404632047730663,658.41,27.06629,750.88,3.17552224503765,2.27054970568104,0.715016154973943,0.219528466253919,0.207214753166224,16.85,1.1541095890411,212.45,3.09468317552804,0,-16.0641,4.11759799833194,1.37608385686463,0.451685660266874,1.30108445697626,0.601283991047423,33.3877563865537,51.0347891166449,14.7976986383577,0.969,3.95608738968062,3.43920674799665,0.832442903389189,0.505112958942417
2007-04-27,4.05,188.32,7.21,7.21,824.91,2.4176551374387385,658.41,27.06629,750.88,3.17552224503765,2.27054970568104,0.715016154973943,0.219528466253919,0.207214753166224,16.85,1.1541095890411,212.45,3.09468317552804,0,-16.0641,4.11759799833194,1.37608385686463,0.451685660266874,1.30108445697626,0.601283991047423,33.3877563865537,51.0347891166449,14.7976986383577,0.969,3.95608738968062,3.43920674799665,0.832442903389189,0.505112958942417
2007-04-28,1.23,392.13,9.99,9.99,808.55,2.8705581887918172,658.41,27.06629,750.88,3.17552224503765,2.27054970568104,0.715016154973943,0.219528466253919,0.207214753166224,16.85,1.1541095890411,212.45,3.09468317552804,0,-16.0641,4.11759799833194,1.37608385686463,0.451685660266874,1.30108445697626,0.601283991047423,33.3877563865537,51.0347891166449,14.7976986383577,0.969,3.95608738968062,3.43920674799665,0.832442903389189,0.505112958942417
2007-04-29,0.14,315.78,8.14,8.14,748.21,2.280806733432772,658.41,27.06629,750.88,3.17552224503765,2.27054970568104,0.715016154973943,0.219528466253919,0.207214753166224,16.85,1.1541095890411,212.45,3.09468317552804,0,-16.0641,4.11759799833194,1.37608385686463,0.451685660266874,1.30108445697626,0.601283991047423,33.3877563865537,51.0347891166449,14.7976986383577,0.969,3.95608738968062,3.43920674799665,0.832442903389189,0.505112958942417
2007-04-30,0.14,468.14,9.65,9.65,705.41,1.9908184487534624,658.41,27.06629,750.88,3.17552224503765,2.27054970568104,0.715016154973943,0.219528466253919,0.207214753166224,16.85,1.1541095890411,212.45,3.09468317552804,0,-16.0641,4.11759799833194,1.37608385686463,0.451685660266874,1.30108445697626,0.601283991047423,33.3877563865537,51.0347891166449,14.7976986383577,0.969,3.95608738968062,3.43920674799665,0.832442903389189,0.505112958942417
2007-05-01,8.31,430.31,9.26,9.26,632.07,1.902844474749627,658.41,27.06629,750.88,3.17552224503765,2.27054970568104,0.715016154973943,0.219528466253919,0.207214753166224,16.85,1.1541095890411,212.45,3.09468317552804,0,-16.0641,4.11759799833194,1.37608385686463,0.451685660266874,1.30108445697626,0.601283991047423,33.3877563865537,51.0347891166449,14.7976986383577,0.969,3.95608738968062,3.43920674799665,0.832442903389189,0.505112958942417
2007-05-02,2.18,538.81,7.16,7.16,555.06,3.0823473854677172,658.41,27.06629,750.88,3.17552224503765,2.27054970568104,0.715016154973943,0.219528466253919,0.207214753166224,16.85,1.1541095890411,212.45,3.09468317552804,0,-16.0641,4.11759799833194,1.37608385686463,0.451685660266874,1.30108445697626,0.601283991047423,33.3877563865537,51.0347891166449,14.7976986383577,0.969,3.95608738968062,3.43920674799665,0.832442903389189,0.505112958942417
2007-05-03,0.0,584.0,7.17,7.17,513.41,2.05598435542297,658.41,27.06629,750.88,3.17552224503765,2.27054970568104,0.715016154973943,0.219528466253919,0.207214753166224,16.85,1.1541095890411,212.45,3.09468317552804,0,-16.0641,4.11759799833194,1.37608385686463,0.451685660266874,1.30108445697626,0.601283991047423,33.3877563865537,51.0347891166449,14.7976986383577,0.969,3.95608738968062,3.43920674799665,0.832442903389189,0.505112958942417
2007-05-04,0.0,586.05,8.29,8.29,512.76,1.8507117494140208,658.41,27.06629,750.88,3.17552224503765,2.27054970568104,0.715016154973943,0.219528466253919,0.207214753166224,16.85,1.1541095890411,212.45,3.09468317552804,0,-16.0641,4.11759799833194,1.37608385686463,0.451685660266874,1.30108445697626,0.601283991047423,33.3877563865537,51.0347891166449,14.7976986383577,0.969,3.95608738968062,3.43920674799665,0.832442903389189,0.505112958942417
2007-05-05,0.0,592.09,7.99,7.99,481.67,1.6747638014063497,658.41,27.06629,750.88,3.17552224503765,2.27054970568104,0.715016154973943,0.219528466253919,0.207214753166224,16.85,1.1541095890411,212.45,3.09468317552804,0,-16.0641,4.11759799833194,1.37608385686463,0.451685660266874,1.30108445697626,0.601283991047423,33.3877563865537,51.0347891166449,14.7976986383577,0.969,3.95608738968062,3.43920674799665,0.832442903389189,0.505112958942417
2007-05-06,0.0,591.28,7.56,7.56,504.78,1.485782672064777,658.41,27.06629,750.88,3.17552224503765,2.27054970568104,0.715016154973943,0.219528466253919,0.207214753166224,16.85,1.1541095890411,212.45,3.09468317552804,0,-16.0641,4.11759799833194,1.37608385686463,0.451685660266874,1.30108445697626,0.601283991047423,33.3877563865537,51.0347891166449,14.7976986383577,0.969,3.95608738968062,3.43920674799665,0.832442903389189,0.505112958942417
2007-05-07,0.0,572.21,10.32,10.32,632.67,1.3196096100575323,658.41,27.06629,750.88,3.17552224503765,2.27054970568104,0.715016154973943,0.219528466253919,0.207214753166224,16.85,1.1541095890411,212.45,3.09468317552804,0,-16.0641,4.11759799833194,1.37608385686463,0.451685660266874,1.30108445697626,0.601283991047423,33.3877563865537,51.0347891166449,14.7976986383577,0.969,3.95608738968062,3.43920674799665,0.832442903389189,0.505112958942417
2007-05-08,0.0,575.69,11.86,11.86,713.21,1.1860195013850414,658.41,27.06629,750.88,3.17552224503765,2.27054970568104,0.715016154973943,0.219528466253919,0.207214753166224,16.85,1.1541095890411,212.45,3.09468317552804,0,-16.0641,4.11759799833194,1.37608385686463,0.451685660266874,1.30108445697626,0.601283991047423,33.3877563865537,51.0347891166449,14.7976986383577,0.969,3.95608738968062,3.43920674799665,0.832442903389189,0.505112958942417
2007-05-09,0.41,421.47,16.17,16.17,936.89,1.071979164713403,658.41,27.06629,750.88,3.17552224503765,2.27054970568104,0.715016154973943,0.219528466253919,0.207214753166224,16.85,1.1541095890411,212.45,3.09468317552804,0,-16.0641,4.11759799833194,1.37608385686463,0.451685660266874,1.30108445697626,0.601283991047423,33.3877563865537,51.0347891166449,14.7976986383577,0.969,3.95608738968062,3.43920674799665,0.832442903389189,0.505112958942417
2007-05-10,7.55,420.31,17.88,17.88,990.38,1.1469199573833369,658.41,27.06629,750.88,3.17552224503765,2.27054970568104,0.715016154973943,0.219528466253919,0.207214753166224,16.85,1.1541095890411,212.45,3.09468317552804,0,-16.0641,4.11759799833194,1.37608385686463,0.451685660266874,1.30108445697626,0.601283991047423,33.3877563865537,51.0347891166449,14.7976986383577,0.969,3.95608738968062,3.43920674799665,0.832442903389189,0.505112958942417
2007-05-11,2.06,442.36,14.8,14.8,878.28,1.1469199573833369,658.41,27.06629,750.88,3.17552224503765,2.27054970568104,0.715016154973943,0.219528466253919,0.207214753166224,16.85,1.1541095890411,212.45,3.09468317552804,0,-16.0641,4.11759799833194,1.37608385686463,0.451685660266874,1.30108445697626,0.601283991047423,33.3877563865537,51.0347891166449,14.7976986383577,0.969,3.95608738968062,3.43920674799665,0.832442903389189,0.505112958942417
2007-05-12,0.17,499.1,13.23,13.23,690.12,0.9286141700404857,658.41,27.06629,750.88,3.17552224503765,2.27054970568104,0.715016154973943,0.219528466253919,0.207214753166224,16.85,1.1541095890411,212.45,3.09468317552804,0,-16.0641,4.11759799833194,1.37608385686463,0.451685660266874,1.30108445697626,0.601283991047423,33.3877563865537,51.0347891166449,14.7976986383577,0.969,3.95608738968062,3.43920674799665,0.832442903389189,0.505112958942417
2007-05-13,0.04,582.8,8.56,8.56,495.53,0.8536733773705517,658.41,27.06629,750.88,3.17552224503765,2.27054970568104,0.715016154973943,0.219528466253919,0.207214753166224,16.85,1.1541095890411,212.45,3.09468317552804,0,-16.0641,4.11759799833194,1.37608385686463,0.451685660266874,1.30108445697626,0.601283991047423,33.3877563865537,51.0347891166449,14.7976986383577,0.969,3.95608738968062,3.43920674799665,0.832442903389189,0.505112958942417
2007-05-14,0.08,478.44,6.62,6.62,513.78,0.7428913360323885,658.41,27.06629,750.88,3.17552224503765,2.27054970568104,0.715016154973943,0.219528466253919,0.207214753166224,16.85,1.1541095890411,212.45,3.09468317552804,0,-16.0641,4.11759799833194,1.37608385686463,0.451685660266874,1.30108445697626,0.601283991047423,33.3877563865537,51.0347891166449,14.7976986383577,0.969,3.95608738968062,3.43920674799665,0.832442903389189,0.505112958942417
2007-05-15,2.18,434.21,11.18,11.18,727.22,0.6907586106967823,658.41,27.06629,750.88,3.17552224503765,2.27054970568104,0.715016154973943,0.219528466253919,0.207214753166224,16.85,1.1541095890411,212.45,3.09468317552804,0,-16.0641,4.11759799833194,1.37608385686463,0.451685660266874,1.30108445697626,0.601283991047423,33.3877563865537,51.0347891166449,14.7976986383577,0.969,3.95608738968062,3.43920674799665,0.832442903389189,0.505112958942417
2007-05-16,3.3,415.4,18.18,18.18,969.02,0.7135666780311101,658.41,27.06629,750.88,3.17552224503765,2.27054970568104,0.715016154973943,0.219528466253919,0.207214753166224,16.85,1.1541095890411,212.45,3.09468317552804,0,-16.0641,4.11759799833194,1.37608385686463,0.451685660266874,1.30108445697626,0.601283991047423,33.3877563865537,51.0347891166449,14.7976986383577,0.969,3.95608738968062,3.43920674799665,0.832442903389189,0.505112958942417
2007-05-17,1.95,400.33,10.25,10.25,645.75,0.6940169060302578,658.41,27.06629,750.88,3.17552224503765,2.27054970568104,0.715016154973943,0.219528466253919,0.207214753166224,16.85,1.1541095890411,212.45,3.09468317552804,0,-16.0641,4.11759799833194,1.37608385686463,0.451685660266874,1.30108445697626,0.601283991047423,33.3877563865537,51.0347891166449,14.7976986383577,0.969,3.95608738968062,3.43920674799665,0.832442903389189,0.505112958942417
2007-05-18,0.41,444.48,6.65,6.65,530.44,0.6353675900277007,658.41,27.06629,750.88,3.17552224503765,2.27054970568104,0.715016154973943,0.219528466253919,0.207214753166224,16.85,1.1541095890411,212.45,3.09468317552804,0,-16.0641,4.11759799833194,1.37608385686463,0.451685660266874,1.30108445697626,0.601283991047423,33.3877563865537,51.0347891166449,14.7976986383577,0.969,3.95608738968062,3.43920674799665,0.832442903389189,0.505112958942417
2007-05-19,0.37,420.62,8.12,8.12,572.21,0.570201683358193,658.41,27.06629,750.88,3.17552224503765,2.27054970568104,0.715016154973943,0.219528466253919,0.207214753166224,16.85,1.1541095890411,212.45,3.09468317552804,0,-16.0641,4.11759799833194,1.37608385686463,0.451685660266874,1.30108445697626,0.601283991047423,33.3877563865537,51.0347891166449,14.7976986383577,0.969,3.95608738968062,3.43920674799665,0.832442903389189,0.505112958942417
2007-05-20,1.0,436.94,9.79,9.79,574.38,0.5343604346899637,658.41,27.06629,750.88,3.17552224503765,2.27054970568104,0.715016154973943,0.219528466253919,0.207214753166224,16.85,1.1541095890411,212.45,3.09468317552804,0,-16.0641,4.11759799833194,1.37608385686463,0.451685660266874,1.30108445697626,0.601283991047423,33.3877563865537,51.0347891166449,14.7976986383577,0.969,3.95608738968062,3.43920674799665,0.832442903389189,0.505112958942417
2007-05-21,0.24,533.75,8.22,8.22,555.49,0.5213272533560622,658.41,27.06629,750.88,3.17552224503765,2.27054970568104,0.715016154973943,0.219528466253919,0.207214753166224,16.85,1.1541095890411,212.45,3.09468317552804,0,-16.0641,4.11759799833194,1.37608385686463,0.451685660266874,1.30108445697626,0.601283991047423,33.3877563865537,51.0347891166449,14.7976986383577,0.969,3.95608738968062,3.43920674799665,0.832442903389189,0.505112958942417
2007-05-22,0.0,565.92,8.8,8.8,596.98,0.4594196420200298,658.41,27.06629,750.88,3.17552224503765,2.27054970568104,0.715016154973943,0.219528466253919,0.207214753166224,16.85,1.1541095890411,212.45,3.09468317552804,0,-16.0641,4.11759799833194,1.37608385686463,0.451685660266874,1.30108445697626,0.601283991047423,33.3877563865537,51.0347891166449,14.7976986383577,0.969,3.95608738968062,3.43920674799665,0.832442903389189,0.505112958942417
2007-05-23,0.0,569.51,13.42,13.42,785.51,0.4300949840187513,658.41,27.06629,750.88,3.17552224503765,2.27054970568104,0.715016154973943,0.219528466253919,0.207214753166224,16.85,1.1541095890411,212.45,3.09468317552804,0,-16.0641,4.11759799833194,1.37608385686463,0.451685660266874,1.30108445697626,0.601283991047423,33.3877563865537,51.0347891166449,14.7976986383577,0.969,3.95608738968062,3.43920674799665,0.832442903389189,0.505112958942417
2007-05-24,0.0,545.59,17.88,17.88,1014.8,0.4007703260174728,658.41,27.06629,750.88,3.17552224503765,2.27054970568104,0.715016154973943,0.219528466253919,0.207214753166224,16.85,1.1541095890411,212.45,3.09468317552804,0,-16.0641,4.11759799833194,1.37608385686463,0.451685660266874,1.30108445697626,0.601283991047423,33.3877563865537,51.0347891166449,14.7976986383577,0.969,3.95608738968062,3.43920674799665,0.832442903389189,0.505112958942417
2007-05-25,3.25,413.31,19.89,19.89,1187.03,0.3747039633496697,658.41,27.06629,750.88,3.17552224503765,2.27054970568104,0.715016154973943,0.219528466253919,0.207214753166224,16.85,1.1541095890411,212.45,3.09468317552804,0,-16.0641,4.11759799833194,1.37608385686463,0.451685660266874,1.30108445697626,0.601283991047423,33.3877563865537,51.0347891166449,14.7976986383577,0.969,3.95608738968062,3.43920674799665,0.832442903389189,0.505112958942417
2007-05-26,1.77,398.11,19.81,19.81,1235.55,0.3779622586831451,658.41,27.06629,750.88,3.17552224503765,2.27054970568104,0.715016154973943,0.219528466253919,0.207214753166224,16.85,1.1541095890411,212.45,3.09468317552804,0,-16.0641,4.11759799833194,1.37608385686463,0.451685660266874,1.30108445697626,0.601283991047423,33.3877563865537,51.0347891166449,14.7976986383577,0.969,3.95608738968062,3.43920674799665,0.832442903389189,0.505112958942417
2007-05-27,1.33,336.14,17.51,17.51,1157.42,0.36167078201576813,658.41,27.06629,750.88,3.17552224503765,2.27054970568104,0.715016154973943,0.219528466253919,0.207214753166224,16.85,1.1541095890411,212.45,3.09468317552804,0,-16.0641,4.11759799833194,1.37608385686463,0.451685660266874,1.30108445697626,0.601283991047423,33.3877563865537,51.0347891166449,14.7976986383577,0.969,3.95608738968062,3.43920674799665,0.832442903389189,0.505112958942417
2007-05-28,0.29,554.46,16.52,16.52,885.87,0.33234612401448965,658.41,27.06629,750.88,3.17552224503765,2.27054970568104,0.715016154973943,0.219528466253919,0.207214753166224,16.85,1.1541095890411,212.45,3.09468317552804,0,-16.0641,4.11759799833194,1.37608385686463,0.451685660266874,1.30108445697626,0.601283991047423,33.3877563865537,51.0347891166449,14.7976986383577,0.969,3.95608738968062,3.43920674799665,0.832442903389189,0.505112958942417
2007-05-29,0.0,531.14,12.41,12.41,760.97,0.2867299893458342,658.41,27.06629,750.88,3.17552224503765,2.27054970568104,0.715016154973943,0.219528466253919,0.207214753166224,16.85,1.1541095890411,212.45,3.09468317552804,0,-16.0641,4.11759799833194,1.37608385686463,0.451685660266874,1.30108445697626,0.601283991047423,33.3877563865537,51.0347891166449,14.7976986383577,0.969,3.95608738968062,3.43920674799665,0.832442903389189,0.505112958942417
2007-05-30,0.02,526.61,16.08,16.08,905.6,0.2671802173449819,658.41,27.06629,750.88,3.17552224503765,2.27054970568104,0.715016154973943,0.219528466253919,0.207214753166224,16.85,1.1541095890411,212.45,3.09468317552804,0,-16.0641,4.11759799833194,1.37608385686463,0.451685660266874,1.30108445697626,0.601283991047423,33.3877563865537,51.0347891166449,14.7976986383577,0.969,3.95608738968062,3.43920674799665,0.832442903389189,0.505112958942417
2007-05-31,0.33,416.97,18.51,18.51,1073.11,0.25414703601108035,658.41,27.06629,750.88,3.17552224503765,2.27054970568104,0.715016154973943,0.219528466253919,0.207214753166224,16.85,1.1541095890411,212.45,3.09468317552804,0,-16.0641,4.11759799833194,1.37608385686463,0.451685660266874,1.30108445697626,0.601283991047423,33.3877563865537,51.0347891166449,14.7976986383577,0.969,3.95608738968062,3.43920674799665,0.832442903389189,0.505112958942417
2007-06-01,0.7,454.63,19.89,19.89,1183.51,0.24763044534412954,658.41,27.06629,750.88,3.17552224503765,2.27054970568104,0.715016154973943,0.219528466253919,0.207214753166224,16.85,1.1541095890411,212.45,3.09468317552804,0,-16.0641,4.11759799833194,1.37608385686463,0.451685660266874,1.30108445697626,0.601283991047423,33.3877563865537,51.0347891166449,14.7976986383577,0.969,3.95608738968062,3.43920674799665,0.832442903389189,0.505112958942417
2007-06-02,5.48,389.66,20.1,20.1,1275.81,0.24111385467717877,658.41,27.06629,750.88,3.17552224503765,2.27054970568104,0.715016154973943,0.219528466253919,0.207214753166224,16.85,1.1541095890411,212.45,3.09468317552804,0,-16.0641,4.11759799833194,1.37608385686463,0.451685660266874,1.30108445697626,0.601283991047423,33.3877563865537,51.0347891166449,14.7976986383577,0.969,3.95608738968062,3.43920674799665,0.832442903389189,0.505112958942417
2007-06-03,15.47,391.73,20.47,20.47,1318.77,0.3486376006818666,658.41,27.06629,750.88,3.17552224503765,2.27054970568104,0.715016154973943,0.219528466253919,0.207214753166224,16.85,1.1541095890411,212.45,3.09468317552804,0,-16.0641,4.11759799833194,1.37608385686463,0.451685660266874,1.30108445697626,0.601283991047423,33.3877563865537,51.0347891166449,14.7976986383577,0.969,3.95608738968062,3.43920674799665,0.832442903389189,0.505112958942417
2007-06-04,9.02,327.03,18.73,18.73,1343.29,0.5311021393564883,658.41,27.06629,750.88,3.17552224503765,2.27054970568104,0.715016154973943,0.219528466253919,0.207214753166224,16.85,1.1541095890411,212.45,3.09468317552804,0,-16.0641,4.11759799833194,1.37608385686463,0.451685660266874,1.30108445697626,0.601283991047423,33.3877563865537,51.0347891166449,14.7976986383577,0.969,3.95608738968062,3.43920674799665,0.832442903389189,0.505112958942417
2007-06-05,2.8,253.81,16.61,16.61,1205.41,0.5930097506925207,658.41,27.06629,750.88,3.17552224503765,2.27054970568104,0.715016154973943,0.219528466253919,0.207214753166224,16.85,1.1541095890411,212.45,3.09468317552804,0,-16.0641,4.11759799833194,1.37608385686463,0.451685660266874,1.30108445697626,0.601283991047423,33.3877563865537,51.0347891166449,14.7976986383577,0.969,3.95608738968062,3.43920674799665,0.832442903389189,0.505112958942417
2007-06-06,0.37,527.14,10.53,10.53,716.03,0.3779622586831451,658.41,27.06629,750.88,3.17552224503765,2.27054970568104,0.715016154973943,0.219528466253919,0.207214753166224,16.85,1.1541095890411,212.45,3.09468317552804,0,-16.0641,4.11759799833194,1.37608385686463,0.451685660266874,1.30108445697626,0.601283991047423,33.3877563865537,51.0347891166449,14.7976986383577,0.969,3.95608738968062,3.43920674799665,0.832442903389189,0.505112958942417
2007-06-07,0.13,500.61,8.99,8.99,683.83,0.3030214660132111,658.41,27.06629,750.88,3.17552224503765,2.27054970568104,0.715016154973943,0.219528466253919,0.207214753166224,16.85,1.1541095890411,212.45,3.09468317552804,0,-16.0641,4.11759799833194,1.37608385686463,0.451685660266874,1.30108445697626,0.601283991047423,33.3877563865537,51.0347891166449,14.7976986383577,0.969,3.95608738968062,3.43920674799665,0.832442903389189,0.505112958942417
2007-06-08,8.29,433.52,13.99,13.99,843.22,0.27369680801193264,658.41,27.06629,750.88,3.17552224503765,2.27054970568104,0.715016154973943,0.219528466253919,0.207214753166224,16.85,1.1541095890411,212.45,3.09468317552804,0,-16.0641,4.11759799833194,1.37608385686463,0.451685660266874,1.30108445697626,0.601283991047423,33.3877563865537,51.0347891166449,14.7976986383577,0.969,3.95608738968062,3.43920674799665,0.832442903389189,0.505112958942417
2007-06-09,2.17,572.51,17.73,17.73,904.31,0.3486376006818666,658.41,27.06629,750.88,3.17552224503765,2.27054970568104,0.715016154973943,0.219528466253919,0.207214753166224,16.85,1.1541095890411,212.45,3.09468317552804,0,-16.0641,4.11759799833194,1.37608385686463,0.451685660266874,1.30108445697626,0.601283991047423,33.3877563865537,51.0347891166449,14.7976986383577,0.969,3.95608738968062,3.43920674799665,0.832442903389189,0.505112958942417
2007-06-10,0.0,562.21,13.47,13.47,764.18,0.276955103345408,658.41,27.06629,750.88,3.17552224503765,2.27054970568104,0.715016154973943,0.219528466253919,0.207214753166224,16.85,1.1541095890411,212.45,3.09468317552804,0,-16.0641,4.11759799833194,1.37608385686463,0.451685660266874,1.30108445697626,0.601283991047423,33.3877563865537,51.0347891166449,14.7976986383577,0.969,3.95608738968062,3.43920674799665,0.832442903389189,0.505112958942417
2007-06-11,0.0,573.37,13.9,13.9,791.99,0.22482237800980182,658.41,27.06629,750.88,3.17552224503765,2.27054970568104,0.715016154973943,0.219528466253919,0.207214753166224,16.85,1.1541095890411,212.45,3.09468317552804,0,-16.0641,4.11759799833194,1.37608385686463,0.451685660266874,1.30108445697626,0.601283991047423,33.3877563865537,51.0347891166449,14.7976986383577,0.969,3.95608738968062,3.43920674799665,0.832442903389189,0.505112958942417
2007-06-12,0.0,558.94,15.13,15.13,896.96,0.20527260600894948,658.41,27.06629,750.88,3.17552224503765,2.27054970568104,0.715016154973943,0.219528466253919,0.207214753166224,16.85,1.1541095890411,212.45,3.09468317552804,0,-16.0641,4.11759799833194,1.37608385686463,0.451685660266874,1.30108445697626,0.601283991047423,33.3877563865537,51.0347891166449,14.7976986383577,0.969,3.95608738968062,3.43920674799665,0.832442903389189,0.505112958942417
2007-06-13,0.03,507.3,18.16,18.16,1040.0,0.19875601534199872,658.41,27.06629,750.88,3.17552224503765,2.27054970568104,0.715016154973943,0.219528466253919,0.207214753166224,16.85,1.1541095890411,212.45,3.09468317552804,0,-16.0641,4.11759799833194,1.37608385686463,0.451685660266874,1.30108445697626,0.601283991047423,33.3877563865537,51.0347891166449,14.7976986383577,0.969,3.95608738968062,3.43920674799665,0.832442903389189,0.505112958942417
2007-06-14,0.01,545.83,19.0,19.0,1017.95,0.18572283400809714,658.41,27.06629,750.88,3.17552224503765,2.27054970568104,0.715016154973943,0.219528466253919,0.207214753166224,16.85,1.1541095890411,212.45,3.09468317552804,0,-16.0641,4.11759799833194,1.37608385686463,0.451685660266874,1.30108445697626,0.601283991047423,33.3877563865537,51.0347891166449,14.7976986383577,0.969,3.95608738968062,3.43920674799665,0.832442903389189,0.505112958942417
2007-06-15,0.0,557.13,15.53,15.53,839.28,0.1726896526741956,658.41,27.06629,750.88,3.17552224503765,2.27054970568104,0.715016154973943,0.219528466253919,0.207214753166224,16.85,1.1541095890411,212.45,3.09468317552804,0,-16.0641,4.11759799833194,1.37608385686463,0.451685660266874,1.30108445697626,0.601283991047423,33.3877563865537,51.0347891166449,14.7976986383577,0.969,3.95608738968062,3.43920674799665,0.832442903389189,0.505112958942417
2007-06-16,0.0,561.95,16.27,16.27,879.99,0.16617306200724483,658.41,27.06629,750.88,3.17552224503765,2.27054970568104,0.715016154973943,0.219528466253919,0.207214753166224,16.85,1.1541095890411,212.45,3.09468317552804,0,-16.0641,4.11759799833194,1.37608385686463,0.451685660266874,1.30108445697626,0.601283991047423,33.3877563865537,51.0347891166449,14.7976986383577,0.969,3.95608738968062,3.43920674799665,0.832442903389189,0.505112958942417
2007-06-17,0.0,559.15,18.11,18.11,972.13,0.15965647134029404,658.41,27.06629,750.88,3.17552224503765,2.27054970568104,0.715016154973943,0.219528466253919,0.207214753166224,16.85,1.1541095890411,212.45,3.09468317552804,0,-16.0641,4.11759799833194,1.37608385686463,0.451685660266874,1.30108445697626,0.601283991047423,33.3877563865537,51.0347891166449,14.7976986383577,0.969,3.95608738968062,3.43920674799665,0.832442903389189,0.505112958942417
2007-06-18,0.12,550.2,19.63,19.63,1075.18,0.1466232900063925,658.41,27.06629,750.88,3.17552224503765,2.27054970568104,0.715016154973943,0.219528466253919,0.207214753166224,16.85,1.1541095890411,212.45,3.09468317552804,0,-16.0641,4.11759799833194,1.37608385686463,0.451685660266874,1.30108445697626,0.601283991047423,33.3877563865537,51.0347891166449,14.7976986383577,0.969,3.95608738968062,3.43920674799665,0.832442903389189,0.505112958942417
2007-06-19,16.79,401.34,20.73,20.73,1206.27,0.16617306200724483,658.41,27.06629,750.88,3.17552224503765,2.27054970568104,0.715016154973943,0.219528466253919,0.207214753166224,16.85,1.1541095890411,212.45,3.09468317552804,0,-16.0641,4.11759799833194,1.37608385686463,0.451685660266874,1.30108445697626,0.601283991047423,33.3877563865537,51.0347891166449,14.7976986383577,0.969,3.95608738968062,3.43920674799665,0.832442903389189,0.505112958942417
2007-06-20,4.41,557.01,18.71,18.71,994.14,0.29650487534626035,658.41,27.06629,750.88,3.17552224503765,2.27054970568104,0.715016154973943,0.219528466253919,0.207214753166224,16.85,1.1541095890411,212.45,3.09468317552804,0,-16.0641,4.11759799833194,1.37608385686463,0.451685660266874,1.30108445697626,0.601283991047423,33.3877563865537,51.0347891166449,14.7976986383577,0.969,3.95608738968062,3.43920674799665,0.832442903389189,0.505112958942417
2007-06-21,1.61,451.4,14.14,14.14,837.98,0.1954977200085233,658.41,27.06629,750.88,3.17552224503765,2.27054970568104,0.715016154973943,0.219528466253919,0.207214753166224,16.85,1.1541095890411,212.45,3.09468317552804,0,-16.0641,4.11759799833194,1.37608385686463,0.451685660266874,1.30108445697626,0.601283991047423,33.3877563865537,51.0347891166449,14.7976986383577,0.969,3.95608738968062,3.43920674799665,0.832442903389189,0.505112958942417
2007-06-22,0.42,550.3,14.55,14.55,789.8,0.15965647134029404,658.41,27.06629,750.88,3.17552224503765,2.27054970568104,0.715016154973943,0.219528466253919,0.207214753166224,16.85,1.1541095890411,212.45,3.09468317552804,0,-16.0641,4.11759799833194,1.37608385686463,0.451685660266874,1.30108445697626,0.601283991047423,33.3877563865537,51.0347891166449,14.7976986383577,0.969,3.95608738968062,3.43920674799665,0.832442903389189,0.505112958942417
2007-06-23,0.0,573.59,11.38,11.38,650.45,0.1433649946729171,658.41,27.06629,750.88,3.17552224503765,2.27054970568104,0.715016154973943,0.219528466253919,0.207214753166224,16.85,1.1541095890411,212.45,3.09468317552804,0,-16.0641,4.11759799833194,1.37608385686463,0.451685660266874,1.30108445697626,0.601283991047423,33.3877563865537,51.0347891166449,14.7976986383577,0.969,3.95608738968062,3.43920674799665,0.832442903389189,0.505112958942417
2007-06-24,0.0,560.89,12.45,12.45,727.97,0.13359010867249094,658.41,27.06629,750.88,3.17552224503765,2.27054970568104,0.715016154973943,0.219528466253919,0.207214753166224,16.85,1.1541095890411,212.45,3.09468317552804,0,-16.0641,4.11759799833194,1.37608385686463,0.451685660266874,1.30108445697626,0.601283991047423,33.3877563865537,51.0347891166449,14.7976986383577,0.969,3.95608738968062,3.43920674799665,0.832442903389189,0.505112958942417
2007-06-25,0.0,571.7,15.75,15.75,878.7,0.12381522267206477,658.41,27.06629,750.88,3.17552224503765,2.27054970568104,0.715016154973943,0.219528466253919,0.207214753166224,16.85,1.1541095890411,212.45,3.09468317552804,0,-16.0641,4.11759799833194,1.37608385686463,0.451685660266874,1.30108445697626,0.601283991047423,33.3877563865537,51.0347891166449,14.7976986383577,0.969,3.95608738968062,3.43920674799665,0.832442903389189,0.505112958942417
2007-06-26,0.04,536.3,19.1,19.1,1131.7,0.11729863200511399,658.41,27.06629,750.88,3.17552224503765,2.27054970568104,0.715016154973943,0.219528466253919,0.207214753166224,16.85,1.1541095890411,212.45,3.09468317552804,0,-16.0641,4.11759799833194,1.37608385686463,0.451685660266874,1.30108445697626,0.601283991047423,33.3877563865537,51.0347891166449,14.7976986383577,0.969,3.95608738968062,3.43920674799665,0.832442903389189,0.505112958942417
2007-06-27,8.56,398.82,21.89,21.89,1446.31,0.13684840400596632,658.41,27.06629,750.88,3.17552224503765,2.27054970568104,0.715016154973943,0.219528466253919,0.207214753166224,16.85,1.1541095890411,212.45,3.09468317552804,0,-16.0641,4.11759799833194,1.37608385686463,0.451685660266874,1.30108445697626,0.601283991047423,33.3877563865537,51.0347891166449,14.7976986383577,0.969,3.95608738968062,3.43920674799665,0.832442903389189,0.505112958942417
2007-06-28,9.5,364.77,23.46,23.46,1572.6,0.23785555934370337,658.41,27.06629,750.88,3.17552224503765,2.27054970568104,0.715016154973943,0.219528466253919,0.207214753166224,16.85,1.1541095890411,212.45,3.09468317552804,0,-16.0641,4.11759799833194,1.37608385686463,0.451685660266874,1.30108445697626,0.601283991047423,33.3877563865537,51.0347891166449,14.7976986383577,0.969,3.95608738968062,3.43920674799665,0.832442903389189,0.505112958942417
2007-06-29,1.94,431.55,18.38,18.38,1138.8,0.21178919667590027,658.41,27.06629,750.88,3.17552224503765,2.27054970568104,0.715016154973943,0.219528466253919,0.207214753166224,16.85,1.1541095890411,212.45,3.09468317552804,0,-16.0641,4.11759799833194,1.37608385686463,0.451685660266874,1.30108445697626,0.601283991047423,33.3877563865537,51.0347891166449,14.7976986383577,0.969,3.95608738968062,3.43920674799665,0.832442903389189,0.505112958942417
2007-06-30,0.03,491.84,13.74,13.74,809.72,0.15313988067334328,658.41,27.06629,750.88,3.17552224503765,2.27054970568104,0.715016154973943,0.219528466253919,0.207214753166224,16.85,1.1541095890411,212.45,3.09468317552804,0,-16.0641,4.11759799833194,1.37608385686463,0.451685660266874,1.30108445697626,0.601283991047423,33.3877563865537,51.0347891166449,14.7976986383577,0.969,3.95608738968062,3.43920674799665,0.832442903389189,0.505112958942417
2007-07-01,0.01,528.91,13.44,13.44,780.14,0.13033181333901556,658.41,27.06629,750.88,3.17552224503765,2.27054970568104,0.715016154973943,0.219528466253919,0.207214753166224,16.85,1.1541095890411,212.45,3.09468317552804,0,-16.0641,4.11759799833194,1.37608385686463,0.451685660266874,1.30108445697626,0.601283991047423,33.3877563865537,51.0347891166449,14.7976986383577,0.969,3.95608738968062,3.43920674799665,0.832442903389189,0.505112958942417
2007-07-02,0.0,563.74,11.39,11.39,688.21,0.11729863200511399,658.41,27.06629,750.88,3.17552224503765,2.27054970568104,0.715016154973943,0.219528466253919,0.207214753166224,16.85,1.1541095890411,212.45,3.09468317552804,0,-16.0641,4.11759799833194,1.37608385686463,0.451685660266874,1.30108445697626,0.601283991047423,33.3877563865537,51.0347891166449,14.7976986383577,0.969,3.95608738968062,3.43920674799665,0.832442903389189,0.505112958942417
2007-07-03,0.23,478.97,12.69,12.69,751.89,0.10752374600468782,658.41,27.06629,750.88,3.17552224503765,2.27054970568104,0.715016154973943,0.219528466253919,0.207214753166224,16.85,1.1541095890411,212.45,3.09468317552804,0,-16.0641,4.11759799833194,1.37608385686463,0.451685660266874,1.30108445697626,0.601283991047423,33.3877563865537,51.0347891166449,14.7976986383577,0.969,3.95608738968062,3.43920674799665,0.832442903389189,0.505112958942417
2007-07-04,4.29,415.11,14.36,14.36,958.15,0.11078204133816322,658.41,27.06629,750.88,3.17552224503765,2.27054970568104,0.715016154973943,0.219528466253919,0.207214753166224,16.85,1.1541095890411,212.45,3.09468317552804,0,-16.0641,4.11759799833194,1.37608385686463,0.451685660266874,1.30108445697626,0.601283991047423,33.3877563865537,51.0347891166449,14.7976986383577,0.969,3.95608738968062,3.43920674799665,0.832442903389189,0.505112958942417
2007-07-05,8.69,182.35,15.77,15.77,1290.04,0.13684840400596632,658.41,27.06629,750.88,3.17552224503765,2.27054970568104,0.715016154973943,0.219528466253919,0.207214753166224,16.85,1.1541095890411,212.45,3.09468317552804,0,-16.0641,4.11759799833194,1.37608385686463,0.451685660266874,1.30108445697626,0.601283991047423,33.3877563865537,51.0347891166449,14.7976986383577,0.969,3.95608738968062,3.43920674799665,0.832442903389189,0.505112958942417
2007-07-06,1.99,485.36,17.26,17.26,1166.86,0.14988158533986787,658.41,27.06629,750.88,3.17552224503765,2.27054970568104,0.715016154973943,0.219528466253919,0.207214753166224,16.85,1.1541095890411,212.45,3.09468317552804,0,-16.0641,4.11759799833194,1.37608385686463,0.451685660266874,1.30108445697626,0.601283991047423,33.3877563865537,51.0347891166449,14.7976986383577,0.969,3.95608738968062,3.43920674799665,0.832442903389189,0.505112958942417
2007-07-07,0.18,490.69,17.43,17.43,1081.28,0.12707351800554018,658.41,27.06629,750.88,3.17552224503765,2.27054970568104,0.715016154973943,0.219528466253919,0.207214753166224,16.85,1.1541095890411,212.45,3.09468317552804,0,-16.0641,4.11759799833194,1.37608385686463,0.451685660266874,1.30108445697626,0.601283991047423,33.3877563865537,51.0347891166449,14.7976986383577,0.969,3.95608738968062,3.43920674799665,0.832442903389189,0.505112958942417
2007-07-08,0.05,537.31,18.41,18.41,1163.98,0.11078204133816322,658.41,27.06629,750.88,3.17552224503765,2.27054970568104,0.715016154973943,0.219528466253919,0.207214753166224,16.85,1.1541095890411,212.45,3.09468317552804,0,-16.0641,4.11759799833194,1.37608385686463,0.451685660266874,1.30108445697626,0.601283991047423,33.3877563865537,51.0347891166449,14.7976986383577,0.969,3.95608738968062,3.43920674799665,0.832442903389189,0.505112958942417
2007-07-09,0.34,405.06,21.13,21.13,1425.04,0.09449056467078627,658.41,27.06629,750.88,3.17552224503765,2.27054970568104,0.715016154973943,0.219528466253919,0.207214753166224,16.85,1.1541095890411,212.45,3.09468317552804,0,-16.0641,4.11759799833194,1.37608385686463,0.451685660266874,1.30108445697626,0.601283991047423,33.3877563865537,51.0347891166449,14.7976986383577,0.969,3.95608738968062,3.43920674799665,0.832442903389189,0.505112958942417
2007-07-10,0.35,451.73,22.73,22.73,1564.72,0.08797397400383548,658.41,27.06629,750.88,3.17552224503765,2.27054970568104,0.715016154973943,0.219528466253919,0.207214753166224,16.85,1.1541095890411,212.45,3.09468317552804,0,-16.0641,4.11759799833194,1.37608385686463,0.451685660266874,1.30108445697626,0.601283991047423,33.3877563865537,51.0347891166449,14.7976986383577,0.969,3.95608738968062,3.43920674799665,0.832442903389189,0.505112958942417
2007-07-11,5.11,370.13,23.17,23.17,1505.63,0.09774886000426165,658.41,27.06629,750.88,3.17552224503765,2.27054970568104,0.715016154973943,0.219528466253919,0.207214753166224,16.85,1.1541095890411,212.45,3.09468317552804,0,-16.0641,4.11759799833194,1.37608385686463,0.451685660266874,1.30108445697626,0.601283991047423,33.3877563865537,51.0347891166449,14.7976986383577,0.969,3.95608738968062,3.43920674799665,0.832442903389189,0.505112958942417
2007-07-12,3.06,414.13,15.32,15.32,943.47,0.11404033667163861,658.41,27.06629,750.88,3.17552224503765,2.27054970568104,0.715016154973943,0.219528466253919,0.207214753166224,16.85,1.1541095890411,212.45,3.09468317552804,0,-16.0641,4.11759799833194,1.37608385686463,0.451685660266874,1.30108445697626,0.601283991047423,33.3877563865537,51.0347891166449,14.7976986383577,0.969,3.95608738968062,3.43920674799665,0.832442903389189,0.505112958942417
2007-07-13,0.54,408.4,14.54,14.54,911.58,0.11404033667163861,658.41,27.06629,750.88,3.17552224503765,2.27054970568104,0.715016154973943,0.219528466253919,0.207214753166224,16.85,1.1541095890411,212.45,3.09468317552804,0,-16.0641,4.11759799833194,1.37608385686463,0.451685660266874,1.30108445697626,0.601283991047423,33.3877563865537,51.0347891166449,14.7976986383577,0.969,3.95608738968062,3.43920674799665,0.832442903389189,0.505112958942417
2007-07-14,1.05,414.3,14.46,14.46,897.81,0.10426545067121244,658.41,27.06629,750.88,3.17552224503765,2.27054970568104,0.715016154973943,0.219528466253919,0.207214753166224,16.85,1.1541095890411,212.45,3.09468317552804,0,-16.0641,4.11759799833194,1.37608385686463,0.451685660266874,1.30108445697626,0.601283991047423,33.3877563865537,51.0347891166449,14.7976986383577,0.969,3.95608738968062,3.43920674799665,0.832442903389189,0.505112958942417
2007-07-15,0.94,484.1,15.77,15.77,914.06,0.10100715533773705,658.41,27.06629,750.88,3.17552224503765,2.27054970568104,0.715016154973943,0.219528466253919,0.207214753166224,16.85,1.1541095890411,212.45,3.09468317552804,0,-16.0641,4.11759799833194,1.37608385686463,0.451685660266874,1.30108445697626,0.601283991047423,33.3877563865537,51.0347891166449,14.7976986383577,0.969,3.95608738968062,3.43920674799665,0.832442903389189,0.505112958942417
2007-07-16,0.34,546.29,15.7,15.7,881.76,0.08797397400383548,658.41,27.06629,750.88,3.17552224503765,2.27054970568104,0.715016154973943,0.219528466253919,0.207214753166224,16.85,1.1541095890411,212.45,3.09468317552804,0,-16.0641,4.11759799833194,1.37608385686463,0.451685660266874,1.30108445697626,0.601283991047423,33.3877563865537,51.0347891166449,14.7976986383577,0.969,3.95608738968062,3.43920674799665,0.832442903389189,0.505112958942417
2007-07-17,13.36,415.4,16.25,16.25,975.61,0.0847156786703601,658.41,27.06629,750.88,3.17552224503765,2.27054970568104,0.715016154973943,0.219528466253919,0.207214753166224,16.85,1.1541095890411,212.45,3.09468317552804,0,-16.0641,4.11759799833194,1.37608385686463,0.451685660266874,1.30108445697626,0.601283991047423,33.3877563865537,51.0347891166449,14.7976986383577,0.969,3.95608738968062,3.43920674799665,0.832442903389189,0.505112958942417
2007-07-18,10.68,386.73,16.47,16.47,1167.67,0.13684840400596632,658.41,27.06629,750.88,3.17552224503765,2.27054970568104,0.715016154973943,0.219528466253919,0.207214753166224,16.85,1.1541095890411,212.45,3.09468317552804,0,-16.0641,4.11759799833194,1.37608385686463,0.451685660266874,1.30108445697626,0.601283991047423,33.3877563865537,51.0347891166449,14.7976986383577,0.969,3.95608738968062,3.43920674799665,0.832442903389189,0.505112958942417
2007-07-19,13.81,265.67,19.08,19.08,1476.03,0.46593623268698053,658.41,27.06629,750.88,3.17552224503765,2.27054970568104,0.715016154973943,0.219528466253919,0.207214753166224,16.85,1.1541095890411,212.45,3.09468317552804,0,-16.0641,4.11759799833194,1.37608385686463,0.451685660266874,1.30108445697626,0.601283991047423,33.3877563865537,51.0347891166449,14.7976986383577,0.969,3.95608738968062,3.43920674799665,0.832442903389189,0.505112958942417
2007-07-20,3.82,325.72,16.58,16.58,1190.15,0.2899882846793096,658.41,27.06629,750.88,3.17552224503765,2.27054970568104,0.715016154973943,0.219528466253919,0.207214753166224,16.85,1.1541095890411,212.45,3.09468317552804,0,-16.0641,4.11759799833194,1.37608385686463,0.451685660266874,1.30108445697626,0.601283991047423,33.3877563865537,51.0347891166449,14.7976986383577,0.969,3.95608738968062,3.43920674799665,0.832442903389189,0.505112958942417
2007-07-21,0.18,548.93,14.07,14.07,875.97,0.16617306200724483,658.41,27.06629,750.88,3.17552224503765,2.27054970568104,0.715016154973943,0.219528466253919,0.207214753166224,16.85,1.1541095890411,212.45,3.09468317552804,0,-16.0641,4.11759799833194,1.37608385686463,0.451685660266874,1.30108445697626,0.601283991047423,33.3877563865537,51.0347891166449,14.7976986383577,0.969,3.95608738968062,3.43920674799665,0.832442903389189,0.505112958942417
2007-07-22,0.07,546.43,14.53,14.53,860.64,0.13359010867249094,658.41,27.06629,750.88,3.17552224503765,2.27054970568104,0.715016154973943,0.219528466253919,0.207214753166224,16.85,1.1541095890411,212.45,3.09468317552804,0,-16.0641,4.11759799833194,1.37608385686463,0.451685660266874,1.30108445697626,0.601283991047423,33.3877563865537,51.0347891166449,14.7976986383577,0.969,3.95608738968062,3.43920674799665,0.832442903389189,0.505112958942417
2007-07-23,3.14,405.13,14.45,14.45,937.88,0.11078204133816322,658.41,27.06629,750.88,3.17552224503765,2.27054970568104,0.715016154973943,0.219528466253919,0.207214753166224,16.85,1.1541095890411,212.45,3.09468317552804,0,-16.0641,4.11759799833194,1.37608385686463,0.451685660266874,1.30108445697626,0.601283991047423,33.3877563865537,51.0347891166449,14.7976986383577,0.969,3.95608738968062,3.43920674799665,0.832442903389189,0.505112958942417
2007-07-24,1.27,375.09,14.9,14.9,1047.75,0.11404033667163861,658.41,27.06629,750.88,3.17552224503765,2.27054970568104,0.715016154973943,0.219528466253919,0.207214753166224,16.85,1.1541095890411,212.45,3.09468317552804,0,-16.0641,4.11759799833194,1.37608385686463,0.451685660266874,1.30108445697626,0.601283991047423,33.3877563865537,51.0347891166449,14.7976986383577,0.969,3.95608738968062,3.43920674799665,0.832442903389189,0.505112958942417
2007-07-25,0.17,486.96,17.08,17.08,1167.57,0.11078204133816322,658.41,27.06629,750.88,3.17552224503765,2.27054970568104,0.715016154973943,0.219528466253919,0.207214753166224,16.85,1.1541095890411,212.45,3.09468317552804,0,-16.0641,4.11759799833194,1.37608385686463,0.451685660266874,1.30108445697626,0.601283991047423,33.3877563865537,51.0347891166449,14.7976986383577,0.969,3.95608738968062,3.43920674799665,0.832442903389189,0.505112958942417
2007-07-26,6.77,377.38,18.7,18.7,1315.21,0.11729863200511399,658.41,27.06629,750.88,3.17552224503765,2.27054970568104,0.715016154973943,0.219528466253919,0.207214753166224,16.85,1.1541095890411,212.45,3.09468317552804,0,-16.0641,4.11759799833194,1.37608385686463,0.451685660266874,1.30108445697626,0.601283991047423,33.3877563865537,51.0347891166449,14.7976986383577,0.969,3.95608738968062,3.43920674799665,0.832442903389189,0.505112958942417
2007-07-27,2.34,342.28,19.3,19.3,1409.78,0.1954977200085233,658.41,27.06629,750.88,3.17552224503765,2.27054970568104,0.715016154973943,0.219528466253919,0.207214753166224,16.85,1.1541095890411,212.45,3.09468317552804,0,-16.0641,4.11759799833194,1.37608385686463,0.451685660266874,1.30108445697626,0.601283991047423,33.3877563865537,51.0347891166449,14.7976986383577,0.969,3.95608738968062,3.43920674799665,0.832442903389189,0.505112958942417
2007-07-28,0.15,471.49,19.33,19.33,1354.65,0.1401066993394417,658.41,27.06629,750.88,3.17552224503765,2.27054970568104,0.715016154973943,0.219528466253919,0.207214753166224,16.85,1.1541095890411,212.45,3.09468317552804,0,-16.0641,4.11759799833194,1.37608385686463,0.451685660266874,1.30108445697626,0.601283991047423,33.3877563865537,51.0347891166449,14.7976986383577,0.969,3.95608738968062,3.43920674799665,0.832442903389189,0.505112958942417
2007-07-29,0.0,495.29,19.86,19.86,1325.74,0.12707351800554018,658.41,27.06629,750.88,3.17552224503765,2.27054970568104,0.715016154973943,0.219528466253919,0.207214753166224,16.85,1.1541095890411,212.45,3.09468317552804,0,-16.0641,4.11759799833194,1.37608385686463,0.451685660266874,1.30108445697626,0.601283991047423,33.3877563865537,51.0347891166449,14.7976986383577,0.969,3.95608738968062,3.43920674799665,0.832442903389189,0.505112958942417
2007-07-30,0.0,520.48,19.11,19.11,1196.3,0.10426545067121244,658.41,27.06629,750.88,3.17552224503765,2.27054970568104,0.715016154973943,0.219528466253919,0.207214753166224,16.85,1.1541095890411,212.45,3.09468317552804,0,-16.0641,4.11759799833194,1.37608385686463,0.451685660266874,1.30108445697626,0.601283991047423,33.3877563865537,51.0347891166449,14.7976986383577,0.969,3.95608738968062,3.43920674799665,0.832442903389189,0.505112958942417
2007-07-31,0.0,548.32,18.38,18.38,1077.98,0.08797397400383548,658.41,27.06629,750.88,3.17552224503765,2.27054970568104,0.715016154973943,0.219528466253919,0.207214753166224,16.85,1.1541095890411,212.45,3.09468317552804,0,-16.0641,4.11759799833194,1.37608385686463,0.451685660266874,1.30108445697626,0.601283991047423,33.3877563865537,51.0347891166449,14.7976986383577,0.969,3.95608738968062,3.43920674799665,0.832442903389189,0.505112958942417
2007-08-01,0.0,543.01,19.06,19.06,1148.85,0.08145738333688472,658.41,27.06629,750.88,3.17552224503765,2.27054970568104,0.715016154973943,0.219528466253919,0.207214753166224,16.85,1.1541095890411,212.45,3.09468317552804,0,-16.0641,4.11759799833194,1.37608385686463,0.451685660266874,1.30108445697626,0.601283991047423,33.3877563865537,51.0347891166449,14.7976986383577,0.969,3.95608738968062,3.43920674799665,0.832442903389189,0.505112958942417
2007-08-02,0.2,461.49,21.2,21.2,1355.24,0.07494079266993393,658.41,27.06629,750.88,3.17552224503765,2.27054970568104,0.715016154973943,0.219528466253919,0.207214753166224,16.85,1.1541095890411,212.45,3.09468317552804,0,-16.0641,4.11759799833194,1.37608385686463,0.451685660266874,1.30108445697626,0.601283991047423,33.3877563865537,51.0347891166449,14.7976986383577,0.969,3.95608738968062,3.43920674799665,0.832442903389189,0.505112958942417
2007-08-03,0.75,395.07,22.44,22.44,1425.61,0.06842420200298316,658.41,27.06629,750.88,3.17552224503765,2.27054970568104,0.715016154973943,0.219528466253919,0.207214753166224,16.85,1.1541095890411,212.45,3.09468317552804,0,-16.0641,4.11759799833194,1.37608385686463,0.451685660266874,1.30108445697626,0.601283991047423,33.3877563865537,51.0347891166449,14.7976986383577,0.969,3.95608738968062,3.43920674799665,0.832442903389189,0.505112958942417
2007-08-04,0.31,523.39,21.29,21.29,1226.38,0.07168249733645855,658.41,27.06629,750.88,3.17552224503765,2.27054970568104,0.715016154973943,0.219528466253919,0.207214753166224,16.85,1.1541095890411,212.45,3.09468317552804,0,-16.0641,4.11759799833194,1.37608385686463,0.451685660266874,1.30108445697626,0.601283991047423,33.3877563865537,51.0347891166449,14.7976986383577,0.969,3.95608738968062,3.43920674799665,0.832442903389189,0.505112958942417
2007-08-05,1.32,416.7,18.05,18.05,1037.3,0.06516590666950778,658.41,27.06629,750.88,3.17552224503765,2.27054970568104,0.715016154973943,0.219528466253919,0.207214753166224,16.85,1.1541095890411,212.45,3.09468317552804,0,-16.0641,4.11759799833194,1.37608385686463,0.451685660266874,1.30108445697626,0.601283991047423,33.3877563865537,51.0347891166449,14.7976986383577,0.969,3.95608738968062,3.43920674799665,0.832442903389189,0.505112958942417
2007-08-06,0.99,477.0,18.64,18.64,1185.51,0.058649316002556996,658.41,27.06629,750.88,3.17552224503765,2.27054970568104,0.715016154973943,0.219528466253919,0.207214753166224,16.85,1.1541095890411,212.45,3.09468317552804,0,-16.0641,4.11759799833194,1.37608385686463,0.451685660266874,1.30108445697626,0.601283991047423,33.3877563865537,51.0347891166449,14.7976986383577,0.969,3.95608738968062,3.43920674799665,0.832442903389189,0.505112958942417
2007-08-07,21.81,345.33,21.12,21.12,1535.59,0.07494079266993393,658.41,27.06629,750.88,3.17552224503765,2.27054970568104,0.715016154973943,0.219528466253919,0.207214753166224,16.85,1.1541095890411,212.45,3.09468317552804,0,-16.0641,4.11759799833194,1.37608385686463,0.451685660266874,1.30108445697626,0.601283991047423,33.3877563865537,51.0347891166449,14.7976986383577,0.969,3.95608738968062,3.43920674799665,0.832442903389189,0.505112958942417
2007-08-08,6.13,348.34,20.17,20.17,1561.95,0.4203200980183251,658.41,27.06629,750.88,3.17552224503765,2.27054970568104,0.715016154973943,0.219528466253919,0.207214753166224,16.85,1.1541095890411,212.45,3.09468317552804,0,-16.0641,4.11759799833194,1.37608385686463,0.451685660266874,1.30108445697626,0.601283991047423,33.3877563865537,51.0347891166449,14.7976986383577,0.969,3.95608738968062,3.43920674799665,0.832442903389189,0.505112958942417
2007-08-09,8.2,379.67,20.73,20.73,1480.75,0.19875601534199872,658.41,27.06629,750.88,3.17552224503765,2.27054970568104,0.715016154973943,0.219528466253919,0.207214753166224,16.85,1.1541095890411,212.45,3.09468317552804,0,-16.0641,4.11759799833194,1.37608385686463,0.451685660266874,1.30108445697626,0.601283991047423,33.3877563865537,51.0347891166449,14.7976986383577,0.969,3.95608738968062,3.43920674799665,0.832442903389189,0.505112958942417
2007-08-10,2.13,404.82,19.74,19.74,1415.47,0.19223942467504793,658.41,27.06629,750.88,3.17552224503765,2.27054970568104,0.715016154973943,0.219528466253919,0.207214753166224,16.85,1.1541095890411,212.45,3.09468317552804,0,-16.0641,4.11759799833194,1.37608385686463,0.451685660266874,1.30108445697626,0.601283991047423,33.3877563865537,51.0347891166449,14.7976986383577,0.969,3.95608738968062,3.43920674799665,0.832442903389189,0.505112958942417
2007-08-11,0.0,464.76,17.63,17.63,1246.7,0.16291476667376945,658.41,27.06629,750.88,3.17552224503765,2.27054970568104,0.715016154973943,0.219528466253919,0.207214753166224,16.85,1.1541095890411,212.45,3.09468317552804,0,-16.0641,4.11759799833194,1.37608385686463,0.451685660266874,1.30108445697626,0.601283991047423,33.3877563865537,51.0347891166449,14.7976986383577,0.969,3.95608738968062,3.43920674799665,0.832442903389189,0.505112958942417
2007-08-12,0.95,382.93,17.68,17.68,1207.27,0.13684840400596632,658.41,27.06629,750.88,3.17552224503765,2.27054970568104,0.715016154973943,0.219528466253919,0.207214753166224,16.85,1.1541095890411,212.45,3.09468317552804,0,-16.0641,4.11759799833194,1.37608385686463,0.451685660266874,1.30108445697626,0.601283991047423,33.3877563865537,51.0347891166449,14.7976986383577,0.969,3.95608738968062,3.43920674799665,0.832442903389189,0.505112958942417
2007-08-13,0.25,518.71,18.89,18.89,1149.24,0.11404033667163861,658.41,27.06629,750.88,3.17552224503765,2.27054970568104,0.715016154973943,0.219528466253919,0.207214753166224,16.85,1.1541095890411,212.45,3.09468317552804,0,-16.0641,4.11759799833194,1.37608385686463,0.451685660266874,1.30108445697626,0.601283991047423,33.3877563865537,51.0347891166449,14.7976986383577,0.969,3.95608738968062,3.43920674799665,0.832442903389189,0.505112958942417
2007-08-14,0.0,521.01,15.78,15.78,944.2,0.10100715533773705,658.41,27.06629,750.88,3.17552224503765,2.27054970568104,0.715016154973943,0.219528466253919,0.207214753166224,16.85,1.1541095890411,212.45,3.09468317552804,0,-16.0641,4.11759799833194,1.37608385686463,0.451685660266874,1.30108445697626,0.601283991047423,33.3877563865537,51.0347891166449,14.7976986383577,0.969,3.95608738968062,3.43920674799665,0.832442903389189,0.505112958942417
2007-08-15,0.0,527.7,15.38,15.38,989.03,0.08797397400383548,658.41,27.06629,750.88,3.17552224503765,2.27054970568104,0.715016154973943,0.219528466253919,0.207214753166224,16.85,1.1541095890411,212.45,3.09468317552804,0,-16.0641,4.11759799833194,1.37608385686463,0.451685660266874,1.30108445697626,0.601283991047423,33.3877563865537,51.0347891166449,14.7976986383577,0.969,3.95608738968062,3.43920674799665,0.832442903389189,0.505112958942417
2007-08-16,0.02,431.72,17.98,17.98,1244.1,0.08145738333688472,658.41,27.06629,750.88,3.17552224503765,2.27054970568104,0.715016154973943,0.219528466253919,0.207214753166224,16.85,1.1541095890411,212.45,3.09468317552804,0,-16.0641,4.11759799833194,1.37608385686463,0.451685660266874,1.30108445697626,0.601283991047423,33.3877563865537,51.0347891166449,14.7976986383577,0.969,3.95608738968062,3.43920674799665,0.832442903389189,0.505112958942417
2007-08-17,3.68,380.64,19.15,19.15,1214.41,0.08145738333688472,658.41,27.06629,750.88,3.17552224503765,2.27054970568104,0.715016154973943,0.219528466253919,0.207214753166224,16.85,1.1541095890411,212.45,3.09468317552804,0,-16.0641,4.11759799833194,1.37608385686463,0.451685660266874,1.30108445697626,0.601283991047423,33.3877563865537,51.0347891166449,14.7976986383577,0.969,3.95608738968062,3.43920674799665,0.832442903389189,0.505112958942417
2007-08-18,0.99,527.47,15.48,15.48,907.8,0.07819908800340933,658.41,27.06629,750.88,3.17552224503765,2.27054970568104,0.715016154973943,0.219528466253919,0.207214753166224,16.85,1.1541095890411,212.45,3.09468317552804,0,-16.0641,4.11759799833194,1.37608385686463,0.451685660266874,1.30108445697626,0.601283991047423,33.3877563865537,51.0347891166449,14.7976986383577,0.969,3.95608738968062,3.43920674799665,0.832442903389189,0.505112958942417
2007-08-19,0.7,378.65,13.96,13.96,955.02,0.07494079266993393,658.41,27.06629,750.88,3.17552224503765,2.27054970568104,0.715016154973943,0.219528466253919,0.207214753166224,16.85,1.1541095890411,212.45,3.09468317552804,0,-16.0641,4.11759799833194,1.37608385686463,0.451685660266874,1.30108445697626,0.601283991047423,33.3877563865537,51.0347891166449,14.7976986383577,0.969,3.95608738968062,3.43920674799665,0.832442903389189,0.505112958942417
2007-08-20,25.18,274.42,13.63,13.63,1099.23,0.10100715533773705,658.41,27.06629,750.88,3.17552224503765,2.27054970568104,0.715016154973943,0.219528466253919,0.207214753166224,16.85,1.1541095890411,212.45,3.09468317552804,0,-16.0641,4.11759799833194,1.37608385686463,0.451685660266874,1.30108445697626,0.601283991047423,33.3877563865537,51.0347891166449,14.7976986383577,0.969,3.95608738968062,3.43920674799665,0.832442903389189,0.505112958942417
2007-08-21,11.01,146.46,12.89,12.89,1204.14,0.6484007713616023,658.41,27.06629,750.88,3.17552224503765,2.27054970568104,0.715016154973943,0.219528466253919,0.207214753166224,16.85,1.1541095890411,212.45,3.09468317552804,0,-16.0641,4.11759799833194,1.37608385686463,0.451685660266874,1.30108445697626,0.601283991047423,33.3877563865537,51.0347891166449,14.7976986383577,0.969,3.95608738968062,3.43920674799665,0.832442903389189,0.505112958942417
2007-08-22,1.25,115.1,12.38,12.38,1261.08,0.36818737268271895,658.41,27.06629,750.88,3.17552224503765,2.27054970568104,0.715016154973943,0.219528466253919,0.207214753166224,16.85,1.1541095890411,212.45,3.09468317552804,0,-16.0641,4.11759799833194,1.37608385686463,0.451685660266874,1.30108445697626,0.601283991047423,33.3877563865537,51.0347891166449,14.7976986383577,0.969,3.95608738968062,3.43920674799665,0.832442903389189,0.505112958942417
2007-08-23,3.84,267.46,15.89,15.89,1440.81,0.21830578734285105,658.41,27.06629,750.88,3.17552224503765,2.27054970568104,0.715016154973943,0.219528466253919,0.207214753166224,16.85,1.1541095890411,212.45,3.09468317552804,0,-16.0641,4.11759799833194,1.37608385686463,0.451685660266874,1.30108445697626,0.601283991047423,33.3877563865537,51.0347891166449,14.7976986383577,0.969,3.95608738968062,3.43920674799665,0.832442903389189,0.505112958942417
2007-08-24,1.2,253.44,19.43,19.43,1723.42,0.16617306200724483,658.41,27.06629,750.88,3.17552224503765,2.27054970568104,0.715016154973943,0.219528466253919,0.207214753166224,16.85,1.1541095890411,212.45,3.09468317552804,0,-16.0641,4.11759799833194,1.37608385686463,0.451685660266874,1.30108445697626,0.601283991047423,33.3877563865537,51.0347891166449,14.7976986383577,0.969,3.95608738968062,3.43920674799665,0.832442903389189,0.505112958942417
2007-08-25,4.68,325.8,22.66,22.66,1810.69,0.14988158533986787,658.41,27.06629,750.88,3.17552224503765,2.27054970568104,0.715016154973943,0.219528466253919,0.207214753166224,16.85,1.1541095890411,212.45,3.09468317552804,0,-16.0641,4.11759799833194,1.37608385686463,0.451685660266874,1.30108445697626,0.601283991047423,33.3877563865537,51.0347891166449,14.7976986383577,0.969,3.95608738968062,3.43920674799665,0.832442903389189,0.505112958942417
2007-08-26,1.3,380.64,21.06,21.06,1428.09,0.13684840400596632,658.41,27.06629,750.88,3.17552224503765,2.27054970568104,0.715016154973943,0.219528466253919,0.207214753166224,16.85,1.1541095890411,212.45,3.09468317552804,0,-16.0641,4.11759799833194,1.37608385686463,0.451685660266874,1.30108445697626,0.601283991047423,33.3877563865537,51.0347891166449,14.7976986383577,0.969,3.95608738968062,3.43920674799665,0.832442903389189,0.505112958942417
2007-08-27,0.02,459.64,16.64,16.64,1135.39,0.11404033667163861,658.41,27.06629,750.88,3.17552224503765,2.27054970568104,0.715016154973943,0.219528466253919,0.207214753166224,16.85,1.1541095890411,212.45,3.09468317552804,0,-16.0641,4.11759799833194,1.37608385686463,0.451685660266874,1.30108445697626,0.601283991047423,33.3877563865537,51.0347891166449,14.7976986383577,0.969,3.95608738968062,3.43920674799665,0.832442903389189,0.505112958942417
2007-08-28,0.0,495.05,15.79,15.79,1066.19,0.10100715533773705,658.41,27.06629,750.88,3.17552224503765,2.27054970568104,0.715016154973943,0.219528466253919,0.207214753166224,16.85,1.1541095890411,212.45,3.09468317552804,0,-16.0641,4.11759799833194,1.37608385686463,0.451685660266874,1.30108445697626,0.601283991047423,33.3877563865537,51.0347891166449,14.7976986383577,0.969,3.95608738968062,3.43920674799665,0.832442903389189,0.505112958942417
2007-08-29,0.0,503.31,17.2,17.2,1157.56,0.09123226933731088,658.41,27.06629,750.88,3.17552224503765,2.27054970568104,0.715016154973943,0.219528466253919,0.207214753166224,16.85,1.1541095890411,212.45,3.09468317552804,0,-16.0641,4.11759799833194,1.37608385686463,0.451685660266874,1.30108445697626,0.601283991047423,33.3877563865537,51.0347891166449,14.7976986383577,0.969,3.95608738968062,3.43920674799665,0.832442903389189,0.505112958942417
2007-08-30,0.05,439.81,20.35,20.35,1368.3,0.0847156786703601,658.41,27.06629,750.88,3.17552224503765,2.27054970568104,0.715016154973943,0.219528466253919,0.207214753166224,16.85,1.1541095890411,212.45,3.09468317552804,0,-16.0641,4.11759799833194,1.37608385686463,0.451685660266874,1.30108445697626,0.601283991047423,33.3877563865537,51.0347891166449,14.7976986383577,0.969,3.95608738968062,3.43920674799665,0.832442903389189,0.505112958942417
2007-08-31,0.01,445.25,17.78,17.78,1194.01,0.08145738333688472,658.41,27.06629,750.88,3.17552224503765,2.27054970568104,0.715016154973943,0.219528466253919,0.207214753166224,16.85,1.1541095890411,212.45,3.09468317552804,0,-16.0641,4.11759799833194,1.37608385686463,0.451685660266874,1.30108445697626,0.601283991047423,33.3877563865537,51.0347891166449,14.7976986383577,0.969,3.95608738968062,3.43920674799665,0.832442903389189,0.505112958942417
2007-09-01,0.0,494.77,13.57,13.57,879.87,0.07494079266993393,658.41,27.06629,750.88,3.17552224503765,2.27054970568104,0.715016154973943,0.219528466253919,0.207214753166224,16.85,1.1541095890411,212.45,3.09468317552804,0,-16.0641,4.11759799833194,1.37608385686463,0.451685660266874,1.30108445697626,0.601283991047423,33.3877563865537,51.0347891166449,14.7976986383577,0.969,3.95608738968062,3.43920674799665,0.832442903389189,0.505112958942417
2007-09-02,0.0,517.03,11.83,11.83,747.85,0.06842420200298316,658.41,27.06629,750.88,3.17552224503765,2.27054970568104,0.715016154973943,0.219528466253919,0.207214753166224,16.85,1.1541095890411,212.45,3.09468317552804,0,-16.0641,4.11759799833194,1.37608385686463,0.451685660266874,1.30108445697626,0.601283991047423,33.3877563865537,51.0347891166449,14.7976986383577,0.969,3.95608738968062,3.43920674799665,0.832442903389189,0.505112958942417
2007-09-03,0.0,512.19,13.48,13.48,826.82,0.061907611336032384,658.41,27.06629,750.88,3.17552224503765,2.27054970568104,0.715016154973943,0.219528466253919,0.207214753166224,16.85,1.1541095890411,212.45,3.09468317552804,0,-16.0641,4.11759799833194,1.37608385686463,0.451685660266874,1.30108445697626,0.601283991047423,33.3877563865537,51.0347891166449,14.7976986383577,0.969,3.95608738968062,3.43920674799665,0.832442903389189,0.505112958942417
2007-09-04,0.0,500.09,16.3,16.3,1001.86,0.061907611336032384,658.41,27.06629,750.88,3.17552224503765,2.27054970568104,0.715016154973943,0.219528466253919,0.207214753166224,16.85,1.1541095890411,212.45,3.09468317552804,0,-16.0641,4.11759799833194,1.37608385686463,0.451685660266874,1.30108445697626,0.601283991047423,33.3877563865537,51.0347891166449,14.7976986383577,0.969,3.95608738968062,3.43920674799665,0.832442903389189,0.505112958942417
2007-09-05,0.0,470.27,17.12,17.12,1133.07,0.058649316002556996,658.41,27.06629,750.88,3.17552224503765,2.27054970568104,0.715016154973943,0.219528466253919,0.207214753166224,16.85,1.1541095890411,212.45,3.09468317552804,0,-16.0641,4.11759799833194,1.37608385686463,0.451685660266874,1.30108445697626,0.601283991047423,33.3877563865537,51.0347891166449,14.7976986383577,0.969,3.95608738968062,3.43920674799665,0.832442903389189,0.505112958942417
2007-09-06,0.0,469.48,18.34,18.34,1269.18,0.05539102066908161,658.41,27.06629,750.88,3.17552224503765,2.27054970568104,0.715016154973943,0.219528466253919,0.207214753166224,16.85,1.1541095890411,212.45,3.09468317552804,0,-16.0641,4.11759799833194,1.37608385686463,0.451685660266874,1.30108445697626,0.601283991047423,33.3877563865537,51.0347891166449,14.7976986383577,0.969,3.95608738968062,3.43920674799665,0.832442903389189,0.505112958942417
2007-09-07,0.03,441.48,21.13,21.13,1549.75,0.05213272533560622,658.41,27.06629,750.88,3.17552224503765,2.27054970568104,0.715016154973943,0.219528466253919,0.207214753166224,16.85,1.1541095890411,212.45,3.09468317552804,0,-16.0641,4.11759799833194,1.37608385686463,0.451685660266874,1.30108445697626,0.601283991047423,33.3877563865537,51.0347891166449,14.7976986383577,0.969,3.95608738968062,3.43920674799665,0.832442903389189,0.505112958942417
2007-09-08,22.44,298.29,23.51,23.51,1873.11,0.08797397400383548,658.41,27.06629,750.88,3.17552224503765,2.27054970568104,0.715016154973943,0.219528466253919,0.207214753166224,16.85,1.1541095890411,212.45,3.09468317552804,0,-16.0641,4.11759799833194,1.37608385686463,0.451685660266874,1.30108445697626,0.601283991047423,33.3877563865537,51.0347891166449,14.7976986383577,0.969,3.95608738968062,3.43920674799665,0.832442903389189,0.505112958942417
2007-09-09,37.49,277.3,21.57,21.57,1756.38,2.942240686128276,658.41,27.06629,750.88,3.17552224503765,2.27054970568104,0.715016154973943,0.219528466253919,0.207214753166224,16.85,1.1541095890411,212.45,3.09468317552804,0,-16.0641,4.11759799833194,1.37608385686463,0.451685660266874,1.30108445697626,0.601283991047423,33.3877563865537,51.0347891166449,14.7976986383577,0.969,3.95608738968062,3.43920674799665,0.832442903389189,0.505112958942417
2007-09-10,8.58,242.57,19.23,19.23,1603.8,1.6226310760707434,658.41,27.06629,750.88,3.17552224503765,2.27054970568104,0.715016154973943,0.219528466253919,0.207214753166224,16.85,1.1541095890411,212.45,3.09468317552804,0,-16.0641,4.11759799833194,1.37608385686463,0.451685660266874,1.30108445697626,0.601283991047423,33.3877563865537,51.0347891166449,14.7976986383577,0.969,3.95608738968062,3.43920674799665,0.832442903389189,0.505112958942417
2007-09-11,3.77,227.39,16.46,16.46,1353.42,0.5799765693586192,658.41,27.06629,750.88,3.17552224503765,2.27054970568104,0.715016154973943,0.219528466253919,0.207214753166224,16.85,1.1541095890411,212.45,3.09468317552804,0,-16.0641,4.11759799833194,1.37608385686463,0.451685660266874,1.30108445697626,0.601283991047423,33.3877563865537,51.0347891166449,14.7976986383577,0.969,3.95608738968062,3.43920674799665,0.832442903389189,0.505112958942417
2007-09-12,1.07,328.99,13.17,13.17,993.53,0.4333532793522267,658.41,27.06629,750.88,3.17552224503765,2.27054970568104,0.715016154973943,0.219528466253919,0.207214753166224,16.85,1.1541095890411,212.45,3.09468317552804,0,-16.0641,4.11759799833194,1.37608385686463,0.451685660266874,1.30108445697626,0.601283991047423,33.3877563865537,51.0347891166449,14.7976986383577,0.969,3.95608738968062,3.43920674799665,0.832442903389189,0.505112958942417
2007-09-13,0.21,445.88,10.39,10.39,804.04,0.30627976134668655,658.41,27.06629,750.88,3.17552224503765,2.27054970568104,0.715016154973943,0.219528466253919,0.207214753166224,16.85,1.1541095890411,212.45,3.09468317552804,0,-16.0641,4.11759799833194,1.37608385686463,0.451685660266874,1.30108445697626,0.601283991047423,33.3877563865537,51.0347891166449,14.7976986383577,0.969,3.95608738968062,3.43920674799665,0.832442903389189,0.505112958942417
2007-09-14,15.96,351.42,12.21,12.21,891.24,0.24111385467717877,658.41,27.06629,750.88,3.17552224503765,2.27054970568104,0.715016154973943,0.219528466253919,0.207214753166224,16.85,1.1541095890411,212.45,3.09468317552804,0,-16.0641,4.11759799833194,1.37608385686463,0.451685660266874,1.30108445697626,0.601283991047423,33.3877563865537,51.0347891166449,14.7976986383577,0.969,3.95608738968062,3.43920674799665,0.832442903389189,0.505112958942417
2007-09-15,5.56,340.55,13.87,13.87,929.06,0.9774886000426166,658.41,27.06629,750.88,3.17552224503765,2.27054970568104,0.715016154973943,0.219528466253919,0.207214753166224,16.85,1.1541095890411,212.45,3.09468317552804,0,-16.0641,4.11759799833194,1.37608385686463,0.451685660266874,1.30108445697626,0.601283991047423,33.3877563865537,51.0347891166449,14.7976986383577,0.969,3.95608738968062,3.43920674799665,0.832442903389189,0.505112958942417
2007-09-16,0.36,420.9,7.43,7.43,657.38,0.6321092946942254,658.41,27.06629,750.88,3.17552224503765,2.27054970568104,0.715016154973943,0.219528466253919,0.207214753166224,16.85,1.1541095890411,212.45,3.09468317552804,0,-16.0641,4.11759799833194,1.37608385686463,0.451685660266874,1.30108445697626,0.601283991047423,33.3877563865537,51.0347891166449,14.7976986383577,0.969,3.95608738968062,3.43920674799665,0.832442903389189,0.505112958942417
2007-09-17,0.0,466.94,6.63,6.63,601.71,0.3877371446835713,658.41,27.06629,750.88,3.17552224503765,2.27054970568104,0.715016154973943,0.219528466253919,0.207214753166224,16.85,1.1541095890411,212.45,3.09468317552804,0,-16.0641,4.11759799833194,1.37608385686463,0.451685660266874,1.30108445697626,0.601283991047423,33.3877563865537,51.0347891166449,14.7976986383577,0.969,3.95608738968062,3.43920674799665,0.832442903389189,0.505112958942417
2007-09-18,0.0,474.64,8.14,8.14,628.87,0.3127963520136373,658.41,27.06629,750.88,3.17552224503765,2.27054970568104,0.715016154973943,0.219528466253919,0.207214753166224,16.85,1.1541095890411,212.45,3.09468317552804,0,-16.0641,4.11759799833194,1.37608385686463,0.451685660266874,1.30108445697626,0.601283991047423,33.3877563865537,51.0347891166449,14.7976986383577,0.969,3.95608738968062,3.43920674799665,0.832442903389189,0.505112958942417
2007-09-19,0.0,468.73,10.3,10.3,709.75,0.2671802173449819,658.41,27.06629,750.88,3.17552224503765,2.27054970568104,0.715016154973943,0.219528466253919,0.207214753166224,16.85,1.1541095890411,212.45,3.09468317552804,0,-16.0641,4.11759799833194,1.37608385686463,0.451685660266874,1.30108445697626,0.601283991047423,33.3877563865537,51.0347891166449,14.7976986383577,0.969,3.95608738968062,3.43920674799665,0.832442903389189,0.505112958942417
2007-09-20,0.0,463.63,12.54,12.54,841.78,0.2313389686767526,658.41,27.06629,750.88,3.17552224503765,2.27054970568104,0.715016154973943,0.219528466253919,0.207214753166224,16.85,1.1541095890411,212.45,3.09468317552804,0,-16.0641,4.11759799833194,1.37608385686463,0.451685660266874,1.30108445697626,0.601283991047423,33.3877563865537,51.0347891166449,14.7976986383577,0.969,3.95608738968062,3.43920674799665,0.832442903389189,0.505112958942417
2007-09-21,0.0,435.03,16.19,16.19,1099.06,0.21178919667590027,658.41,27.06629,750.88,3.17552224503765,2.27054970568104,0.715016154973943,0.219528466253919,0.207214753166224,16.85,1.1541095890411,212.45,3.09468317552804,0,-16.0641,4.11759799833194,1.37608385686463,0.451685660266874,1.30108445697626,0.601283991047423,33.3877563865537,51.0347891166449,14.7976986383577,0.969,3.95608738968062,3.43920674799665,0.832442903389189,0.505112958942417
2007-09-22,0.0,423.65,17.57,17.57,1168.97,0.1954977200085233,658.41,27.06629,750.88,3.17552224503765,2.27054970568104,0.715016154973943,0.219528466253919,0.207214753166224,16.85,1.1541095890411,212.45,3.09468317552804,0,-16.0641,4.11759799833194,1.37608385686463,0.451685660266874,1.30108445697626,0.601283991047423,33.3877563865537,51.0347891166449,14.7976986383577,0.969,3.95608738968062,3.43920674799665,0.832442903389189,0.505112958942417
2007-09-23,0.0,450.11,15.11,15.11,916.46,0.17594794800767097,658.41,27.06629,750.88,3.17552224503765,2.27054970568104,0.715016154973943,0.219528466253919,0.207214753166224,16.85,1.1541095890411,212.45,3.09468317552804,0,-16.0641,4.11759799833194,1.37608385686463,0.451685660266874,1.30108445697626,0.601283991047423,33.3877563865537,51.0347891166449,14.7976986383577,0.969,3.95608738968062,3.43920674799665,0.832442903389189,0.505112958942417
2007-09-24,0.0,447.6,12.87,12.87,803.32,0.15639817600681866,658.41,27.06629,750.88,3.17552224503765,2.27054970568104,0.715016154973943,0.219528466253919,0.207214753166224,16.85,1.1541095890411,212.45,3.09468317552804,0,-16.0641,4.11759799833194,1.37608385686463,0.451685660266874,1.30108445697626,0.601283991047423,33.3877563865537,51.0347891166449,14.7976986383577,0.969,3.95608738968062,3.43920674799665,0.832442903389189,0.505112958942417
2007-09-25,0.16,398.06,13.33,13.33,863.8,0.1433649946729171,658.41,27.06629,750.88,3.17552224503765,2.27054970568104,0.715016154973943,0.219528466253919,0.207214753166224,16.85,1.1541095890411,212.45,3.09468317552804,0,-16.0641,4.11759799833194,1.37608385686463,0.451685660266874,1.30108445697626,0.601283991047423,33.3877563865537,51.0347891166449,14.7976986383577,0.969,3.95608738968062,3.43920674799665,0.832442903389189,0.505112958942417
2007-09-26,8.97,320.72,17.8,17.8,1204.0,0.1466232900063925,658.41,27.06629,750.88,3.17552224503765,2.27054970568104,0.715016154973943,0.219528466253919,0.207214753166224,16.85,1.1541095890411,212.45,3.09468317552804,0,-16.0641,4.11759799833194,1.37608385686463,0.451685660266874,1.30108445697626,0.601283991047423,33.3877563865537,51.0347891166449,14.7976986383577,0.969,3.95608738968062,3.43920674799665,0.832442903389189,0.505112958942417
2007-09-27,9.02,272.28,20.09,20.09,1489.24,0.2313389686767526,658.41,27.06629,750.88,3.17552224503765,2.27054970568104,0.715016154973943,0.219528466253919,0.207214753166224,16.85,1.1541095890411,212.45,3.09468317552804,0,-16.0641,4.11759799833194,1.37608385686463,0.451685660266874,1.30108445697626,0.601283991047423,33.3877563865537,51.0347891166449,14.7976986383577,0.969,3.95608738968062,3.43920674799665,0.832442903389189,0.505112958942417
2007-09-28,3.12,269.09,17.29,17.29,1277.32,0.293246580012785,658.41,27.06629,750.88,3.17552224503765,2.27054970568104,0.715016154973943,0.219528466253919,0.207214753166224,16.85,1.1541095890411,212.45,3.09468317552804,0,-16.0641,4.11759799833194,1.37608385686463,0.451685660266874,1.30108445697626,0.601283991047423,33.3877563865537,51.0347891166449,14.7976986383577,0.969,3.95608738968062,3.43920674799665,0.832442903389189,0.505112958942417
2007-09-29,0.43,324.92,12.02,12.02,923.78,0.2606636266780311,658.41,27.06629,750.88,3.17552224503765,2.27054970568104,0.715016154973943,0.219528466253919,0.207214753166224,16.85,1.1541095890411,212.45,3.09468317552804,0,-16.0641,4.11759799833194,1.37608385686463,0.451685660266874,1.30108445697626,0.601283991047423,33.3877563865537,51.0347891166449,14.7976986383577,0.969,3.95608738968062,3.43920674799665,0.832442903389189,0.505112958942417
2007-09-30,0.02,404.43,10.71,10.71,838.27,0.20853090134242488,658.41,27.06629,750.88,3.17552224503765,2.27054970568104,0.715016154973943,0.219528466253919,0.207214753166224,16.85,1.1541095890411,212.45,3.09468317552804,0,-16.0641,4.11759799833194,1.37608385686463,0.451685660266874,1.30108445697626,0.601283991047423,33.3877563865537,51.0347891166449,14.7976986383577,0.969,3.95608738968062,3.43920674799665,0.832442903389189,0.505112958942417
2007-10-01,0.02,350.12,13.22,13.22,1019.95,0.1726896526741956,658.41,27.06629,750.88,3.17552224503765,2.27054970568104,0.715016154973943,0.219528466253919,0.207214753166224,16.85,1.1541095890411,212.45,3.09468317552804,0,-16.0641,4.11759799833194,1.37608385686463,0.451685660266874,1.30108445697626,0.601283991047423,33.3877563865537,51.0347891166449,14.7976986383577,0.969,3.95608738968062,3.43920674799665,0.832442903389189,0.505112958942417
2007-10-02,0.03,322.36,15.93,15.93,1224.54,0.15639817600681866,658.41,27.06629,750.88,3.17552224503765,2.27054970568104,0.715016154973943,0.219528466253919,0.207214753166224,16.85,1.1541095890411,212.45,3.09468317552804,0,-16.0641,4.11759799833194,1.37608385686463,0.451685660266874,1.30108445697626,0.601283991047423,33.3877563865537,51.0347891166449,14.7976986383577,0.969,3.95608738968062,3.43920674799665,0.832442903389189,0.505112958942417
2007-10-03,0.01,241.56,15.01,15.01,1254.13,0.14988158533986787,658.41,27.06629,750.88,3.17552224503765,2.27054970568104,0.715016154973943,0.219528466253919,0.207214753166224,16.85,1.1541095890411,212.45,3.09468317552804,0,-16.0641,4.11759799833194,1.37608385686463,0.451685660266874,1.30108445697626,0.601283991047423,33.3877563865537,51.0347891166449,14.7976986383577,0.969,3.95608738968062,3.43920674799665,0.832442903389189,0.505112958942417
2007-10-04,0.0,366.78,15.45,15.45,1201.83,0.1433649946729171,658.41,27.06629,750.88,3.17552224503765,2.27054970568104,0.715016154973943,0.219528466253919,0.207214753166224,16.85,1.1541095890411,212.45,3.09468317552804,0,-16.0641,4.11759799833194,1.37608385686463,0.451685660266874,1.30108445697626,0.601283991047423,33.3877563865537,51.0347891166449,14.7976986383577,0.969,3.95608738968062,3.43920674799665,0.832442903389189,0.505112958942417
2007-10-05,1.12,309.32,16.8,16.8,1241.68,0.13684840400596632,658.41,27.06629,750.88,3.17552224503765,2.27054970568104,0.715016154973943,0.219528466253919,0.207214753166224,16.85,1.1541095890411,212.45,3.09468317552804,0,-16.0641,4.11759799833194,1.37608385686463,0.451685660266874,1.30108445697626,0.601283991047423,33.3877563865537,51.0347891166449,14.7976986383577,0.969,3.95608738968062,3.43920674799665,0.832442903389189,0.505112958942417
2007-10-06,1.22,279.91,19.16,19.16,1397.4,0.13033181333901556,658.41,27.06629,750.88,3.17552224503765,2.27054970568104,0.715016154973943,0.219528466253919,0.207214753166224,16.85,1.1541095890411,212.45,3.09468317552804,0,-16.0641,4.11759799833194,1.37608385686463,0.451685660266874,1.30108445697626,0.601283991047423,33.3877563865537,51.0347891166449,14.7976986383577,0.969,3.95608738968062,3.43920674799665,0.832442903389189,0.505112958942417
2007-10-07,0.24,372.99,19.52,19.52,1350.86,0.12707351800554018,658.41,27.06629,750.88,3.17552224503765,2.27054970568104,0.715016154973943,0.219528466253919,0.207214753166224,16.85,1.1541095890411,212.45,3.09468317552804,0,-16.0641,4.11759799833194,1.37608385686463,0.451685660266874,1.30108445697626,0.601283991047423,33.3877563865537,51.0347891166449,14.7976986383577,0.969,3.95608738968062,3.43920674799665,0.832442903389189,0.505112958942417
2007-10-08,0.02,364.6,17.11,17.11,1187.05,0.11729863200511399,658.41,27.06629,750.88,3.17552224503765,2.27054970568104,0.715016154973943,0.219528466253919,0.207214753166224,16.85,1.1541095890411,212.45,3.09468317552804,0,-16.0641,4.11759799833194,1.37608385686463,0.451685660266874,1.30108445697626,0.601283991047423,33.3877563865537,51.0347891166449,14.7976986383577,0.969,3.95608738968062,3.43920674799665,0.832442903389189,0.505112958942417
2007-10-09,0.6,294.11,17.29,17.29,1136.91,0.10752374600468782,658.41,27.06629,750.88,3.17552224503765,2.27054970568104,0.715016154973943,0.219528466253919,0.207214753166224,16.85,1.1541095890411,212.45,3.09468317552804,0,-16.0641,4.11759799833194,1.37608385686463,0.451685660266874,1.30108445697626,0.601283991047423,33.3877563865537,51.0347891166449,14.7976986383577,0.969,3.95608738968062,3.43920674799665,0.832442903389189,0.505112958942417
2007-10-10,0.3,287.19,13.7,13.7,897.11,0.11078204133816322,658.41,27.06629,750.88,3.17552224503765,2.27054970568104,0.715016154973943,0.219528466253919,0.207214753166224,16.85,1.1541095890411,212.45,3.09468317552804,0,-16.0641,4.11759799833194,1.37608385686463,0.451685660266874,1.30108445697626,0.601283991047423,33.3877563865537,51.0347891166449,14.7976986383577,0.969,3.95608738968062,3.43920674799665,0.832442903389189,0.505112958942417
2007-10-11,3.36,232.15,9.28,9.28,778.35,0.11404033667163861,658.41,27.06629,750.88,3.17552224503765,2.27054970568104,0.715016154973943,0.219528466253919,0.207214753166224,16.85,1.1541095890411,212.45,3.09468317552804,0,-16.0641,4.11759799833194,1.37608385686463,0.451685660266874,1.30108445697626,0.601283991047423,33.3877563865537,51.0347891166449,14.7976986383577,0.969,3.95608738968062,3.43920674799665,0.832442903389189,0.505112958942417
2007-10-12,1.31,164.83,6.9,6.9,754.28,0.11729863200511399,658.41,27.06629,750.88,3.17552224503765,2.27054970568104,0.715016154973943,0.219528466253919,0.207214753166224,16.85,1.1541095890411,212.45,3.09468317552804,0,-16.0641,4.11759799833194,1.37608385686463,0.451685660266874,1.30108445697626,0.601283991047423,33.3877563865537,51.0347891166449,14.7976986383577,0.969,3.95608738968062,3.43920674799665,0.832442903389189,0.505112958942417
2007-10-13,0.12,266.45,6.36,6.36,725.56,0.12055692733858939,658.41,27.06629,750.88,3.17552224503765,2.27054970568104,0.715016154973943,0.219528466253919,0.207214753166224,16.85,1.1541095890411,212.45,3.09468317552804,0,-16.0641,4.11759799833194,1.37608385686463,0.451685660266874,1.30108445697626,0.601283991047423,33.3877563865537,51.0347891166449,14.7976986383577,0.969,3.95608738968062,3.43920674799665,0.832442903389189,0.505112958942417
2007-10-14,0.0,294.97,7.36,7.36,749.57,0.11078204133816322,658.41,27.06629,750.88,3.17552224503765,2.27054970568104,0.715016154973943,0.219528466253919,0.207214753166224,16.85,1.1541095890411,212.45,3.09468317552804,0,-16.0641,4.11759799833194,1.37608385686463,0.451685660266874,1.30108445697626,0.601283991047423,33.3877563865537,51.0347891166449,14.7976986383577,0.969,3.95608738968062,3.43920674799665,0.832442903389189,0.505112958942417
2007-10-15,0.02,231.38,7.82,7.82,806.48,0.10426545067121244,658.41,27.06629,750.88,3.17552224503765,2.27054970568104,0.715016154973943,0.219528466253919,0.207214753166224,16.85,1.1541095890411,212.45,3.09468317552804,0,-16.0641,4.11759799833194,1.37608385686463,0.451685660266874,1.30108445697626,0.601283991047423,33.3877563865537,51.0347891166449,14.7976986383577,0.969,3.95608738968062,3.43920674799665,0.832442903389189,0.505112958942417
2007-10-16,0.06,214.37,9.17,9.17,893.4,0.10100715533773705,658.41,27.06629,750.88,3.17552224503765,2.27054970568104,0.715016154973943,0.219528466253919,0.207214753166224,16.85,1.1541095890411,212.45,3.09468317552804,0,-16.0641,4.11759799833194,1.37608385686463,0.451685660266874,1.30108445697626,0.601283991047423,33.3877563865537,51.0347891166449,14.7976986383577,0.969,3.95608738968062,3.43920674799665,0.832442903389189,0.505112958942417
2007-10-17,0.01,304.61,10.61,10.61,935.15,0.09774886000426165,658.41,27.06629,750.88,3.17552224503765,2.27054970568104,0.715016154973943,0.219528466253919,0.207214753166224,16.85,1.1541095890411,212.45,3.09468317552804,0,-16.0641,4.11759799833194,1.37608385686463,0.451685660266874,1.30108445697626,0.601283991047423,33.3877563865537,51.0347891166449,14.7976986383577,0.969,3.95608738968062,3.43920674799665,0.832442903389189,0.505112958942417
2007-10-18,0.77,267.78,13.86,13.86,1076.72,0.10100715533773705,658.41,27.06629,750.88,3.17552224503765,2.27054970568104,0.715016154973943,0.219528466253919,0.207214753166224,16.85,1.1541095890411,212.45,3.09468317552804,0,-16.0641,4.11759799833194,1.37608385686463,0.451685660266874,1.30108445697626,0.601283991047423,33.3877563865537,51.0347891166449,14.7976986383577,0.969,3.95608738968062,3.43920674799665,0.832442903389189,0.505112958942417
2007-10-19,8.51,237.69,15.29,15.29,1130.52,0.11078204133816322,658.41,27.06629,750.88,3.17552224503765,2.27054970568104,0.715016154973943,0.219528466253919,0.207214753166224,16.85,1.1541095890411,212.45,3.09468317552804,0,-16.0641,4.11759799833194,1.37608385686463,0.451685660266874,1.30108445697626,0.601283991047423,33.3877563865537,51.0347891166449,14.7976986383577,0.969,3.95608738968062,3.43920674799665,0.832442903389189,0.505112958942417
2007-10-20,2.24,282.24,12.53,12.53,953.15,0.17920624334114638,658.41,27.06629,750.88,3.17552224503765,2.27054970568104,0.715016154973943,0.219528466253919,0.207214753166224,16.85,1.1541095890411,212.45,3.09468317552804,0,-16.0641,4.11759799833194,1.37608385686463,0.451685660266874,1.30108445697626,0.601283991047423,33.3877563865537,51.0347891166449,14.7976986383577,0.969,3.95608738968062,3.43920674799665,0.832442903389189,0.505112958942417
2007-10-21,1.69,247.27,9.85,9.85,826.86,0.1433649946729171,658.41,27.06629,750.88,3.17552224503765,2.27054970568104,0.715016154973943,0.219528466253919,0.207214753166224,16.85,1.1541095890411,212.45,3.09468317552804,0,-16.0641,4.11759799833194,1.37608385686463,0.451685660266874,1.30108445697626,0.601283991047423,33.3877563865537,51.0347891166449,14.7976986383577,0.969,3.95608738968062,3.43920674799665,0.832442903389189,0.505112958942417
2007-10-22,8.86,258.91,13.38,13.38,933.28,0.11729863200511399,658.41,27.06629,750.88,3.17552224503765,2.27054970568104,0.715016154973943,0.219528466253919,0.207214753166224,16.85,1.1541095890411,212.45,3.09468317552804,0,-16.0641,4.11759799833194,1.37608385686463,0.451685660266874,1.30108445697626,0.601283991047423,33.3877563865537,51.0347891166449,14.7976986383577,0.969,3.95608738968062,3.43920674799665,0.832442903389189,0.505112958942417
2007-10-23,21.17,256.14,14.41,14.41,926.6,0.7135666780311101,658.41,27.06629,750.88,3.17552224503765,2.27054970568104,0.715016154973943,0.219528466253919,0.207214753166224,16.85,1.1541095890411,212.45,3.09468317552804,0,-16.0641,4.11759799833194,1.37608385686463,0.451685660266874,1.30108445697626,0.601283991047423,33.3877563865537,51.0347891166449,14.7976986383577,0.969,3.95608738968062,3.43920674799665,0.832442903389189,0.505112958942417
2007-10-24,5.0,305.97,10.72,10.72,781.25,1.1371450713829108,658.41,27.06629,750.88,3.17552224503765,2.27054970568104,0.715016154973943,0.219528466253919,0.207214753166224,16.85,1.1541095890411,212.45,3.09468317552804,0,-16.0641,4.11759799833194,1.37608385686463,0.451685660266874,1.30108445697626,0.601283991047423,33.3877563865537,51.0347891166449,14.7976986383577,0.969,3.95608738968062,3.43920674799665,0.832442903389189,0.505112958942417
2007-10-25,0.57,264.64,8.05,8.05,699.93,0.5245855486895376,658.41,27.06629,750.88,3.17552224503765,2.27054970568104,0.715016154973943,0.219528466253919,0.207214753166224,16.85,1.1541095890411,212.45,3.09468317552804,0,-16.0641,4.11759799833194,1.37608385686463,0.451685660266874,1.30108445697626,0.601283991047423,33.3877563865537,51.0347891166449,14.7976986383577,0.969,3.95608738968062,3.43920674799665,0.832442903389189,0.505112958942417
2007-10-26,3.55,210.33,8.51,8.51,775.12,0.3779622586831451,658.41,27.06629,750.88,3.17552224503765,2.27054970568104,0.715016154973943,0.219528466253919,0.207214753166224,16.85,1.1541095890411,212.45,3.09468317552804,0,-16.0641,4.11759799833194,1.37608385686463,0.451685660266874,1.30108445697626,0.601283991047423,33.3877563865537,51.0347891166449,14.7976986383577,0.969,3.95608738968062,3.43920674799665,0.832442903389189,0.505112958942417
2007-10-27,1.34,187.51,8.14,8.14,771.32,0.3714456680161943,658.41,27.06629,750.88,3.17552224503765,2.27054970568104,0.715016154973943,0.219528466253919,0.207214753166224,16.85,1.1541095890411,212.45,3.09468317552804,0,-16.0641,4.11759799833194,1.37608385686463,0.451685660266874,1.30108445697626,0.601283991047423,33.3877563865537,51.0347891166449,14.7976986383577,0.969,3.95608738968062,3.43920674799665,0.832442903389189,0.505112958942417
2007-10-28,0.12,330.88,5.58,5.58,557.16,0.3453793053483912,658.41,27.06629,750.88,3.17552224503765,2.27054970568104,0.715016154973943,0.219528466253919,0.207214753166224,16.85,1.1541095890411,212.45,3.09468317552804,0,-16.0641,4.11759799833194,1.37608385686463,0.451685660266874,1.30108445697626,0.601283991047423,33.3877563865537,51.0347891166449,14.7976986383577,0.969,3.95608738968062,3.43920674799665,0.832442903389189,0.505112958942417
2007-10-29,0.0,304.08,2.36,2.36,464.28,0.2899882846793096,658.41,27.06629,750.88,3.17552224503765,2.27054970568104,0.715016154973943,0.219528466253919,0.207214753166224,16.85,1.1541095890411,212.45,3.09468317552804,0,-16.0641,4.11759799833194,1.37608385686463,0.451685660266874,1.30108445697626,0.601283991047423,33.3877563865537,51.0347891166449,14.7976986383577,0.969,3.95608738968062,3.43920674799665,0.832442903389189,0.505112958942417
2007-10-30,0.06,229.83,4.26,4.26,589.51,0.26392192201150644,658.41,27.06629,750.88,3.17552224503765,2.27054970568104,0.715016154973943,0.219528466253919,0.207214753166224,16.85,1.1541095890411,212.45,3.09468317552804,0,-16.0641,4.11759799833194,1.37608385686463,0.451685660266874,1.30108445697626,0.601283991047423,33.3877563865537,51.0347891166449,14.7976986383577,0.969,3.95608738968062,3.43920674799665,0.832442903389189,0.505112958942417
2007-10-31,0.8,231.4,7.05,7.05,663.06,0.24437215001065415,658.41,27.06629,750.88,3.17552224503765,2.27054970568104,0.715016154973943,0.219528466253919,0.207214753166224,16.85,1.1541095890411,212.45,3.09468317552804,0,-16.0641,4.11759799833194,1.37608385686463,0.451685660266874,1.30108445697626,0.601283991047423,33.3877563865537,51.0347891166449,14.7976986383577,0.969,3.95608738968062,3.43920674799665,0.832442903389189,0.505112958942417
2007-11-01,0.2,321.74,7.5,7.5,586.22,0.22808067334327722,658.41,27.06629,750.88,3.17552224503765,2.27054970568104,0.715016154973943,0.219528466253919,0.207214753166224,16.85,1.1541095890411,212.45,3.09468317552804,0,-16.0641,4.11759799833194,1.37608385686463,0.451685660266874,1.30108445697626,0.601283991047423,33.3877563865537,51.0347891166449,14.7976986383577,0.969,3.95608738968062,3.43920674799665,0.832442903389189,0.505112958942417
2007-11-02,0.0,318.47,3.54,3.54,430.0,0.21830578734285105,658.41,27.06629,750.88,3.17552224503765,2.27054970568104,0.715016154973943,0.219528466253919,0.207214753166224,16.85,1.1541095890411,212.45,3.09468317552804,0,-16.0641,4.11759799833194,1.37608385686463,0.451685660266874,1.30108445697626,0.601283991047423,33.3877563865537,51.0347891166449,14.7976986383577,0.969,3.95608738968062,3.43920674799665,0.832442903389189,0.505112958942417
2007-11-03,0.0,319.84,2.39,2.39,401.74,0.20527260600894948,658.41,27.06629,750.88,3.17552224503765,2.27054970568104,0.715016154973943,0.219528466253919,0.207214753166224,16.85,1.1541095890411,212.45,3.09468317552804,0,-16.0641,4.11759799833194,1.37608385686463,0.451685660266874,1.30108445697626,0.601283991047423,33.3877563865537,51.0347891166449,14.7976986383577,0.969,3.95608738968062,3.43920674799665,0.832442903389189,0.505112958942417
2007-11-04,1.38,235.93,3.66,3.66,446.66,0.1954977200085233,658.41,27.06629,750.88,3.17552224503765,2.27054970568104,0.715016154973943,0.219528466253919,0.207214753166224,16.85,1.1541095890411,212.45,3.09468317552804,0,-16.0641,4.11759799833194,1.37608385686463,0.451685660266874,1.30108445697626,0.601283991047423,33.3877563865537,51.0347891166449,14.7976986383577,0.969,3.95608738968062,3.43920674799665,0.832442903389189,0.505112958942417
2007-11-05,9.16,197.53,3.45,3.45,507.85,0.19223942467504793,658.41,27.06629,750.88,3.17552224503765,2.27054970568104,0.715016154973943,0.219528466253919,0.207214753166224,16.85,1.1541095890411,212.45,3.09468317552804,0,-16.0641,4.11759799833194,1.37608385686463,0.451685660266874,1.30108445697626,0.601283991047423,33.3877563865537,51.0347891166449,14.7976986383577,0.969,3.95608738968062,3.43920674799665,0.832442903389189,0.505112958942417
2007-11-06,3.53,194.46,3.21,3.21,535.22,0.3160546473471127,658.41,27.06629,750.88,3.17552224503765,2.27054970568104,0.715016154973943,0.219528466253919,0.207214753166224,16.85,1.1541095890411,212.45,3.09468317552804,0,-16.0641,4.11759799833194,1.37608385686463,0.451685660266874,1.30108445697626,0.601283991047423,33.3877563865537,51.0347891166449,14.7976986383577,0.969,3.95608738968062,3.43920674799665,0.832442903389189,0.505112958942417
2007-11-07,0.37,158.55,2.0,2.0,523.35,0.33560441934796503,658.41,27.06629,750.88,3.17552224503765,2.27054970568104,0.715016154973943,0.219528466253919,0.207214753166224,16.85,1.1541095890411,212.45,3.09468317552804,0,-16.0641,4.11759799833194,1.37608385686463,0.451685660266874,1.30108445697626,0.601283991047423,33.3877563865537,51.0347891166449,14.7976986383577,0.969,3.95608738968062,3.43920674799665,0.832442903389189,0.505112958942417
2007-11-08,0.09,127.8,0.4,0.4,501.31,0.293246580012785,658.41,27.06629,750.88,3.17552224503765,2.27054970568104,0.715016154973943,0.219528466253919,0.207214753166224,16.85,1.1541095890411,212.45,3.09468317552804,0,-16.0641,4.11759799833194,1.37608385686463,0.451685660266874,1.30108445697626,0.601283991047423,33.3877563865537,51.0347891166449,14.7976986383577,0.969,3.95608738968062,3.43920674799665,0.832442903389189,0.505112958942417
2007-11-09,1.81,103.61,0.51,0.51,503.6,0.2671802173449819,658.41,27.06629,750.88,3.17552224503765,2.27054970568104,0.715016154973943,0.219528466253919,0.207214753166224,16.85,1.1541095890411,212.45,3.09468317552804,0,-16.0641,4.11759799833194,1.37608385686463,0.451685660266874,1.30108445697626,0.601283991047423,33.3877563865537,51.0347891166449,14.7976986383577,0.969,3.95608738968062,3.43920674799665,0.832442903389189,0.505112958942417
2007-11-10,0.64,189.74,-1.29,-1.29,409.33,0.26392192201150644,658.41,27.06629,750.88,3.17552224503765,2.27054970568104,0.715016154973943,0.219528466253919,0.207214753166224,16.85,1.1541095890411,212.45,3.09468317552804,0,-16.0641,4.11759799833194,1.37608385686463,0.451685660266874,1.30108445697626,0.601283991047423,33.3877563865537,51.0347891166449,14.7976986383577,0.969,3.95608738968062,3.43920674799665,0.832442903389189,0.505112958942417
2007-11-11,0.89,205.9,-1.33,-1.33,407.35,0.2606636266780311,658.41,27.06629,750.88,3.17552224503765,2.27054970568104,0.715016154973943,0.219528466253919,0.207214753166224,16.85,1.1541095890411,212.45,3.09468317552804,0,-16.0641,4.11759799833194,1.37608385686463,0.451685660266874,1.30108445697626,0.601283991047423,33.3877563865537,51.0347891166449,14.7976986383577,0.969,3.95608738968062,3.43920674799665,0.832442903389189,0.505112958942417
2007-11-12,6.24,158.27,2.17,2.17,564.67,0.24763044534412954,658.41,27.06629,750.88,3.17552224503765,2.27054970568104,0.715016154973943,0.219528466253919,0.207214753166224,16.85,1.1541095890411,212.45,3.09468317552804,0,-16.0641,4.11759799833194,1.37608385686463,0.451685660266874,1.30108445697626,0.601283991047423,33.3877563865537,51.0347891166449,14.7976986383577,0.969,3.95608738968062,3.43920674799665,0.832442903389189,0.505112958942417
2007-11-13,4.02,167.01,6.08,6.08,717.53,0.46593623268698053,658.41,27.06629,750.88,3.17552224503765,2.27054970568104,0.715016154973943,0.219528466253919,0.207214753166224,16.85,1.1541095890411,212.45,3.09468317552804,0,-16.0641,4.11759799833194,1.37608385686463,0.451685660266874,1.30108445697626,0.601283991047423,33.3877563865537,51.0347891166449,14.7976986383577,0.969,3.95608738968062,3.43920674799665,0.832442903389189,0.505112958942417
2007-11-14,11.2,193.29,5.37,5.37,631.7,0.5082940720221607,658.41,27.06629,750.88,3.17552224503765,2.27054970568104,0.715016154973943,0.219528466253919,0.207214753166224,16.85,1.1541095890411,212.45,3.09468317552804,0,-16.0641,4.11759799833194,1.37608385686463,0.451685660266874,1.30108445697626,0.601283991047423,33.3877563865537,51.0347891166449,14.7976986383577,0.969,3.95608738968062,3.43920674799665,0.832442903389189,0.505112958942417
2007-11-15,7.56,198.41,5.82,5.82,601.57,2.09834219475815,658.41,27.06629,750.88,3.17552224503765,2.27054970568104,0.715016154973943,0.219528466253919,0.207214753166224,16.85,1.1541095890411,212.45,3.09468317552804,0,-16.0641,4.11759799833194,1.37608385686463,0.451685660266874,1.30108445697626,0.601283991047423,33.3877563865537,51.0347891166449,14.7976986383577,0.969,3.95608738968062,3.43920674799665,0.832442903389189,0.505112958942417
2007-11-16,2.33,148.57,2.62,2.62,520.9,1.8767781120818239,658.41,27.06629,750.88,3.17552224503765,2.27054970568104,0.715016154973943,0.219528466253919,0.207214753166224,16.85,1.1541095890411,212.45,3.09468317552804,0,-16.0641,4.11759799833194,1.37608385686463,0.451685660266874,1.30108445697626,0.601283991047423,33.3877563865537,51.0347891166449,14.7976986383577,0.969,3.95608738968062,3.43920674799665,0.832442903389189,0.505112958942417
2007-11-17,0.85,91.28,-0.37,-0.37,472.96,1.2870266567227786,658.41,27.06629,750.88,3.17552224503765,2.27054970568104,0.715016154973943,0.219528466253919,0.207214753166224,16.85,1.1541095890411,212.45,3.09468317552804,0,-16.0641,4.11759799833194,1.37608385686463,0.451685660266874,1.30108445697626,0.601283991047423,33.3877563865537,51.0347891166449,14.7976986383577,0.969,3.95608738968062,3.43920674799665,0.832442903389189,0.505112958942417
2007-11-18,3.48,67.69,-1.05,-1.05,476.87,1.1045621180481566,658.41,27.06629,750.88,3.17552224503765,2.27054970568104,0.715016154973943,0.219528466253919,0.207214753166224,16.85,1.1541095890411,212.45,3.09468317552804,0,-16.0641,4.11759799833194,1.37608385686463,0.451685660266874,1.30108445697626,0.601283991047423,33.3877563865537,51.0347891166449,14.7976986383577,0.969,3.95608738968062,3.43920674799665,0.832442903389189,0.505112958942417
2007-11-19,3.0,63.54,-0.91,-0.91,497.93,1.0100715533773705,658.41,27.06629,750.88,3.17552224503765,2.27054970568104,0.715016154973943,0.219528466253919,0.207214753166224,16.85,1.1541095890411,212.45,3.09468317552804,0,-16.0641,4.11759799833194,1.37608385686463,0.451685660266874,1.30108445697626,0.601283991047423,33.3877563865537,51.0347891166449,14.7976986383577,0.969,3.95608738968062,3.43920674799665,0.832442903389189,0.505112958942417
2007-11-20,1.4,66.67,0.62,0.62,574.69,1.2968015427232047,658.41,27.06629,750.88,3.17552224503765,2.27054970568104,0.715016154973943,0.219528466253919,0.207214753166224,16.85,1.1541095890411,212.45,3.09468317552804,0,-16.0641,4.11759799833194,1.37608385686463,0.451685660266874,1.30108445697626,0.601283991047423,33.3877563865537,51.0347891166449,14.7976986383577,0.969,3.95608738968062,3.43920674799665,0.832442903389189,0.505112958942417
2007-11-21,2.65,140.4,4.37,4.37,666.87,1.449941423396548,658.41,27.06629,750.88,3.17552224503765,2.27054970568104,0.715016154973943,0.219528466253919,0.207214753166224,16.85,1.1541095890411,212.45,3.09468317552804,0,-16.0641,4.11759799833194,1.37608385686463,0.451685660266874,1.30108445697626,0.601283991047423,33.3877563865537,51.0347891166449,14.7976986383577,0.969,3.95608738968062,3.43920674799665,0.832442903389189,0.505112958942417
2007-11-22,5.72,198.8,4.51,4.51,509.77,2.137441738759855,658.41,27.06629,750.88,3.17552224503765,2.27054970568104,0.715016154973943,0.219528466253919,0.207214753166224,16.85,1.1541095890411,212.45,3.09468317552804,0,-16.0641,4.11759799833194,1.37608385686463,0.451685660266874,1.30108445697626,0.601283991047423,33.3877563865537,51.0347891166449,14.7976986383577,0.969,3.95608738968062,3.43920674799665,0.832442903389189,0.505112958942417
2007-11-23,1.34,255.41,-1.6,-1.6,305.63,1.9354274280843808,658.41,27.06629,750.88,3.17552224503765,2.27054970568104,0.715016154973943,0.219528466253919,0.207214753166224,16.85,1.1541095890411,212.45,3.09468317552804,0,-16.0641,4.11759799833194,1.37608385686463,0.451685660266874,1.30108445697626,0.601283991047423,33.3877563865537,51.0347891166449,14.7976986383577,0.969,3.95608738968062,3.43920674799665,0.832442903389189,0.505112958942417
2007-11-24,0.86,223.72,-5.93,-5.93,246.09,1.391292107393991,658.41,27.06629,750.88,3.17552224503765,2.27054970568104,0.715016154973943,0.219528466253919,0.207214753166224,16.85,1.1541095890411,212.45,3.09468317552804,0,-16.0641,4.11759799833194,1.37608385686463,0.451685660266874,1.30108445697626,0.601283991047423,33.3877563865537,51.0347891166449,14.7976986383577,0.969,3.95608738968062,3.43920674799665,0.832442903389189,0.505112958942417
2007-11-25,7.11,192.95,-5.15,-5.15,300.22,1.2088275687193692,658.41,27.06629,750.88,3.17552224503765,2.27054970568104,0.715016154973943,0.219528466253919,0.207214753166224,16.85,1.1541095890411,212.45,3.09468317552804,0,-16.0641,4.11759799833194,1.37608385686463,0.451685660266874,1.30108445697626,0.601283991047423,33.3877563865537,51.0347891166449,14.7976986383577,0.969,3.95608738968062,3.43920674799665,0.832442903389189,0.505112958942417
2007-11-26,20.8,220.04,-0.71,-0.71,421.92,2.326422868101427,658.41,27.06629,750.88,3.17552224503765,2.27054970568104,0.715016154973943,0.219528466253919,0.207214753166224,16.85,1.1541095890411,212.45,3.09468317552804,0,-16.0641,4.11759799833194,1.37608385686463,0.451685660266874,1.30108445697626,0.601283991047423,33.3877563865537,51.0347891166449,14.7976986383577,0.969,3.95608738968062,3.43920674799665,0.832442903389189,0.505112958942417
2007-11-27,5.09,160.13,2.31,2.31,548.46,8.862563307053057,658.41,27.06629,750.88,3.17552224503765,2.27054970568104,0.715016154973943,0.219528466253919,0.207214753166224,16.85,1.1541095890411,212.45,3.09468317552804,0,-16.0641,4.11759799833194,1.37608385686463,0.451685660266874,1.30108445697626,0.601283991047423,33.3877563865537,51.0347891166449,14.7976986383577,0.969,3.95608738968062,3.43920674799665,0.832442903389189,0.505112958942417
2007-11-28,0.02,209.86,0.37,0.37,478.02,3.35604419347965,658.41,27.06629,750.88,3.17552224503765,2.27054970568104,0.715016154973943,0.219528466253919,0.207214753166224,16.85,1.1541095890411,212.45,3.09468317552804,0,-16.0641,4.11759799833194,1.37608385686463,0.451685660266874,1.30108445697626,0.601283991047423,33.3877563865537,51.0347891166449,14.7976986383577,0.969,3.95608738968062,3.43920674799665,0.832442903389189,0.505112958942417
2007-11-29,0.0,268.51,-0.8,-0.8,396.29,2.4795627487747707,658.41,27.06629,750.88,3.17552224503765,2.27054970568104,0.715016154973943,0.219528466253919,0.207214753166224,16.85,1.1541095890411,212.45,3.09468317552804,0,-16.0641,4.11759799833194,1.37608385686463,0.451685660266874,1.30108445697626,0.601283991047423,33.3877563865537,51.0347891166449,14.7976986383577,0.969,3.95608738968062,3.43920674799665,0.832442903389189,0.505112958942417
2007-11-30,0.13,243.35,-1.15,-1.15,339.17,1.951718904751758,658.41,27.06629,750.88,3.17552224503765,2.27054970568104,0.715016154973943,0.219528466253919,0.207214753166224,16.85,1.1541095890411,212.45,3.09468317552804,0,-16.0641,4.11759799833194,1.37608385686463,0.451685660266874,1.30108445697626,0.601283991047423,33.3877563865537,51.0347891166449,14.7976986383577,0.969,3.95608738968062,3.43920674799665,0.832442903389189,0.505112958942417
2007-12-01,6.84,226.68,-2.2,-2.2,307.99,1.6095978947368421,658.41,27.06629,750.88,3.17552224503765,2.27054970568104,0.715016154973943,0.219528466253919,0.207214753166224,16.85,1.1541095890411,212.45,3.09468317552804,0,-16.0641,4.11759799833194,1.37608385686463,0.451685660266874,1.30108445697626,0.601283991047423,33.3877563865537,51.0347891166449,14.7976986383577,0.969,3.95608738968062,3.43920674799665,0.832442903389189,0.505112958942417
2007-12-02,7.34,181.96,-5.75,-5.75,281.59,1.433649946729171,658.41,27.06629,750.88,3.17552224503765,2.27054970568104,0.715016154973943,0.219528466253919,0.207214753166224,16.85,1.1541095890411,212.45,3.09468317552804,0,-16.0641,4.11759799833194,1.37608385686463,0.451685660266874,1.30108445697626,0.601283991047423,33.3877563865537,51.0347891166449,14.7976986383577,0.969,3.95608738968062,3.43920674799665,0.832442903389189,0.505112958942417
2007-12-03,4.07,215.15,-2.53,-2.53,352.38,2.1667663967611337,658.41,27.06629,750.88,3.17552224503765,2.27054970568104,0.715016154973943,0.219528466253919,0.207214753166224,16.85,1.1541095890411,212.45,3.09468317552804,0,-16.0641,4.11759799833194,1.37608385686463,0.451685660266874,1.30108445697626,0.601283991047423,33.3877563865537,51.0347891166449,14.7976986383577,0.969,3.95608738968062,3.43920674799665,0.832442903389189,0.505112958942417
2007-12-04,1.0,201.94,-3.55,-3.55,315.46,1.7855458427445128,658.41,27.06629,750.88,3.17552224503765,2.27054970568104,0.715016154973943,0.219528466253919,0.207214753166224,16.85,1.1541095890411,212.45,3.09468317552804,0,-16.0641,4.11759799833194,1.37608385686463,0.451685660266874,1.30108445697626,0.601283991047423,33.3877563865537,51.0347891166449,14.7976986383577,0.969,3.95608738968062,3.43920674799665,0.832442903389189,0.505112958942417
2007-12-05,0.54,163.16,-7.07,-7.07,244.48,1.485782672064777,658.41,27.06629,750.88,3.17552224503765,2.27054970568104,0.715016154973943,0.219528466253919,0.207214753166224,16.85,1.1541095890411,212.45,3.09468317552804,0,-16.0641,4.11759799833194,1.37608385686463,0.451685660266874,1.30108445697626,0.601283991047423,33.3877563865537,51.0347891166449,14.7976986383577,0.969,3.95608738968062,3.43920674799665,0.832442903389189,0.505112958942417
2007-12-06,0.16,253.43,-12.36,-12.36,145.27,1.08827064138078,658.41,27.06629,750.88,3.17552224503765,2.27054970568104,0.715016154973943,0.219528466253919,0.207214753166224,16.85,1.1541095890411,212.45,3.09468317552804,0,-16.0641,4.11759799833194,1.37608385686463,0.451685660266874,1.30108445697626,0.601283991047423,33.3877563865537,51.0347891166449,14.7976986383577,0.969,3.95608738968062,3.43920674799665,0.832442903389189,0.505112958942417
2007-12-07,0.02,247.33,-10.08,-10.08,199.95,1.1632114340507136,658.41,27.06629,750.88,3.17552224503765,2.27054970568104,0.715016154973943,0.219528466253919,0.207214753166224,16.85,1.1541095890411,212.45,3.09468317552804,0,-16.0641,4.11759799833194,1.37608385686463,0.451685660266874,1.30108445697626,0.601283991047423,33.3877563865537,51.0347891166449,14.7976986383577,0.969,3.95608738968062,3.43920674799665,0.832442903389189,0.505112958942417
2007-12-08,0.0,166.54,-3.89,-3.89,353.03,1.107820413381632,658.41,27.06629,750.88,3.17552224503765,2.27054970568104,0.715016154973943,0.219528466253919,0.207214753166224,16.85,1.1541095890411,212.45,3.09468317552804,0,-16.0641,4.11759799833194,1.37608385686463,0.451685660266874,1.30108445697626,0.601283991047423,33.3877563865537,51.0347891166449,14.7976986383577,0.969,3.95608738968062,3.43920674799665,0.832442903389189,0.505112958942417
2007-12-09,3.85,213.71,-3.77,-3.77,332.3,1.0263630300447473,658.41,27.06629,750.88,3.17552224503765,2.27054970568104,0.715016154973943,0.219528466253919,0.207214753166224,16.85,1.1541095890411,212.45,3.09468317552804,0,-16.0641,4.11759799833194,1.37608385686463,0.451685660266874,1.30108445697626,0.601283991047423,33.3877563865537,51.0347891166449,14.7976986383577,0.969,3.95608738968062,3.43920674799665,0.832442903389189,0.505112958942417
2007-12-10,1.03,163.03,-2.19,-2.19,404.03,1.1110787087151075,658.41,27.06629,750.88,3.17552224503765,2.27054970568104,0.715016154973943,0.219528466253919,0.207214753166224,16.85,1.1541095890411,212.45,3.09468317552804,0,-16.0641,4.11759799833194,1.37608385686463,0.451685660266874,1.30108445697626,0.601283991047423,33.3877563865537,51.0347891166449,14.7976986383577,0.969,3.95608738968062,3.43920674799665,0.832442903389189,0.505112958942417
2007-12-11,13.54,119.29,-1.12,-1.12,477.42,1.391292107393991,658.41,27.06629,750.88,3.17552224503765,2.27054970568104,0.715016154973943,0.219528466253919,0.207214753166224,16.85,1.1541095890411,212.45,3.09468317552804,0,-16.0641,4.11759799833194,1.37608385686463,0.451685660266874,1.30108445697626,0.601283991047423,33.3877563865537,51.0347891166449,14.7976986383577,0.969,3.95608738968062,3.43920674799665,0.832442903389189,0.505112958942417
2007-12-12,3.79,208.0,1.31,1.31,511.91,8.96031216705732,658.41,27.06629,750.88,3.17552224503765,2.27054970568104,0.715016154973943,0.219528466253919,0.207214753166224,16.85,1.1541095890411,212.45,3.09468317552804,0,-16.0641,4.11759799833194,1.37608385686463,0.451685660266874,1.30108445697626,0.601283991047423,33.3877563865537,51.0347891166449,14.7976986383577,0.969,3.95608738968062,3.43920674799665,0.832442903389189,0.505112958942417
2007-12-13,10.84,213.77,-1.39,-1.39,388.74,4.235783933518006,658.41,27.06629,750.88,3.17552224503765,2.27054970568104,0.715016154973943,0.219528466253919,0.207214753166224,16.85,1.1541095890411,212.45,3.09468317552804,0,-16.0641,4.11759799833194,1.37608385686463,0.451685660266874,1.30108445697626,0.601283991047423,33.3877563865537,51.0347891166449,14.7976986383577,0.969,3.95608738968062,3.43920674799665,0.832442903389189,0.505112958942417
2007-12-14,2.84,203.11,-1.89,-1.89,372.0,3.176837950138504,658.41,27.06629,750.88,3.17552224503765,2.27054970568104,0.715016154973943,0.219528466253919,0.207214753166224,16.85,1.1541095890411,212.45,3.09468317552804,0,-16.0641,4.11759799833194,1.37608385686463,0.451685660266874,1.30108445697626,0.601283991047423,33.3877563865537,51.0347891166449,14.7976986383577,0.969,3.95608738968062,3.43920674799665,0.832442903389189,0.505112958942417
2007-12-15,11.34,236.13,-6.53,-6.53,229.54,2.4697878627743446,658.41,27.06629,750.88,3.17552224503765,2.27054970568104,0.715016154973943,0.219528466253919,0.207214753166224,16.85,1.1541095890411,212.45,3.09468317552804,0,-16.0641,4.11759799833194,1.37608385686463,0.451685660266874,1.30108445697626,0.601283991047423,33.3877563865537,51.0347891166449,14.7976986383577,0.969,3.95608738968062,3.43920674799665,0.832442903389189,0.505112958942417
2007-12-16,4.93,226.87,-6.23,-6.23,231.34,2.300356505433624,658.41,27.06629,750.88,3.17552224503765,2.27054970568104,0.715016154973943,0.219528466253919,0.207214753166224,16.85,1.1541095890411,212.45,3.09468317552804,0,-16.0641,4.11759799833194,1.37608385686463,0.451685660266874,1.30108445697626,0.601283991047423,33.3877563865537,51.0347891166449,14.7976986383577,0.969,3.95608738968062,3.43920674799665,0.832442903389189,0.505112958942417
2007-12-17,0.56,239.86,-6.6,-6.6,234.14,1.8930695887492006,658.41,27.06629,750.88,3.17552224503765,2.27054970568104,0.715016154973943,0.219528466253919,0.207214753166224,16.85,1.1541095890411,212.45,3.09468317552804,0,-16.0641,4.11759799833194,1.37608385686463,0.451685660266874,1.30108445697626,0.601283991047423,33.3877563865537,51.0347891166449,14.7976986383577,0.969,3.95608738968062,3.43920674799665,0.832442903389189,0.505112958942417
2007-12-18,0.01,277.75,-6.6,-6.6,235.34,1.6258893714042189,658.41,27.06629,750.88,3.17552224503765,2.27054970568104,0.715016154973943,0.219528466253919,0.207214753166224,16.85,1.1541095890411,212.45,3.09468317552804,0,-16.0641,4.11759799833194,1.37608385686463,0.451685660266874,1.30108445697626,0.601283991047423,33.3877563865537,51.0347891166449,14.7976986383577,0.969,3.95608738968062,3.43920674799665,0.832442903389189,0.505112958942417
2007-12-19,0.06,247.34,-5.39,-5.39,277.63,1.4922992627317277,658.41,27.06629,750.88,3.17552224503765,2.27054970568104,0.715016154973943,0.219528466253919,0.207214753166224,16.85,1.1541095890411,212.45,3.09468317552804,0,-16.0641,4.11759799833194,1.37608385686463,0.451685660266874,1.30108445697626,0.601283991047423,33.3877563865537,51.0347891166449,14.7976986383577,0.969,3.95608738968062,3.43920674799665,0.832442903389189,0.505112958942417
2007-12-20,0.06,117.52,-1.17,-1.17,438.85,1.3945504027274664,658.41,27.06629,750.88,3.17552224503765,2.27054970568104,0.715016154973943,0.219528466253919,0.207214753166224,16.85,1.1541095890411,212.45,3.09468317552804,0,-16.0641,4.11759799833194,1.37608385686463,0.451685660266874,1.30108445697626,0.601283991047423,33.3877563865537,51.0347891166449,14.7976986383577,0.969,3.95608738968062,3.43920674799665,0.832442903389189,0.505112958942417
2007-12-21,0.01,229.06,-2.69,-2.69,389.54,1.2870266567227786,658.41,27.06629,750.88,3.17552224503765,2.27054970568104,0.715016154973943,0.219528466253919,0.207214753166224,16.85,1.1541095890411,212.45,3.09468317552804,0,-16.0641,4.11759799833194,1.37608385686463,0.451685660266874,1.30108445697626,0.601283991047423,33.3877563865537,51.0347891166449,14.7976986383577,0.969,3.95608738968062,3.43920674799665,0.832442903389189,0.505112958942417
2007-12-22,0.04,175.01,-1.59,-1.59,443.27,1.1957943873854677,658.41,27.06629,750.88,3.17552224503765,2.27054970568104,0.715016154973943,0.219528466253919,0.207214753166224,16.85,1.1541095890411,212.45,3.09468317552804,0,-16.0641,4.11759799833194,1.37608385686463,0.451685660266874,1.30108445697626,0.601283991047423,33.3877563865537,51.0347891166449,14.7976986383577,0.969,3.95608738968062,3.43920674799665,0.832442903389189,0.505112958942417
2007-12-23,15.73,169.46,2.02,2.02,562.63,7.982823567014702,658.41,27.06629,750.88,3.17552224503765,2.27054970568104,0.715016154973943,0.219528466253919,0.207214753166224,16.85,1.1541095890411,212.45,3.09468317552804,0,-16.0641,4.11759799833194,1.37608385686463,0.451685660266874,1.30108445697626,0.601283991047423,33.3877563865537,51.0347891166449,14.7976986383577,0.969,3.95608738968062,3.43920674799665,0.832442903389189,0.505112958942417
2007-12-24,4.14,284.61,1.35,1.35,456.01,11.925360920519921,658.41,27.06629,750.88,3.17552224503765,2.27054970568104,0.715016154973943,0.219528466253919,0.207214753166224,16.85,1.1541095890411,212.45,3.09468317552804,0,-16.0641,4.11759799833194,1.37608385686463,0.451685660266874,1.30108445697626,0.601283991047423,33.3877563865537,51.0347891166449,14.7976986383577,0.969,3.95608738968062,3.43920674799665,0.832442903389189,0.505112958942417
2007-12-25,0.0,121.93,-1.57,-1.57,406.43,4.463864606861282,658.41,27.06629,750.88,3.17552224503765,2.27054970568104,0.715016154973943,0.219528466253919,0.207214753166224,16.85,1.1541095890411,212.45,3.09468317552804,0,-16.0641,4.11759799833194,1.37608385686463,0.451685660266874,1.30108445697626,0.601283991047423,33.3877563865537,51.0347891166449,14.7976986383577,0.969,3.95608738968062,3.43920674799665,0.832442903389189,0.505112958942417
2007-12-26,0.03,223.49,-5.18,-5.18,312.2,3.1735796548050286,658.41,27.06629,750.88,3.17552224503765,2.27054970568104,0.715016154973943,0.219528466253919,0.207214753166224,16.85,1.1541095890411,212.45,3.09468317552804,0,-16.0641,4.11759799833194,1.37608385686463,0.451685660266874,1.30108445697626,0.601283991047423,33.3877563865537,51.0347891166449,14.7976986383577,0.969,3.95608738968062,3.43920674799665,0.832442903389189,0.505112958942417
2007-12-27,0.54,266.05,-3.57,-3.57,325.73,2.6718021734498185,658.41,27.06629,750.88,3.17552224503765,2.27054970568104,0.715016154973943,0.219528466253919,0.207214753166224,16.85,1.1541095890411,212.45,3.09468317552804,0,-16.0641,4.11759799833194,1.37608385686463,0.451685660266874,1.30108445697626,0.601283991047423,33.3877563865537,51.0347891166449,14.7976986383577,0.969,3.95608738968062,3.43920674799665,0.832442903389189,0.505112958942417
2007-12-28,3.94,190.79,-0.14,-0.14,443.76,2.290581619433198,658.41,27.06629,750.88,3.17552224503765,2.27054970568104,0.715016154973943,0.219528466253919,0.207214753166224,16.85,1.1541095890411,212.45,3.09468317552804,0,-16.0641,4.11759799833194,1.37608385686463,0.451685660266874,1.30108445697626,0.601283991047423,33.3877563865537,51.0347891166449,14.7976986383577,0.969,3.95608738968062,3.43920674799665,0.832442903389189,0.505112958942417
2007-12-29,1.71,219.6,0.12,0.12,461.52,2.906399437460047,658.41,27.06629,750.88,3.17552224503765,2.27054970568104,0.715016154973943,0.219528466253919,0.207214753166224,16.85,1.1541095890411,212.45,3.09468317552804,0,-16.0641,4.11759799833194,1.37608385686463,0.451685660266874,1.30108445697626,0.601283991047423,33.3877563865537,51.0347891166449,14.7976986383577,0.969,3.95608738968062,3.43920674799665,0.832442903389189,0.505112958942417
2007-12-30,3.16,177.32,-0.54,-0.54,449.78,2.2742901427658215,658.41,27.06629,750.88,3.17552224503765,2.27054970568104,0.715016154973943,0.219528466253919,0.207214753166224,16.85,1.1541095890411,212.45,3.09468317552804,0,-16.0641,4.11759799833194,1.37608385686463,0.451685660266874,1.30108445697626,0.601283991047423,33.3877563865537,51.0347891166449,14.7976986383577,0.969,3.95608738968062,3.43920674799665,0.832442903389189,0.505112958942417
2007-12-31,2.97,123.39,-1.58,-1.58,437.28,1.9843018580865117,658.41,27.06629,750.88,3.17552224503765,2.27054970568104,0.715016154973943,0.219528466253919,0.207214753166224,16.85,1.1541095890411,212.45,3.09468317552804,0,-16.0641,4.11759799833194,1.37608385686463,0.451685660266874,1.30108445697626,0.601283991047423,33.3877563865537,51.0347891166449,14.7976986383577,0.969,3.95608738968062,3.43920674799665,0.832442903389189,0.505112958942417
2008-01-01,2.83,174.68,-3.06,-3.06,366.95,1.7888041380779882,658.41,27.06629,750.88,3.17552224503765,2.27054970568104,0.715016154973943,0.219528466253919,0.207214753166224,16.85,1.1541095890411,212.45,3.09468317552804,0,-16.0641,4.11759799833194,1.37608385686463,0.451685660266874,1.30108445697626,0.601283991047423,33.3877563865537,51.0347891166449,14.7976986383577,0.969,3.95608738968062,3.43920674799665,0.832442903389189,0.505112958942417
2008-01-02,0.64,253.31,-5.98,-5.98,231.67,1.518365625399531,658.41,27.06629,750.88,3.17552224503765,2.27054970568104,0.715016154973943,0.219528466253919,0.207214753166224,16.85,1.1541095890411,212.45,3.09468317552804,0,-16.0641,4.11759799833194,1.37608385686463,0.451685660266874,1.30108445697626,0.601283991047423,33.3877563865537,51.0347891166449,14.7976986383577,0.969,3.95608738968062,3.43920674799665,0.832442903389189,0.505112958942417
2008-01-03,0.01,276.87,-12.94,-12.94,135.03,1.3196096100575323,658.41,27.06629,750.88,3.17552224503765,2.27054970568104,0.715016154973943,0.219528466253919,0.207214753166224,16.85,1.1541095890411,212.45,3.09468317552804,0,-16.0641,4.11759799833194,1.37608385686463,0.451685660266874,1.30108445697626,0.601283991047423,33.3877563865537,51.0347891166449,14.7976986383577,0.969,3.95608738968062,3.43920674799665,0.832442903389189,0.505112958942417
2008-01-04,0.0,287.76,-12.35,-12.35,159.24,1.241410522054123,658.41,27.06629,750.88,3.17552224503765,2.27054970568104,0.715016154973943,0.219528466253919,0.207214753166224,16.85,1.1541095890411,212.45,3.09468317552804,0,-16.0641,4.11759799833194,1.37608385686463,0.451685660266874,1.30108445697626,0.601283991047423,33.3877563865537,51.0347891166449,14.7976986383577,0.969,3.95608738968062,3.43920674799665,0.832442903389189,0.505112958942417
2008-01-05,0.16,196.13,-6.42,-6.42,284.79,1.283768361389303,658.41,27.06629,750.88,3.17552224503765,2.27054970568104,0.715016154973943,0.219528466253919,0.207214753166224,16.85,1.1541095890411,212.45,3.09468317552804,0,-16.0641,4.11759799833194,1.37608385686463,0.451685660266874,1.30108445697626,0.601283991047423,33.3877563865537,51.0347891166449,14.7976986383577,0.969,3.95608738968062,3.43920674799665,0.832442903389189,0.505112958942417
2008-01-06,0.39,209.04,-1.68,-1.68,441.01,1.3880338120605156,658.41,27.06629,750.88,3.17552224503765,2.27054970568104,0.715016154973943,0.219528466253919,0.207214753166224,16.85,1.1541095890411,212.45,3.09468317552804,0,-16.0641,4.11759799833194,1.37608385686463,0.451685660266874,1.30108445697626,0.601283991047423,33.3877563865537,51.0347891166449,14.7976986383577,0.969,3.95608738968062,3.43920674799665,0.832442903389189,0.505112958942417
2008-01-07,0.1,224.74,5.07,5.07,725.45,2.6685438781163433,658.41,27.06629,750.88,3.17552224503765,2.27054970568104,0.715016154973943,0.219528466253919,0.207214753166224,16.85,1.1541095890411,212.45,3.09468317552804,0,-16.0641,4.11759799833194,1.37608385686463,0.451685660266874,1.30108445697626,0.601283991047423,33.3877563865537,51.0347891166449,14.7976986383577,0.969,3.95608738968062,3.43920674799665,0.832442903389189,0.505112958942417
2008-01-08,3.63,190.65,9.01,9.01,909.61,2.8868496654591946,658.41,27.06629,750.88,3.17552224503765,2.27054970568104,0.715016154973943,0.219528466253919,0.207214753166224,16.85,1.1541095890411,212.45,3.09468317552804,0,-16.0641,4.11759799833194,1.37608385686463,0.451685660266874,1.30108445697626,0.601283991047423,33.3877563865537,51.0347891166449,14.7976986383577,0.969,3.95608738968062,3.43920674799665,0.832442903389189,0.505112958942417
2008-01-09,1.03,245.52,9.87,9.87,820.53,3.085605680801193,658.41,27.06629,750.88,3.17552224503765,2.27054970568104,0.715016154973943,0.219528466253919,0.207214753166224,16.85,1.1541095890411,212.45,3.09468317552804,0,-16.0641,4.11759799833194,1.37608385686463,0.451685660266874,1.30108445697626,0.601283991047423,33.3877563865537,51.0347891166449,14.7976986383577,0.969,3.95608738968062,3.43920674799665,0.832442903389189,0.505112958942417
2008-01-10,7.21,229.43,2.6,2.6,502.57,2.515403997443,658.41,27.06629,750.88,3.17552224503765,2.27054970568104,0.715016154973943,0.219528466253919,0.207214753166224,16.85,1.1541095890411,212.45,3.09468317552804,0,-16.0641,4.11759799833194,1.37608385686463,0.451685660266874,1.30108445697626,0.601283991047423,33.3877563865537,51.0347891166449,14.7976986383577,0.969,3.95608738968062,3.43920674799665,0.832442903389189,0.505112958942417
2008-01-11,2.66,193.19,2.12,2.12,536.81,3.616707820157681,658.41,27.06629,750.88,3.17552224503765,2.27054970568104,0.715016154973943,0.219528466253919,0.207214753166224,16.85,1.1541095890411,212.45,3.09468317552804,0,-16.0641,4.11759799833194,1.37608385686463,0.451685660266874,1.30108445697626,0.601283991047423,33.3877563865537,51.0347891166449,14.7976986383577,0.969,3.95608738968062,3.43920674799665,0.832442903389189,0.505112958942417
2008-01-12,0.2,253.04,2.89,2.89,549.07,2.782584214787982,658.41,27.06629,750.88,3.17552224503765,2.27054970568104,0.715016154973943,0.219528466253919,0.207214753166224,16.85,1.1541095890411,212.45,3.09468317552804,0,-16.0641,4.11759799833194,1.37608385686463,0.451685660266874,1.30108445697626,0.601283991047423,33.3877563865537,51.0347891166449,14.7976986383577,0.969,3.95608738968062,3.43920674799665,0.832442903389189,0.505112958942417
2008-01-13,0.11,221.76,-1.73,-1.73,382.68,2.2742901427658215,658.41,27.06629,750.88,3.17552224503765,2.27054970568104,0.715016154973943,0.219528466253919,0.207214753166224,16.85,1.1541095890411,212.45,3.09468317552804,0,-16.0641,4.11759799833194,1.37608385686463,0.451685660266874,1.30108445697626,0.601283991047423,33.3877563865537,51.0347891166449,14.7976986383577,0.969,3.95608738968062,3.43920674799665,0.832442903389189,0.505112958942417
2008-01-14,0.14,185.85,-1.49,-1.49,403.22,2.1081170807585763,658.41,27.06629,750.88,3.17552224503765,2.27054970568104,0.715016154973943,0.219528466253919,0.207214753166224,16.85,1.1541095890411,212.45,3.09468317552804,0,-16.0641,4.11759799833194,1.37608385686463,0.451685660266874,1.30108445697626,0.601283991047423,33.3877563865537,51.0347891166449,14.7976986383577,0.969,3.95608738968062,3.43920674799665,0.832442903389189,0.505112958942417
2008-01-15,0.08,164.17,-2.92,-2.92,378.71,1.8898112934157254,658.41,27.06629,750.88,3.17552224503765,2.27054970568104,0.715016154973943,0.219528466253919,0.207214753166224,16.85,1.1541095890411,212.45,3.09468317552804,0,-16.0641,4.11759799833194,1.37608385686463,0.451685660266874,1.30108445697626,0.601283991047423,33.3877563865537,51.0347891166449,14.7976986383577,0.969,3.95608738968062,3.43920674799665,0.832442903389189,0.505112958942417
2008-01-16,0.05,183.44,-4.02,-4.02,351.38,1.6421808480715958,658.41,27.06629,750.88,3.17552224503765,2.27054970568104,0.715016154973943,0.219528466253919,0.207214753166224,16.85,1.1541095890411,212.45,3.09468317552804,0,-16.0641,4.11759799833194,1.37608385686463,0.451685660266874,1.30108445697626,0.601283991047423,33.3877563865537,51.0347891166449,14.7976986383577,0.969,3.95608738968062,3.43920674799665,0.832442903389189,0.505112958942417
2008-01-17,1.22,192.27,-4.4,-4.4,332.91,1.459716309396974,658.41,27.06629,750.88,3.17552224503765,2.27054970568104,0.715016154973943,0.219528466253919,0.207214753166224,16.85,1.1541095890411,212.45,3.09468317552804,0,-16.0641,4.11759799833194,1.37608385686463,0.451685660266874,1.30108445697626,0.601283991047423,33.3877563865537,51.0347891166449,14.7976986383577,0.969,3.95608738968062,3.43920674799665,0.832442903389189,0.505112958942417
2008-01-18,0.32,273.72,-3.88,-3.88,317.0,1.365225744726188,658.41,27.06629,750.88,3.17552224503765,2.27054970568104,0.715016154973943,0.219528466253919,0.207214753166224,16.85,1.1541095890411,212.45,3.09468317552804,0,-16.0641,4.11759799833194,1.37608385686463,0.451685660266874,1.30108445697626,0.601283991047423,33.3877563865537,51.0347891166449,14.7976986383577,0.969,3.95608738968062,3.43920674799665,0.832442903389189,0.505112958942417
2008-01-19,1.04,246.65,-6.57,-6.57,225.38,1.114337004048583,658.41,27.06629,750.88,3.17552224503765,2.27054970568104,0.715016154973943,0.219528466253919,0.207214753166224,16.85,1.1541095890411,212.45,3.09468317552804,0,-16.0641,4.11759799833194,1.37608385686463,0.451685660266874,1.30108445697626,0.601283991047423,33.3877563865537,51.0347891166449,14.7976986383577,0.969,3.95608738968062,3.43920674799665,0.832442903389189,0.505112958942417
2008-01-20,0.49,249.27,-10.53,-10.53,155.82,0.9872634860430427,658.41,27.06629,750.88,3.17552224503765,2.27054970568104,0.715016154973943,0.219528466253919,0.207214753166224,16.85,1.1541095890411,212.45,3.09468317552804,0,-16.0641,4.11759799833194,1.37608385686463,0.451685660266874,1.30108445697626,0.601283991047423,33.3877563865537,51.0347891166449,14.7976986383577,0.969,3.95608738968062,3.43920674799665,0.832442903389189,0.505112958942417
2008-01-21,0.07,210.61,-13.38,-13.38,144.22,0.7005334966972085,658.41,27.06629,750.88,3.17552224503765,2.27054970568104,0.715016154973943,0.219528466253919,0.207214753166224,16.85,1.1541095890411,212.45,3.09468317552804,0,-16.0641,4.11759799833194,1.37608385686463,0.451685660266874,1.30108445697626,0.601283991047423,33.3877563865537,51.0347891166449,14.7976986383577,0.969,3.95608738968062,3.43920674799665,0.832442903389189,0.505112958942417
2008-01-22,0.61,226.67,-11.85,-11.85,171.98,0.7624411080332409,658.41,27.06629,750.88,3.17552224503765,2.27054970568104,0.715016154973943,0.219528466253919,0.207214753166224,16.85,1.1541095890411,212.45,3.09468317552804,0,-16.0641,4.11759799833194,1.37608385686463,0.451685660266874,1.30108445697626,0.601283991047423,33.3877563865537,51.0347891166449,14.7976986383577,0.969,3.95608738968062,3.43920674799665,0.832442903389189,0.505112958942417
2008-01-23,0.16,313.55,-7.72,-7.72,214.24,0.8276070147027488,658.41,27.06629,750.88,3.17552224503765,2.27054970568104,0.715016154973943,0.219528466253919,0.207214753166224,16.85,1.1541095890411,212.45,3.09468317552804,0,-16.0641,4.11759799833194,1.37608385686463,0.451685660266874,1.30108445697626,0.601283991047423,33.3877563865537,51.0347891166449,14.7976986383577,0.969,3.95608738968062,3.43920674799665,0.832442903389189,0.505112958942417
2008-01-24,0.0,305.46,-8.89,-8.89,193.7,0.7135666780311101,658.41,27.06629,750.88,3.17552224503765,2.27054970568104,0.715016154973943,0.219528466253919,0.207214753166224,16.85,1.1541095890411,212.45,3.09468317552804,0,-16.0641,4.11759799833194,1.37608385686463,0.451685660266874,1.30108445697626,0.601283991047423,33.3877563865537,51.0347891166449,14.7976986383577,0.969,3.95608738968062,3.43920674799665,0.832442903389189,0.505112958942417
2008-01-25,0.02,268.53,-9.18,-9.18,198.65,0.6614339526955039,658.41,27.06629,750.88,3.17552224503765,2.27054970568104,0.715016154973943,0.219528466253919,0.207214753166224,16.85,1.1541095890411,212.45,3.09468317552804,0,-16.0641,4.11759799833194,1.37608385686463,0.451685660266874,1.30108445697626,0.601283991047423,33.3877563865537,51.0347891166449,14.7976986383577,0.969,3.95608738968062,3.43920674799665,0.832442903389189,0.505112958942417
2008-01-26,1.41,222.61,-8.98,-8.98,211.55,0.6027846366929469,658.41,27.06629,750.88,3.17552224503765,2.27054970568104,0.715016154973943,0.219528466253919,0.207214753166224,16.85,1.1541095890411,212.45,3.09468317552804,0,-16.0641,4.11759799833194,1.37608385686463,0.451685660266874,1.30108445697626,0.601283991047423,33.3877563865537,51.0347891166449,14.7976986383577,0.969,3.95608738968062,3.43920674799665,0.832442903389189,0.505112958942417
2008-01-27,0.37,272.83,-7.74,-7.74,242.47,0.6418841806946515,658.41,27.06629,750.88,3.17552224503765,2.27054970568104,0.715016154973943,0.219528466253919,0.207214753166224,16.85,1.1541095890411,212.45,3.09468317552804,0,-16.0641,4.11759799833194,1.37608385686463,0.451685660266874,1.30108445697626,0.601283991047423,33.3877563865537,51.0347891166449,14.7976986383577,0.969,3.95608738968062,3.43920674799665,0.832442903389189,0.505112958942417
2008-01-28,1.52,224.68,-5.58,-5.58,294.35,0.6190761133603239,658.41,27.06629,750.88,3.17552224503765,2.27054970568104,0.715016154973943,0.219528466253919,0.207214753166224,16.85,1.1541095890411,212.45,3.09468317552804,0,-16.0641,4.11759799833194,1.37608385686463,0.451685660266874,1.30108445697626,0.601283991047423,33.3877563865537,51.0347891166449,14.7976986383577,0.969,3.95608738968062,3.43920674799665,0.832442903389189,0.505112958942417
2008-01-29,3.17,251.86,-2.84,-2.84,344.28,0.6321092946942254,658.41,27.06629,750.88,3.17552224503765,2.27054970568104,0.715016154973943,0.219528466253919,0.207214753166224,16.85,1.1541095890411,212.45,3.09468317552804,0,-16.0641,4.11759799833194,1.37608385686463,0.451685660266874,1.30108445697626,0.601283991047423,33.3877563865537,51.0347891166449,14.7976986383577,0.969,3.95608738968062,3.43920674799665,0.832442903389189,0.505112958942417
2008-01-30,0.73,348.0,-0.77,-0.77,338.4,1.4206167653952695,658.41,27.06629,750.88,3.17552224503765,2.27054970568104,0.715016154973943,0.219528466253919,0.207214753166224,16.85,1.1541095890411,212.45,3.09468317552804,0,-16.0641,4.11759799833194,1.37608385686463,0.451685660266874,1.30108445697626,0.601283991047423,33.3877563865537,51.0347891166449,14.7976986383577,0.969,3.95608738968062,3.43920674799665,0.832442903389189,0.505112958942417
2008-01-31,4.3,242.17,-5.48,-5.48,252.79,1.365225744726188,658.41,27.06629,750.88,3.17552224503765,2.27054970568104,0.715016154973943,0.219528466253919,0.207214753166224,16.85,1.1541095890411,212.45,3.09468317552804,0,-16.0641,4.11759799833194,1.37608385686463,0.451685660266874,1.30108445697626,0.601283991047423,33.3877563865537,51.0347891166449,14.7976986383577,0.969,3.95608738968062,3.43920674799665,0.832442903389189,0.505112958942417
2008-02-01,11.8,261.75,-6.32,-6.32,272.96,0.9253558747070104,658.41,27.06629,750.88,3.17552224503765,2.27054970568104,0.715016154973943,0.219528466253919,0.207214753166224,16.85,1.1541095890411,212.45,3.09468317552804,0,-16.0641,4.11759799833194,1.37608385686463,0.451685660266874,1.30108445697626,0.601283991047423,33.3877563865537,51.0347891166449,14.7976986383577,0.969,3.95608738968062,3.43920674799665,0.832442903389189,0.505112958942417
2008-02-02,2.87,194.8,-1.88,-1.88,410.75,1.534657102066908,658.41,27.06629,750.88,3.17552224503765,2.27054970568104,0.715016154973943,0.219528466253919,0.207214753166224,16.85,1.1541095890411,212.45,3.09468317552804,0,-16.0641,4.11759799833194,1.37608385686463,0.451685660266874,1.30108445697626,0.601283991047423,33.3877563865537,51.0347891166449,14.7976986383577,0.969,3.95608738968062,3.43920674799665,0.832442903389189,0.505112958942417
2008-02-03,0.07,165.16,-2.89,-2.89,404.02,1.081754050713829,658.41,27.06629,750.88,3.17552224503765,2.27054970568104,0.715016154973943,0.219528466253919,0.207214753166224,16.85,1.1541095890411,212.45,3.09468317552804,0,-16.0641,4.11759799833194,1.37608385686463,0.451685660266874,1.30108445697626,0.601283991047423,33.3877563865537,51.0347891166449,14.7976986383577,0.969,3.95608738968062,3.43920674799665,0.832442903389189,0.505112958942417
2008-02-04,4.98,215.71,-1.52,-1.52,452.24,1.049171097379075,658.41,27.06629,750.88,3.17552224503765,2.27054970568104,0.715016154973943,0.219528466253919,0.207214753166224,16.85,1.1541095890411,212.45,3.09468317552804,0,-16.0641,4.11759799833194,1.37608385686463,0.451685660266874,1.30108445697626,0.601283991047423,33.3877563865537,51.0347891166449,14.7976986383577,0.969,3.95608738968062,3.43920674799665,0.832442903389189,0.505112958942417
2008-02-05,30.88,203.73,2.22,2.22,584.36,4.920025953547836,658.41,27.06629,750.88,3.17552224503765,2.27054970568104,0.715016154973943,0.219528466253919,0.207214753166224,16.85,1.1541095890411,212.45,3.09468317552804,0,-16.0641,4.11759799833194,1.37608385686463,0.451685660266874,1.30108445697626,0.601283991047423,33.3877563865537,51.0347891166449,14.7976986383577,0.969,3.95608738968062,3.43920674799665,0.832442903389189,0.505112958942417
2008-02-06,15.84,274.96,4.29,4.29,593.26,21.113753760920517,658.41,27.06629,750.88,3.17552224503765,2.27054970568104,0.715016154973943,0.219528466253919,0.207214753166224,16.85,1.1541095890411,212.45,3.09468317552804,0,-16.0641,4.11759799833194,1.37608385686463,0.451685660266874,1.30108445697626,0.601283991047423,33.3877563865537,51.0347891166449,14.7976986383577,0.969,3.95608738968062,3.43920674799665,0.832442903389189,0.505112958942417
2008-02-07,2.56,182.04,0.45,0.45,463.24,12.642185893884509,658.41,27.06629,750.88,3.17552224503765,2.27054970568104,0.715016154973943,0.219528466253919,0.207214753166224,16.85,1.1541095890411,212.45,3.09468317552804,0,-16.0641,4.11759799833194,1.37608385686463,0.451685660266874,1.30108445697626,0.601283991047423,33.3877563865537,51.0347891166449,14.7976986383577,0.969,3.95608738968062,3.43920674799665,0.832442903389189,0.505112958942417
2008-02-08,0.3,219.69,-3.08,-3.08,373.71,5.53910206690816,658.41,27.06629,750.88,3.17552224503765,2.27054970568104,0.715016154973943,0.219528466253919,0.207214753166224,16.85,1.1541095890411,212.45,3.09468317552804,0,-16.0641,4.11759799833194,1.37608385686463,0.451685660266874,1.30108445697626,0.601283991047423,33.3877563865537,51.0347891166449,14.7976986383577,0.969,3.95608738968062,3.43920674799665,0.832442903389189,0.505112958942417
2008-02-09,3.25,216.39,-2.75,-2.75,381.37,3.9099544001704665,658.41,27.06629,750.88,3.17552224503765,2.27054970568104,0.715016154973943,0.219528466253919,0.207214753166224,16.85,1.1541095890411,212.45,3.09468317552804,0,-16.0641,4.11759799833194,1.37608385686463,0.451685660266874,1.30108445697626,0.601283991047423,33.3877563865537,51.0347891166449,14.7976986383577,0.969,3.95608738968062,3.43920674799665,0.832442903389189,0.505112958942417
2008-02-10,3.79,250.08,-2.47,-2.47,347.83,3.0986388621350947,658.41,27.06629,750.88,3.17552224503765,2.27054970568104,0.715016154973943,0.219528466253919,0.207214753166224,16.85,1.1541095890411,212.45,3.09468317552804,0,-16.0641,4.11759799833194,1.37608385686463,0.451685660266874,1.30108445697626,0.601283991047423,33.3877563865537,51.0347891166449,14.7976986383577,0.969,3.95608738968062,3.43920674799665,0.832442903389189,0.505112958942417
2008-02-11,0.77,398.39,-10.94,-10.94,143.57,2.010368220754315,658.41,27.06629,750.88,3.17552224503765,2.27054970568104,0.715016154973943,0.219528466253919,0.207214753166224,16.85,1.1541095890411,212.45,3.09468317552804,0,-16.0641,4.11759799833194,1.37608385686463,0.451685660266874,1.30108445697626,0.601283991047423,33.3877563865537,51.0347891166449,14.7976986383577,0.969,3.95608738968062,3.43920674799665,0.832442903389189,0.505112958942417
2008-02-12,5.22,298.61,-15.23,-15.23,105.04,1.7366714127423823,658.41,27.06629,750.88,3.17552224503765,2.27054970568104,0.715016154973943,0.219528466253919,0.207214753166224,16.85,1.1541095890411,212.45,3.09468317552804,0,-16.0641,4.11759799833194,1.37608385686463,0.451685660266874,1.30108445697626,0.601283991047423,33.3877563865537,51.0347891166449,14.7976986383577,0.969,3.95608738968062,3.43920674799665,0.832442903389189,0.505112958942417
2008-02-13,1.6,350.28,-10.52,-10.52,149.65,1.9875601534199872,658.41,27.06629,750.88,3.17552224503765,2.27054970568104,0.715016154973943,0.219528466253919,0.207214753166224,16.85,1.1541095890411,212.45,3.09468317552804,0,-16.0641,4.11759799833194,1.37608385686463,0.451685660266874,1.30108445697626,0.601283991047423,33.3877563865537,51.0347891166449,14.7976986383577,0.969,3.95608738968062,3.43920674799665,0.832442903389189,0.505112958942417
2008-02-14,0.06,396.45,-7.51,-7.51,201.08,1.6486974387385465,658.41,27.06629,750.88,3.17552224503765,2.27054970568104,0.715016154973943,0.219528466253919,0.207214753166224,16.85,1.1541095890411,212.45,3.09468317552804,0,-16.0641,4.11759799833194,1.37608385686463,0.451685660266874,1.30108445697626,0.601283991047423,33.3877563865537,51.0347891166449,14.7976986383577,0.969,3.95608738968062,3.43920674799665,0.832442903389189,0.505112958942417
2008-02-15,0.12,304.1,-4.57,-4.57,256.46,1.4792660813978264,658.41,27.06629,750.88,3.17552224503765,2.27054970568104,0.715016154973943,0.219528466253919,0.207214753166224,16.85,1.1541095890411,212.45,3.09468317552804,0,-16.0641,4.11759799833194,1.37608385686463,0.451685660266874,1.30108445697626,0.601283991047423,33.3877563865537,51.0347891166449,14.7976986383577,0.969,3.95608738968062,3.43920674799665,0.832442903389189,0.505112958942417
2008-02-16,0.03,410.94,-8.05,-8.05,188.35,1.241410522054123,658.41,27.06629,750.88,3.17552224503765,2.27054970568104,0.715016154973943,0.219528466253919,0.207214753166224,16.85,1.1541095890411,212.45,3.09468317552804,0,-16.0641,4.11759799833194,1.37608385686463,0.451685660266874,1.30108445697626,0.601283991047423,33.3877563865537,51.0347891166449,14.7976986383577,0.969,3.95608738968062,3.43920674799665,0.832442903389189,0.505112958942417
2008-02-17,3.47,315.98,-6.31,-6.31,268.19,1.156694843383763,658.41,27.06629,750.88,3.17552224503765,2.27054970568104,0.715016154973943,0.219528466253919,0.207214753166224,16.85,1.1541095890411,212.45,3.09468317552804,0,-16.0641,4.11759799833194,1.37608385686463,0.451685660266874,1.30108445697626,0.601283991047423,33.3877563865537,51.0347891166449,14.7976986383577,0.969,3.95608738968062,3.43920674799665,0.832442903389189,0.505112958942417
2008-02-18,2.33,297.69,2.4,2.4,484.56,4.594196420200298,658.41,27.06629,750.88,3.17552224503765,2.27054970568104,0.715016154973943,0.219528466253919,0.207214753166224,16.85,1.1541095890411,212.45,3.09468317552804,0,-16.0641,4.11759799833194,1.37608385686463,0.451685660266874,1.30108445697626,0.601283991047423,33.3877563865537,51.0347891166449,14.7976986383577,0.969,3.95608738968062,3.43920674799665,0.832442903389189,0.505112958942417
2008-02-19,0.5,325.96,-1.25,-1.25,304.7,2.6229277434476876,658.41,27.06629,750.88,3.17552224503765,2.27054970568104,0.715016154973943,0.219528466253919,0.207214753166224,16.85,1.1541095890411,212.45,3.09468317552804,0,-16.0641,4.11759799833194,1.37608385686463,0.451685660266874,1.30108445697626,0.601283991047423,33.3877563865537,51.0347891166449,14.7976986383577,0.969,3.95608738968062,3.43920674799665,0.832442903389189,0.505112958942417
2008-02-20,0.03,398.37,-8.53,-8.53,178.37,1.6486974387385465,658.41,27.06629,750.88,3.17552224503765,2.27054970568104,0.715016154973943,0.219528466253919,0.207214753166224,16.85,1.1541095890411,212.45,3.09468317552804,0,-16.0641,4.11759799833194,1.37608385686463,0.451685660266874,1.30108445697626,0.601283991047423,33.3877563865537,51.0347891166449,14.7976986383577,0.969,3.95608738968062,3.43920674799665,0.832442903389189,0.505112958942417
2008-02-21,1.85,307.2,-10.81,-10.81,164.33,1.6649889154059236,658.41,27.06629,750.88,3.17552224503765,2.27054970568104,0.715016154973943,0.219528466253919,0.207214753166224,16.85,1.1541095890411,212.45,3.09468317552804,0,-16.0641,4.11759799833194,1.37608385686463,0.451685660266874,1.30108445697626,0.601283991047423,33.3877563865537,51.0347891166449,14.7976986383577,0.969,3.95608738968062,3.43920674799665,0.832442903389189,0.505112958942417
2008-02-22,2.2,289.46,-9.13,-9.13,206.05,1.485782672064777,658.41,27.06629,750.88,3.17552224503765,2.27054970568104,0.715016154973943,0.219528466253919,0.207214753166224,16.85,1.1541095890411,212.45,3.09468317552804,0,-16.0641,4.11759799833194,1.37608385686463,0.451685660266874,1.30108445697626,0.601283991047423,33.3877563865537,51.0347891166449,14.7976986383577,0.969,3.95608738968062,3.43920674799665,0.832442903389189,0.505112958942417
2008-02-23,0.88,278.85,-6.56,-6.56,245.43,1.3391593820583847,658.41,27.06629,750.88,3.17552224503765,2.27054970568104,0.715016154973943,0.219528466253919,0.207214753166224,16.85,1.1541095890411,212.45,3.09468317552804,0,-16.0641,4.11759799833194,1.37608385686463,0.451685660266874,1.30108445697626,0.601283991047423,33.3877563865537,51.0347891166449,14.7976986383577,0.969,3.95608738968062,3.43920674799665,0.832442903389189,0.505112958942417
2008-02-24,0.11,441.94,-8.8,-8.8,178.46,1.0850123460473045,658.41,27.06629,750.88,3.17552224503765,2.27054970568104,0.715016154973943,0.219528466253919,0.207214753166224,16.85,1.1541095890411,212.45,3.09468317552804,0,-16.0641,4.11759799833194,1.37608385686463,0.451685660266874,1.30108445697626,0.601283991047423,33.3877563865537,51.0347891166449,14.7976986383577,0.969,3.95608738968062,3.43920674799665,0.832442903389189,0.505112958942417
2008-02-25,0.55,346.65,-5.37,-5.37,217.47,1.1632114340507136,658.41,27.06629,750.88,3.17552224503765,2.27054970568104,0.715016154973943,0.219528466253919,0.207214753166224,16.85,1.1541095890411,212.45,3.09468317552804,0,-16.0641,4.11759799833194,1.37608385686463,0.451685660266874,1.30108445697626,0.601283991047423,33.3877563865537,51.0347891166449,14.7976986383577,0.969,3.95608738968062,3.43920674799665,0.832442903389189,0.505112958942417
2008-02-26,7.64,340.74,-3.01,-3.01,273.91,1.114337004048583,658.41,27.06629,750.88,3.17552224503765,2.27054970568104,0.715016154973943,0.219528466253919,0.207214753166224,16.85,1.1541095890411,212.45,3.09468317552804,0,-16.0641,4.11759799833194,1.37608385686463,0.451685660266874,1.30108445697626,0.601283991047423,33.3877563865537,51.0347891166449,14.7976986383577,0.969,3.95608738968062,3.43920674799665,0.832442903389189,0.505112958942417
2008-02-27,2.02,318.36,-4.41,-4.41,255.07,1.0459128020455999,658.41,27.06629,750.88,3.17552224503765,2.27054970568104,0.715016154973943,0.219528466253919,0.207214753166224,16.85,1.1541095890411,212.45,3.09468317552804,0,-16.0641,4.11759799833194,1.37608385686463,0.451685660266874,1.30108445697626,0.601283991047423,33.3877563865537,51.0347891166449,14.7976986383577,0.969,3.95608738968062,3.43920674799665,0.832442903389189,0.505112958942417
2008-02-28,0.01,446.03,-12.35,-12.35,124.77,0.6321092946942254,658.41,27.06629,750.88,3.17552224503765,2.27054970568104,0.715016154973943,0.219528466253919,0.207214753166224,16.85,1.1541095890411,212.45,3.09468317552804,0,-16.0641,4.11759799833194,1.37608385686463,0.451685660266874,1.30108445697626,0.601283991047423,33.3877563865537,51.0347891166449,14.7976986383577,0.969,3.95608738968062,3.43920674799665,0.832442903389189,0.505112958942417
2008-02-29,0.68,406.13,-11.73,-11.73,135.44,0.5180689580225868,658.41,27.06629,750.88,3.17552224503765,2.27054970568104,0.715016154973943,0.219528466253919,0.207214753166224,16.85,1.1541095890411,212.45,3.09468317552804,0,-16.0641,4.11759799833194,1.37608385686463,0.451685660266874,1.30108445697626,0.601283991047423,33.3877563865537,51.0347891166449,14.7976986383577,0.969,3.95608738968062,3.43920674799665,0.832442903389189,0.505112958942417
2008-03-01,1.35,366.87,-11.1,-11.1,146.12,0.5930097506925207,658.41,27.06629,750.88,3.17552224503765,2.27054970568104,0.715016154973943,0.219528466253919,0.207214753166224,16.85,1.1541095890411,212.45,3.09468317552804,0,-16.0641,4.11759799833194,1.37608385686463,0.451685660266874,1.30108445697626,0.601283991047423,33.3877563865537,51.0347891166449,14.7976986383577,0.969,3.95608738968062,3.43920674799665,0.832442903389189,0.505112958942417
2008-03-02,0.14,366.64,-4.89,-4.89,277.4,0.7787325847006179,658.41,27.06629,750.88,3.17552224503765,2.27054970568104,0.715016154973943,0.219528466253919,0.207214753166224,16.85,1.1541095890411,212.45,3.09468317552804,0,-16.0641,4.11759799833194,1.37608385686463,0.451685660266874,1.30108445697626,0.601283991047423,33.3877563865537,51.0347891166449,14.7976986383577,0.969,3.95608738968062,3.43920674799665,0.832442903389189,0.505112958942417
2008-03-03,2.72,344.3,-1.97,-1.97,373.11,1.182761206051566,658.41,27.06629,750.88,3.17552224503765,2.27054970568104,0.715016154973943,0.219528466253919,0.207214753166224,16.85,1.1541095890411,212.45,3.09468317552804,0,-16.0641,4.11759799833194,1.37608385686463,0.451685660266874,1.30108445697626,0.601283991047423,33.3877563865537,51.0347891166449,14.7976986383577,0.969,3.95608738968062,3.43920674799665,0.832442903389189,0.505112958942417
2008-03-04,17.1,362.21,5.64,5.64,530.93,2.906399437460047,658.41,27.06629,750.88,3.17552224503765,2.27054970568104,0.715016154973943,0.219528466253919,0.207214753166224,16.85,1.1541095890411,212.45,3.09468317552804,0,-16.0641,4.11759799833194,1.37608385686463,0.451685660266874,1.30108445697626,0.601283991047423,33.3877563865537,51.0347891166449,14.7976986383577,0.969,3.95608738968062,3.43920674799665,0.832442903389189,0.505112958942417
2008-03-05,4.33,223.1,0.49,0.49,421.84,2.9357240954613255,658.41,27.06629,750.88,3.17552224503765,2.27054970568104,0.715016154973943,0.219528466253919,0.207214753166224,16.85,1.1541095890411,212.45,3.09468317552804,0,-16.0641,4.11759799833194,1.37608385686463,0.451685660266874,1.30108445697626,0.601283991047423,33.3877563865537,51.0347891166449,14.7976986383577,0.969,3.95608738968062,3.43920674799665,0.832442903389189,0.505112958942417
2008-03-06,0.48,364.04,-3.79,-3.79,318.6,2.297098210100149,658.41,27.06629,750.88,3.17552224503765,2.27054970568104,0.715016154973943,0.219528466253919,0.207214753166224,16.85,1.1541095890411,212.45,3.09468317552804,0,-16.0641,4.11759799833194,1.37608385686463,0.451685660266874,1.30108445697626,0.601283991047423,33.3877563865537,51.0347891166449,14.7976986383577,0.969,3.95608738968062,3.43920674799665,0.832442903389189,0.505112958942417
2008-03-07,16.58,352.62,-2.36,-2.36,332.97,2.3687807074366076,658.41,27.06629,750.88,3.17552224503765,2.27054970568104,0.715016154973943,0.219528466253919,0.207214753166224,16.85,1.1541095890411,212.45,3.09468317552804,0,-16.0641,4.11759799833194,1.37608385686463,0.451685660266874,1.30108445697626,0.601283991047423,33.3877563865537,51.0347891166449,14.7976986383577,0.969,3.95608738968062,3.43920674799665,0.832442903389189,0.505112958942417
2008-03-08,14.32,272.93,-1.68,-1.68,355.96,2.257998666098444,658.41,27.06629,750.88,3.17552224503765,2.27054970568104,0.715016154973943,0.219528466253919,0.207214753166224,16.85,1.1541095890411,212.45,3.09468317552804,0,-16.0641,4.11759799833194,1.37608385686463,0.451685660266874,1.30108445697626,0.601283991047423,33.3877563865537,51.0347891166449,14.7976986383577,0.969,3.95608738968062,3.43920674799665,0.832442903389189,0.505112958942417
2008-03-09,2.82,395.38,-5.71,-5.71,243.48,2.2742901427658215,658.41,27.06629,750.88,3.17552224503765,2.27054970568104,0.715016154973943,0.219528466253919,0.207214753166224,16.85,1.1541095890411,212.45,3.09468317552804,0,-16.0641,4.11759799833194,1.37608385686463,0.451685660266874,1.30108445697626,0.601283991047423,33.3877563865537,51.0347891166449,14.7976986383577,0.969,3.95608738968062,3.43920674799665,0.832442903389189,0.505112958942417
2008-03-10,0.55,373.17,-9.41,-9.41,171.84,1.7399297080758576,658.41,27.06629,750.88,3.17552224503765,2.27054970568104,0.715016154973943,0.219528466253919,0.207214753166224,16.85,1.1541095890411,212.45,3.09468317552804,0,-16.0641,4.11759799833194,1.37608385686463,0.451685660266874,1.30108445697626,0.601283991047423,33.3877563865537,51.0347891166449,14.7976986383577,0.969,3.95608738968062,3.43920674799665,0.832442903389189,0.505112958942417
2008-03-11,0.27,387.92,-6.88,-6.88,202.3,1.6421808480715958,658.41,27.06629,750.88,3.17552224503765,2.27054970568104,0.715016154973943,0.219528466253919,0.207214753166224,16.85,1.1541095890411,212.45,3.09468317552804,0,-16.0641,4.11759799833194,1.37608385686463,0.451685660266874,1.30108445697626,0.601283991047423,33.3877563865537,51.0347891166449,14.7976986383577,0.969,3.95608738968062,3.43920674799665,0.832442903389189,0.505112958942417
2008-03-12,0.08,417.99,-3.28,-3.28,262.3,1.6128561900703173,658.41,27.06629,750.88,3.17552224503765,2.27054970568104,0.715016154973943,0.219528466253919,0.207214753166224,16.85,1.1541095890411,212.45,3.09468317552804,0,-16.0641,4.11759799833194,1.37608385686463,0.451685660266874,1.30108445697626,0.601283991047423,33.3877563865537,51.0347891166449,14.7976986383577,0.969,3.95608738968062,3.43920674799665,0.832442903389189,0.505112958942417
2008-03-13,0.28,429.34,-3.05,-3.05,295.5,1.5509485787342852,658.41,27.06629,750.88,3.17552224503765,2.27054970568104,0.715016154973943,0.219528466253919,0.207214753166224,16.85,1.1541095890411,212.45,3.09468317552804,0,-16.0641,4.11759799833194,1.37608385686463,0.451685660266874,1.30108445697626,0.601283991047423,33.3877563865537,51.0347891166449,14.7976986383577,0.969,3.95608738968062,3.43920674799665,0.832442903389189,0.505112958942417
2008-03-14,9.88,395.06,0.45,0.45,383.5,2.5382120647773276,658.41,27.06629,750.88,3.17552224503765,2.27054970568104,0.715016154973943,0.219528466253919,0.207214753166224,16.85,1.1541095890411,212.45,3.09468317552804,0,-16.0641,4.11759799833194,1.37608385686463,0.451685660266874,1.30108445697626,0.601283991047423,33.3877563865537,51.0347891166449,14.7976986383577,0.969,3.95608738968062,3.43920674799665,0.832442903389189,0.505112958942417
2008-03-15,2.58,411.78,2.99,2.99,488.84,5.604267973577668,658.41,27.06629,750.88,3.17552224503765,2.27054970568104,0.715016154973943,0.219528466253919,0.207214753166224,16.85,1.1541095890411,212.45,3.09468317552804,0,-16.0641,4.11759799833194,1.37608385686463,0.451685660266874,1.30108445697626,0.601283991047423,33.3877563865537,51.0347891166449,14.7976986383577,0.969,3.95608738968062,3.43920674799665,0.832442903389189,0.505112958942417
2008-03-16,0.0,445.07,2.05,2.05,433.8,4.496447560196037,658.41,27.06629,750.88,3.17552224503765,2.27054970568104,0.715016154973943,0.219528466253919,0.207214753166224,16.85,1.1541095890411,212.45,3.09468317552804,0,-16.0641,4.11759799833194,1.37608385686463,0.451685660266874,1.30108445697626,0.601283991047423,33.3877563865537,51.0347891166449,14.7976986383577,0.969,3.95608738968062,3.43920674799665,0.832442903389189,0.505112958942417
2008-03-17,0.0,484.05,-4.55,-4.55,261.3,2.7956173961218833,658.41,27.06629,750.88,3.17552224503765,2.27054970568104,0.715016154973943,0.219528466253919,0.207214753166224,16.85,1.1541095890411,212.45,3.09468317552804,0,-16.0641,4.11759799833194,1.37608385686463,0.451685660266874,1.30108445697626,0.601283991047423,33.3877563865537,51.0347891166449,14.7976986383577,0.969,3.95608738968062,3.43920674799665,0.832442903389189,0.505112958942417
2008-03-18,2.41,396.35,-3.04,-3.04,321.71,2.5805699041125076,658.41,27.06629,750.88,3.17552224503765,2.27054970568104,0.715016154973943,0.219528466253919,0.207214753166224,16.85,1.1541095890411,212.45,3.09468317552804,0,-16.0641,4.11759799833194,1.37608385686463,0.451685660266874,1.30108445697626,0.601283991047423,33.3877563865537,51.0347891166449,14.7976986383577,0.969,3.95608738968062,3.43920674799665,0.832442903389189,0.505112958942417
2008-03-19,10.85,186.09,1.47,1.47,525.05,5.082940720221606,658.41,27.06629,750.88,3.17552224503765,2.27054970568104,0.715016154973943,0.219528466253919,0.207214753166224,16.85,1.1541095890411,212.45,3.09468317552804,0,-16.0641,4.11759799833194,1.37608385686463,0.451685660266874,1.30108445697626,0.601283991047423,33.3877563865537,51.0347891166449,14.7976986383577,0.969,3.95608738968062,3.43920674799665,0.832442903389189,0.505112958942417
2008-03-20,2.85,341.43,1.64,1.64,484.59,9.611971233752396,658.41,27.06629,750.88,3.17552224503765,2.27054970568104,0.715016154973943,0.219528466253919,0.207214753166224,16.85,1.1541095890411,212.45,3.09468317552804,0,-16.0641,4.11759799833194,1.37608385686463,0.451685660266874,1.30108445697626,0.601283991047423,33.3877563865537,51.0347891166449,14.7976986383577,0.969,3.95608738968062,3.43920674799665,0.832442903389189,0.505112958942417
2008-03-21,0.04,387.82,-2.49,-2.49,341.38,4.463864606861282,658.41,27.06629,750.88,3.17552224503765,2.27054970568104,0.715016154973943,0.219528466253919,0.207214753166224,16.85,1.1541095890411,212.45,3.09468317552804,0,-16.0641,4.11759799833194,1.37608385686463,0.451685660266874,1.30108445697626,0.601283991047423,33.3877563865537,51.0347891166449,14.7976986383577,0.969,3.95608738968062,3.43920674799665,0.832442903389189,0.505112958942417
2008-03-22,0.0,455.04,-3.58,-3.58,293.99,3.616707820157681,658.41,27.06629,750.88,3.17552224503765,2.27054970568104,0.715016154973943,0.219528466253919,0.207214753166224,16.85,1.1541095890411,212.45,3.09468317552804,0,-16.0641,4.11759799833194,1.37608385686463,0.451685660266874,1.30108445697626,0.601283991047423,33.3877563865537,51.0347891166449,14.7976986383577,0.969,3.95608738968062,3.43920674799665,0.832442903389189,0.505112958942417
2008-03-23,0.0,519.95,-4.29,-4.29,248.13,2.978081934796505,658.41,27.06629,750.88,3.17552224503765,2.27054970568104,0.715016154973943,0.219528466253919,0.207214753166224,16.85,1.1541095890411,212.45,3.09468317552804,0,-16.0641,4.11759799833194,1.37608385686463,0.451685660266874,1.30108445697626,0.601283991047423,33.3877563865537,51.0347891166449,14.7976986383577,0.969,3.95608738968062,3.43920674799665,0.832442903389189,0.505112958942417
2008-03-24,0.0,523.09,-4.73,-4.73,228.53,2.5056291114425737,658.41,27.06629,750.88,3.17552224503765,2.27054970568104,0.715016154973943,0.219528466253919,0.207214753166224,16.85,1.1541095890411,212.45,3.09468317552804,0,-16.0641,4.11759799833194,1.37608385686463,0.451685660266874,1.30108445697626,0.601283991047423,33.3877563865537,51.0347891166449,14.7976986383577,0.969,3.95608738968062,3.43920674799665,0.832442903389189,0.505112958942417
2008-03-25,4.7,419.47,-5.35,-5.35,219.79,2.1667663967611337,658.41,27.06629,750.88,3.17552224503765,2.27054970568104,0.715016154973943,0.219528466253919,0.207214753166224,16.85,1.1541095890411,212.45,3.09468317552804,0,-16.0641,4.11759799833194,1.37608385686463,0.451685660266874,1.30108445697626,0.601283991047423,33.3877563865537,51.0347891166449,14.7976986383577,0.969,3.95608738968062,3.43920674799665,0.832442903389189,0.505112958942417
2008-03-26,1.24,546.6,-3.5,-3.5,260.37,2.952015572128702,658.41,27.06629,750.88,3.17552224503765,2.27054970568104,0.715016154973943,0.219528466253919,0.207214753166224,16.85,1.1541095890411,212.45,3.09468317552804,0,-16.0641,4.11759799833194,1.37608385686463,0.451685660266874,1.30108445697626,0.601283991047423,33.3877563865537,51.0347891166449,14.7976986383577,0.969,3.95608738968062,3.43920674799665,0.832442903389189,0.505112958942417
2008-03-27,18.58,407.77,-0.12,-0.12,365.48,2.733709784785851,658.41,27.06629,750.88,3.17552224503765,2.27054970568104,0.715016154973943,0.219528466253919,0.207214753166224,16.85,1.1541095890411,212.45,3.09468317552804,0,-16.0641,4.11759799833194,1.37608385686463,0.451685660266874,1.30108445697626,0.601283991047423,33.3877563865537,51.0347891166449,14.7976986383577,0.969,3.95608738968062,3.43920674799665,0.832442903389189,0.505112958942417
2008-03-28,5.05,291.95,-0.1,-0.1,397.87,5.767182740251438,658.41,27.06629,750.88,3.17552224503765,2.27054970568104,0.715016154973943,0.219528466253919,0.207214753166224,16.85,1.1541095890411,212.45,3.09468317552804,0,-16.0641,4.11759799833194,1.37608385686463,0.451685660266874,1.30108445697626,0.601283991047423,33.3877563865537,51.0347891166449,14.7976986383577,0.969,3.95608738968062,3.43920674799665,0.832442903389189,0.505112958942417
2008-03-29,0.15,486.74,-4.49,-4.49,256.36,3.486376006818666,658.41,27.06629,750.88,3.17552224503765,2.27054970568104,0.715016154973943,0.219528466253919,0.207214753166224,16.85,1.1541095890411,212.45,3.09468317552804,0,-16.0641,4.11759799833194,1.37608385686463,0.451685660266874,1.30108445697626,0.601283991047423,33.3877563865537,51.0347891166449,14.7976986383577,0.969,3.95608738968062,3.43920674799665,0.832442903389189,0.505112958942417
2008-03-30,4.6,434.33,-5.91,-5.91,221.84,2.948757276795227,658.41,27.06629,750.88,3.17552224503765,2.27054970568104,0.715016154973943,0.219528466253919,0.207214753166224,16.85,1.1541095890411,212.45,3.09468317552804,0,-16.0641,4.11759799833194,1.37608385686463,0.451685660266874,1.30108445697626,0.601283991047423,33.3877563865537,51.0347891166449,14.7976986383577,0.969,3.95608738968062,3.43920674799665,0.832442903389189,0.505112958942417
2008-03-31,4.34,441.83,-1.48,-1.48,356.99,6.223344086937993,658.41,27.06629,750.88,3.17552224503765,2.27054970568104,0.715016154973943,0.219528466253919,0.207214753166224,16.85,1.1541095890411,212.45,3.09468317552804,0,-16.0641,4.11759799833194,1.37608385686463,0.451685660266874,1.30108445697626,0.601283991047423,33.3877563865537,51.0347891166449,14.7976986383577,0.969,3.95608738968062,3.43920674799665,0.832442903389189,0.505112958942417
2008-04-01,2.61,368.4,6.07,6.07,608.52,11.925360920519921,658.41,27.06629,750.88,3.17552224503765,2.27054970568104,0.715016154973943,0.219528466253919,0.207214753166224,16.85,1.1541095890411,212.45,3.09468317552804,0,-16.0641,4.11759799833194,1.37608385686463,0.451685660266874,1.30108445697626,0.601283991047423,33.3877563865537,51.0347891166449,14.7976986383577,0.969,3.95608738968062,3.43920674799665,0.832442903389189,0.505112958942417
2008-04-02,0.47,575.65,5.27,5.27,433.55,10.198464393777966,658.41,27.06629,750.88,3.17552224503765,2.27054970568104,0.715016154973943,0.219528466253919,0.207214753166224,16.85,1.1541095890411,212.45,3.09468317552804,0,-16.0641,4.11759799833194,1.37608385686463,0.451685660266874,1.30108445697626,0.601283991047423,33.3877563865537,51.0347891166449,14.7976986383577,0.969,3.95608738968062,3.43920674799665,0.832442903389189,0.505112958942417
2008-04-03,4.35,433.67,-1.62,-1.62,295.07,5.53910206690816,658.41,27.06629,750.88,3.17552224503765,2.27054970568104,0.715016154973943,0.219528466253919,0.207214753166224,16.85,1.1541095890411,212.45,3.09468317552804,0,-16.0641,4.11759799833194,1.37608385686463,0.451685660266874,1.30108445697626,0.601283991047423,33.3877563865537,51.0347891166449,14.7976986383577,0.969,3.95608738968062,3.43920674799665,0.832442903389189,0.505112958942417
2008-04-04,3.28,450.47,0.63,0.63,377.42,5.767182740251438,658.41,27.06629,750.88,3.17552224503765,2.27054970568104,0.715016154973943,0.219528466253919,0.207214753166224,16.85,1.1541095890411,212.45,3.09468317552804,0,-16.0641,4.11759799833194,1.37608385686463,0.451685660266874,1.30108445697626,0.601283991047423,33.3877563865537,51.0347891166449,14.7976986383577,0.969,3.95608738968062,3.43920674799665,0.832442903389189,0.505112958942417
2008-04-05,0.56,417.94,4.06,4.06,537.1,6.027846366929469,658.41,27.06629,750.88,3.17552224503765,2.27054970568104,0.715016154973943,0.219528466253919,0.207214753166224,16.85,1.1541095890411,212.45,3.09468317552804,0,-16.0641,4.11759799833194,1.37608385686463,0.451685660266874,1.30108445697626,0.601283991047423,33.3877563865537,51.0347891166449,14.7976986383577,0.969,3.95608738968062,3.43920674799665,0.832442903389189,0.505112958942417
2008-04-06,0.0,546.48,3.36,3.36,496.55,4.52903051353079,658.41,27.06629,750.88,3.17552224503765,2.27054970568104,0.715016154973943,0.219528466253919,0.207214753166224,16.85,1.1541095890411,212.45,3.09468317552804,0,-16.0641,4.11759799833194,1.37608385686463,0.451685660266874,1.30108445697626,0.601283991047423,33.3877563865537,51.0347891166449,14.7976986383577,0.969,3.95608738968062,3.43920674799665,0.832442903389189,0.505112958942417
2008-04-07,0.0,540.3,6.21,6.21,603.6,4.007703260174727,658.41,27.06629,750.88,3.17552224503765,2.27054970568104,0.715016154973943,0.219528466253919,0.207214753166224,16.85,1.1541095890411,212.45,3.09468317552804,0,-16.0641,4.11759799833194,1.37608385686463,0.451685660266874,1.30108445697626,0.601283991047423,33.3877563865537,51.0347891166449,14.7976986383577,0.969,3.95608738968062,3.43920674799665,0.832442903389189,0.505112958942417
2008-04-08,0.0,499.84,8.44,8.44,730.32,3.4537930534839116,658.41,27.06629,750.88,3.17552224503765,2.27054970568104,0.715016154973943,0.219528466253919,0.207214753166224,16.85,1.1541095890411,212.45,3.09468317552804,0,-16.0641,4.11759799833194,1.37608385686463,0.451685660266874,1.30108445697626,0.601283991047423,33.3877563865537,51.0347891166449,14.7976986383577,0.969,3.95608738968062,3.43920674799665,0.832442903389189,0.505112958942417
2008-04-09,0.0,552.73,11.13,11.13,774.86,3.01718147879821,658.41,27.06629,750.88,3.17552224503765,2.27054970568104,0.715016154973943,0.219528466253919,0.207214753166224,16.85,1.1541095890411,212.45,3.09468317552804,0,-16.0641,4.11759799833194,1.37608385686463,0.451685660266874,1.30108445697626,0.601283991047423,33.3877563865537,51.0347891166449,14.7976986383577,0.969,3.95608738968062,3.43920674799665,0.832442903389189,0.505112958942417
2008-04-10,5.28,434.49,8.96,8.96,678.0,2.5577618367781803,658.41,27.06629,750.88,3.17552224503765,2.27054970568104,0.715016154973943,0.219528466253919,0.207214753166224,16.85,1.1541095890411,212.45,3.09468317552804,0,-16.0641,4.11759799833194,1.37608385686463,0.451685660266874,1.30108445697626,0.601283991047423,33.3877563865537,51.0347891166449,14.7976986383577,0.969,3.95608738968062,3.43920674799665,0.832442903389189,0.505112958942417
2008-04-11,6.27,420.74,8.41,8.41,704.37,2.6946102407841463,658.41,27.06629,750.88,3.17552224503765,2.27054970568104,0.715016154973943,0.219528466253919,0.207214753166224,16.85,1.1541095890411,212.45,3.09468317552804,0,-16.0641,4.11759799833194,1.37608385686463,0.451685660266874,1.30108445697626,0.601283991047423,33.3877563865537,51.0347891166449,14.7976986383577,0.969,3.95608738968062,3.43920674799665,0.832442903389189,0.505112958942417
2008-04-12,2.01,427.2,10.63,10.63,752.9,2.8803330747922438,658.41,27.06629,750.88,3.17552224503765,2.27054970568104,0.715016154973943,0.219528466253919,0.207214753166224,16.85,1.1541095890411,212.45,3.09468317552804,0,-16.0641,4.11759799833194,1.37608385686463,0.451685660266874,1.30108445697626,0.601283991047423,33.3877563865537,51.0347891166449,14.7976986383577,0.969,3.95608738968062,3.43920674799665,0.832442903389189,0.505112958942417
2008-04-13,0.82,427.31,6.16,6.16,554.84,2.3557475261027063,658.41,27.06629,750.88,3.17552224503765,2.27054970568104,0.715016154973943,0.219528466253919,0.207214753166224,16.85,1.1541095890411,212.45,3.09468317552804,0,-16.0641,4.11759799833194,1.37608385686463,0.451685660266874,1.30108445697626,0.601283991047423,33.3877563865537,51.0347891166449,14.7976986383577,0.969,3.95608738968062,3.43920674799665,0.832442903389189,0.505112958942417
2008-04-14,0.17,446.18,1.47,1.47,429.77,2.0071099254208393,658.41,27.06629,750.88,3.17552224503765,2.27054970568104,0.715016154973943,0.219528466253919,0.207214753166224,16.85,1.1541095890411,212.45,3.09468317552804,0,-16.0641,4.11759799833194,1.37608385686463,0.451685660266874,1.30108445697626,0.601283991047423,33.3877563865537,51.0347891166449,14.7976986383577,0.969,3.95608738968062,3.43920674799665,0.832442903389189,0.505112958942417
2008-04-15,0.0,583.25,0.36,0.36,363.06,1.7334131174089067,658.41,27.06629,750.88,3.17552224503765,2.27054970568104,0.715016154973943,0.219528466253919,0.207214753166224,16.85,1.1541095890411,212.45,3.09468317552804,0,-16.0641,4.11759799833194,1.37608385686463,0.451685660266874,1.30108445697626,0.601283991047423,33.3877563865537,51.0347891166449,14.7976986383577,0.969,3.95608738968062,3.43920674799665,0.832442903389189,0.505112958942417
2008-04-16,0.0,595.55,2.93,2.93,410.6,1.5607234647347112,658.41,27.06629,750.88,3.17552224503765,2.27054970568104,0.715016154973943,0.219528466253919,0.207214753166224,16.85,1.1541095890411,212.45,3.09468317552804,0,-16.0641,4.11759799833194,1.37608385686463,0.451685660266874,1.30108445697626,0.601283991047423,33.3877563865537,51.0347891166449,14.7976986383577,0.969,3.95608738968062,3.43920674799665,0.832442903389189,0.505112958942417
2008-04-17,0.0,604.08,7.31,7.31,525.01,1.423875060728745,658.41,27.06629,750.88,3.17552224503765,2.27054970568104,0.715016154973943,0.219528466253919,0.207214753166224,16.85,1.1541095890411,212.45,3.09468317552804,0,-16.0641,4.11759799833194,1.37608385686463,0.451685660266874,1.30108445697626,0.601283991047423,33.3877563865537,51.0347891166449,14.7976986383577,0.969,3.95608738968062,3.43920674799665,0.832442903389189,0.505112958942417
2008-04-18,0.0,596.81,11.97,11.97,674.21,1.3000598380566801,658.41,27.06629,750.88,3.17552224503765,2.27054970568104,0.715016154973943,0.219528466253919,0.207214753166224,16.85,1.1541095890411,212.45,3.09468317552804,0,-16.0641,4.11759799833194,1.37608385686463,0.451685660266874,1.30108445697626,0.601283991047423,33.3877563865537,51.0347891166449,14.7976986383577,0.969,3.95608738968062,3.43920674799665,0.832442903389189,0.505112958942417
2008-04-19,0.0,596.07,14.71,14.71,801.73,1.1925360920519923,658.41,27.06629,750.88,3.17552224503765,2.27054970568104,0.715016154973943,0.219528466253919,0.207214753166224,16.85,1.1541095890411,212.45,3.09468317552804,0,-16.0641,4.11759799833194,1.37608385686463,0.451685660266874,1.30108445697626,0.601283991047423,33.3877563865537,51.0347891166449,14.7976986383577,0.969,3.95608738968062,3.43920674799665,0.832442903389189,0.505112958942417
2008-04-20,1.26,445.11,17.02,17.02,974.29,1.0947872320477305,658.41,27.06629,750.88,3.17552224503765,2.27054970568104,0.715016154973943,0.219528466253919,0.207214753166224,16.85,1.1541095890411,212.45,3.09468317552804,0,-16.0641,4.11759799833194,1.37608385686463,0.451685660266874,1.30108445697626,0.601283991047423,33.3877563865537,51.0347891166449,14.7976986383577,0.969,3.95608738968062,3.43920674799665,0.832442903389189,0.505112958942417
2008-04-21,0.33,531.03,14.13,14.13,897.34,1.0556876880460258,658.41,27.06629,750.88,3.17552224503765,2.27054970568104,0.715016154973943,0.219528466253919,0.207214753166224,16.85,1.1541095890411,212.45,3.09468317552804,0,-16.0641,4.11759799833194,1.37608385686463,0.451685660266874,1.30108445697626,0.601283991047423,33.3877563865537,51.0347891166449,14.7976986383577,0.969,3.95608738968062,3.43920674799665,0.832442903389189,0.505112958942417
2008-04-22,0.0,581.5,12.02,12.02,790.83,0.9514222373748135,658.41,27.06629,750.88,3.17552224503765,2.27054970568104,0.715016154973943,0.219528466253919,0.207214753166224,16.85,1.1541095890411,212.45,3.09468317552804,0,-16.0641,4.11759799833194,1.37608385686463,0.451685660266874,1.30108445697626,0.601283991047423,33.3877563865537,51.0347891166449,14.7976986383577,0.969,3.95608738968062,3.43920674799665,0.832442903389189,0.505112958942417
2008-04-23,0.85,439.59,13.93,13.93,850.29,0.8764814447048795,658.41,27.06629,750.88,3.17552224503765,2.27054970568104,0.715016154973943,0.219528466253919,0.207214753166224,16.85,1.1541095890411,212.45,3.09468317552804,0,-16.0641,4.11759799833194,1.37608385686463,0.451685660266874,1.30108445697626,0.601283991047423,33.3877563865537,51.0347891166449,14.7976986383577,0.969,3.95608738968062,3.43920674799665,0.832442903389189,0.505112958942417
2008-04-24,0.22,595.37,11.06,11.06,670.44,0.8406401960366502,658.41,27.06629,750.88,3.17552224503765,2.27054970568104,0.715016154973943,0.219528466253919,0.207214753166224,16.85,1.1541095890411,212.45,3.09468317552804,0,-16.0641,4.11759799833194,1.37608385686463,0.451685660266874,1.30108445697626,0.601283991047423,33.3877563865537,51.0347891166449,14.7976986383577,0.969,3.95608738968062,3.43920674799665,0.832442903389189,0.505112958942417
2008-04-25,0.0,581.51,10.92,10.92,737.75,0.7591828126997655,658.41,27.06629,750.88,3.17552224503765,2.27054970568104,0.715016154973943,0.219528466253919,0.207214753166224,16.85,1.1541095890411,212.45,3.09468317552804,0,-16.0641,4.11759799833194,1.37608385686463,0.451685660266874,1.30108445697626,0.601283991047423,33.3877563865537,51.0347891166449,14.7976986383577,0.969,3.95608738968062,3.43920674799665,0.832442903389189,0.505112958942417
2008-04-26,15.74,432.3,13.95,13.95,892.97,0.8438984913701257,658.41,27.06629,750.88,3.17552224503765,2.27054970568104,0.715016154973943,0.219528466253919,0.207214753166224,16.85,1.1541095890411,212.45,3.09468317552804,0,-16.0641,4.11759799833194,1.37608385686463,0.451685660266874,1.30108445697626,0.601283991047423,33.3877563865537,51.0347891166449,14.7976986383577,0.969,3.95608738968062,3.43920674799665,0.832442903389189,0.505112958942417
2008-04-27,6.47,461.07,13.48,13.48,762.17,1.6063395994033667,658.41,27.06629,750.88,3.17552224503765,2.27054970568104,0.715016154973943,0.219528466253919,0.207214753166224,16.85,1.1541095890411,212.45,3.09468317552804,0,-16.0641,4.11759799833194,1.37608385686463,0.451685660266874,1.30108445697626,0.601283991047423,33.3877563865537,51.0347891166449,14.7976986383577,0.969,3.95608738968062,3.43920674799665,0.832442903389189,0.505112958942417
2008-04-28,5.72,425.57,13.28,13.28,801.14,1.2088275687193692,658.41,27.06629,750.88,3.17552224503765,2.27054970568104,0.715016154973943,0.219528466253919,0.207214753166224,16.85,1.1541095890411,212.45,3.09468317552804,0,-16.0641,4.11759799833194,1.37608385686463,0.451685660266874,1.30108445697626,0.601283991047423,33.3877563865537,51.0347891166449,14.7976986383577,0.969,3.95608738968062,3.43920674799665,0.832442903389189,0.505112958942417
2008-04-29,1.34,411.23,5.88,5.88,584.93,1.2674768847219262,658.41,27.06629,750.88,3.17552224503765,2.27054970568104,0.715016154973943,0.219528466253919,0.207214753166224,16.85,1.1541095890411,212.45,3.09468317552804,0,-16.0641,4.11759799833194,1.37608385686463,0.451685660266874,1.30108445697626,0.601283991047423,33.3877563865537,51.0347891166449,14.7976986383577,0.969,3.95608738968062,3.43920674799665,0.832442903389189,0.505112958942417
2008-04-30,0.08,466.2,2.58,2.58,455.99,1.0556876880460258,658.41,27.06629,750.88,3.17552224503765,2.27054970568104,0.715016154973943,0.219528466253919,0.207214753166224,16.85,1.1541095890411,212.45,3.09468317552804,0,-16.0641,4.11759799833194,1.37608385686463,0.451685660266874,1.30108445697626,0.601283991047423,33.3877563865537,51.0347891166449,14.7976986383577,0.969,3.95608738968062,3.43920674799665,0.832442903389189,0.505112958942417
2008-05-01,0.69,436.73,3.66,3.66,504.17,1.0133298487108457,658.41,27.06629,750.88,3.17552224503765,2.27054970568104,0.715016154973943,0.219528466253919,0.207214753166224,16.85,1.1541095890411,212.45,3.09468317552804,0,-16.0641,4.11759799833194,1.37608385686463,0.451685660266874,1.30108445697626,0.601283991047423,33.3877563865537,51.0347891166449,14.7976986383577,0.969,3.95608738968062,3.43920674799665,0.832442903389189,0.505112958942417
2008-05-02,2.94,409.68,8.08,8.08,737.75,1.0263630300447473,658.41,27.06629,750.88,3.17552224503765,2.27054970568104,0.715016154973943,0.219528466253919,0.207214753166224,16.85,1.1541095890411,212.45,3.09468317552804,0,-16.0641,4.11759799833194,1.37608385686463,0.451685660266874,1.30108445697626,0.601283991047423,33.3877563865537,51.0347891166449,14.7976986383577,0.969,3.95608738968062,3.43920674799665,0.832442903389189,0.505112958942417
2008-05-03,11.22,407.76,13.31,13.31,922.44,1.0100715533773705,658.41,27.06629,750.88,3.17552224503765,2.27054970568104,0.715016154973943,0.219528466253919,0.207214753166224,16.85,1.1541095890411,212.45,3.09468317552804,0,-16.0641,4.11759799833194,1.37608385686463,0.451685660266874,1.30108445697626,0.601283991047423,33.3877563865537,51.0347891166449,14.7976986383577,0.969,3.95608738968062,3.43920674799665,0.832442903389189,0.505112958942417
2008-05-04,2.77,547.84,10.12,10.12,680.22,1.8409368634135945,658.41,27.06629,750.88,3.17552224503765,2.27054970568104,0.715016154973943,0.219528466253919,0.207214753166224,16.85,1.1541095890411,212.45,3.09468317552804,0,-16.0641,4.11759799833194,1.37608385686463,0.451685660266874,1.30108445697626,0.601283991047423,33.3877563865537,51.0347891166449,14.7976986383577,0.969,3.95608738968062,3.43920674799665,0.832442903389189,0.505112958942417
2008-05-05,0.0,603.67,7.45,7.45,546.48,1.2283773407202214,658.41,27.06629,750.88,3.17552224503765,2.27054970568104,0.715016154973943,0.219528466253919,0.207214753166224,16.85,1.1541095890411,212.45,3.09468317552804,0,-16.0641,4.11759799833194,1.37608385686463,0.451685660266874,1.30108445697626,0.601283991047423,33.3877563865537,51.0347891166449,14.7976986383577,0.969,3.95608738968062,3.43920674799665,0.832442903389189,0.505112958942417
2008-05-06,0.68,503.64,9.62,9.62,638.64,1.0687208693799275,658.41,27.06629,750.88,3.17552224503765,2.27054970568104,0.715016154973943,0.219528466253919,0.207214753166224,16.85,1.1541095890411,212.45,3.09468317552804,0,-16.0641,4.11759799833194,1.37608385686463,0.451685660266874,1.30108445697626,0.601283991047423,33.3877563865537,51.0347891166449,14.7976986383577,0.969,3.95608738968062,3.43920674799665,0.832442903389189,0.505112958942417
2008-05-07,4.71,447.5,12.22,12.22,762.41,1.0035549627104197,658.41,27.06629,750.88,3.17552224503765,2.27054970568104,0.715016154973943,0.219528466253919,0.207214753166224,16.85,1.1541095890411,212.45,3.09468317552804,0,-16.0641,4.11759799833194,1.37608385686463,0.451685660266874,1.30108445697626,0.601283991047423,33.3877563865537,51.0347891166449,14.7976986383577,0.969,3.95608738968062,3.43920674799665,0.832442903389189,0.505112958942417
2008-05-08,1.27,403.62,11.81,11.81,803.17,1.1469199573833369,658.41,27.06629,750.88,3.17552224503765,2.27054970568104,0.715016154973943,0.219528466253919,0.207214753166224,16.85,1.1541095890411,212.45,3.09468317552804,0,-16.0641,4.11759799833194,1.37608385686463,0.451685660266874,1.30108445697626,0.601283991047423,33.3877563865537,51.0347891166449,14.7976986383577,0.969,3.95608738968062,3.43920674799665,0.832442903389189,0.505112958942417
2008-05-09,0.04,455.5,9.75,9.75,731.05,1.0035549627104197,658.41,27.06629,750.88,3.17552224503765,2.27054970568104,0.715016154973943,0.219528466253919,0.207214753166224,16.85,1.1541095890411,212.45,3.09468317552804,0,-16.0641,4.11759799833194,1.37608385686463,0.451685660266874,1.30108445697626,0.601283991047423,33.3877563865537,51.0347891166449,14.7976986383577,0.969,3.95608738968062,3.43920674799665,0.832442903389189,0.505112958942417
2008-05-10,0.11,470.45,8.34,8.34,642.75,0.8992895120392073,658.41,27.06629,750.88,3.17552224503765,2.27054970568104,0.715016154973943,0.219528466253919,0.207214753166224,16.85,1.1541095890411,212.45,3.09468317552804,0,-16.0641,4.11759799833194,1.37608385686463,0.451685660266874,1.30108445697626,0.601283991047423,33.3877563865537,51.0347891166449,14.7976986383577,0.969,3.95608738968062,3.43920674799665,0.832442903389189,0.505112958942417
2008-05-11,3.94,430.34,8.3,8.3,633.69,0.8047989473684211,658.41,27.06629,750.88,3.17552224503765,2.27054970568104,0.715016154973943,0.219528466253919,0.207214753166224,16.85,1.1541095890411,212.45,3.09468317552804,0,-16.0641,4.11759799833194,1.37608385686463,0.451685660266874,1.30108445697626,0.601283991047423,33.3877563865537,51.0347891166449,14.7976986383577,0.969,3.95608738968062,3.43920674799665,0.832442903389189,0.505112958942417
2008-05-12,2.71,404.5,8.15,8.15,648.94,0.9383890560409119,658.41,27.06629,750.88,3.17552224503765,2.27054970568104,0.715016154973943,0.219528466253919,0.207214753166224,16.85,1.1541095890411,212.45,3.09468317552804,0,-16.0641,4.11759799833194,1.37608385686463,0.451685660266874,1.30108445697626,0.601283991047423,33.3877563865537,51.0347891166449,14.7976986383577,0.969,3.95608738968062,3.43920674799665,0.832442903389189,0.505112958942417
2008-05-13,0.98,450.27,8.22,8.22,633.96,0.8634482633709779,658.41,27.06629,750.88,3.17552224503765,2.27054970568104,0.715016154973943,0.219528466253919,0.207214753166224,16.85,1.1541095890411,212.45,3.09468317552804,0,-16.0641,4.11759799833194,1.37608385686463,0.451685660266874,1.30108445697626,0.601283991047423,33.3877563865537,51.0347891166449,14.7976986383577,0.969,3.95608738968062,3.43920674799665,0.832442903389189,0.505112958942417
2008-05-14,1.67,449.37,10.73,10.73,687.57,0.7135666780311101,658.41,27.06629,750.88,3.17552224503765,2.27054970568104,0.715016154973943,0.219528466253919,0.207214753166224,16.85,1.1541095890411,212.45,3.09468317552804,0,-16.0641,4.11759799833194,1.37608385686463,0.451685660266874,1.30108445697626,0.601283991047423,33.3877563865537,51.0347891166449,14.7976986383577,0.969,3.95608738968062,3.43920674799665,0.832442903389189,0.505112958942417
2008-05-15,1.49,418.05,10.82,10.82,744.23,0.7135666780311101,658.41,27.06629,750.88,3.17552224503765,2.27054970568104,0.715016154973943,0.219528466253919,0.207214753166224,16.85,1.1541095890411,212.45,3.09468317552804,0,-16.0641,4.11759799833194,1.37608385686463,0.451685660266874,1.30108445697626,0.601283991047423,33.3877563865537,51.0347891166449,14.7976986383577,0.969,3.95608738968062,3.43920674799665,0.832442903389189,0.505112958942417
2008-05-16,6.8,386.86,10.62,10.62,763.82,0.7689576987001917,658.41,27.06629,750.88,3.17552224503765,2.27054970568104,0.715016154973943,0.219528466253919,0.207214753166224,16.85,1.1541095890411,212.45,3.09468317552804,0,-16.0641,4.11759799833194,1.37608385686463,0.451685660266874,1.30108445697626,0.601283991047423,33.3877563865537,51.0347891166449,14.7976986383577,0.969,3.95608738968062,3.43920674799665,0.832442903389189,0.505112958942417
2008-05-17,5.72,385.88,8.14,8.14,673.02,1.0622042787129766,658.41,27.06629,750.88,3.17552224503765,2.27054970568104,0.715016154973943,0.219528466253919,0.207214753166224,16.85,1.1541095890411,212.45,3.09468317552804,0,-16.0641,4.11759799833194,1.37608385686463,0.451685660266874,1.30108445697626,0.601283991047423,33.3877563865537,51.0347891166449,14.7976986383577,0.969,3.95608738968062,3.43920674799665,0.832442903389189,0.505112958942417
2008-05-18,7.03,370.08,7.1,7.1,638.1,1.2348939313871723,658.41,27.06629,750.88,3.17552224503765,2.27054970568104,0.715016154973943,0.219528466253919,0.207214753166224,16.85,1.1541095890411,212.45,3.09468317552804,0,-16.0641,4.11759799833194,1.37608385686463,0.451685660266874,1.30108445697626,0.601283991047423,33.3877563865537,51.0347891166449,14.7976986383577,0.969,3.95608738968062,3.43920674799665,0.832442903389189,0.505112958942417
2008-05-19,2.05,360.77,5.17,5.17,574.54,1.1795029107180908,658.41,27.06629,750.88,3.17552224503765,2.27054970568104,0.715016154973943,0.219528466253919,0.207214753166224,16.85,1.1541095890411,212.45,3.09468317552804,0,-16.0641,4.11759799833194,1.37608385686463,0.451685660266874,1.30108445697626,0.601283991047423,33.3877563865537,51.0347891166449,14.7976986383577,0.969,3.95608738968062,3.43920674799665,0.832442903389189,0.505112958942417
2008-05-20,0.41,442.31,5.42,5.42,562.62,1.0035549627104197,658.41,27.06629,750.88,3.17552224503765,2.27054970568104,0.715016154973943,0.219528466253919,0.207214753166224,16.85,1.1541095890411,212.45,3.09468317552804,0,-16.0641,4.11759799833194,1.37608385686463,0.451685660266874,1.30108445697626,0.601283991047423,33.3877563865537,51.0347891166449,14.7976986383577,0.969,3.95608738968062,3.43920674799665,0.832442903389189,0.505112958942417
2008-05-21,2.27,355.78,6.18,6.18,638.34,0.9383890560409119,658.41,27.06629,750.88,3.17552224503765,2.27054970568104,0.715016154973943,0.219528466253919,0.207214753166224,16.85,1.1541095890411,212.45,3.09468317552804,0,-16.0641,4.11759799833194,1.37608385686463,0.451685660266874,1.30108445697626,0.601283991047423,33.3877563865537,51.0347891166449,14.7976986383577,0.969,3.95608738968062,3.43920674799665,0.832442903389189,0.505112958942417
2008-05-22,1.42,266.39,6.27,6.27,697.36,0.9286141700404857,658.41,27.06629,750.88,3.17552224503765,2.27054970568104,0.715016154973943,0.219528466253919,0.207214753166224,16.85,1.1541095890411,212.45,3.09468317552804,0,-16.0641,4.11759799833194,1.37608385686463,0.451685660266874,1.30108445697626,0.601283991047423,33.3877563865537,51.0347891166449,14.7976986383577,0.969,3.95608738968062,3.43920674799665,0.832442903389189,0.505112958942417
2008-05-23,0.22,483.49,7.71,7.71,680.2,0.8732231493714042,658.41,27.06629,750.88,3.17552224503765,2.27054970568104,0.715016154973943,0.219528466253919,0.207214753166224,16.85,1.1541095890411,212.45,3.09468317552804,0,-16.0641,4.11759799833194,1.37608385686463,0.451685660266874,1.30108445697626,0.601283991047423,33.3877563865537,51.0347891166449,14.7976986383577,0.969,3.95608738968062,3.43920674799665,0.832442903389189,0.505112958942417
2008-05-24,0.0,564.82,8.81,8.81,650.15,0.7591828126997655,658.41,27.06629,750.88,3.17552224503765,2.27054970568104,0.715016154973943,0.219528466253919,0.207214753166224,16.85,1.1541095890411,212.45,3.09468317552804,0,-16.0641,4.11759799833194,1.37608385686463,0.451685660266874,1.30108445697626,0.601283991047423,33.3877563865537,51.0347891166449,14.7976986383577,0.969,3.95608738968062,3.43920674799665,0.832442903389189,0.505112958942417
2008-05-25,0.0,577.68,10.69,10.69,705.33,0.6809837246963562,658.41,27.06629,750.88,3.17552224503765,2.27054970568104,0.715016154973943,0.219528466253919,0.207214753166224,16.85,1.1541095890411,212.45,3.09468317552804,0,-16.0641,4.11759799833194,1.37608385686463,0.451685660266874,1.30108445697626,0.601283991047423,33.3877563865537,51.0347891166449,14.7976986383577,0.969,3.95608738968062,3.43920674799665,0.832442903389189,0.505112958942417
2008-05-26,0.0,580.51,14.51,14.51,793.39,0.6190761133603239,658.41,27.06629,750.88,3.17552224503765,2.27054970568104,0.715016154973943,0.219528466253919,0.207214753166224,16.85,1.1541095890411,212.45,3.09468317552804,0,-16.0641,4.11759799833194,1.37608385686463,0.451685660266874,1.30108445697626,0.601283991047423,33.3877563865537,51.0347891166449,14.7976986383577,0.969,3.95608738968062,3.43920674799665,0.832442903389189,0.505112958942417
2008-05-27,0.0,583.71,13.05,13.05,688.99,0.5669433880247176,658.41,27.06629,750.88,3.17552224503765,2.27054970568104,0.715016154973943,0.219528466253919,0.207214753166224,16.85,1.1541095890411,212.45,3.09468317552804,0,-16.0641,4.11759799833194,1.37608385686463,0.451685660266874,1.30108445697626,0.601283991047423,33.3877563865537,51.0347891166449,14.7976986383577,0.969,3.95608738968062,3.43920674799665,0.832442903389189,0.505112958942417
2008-05-28,0.0,588.23,9.11,9.11,565.22,0.5245855486895376,658.41,27.06629,750.88,3.17552224503765,2.27054970568104,0.715016154973943,0.219528466253919,0.207214753166224,16.85,1.1541095890411,212.45,3.09468317552804,0,-16.0641,4.11759799833194,1.37608385686463,0.451685660266874,1.30108445697626,0.601283991047423,33.3877563865537,51.0347891166449,14.7976986383577,0.969,3.95608738968062,3.43920674799665,0.832442903389189,0.505112958942417
2008-05-29,0.08,492.21,9.06,9.06,601.29,0.47245282335393135,658.41,27.06629,750.88,3.17552224503765,2.27054970568104,0.715016154973943,0.219528466253919,0.207214753166224,16.85,1.1541095890411,212.45,3.09468317552804,0,-16.0641,4.11759799833194,1.37608385686463,0.451685660266874,1.30108445697626,0.601283991047423,33.3877563865537,51.0347891166449,14.7976986383577,0.969,3.95608738968062,3.43920674799665,0.832442903389189,0.505112958942417
2008-05-30,0.62,438.91,11.25,11.25,738.09,0.4333532793522267,658.41,27.06629,750.88,3.17552224503765,2.27054970568104,0.715016154973943,0.219528466253919,0.207214753166224,16.85,1.1541095890411,212.45,3.09468317552804,0,-16.0641,4.11759799833194,1.37608385686463,0.451685660266874,1.30108445697626,0.601283991047423,33.3877563865537,51.0347891166449,14.7976986383577,0.969,3.95608738968062,3.43920674799665,0.832442903389189,0.505112958942417
2008-05-31,0.73,413.74,14.95,14.95,949.15,0.42357839335180053,658.41,27.06629,750.88,3.17552224503765,2.27054970568104,0.715016154973943,0.219528466253919,0.207214753166224,16.85,1.1541095890411,212.45,3.09468317552804,0,-16.0641,4.11759799833194,1.37608385686463,0.451685660266874,1.30108445697626,0.601283991047423,33.3877563865537,51.0347891166449,14.7976986383577,0.969,3.95608738968062,3.43920674799665,0.832442903389189,0.505112958942417
2008-06-01,0.27,441.16,13.77,13.77,919.7,0.42683668868527586,658.41,27.06629,750.88,3.17552224503765,2.27054970568104,0.715016154973943,0.219528466253919,0.207214753166224,16.85,1.1541095890411,212.45,3.09468317552804,0,-16.0641,4.11759799833194,1.37608385686463,0.451685660266874,1.30108445697626,0.601283991047423,33.3877563865537,51.0347891166449,14.7976986383577,0.969,3.95608738968062,3.43920674799665,0.832442903389189,0.505112958942417
2008-06-02,0.19,477.47,12.98,12.98,853.53,0.3747039633496697,658.41,27.06629,750.88,3.17552224503765,2.27054970568104,0.715016154973943,0.219528466253919,0.207214753166224,16.85,1.1541095890411,212.45,3.09468317552804,0,-16.0641,4.11759799833194,1.37608385686463,0.451685660266874,1.30108445697626,0.601283991047423,33.3877563865537,51.0347891166449,14.7976986383577,0.969,3.95608738968062,3.43920674799665,0.832442903389189,0.505112958942417
2008-06-03,2.08,387.72,15.09,15.09,1052.07,0.3388627146814404,658.41,27.06629,750.88,3.17552224503765,2.27054970568104,0.715016154973943,0.219528466253919,0.207214753166224,16.85,1.1541095890411,212.45,3.09468317552804,0,-16.0641,4.11759799833194,1.37608385686463,0.451685660266874,1.30108445697626,0.601283991047423,33.3877563865537,51.0347891166449,14.7976986383577,0.969,3.95608738968062,3.43920674799665,0.832442903389189,0.505112958942417
2008-06-04,0.96,304.93,15.84,15.84,1268.66,0.35841248668229275,658.41,27.06629,750.88,3.17552224503765,2.27054970568104,0.715016154973943,0.219528466253919,0.207214753166224,16.85,1.1541095890411,212.45,3.09468317552804,0,-16.0641,4.11759799833194,1.37608385686463,0.451685660266874,1.30108445697626,0.601283991047423,33.3877563865537,51.0347891166449,14.7976986383577,0.969,3.95608738968062,3.43920674799665,0.832442903389189,0.505112958942417
2008-06-05,0.11,397.54,18.94,18.94,1528.35,0.3486376006818666,658.41,27.06629,750.88,3.17552224503765,2.27054970568104,0.715016154973943,0.219528466253919,0.207214753166224,16.85,1.1541095890411,212.45,3.09468317552804,0,-16.0641,4.11759799833194,1.37608385686463,0.451685660266874,1.30108445697626,0.601283991047423,33.3877563865537,51.0347891166449,14.7976986383577,0.969,3.95608738968062,3.43920674799665,0.832442903389189,0.505112958942417
2008-06-06,0.73,390.2,22.74,22.74,1757.36,0.30953805668016193,658.41,27.06629,750.88,3.17552224503765,2.27054970568104,0.715016154973943,0.219528466253919,0.207214753166224,16.85,1.1541095890411,212.45,3.09468317552804,0,-16.0641,4.11759799833194,1.37608385686463,0.451685660266874,1.30108445697626,0.601283991047423,33.3877563865537,51.0347891166449,14.7976986383577,0.969,3.95608738968062,3.43920674799665,0.832442903389189,0.505112958942417
2008-06-07,0.26,433.74,24.52,24.52,1829.5,0.27369680801193264,658.41,27.06629,750.88,3.17552224503765,2.27054970568104,0.715016154973943,0.219528466253919,0.207214753166224,16.85,1.1541095890411,212.45,3.09468317552804,0,-16.0641,4.11759799833194,1.37608385686463,0.451685660266874,1.30108445697626,0.601283991047423,33.3877563865537,51.0347891166449,14.7976986383577,0.969,3.95608738968062,3.43920674799665,0.832442903389189,0.505112958942417
2008-06-08,2.41,351.63,24.3,24.3,1837.12,0.25740533134455573,658.41,27.06629,750.88,3.17552224503765,2.27054970568104,0.715016154973943,0.219528466253919,0.207214753166224,16.85,1.1541095890411,212.45,3.09468317552804,0,-16.0641,4.11759799833194,1.37608385686463,0.451685660266874,1.30108445697626,0.601283991047423,33.3877563865537,51.0347891166449,14.7976986383577,0.969,3.95608738968062,3.43920674799665,0.832442903389189,0.505112958942417
2008-06-09,1.75,424.27,24.17,24.17,1672.61,0.24437215001065415,658.41,27.06629,750.88,3.17552224503765,2.27054970568104,0.715016154973943,0.219528466253919,0.207214753166224,16.85,1.1541095890411,212.45,3.09468317552804,0,-16.0641,4.11759799833194,1.37608385686463,0.451685660266874,1.30108445697626,0.601283991047423,33.3877563865537,51.0347891166449,14.7976986383577,0.969,3.95608738968062,3.43920674799665,0.832442903389189,0.505112958942417
2008-06-10,7.76,406.16,22.03,22.03,1373.72,0.2606636266780311,658.41,27.06629,750.88,3.17552224503765,2.27054970568104,0.715016154973943,0.219528466253919,0.207214753166224,16.85,1.1541095890411,212.45,3.09468317552804,0,-16.0641,4.11759799833194,1.37608385686463,0.451685660266874,1.30108445697626,0.601283991047423,33.3877563865537,51.0347891166449,14.7976986383577,0.969,3.95608738968062,3.43920674799665,0.832442903389189,0.505112958942417
2008-06-11,1.96,556.25,19.03,19.03,1118.67,0.293246580012785,658.41,27.06629,750.88,3.17552224503765,2.27054970568104,0.715016154973943,0.219528466253919,0.207214753166224,16.85,1.1541095890411,212.45,3.09468317552804,0,-16.0641,4.11759799833194,1.37608385686463,0.451685660266874,1.30108445697626,0.601283991047423,33.3877563865537,51.0347891166449,14.7976986383577,0.969,3.95608738968062,3.43920674799665,0.832442903389189,0.505112958942417
2008-06-12,0.05,458.23,18.49,18.49,1159.7,0.22808067334327722,658.41,27.06629,750.88,3.17552224503765,2.27054970568104,0.715016154973943,0.219528466253919,0.207214753166224,16.85,1.1541095890411,212.45,3.09468317552804,0,-16.0641,4.11759799833194,1.37608385686463,0.451685660266874,1.30108445697626,0.601283991047423,33.3877563865537,51.0347891166449,14.7976986383577,0.969,3.95608738968062,3.43920674799665,0.832442903389189,0.505112958942417
2008-06-13,13.36,410.08,19.85,19.85,1275.22,0.21178919667590027,658.41,27.06629,750.88,3.17552224503765,2.27054970568104,0.715016154973943,0.219528466253919,0.207214753166224,16.85,1.1541095890411,212.45,3.09468317552804,0,-16.0641,4.11759799833194,1.37608385686463,0.451685660266874,1.30108445697626,0.601283991047423,33.3877563865537,51.0347891166449,14.7976986383577,0.969,3.95608738968062,3.43920674799665,0.832442903389189,0.505112958942417
2008-06-14,7.28,378.03,19.87,19.87,1375.8,0.511552367355636,658.41,27.06629,750.88,3.17552224503765,2.27054970568104,0.715016154973943,0.219528466253919,0.207214753166224,16.85,1.1541095890411,212.45,3.09468317552804,0,-16.0641,4.11759799833194,1.37608385686463,0.451685660266874,1.30108445697626,0.601283991047423,33.3877563865537,51.0347891166449,14.7976986383577,0.969,3.95608738968062,3.43920674799665,0.832442903389189,0.505112958942417
2008-06-15,8.61,364.61,19.44,19.44,1358.34,0.3160546473471127,658.41,27.06629,750.88,3.17552224503765,2.27054970568104,0.715016154973943,0.219528466253919,0.207214753166224,16.85,1.1541095890411,212.45,3.09468317552804,0,-16.0641,4.11759799833194,1.37608385686463,0.451685660266874,1.30108445697626,0.601283991047423,33.3877563865537,51.0347891166449,14.7976986383577,0.969,3.95608738968062,3.43920674799665,0.832442903389189,0.505112958942417
2008-06-16,2.84,393.43,17.7,17.7,1173.04,0.42683668868527586,658.41,27.06629,750.88,3.17552224503765,2.27054970568104,0.715016154973943,0.219528466253919,0.207214753166224,16.85,1.1541095890411,212.45,3.09468317552804,0,-16.0641,4.11759799833194,1.37608385686463,0.451685660266874,1.30108445697626,0.601283991047423,33.3877563865537,51.0347891166449,14.7976986383577,0.969,3.95608738968062,3.43920674799665,0.832442903389189,0.505112958942417
2008-06-17,4.04,337.14,14.13,14.13,1037.66,0.3877371446835713,658.41,27.06629,750.88,3.17552224503765,2.27054970568104,0.715016154973943,0.219528466253919,0.207214753166224,16.85,1.1541095890411,212.45,3.09468317552804,0,-16.0641,4.11759799833194,1.37608385686463,0.451685660266874,1.30108445697626,0.601283991047423,33.3877563865537,51.0347891166449,14.7976986383577,0.969,3.95608738968062,3.43920674799665,0.832442903389189,0.505112958942417
2008-06-18,4.62,263.66,12.3,12.3,1010.48,0.33234612401448965,658.41,27.06629,750.88,3.17552224503765,2.27054970568104,0.715016154973943,0.219528466253919,0.207214753166224,16.85,1.1541095890411,212.45,3.09468317552804,0,-16.0641,4.11759799833194,1.37608385686463,0.451685660266874,1.30108445697626,0.601283991047423,33.3877563865537,51.0347891166449,14.7976986383577,0.969,3.95608738968062,3.43920674799665,0.832442903389189,0.505112958942417
2008-06-19,2.73,354.14,12.41,12.41,956.33,0.3909954400170466,658.41,27.06629,750.88,3.17552224503765,2.27054970568104,0.715016154973943,0.219528466253919,0.207214753166224,16.85,1.1541095890411,212.45,3.09468317552804,0,-16.0641,4.11759799833194,1.37608385686463,0.451685660266874,1.30108445697626,0.601283991047423,33.3877563865537,51.0347891166449,14.7976986383577,0.969,3.95608738968062,3.43920674799665,0.832442903389189,0.505112958942417
2008-06-20,3.21,370.49,13.1,13.1,978.21,0.3160546473471127,658.41,27.06629,750.88,3.17552224503765,2.27054970568104,0.715016154973943,0.219528466253919,0.207214753166224,16.85,1.1541095890411,212.45,3.09468317552804,0,-16.0641,4.11759799833194,1.37608385686463,0.451685660266874,1.30108445697626,0.601283991047423,33.3877563865537,51.0347891166449,14.7976986383577,0.969,3.95608738968062,3.43920674799665,0.832442903389189,0.505112958942417
2008-06-21,10.97,395.78,15.47,15.47,1080.56,0.32257123801406345,658.41,27.06629,750.88,3.17552224503765,2.27054970568104,0.715016154973943,0.219528466253919,0.207214753166224,16.85,1.1541095890411,212.45,3.09468317552804,0,-16.0641,4.11759799833194,1.37608385686463,0.451685660266874,1.30108445697626,0.601283991047423,33.3877563865537,51.0347891166449,14.7976986383577,0.969,3.95608738968062,3.43920674799665,0.832442903389189,0.505112958942417
2008-06-22,5.51,394.38,16.96,16.96,1168.49,0.5050357766886853,658.41,27.06629,750.88,3.17552224503765,2.27054970568104,0.715016154973943,0.219528466253919,0.207214753166224,16.85,1.1541095890411,212.45,3.09468317552804,0,-16.0641,4.11759799833194,1.37608385686463,0.451685660266874,1.30108445697626,0.601283991047423,33.3877563865537,51.0347891166449,14.7976986383577,0.969,3.95608738968062,3.43920674799665,0.832442903389189,0.505112958942417
2008-06-23,8.9,376.97,17.23,17.23,1184.98,0.4007703260174728,658.41,27.06629,750.88,3.17552224503765,2.27054970568104,0.715016154973943,0.219528466253919,0.207214753166224,16.85,1.1541095890411,212.45,3.09468317552804,0,-16.0641,4.11759799833194,1.37608385686463,0.451685660266874,1.30108445697626,0.601283991047423,33.3877563865537,51.0347891166449,14.7976986383577,0.969,3.95608738968062,3.43920674799665,0.832442903389189,0.505112958942417
2008-06-24,2.34,439.53,15.86,15.86,1071.69,0.4463864606861282,658.41,27.06629,750.88,3.17552224503765,2.27054970568104,0.715016154973943,0.219528466253919,0.207214753166224,16.85,1.1541095890411,212.45,3.09468317552804,0,-16.0641,4.11759799833194,1.37608385686463,0.451685660266874,1.30108445697626,0.601283991047423,33.3877563865537,51.0347891166449,14.7976986383577,0.969,3.95608738968062,3.43920674799665,0.832442903389189,0.505112958942417
2008-06-25,1.53,412.11,16.12,16.12,1109.48,0.32908782868101427,658.41,27.06629,750.88,3.17552224503765,2.27054970568104,0.715016154973943,0.219528466253919,0.207214753166224,16.85,1.1541095890411,212.45,3.09468317552804,0,-16.0641,4.11759799833194,1.37608385686463,0.451685660266874,1.30108445697626,0.601283991047423,33.3877563865537,51.0347891166449,14.7976986383577,0.969,3.95608738968062,3.43920674799665,0.832442903389189,0.505112958942417
2008-06-26,0.83,387.85,18.8,18.8,1340.21,0.29650487534626035,658.41,27.06629,750.88,3.17552224503765,2.27054970568104,0.715016154973943,0.219528466253919,0.207214753166224,16.85,1.1541095890411,212.45,3.09468317552804,0,-16.0641,4.11759799833194,1.37608385686463,0.451685660266874,1.30108445697626,0.601283991047423,33.3877563865537,51.0347891166449,14.7976986383577,0.969,3.95608738968062,3.43920674799665,0.832442903389189,0.505112958942417
2008-06-27,0.98,351.12,20.16,20.16,1517.08,0.2867299893458342,658.41,27.06629,750.88,3.17552224503765,2.27054970568104,0.715016154973943,0.219528466253919,0.207214753166224,16.85,1.1541095890411,212.45,3.09468317552804,0,-16.0641,4.11759799833194,1.37608385686463,0.451685660266874,1.30108445697626,0.601283991047423,33.3877563865537,51.0347891166449,14.7976986383577,0.969,3.95608738968062,3.43920674799665,0.832442903389189,0.505112958942417
2008-06-28,2.38,355.85,20.59,20.59,1532.86,0.2867299893458342,658.41,27.06629,750.88,3.17552224503765,2.27054970568104,0.715016154973943,0.219528466253919,0.207214753166224,16.85,1.1541095890411,212.45,3.09468317552804,0,-16.0641,4.11759799833194,1.37608385686463,0.451685660266874,1.30108445697626,0.601283991047423,33.3877563865537,51.0347891166449,14.7976986383577,0.969,3.95608738968062,3.43920674799665,0.832442903389189,0.505112958942417
2008-06-29,7.76,363.78,19.52,19.52,1405.12,0.35515419134881737,658.41,27.06629,750.88,3.17552224503765,2.27054970568104,0.715016154973943,0.219528466253919,0.207214753166224,16.85,1.1541095890411,212.45,3.09468317552804,0,-16.0641,4.11759799833194,1.37608385686463,0.451685660266874,1.30108445697626,0.601283991047423,33.3877563865537,51.0347891166449,14.7976986383577,0.969,3.95608738968062,3.43920674799665,0.832442903389189,0.505112958942417
2008-06-30,7.23,378.41,17.73,17.73,1222.53,0.35841248668229275,658.41,27.06629,750.88,3.17552224503765,2.27054970568104,0.715016154973943,0.219528466253919,0.207214753166224,16.85,1.1541095890411,212.45,3.09468317552804,0,-16.0641,4.11759799833194,1.37608385686463,0.451685660266874,1.30108445697626,0.601283991047423,33.3877563865537,51.0347891166449,14.7976986383577,0.969,3.95608738968062,3.43920674799665,0.832442903389189,0.505112958942417
2008-07-01,1.4,532.65,15.96,15.96,1022.62,0.452903051353079,658.41,27.06629,750.88,3.17552224503765,2.27054970568104,0.715016154973943,0.219528466253919,0.207214753166224,16.85,1.1541095890411,212.45,3.09468317552804,0,-16.0641,4.11759799833194,1.37608385686463,0.451685660266874,1.30108445697626,0.601283991047423,33.3877563865537,51.0347891166449,14.7976986383577,0.969,3.95608738968062,3.43920674799665,0.832442903389189,0.505112958942417
2008-07-02,0.01,525.67,14.88,14.88,968.58,0.3160546473471127,658.41,27.06629,750.88,3.17552224503765,2.27054970568104,0.715016154973943,0.219528466253919,0.207214753166224,16.85,1.1541095890411,212.45,3.09468317552804,0,-16.0641,4.11759799833194,1.37608385686463,0.451685660266874,1.30108445697626,0.601283991047423,33.3877563865537,51.0347891166449,14.7976986383577,0.969,3.95608738968062,3.43920674799665,0.832442903389189,0.505112958942417
2008-07-03,7.87,416.05,16.95,16.95,1084.01,0.2834716940123588,658.41,27.06629,750.88,3.17552224503765,2.27054970568104,0.715016154973943,0.219528466253919,0.207214753166224,16.85,1.1541095890411,212.45,3.09468317552804,0,-16.0641,4.11759799833194,1.37608385686463,0.451685660266874,1.30108445697626,0.601283991047423,33.3877563865537,51.0347891166449,14.7976986383577,0.969,3.95608738968062,3.43920674799665,0.832442903389189,0.505112958942417
2008-07-04,2.07,497.0,15.67,15.67,1057.62,0.35841248668229275,658.41,27.06629,750.88,3.17552224503765,2.27054970568104,0.715016154973943,0.219528466253919,0.207214753166224,16.85,1.1541095890411,212.45,3.09468317552804,0,-16.0641,4.11759799833194,1.37608385686463,0.451685660266874,1.30108445697626,0.601283991047423,33.3877563865537,51.0347891166449,14.7976986383577,0.969,3.95608738968062,3.43920674799665,0.832442903389189,0.505112958942417
2008-07-05,0.0,530.36,16.11,16.11,1074.84,0.2802133986788834,658.41,27.06629,750.88,3.17552224503765,2.27054970568104,0.715016154973943,0.219528466253919,0.207214753166224,16.85,1.1541095890411,212.45,3.09468317552804,0,-16.0641,4.11759799833194,1.37608385686463,0.451685660266874,1.30108445697626,0.601283991047423,33.3877563865537,51.0347891166449,14.7976986383577,0.969,3.95608738968062,3.43920674799665,0.832442903389189,0.505112958942417
2008-07-06,0.18,506.07,17.92,17.92,1207.85,0.23785555934370337,658.41,27.06629,750.88,3.17552224503765,2.27054970568104,0.715016154973943,0.219528466253919,0.207214753166224,16.85,1.1541095890411,212.45,3.09468317552804,0,-16.0641,4.11759799833194,1.37608385686463,0.451685660266874,1.30108445697626,0.601283991047423,33.3877563865537,51.0347891166449,14.7976986383577,0.969,3.95608738968062,3.43920674799665,0.832442903389189,0.505112958942417
2008-07-07,8.47,386.99,20.88,20.88,1521.46,0.2899882846793096,658.41,27.06629,750.88,3.17552224503765,2.27054970568104,0.715016154973943,0.219528466253919,0.207214753166224,16.85,1.1541095890411,212.45,3.09468317552804,0,-16.0641,4.11759799833194,1.37608385686463,0.451685660266874,1.30108445697626,0.601283991047423,33.3877563865537,51.0347891166449,14.7976986383577,0.969,3.95608738968062,3.43920674799665,0.832442903389189,0.505112958942417
2008-07-08,2.63,364.53,22.21,22.21,1703.62,0.39751203068399743,658.41,27.06629,750.88,3.17552224503765,2.27054970568104,0.715016154973943,0.219528466253919,0.207214753166224,16.85,1.1541095890411,212.45,3.09468317552804,0,-16.0641,4.11759799833194,1.37608385686463,0.451685660266874,1.30108445697626,0.601283991047423,33.3877563865537,51.0347891166449,14.7976986383577,0.969,3.95608738968062,3.43920674799665,0.832442903389189,0.505112958942417
2008-07-09,3.93,370.18,22.88,22.88,1631.69,0.29976317067973574,658.41,27.06629,750.88,3.17552224503765,2.27054970568104,0.715016154973943,0.219528466253919,0.207214753166224,16.85,1.1541095890411,212.45,3.09468317552804,0,-16.0641,4.11759799833194,1.37608385686463,0.451685660266874,1.30108445697626,0.601283991047423,33.3877563865537,51.0347891166449,14.7976986383577,0.969,3.95608738968062,3.43920674799665,0.832442903389189,0.505112958942417
2008-07-10,1.04,487.46,18.05,18.05,1201.81,0.293246580012785,658.41,27.06629,750.88,3.17552224503765,2.27054970568104,0.715016154973943,0.219528466253919,0.207214753166224,16.85,1.1541095890411,212.45,3.09468317552804,0,-16.0641,4.11759799833194,1.37608385686463,0.451685660266874,1.30108445697626,0.601283991047423,33.3877563865537,51.0347891166449,14.7976986383577,0.969,3.95608738968062,3.43920674799665,0.832442903389189,0.505112958942417
2008-07-11,3.93,386.8,17.69,17.69,1263.51,0.2313389686767526,658.41,27.06629,750.88,3.17552224503765,2.27054970568104,0.715016154973943,0.219528466253919,0.207214753166224,16.85,1.1541095890411,212.45,3.09468317552804,0,-16.0641,4.11759799833194,1.37608385686463,0.451685660266874,1.30108445697626,0.601283991047423,33.3877563865537,51.0347891166449,14.7976986383577,0.969,3.95608738968062,3.43920674799665,0.832442903389189,0.505112958942417
2008-07-12,11.43,372.54,19.04,19.04,1442.97,0.21830578734285105,658.41,27.06629,750.88,3.17552224503765,2.27054970568104,0.715016154973943,0.219528466253919,0.207214753166224,16.85,1.1541095890411,212.45,3.09468317552804,0,-16.0641,4.11759799833194,1.37608385686463,0.451685660266874,1.30108445697626,0.601283991047423,33.3877563865537,51.0347891166449,14.7976986383577,0.969,3.95608738968062,3.43920674799665,0.832442903389189,0.505112958942417
2008-07-13,16.67,380.47,21.69,21.69,1516.38,0.6386258853611761,658.41,27.06629,750.88,3.17552224503765,2.27054970568104,0.715016154973943,0.219528466253919,0.207214753166224,16.85,1.1541095890411,212.45,3.09468317552804,0,-16.0641,4.11759799833194,1.37608385686463,0.451685660266874,1.30108445697626,0.601283991047423,33.3877563865537,51.0347891166449,14.7976986383577,0.969,3.95608738968062,3.43920674799665,0.832442903389189,0.505112958942417
2008-07-14,3.67,529.66,16.77,16.77,1120.52,0.7624411080332409,658.41,27.06629,750.88,3.17552224503765,2.27054970568104,0.715016154973943,0.219528466253919,0.207214753166224,16.85,1.1541095890411,212.45,3.09468317552804,0,-16.0641,4.11759799833194,1.37608385686463,0.451685660266874,1.30108445697626,0.601283991047423,33.3877563865537,51.0347891166449,14.7976986383577,0.969,3.95608738968062,3.43920674799665,0.832442903389189,0.505112958942417
2008-07-15,0.0,546.08,17.05,17.05,1137.05,0.35515419134881737,658.41,27.06629,750.88,3.17552224503765,2.27054970568104,0.715016154973943,0.219528466253919,0.207214753166224,16.85,1.1541095890411,212.45,3.09468317552804,0,-16.0641,4.11759799833194,1.37608385686463,0.451685660266874,1.30108445697626,0.601283991047423,33.3877563865537,51.0347891166449,14.7976986383577,0.969,3.95608738968062,3.43920674799665,0.832442903389189,0.505112958942417
2008-07-16,0.14,440.75,18.46,18.46,1294.57,0.27369680801193264,658.41,27.06629,750.88,3.17552224503765,2.27054970568104,0.715016154973943,0.219528466253919,0.207214753166224,16.85,1.1541095890411,212.45,3.09468317552804,0,-16.0641,4.11759799833194,1.37608385686463,0.451685660266874,1.30108445697626,0.601283991047423,33.3877563865537,51.0347891166449,14.7976986383577,0.969,3.95608738968062,3.43920674799665,0.832442903389189,0.505112958942417
2008-07-17,0.19,483.87,20.33,20.33,1442.07,0.23459726401022798,658.41,27.06629,750.88,3.17552224503765,2.27054970568104,0.715016154973943,0.219528466253919,0.207214753166224,16.85,1.1541095890411,212.45,3.09468317552804,0,-16.0641,4.11759799833194,1.37608385686463,0.451685660266874,1.30108445697626,0.601283991047423,33.3877563865537,51.0347891166449,14.7976986383577,0.969,3.95608738968062,3.43920674799665,0.832442903389189,0.505112958942417
2008-07-18,0.04,501.89,22.31,22.31,1647.5,0.20853090134242488,658.41,27.06629,750.88,3.17552224503765,2.27054970568104,0.715016154973943,0.219528466253919,0.207214753166224,16.85,1.1541095890411,212.45,3.09468317552804,0,-16.0641,4.11759799833194,1.37608385686463,0.451685660266874,1.30108445697626,0.601283991047423,33.3877563865537,51.0347891166449,14.7976986383577,0.969,3.95608738968062,3.43920674799665,0.832442903389189,0.505112958942417
2008-07-19,0.12,390.9,23.34,23.34,1815.41,0.19223942467504793,658.41,27.06629,750.88,3.17552224503765,2.27054970568104,0.715016154973943,0.219528466253919,0.207214753166224,16.85,1.1541095890411,212.45,3.09468317552804,0,-16.0641,4.11759799833194,1.37608385686463,0.451685660266874,1.30108445697626,0.601283991047423,33.3877563865537,51.0347891166449,14.7976986383577,0.969,3.95608738968062,3.43920674799665,0.832442903389189,0.505112958942417
2008-07-20,10.11,360.45,23.34,23.34,1801.29,0.19875601534199872,658.41,27.06629,750.88,3.17552224503765,2.27054970568104,0.715016154973943,0.219528466253919,0.207214753166224,16.85,1.1541095890411,212.45,3.09468317552804,0,-16.0641,4.11759799833194,1.37608385686463,0.451685660266874,1.30108445697626,0.601283991047423,33.3877563865537,51.0347891166449,14.7976986383577,0.969,3.95608738968062,3.43920674799665,0.832442903389189,0.505112958942417
2008-07-21,4.98,366.83,21.7,21.7,1628.92,0.3160546473471127,658.41,27.06629,750.88,3.17552224503765,2.27054970568104,0.715016154973943,0.219528466253919,0.207214753166224,16.85,1.1541095890411,212.45,3.09468317552804,0,-16.0641,4.11759799833194,1.37608385686463,0.451685660266874,1.30108445697626,0.601283991047423,33.3877563865537,51.0347891166449,14.7976986383577,0.969,3.95608738968062,3.43920674799665,0.832442903389189,0.505112958942417
2008-07-22,3.07,369.38,20.14,20.14,1518.97,0.33234612401448965,658.41,27.06629,750.88,3.17552224503765,2.27054970568104,0.715016154973943,0.219528466253919,0.207214753166224,16.85,1.1541095890411,212.45,3.09468317552804,0,-16.0641,4.11759799833194,1.37608385686463,0.451685660266874,1.30108445697626,0.601283991047423,33.3877563865537,51.0347891166449,14.7976986383577,0.969,3.95608738968062,3.43920674799665,0.832442903389189,0.505112958942417
2008-07-23,12.78,348.24,19.93,19.93,1504.19,0.3421210100149158,658.41,27.06629,750.88,3.17552224503765,2.27054970568104,0.715016154973943,0.219528466253919,0.207214753166224,16.85,1.1541095890411,212.45,3.09468317552804,0,-16.0641,4.11759799833194,1.37608385686463,0.451685660266874,1.30108445697626,0.601283991047423,33.3877563865537,51.0347891166449,14.7976986383577,0.969,3.95608738968062,3.43920674799665,0.832442903389189,0.505112958942417
2008-07-24,18.51,373.51,17.92,17.92,1289.39,0.6712088386959301,658.41,27.06629,750.88,3.17552224503765,2.27054970568104,0.715016154973943,0.219528466253919,0.207214753166224,16.85,1.1541095890411,212.45,3.09468317552804,0,-16.0641,4.11759799833194,1.37608385686463,0.451685660266874,1.30108445697626,0.601283991047423,33.3877563865537,51.0347891166449,14.7976986383577,0.969,3.95608738968062,3.43920674799665,0.832442903389189,0.505112958942417
2008-07-25,5.19,345.22,14.58,14.58,1161.25,0.8536733773705517,658.41,27.06629,750.88,3.17552224503765,2.27054970568104,0.715016154973943,0.219528466253919,0.207214753166224,16.85,1.1541095890411,212.45,3.09468317552804,0,-16.0641,4.11759799833194,1.37608385686463,0.451685660266874,1.30108445697626,0.601283991047423,33.3877563865537,51.0347891166449,14.7976986383577,0.969,3.95608738968062,3.43920674799665,0.832442903389189,0.505112958942417
2008-07-26,0.51,389.59,17.68,17.68,1330.43,0.4333532793522267,658.41,27.06629,750.88,3.17552224503765,2.27054970568104,0.715016154973943,0.219528466253919,0.207214753166224,16.85,1.1541095890411,212.45,3.09468317552804,0,-16.0641,4.11759799833194,1.37608385686463,0.451685660266874,1.30108445697626,0.601283991047423,33.3877563865537,51.0347891166449,14.7976986383577,0.969,3.95608738968062,3.43920674799665,0.832442903389189,0.505112958942417
2008-07-27,0.24,414.77,19.8,19.8,1430.21,0.33234612401448965,658.41,27.06629,750.88,3.17552224503765,2.27054970568104,0.715016154973943,0.219528466253919,0.207214753166224,16.85,1.1541095890411,212.45,3.09468317552804,0,-16.0641,4.11759799833194,1.37608385686463,0.451685660266874,1.30108445697626,0.601283991047423,33.3877563865537,51.0347891166449,14.7976986383577,0.969,3.95608738968062,3.43920674799665,0.832442903389189,0.505112958942417
2008-07-28,0.05,494.92,18.42,18.42,1309.35,0.2671802173449819,658.41,27.06629,750.88,3.17552224503765,2.27054970568104,0.715016154973943,0.219528466253919,0.207214753166224,16.85,1.1541095890411,212.45,3.09468317552804,0,-16.0641,4.11759799833194,1.37608385686463,0.451685660266874,1.30108445697626,0.601283991047423,33.3877563865537,51.0347891166449,14.7976986383577,0.969,3.95608738968062,3.43920674799665,0.832442903389189,0.505112958942417
2008-07-29,0.0,522.09,18.27,18.27,1270.96,0.22808067334327722,658.41,27.06629,750.88,3.17552224503765,2.27054970568104,0.715016154973943,0.219528466253919,0.207214753166224,16.85,1.1541095890411,212.45,3.09468317552804,0,-16.0641,4.11759799833194,1.37608385686463,0.451685660266874,1.30108445697626,0.601283991047423,33.3877563865537,51.0347891166449,14.7976986383577,0.969,3.95608738968062,3.43920674799665,0.832442903389189,0.505112958942417
2008-07-30,3.15,392.82,18.83,18.83,1337.43,0.21504749200937565,658.41,27.06629,750.88,3.17552224503765,2.27054970568104,0.715016154973943,0.219528466253919,0.207214753166224,16.85,1.1541095890411,212.45,3.09468317552804,0,-16.0641,4.11759799833194,1.37608385686463,0.451685660266874,1.30108445697626,0.601283991047423,33.3877563865537,51.0347891166449,14.7976986383577,0.969,3.95608738968062,3.43920674799665,0.832442903389189,0.505112958942417
2008-07-31,1.04,393.4,19.1,19.1,1434.26,0.2313389686767526,658.41,27.06629,750.88,3.17552224503765,2.27054970568104,0.715016154973943,0.219528466253919,0.207214753166224,16.85,1.1541095890411,212.45,3.09468317552804,0,-16.0641,4.11759799833194,1.37608385686463,0.451685660266874,1.30108445697626,0.601283991047423,33.3877563865537,51.0347891166449,14.7976986383577,0.969,3.95608738968062,3.43920674799665,0.832442903389189,0.505112958942417
2008-08-01,9.76,366.13,19.62,19.62,1490.27,0.2020143106754741,658.41,27.06629,750.88,3.17552224503765,2.27054970568104,0.715016154973943,0.219528466253919,0.207214753166224,16.85,1.1541095890411,212.45,3.09468317552804,0,-16.0641,4.11759799833194,1.37608385686463,0.451685660266874,1.30108445697626,0.601283991047423,33.3877563865537,51.0347891166449,14.7976986383577,0.969,3.95608738968062,3.43920674799665,0.832442903389189,0.505112958942417
2008-08-02,8.65,358.59,19.61,19.61,1474.69,0.35841248668229275,658.41,27.06629,750.88,3.17552224503765,2.27054970568104,0.715016154973943,0.219528466253919,0.207214753166224,16.85,1.1541095890411,212.45,3.09468317552804,0,-16.0641,4.11759799833194,1.37608385686463,0.451685660266874,1.30108445697626,0.601283991047423,33.3877563865537,51.0347891166449,14.7976986383577,0.969,3.95608738968062,3.43920674799665,0.832442903389189,0.505112958942417
2008-08-03,1.61,472.65,18.97,18.97,1401.14,0.32908782868101427,658.41,27.06629,750.88,3.17552224503765,2.27054970568104,0.715016154973943,0.219528466253919,0.207214753166224,16.85,1.1541095890411,212.45,3.09468317552804,0,-16.0641,4.11759799833194,1.37608385686463,0.451685660266874,1.30108445697626,0.601283991047423,33.3877563865537,51.0347891166449,14.7976986383577,0.969,3.95608738968062,3.43920674799665,0.832442903389189,0.505112958942417
2008-08-04,7.86,358.28,18.08,18.08,1393.72,0.22156408267632643,658.41,27.06629,750.88,3.17552224503765,2.27054970568104,0.715016154973943,0.219528466253919,0.207214753166224,16.85,1.1541095890411,212.45,3.09468317552804,0,-16.0641,4.11759799833194,1.37608385686463,0.451685660266874,1.30108445697626,0.601283991047423,33.3877563865537,51.0347891166449,14.7976986383577,0.969,3.95608738968062,3.43920674799665,0.832442903389189,0.505112958942417
2008-08-05,2.59,406.95,19.55,19.55,1490.67,0.2020143106754741,658.41,27.06629,750.88,3.17552224503765,2.27054970568104,0.715016154973943,0.219528466253919,0.207214753166224,16.85,1.1541095890411,212.45,3.09468317552804,0,-16.0641,4.11759799833194,1.37608385686463,0.451685660266874,1.30108445697626,0.601283991047423,33.3877563865537,51.0347891166449,14.7976986383577,0.969,3.95608738968062,3.43920674799665,0.832442903389189,0.505112958942417
2008-08-06,8.89,361.89,19.38,19.38,1448.51,1.2120858640528445,658.41,27.06629,750.88,3.17552224503765,2.27054970568104,0.715016154973943,0.219528466253919,0.207214753166224,16.85,1.1541095890411,212.45,3.09468317552804,0,-16.0641,4.11759799833194,1.37608385686463,0.451685660266874,1.30108445697626,0.601283991047423,33.3877563865537,51.0347891166449,14.7976986383577,0.969,3.95608738968062,3.43920674799665,0.832442903389189,0.505112958942417
2008-08-07,7.66,361.54,17.81,17.81,1317.11,0.4366115746857021,658.41,27.06629,750.88,3.17552224503765,2.27054970568104,0.715016154973943,0.219528466253919,0.207214753166224,16.85,1.1541095890411,212.45,3.09468317552804,0,-16.0641,4.11759799833194,1.37608385686463,0.451685660266874,1.30108445697626,0.601283991047423,33.3877563865537,51.0347891166449,14.7976986383577,0.969,3.95608738968062,3.43920674799665,0.832442903389189,0.505112958942417
2008-08-08,9.47,330.78,15.69,15.69,1226.57,0.5962680460259961,658.41,27.06629,750.88,3.17552224503765,2.27054970568104,0.715016154973943,0.219528466253919,0.207214753166224,16.85,1.1541095890411,212.45,3.09468317552804,0,-16.0641,4.11759799833194,1.37608385686463,0.451685660266874,1.30108445697626,0.601283991047423,33.3877563865537,51.0347891166449,14.7976986383577,0.969,3.95608738968062,3.43920674799665,0.832442903389189,0.505112958942417
2008-08-09,8.02,354.39,15.83,15.83,1227.39,0.8080572427018964,658.41,27.06629,750.88,3.17552224503765,2.27054970568104,0.715016154973943,0.219528466253919,0.207214753166224,16.85,1.1541095890411,212.45,3.09468317552804,0,-16.0641,4.11759799833194,1.37608385686463,0.451685660266874,1.30108445697626,0.601283991047423,33.3877563865537,51.0347891166449,14.7976986383577,0.969,3.95608738968062,3.43920674799665,0.832442903389189,0.505112958942417
2008-08-10,2.56,359.79,15.83,15.83,1207.69,1.7888041380779882,658.41,27.06629,750.88,3.17552224503765,2.27054970568104,0.715016154973943,0.219528466253919,0.207214753166224,16.85,1.1541095890411,212.45,3.09468317552804,0,-16.0641,4.11759799833194,1.37608385686463,0.451685660266874,1.30108445697626,0.601283991047423,33.3877563865537,51.0347891166449,14.7976986383577,0.969,3.95608738968062,3.43920674799665,0.832442903389189,0.505112958942417
2008-08-11,0.54,378.34,15.39,15.39,1194.54,0.8178321287023226,658.41,27.06629,750.88,3.17552224503765,2.27054970568104,0.715016154973943,0.219528466253919,0.207214753166224,16.85,1.1541095890411,212.45,3.09468317552804,0,-16.0641,4.11759799833194,1.37608385686463,0.451685660266874,1.30108445697626,0.601283991047423,33.3877563865537,51.0347891166449,14.7976986383577,0.969,3.95608738968062,3.43920674799665,0.832442903389189,0.505112958942417
2008-08-12,0.09,429.27,14.98,14.98,1158.0,0.6158178180268484,658.41,27.06629,750.88,3.17552224503765,2.27054970568104,0.715016154973943,0.219528466253919,0.207214753166224,16.85,1.1541095890411,212.45,3.09468317552804,0,-16.0641,4.11759799833194,1.37608385686463,0.451685660266874,1.30108445697626,0.601283991047423,33.3877563865537,51.0347891166449,14.7976986383577,0.969,3.95608738968062,3.43920674799665,0.832442903389189,0.505112958942417
2008-08-13,1.24,419.79,15.55,15.55,1162.37,0.46919452802045597,658.41,27.06629,750.88,3.17552224503765,2.27054970568104,0.715016154973943,0.219528466253919,0.207214753166224,16.85,1.1541095890411,212.45,3.09468317552804,0,-16.0641,4.11759799833194,1.37608385686463,0.451685660266874,1.30108445697626,0.601283991047423,33.3877563865537,51.0347891166449,14.7976986383577,0.969,3.95608738968062,3.43920674799665,0.832442903389189,0.505112958942417
2008-08-14,3.69,363.46,16.21,16.21,1196.75,0.39751203068399743,658.41,27.06629,750.88,3.17552224503765,2.27054970568104,0.715016154973943,0.219528466253919,0.207214753166224,16.85,1.1541095890411,212.45,3.09468317552804,0,-16.0641,4.11759799833194,1.37608385686463,0.451685660266874,1.30108445697626,0.601283991047423,33.3877563865537,51.0347891166449,14.7976986383577,0.969,3.95608738968062,3.43920674799665,0.832442903389189,0.505112958942417
2008-08-15,0.91,459.56,15.63,15.63,1133.0,0.8373819007031749,658.41,27.06629,750.88,3.17552224503765,2.27054970568104,0.715016154973943,0.219528466253919,0.207214753166224,16.85,1.1541095890411,212.45,3.09468317552804,0,-16.0641,4.11759799833194,1.37608385686463,0.451685660266874,1.30108445697626,0.601283991047423,33.3877563865537,51.0347891166449,14.7976986383577,0.969,3.95608738968062,3.43920674799665,0.832442903389189,0.505112958942417
2008-08-16,0.01,498.67,16.26,16.26,1163.29,0.4626779373535052,658.41,27.06629,750.88,3.17552224503765,2.27054970568104,0.715016154973943,0.219528466253919,0.207214753166224,16.85,1.1541095890411,212.45,3.09468317552804,0,-16.0641,4.11759799833194,1.37608385686463,0.451685660266874,1.30108445697626,0.601283991047423,33.3877563865537,51.0347891166449,14.7976986383577,0.969,3.95608738968062,3.43920674799665,0.832442903389189,0.505112958942417
2008-08-17,0.69,414.04,17.16,17.16,1252.86,0.35515419134881737,658.41,27.06629,750.88,3.17552224503765,2.27054970568104,0.715016154973943,0.219528466253919,0.207214753166224,16.85,1.1541095890411,212.45,3.09468317552804,0,-16.0641,4.11759799833194,1.37608385686463,0.451685660266874,1.30108445697626,0.601283991047423,33.3877563865537,51.0347891166449,14.7976986383577,0.969,3.95608738968062,3.43920674799665,0.832442903389189,0.505112958942417
2008-08-18,10.02,379.56,17.8,17.8,1283.75,0.293246580012785,658.41,27.06629,750.88,3.17552224503765,2.27054970568104,0.715016154973943,0.219528466253919,0.207214753166224,16.85,1.1541095890411,212.45,3.09468317552804,0,-16.0641,4.11759799833194,1.37608385686463,0.451685660266874,1.30108445697626,0.601283991047423,33.3877563865537,51.0347891166449,14.7976986383577,0.969,3.95608738968062,3.43920674799665,0.832442903389189,0.505112958942417
2008-08-19,3.24,377.89,18.08,18.08,1224.83,0.39751203068399743,658.41,27.06629,750.88,3.17552224503765,2.27054970568104,0.715016154973943,0.219528466253919,0.207214753166224,16.85,1.1541095890411,212.45,3.09468317552804,0,-16.0641,4.11759799833194,1.37608385686463,0.451685660266874,1.30108445697626,0.601283991047423,33.3877563865537,51.0347891166449,14.7976986383577,0.969,3.95608738968062,3.43920674799665,0.832442903389189,0.505112958942417
2008-08-20,0.17,539.22,13.52,13.52,872.34,0.3258295333475389,658.41,27.06629,750.88,3.17552224503765,2.27054970568104,0.715016154973943,0.219528466253919,0.207214753166224,16.85,1.1541095890411,212.45,3.09468317552804,0,-16.0641,4.11759799833194,1.37608385686463,0.451685660266874,1.30108445697626,0.601283991047423,33.3877563865537,51.0347891166449,14.7976986383577,0.969,3.95608738968062,3.43920674799665,0.832442903389189,0.505112958942417
2008-08-21,0.0,525.39,13.9,13.9,935.86,0.24763044534412954,658.41,27.06629,750.88,3.17552224503765,2.27054970568104,0.715016154973943,0.219528466253919,0.207214753166224,16.85,1.1541095890411,212.45,3.09468317552804,0,-16.0641,4.11759799833194,1.37608385686463,0.451685660266874,1.30108445697626,0.601283991047423,33.3877563865537,51.0347891166449,14.7976986383577,0.969,3.95608738968062,3.43920674799665,0.832442903389189,0.505112958942417
2008-08-22,0.0,522.49,17.47,17.47,1163.58,0.21178919667590027,658.41,27.06629,750.88,3.17552224503765,2.27054970568104,0.715016154973943,0.219528466253919,0.207214753166224,16.85,1.1541095890411,212.45,3.09468317552804,0,-16.0641,4.11759799833194,1.37608385686463,0.451685660266874,1.30108445697626,0.601283991047423,33.3877563865537,51.0347891166449,14.7976986383577,0.969,3.95608738968062,3.43920674799665,0.832442903389189,0.505112958942417
2008-08-23,2.64,414.79,20.05,20.05,1407.55,0.18898112934157255,658.41,27.06629,750.88,3.17552224503765,2.27054970568104,0.715016154973943,0.219528466253919,0.207214753166224,16.85,1.1541095890411,212.45,3.09468317552804,0,-16.0641,4.11759799833194,1.37608385686463,0.451685660266874,1.30108445697626,0.601283991047423,33.3877563865537,51.0347891166449,14.7976986383577,0.969,3.95608738968062,3.43920674799665,0.832442903389189,0.505112958942417
2008-08-24,12.49,359.66,20.41,20.41,1498.56,0.18246453867462176,658.41,27.06629,750.88,3.17552224503765,2.27054970568104,0.715016154973943,0.219528466253919,0.207214753166224,16.85,1.1541095890411,212.45,3.09468317552804,0,-16.0641,4.11759799833194,1.37608385686463,0.451685660266874,1.30108445697626,0.601283991047423,33.3877563865537,51.0347891166449,14.7976986383577,0.969,3.95608738968062,3.43920674799665,0.832442903389189,0.505112958942417
2008-08-25,5.21,404.14,20.28,20.28,1380.32,0.293246580012785,658.41,27.06629,750.88,3.17552224503765,2.27054970568104,0.715016154973943,0.219528466253919,0.207214753166224,16.85,1.1541095890411,212.45,3.09468317552804,0,-16.0641,4.11759799833194,1.37608385686463,0.451685660266874,1.30108445697626,0.601283991047423,33.3877563865537,51.0347891166449,14.7976986383577,0.969,3.95608738968062,3.43920674799665,0.832442903389189,0.505112958942417
2008-08-26,0.82,425.44,14.06,14.06,954.26,0.22808067334327722,658.41,27.06629,750.88,3.17552224503765,2.27054970568104,0.715016154973943,0.219528466253919,0.207214753166224,16.85,1.1541095890411,212.45,3.09468317552804,0,-16.0641,4.11759799833194,1.37608385686463,0.451685660266874,1.30108445697626,0.601283991047423,33.3877563865537,51.0347891166449,14.7976986383577,0.969,3.95608738968062,3.43920674799665,0.832442903389189,0.505112958942417
2008-08-27,0.09,463.4,13.38,13.38,924.87,0.17920624334114638,658.41,27.06629,750.88,3.17552224503765,2.27054970568104,0.715016154973943,0.219528466253919,0.207214753166224,16.85,1.1541095890411,212.45,3.09468317552804,0,-16.0641,4.11759799833194,1.37608385686463,0.451685660266874,1.30108445697626,0.601283991047423,33.3877563865537,51.0347891166449,14.7976986383577,0.969,3.95608738968062,3.43920674799665,0.832442903389189,0.505112958942417
2008-08-28,13.93,382.01,14.53,14.53,1017.88,0.3127963520136373,658.41,27.06629,750.88,3.17552224503765,2.27054970568104,0.715016154973943,0.219528466253919,0.207214753166224,16.85,1.1541095890411,212.45,3.09468317552804,0,-16.0641,4.11759799833194,1.37608385686463,0.451685660266874,1.30108445697626,0.601283991047423,33.3877563865537,51.0347891166449,14.7976986383577,0.969,3.95608738968062,3.43920674799665,0.832442903389189,0.505112958942417
2008-08-29,4.05,182.53,13.9,13.9,1249.1,0.6223344086937993,658.41,27.06629,750.88,3.17552224503765,2.27054970568104,0.715016154973943,0.219528466253919,0.207214753166224,16.85,1.1541095890411,212.45,3.09468317552804,0,-16.0641,4.11759799833194,1.37608385686463,0.451685660266874,1.30108445697626,0.601283991047423,33.3877563865537,51.0347891166449,14.7976986383577,0.969,3.95608738968062,3.43920674799665,0.832442903389189,0.505112958942417
2008-08-30,0.39,295.03,16.88,16.88,1377.07,0.36167078201576813,658.41,27.06629,750.88,3.17552224503765,2.27054970568104,0.715016154973943,0.219528466253919,0.207214753166224,16.85,1.1541095890411,212.45,3.09468317552804,0,-16.0641,4.11759799833194,1.37608385686463,0.451685660266874,1.30108445697626,0.601283991047423,33.3877563865537,51.0347891166449,14.7976986383577,0.969,3.95608738968062,3.43920674799665,0.832442903389189,0.505112958942417
2008-08-31,0.08,502.87,15.36,15.36,1057.65,0.2671802173449819,658.41,27.06629,750.88,3.17552224503765,2.27054970568104,0.715016154973943,0.219528466253919,0.207214753166224,16.85,1.1541095890411,212.45,3.09468317552804,0,-16.0641,4.11759799833194,1.37608385686463,0.451685660266874,1.30108445697626,0.601283991047423,33.3877563865537,51.0347891166449,14.7976986383577,0.969,3.95608738968062,3.43920674799665,0.832442903389189,0.505112958942417
2008-09-01,0.0,491.88,16.18,16.18,1083.04,0.21178919667590027,658.41,27.06629,750.88,3.17552224503765,2.27054970568104,0.715016154973943,0.219528466253919,0.207214753166224,16.85,1.1541095890411,212.45,3.09468317552804,0,-16.0641,4.11759799833194,1.37608385686463,0.451685660266874,1.30108445697626,0.601283991047423,33.3877563865537,51.0347891166449,14.7976986383577,0.969,3.95608738968062,3.43920674799665,0.832442903389189,0.505112958942417
2008-09-02,0.0,493.63,16.6,16.6,1104.04,0.18572283400809714,658.41,27.06629,750.88,3.17552224503765,2.27054970568104,0.715016154973943,0.219528466253919,0.207214753166224,16.85,1.1541095890411,212.45,3.09468317552804,0,-16.0641,4.11759799833194,1.37608385686463,0.451685660266874,1.30108445697626,0.601283991047423,33.3877563865537,51.0347891166449,14.7976986383577,0.969,3.95608738968062,3.43920674799665,0.832442903389189,0.505112958942417
2008-09-03,0.0,494.85,18.02,18.02,1177.73,0.1726896526741956,658.41,27.06629,750.88,3.17552224503765,2.27054970568104,0.715016154973943,0.219528466253919,0.207214753166224,16.85,1.1541095890411,212.45,3.09468317552804,0,-16.0641,4.11759799833194,1.37608385686463,0.451685660266874,1.30108445697626,0.601283991047423,33.3877563865537,51.0347891166449,14.7976986383577,0.969,3.95608738968062,3.43920674799665,0.832442903389189,0.505112958942417
2008-09-04,0.0,475.26,18.96,18.96,1325.01,0.15965647134029404,658.41,27.06629,750.88,3.17552224503765,2.27054970568104,0.715016154973943,0.219528466253919,0.207214753166224,16.85,1.1541095890411,212.45,3.09468317552804,0,-16.0641,4.11759799833194,1.37608385686463,0.451685660266874,1.30108445697626,0.601283991047423,33.3877563865537,51.0347891166449,14.7976986383577,0.969,3.95608738968062,3.43920674799665,0.832442903389189,0.505112958942417
2008-09-05,1.62,340.7,20.64,20.64,1536.05,0.1466232900063925,658.41,27.06629,750.88,3.17552224503765,2.27054970568104,0.715016154973943,0.219528466253919,0.207214753166224,16.85,1.1541095890411,212.45,3.09468317552804,0,-16.0641,4.11759799833194,1.37608385686463,0.451685660266874,1.30108445697626,0.601283991047423,33.3877563865537,51.0347891166449,14.7976986383577,0.969,3.95608738968062,3.43920674799665,0.832442903389189,0.505112958942417
2008-09-06,4.68,335.8,20.81,20.81,1494.57,0.1466232900063925,658.41,27.06629,750.88,3.17552224503765,2.27054970568104,0.715016154973943,0.219528466253919,0.207214753166224,16.85,1.1541095890411,212.45,3.09468317552804,0,-16.0641,4.11759799833194,1.37608385686463,0.451685660266874,1.30108445697626,0.601283991047423,33.3877563865537,51.0347891166449,14.7976986383577,0.969,3.95608738968062,3.43920674799665,0.832442903389189,0.505112958942417
2008-09-07,2.63,300.89,15.51,15.51,1175.3,0.18898112934157255,658.41,27.06629,750.88,3.17552224503765,2.27054970568104,0.715016154973943,0.219528466253919,0.207214753166224,16.85,1.1541095890411,212.45,3.09468317552804,0,-16.0641,4.11759799833194,1.37608385686463,0.451685660266874,1.30108445697626,0.601283991047423,33.3877563865537,51.0347891166449,14.7976986383577,0.969,3.95608738968062,3.43920674799665,0.832442903389189,0.505112958942417
2008-09-08,2.73,343.73,14.35,14.35,1105.17,0.15313988067334328,658.41,27.06629,750.88,3.17552224503765,2.27054970568104,0.715016154973943,0.219528466253919,0.207214753166224,16.85,1.1541095890411,212.45,3.09468317552804,0,-16.0641,4.11759799833194,1.37608385686463,0.451685660266874,1.30108445697626,0.601283991047423,33.3877563865537,51.0347891166449,14.7976986383577,0.969,3.95608738968062,3.43920674799665,0.832442903389189,0.505112958942417
2008-09-09,1.23,306.26,16.56,16.56,1224.95,0.14988158533986787,658.41,27.06629,750.88,3.17552224503765,2.27054970568104,0.715016154973943,0.219528466253919,0.207214753166224,16.85,1.1541095890411,212.45,3.09468317552804,0,-16.0641,4.11759799833194,1.37608385686463,0.451685660266874,1.30108445697626,0.601283991047423,33.3877563865537,51.0347891166449,14.7976986383577,0.969,3.95608738968062,3.43920674799665,0.832442903389189,0.505112958942417
2008-09-10,0.16,409.67,12.39,12.39,949.38,0.1466232900063925,658.41,27.06629,750.88,3.17552224503765,2.27054970568104,0.715016154973943,0.219528466253919,0.207214753166224,16.85,1.1541095890411,212.45,3.09468317552804,0,-16.0641,4.11759799833194,1.37608385686463,0.451685660266874,1.30108445697626,0.601283991047423,33.3877563865537,51.0347891166449,14.7976986383577,0.969,3.95608738968062,3.43920674799665,0.832442903389189,0.505112958942417
2008-09-11,0.0,449.09,11.13,11.13,859.36,0.13684840400596632,658.41,27.06629,750.88,3.17552224503765,2.27054970568104,0.715016154973943,0.219528466253919,0.207214753166224,16.85,1.1541095890411,212.45,3.09468317552804,0,-16.0641,4.11759799833194,1.37608385686463,0.451685660266874,1.30108445697626,0.601283991047423,33.3877563865537,51.0347891166449,14.7976986383577,0.969,3.95608738968062,3.43920674799665,0.832442903389189,0.505112958942417
2008-09-12,7.63,330.77,12.02,12.02,1019.33,0.13359010867249094,658.41,27.06629,750.88,3.17552224503765,2.27054970568104,0.715016154973943,0.219528466253919,0.207214753166224,16.85,1.1541095890411,212.45,3.09468317552804,0,-16.0641,4.11759799833194,1.37608385686463,0.451685660266874,1.30108445697626,0.601283991047423,33.3877563865537,51.0347891166449,14.7976986383577,0.969,3.95608738968062,3.43920674799665,0.832442903389189,0.505112958942417
2008-09-13,7.05,123.2,17.08,17.08,1623.48,0.17920624334114638,658.41,27.06629,750.88,3.17552224503765,2.27054970568104,0.715016154973943,0.219528466253919,0.207214753166224,16.85,1.1541095890411,212.45,3.09468317552804,0,-16.0641,4.11759799833194,1.37608385686463,0.451685660266874,1.30108445697626,0.601283991047423,33.3877563865537,51.0347891166449,14.7976986383577,0.969,3.95608738968062,3.43920674799665,0.832442903389189,0.505112958942417
2008-09-14,3.11,174.66,19.29,19.29,1822.17,0.3030214660132111,658.41,27.06629,750.88,3.17552224503765,2.27054970568104,0.715016154973943,0.219528466253919,0.207214753166224,16.85,1.1541095890411,212.45,3.09468317552804,0,-16.0641,4.11759799833194,1.37608385686463,0.451685660266874,1.30108445697626,0.601283991047423,33.3877563865537,51.0347891166449,14.7976986383577,0.969,3.95608738968062,3.43920674799665,0.832442903389189,0.505112958942417
2008-09-15,0.84,299.31,20.12,20.12,1599.91,0.21178919667590027,658.41,27.06629,750.88,3.17552224503765,2.27054970568104,0.715016154973943,0.219528466253919,0.207214753166224,16.85,1.1541095890411,212.45,3.09468317552804,0,-16.0641,4.11759799833194,1.37608385686463,0.451685660266874,1.30108445697626,0.601283991047423,33.3877563865537,51.0347891166449,14.7976986383577,0.969,3.95608738968062,3.43920674799665,0.832442903389189,0.505112958942417
2008-09-16,0.1,350.72,14.84,14.84,1122.97,0.17594794800767097,658.41,27.06629,750.88,3.17552224503765,2.27054970568104,0.715016154973943,0.219528466253919,0.207214753166224,16.85,1.1541095890411,212.45,3.09468317552804,0,-16.0641,4.11759799833194,1.37608385686463,0.451685660266874,1.30108445697626,0.601283991047423,33.3877563865537,51.0347891166449,14.7976986383577,0.969,3.95608738968062,3.43920674799665,0.832442903389189,0.505112958942417
2008-09-17,0.0,437.24,10.45,10.45,852.61,0.15965647134029404,658.41,27.06629,750.88,3.17552224503765,2.27054970568104,0.715016154973943,0.219528466253919,0.207214753166224,16.85,1.1541095890411,212.45,3.09468317552804,0,-16.0641,4.11759799833194,1.37608385686463,0.451685660266874,1.30108445697626,0.601283991047423,33.3877563865537,51.0347891166449,14.7976986383577,0.969,3.95608738968062,3.43920674799665,0.832442903389189,0.505112958942417
2008-09-18,0.0,434.87,13.38,13.38,924.46,0.1433649946729171,658.41,27.06629,750.88,3.17552224503765,2.27054970568104,0.715016154973943,0.219528466253919,0.207214753166224,16.85,1.1541095890411,212.45,3.09468317552804,0,-16.0641,4.11759799833194,1.37608385686463,0.451685660266874,1.30108445697626,0.601283991047423,33.3877563865537,51.0347891166449,14.7976986383577,0.969,3.95608738968062,3.43920674799665,0.832442903389189,0.505112958942417
2008-09-19,0.0,463.44,9.81,9.81,713.84,0.13033181333901556,658.41,27.06629,750.88,3.17552224503765,2.27054970568104,0.715016154973943,0.219528466253919,0.207214753166224,16.85,1.1541095890411,212.45,3.09468317552804,0,-16.0641,4.11759799833194,1.37608385686463,0.451685660266874,1.30108445697626,0.601283991047423,33.3877563865537,51.0347891166449,14.7976986383577,0.969,3.95608738968062,3.43920674799665,0.832442903389189,0.505112958942417
2008-09-20,0.0,452.51,11.25,11.25,802.2,0.12381522267206477,658.41,27.06629,750.88,3.17552224503765,2.27054970568104,0.715016154973943,0.219528466253919,0.207214753166224,16.85,1.1541095890411,212.45,3.09468317552804,0,-16.0641,4.11759799833194,1.37608385686463,0.451685660266874,1.30108445697626,0.601283991047423,33.3877563865537,51.0347891166449,14.7976986383577,0.969,3.95608738968062,3.43920674799665,0.832442903389189,0.505112958942417
2008-09-21,0.31,333.09,13.72,13.72,969.1,0.12055692733858939,658.41,27.06629,750.88,3.17552224503765,2.27054970568104,0.715016154973943,0.219528466253919,0.207214753166224,16.85,1.1541095890411,212.45,3.09468317552804,0,-16.0641,4.11759799833194,1.37608385686463,0.451685660266874,1.30108445697626,0.601283991047423,33.3877563865537,51.0347891166449,14.7976986383577,0.969,3.95608738968062,3.43920674799665,0.832442903389189,0.505112958942417
2008-09-22,0.08,423.87,14.03,14.03,950.1,0.11078204133816322,658.41,27.06629,750.88,3.17552224503765,2.27054970568104,0.715016154973943,0.219528466253919,0.207214753166224,16.85,1.1541095890411,212.45,3.09468317552804,0,-16.0641,4.11759799833194,1.37608385686463,0.451685660266874,1.30108445697626,0.601283991047423,33.3877563865537,51.0347891166449,14.7976986383577,0.969,3.95608738968062,3.43920674799665,0.832442903389189,0.505112958942417
2008-09-23,0.0,446.58,10.96,10.96,762.79,0.10426545067121244,658.41,27.06629,750.88,3.17552224503765,2.27054970568104,0.715016154973943,0.219528466253919,0.207214753166224,16.85,1.1541095890411,212.45,3.09468317552804,0,-16.0641,4.11759799833194,1.37608385686463,0.451685660266874,1.30108445697626,0.601283991047423,33.3877563865537,51.0347891166449,14.7976986383577,0.969,3.95608738968062,3.43920674799665,0.832442903389189,0.505112958942417
2008-09-24,0.0,445.23,11.42,11.42,778.12,0.10100715533773705,658.41,27.06629,750.88,3.17552224503765,2.27054970568104,0.715016154973943,0.219528466253919,0.207214753166224,16.85,1.1541095890411,212.45,3.09468317552804,0,-16.0641,4.11759799833194,1.37608385686463,0.451685660266874,1.30108445697626,0.601283991047423,33.3877563865537,51.0347891166449,14.7976986383577,0.969,3.95608738968062,3.43920674799665,0.832442903389189,0.505112958942417
2008-09-25,0.5,329.74,13.45,13.45,886.99,0.09774886000426165,658.41,27.06629,750.88,3.17552224503765,2.27054970568104,0.715016154973943,0.219528466253919,0.207214753166224,16.85,1.1541095890411,212.45,3.09468317552804,0,-16.0641,4.11759799833194,1.37608385686463,0.451685660266874,1.30108445697626,0.601283991047423,33.3877563865537,51.0347891166449,14.7976986383577,0.969,3.95608738968062,3.43920674799665,0.832442903389189,0.505112958942417
2008-09-26,1.41,308.78,13.48,13.48,971.64,0.09449056467078627,658.41,27.06629,750.88,3.17552224503765,2.27054970568104,0.715016154973943,0.219528466253919,0.207214753166224,16.85,1.1541095890411,212.45,3.09468317552804,0,-16.0641,4.11759799833194,1.37608385686463,0.451685660266874,1.30108445697626,0.601283991047423,33.3877563865537,51.0347891166449,14.7976986383577,0.969,3.95608738968062,3.43920674799665,0.832442903389189,0.505112958942417
2008-09-27,13.38,221.56,13.48,13.48,1165.4,0.10426545067121244,658.41,27.06629,750.88,3.17552224503765,2.27054970568104,0.715016154973943,0.219528466253919,0.207214753166224,16.85,1.1541095890411,212.45,3.09468317552804,0,-16.0641,4.11759799833194,1.37608385686463,0.451685660266874,1.30108445697626,0.601283991047423,33.3877563865537,51.0347891166449,14.7976986383577,0.969,3.95608738968062,3.43920674799665,0.832442903389189,0.505112958942417
2008-09-28,6.58,216.99,16.31,16.31,1389.52,0.32257123801406345,658.41,27.06629,750.88,3.17552224503765,2.27054970568104,0.715016154973943,0.219528466253919,0.207214753166224,16.85,1.1541095890411,212.45,3.09468317552804,0,-16.0641,4.11759799833194,1.37608385686463,0.451685660266874,1.30108445697626,0.601283991047423,33.3877563865537,51.0347891166449,14.7976986383577,0.969,3.95608738968062,3.43920674799665,0.832442903389189,0.505112958942417
2008-09-29,1.61,198.56,14.12,14.12,1213.55,0.30627976134668655,658.41,27.06629,750.88,3.17552224503765,2.27054970568104,0.715016154973943,0.219528466253919,0.207214753166224,16.85,1.1541095890411,212.45,3.09468317552804,0,-16.0641,4.11759799833194,1.37608385686463,0.451685660266874,1.30108445697626,0.601283991047423,33.3877563865537,51.0347891166449,14.7976986383577,0.969,3.95608738968062,3.43920674799665,0.832442903389189,0.505112958942417
2008-09-30,4.59,226.85,12.38,12.38,1070.15,0.1954977200085233,658.41,27.06629,750.88,3.17552224503765,2.27054970568104,0.715016154973943,0.219528466253919,0.207214753166224,16.85,1.1541095890411,212.45,3.09468317552804,0,-16.0641,4.11759799833194,1.37608385686463,0.451685660266874,1.30108445697626,0.601283991047423,33.3877563865537,51.0347891166449,14.7976986383577,0.969,3.95608738968062,3.43920674799665,0.832442903389189,0.505112958942417
2008-10-01,7.54,241.77,11.13,11.13,958.48,0.18572283400809714,658.41,27.06629,750.88,3.17552224503765,2.27054970568104,0.715016154973943,0.219528466253919,0.207214753166224,16.85,1.1541095890411,212.45,3.09468317552804,0,-16.0641,4.11759799833194,1.37608385686463,0.451685660266874,1.30108445697626,0.601283991047423,33.3877563865537,51.0347891166449,14.7976986383577,0.969,3.95608738968062,3.43920674799665,0.832442903389189,0.505112958942417
2008-10-02,6.65,236.74,9.2,9.2,832.77,0.23785555934370337,658.41,27.06629,750.88,3.17552224503765,2.27054970568104,0.715016154973943,0.219528466253919,0.207214753166224,16.85,1.1541095890411,212.45,3.09468317552804,0,-16.0641,4.11759799833194,1.37608385686463,0.451685660266874,1.30108445697626,0.601283991047423,33.3877563865537,51.0347891166449,14.7976986383577,0.969,3.95608738968062,3.43920674799665,0.832442903389189,0.505112958942417
2008-10-03,2.33,264.28,6.61,6.61,676.55,0.41706180268484977,658.41,27.06629,750.88,3.17552224503765,2.27054970568104,0.715016154973943,0.219528466253919,0.207214753166224,16.85,1.1541095890411,212.45,3.09468317552804,0,-16.0641,4.11759799833194,1.37608385686463,0.451685660266874,1.30108445697626,0.601283991047423,33.3877563865537,51.0347891166449,14.7976986383577,0.969,3.95608738968062,3.43920674799665,0.832442903389189,0.505112958942417
2008-10-04,0.27,388.45,4.76,4.76,561.22,0.3714456680161943,658.41,27.06629,750.88,3.17552224503765,2.27054970568104,0.715016154973943,0.219528466253919,0.207214753166224,16.85,1.1541095890411,212.45,3.09468317552804,0,-16.0641,4.11759799833194,1.37608385686463,0.451685660266874,1.30108445697626,0.601283991047423,33.3877563865537,51.0347891166449,14.7976986383577,0.969,3.95608738968062,3.43920674799665,0.832442903389189,0.505112958942417
2008-10-05,0.0,398.59,5.43,5.43,564.97,0.25740533134455573,658.41,27.06629,750.88,3.17552224503765,2.27054970568104,0.715016154973943,0.219528466253919,0.207214753166224,16.85,1.1541095890411,212.45,3.09468317552804,0,-16.0641,4.11759799833194,1.37608385686463,0.451685660266874,1.30108445697626,0.601283991047423,33.3877563865537,51.0347891166449,14.7976986383577,0.969,3.95608738968062,3.43920674799665,0.832442903389189,0.505112958942417
2008-10-06,0.0,401.55,5.93,5.93,556.69,0.20527260600894948,658.41,27.06629,750.88,3.17552224503765,2.27054970568104,0.715016154973943,0.219528466253919,0.207214753166224,16.85,1.1541095890411,212.45,3.09468317552804,0,-16.0641,4.11759799833194,1.37608385686463,0.451685660266874,1.30108445697626,0.601283991047423,33.3877563865537,51.0347891166449,14.7976986383577,0.969,3.95608738968062,3.43920674799665,0.832442903389189,0.505112958942417
2008-10-07,0.22,338.12,4.99,4.99,532.48,0.17920624334114638,658.41,27.06629,750.88,3.17552224503765,2.27054970568104,0.715016154973943,0.219528466253919,0.207214753166224,16.85,1.1541095890411,212.45,3.09468317552804,0,-16.0641,4.11759799833194,1.37608385686463,0.451685660266874,1.30108445697626,0.601283991047423,33.3877563865537,51.0347891166449,14.7976986383577,0.969,3.95608738968062,3.43920674799665,0.832442903389189,0.505112958942417
2008-10-08,1.3,293.3,7.23,7.23,641.19,0.1726896526741956,658.41,27.06629,750.88,3.17552224503765,2.27054970568104,0.715016154973943,0.219528466253919,0.207214753166224,16.85,1.1541095890411,212.45,3.09468317552804,0,-16.0641,4.11759799833194,1.37608385686463,0.451685660266874,1.30108445697626,0.601283991047423,33.3877563865537,51.0347891166449,14.7976986383577,0.969,3.95608738968062,3.43920674799665,0.832442903389189,0.505112958942417
2008-10-09,0.33,389.61,9.06,9.06,702.0,0.17594794800767097,658.41,27.06629,750.88,3.17552224503765,2.27054970568104,0.715016154973943,0.219528466253919,0.207214753166224,16.85,1.1541095890411,212.45,3.09468317552804,0,-16.0641,4.11759799833194,1.37608385686463,0.451685660266874,1.30108445697626,0.601283991047423,33.3877563865537,51.0347891166449,14.7976986383577,0.969,3.95608738968062,3.43920674799665,0.832442903389189,0.505112958942417
2008-10-10,0.0,395.06,10.19,10.19,695.49,0.15965647134029404,658.41,27.06629,750.88,3.17552224503765,2.27054970568104,0.715016154973943,0.219528466253919,0.207214753166224,16.85,1.1541095890411,212.45,3.09468317552804,0,-16.0641,4.11759799833194,1.37608385686463,0.451685660266874,1.30108445697626,0.601283991047423,33.3877563865537,51.0347891166449,14.7976986383577,0.969,3.95608738968062,3.43920674799665,0.832442903389189,0.505112958942417
2008-10-11,0.0,392.75,9.92,9.92,678.46,0.14988158533986787,658.41,27.06629,750.88,3.17552224503765,2.27054970568104,0.715016154973943,0.219528466253919,0.207214753166224,16.85,1.1541095890411,212.45,3.09468317552804,0,-16.0641,4.11759799833194,1.37608385686463,0.451685660266874,1.30108445697626,0.601283991047423,33.3877563865537,51.0347891166449,14.7976986383577,0.969,3.95608738968062,3.43920674799665,0.832442903389189,0.505112958942417
2008-10-12,0.0,387.58,10.92,10.92,732.63,0.1433649946729171,658.41,27.06629,750.88,3.17552224503765,2.27054970568104,0.715016154973943,0.219528466253919,0.207214753166224,16.85,1.1541095890411,212.45,3.09468317552804,0,-16.0641,4.11759799833194,1.37608385686463,0.451685660266874,1.30108445697626,0.601283991047423,33.3877563865537,51.0347891166449,14.7976986383577,0.969,3.95608738968062,3.43920674799665,0.832442903389189,0.505112958942417
2008-10-13,0.11,285.73,13.35,13.35,846.6,0.13033181333901556,658.41,27.06629,750.88,3.17552224503765,2.27054970568104,0.715016154973943,0.219528466253919,0.207214753166224,16.85,1.1541095890411,212.45,3.09468317552804,0,-16.0641,4.11759799833194,1.37608385686463,0.451685660266874,1.30108445697626,0.601283991047423,33.3877563865537,51.0347891166449,14.7976986383577,0.969,3.95608738968062,3.43920674799665,0.832442903389189,0.505112958942417
2008-10-14,1.16,280.82,13.92,13.92,872.47,0.12381522267206477,658.41,27.06629,750.88,3.17552224503765,2.27054970568104,0.715016154973943,0.219528466253919,0.207214753166224,16.85,1.1541095890411,212.45,3.09468317552804,0,-16.0641,4.11759799833194,1.37608385686463,0.451685660266874,1.30108445697626,0.601283991047423,33.3877563865537,51.0347891166449,14.7976986383577,0.969,3.95608738968062,3.43920674799665,0.832442903389189,0.505112958942417
2008-10-15,3.51,273.93,13.37,13.37,880.73,0.12381522267206477,658.41,27.06629,750.88,3.17552224503765,2.27054970568104,0.715016154973943,0.219528466253919,0.207214753166224,16.85,1.1541095890411,212.45,3.09468317552804,0,-16.0641,4.11759799833194,1.37608385686463,0.451685660266874,1.30108445697626,0.601283991047423,33.3877563865537,51.0347891166449,14.7976986383577,0.969,3.95608738968062,3.43920674799665,0.832442903389189,0.505112958942417
2008-10-16,1.46,259.5,11.94,11.94,835.18,0.13684840400596632,658.41,27.06629,750.88,3.17552224503765,2.27054970568104,0.715016154973943,0.219528466253919,0.207214753166224,16.85,1.1541095890411,212.45,3.09468317552804,0,-16.0641,4.11759799833194,1.37608385686463,0.451685660266874,1.30108445697626,0.601283991047423,33.3877563865537,51.0347891166449,14.7976986383577,0.969,3.95608738968062,3.43920674799665,0.832442903389189,0.505112958942417
2008-10-17,0.16,348.77,8.43,8.43,643.14,0.15313988067334328,658.41,27.06629,750.88,3.17552224503765,2.27054970568104,0.715016154973943,0.219528466253919,0.207214753166224,16.85,1.1541095890411,212.45,3.09468317552804,0,-16.0641,4.11759799833194,1.37608385686463,0.451685660266874,1.30108445697626,0.601283991047423,33.3877563865537,51.0347891166449,14.7976986383577,0.969,3.95608738968062,3.43920674799665,0.832442903389189,0.505112958942417
2008-10-18,0.0,354.78,2.99,2.99,434.05,0.1401066993394417,658.41,27.06629,750.88,3.17552224503765,2.27054970568104,0.715016154973943,0.219528466253919,0.207214753166224,16.85,1.1541095890411,212.45,3.09468317552804,0,-16.0641,4.11759799833194,1.37608385686463,0.451685660266874,1.30108445697626,0.601283991047423,33.3877563865537,51.0347891166449,14.7976986383577,0.969,3.95608738968062,3.43920674799665,0.832442903389189,0.505112958942417
2008-10-19,0.37,279.4,1.39,1.39,405.93,0.13033181333901556,658.41,27.06629,750.88,3.17552224503765,2.27054970568104,0.715016154973943,0.219528466253919,0.207214753166224,16.85,1.1541095890411,212.45,3.09468317552804,0,-16.0641,4.11759799833194,1.37608385686463,0.451685660266874,1.30108445697626,0.601283991047423,33.3877563865537,51.0347891166449,14.7976986383577,0.969,3.95608738968062,3.43920674799665,0.832442903389189,0.505112958942417
2008-10-20,1.91,266.84,2.64,2.64,449.48,0.12055692733858939,658.41,27.06629,750.88,3.17552224503765,2.27054970568104,0.715016154973943,0.219528466253919,0.207214753166224,16.85,1.1541095890411,212.45,3.09468317552804,0,-16.0641,4.11759799833194,1.37608385686463,0.451685660266874,1.30108445697626,0.601283991047423,33.3877563865537,51.0347891166449,14.7976986383577,0.969,3.95608738968062,3.43920674799665,0.832442903389189,0.505112958942417
2008-10-21,2.22,266.51,5.43,5.43,518.61,0.12055692733858939,658.41,27.06629,750.88,3.17552224503765,2.27054970568104,0.715016154973943,0.219528466253919,0.207214753166224,16.85,1.1541095890411,212.45,3.09468317552804,0,-16.0641,4.11759799833194,1.37608385686463,0.451685660266874,1.30108445697626,0.601283991047423,33.3877563865537,51.0347891166449,14.7976986383577,0.969,3.95608738968062,3.43920674799665,0.832442903389189,0.505112958942417
2008-10-22,0.47,214.43,4.04,4.04,550.38,0.12381522267206477,658.41,27.06629,750.88,3.17552224503765,2.27054970568104,0.715016154973943,0.219528466253919,0.207214753166224,16.85,1.1541095890411,212.45,3.09468317552804,0,-16.0641,4.11759799833194,1.37608385686463,0.451685660266874,1.30108445697626,0.601283991047423,33.3877563865537,51.0347891166449,14.7976986383577,0.969,3.95608738968062,3.43920674799665,0.832442903389189,0.505112958942417
2008-10-23,2.07,128.13,1.34,1.34,520.71,0.13033181333901556,658.41,27.06629,750.88,3.17552224503765,2.27054970568104,0.715016154973943,0.219528466253919,0.207214753166224,16.85,1.1541095890411,212.45,3.09468317552804,0,-16.0641,4.11759799833194,1.37608385686463,0.451685660266874,1.30108445697626,0.601283991047423,33.3877563865537,51.0347891166449,14.7976986383577,0.969,3.95608738968062,3.43920674799665,0.832442903389189,0.505112958942417
2008-10-24,11.47,234.45,2.32,2.32,508.97,0.12707351800554018,658.41,27.06629,750.88,3.17552224503765,2.27054970568104,0.715016154973943,0.219528466253919,0.207214753166224,16.85,1.1541095890411,212.45,3.09468317552804,0,-16.0641,4.11759799833194,1.37608385686463,0.451685660266874,1.30108445697626,0.601283991047423,33.3877563865537,51.0347891166449,14.7976986383577,0.969,3.95608738968062,3.43920674799665,0.832442903389189,0.505112958942417
2008-10-25,15.55,201.42,4.16,4.16,587.37,0.8895146260387811,658.41,27.06629,750.88,3.17552224503765,2.27054970568104,0.715016154973943,0.219528466253919,0.207214753166224,16.85,1.1541095890411,212.45,3.09468317552804,0,-16.0641,4.11759799833194,1.37608385686463,0.451685660266874,1.30108445697626,0.601283991047423,33.3877563865537,51.0347891166449,14.7976986383577,0.969,3.95608738968062,3.43920674799665,0.832442903389189,0.505112958942417
2008-10-26,5.1,215.83,5.61,5.61,651.67,1.1860195013850414,658.41,27.06629,750.88,3.17552224503765,2.27054970568104,0.715016154973943,0.219528466253919,0.207214753166224,16.85,1.1541095890411,212.45,3.09468317552804,0,-16.0641,4.11759799833194,1.37608385686463,0.451685660266874,1.30108445697626,0.601283991047423,33.3877563865537,51.0347891166449,14.7976986383577,0.969,3.95608738968062,3.43920674799665,0.832442903389189,0.505112958942417
2008-10-27,2.48,232.42,7.07,7.07,661.36,0.5506519113573407,658.41,27.06629,750.88,3.17552224503765,2.27054970568104,0.715016154973943,0.219528466253919,0.207214753166224,16.85,1.1541095890411,212.45,3.09468317552804,0,-16.0641,4.11759799833194,1.37608385686463,0.451685660266874,1.30108445697626,0.601283991047423,33.3877563865537,51.0347891166449,14.7976986383577,0.969,3.95608738968062,3.43920674799665,0.832442903389189,0.505112958942417
2008-10-28,2.02,175.26,4.3,4.3,576.16,0.46593623268698053,658.41,27.06629,750.88,3.17552224503765,2.27054970568104,0.715016154973943,0.219528466253919,0.207214753166224,16.85,1.1541095890411,212.45,3.09468317552804,0,-16.0641,4.11759799833194,1.37608385686463,0.451685660266874,1.30108445697626,0.601283991047423,33.3877563865537,51.0347891166449,14.7976986383577,0.969,3.95608738968062,3.43920674799665,0.832442903389189,0.505112958942417
2008-10-29,0.41,123.65,0.36,0.36,485.07,0.4626779373535052,658.41,27.06629,750.88,3.17552224503765,2.27054970568104,0.715016154973943,0.219528466253919,0.207214753166224,16.85,1.1541095890411,212.45,3.09468317552804,0,-16.0641,4.11759799833194,1.37608385686463,0.451685660266874,1.30108445697626,0.601283991047423,33.3877563865537,51.0347891166449,14.7976986383577,0.969,3.95608738968062,3.43920674799665,0.832442903389189,0.505112958942417
2008-10-30,0.01,162.71,-1.39,-1.39,434.53,0.38122055401662047,658.41,27.06629,750.88,3.17552224503765,2.27054970568104,0.715016154973943,0.219528466253919,0.207214753166224,16.85,1.1541095890411,212.45,3.09468317552804,0,-16.0641,4.11759799833194,1.37608385686463,0.451685660266874,1.30108445697626,0.601283991047423,33.3877563865537,51.0347891166449,14.7976986383577,0.969,3.95608738968062,3.43920674799665,0.832442903389189,0.505112958942417
2008-10-31,0.0,297.24,0.59,0.59,442.48,0.33560441934796503,658.41,27.06629,750.88,3.17552224503765,2.27054970568104,0.715016154973943,0.219528466253919,0.207214753166224,16.85,1.1541095890411,212.45,3.09468317552804,0,-16.0641,4.11759799833194,1.37608385686463,0.451685660266874,1.30108445697626,0.601283991047423,33.3877563865537,51.0347891166449,14.7976986383577,0.969,3.95608738968062,3.43920674799665,0.832442903389189,0.505112958942417
2008-11-01,0.0,322.04,5.49,5.49,491.99,0.30627976134668655,658.41,27.06629,750.88,3.17552224503765,2.27054970568104,0.715016154973943,0.219528466253919,0.207214753166224,16.85,1.1541095890411,212.45,3.09468317552804,0,-16.0641,4.11759799833194,1.37608385686463,0.451685660266874,1.30108445697626,0.601283991047423,33.3877563865537,51.0347891166449,14.7976986383577,0.969,3.95608738968062,3.43920674799665,0.832442903389189,0.505112958942417
2008-11-02,0.0,309.74,3.57,3.57,447.55,0.2834716940123588,658.41,27.06629,750.88,3.17552224503765,2.27054970568104,0.715016154973943,0.219528466253919,0.207214753166224,16.85,1.1541095890411,212.45,3.09468317552804,0,-16.0641,4.11759799833194,1.37608385686463,0.451685660266874,1.30108445697626,0.601283991047423,33.3877563865537,51.0347891166449,14.7976986383577,0.969,3.95608738968062,3.43920674799665,0.832442903389189,0.505112958942417
2008-11-03,0.0,249.45,4.22,4.22,577.24,0.2606636266780311,658.41,27.06629,750.88,3.17552224503765,2.27054970568104,0.715016154973943,0.219528466253919,0.207214753166224,16.85,1.1541095890411,212.45,3.09468317552804,0,-16.0641,4.11759799833194,1.37608385686463,0.451685660266874,1.30108445697626,0.601283991047423,33.3877563865537,51.0347891166449,14.7976986383577,0.969,3.95608738968062,3.43920674799665,0.832442903389189,0.505112958942417
2008-11-04,0.0,273.54,7.92,7.92,731.64,0.24763044534412954,658.41,27.06629,750.88,3.17552224503765,2.27054970568104,0.715016154973943,0.219528466253919,0.207214753166224,16.85,1.1541095890411,212.45,3.09468317552804,0,-16.0641,4.11759799833194,1.37608385686463,0.451685660266874,1.30108445697626,0.601283991047423,33.3877563865537,51.0347891166449,14.7976986383577,0.969,3.95608738968062,3.43920674799665,0.832442903389189,0.505112958942417
2008-11-05,0.0,294.52,9.34,9.34,728.31,0.23459726401022798,658.41,27.06629,750.88,3.17552224503765,2.27054970568104,0.715016154973943,0.219528466253919,0.207214753166224,16.85,1.1541095890411,212.45,3.09468317552804,0,-16.0641,4.11759799833194,1.37608385686463,0.451685660266874,1.30108445697626,0.601283991047423,33.3877563865537,51.0347891166449,14.7976986383577,0.969,3.95608738968062,3.43920674799665,0.832442903389189,0.505112958942417
2008-11-06,0.54,220.05,10.2,10.2,761.61,0.22808067334327722,658.41,27.06629,750.88,3.17552224503765,2.27054970568104,0.715016154973943,0.219528466253919,0.207214753166224,16.85,1.1541095890411,212.45,3.09468317552804,0,-16.0641,4.11759799833194,1.37608385686463,0.451685660266874,1.30108445697626,0.601283991047423,33.3877563865537,51.0347891166449,14.7976986383577,0.969,3.95608738968062,3.43920674799665,0.832442903389189,0.505112958942417
2008-11-07,1.68,202.2,11.96,11.96,889.02,0.21830578734285105,658.41,27.06629,750.88,3.17552224503765,2.27054970568104,0.715016154973943,0.219528466253919,0.207214753166224,16.85,1.1541095890411,212.45,3.09468317552804,0,-16.0641,4.11759799833194,1.37608385686463,0.451685660266874,1.30108445697626,0.601283991047423,33.3877563865537,51.0347891166449,14.7976986383577,0.969,3.95608738968062,3.43920674799665,0.832442903389189,0.505112958942417
2008-11-08,1.04,207.28,11.45,11.45,830.35,0.22156408267632643,658.41,27.06629,750.88,3.17552224503765,2.27054970568104,0.715016154973943,0.219528466253919,0.207214753166224,16.85,1.1541095890411,212.45,3.09468317552804,0,-16.0641,4.11759799833194,1.37608385686463,0.451685660266874,1.30108445697626,0.601283991047423,33.3877563865537,51.0347891166449,14.7976986383577,0.969,3.95608738968062,3.43920674799665,0.832442903389189,0.505112958942417
2008-11-09,1.9,179.33,6.32,6.32,628.17,0.2313389686767526,658.41,27.06629,750.88,3.17552224503765,2.27054970568104,0.715016154973943,0.219528466253919,0.207214753166224,16.85,1.1541095890411,212.45,3.09468317552804,0,-16.0641,4.11759799833194,1.37608385686463,0.451685660266874,1.30108445697626,0.601283991047423,33.3877563865537,51.0347891166449,14.7976986383577,0.969,3.95608738968062,3.43920674799665,0.832442903389189,0.505112958942417
2008-11-10,0.84,138.36,2.05,2.05,513.69,0.21830578734285105,658.41,27.06629,750.88,3.17552224503765,2.27054970568104,0.715016154973943,0.219528466253919,0.207214753166224,16.85,1.1541095890411,212.45,3.09468317552804,0,-16.0641,4.11759799833194,1.37608385686463,0.451685660266874,1.30108445697626,0.601283991047423,33.3877563865537,51.0347891166449,14.7976986383577,0.969,3.95608738968062,3.43920674799665,0.832442903389189,0.505112958942417
2008-11-11,0.38,74.2,-0.85,-0.85,467.3,0.21830578734285105,658.41,27.06629,750.88,3.17552224503765,2.27054970568104,0.715016154973943,0.219528466253919,0.207214753166224,16.85,1.1541095890411,212.45,3.09468317552804,0,-16.0641,4.11759799833194,1.37608385686463,0.451685660266874,1.30108445697626,0.601283991047423,33.3877563865537,51.0347891166449,14.7976986383577,0.969,3.95608738968062,3.43920674799665,0.832442903389189,0.505112958942417
2008-11-12,1.48,104.11,-0.29,-0.29,508.6,0.21504749200937565,658.41,27.06629,750.88,3.17552224503765,2.27054970568104,0.715016154973943,0.219528466253919,0.207214753166224,16.85,1.1541095890411,212.45,3.09468317552804,0,-16.0641,4.11759799833194,1.37608385686463,0.451685660266874,1.30108445697626,0.601283991047423,33.3877563865537,51.0347891166449,14.7976986383577,0.969,3.95608738968062,3.43920674799665,0.832442903389189,0.505112958942417
2008-11-13,2.83,143.39,3.38,3.38,640.39,0.22482237800980182,658.41,27.06629,750.88,3.17552224503765,2.27054970568104,0.715016154973943,0.219528466253919,0.207214753166224,16.85,1.1541095890411,212.45,3.09468317552804,0,-16.0641,4.11759799833194,1.37608385686463,0.451685660266874,1.30108445697626,0.601283991047423,33.3877563865537,51.0347891166449,14.7976986383577,0.969,3.95608738968062,3.43920674799665,0.832442903389189,0.505112958942417
2008-11-14,5.61,92.59,6.19,6.19,779.84,0.24437215001065415,658.41,27.06629,750.88,3.17552224503765,2.27054970568104,0.715016154973943,0.219528466253919,0.207214753166224,16.85,1.1541095890411,212.45,3.09468317552804,0,-16.0641,4.11759799833194,1.37608385686463,0.451685660266874,1.30108445697626,0.601283991047423,33.3877563865537,51.0347891166449,14.7976986383577,0.969,3.95608738968062,3.43920674799665,0.832442903389189,0.505112958942417
2008-11-15,10.02,189.71,7.39,7.39,724.76,0.8341236053696995,658.41,27.06629,750.88,3.17552224503765,2.27054970568104,0.715016154973943,0.219528466253919,0.207214753166224,16.85,1.1541095890411,212.45,3.09468317552804,0,-16.0641,4.11759799833194,1.37608385686463,0.451685660266874,1.30108445697626,0.601283991047423,33.3877563865537,51.0347891166449,14.7976986383577,0.969,3.95608738968062,3.43920674799665,0.832442903389189,0.505112958942417
2008-11-16,4.04,188.72,4.16,4.16,530.43,1.2446688173875986,658.41,27.06629,750.88,3.17552224503765,2.27054970568104,0.715016154973943,0.219528466253919,0.207214753166224,16.85,1.1541095890411,212.45,3.09468317552804,0,-16.0641,4.11759799833194,1.37608385686463,0.451685660266874,1.30108445697626,0.601283991047423,33.3877563865537,51.0347891166449,14.7976986383577,0.969,3.95608738968062,3.43920674799665,0.832442903389189,0.505112958942417
2008-11-17,1.17,197.04,-1.93,-1.93,347.99,0.8113155380353717,658.41,27.06629,750.88,3.17552224503765,2.27054970568104,0.715016154973943,0.219528466253919,0.207214753166224,16.85,1.1541095890411,212.45,3.09468317552804,0,-16.0641,4.11759799833194,1.37608385686463,0.451685660266874,1.30108445697626,0.601283991047423,33.3877563865537,51.0347891166449,14.7976986383577,0.969,3.95608738968062,3.43920674799665,0.832442903389189,0.505112958942417
2008-11-18,3.51,238.0,-5.52,-5.52,242.17,0.7135666780311101,658.41,27.06629,750.88,3.17552224503765,2.27054970568104,0.715016154973943,0.219528466253919,0.207214753166224,16.85,1.1541095890411,212.45,3.09468317552804,0,-16.0641,4.11759799833194,1.37608385686463,0.451685660266874,1.30108445697626,0.601283991047423,33.3877563865537,51.0347891166449,14.7976986383577,0.969,3.95608738968062,3.43920674799665,0.832442903389189,0.505112958942417
2008-11-19,1.74,234.14,-7.39,-7.39,204.43,0.5962680460259961,658.41,27.06629,750.88,3.17552224503765,2.27054970568104,0.715016154973943,0.219528466253919,0.207214753166224,16.85,1.1541095890411,212.45,3.09468317552804,0,-16.0641,4.11759799833194,1.37608385686463,0.451685660266874,1.30108445697626,0.601283991047423,33.3877563865537,51.0347891166449,14.7976986383577,0.969,3.95608738968062,3.43920674799665,0.832442903389189,0.505112958942417
2008-11-20,0.62,222.01,-7.45,-7.45,213.29,0.5897514553590454,658.41,27.06629,750.88,3.17552224503765,2.27054970568104,0.715016154973943,0.219528466253919,0.207214753166224,16.85,1.1541095890411,212.45,3.09468317552804,0,-16.0641,4.11759799833194,1.37608385686463,0.451685660266874,1.30108445697626,0.601283991047423,33.3877563865537,51.0347891166449,14.7976986383577,0.969,3.95608738968062,3.43920674799665,0.832442903389189,0.505112958942417
2008-11-21,0.39,227.42,-7.08,-7.08,218.07,0.5376187300234391,658.41,27.06629,750.88,3.17552224503765,2.27054970568104,0.715016154973943,0.219528466253919,0.207214753166224,16.85,1.1541095890411,212.45,3.09468317552804,0,-16.0641,4.11759799833194,1.37608385686463,0.451685660266874,1.30108445697626,0.601283991047423,33.3877563865537,51.0347891166449,14.7976986383577,0.969,3.95608738968062,3.43920674799665,0.832442903389189,0.505112958942417
2008-11-22,0.7,184.58,-8.0,-8.0,223.83,0.4594196420200298,658.41,27.06629,750.88,3.17552224503765,2.27054970568104,0.715016154973943,0.219528466253919,0.207214753166224,16.85,1.1541095890411,212.45,3.09468317552804,0,-16.0641,4.11759799833194,1.37608385686463,0.451685660266874,1.30108445697626,0.601283991047423,33.3877563865537,51.0347891166449,14.7976986383577,0.969,3.95608738968062,3.43920674799665,0.832442903389189,0.505112958942417
2008-11-23,1.02,171.0,-7.08,-7.08,264.17,0.4594196420200298,658.41,27.06629,750.88,3.17552224503765,2.27054970568104,0.715016154973943,0.219528466253919,0.207214753166224,16.85,1.1541095890411,212.45,3.09468317552804,0,-16.0641,4.11759799833194,1.37608385686463,0.451685660266874,1.30108445697626,0.601283991047423,33.3877563865537,51.0347891166449,14.7976986383577,0.969,3.95608738968062,3.43920674799665,0.832442903389189,0.505112958942417
2008-11-24,4.68,195.16,-4.75,-4.75,309.32,0.4333532793522267,658.41,27.06629,750.88,3.17552224503765,2.27054970568104,0.715016154973943,0.219528466253919,0.207214753166224,16.85,1.1541095890411,212.45,3.09468317552804,0,-16.0641,4.11759799833194,1.37608385686463,0.451685660266874,1.30108445697626,0.601283991047423,33.3877563865537,51.0347891166449,14.7976986383577,0.969,3.95608738968062,3.43920674799665,0.832442903389189,0.505112958942417
2008-11-25,2.67,201.81,-2.89,-2.89,348.12,0.4626779373535052,658.41,27.06629,750.88,3.17552224503765,2.27054970568104,0.715016154973943,0.219528466253919,0.207214753166224,16.85,1.1541095890411,212.45,3.09468317552804,0,-16.0641,4.11759799833194,1.37608385686463,0.451685660266874,1.30108445697626,0.601283991047423,33.3877563865537,51.0347891166449,14.7976986383577,0.969,3.95608738968062,3.43920674799665,0.832442903389189,0.505112958942417
2008-11-26,0.94,176.59,-1.93,-1.93,391.76,0.48222770935435755,658.41,27.06629,750.88,3.17552224503765,2.27054970568104,0.715016154973943,0.219528466253919,0.207214753166224,16.85,1.1541095890411,212.45,3.09468317552804,0,-16.0641,4.11759799833194,1.37608385686463,0.451685660266874,1.30108445697626,0.601283991047423,33.3877563865537,51.0347891166449,14.7976986383577,0.969,3.95608738968062,3.43920674799665,0.832442903389189,0.505112958942417
2008-11-27,0.25,119.43,-1.62,-1.62,435.28,0.4789694140208821,658.41,27.06629,750.88,3.17552224503765,2.27054970568104,0.715016154973943,0.219528466253919,0.207214753166224,16.85,1.1541095890411,212.45,3.09468317552804,0,-16.0641,4.11759799833194,1.37608385686463,0.451685660266874,1.30108445697626,0.601283991047423,33.3877563865537,51.0347891166449,14.7976986383577,0.969,3.95608738968062,3.43920674799665,0.832442903389189,0.505112958942417
2008-11-28,0.48,130.92,-1.77,-1.77,422.5,0.4887443000213083,658.41,27.06629,750.88,3.17552224503765,2.27054970568104,0.715016154973943,0.219528466253919,0.207214753166224,16.85,1.1541095890411,212.45,3.09468317552804,0,-16.0641,4.11759799833194,1.37608385686463,0.451685660266874,1.30108445697626,0.601283991047423,33.3877563865537,51.0347891166449,14.7976986383577,0.969,3.95608738968062,3.43920674799665,0.832442903389189,0.505112958942417
2008-11-29,1.63,223.73,-3.38,-3.38,324.81,0.49526089068825907,658.41,27.06629,750.88,3.17552224503765,2.27054970568104,0.715016154973943,0.219528466253919,0.207214753166224,16.85,1.1541095890411,212.45,3.09468317552804,0,-16.0641,4.11759799833194,1.37608385686463,0.451685660266874,1.30108445697626,0.601283991047423,33.3877563865537,51.0347891166449,14.7976986383577,0.969,3.95608738968062,3.43920674799665,0.832442903389189,0.505112958942417
2008-11-30,5.58,225.22,-4.81,-4.81,280.89,0.46919452802045597,658.41,27.06629,750.88,3.17552224503765,2.27054970568104,0.715016154973943,0.219528466253919,0.207214753166224,16.85,1.1541095890411,212.45,3.09468317552804,0,-16.0641,4.11759799833194,1.37608385686463,0.451685660266874,1.30108445697626,0.601283991047423,33.3877563865537,51.0347891166449,14.7976986383577,0.969,3.95608738968062,3.43920674799665,0.832442903389189,0.505112958942417
2008-12-01,2.26,183.63,-1.69,-1.69,381.43,0.8210904240357979,658.41,27.06629,750.88,3.17552224503765,2.27054970568104,0.715016154973943,0.219528466253919,0.207214753166224,16.85,1.1541095890411,212.45,3.09468317552804,0,-16.0641,4.11759799833194,1.37608385686463,0.451685660266874,1.30108445697626,0.601283991047423,33.3877563865537,51.0347891166449,14.7976986383577,0.969,3.95608738968062,3.43920674799665,0.832442903389189,0.505112958942417
2008-12-02,0.4,183.88,-2.21,-2.21,380.09,0.8764814447048795,658.41,27.06629,750.88,3.17552224503765,2.27054970568104,0.715016154973943,0.219528466253919,0.207214753166224,16.85,1.1541095890411,212.45,3.09468317552804,0,-16.0641,4.11759799833194,1.37608385686463,0.451685660266874,1.30108445697626,0.601283991047423,33.3877563865537,51.0347891166449,14.7976986383577,0.969,3.95608738968062,3.43920674799665,0.832442903389189,0.505112958942417
2008-12-03,1.33,184.48,-3.08,-3.08,350.25,0.6940169060302578,658.41,27.06629,750.88,3.17552224503765,2.27054970568104,0.715016154973943,0.219528466253919,0.207214753166224,16.85,1.1541095890411,212.45,3.09468317552804,0,-16.0641,4.11759799833194,1.37608385686463,0.451685660266874,1.30108445697626,0.601283991047423,33.3877563865537,51.0347891166449,14.7976986383577,0.969,3.95608738968062,3.43920674799665,0.832442903389189,0.505112958942417
2008-12-04,1.24,230.93,-2.46,-2.46,315.25,0.8373819007031749,658.41,27.06629,750.88,3.17552224503765,2.27054970568104,0.715016154973943,0.219528466253919,0.207214753166224,16.85,1.1541095890411,212.45,3.09468317552804,0,-16.0641,4.11759799833194,1.37608385686463,0.451685660266874,1.30108445697626,0.601283991047423,33.3877563865537,51.0347891166449,14.7976986383577,0.969,3.95608738968062,3.43920674799665,0.832442903389189,0.505112958942417
2008-12-05,0.5,227.25,-2.5,-2.5,294.59,0.9546805327082889,658.41,27.06629,750.88,3.17552224503765,2.27054970568104,0.715016154973943,0.219528466253919,0.207214753166224,16.85,1.1541095890411,212.45,3.09468317552804,0,-16.0641,4.11759799833194,1.37608385686463,0.451685660266874,1.30108445697626,0.601283991047423,33.3877563865537,51.0347891166449,14.7976986383577,0.969,3.95608738968062,3.43920674799665,0.832442903389189,0.505112958942417
2008-12-06,0.3,214.36,-5.93,-5.93,238.41,0.7037917920306839,658.41,27.06629,750.88,3.17552224503765,2.27054970568104,0.715016154973943,0.219528466253919,0.207214753166224,16.85,1.1541095890411,212.45,3.09468317552804,0,-16.0641,4.11759799833194,1.37608385686463,0.451685660266874,1.30108445697626,0.601283991047423,33.3877563865537,51.0347891166449,14.7976986383577,0.969,3.95608738968062,3.43920674799665,0.832442903389189,0.505112958942417
2008-12-07,0.49,204.09,-8.45,-8.45,202.4,0.6549173620285531,658.41,27.06629,750.88,3.17552224503765,2.27054970568104,0.715016154973943,0.219528466253919,0.207214753166224,16.85,1.1541095890411,212.45,3.09468317552804,0,-16.0641,4.11759799833194,1.37608385686463,0.451685660266874,1.30108445697626,0.601283991047423,33.3877563865537,51.0347891166449,14.7976986383577,0.969,3.95608738968062,3.43920674799665,0.832442903389189,0.505112958942417
2008-12-08,0.88,211.45,-10.33,-10.33,185.11,0.6093012273598977,658.41,27.06629,750.88,3.17552224503765,2.27054970568104,0.715016154973943,0.219528466253919,0.207214753166224,16.85,1.1541095890411,212.45,3.09468317552804,0,-16.0641,4.11759799833194,1.37608385686463,0.451685660266874,1.30108445697626,0.601283991047423,33.3877563865537,51.0347891166449,14.7976986383577,0.969,3.95608738968062,3.43920674799665,0.832442903389189,0.505112958942417
2008-12-09,4.38,191.46,-6.81,-6.81,271.47,0.6451424760281269,658.41,27.06629,750.88,3.17552224503765,2.27054970568104,0.715016154973943,0.219528466253919,0.207214753166224,16.85,1.1541095890411,212.45,3.09468317552804,0,-16.0641,4.11759799833194,1.37608385686463,0.451685660266874,1.30108445697626,0.601283991047423,33.3877563865537,51.0347891166449,14.7976986383577,0.969,3.95608738968062,3.43920674799665,0.832442903389189,0.505112958942417
2008-12-10,4.43,228.0,-0.28,-0.28,385.08,2.9976317067973577,658.41,27.06629,750.88,3.17552224503765,2.27054970568104,0.715016154973943,0.219528466253919,0.207214753166224,16.85,1.1541095890411,212.45,3.09468317552804,0,-16.0641,4.11759799833194,1.37608385686463,0.451685660266874,1.30108445697626,0.601283991047423,33.3877563865537,51.0347891166449,14.7976986383577,0.969,3.95608738968062,3.43920674799665,0.832442903389189,0.505112958942417
2008-12-11,9.19,215.98,-0.02,-0.02,375.26,2.121150262092478,658.41,27.06629,750.88,3.17552224503765,2.27054970568104,0.715016154973943,0.219528466253919,0.207214753166224,16.85,1.1541095890411,212.45,3.09468317552804,0,-16.0641,4.11759799833194,1.37608385686463,0.451685660266874,1.30108445697626,0.601283991047423,33.3877563865537,51.0347891166449,14.7976986383577,0.969,3.95608738968062,3.43920674799665,0.832442903389189,0.505112958942417
2008-12-12,2.93,204.1,-4.95,-4.95,270.5,1.6161144854037928,658.41,27.06629,750.88,3.17552224503765,2.27054970568104,0.715016154973943,0.219528466253919,0.207214753166224,16.85,1.1541095890411,212.45,3.09468317552804,0,-16.0641,4.11759799833194,1.37608385686463,0.451685660266874,1.30108445697626,0.601283991047423,33.3877563865537,51.0347891166449,14.7976986383577,0.969,3.95608738968062,3.43920674799665,0.832442903389189,0.505112958942417
2008-12-13,0.19,269.63,-7.49,-7.49,230.4,1.3391593820583847,658.41,27.06629,750.88,3.17552224503765,2.27054970568104,0.715016154973943,0.219528466253919,0.207214753166224,16.85,1.1541095890411,212.45,3.09468317552804,0,-16.0641,4.11759799833194,1.37608385686463,0.451685660266874,1.30108445697626,0.601283991047423,33.3877563865537,51.0347891166449,14.7976986383577,0.969,3.95608738968062,3.43920674799665,0.832442903389189,0.505112958942417
2008-12-14,0.0,202.0,-4.65,-4.65,322.22,1.1762446153846153,658.41,27.06629,750.88,3.17552224503765,2.27054970568104,0.715016154973943,0.219528466253919,0.207214753166224,16.85,1.1541095890411,212.45,3.09468317552804,0,-16.0641,4.11759799833194,1.37608385686463,0.451685660266874,1.30108445697626,0.601283991047423,33.3877563865537,51.0347891166449,14.7976986383577,0.969,3.95608738968062,3.43920674799665,0.832442903389189,0.505112958942417
2008-12-15,4.33,219.34,-0.57,-0.57,397.09,2.789100805454933,658.41,27.06629,750.88,3.17552224503765,2.27054970568104,0.715016154973943,0.219528466253919,0.207214753166224,16.85,1.1541095890411,212.45,3.09468317552804,0,-16.0641,4.11759799833194,1.37608385686463,0.451685660266874,1.30108445697626,0.601283991047423,33.3877563865537,51.0347891166449,14.7976986383577,0.969,3.95608738968062,3.43920674799665,0.832442903389189,0.505112958942417
2008-12-16,6.65,230.11,0.54,0.54,367.0,3.5189589601534195,658.41,27.06629,750.88,3.17552224503765,2.27054970568104,0.715016154973943,0.219528466253919,0.207214753166224,16.85,1.1541095890411,212.45,3.09468317552804,0,-16.0641,4.11759799833194,1.37608385686463,0.451685660266874,1.30108445697626,0.601283991047423,33.3877563865537,51.0347891166449,14.7976986383577,0.969,3.95608738968062,3.43920674799665,0.832442903389189,0.505112958942417
2008-12-17,1.48,216.04,-2.04,-2.04,341.24,2.153733215427232,658.41,27.06629,750.88,3.17552224503765,2.27054970568104,0.715016154973943,0.219528466253919,0.207214753166224,16.85,1.1541095890411,212.45,3.09468317552804,0,-16.0641,4.11759799833194,1.37608385686463,0.451685660266874,1.30108445697626,0.601283991047423,33.3877563865537,51.0347891166449,14.7976986383577,0.969,3.95608738968062,3.43920674799665,0.832442903389189,0.505112958942417
2008-12-18,1.89,202.6,-3.35,-3.35,322.33,1.8246453867462178,658.41,27.06629,750.88,3.17552224503765,2.27054970568104,0.715016154973943,0.219528466253919,0.207214753166224,16.85,1.1541095890411,212.45,3.09468317552804,0,-16.0641,4.11759799833194,1.37608385686463,0.451685660266874,1.30108445697626,0.601283991047423,33.3877563865537,51.0347891166449,14.7976986383577,0.969,3.95608738968062,3.43920674799665,0.832442903389189,0.505112958942417
2008-12-19,10.13,227.17,-5.9,-5.9,241.57,1.5411736927338586,658.41,27.06629,750.88,3.17552224503765,2.27054970568104,0.715016154973943,0.219528466253919,0.207214753166224,16.85,1.1541095890411,212.45,3.09468317552804,0,-16.0641,4.11759799833194,1.37608385686463,0.451685660266874,1.30108445697626,0.601283991047423,33.3877563865537,51.0347891166449,14.7976986383577,0.969,3.95608738968062,3.43920674799665,0.832442903389189,0.505112958942417
2008-12-20,3.54,226.23,-7.35,-7.35,205.14,1.5248822160664819,658.41,27.06629,750.88,3.17552224503765,2.27054970568104,0.715016154973943,0.219528466253919,0.207214753166224,16.85,1.1541095890411,212.45,3.09468317552804,0,-16.0641,4.11759799833194,1.37608385686463,0.451685660266874,1.30108445697626,0.601283991047423,33.3877563865537,51.0347891166449,14.7976986383577,0.969,3.95608738968062,3.43920674799665,0.832442903389189,0.505112958942417
2008-12-21,0.59,231.14,-9.32,-9.32,170.34,1.3554508587257617,658.41,27.06629,750.88,3.17552224503765,2.27054970568104,0.715016154973943,0.219528466253919,0.207214753166224,16.85,1.1541095890411,212.45,3.09468317552804,0,-16.0641,4.11759799833194,1.37608385686463,0.451685660266874,1.30108445697626,0.601283991047423,33.3877563865537,51.0347891166449,14.7976986383577,0.969,3.95608738968062,3.43920674799665,0.832442903389189,0.505112958942417
2008-12-22,0.56,236.35,-9.36,-9.36,161.75,0.8601899680375026,658.41,27.06629,750.88,3.17552224503765,2.27054970568104,0.715016154973943,0.219528466253919,0.207214753166224,16.85,1.1541095890411,212.45,3.09468317552804,0,-16.0641,4.11759799833194,1.37608385686463,0.451685660266874,1.30108445697626,0.601283991047423,33.3877563865537,51.0347891166449,14.7976986383577,0.969,3.95608738968062,3.43920674799665,0.832442903389189,0.505112958942417
2008-12-23,2.89,194.86,-10.33,-10.33,185.12,1.0426545067121245,658.41,27.06629,750.88,3.17552224503765,2.27054970568104,0.715016154973943,0.219528466253919,0.207214753166224,16.85,1.1541095890411,212.45,3.09468317552804,0,-16.0641,4.11759799833194,1.37608385686463,0.451685660266874,1.30108445697626,0.601283991047423,33.3877563865537,51.0347891166449,14.7976986383577,0.969,3.95608738968062,3.43920674799665,0.832442903389189,0.505112958942417
2008-12-24,5.8,217.55,-5.83,-5.83,274.45,1.21534415938632,658.41,27.06629,750.88,3.17552224503765,2.27054970568104,0.715016154973943,0.219528466253919,0.207214753166224,16.85,1.1541095890411,212.45,3.09468317552804,0,-16.0641,4.11759799833194,1.37608385686463,0.451685660266874,1.30108445697626,0.601283991047423,33.3877563865537,51.0347891166449,14.7976986383577,0.969,3.95608738968062,3.43920674799665,0.832442903389189,0.505112958942417
2008-12-25,2.08,258.32,-2.17,-2.17,301.57,3.9099544001704665,658.41,27.06629,750.88,3.17552224503765,2.27054970568104,0.715016154973943,0.219528466253919,0.207214753166224,16.85,1.1541095890411,212.45,3.09468317552804,0,-16.0641,4.11759799833194,1.37608385686463,0.451685660266874,1.30108445697626,0.601283991047423,33.3877563865537,51.0347891166449,14.7976986383577,0.969,3.95608738968062,3.43920674799665,0.832442903389189,0.505112958942417
2008-12-26,5.3,230.01,-4.18,-4.18,297.69,2.036434583422118,658.41,27.06629,750.88,3.17552224503765,2.27054970568104,0.715016154973943,0.219528466253919,0.207214753166224,16.85,1.1541095890411,212.45,3.09468317552804,0,-16.0641,4.11759799833194,1.37608385686463,0.451685660266874,1.30108445697626,0.601283991047423,33.3877563865537,51.0347891166449,14.7976986383577,0.969,3.95608738968062,3.43920674799665,0.832442903389189,0.505112958942417
2008-12-27,1.35,225.63,1.24,1.24,516.13,5.213272533560622,658.41,27.06629,750.88,3.17552224503765,2.27054970568104,0.715016154973943,0.219528466253919,0.207214753166224,16.85,1.1541095890411,212.45,3.09468317552804,0,-16.0641,4.11759799833194,1.37608385686463,0.451685660266874,1.30108445697626,0.601283991047423,33.3877563865537,51.0347891166449,14.7976986383577,0.969,3.95608738968062,3.43920674799665,0.832442903389189,0.505112958942417
2008-12-28,0.16,224.21,5.23,5.23,611.85,7.88507470701044,658.41,27.06629,750.88,3.17552224503765,2.27054970568104,0.715016154973943,0.219528466253919,0.207214753166224,16.85,1.1541095890411,212.45,3.09468317552804,0,-16.0641,4.11759799833194,1.37608385686463,0.451685660266874,1.30108445697626,0.601283991047423,33.3877563865537,51.0347891166449,14.7976986383577,0.969,3.95608738968062,3.43920674799665,0.832442903389189,0.505112958942417
2008-12-29,1.66,249.34,3.51,3.51,474.74,4.431281653526528,658.41,27.06629,750.88,3.17552224503765,2.27054970568104,0.715016154973943,0.219528466253919,0.207214753166224,16.85,1.1541095890411,212.45,3.09468317552804,0,-16.0641,4.11759799833194,1.37608385686463,0.451685660266874,1.30108445697626,0.601283991047423,33.3877563865537,51.0347891166449,14.7976986383577,0.969,3.95608738968062,3.43920674799665,0.832442903389189,0.505112958942417
2008-12-30,3.99,224.55,-0.54,-0.54,349.55,3.0465061367994886,658.41,27.06629,750.88,3.17552224503765,2.27054970568104,0.715016154973943,0.219528466253919,0.207214753166224,16.85,1.1541095890411,212.45,3.09468317552804,0,-16.0641,4.11759799833194,1.37608385686463,0.451685660266874,1.30108445697626,0.601283991047423,33.3877563865537,51.0347891166449,14.7976986383577,0.969,3.95608738968062,3.43920674799665,0.832442903389189,0.505112958942417
2008-12-31,0.99,256.21,-7.29,-7.29,203.55,2.4111385467717876,658.41,27.06629,750.88,3.17552224503765,2.27054970568104,0.715016154973943,0.219528466253919,0.207214753166224,16.85,1.1541095890411,212.45,3.09468317552804,0,-16.0641,4.11759799833194,1.37608385686463,0.451685660266874,1.30108445697626,0.601283991047423,33.3877563865537,51.0347891166449,14.7976986383577,0.969,3.95608738968062,3.43920674799665,0.832442903389189,0.505112958942417
